site YYMMMDD yyyy.yyyy __MJD week d reflon _e0(m) __east(m) ____n0(m) _north(m) u0(m) ____up(m) _ant(m) sig_e(m) sig_n(m) sig_u(m) __corr_en __corr_eu __corr_nu
MRYV 10MAY01 2010.3299 55317 1581 6 -121.6    669  0.161094   4334969  0.057016    -4 -0.396355  0.0000 0.000487 0.000606 0.001878  0.044031 -0.022239 -0.069236
MRYV 10MAY02 2010.3326 55318 1582 0 -121.6    669  0.159420   4334969  0.057876    -4 -0.390631  0.0000 0.000489 0.000615 0.001908  0.028451 -0.043919 -0.061454
MRYV 10MAY03 2010.3354 55319 1582 1 -121.6    669  0.161459   4334969  0.058439    -4 -0.393512  0.0000 0.000516 0.000640 0.002016  0.028850 -0.021898 -0.099505
MRYV 10MAY04 2010.3381 55320 1582 2 -121.6    669  0.161926   4334969  0.054486    -4 -0.391420  0.0000 0.000500 0.000629 0.001954  0.066968 -0.045304 -0.040935
MRYV 10MAY05 2010.3409 55321 1582 3 -121.6    669  0.164173   4334969  0.056806    -4 -0.397811  0.0000 0.000495 0.000621 0.001935  0.040558 -0.017205 -0.072939
MRYV 10MAY06 2010.3436 55322 1582 4 -121.6    669  0.163812   4334969  0.056902    -4 -0.401809  0.0000 0.000497 0.000623 0.001955  0.061808 -0.042201 -0.059926
MRYV 10MAY07 2010.3463 55323 1582 5 -121.6    669  0.163142   4334969  0.054213    -4 -0.400993  0.0000 0.000513 0.000640 0.002030  0.061668 -0.046574 -0.078245
MRYV 10MAY08 2010.3491 55324 1582 6 -121.6    669  0.162535   4334969  0.057307    -4 -0.401164  0.0000 0.000501 0.000630 0.001985  0.042395 -0.055251 -0.043605
MRYV 10MAY09 2010.3518 55325 1583 0 -121.6    669  0.162709   4334969  0.054564    -4 -0.404989  0.0000 0.000489 0.000616 0.001934  0.049127 -0.025965 -0.065860
MRYV 10MAY10 2010.3546 55326 1583 1 -121.6    669  0.162227   4334969  0.055962    -4 -0.405114  0.0000 0.000497 0.000619 0.001932  0.033830 -0.047791 -0.049710
MRYV 10MAY11 2010.3573 55327 1583 2 -121.6    669  0.165496   4334969  0.053673    -4 -0.411007  0.0000 0.000493 0.000620 0.001938  0.027777 -0.019887 -0.032525
MRYV 10MAY15 2010.3682 55331 1583 6 -121.6    669  0.161155   4334969  0.057858    -4 -0.404172  0.0000 0.000506 0.000635 0.001998  0.068341 -0.058006 -0.030613
MRYV 10MAY16 2010.3710 55332 1584 0 -121.6    669  0.158329   4334969  0.057077    -4 -0.400363  0.0000 0.000493 0.000630 0.001949  0.060332 -0.050344 -0.035838
MRYV 10MAY17 2010.3737 55333 1584 1 -121.6    669  0.158906   4334969  0.055197    -4 -0.399158  0.0000 0.000490 0.000626 0.001950  0.050135 -0.019300 -0.048108
MRYV 10MAY18 2010.3765 55334 1584 2 -121.6    669  0.160859   4334969  0.056452    -4 -0.399979  0.0000 0.000493 0.000625 0.001954  0.040912 -0.021355 -0.024367
MRYV 10MAY19 2010.3792 55335 1584 3 -121.6    669  0.163216   4334969  0.058142    -4 -0.394249  0.0000 0.000519 0.000643 0.002011  0.017461 -0.036917 -0.075780
MRYV 10MAY20 2010.3819 55336 1584 4 -121.6    669  0.163277   4334969  0.057959    -4 -0.407690  0.0000 0.000512 0.000652 0.002033  0.031037 -0.030726 -0.053022
MRYV 10MAY21 2010.3847 55337 1584 5 -121.6    669  0.162398   4334969  0.059196    -4 -0.401493  0.0000 0.000492 0.000633 0.001938  0.027760 -0.063552 -0.061356
MRYV 10MAY22 2010.3874 55338 1584 6 -121.6    669  0.159865   4334969  0.062650    -4 -0.404551  0.0000 0.000488 0.000634 0.001943  0.007622 -0.007003 -0.069311
MRYV 10MAY24 2010.3929 55340 1585 1 -121.6    669  0.158954   4334969  0.061406    -4 -0.401194  0.0000 0.000494 0.000625 0.001960  0.051391 -0.043729 -0.065115
MRYV 10MAY25 2010.3956 55341 1585 2 -121.6    669  0.161280   4334969  0.061489    -4 -0.405818  0.0000 0.000486 0.000624 0.001931  0.032239 -0.025086 -0.037809
MRYV 10MAY26 2010.3984 55342 1585 3 -121.6    669  0.159599   4334969  0.060563    -4 -0.407187  0.0000 0.000481 0.000616 0.001874  0.023599 -0.029240 -0.041569
MRYV 10MAY27 2010.4011 55343 1585 4 -121.6    669  0.161478   4334969  0.058111    -4 -0.405038  0.0000 0.000477 0.000613 0.001864  0.043530 -0.020343 -0.080158
MRYV 10MAY28 2010.4038 55344 1585 5 -121.6    669  0.161688   4334969  0.057156    -4 -0.405679  0.0000 0.000480 0.000608 0.001883  0.044887 -0.017787 -0.056100
MRYV 10MAY29 2010.4066 55345 1585 6 -121.6    669  0.161113   4334969  0.056294    -4 -0.401485  0.0000 0.000488 0.000614 0.001903  0.034112 -0.043827 -0.031279
MRYV 10MAY30 2010.4093 55346 1586 0 -121.6    669  0.159916   4334969  0.057649    -4 -0.401984  0.0000 0.000490 0.000620 0.001906  0.024667 -0.042965 -0.011286
MRYV 10MAY31 2010.4120 55347 1586 1 -121.6    669  0.158562   4334969  0.058209    -4 -0.391074  0.0000 0.000483 0.000614 0.001896  0.025931 -0.066275 -0.047083
MRYV 10JUN01 2010.4148 55348 1586 2 -121.6    669  0.157600   4334969  0.059041    -4 -0.396933  0.0000 0.000481 0.000613 0.001895  0.026754 -0.038244 -0.032140
MRYV 10JUN02 2010.4175 55349 1586 3 -121.6    669  0.157570   4334969  0.059431    -4 -0.394957  0.0000 0.000485 0.000621 0.001924  0.031102 -0.043415 -0.048197
MRYV 10JUN04 2010.4230 55351 1586 5 -121.6    669  0.158098   4334969  0.057876    -4 -0.390794  0.0000 0.000484 0.000610 0.001889  0.016598 -0.046172 -0.052459
MRYV 10JUN05 2010.4257 55352 1586 6 -121.6    669  0.160054   4334969  0.059045    -4 -0.395867  0.0000 0.000479 0.000610 0.001875  0.036346 -0.051282 -0.041488
MRYV 10JUN06 2010.4285 55353 1587 0 -121.6    669  0.160074   4334969  0.058891    -4 -0.391900  0.0000 0.000479 0.000608 0.001886  0.033816 -0.046203 -0.043435
MRYV 10JUN07 2010.4312 55354 1587 1 -121.6    669  0.157511   4334969  0.060981    -4 -0.400007  0.0000 0.000490 0.000617 0.001945  0.033882 -0.026011 -0.048943
MRYV 10JUN08 2010.4339 55355 1587 2 -121.6    669  0.156434   4334969  0.059693    -4 -0.404052  0.0000 0.000488 0.000610 0.001897  0.034350 -0.061004 -0.079942
MRYV 10JUN09 2010.4367 55356 1587 3 -121.6    669  0.158884   4334969  0.054321    -4 -0.393160  0.0000 0.000477 0.000607 0.001875  0.030529 -0.023463 -0.062479
MRYV 10JUN10 2010.4394 55357 1587 4 -121.6    669  0.161980   4334969  0.059483    -4 -0.418951  0.0000 0.000936 0.001143 0.003703  0.106672 -0.076749  0.042032
MRYV 10JUN11 2010.4422 55358 1587 5 -121.6    669  0.158627   4334969  0.057485    -4 -0.405749  0.0000 0.000480 0.000608 0.001878  0.018178 -0.039219 -0.079328
MRYV 10JUN12 2010.4449 55359 1587 6 -121.6    669  0.160708   4334969  0.058369    -4 -0.408329  0.0000 0.000475 0.000613 0.001894  0.031296 -0.016735 -0.051113
MRYV 10JUN13 2010.4476 55360 1588 0 -121.6    669  0.158284   4334969  0.057077    -4 -0.400271  0.0000 0.000483 0.000610 0.001906  0.036884 -0.067555 -0.064439
MRYV 10JUN14 2010.4504 55361 1588 1 -121.6    669  0.155723   4334969  0.056242    -4 -0.398232  0.0000 0.000478 0.000606 0.001859  0.037676 -0.011764 -0.061386
MRYV 10JUN15 2010.4531 55362 1588 2 -121.6    669  0.156162   4334969  0.058158    -4 -0.405263  0.0000 0.000477 0.000609 0.001879  0.031179 -0.019127 -0.073213
MRYV 10JUN16 2010.4559 55363 1588 3 -121.6    669  0.160615   4334969  0.055198    -4 -0.409973  0.0000 0.000472 0.000608 0.001897  0.041002 -0.028909 -0.073450
MRYV 10JUN17 2010.4586 55364 1588 4 -121.6    669  0.158585   4334969  0.057145    -4 -0.406347  0.0000 0.000487 0.000617 0.001919  0.055843 -0.058798 -0.080536
MRYV 10JUN18 2010.4613 55365 1588 5 -121.6    669  0.158063   4334969  0.055233    -4 -0.409523  0.0000 0.000488 0.000625 0.001911  0.046768 -0.049508 -0.071655
MRYV 10JUN19 2010.4641 55366 1588 6 -121.6    669  0.156846   4334969  0.056783    -4 -0.405982  0.0000 0.000482 0.000613 0.001888  0.046819 -0.030381 -0.079599
MRYV 10JUN20 2010.4668 55367 1589 0 -121.6    669  0.158370   4334969  0.058030    -4 -0.410136  0.0000 0.000480 0.000605 0.001872  0.059156 -0.043605 -0.089256
MRYV 10JUN21 2010.4695 55368 1589 1 -121.6    669  0.159613   4334969  0.057068    -4 -0.414692  0.0000 0.000477 0.000611 0.001891  0.051013 -0.048687 -0.053408
MRYV 10JUN22 2010.4723 55369 1589 2 -121.6    669  0.159152   4334969  0.057465    -4 -0.403442  0.0000 0.000477 0.000610 0.001866  0.050243 -0.031538 -0.075273
MRYV 10JUN23 2010.4750 55370 1589 3 -121.6    669  0.159546   4334969  0.056576    -4 -0.407029  0.0000 0.000479 0.000607 0.001860  0.028499 -0.007834 -0.084915
MRYV 10JUN24 2010.4778 55371 1589 4 -121.6    669  0.158679   4334969  0.059568    -4 -0.404769  0.0000 0.000497 0.000627 0.001908  0.040875 -0.017734 -0.094441
MRYV 10JUN25 2010.4805 55372 1589 5 -121.6    669  0.156625   4334969  0.057025    -4 -0.399615  0.0000 0.000496 0.000619 0.001906  0.057722 -0.056102 -0.117569
MRYV 10JUN26 2010.4832 55373 1589 6 -121.6    669  0.159450   4334969  0.055675    -4 -0.400300  0.0000 0.000474 0.000602 0.001838  0.049802 -0.020420 -0.079160
MRYV 10JUN27 2010.4860 55374 1590 0 -121.6    669  0.157293   4334969  0.055929    -4 -0.398791  0.0000 0.000475 0.000603 0.001846  0.050585 -0.024940 -0.097843
MRYV 10JUN28 2010.4887 55375 1590 1 -121.6    669  0.159540   4334969  0.060121    -4 -0.410464  0.0000 0.000480 0.000602 0.001878  0.054087 -0.045741 -0.083027
MRYV 10JUN29 2010.4914 55376 1590 2 -121.6    669  0.155967   4334969  0.056403    -4 -0.404316  0.0000 0.000479 0.000606 0.001860  0.046226 -0.030002 -0.095401
MRYV 10JUN30 2010.4942 55377 1590 3 -121.6    669  0.159277   4334969  0.057112    -4 -0.400286  0.0000 0.000476 0.000605 0.001853  0.041814 -0.021404 -0.083456
MRYV 10JUL07 2010.5133 55384 1591 3 -121.6    669  0.157116   4334969  0.056431    -4 -0.405346  0.0000 0.000469 0.000599 0.001838  0.051932 -0.020305 -0.071833
MRYV 10JUL08 2010.5161 55385 1591 4 -121.6    669  0.156617   4334969  0.056957    -4 -0.404133  0.0000 0.000471 0.000598 0.001841  0.037494 -0.009070 -0.054677
MRYV 10JUL09 2010.5188 55386 1591 5 -121.6    669  0.158018   4334969  0.052938    -4 -0.400014  0.0000 0.000475 0.000596 0.001850  0.026659 -0.001036 -0.098510
MRYV 10JUL10 2010.5216 55387 1591 6 -121.6    669  0.157822   4334969  0.054831    -4 -0.406940  0.0000 0.000479 0.000611 0.001868  0.046424 -0.028240 -0.082335
MRYV 10JUL11 2010.5243 55388 1592 0 -121.6    669  0.156945   4334969  0.055424    -4 -0.400139  0.0000 0.000478 0.000608 0.001858  0.048424 -0.012656 -0.078306
MRYV 10JUL12 2010.5270 55389 1592 1 -121.6    669  0.158734   4334969  0.052346    -4 -0.393295  0.0000 0.000477 0.000606 0.001867  0.034184  0.001062 -0.072040
MRYV 10JUL13 2010.5298 55390 1592 2 -121.6    669  0.153724   4334969  0.054096    -4 -0.397850  0.0000 0.000477 0.000607 0.001870  0.023473 -0.004227 -0.066626
MRYV 10JUL14 2010.5325 55391 1592 3 -121.6    669  0.154735   4334969  0.055105    -4 -0.398119  0.0000 0.000475 0.000600 0.001853  0.023340 -0.016448 -0.076062
MRYV 10JUL15 2010.5352 55392 1592 4 -121.6    669  0.156526   4334969  0.054524    -4 -0.395757  0.0000 0.000476 0.000599 0.001853  0.033165 -0.013631 -0.086100
MRYV 10JUL16 2010.5380 55393 1592 5 -121.6    669  0.155993   4334969  0.056633    -4 -0.397391  0.0000 0.000476 0.000602 0.001851  0.040149 -0.010830 -0.087953
MRYV 10JUL17 2010.5407 55394 1592 6 -121.6    669  0.154108   4334969  0.053092    -4 -0.408623  0.0000 0.000475 0.000602 0.001869  0.040739  0.003705 -0.054172
MRYV 10JUL18 2010.5435 55395 1593 0 -121.6    669  0.157776   4334969  0.056182    -4 -0.407216  0.0000 0.000478 0.000604 0.001870  0.067405 -0.051082 -0.086220
MRYV 10JUL19 2010.5462 55396 1593 1 -121.6    669  0.156690   4334969  0.056774    -4 -0.397317  0.0000 0.000481 0.000602 0.001891  0.052050 -0.048871 -0.085880
MRYV 10JUL20 2010.5489 55397 1593 2 -121.6    669  0.158908   4334969  0.057114    -4 -0.408354  0.0000 0.000480 0.000606 0.001888  0.057817 -0.061827 -0.098348
MRYV 10JUL21 2010.5517 55398 1593 3 -121.6    669  0.155423   4334969  0.058391    -4 -0.408954  0.0000 0.000480 0.000606 0.001875  0.052427 -0.049301 -0.099215
MRYV 10JUL22 2010.5544 55399 1593 4 -121.6    669  0.155284   4334969  0.053947    -4 -0.409745  0.0000 0.000477 0.000597 0.001844  0.043899 -0.040923 -0.088223
MRYV 10JUL23 2010.5572 55400 1593 5 -121.6    669  0.156601   4334969  0.053188    -4 -0.405765  0.0000 0.000480 0.000604 0.001880  0.044967 -0.036958 -0.059737
MRYV 10JUL24 2010.5599 55401 1593 6 -121.6    669  0.157015   4334969  0.054889    -4 -0.405821  0.0000 0.000481 0.000603 0.001876  0.033820 -0.032976 -0.073281
MRYV 10JUL25 2010.5626 55402 1594 0 -121.6    669  0.156264   4334969  0.054772    -4 -0.400718  0.0000 0.000487 0.000612 0.001902  0.051470 -0.053049 -0.092229
MRYV 10JUL26 2010.5654 55403 1594 1 -121.6    669  0.154828   4334969  0.052904    -4 -0.413315  0.0000 0.000479 0.000601 0.001875  0.050691 -0.043707 -0.059251
MRYV 10JUL27 2010.5681 55404 1594 2 -121.6    669  0.153471   4334969  0.055845    -4 -0.403971  0.0000 0.000473 0.000604 0.001848  0.043842 -0.026436 -0.050221
MRYV 10JUL28 2010.5708 55405 1594 3 -121.6    669  0.153713   4334969  0.055088    -4 -0.407936  0.0000 0.000486 0.000612 0.001902  0.058174 -0.065289 -0.063270
MRYV 10JUL29 2010.5736 55406 1594 4 -121.6    669  0.155288   4334969  0.054697    -4 -0.405819  0.0000 0.000495 0.000618 0.001918  0.033017 -0.019099 -0.076137
MRYV 10JUL30 2010.5763 55407 1594 5 -121.6    669  0.155311   4334969  0.054464    -4 -0.407407  0.0000 0.000498 0.000613 0.001913  0.043298 -0.036796 -0.102015
MRYV 10JUL31 2010.5791 55408 1594 6 -121.6    669  0.154815   4334969  0.053135    -4 -0.404881  0.0000 0.000478 0.000597 0.001863  0.044740 -0.040007 -0.069045
MRYV 10AUG01 2010.5818 55409 1595 0 -121.6    669  0.154144   4334969  0.054092    -4 -0.407327  0.0000 0.000474 0.000597 0.001853  0.046344 -0.007086 -0.054005
MRYV 10AUG02 2010.5845 55410 1595 1 -121.6    669  0.154663   4334969  0.055478    -4 -0.407834  0.0000 0.000481 0.000607 0.001887  0.053205 -0.016794 -0.071678
MRYV 10AUG03 2010.5873 55411 1595 2 -121.6    669  0.153379   4334969  0.053141    -4 -0.397202  0.0000 0.000494 0.000608 0.001877  0.067706 -0.041681 -0.100791
MRYV 10AUG04 2010.5900 55412 1595 3 -121.6    669  0.155184   4334969  0.053635    -4 -0.408132  0.0000 0.000492 0.000620 0.001887  0.058798 -0.002302 -0.082017
MRYV 10AUG05 2010.5927 55413 1595 4 -121.6    669  0.152976   4334969  0.052542    -4 -0.403119  0.0000 0.000478 0.000600 0.001867  0.053066 -0.040035 -0.067256
MRYV 10AUG06 2010.5955 55414 1595 5 -121.6    669  0.153538   4334969  0.055326    -4 -0.412653  0.0000 0.000479 0.000603 0.001866  0.054033 -0.025018 -0.088760
MRYV 10AUG07 2010.5982 55415 1595 6 -121.6    669  0.152994   4334969  0.054736    -4 -0.403300  0.0000 0.000487 0.000606 0.001892  0.044438 -0.056079 -0.083567
MRYV 10AUG08 2010.6010 55416 1596 0 -121.6    669  0.150697   4334969  0.052702    -4 -0.405716  0.0000 0.000476 0.000603 0.001866  0.066698 -0.017274 -0.075035
MRYV 10AUG10 2010.6064 55418 1596 2 -121.6    669  0.153539   4334969  0.053207    -4 -0.398817  0.0000 0.000476 0.000598 0.001861  0.041738 -0.025851 -0.081586
MRYV 10AUG11 2010.6092 55419 1596 3 -121.6    669  0.151806   4334969  0.055216    -4 -0.406090  0.0000 0.000477 0.000596 0.001848  0.047089 -0.050601 -0.088410
MRYV 10AUG12 2010.6119 55420 1596 4 -121.6    669  0.151536   4334969  0.054002    -4 -0.409018  0.0000 0.000477 0.000601 0.001864  0.072138 -0.027085 -0.071494
MRYV 10AUG13 2010.6146 55421 1596 5 -121.6    669  0.153400   4334969  0.055795    -4 -0.406429  0.0000 0.000474 0.000597 0.001849  0.042212 -0.036496 -0.052784
MRYV 10AUG17 2010.6256 55425 1597 2 -121.6    669  0.152409   4334969  0.055111    -4 -0.405067  0.0000 0.000478 0.000595 0.001843  0.041558 -0.018992 -0.083266
MRYV 10AUG19 2010.6311 55427 1597 4 -121.6    669  0.155028   4334969  0.052943    -4 -0.405193  0.0000 0.000495 0.000610 0.001894  0.032292 -0.042545 -0.090197
MRYV 10AUG20 2010.6338 55428 1597 5 -121.6    669  0.153418   4334969  0.055599    -4 -0.405141  0.0000 0.000479 0.000602 0.001859  0.049467 -0.036219 -0.076067
MRYV 10AUG21 2010.6366 55429 1597 6 -121.6    669  0.151819   4334969  0.052820    -4 -0.399725  0.0000 0.000479 0.000594 0.001860  0.033938 -0.015075 -0.074376
MRYV 10AUG22 2010.6393 55430 1598 0 -121.6    669  0.152794   4334969  0.055443    -4 -0.405887  0.0000 0.000475 0.000591 0.001831  0.035754 -0.016826 -0.091369
MRYV 10AUG23 2010.6420 55431 1598 1 -121.6    669  0.154882   4334969  0.052863    -4 -0.405557  0.0000 0.000473 0.000594 0.001838  0.053225 -0.019876 -0.084664
MRYV 10AUG24 2010.6448 55432 1598 2 -121.6    669  0.155281   4334969  0.053199    -4 -0.400657  0.0000 0.000483 0.000617 0.001902  0.074356 -0.037675 -0.084482
MRYV 10AUG25 2010.6475 55433 1598 3 -121.6    669  0.154020   4334969  0.054621    -4 -0.401427  0.0000 0.000484 0.000606 0.001892  0.035247 -0.023018 -0.077735
MRYV 10AUG26 2010.6502 55434 1598 4 -121.6    669  0.153864   4334969  0.055467    -4 -0.405489  0.0000 0.000495 0.000610 0.001919  0.062993 -0.016013 -0.119973
MRYV 10AUG28 2010.6557 55436 1598 6 -121.6    669  0.152924   4334969  0.055136    -4 -0.403074  0.0000 0.000472 0.000581 0.001834  0.055564 -0.047745 -0.068416
MRYV 10AUG29 2010.6585 55437 1599 0 -121.6    669  0.154709   4334969  0.053251    -4 -0.411282  0.0000 0.000470 0.000584 0.001824  0.056709 -0.026272 -0.068655
MRYV 10AUG30 2010.6612 55438 1599 1 -121.6    669  0.153301   4334969  0.053602    -4 -0.409948  0.0000 0.000475 0.000594 0.001837  0.045731 -0.027020 -0.089766
MRYV 10AUG31 2010.6639 55439 1599 2 -121.6    669  0.153124   4334969  0.053469    -4 -0.404121  0.0000 0.000472 0.000593 0.001831  0.030440 -0.015092 -0.095576
MRYV 10SEP01 2010.6667 55440 1599 3 -121.6    669  0.153071   4334969  0.052945    -4 -0.399995  0.0000 0.000472 0.000583 0.001808  0.051319 -0.006083 -0.066365
MRYV 10SEP02 2010.6694 55441 1599 4 -121.6    669  0.152852   4334969  0.054393    -4 -0.395558  0.0000 0.000475 0.000579 0.001831  0.046249 -0.029123 -0.076003
MRYV 10SEP03 2010.6721 55442 1599 5 -121.6    669  0.152301   4334969  0.054974    -4 -0.396217  0.0000 0.000471 0.000590 0.001843  0.059243  0.004863 -0.074761
MRYV 10SEP04 2010.6749 55443 1599 6 -121.6    669  0.151097   4334969  0.056311    -4 -0.402786  0.0000 0.000470 0.000583 0.001802  0.058614 -0.018517 -0.074501
MRYV 10SEP05 2010.6776 55444 1600 0 -121.6    669  0.152787   4334969  0.053727    -4 -0.400618  0.0000 0.000471 0.000582 0.001814  0.049824 -0.009842 -0.087635
MRYV 10SEP06 2010.6804 55445 1600 1 -121.6    669  0.154476   4334969  0.055138    -4 -0.392921  0.0000 0.000469 0.000583 0.001798  0.039904  0.004217 -0.073326
MRYV 10SEP07 2010.6831 55446 1600 2 -121.6    669  0.151755   4334969  0.054610    -4 -0.393771  0.0000 0.000468 0.000579 0.001803  0.041548  0.000098 -0.064613
MRYV 10SEP08 2010.6858 55447 1600 3 -121.6    669  0.150948   4334969  0.055432    -4 -0.396670  0.0000 0.000470 0.000584 0.001813  0.051047 -0.020511 -0.059397
MRYV 10SEP09 2010.6886 55448 1600 4 -121.6    669  0.152575   4334969  0.052414    -4 -0.404604  0.0000 0.000472 0.000584 0.001835  0.049205 -0.008822 -0.069376
MRYV 10SEP10 2010.6913 55449 1600 5 -121.6    669  0.151578   4334969  0.057119    -4 -0.404425  0.0000 0.000475 0.000585 0.001833  0.063007 -0.032706 -0.086140
MRYV 10SEP11 2010.6940 55450 1600 6 -121.6    669  0.148426   4334969  0.057686    -4 -0.397085  0.0000 0.000480 0.000586 0.001834  0.023471  0.020329 -0.088405
MRYV 10SEP12 2010.6968 55451 1601 0 -121.6    669  0.149728   4334969  0.054945    -4 -0.399566  0.0000 0.000469 0.000584 0.001815  0.045199 -0.006738 -0.078862
MRYV 10SEP13 2010.6995 55452 1601 1 -121.6    669  0.148287   4334969  0.056602    -4 -0.402986  0.0000 0.000470 0.000586 0.001829  0.057310 -0.008359 -0.067576
MRYV 10SEP14 2010.7023 55453 1601 2 -121.6    669  0.150993   4334969  0.056055    -4 -0.398798  0.0000 0.000469 0.000581 0.001828  0.053215 -0.009969 -0.080410
MRYV 10SEP15 2010.7050 55454 1601 3 -121.6    669  0.152645   4334969  0.055786    -4 -0.400883  0.0000 0.000471 0.000582 0.001818  0.046359  0.000933 -0.075812
MRYV 10SEP16 2010.7077 55455 1601 4 -121.6    669  0.152076   4334969  0.054237    -4 -0.395534  0.0000 0.000471 0.000585 0.001836  0.065229 -0.021033 -0.077842
MRYV 10SEP17 2010.7105 55456 1601 5 -121.6    669  0.150260   4334969  0.056188    -4 -0.397099  0.0000 0.000468 0.000578 0.001806  0.044992  0.018591 -0.103778
MRYV 10SEP18 2010.7132 55457 1601 6 -121.6    669  0.151943   4334969  0.056623    -4 -0.395589  0.0000 0.000470 0.000589 0.001840  0.028421  0.015406 -0.068093
MRYV 10SEP19 2010.7159 55458 1602 0 -121.6    669  0.150607   4334969  0.056615    -4 -0.393681  0.0000 0.000477 0.000590 0.001876  0.047688 -0.011856 -0.101287
MRYV 10SEP20 2010.7187 55459 1602 1 -121.6    669  0.150109   4334969  0.057801    -4 -0.395496  0.0000 0.000473 0.000580 0.001818  0.057465 -0.024780 -0.103926
MRYV 10SEP21 2010.7214 55460 1602 2 -121.6    669  0.151566   4334969  0.056649    -4 -0.399584  0.0000 0.000481 0.000583 0.001836  0.054915 -0.022187 -0.099665
MRYV 10SEP22 2010.7242 55461 1602 3 -121.6    669  0.151632   4334969  0.057907    -4 -0.401958  0.0000 0.000488 0.000591 0.001865  0.056599 -0.033965 -0.104603
MRYV 10SEP23 2010.7269 55462 1602 4 -121.6    669  0.150478   4334969  0.053508    -4 -0.400215  0.0000 0.000476 0.000601 0.001871  0.025093  0.011484 -0.074894
MRYV 10SEP24 2010.7296 55463 1602 5 -121.6    669  0.150691   4334969  0.055611    -4 -0.399515  0.0000 0.000474 0.000588 0.001833  0.040024  0.005332 -0.070657
MRYV 10SEP25 2010.7324 55464 1602 6 -121.6    669  0.151098   4334969  0.054889    -4 -0.394610  0.0000 0.000468 0.000586 0.001820  0.052431 -0.005577 -0.077955
MRYV 10SEP26 2010.7351 55465 1603 0 -121.6    669  0.151075   4334969  0.053915    -4 -0.392681  0.0000 0.000468 0.000581 0.001816  0.047336  0.012432 -0.079599
MRYV 10SEP27 2010.7379 55466 1603 1 -121.6    669  0.152724   4334969  0.054587    -4 -0.395345  0.0000 0.000489 0.000607 0.001857  0.037947 -0.024349 -0.093098
MRYV 10SEP28 2010.7406 55467 1603 2 -121.6    669  0.150415   4334969  0.053411    -4 -0.397085  0.0000 0.000483 0.000597 0.001825  0.059465 -0.007545 -0.119764
MRYV 10SEP29 2010.7433 55468 1603 3 -121.6    669  0.148618   4334969  0.056173    -4 -0.387526  0.0000 0.000472 0.000588 0.001813  0.033549 -0.019606 -0.071289
MRYV 10SEP30 2010.7461 55469 1603 4 -121.6    669  0.147196   4334969  0.056067    -4 -0.386100  0.0000 0.000480 0.000603 0.001867  0.033381  0.010784 -0.086465
MRYV 10OCT01 2010.7488 55470 1603 5 -121.6    669  0.149755   4334969  0.056440    -4 -0.387629  0.0000 0.000483 0.000601 0.001883  0.040533 -0.003656 -0.083482
MRYV 10OCT03 2010.7543 55472 1604 0 -121.6    669  0.150713   4334969  0.054761    -4 -0.397095  0.0000 0.000480 0.000602 0.001871  0.029550 -0.009554 -0.056015
MRYV 10OCT08 2010.7680 55477 1604 5 -121.6    669  0.149166   4334969  0.056443    -4 -0.396753  0.0000 0.000485 0.000601 0.001878  0.079071 -0.030350 -0.054569
MRYV 10OCT10 2010.7734 55479 1605 0 -121.6    669  0.146983   4334969  0.057940    -4 -0.387585  0.0000 0.000481 0.000591 0.001847  0.070229 -0.011720 -0.072837
MRYV 10OCT11 2010.7762 55480 1605 1 -121.6    669  0.149757   4334969  0.055180    -4 -0.397274  0.0000 0.000481 0.000597 0.001862  0.070976 -0.023475 -0.046296
MRYV 10OCT21 2010.8036 55490 1606 4 -121.6    669  0.149260   4334969  0.058789    -4 -0.393400  0.0000 0.000475 0.000591 0.001856  0.020887  0.009290 -0.054408
MRYV 10OCT27 2010.8200 55496 1607 3 -121.6    669  0.147375   4334969  0.057612    -4 -0.398892  0.0000 0.000468 0.000577 0.001801  0.010710  0.018314 -0.064322
MRYV 10NOV01 2010.8337 55501 1608 1 -121.6    669  0.149958   4334969  0.052521    -4 -0.387332  0.0000 0.000476 0.000583 0.001811  0.033459  0.020401 -0.056996
MRYV 10NOV02 2010.8364 55502 1608 2 -121.6    669  0.146086   4334969  0.055256    -4 -0.395068  0.0000 0.000462 0.000577 0.001786  0.014980  0.024364 -0.050178
MRYV 10NOV03 2010.8392 55503 1608 3 -121.6    669  0.150747   4334969  0.055573    -4 -0.390546  0.0000 0.000462 0.000580 0.001799  0.028383  0.007844 -0.057352
MRYV 10NOV04 2010.8419 55504 1608 4 -121.6    669  0.149890   4334969  0.055538    -4 -0.388460  0.0000 0.000461 0.000582 0.001809  0.043403  0.013605 -0.059842
MRYV 10NOV05 2010.8446 55505 1608 5 -121.6    669  0.148057   4334969  0.055522    -4 -0.389041  0.0000 0.000472 0.000589 0.001825  0.018867  0.001483 -0.024570
MRYV 10NOV06 2010.8474 55506 1608 6 -121.6    669  0.148628   4334969  0.056810    -4 -0.388005  0.0000 0.000462 0.000581 0.001804  0.037200  0.005042 -0.070897
MRYV 10NOV07 2010.8501 55507 1609 0 -121.6    669  0.148129   4334969  0.056057    -4 -0.386333  0.0000 0.000463 0.000584 0.001805  0.027369  0.016516 -0.060937
MRYV 10NOV08 2010.8528 55508 1609 1 -121.6    669  0.146480   4334969  0.058583    -4 -0.402800  0.0000 0.000460 0.000578 0.001793  0.015624  0.014480 -0.063923
MRYV 10NOV09 2010.8556 55509 1609 2 -121.6    669  0.149227   4334969  0.055410    -4 -0.399609  0.0000 0.000468 0.000580 0.001820  0.039540  0.003398 -0.069239
MRYV 10NOV10 2010.8583 55510 1609 3 -121.6    669  0.146658   4334969  0.056883    -4 -0.394662  0.0000 0.000465 0.000582 0.001797  0.029672 -0.011001 -0.085151
MRYV 10NOV11 2010.8611 55511 1609 4 -121.6    669  0.148251   4334969  0.056979    -4 -0.392016  0.0000 0.000457 0.000574 0.001776  0.022371  0.017971 -0.072640
MRYV 10NOV12 2010.8638 55512 1609 5 -121.6    669  0.147788   4334969  0.055997    -4 -0.385993  0.0000 0.000459 0.000569 0.001768  0.025219 -0.001138 -0.078306
MRYV 10NOV13 2010.8665 55513 1609 6 -121.6    669  0.148840   4334969  0.056228    -4 -0.390337  0.0000 0.000460 0.000575 0.001782  0.035584  0.022071 -0.081023
MRYV 10NOV14 2010.8693 55514 1610 0 -121.6    669  0.148953   4334969  0.056533    -4 -0.388636  0.0000 0.000471 0.000582 0.001813  0.041983 -0.000100 -0.051790
MRYV 10NOV15 2010.8720 55515 1610 1 -121.6    669  0.147853   4334969  0.057499    -4 -0.393470  0.0000 0.000470 0.000578 0.001791  0.044592 -0.006553 -0.060616
MRYV 10NOV16 2010.8747 55516 1610 2 -121.6    669  0.148224   4334969  0.056337    -4 -0.395439  0.0000 0.000479 0.000590 0.001842  0.042357 -0.010675 -0.057693
MRYV 10NOV17 2010.8775 55517 1610 3 -121.6    669  0.147205   4334969  0.058007    -4 -0.391117  0.0000 0.000476 0.000601 0.001866  0.022092  0.020979 -0.044155
MRYV 10NOV18 2010.8802 55518 1610 4 -121.6    669  0.148229   4334969  0.056775    -4 -0.392195  0.0000 0.000471 0.000594 0.001836  0.009541  0.018415 -0.030419
MRYV 10NOV19 2010.8830 55519 1610 5 -121.6    669  0.146132   4334969  0.058561    -4 -0.394000  0.0000 0.000477 0.000608 0.001862  0.019933  0.016339 -0.066749
MRYV 10NOV21 2010.8884 55521 1611 0 -121.6    669  0.148994   4334969  0.055732    -4 -0.405472  0.0000 0.000481 0.000598 0.001863  0.007332  0.029981 -0.013881
MRYV 10NOV22 2010.8912 55522 1611 1 -121.6    669  0.146906   4334969  0.056121    -4 -0.401179  0.0000 0.000488 0.000603 0.001893  0.004453  0.010621 -0.010260
MRYV 10NOV23 2010.8939 55523 1611 2 -121.6    669  0.144869   4334969  0.059043    -4 -0.397657  0.0000 0.000468 0.000597 0.001838  0.029880  0.009632 -0.014462
MRYV 10NOV24 2010.8966 55524 1611 3 -121.6    669  0.148026   4334969  0.054566    -4 -0.400904  0.0000 0.000468 0.000590 0.001845  0.023135  0.019140 -0.025750
MRYV 10NOV25 2010.8994 55525 1611 4 -121.6    669  0.148933   4334969  0.051894    -4 -0.394329  0.0000 0.000464 0.000588 0.001810  0.030450  0.003718 -0.024152
MRYV 10NOV26 2010.9021 55526 1611 5 -121.6    669  0.146693   4334969  0.053974    -4 -0.394158  0.0000 0.000471 0.000587 0.001831  0.020524 -0.005928 -0.028390
MRYV 10NOV27 2010.9049 55527 1611 6 -121.6    669  0.148596   4334969  0.056117    -4 -0.400110  0.0000 0.000468 0.000582 0.001827  0.015427 -0.001228 -0.041764
MRYV 10NOV28 2010.9076 55528 1612 0 -121.6    669  0.148250   4334969  0.057376    -4 -0.402716  0.0000 0.000466 0.000586 0.001806  0.016165  0.014249 -0.051124
MRYV 10NOV29 2010.9103 55529 1612 1 -121.6    669  0.148589   4334969  0.054476    -4 -0.396937  0.0000 0.000464 0.000584 0.001820  0.025799 -0.002495 -0.043747
MRYV 10NOV30 2010.9131 55530 1612 2 -121.6    669  0.147850   4334969  0.054426    -4 -0.393009  0.0000 0.000467 0.000586 0.001818  0.026094  0.005870 -0.035219
MRYV 10DEC01 2010.9158 55531 1612 3 -121.6    669  0.146807   4334969  0.055653    -4 -0.388483  0.0000 0.000474 0.000590 0.001855  0.040857 -0.019761 -0.049734
MRYV 10DEC02 2010.9185 55532 1612 4 -121.6    669  0.146952   4334969  0.054460    -4 -0.387104  0.0000 0.000467 0.000591 0.001837  0.017568  0.001822 -0.021304
MRYV 10DEC04 2010.9240 55534 1612 6 -121.6    669  0.149023   4334969  0.057071    -4 -0.397481  0.0000 0.000470 0.000595 0.001841  0.015318 -0.001115 -0.033605
MRYV 10DEC05 2010.9268 55535 1613 0 -121.6    669  0.150138   4334969  0.054448    -4 -0.387628  0.0000 0.000474 0.000600 0.001889  0.014775 -0.003764 -0.026698
MRYV 10DEC06 2010.9295 55536 1613 1 -121.6    669  0.147156   4334969  0.057371    -4 -0.386754  0.0000 0.000468 0.000598 0.001843  0.027181  0.012185 -0.032291
MRYV 10DEC07 2010.9322 55537 1613 2 -121.6    669  0.148132   4334969  0.054763    -4 -0.392403  0.0000 0.000474 0.000588 0.001857  0.024512 -0.001440 -0.046048
MRYV 10DEC08 2010.9350 55538 1613 3 -121.6    669  0.148072   4334969  0.055862    -4 -0.395313  0.0000 0.000470 0.000584 0.001846  0.019042 -0.006204 -0.043385
MRYV 10DEC09 2010.9377 55539 1613 4 -121.6    669  0.150440   4334969  0.052987    -4 -0.397379  0.0000 0.000469 0.000592 0.001852  0.027677  0.006869 -0.023536
MRYV 10DEC10 2010.9405 55540 1613 5 -121.6    669  0.149711   4334969  0.054158    -4 -0.390136  0.0000 0.000473 0.000601 0.001889  0.014789  0.003520 -0.026427
MRYV 10DEC11 2010.9432 55541 1613 6 -121.6    669  0.150438   4334969  0.053573    -4 -0.390544  0.0000 0.000472 0.000595 0.001852  0.011000 -0.011907 -0.023808
MRYV 10DEC12 2010.9459 55542 1614 0 -121.6    669  0.148858   4334969  0.052687    -4 -0.386527  0.0000 0.000468 0.000588 0.001843  0.022008 -0.006277 -0.025551
MRYV 10DEC13 2010.9487 55543 1614 1 -121.6    669  0.147410   4334969  0.053236    -4 -0.385296  0.0000 0.000468 0.000593 0.001866  0.020446  0.012905 -0.024321
MRYV 10DEC14 2010.9514 55544 1614 2 -121.6    669  0.148083   4334969  0.055511    -4 -0.384847  0.0000 0.000470 0.000596 0.001876  0.014755  0.012893 -0.044441
MRYV 10DEC15 2010.9541 55545 1614 3 -121.6    669  0.146643   4334969  0.055439    -4 -0.389505  0.0000 0.000469 0.000584 0.001839  0.019178 -0.001273 -0.048763
MRYV 10DEC16 2010.9569 55546 1614 4 -121.6    669  0.149448   4334969  0.054587    -4 -0.397550  0.0000 0.000465 0.000585 0.001825  0.030427  0.006134 -0.046493
MRYV 10DEC17 2010.9596 55547 1614 5 -121.6    669  0.149876   4334969  0.055293    -4 -0.396667  0.0000 0.000471 0.000600 0.001869  0.031551 -0.016955 -0.073424
MRYV 10DEC18 2010.9624 55548 1614 6 -121.6    669  0.148381   4334969  0.055118    -4 -0.395146  0.0000 0.000471 0.000582 0.001847  0.021944 -0.005784 -0.043375
MRYV 10DEC19 2010.9651 55549 1615 0 -121.6    669  0.150831   4334969  0.056472    -4 -0.388890  0.0000 0.000470 0.000586 0.001848  0.028078 -0.003943 -0.059505
MRYV 10DEC20 2010.9678 55550 1615 1 -121.6    669  0.148944   4334969  0.055912    -4 -0.398038  0.0000 0.000467 0.000584 0.001829  0.032677 -0.011505 -0.069876
MRYV 10DEC21 2010.9706 55551 1615 2 -121.6    669  0.151174   4334969  0.057130    -4 -0.397855  0.0000 0.000470 0.000590 0.001848  0.035229 -0.011314 -0.064416
MRYV 10DEC22 2010.9733 55552 1615 3 -121.6    669  0.148034   4334969  0.055633    -4 -0.397412  0.0000 0.000473 0.000587 0.001840  0.042927 -0.011240 -0.068473
MRYV 10DEC24 2010.9788 55554 1615 5 -121.6    669  0.149470   4334969  0.054758    -4 -0.396645  0.0000 0.000472 0.000586 0.001850  0.043936 -0.028841 -0.069995
MRYV 10DEC25 2010.9815 55555 1615 6 -121.6    669  0.153114   4334969  0.055912    -4 -0.399320  0.0000 0.000456 0.000571 0.001790  0.026243  0.004185 -0.086316
MRYV 10DEC26 2010.9843 55556 1616 0 -121.6    669  0.152230   4334969  0.053096    -4 -0.398614  0.0000 0.000460 0.000580 0.001806  0.036817 -0.002252 -0.069333
MRYV 10DEC28 2010.9897 55558 1616 2 -121.6    669  0.149842   4334969  0.052858    -4 -0.392883  0.0000 0.000466 0.000595 0.001840  0.024673 -0.001227 -0.073557
MRYV 10DEC29 2010.9925 55559 1616 3 -121.6    669  0.147888   4334969  0.054297    -4 -0.393039  0.0000 0.000468 0.000597 0.001853  0.027249  0.014967 -0.074026
MRYV 11JAN04 2011.0089 55565 1617 2 -121.6    669  0.149491   4334969  0.052416    -4 -0.401009  0.0000 0.000470 0.000594 0.001849  0.027871  0.015579 -0.077274
MRYV 11JAN06 2011.0144 55567 1617 4 -121.6    669  0.148709   4334969  0.053005    -4 -0.392173  0.0000 0.000467 0.000580 0.001831  0.040042  0.007173 -0.086128
MRYV 11JAN07 2011.0171 55568 1617 5 -121.6    669  0.149140   4334969  0.054025    -4 -0.395811  0.0000 0.000462 0.000580 0.001823  0.024528 -0.011846 -0.051582
MRYV 11JAN08 2011.0198 55569 1617 6 -121.6    669  0.149032   4334969  0.056387    -4 -0.389444  0.0000 0.000464 0.000591 0.001857  0.027696  0.012369 -0.079066
MRYV 11JAN10 2011.0253 55571 1618 1 -121.6    669  0.149797   4334969  0.055297    -4 -0.402161  0.0000 0.000478 0.000605 0.001867  0.022813  0.007306 -0.083563
MRYV 11JAN12 2011.0308 55573 1618 3 -121.6    669  0.149459   4334969  0.053859    -4 -0.396320  0.0000 0.000465 0.000589 0.001819  0.035422  0.014841 -0.080101
MRYV 11JAN13 2011.0335 55574 1618 4 -121.6    669  0.147947   4334969  0.055399    -4 -0.390549  0.0000 0.000464 0.000585 0.001836  0.044226 -0.019410 -0.086544
MRYV 11JAN14 2011.0363 55575 1618 5 -121.6    669  0.149212   4334969  0.052679    -4 -0.395714  0.0000 0.000462 0.000597 0.001844  0.026041  0.009481 -0.073968
MRYV 11JAN15 2011.0390 55576 1618 6 -121.6    669  0.148052   4334969  0.053867    -4 -0.393402  0.0000 0.000459 0.000590 0.001814  0.014888  0.013934 -0.078139
MRYV 11JAN16 2011.0418 55577 1619 0 -121.6    669  0.147581   4334969  0.055363    -4 -0.384750  0.0000 0.000460 0.000589 0.001819  0.028491  0.013222 -0.074066
MRYV 11JAN17 2011.0445 55578 1619 1 -121.6    669  0.149096   4334969  0.054946    -4 -0.385577  0.0000 0.000459 0.000587 0.001827  0.033307  0.016119 -0.081667
MRYV 11JAN18 2011.0472 55579 1619 2 -121.6    669  0.148922   4334969  0.054893    -4 -0.391880  0.0000 0.000474 0.000598 0.001867  0.030970  0.002538 -0.082535
MRYV 11JAN19 2011.0500 55580 1619 3 -121.6    669  0.150184   4334969  0.054089    -4 -0.395915  0.0000 0.000469 0.000596 0.001852  0.019542  0.003092 -0.092442
MRYV 11JAN20 2011.0527 55581 1619 4 -121.6    669  0.149791   4334969  0.053466    -4 -0.391902  0.0000 0.000460 0.000588 0.001815  0.023575  0.002424 -0.067632
MRYV 11JAN21 2011.0554 55582 1619 5 -121.6    669  0.147845   4334969  0.053151    -4 -0.386093  0.0000 0.000460 0.000588 0.001828  0.015226  0.009629 -0.053283
MRYV 11JAN22 2011.0582 55583 1619 6 -121.6    669  0.147002   4334969  0.057936    -4 -0.388717  0.0000 0.000456 0.000574 0.001784  0.023868  0.005336 -0.087898
MRYV 11JAN23 2011.0609 55584 1620 0 -121.6    669  0.145858   4334969  0.055263    -4 -0.394434  0.0000 0.000458 0.000579 0.001814  0.027217  0.002861 -0.072415
MRYV 11JAN24 2011.0637 55585 1620 1 -121.6    669  0.148668   4334969  0.056474    -4 -0.389239  0.0000 0.000459 0.000582 0.001813  0.027247  0.005879 -0.070265
MRYV 11JAN25 2011.0664 55586 1620 2 -121.6    669  0.146701   4334969  0.055243    -4 -0.391545  0.0000 0.000461 0.000584 0.001826  0.028712  0.005171 -0.073457
MRYV 11JAN26 2011.0691 55587 1620 3 -121.6    669  0.146528   4334969  0.054998    -4 -0.393353  0.0000 0.000465 0.000606 0.001885 -0.002491  0.012894 -0.062943
MRYV 11JAN27 2011.0719 55588 1620 4 -121.6    669  0.148110   4334969  0.054999    -4 -0.393953  0.0000 0.000460 0.000581 0.001830  0.018006 -0.008313 -0.080217
MRYV 11JAN28 2011.0746 55589 1620 5 -121.6    669  0.147651   4334969  0.056819    -4 -0.392586  0.0000 0.000461 0.000581 0.001814  0.023950  0.003183 -0.075214
MRYV 11JAN29 2011.0773 55590 1620 6 -121.6    669  0.147379   4334969  0.053984    -4 -0.400888  0.0000 0.000463 0.000581 0.001830  0.029669 -0.028135 -0.075086
MRYV 11JAN31 2011.0828 55592 1621 1 -121.6    669  0.147627   4334969  0.055287    -4 -0.396848  0.0000 0.000457 0.000578 0.001799  0.026084  0.009873 -0.086782
MRYV 11FEB01 2011.0856 55593 1621 2 -121.6    669  0.148043   4334969  0.054761    -4 -0.394587  0.0000 0.000463 0.000585 0.001842  0.014191 -0.002664 -0.056499
MRYV 11FEB02 2011.0883 55594 1621 3 -121.6    669  0.148289   4334969  0.053640    -4 -0.393149  0.0000 0.000465 0.000580 0.001830  0.010056 -0.005317 -0.056218
MRYV 11FEB03 2011.0910 55595 1621 4 -121.6    669  0.145506   4334969  0.053375    -4 -0.396884  0.0000 0.000470 0.000587 0.001861  0.031042 -0.028183 -0.072669
MRYV 11FEB04 2011.0938 55596 1621 5 -121.6    669  0.147728   4334969  0.054961    -4 -0.396687  0.0000 0.000461 0.000585 0.001831  0.026042 -0.018026 -0.063785
MRYV 11FEB05 2011.0965 55597 1621 6 -121.6    669  0.145481   4334969  0.054165    -4 -0.389896  0.0000 0.000460 0.000584 0.001838  0.035473 -0.002796 -0.064685
MRYV 11FEB07 2011.1020 55599 1622 1 -121.6    669  0.147367   4334969  0.057336    -4 -0.395045  0.0000 0.000462 0.000586 0.001846  0.022270 -0.015003 -0.080606
MRYV 11FEB08 2011.1047 55600 1622 2 -121.6    669  0.147364   4334969  0.056850    -4 -0.397379  0.0000 0.000463 0.000586 0.001865  0.040179 -0.013454 -0.074559
MRYV 11FEB09 2011.1075 55601 1622 3 -121.6    669  0.147439   4334969  0.056857    -4 -0.398893  0.0000 0.000468 0.000581 0.001862  0.039909 -0.045150 -0.097157
MRYV 11FEB10 2011.1102 55602 1622 4 -121.6    669  0.146741   4334969  0.053458    -4 -0.399403  0.0000 0.000466 0.000584 0.001839  0.048783 -0.016475 -0.078027
MRYV 11FEB11 2011.1129 55603 1622 5 -121.6    669  0.149021   4334969  0.055519    -4 -0.389282  0.0000 0.000460 0.000580 0.001852  0.026073 -0.003992 -0.065614
MRYV 11FEB12 2011.1157 55604 1622 6 -121.6    669  0.147451   4334969  0.052791    -4 -0.390675  0.0000 0.000466 0.000580 0.001840  0.015915 -0.006090 -0.082192
MRYV 11FEB13 2011.1184 55605 1623 0 -121.6    669  0.148534   4334969  0.053404    -4 -0.393638  0.0000 0.000466 0.000585 0.001866  0.032316 -0.032568 -0.094493
MRYV 11FEB14 2011.1211 55606 1623 1 -121.6    669  0.147703   4334969  0.055132    -4 -0.397428  0.0000 0.000462 0.000580 0.001836  0.035776 -0.043000 -0.080849
MRYV 11FEB15 2011.1239 55607 1623 2 -121.6    669  0.148133   4334969  0.054568    -4 -0.403168  0.0000 0.000473 0.000581 0.001859 -0.000839 -0.007126 -0.074789
MRYV 11FEB16 2011.1266 55608 1623 3 -121.6    669  0.145930   4334969  0.055276    -4 -0.396567  0.0000 0.000468 0.000584 0.001849  0.020618  0.008919 -0.067571
MRYV 11FEB17 2011.1294 55609 1623 4 -121.6    669  0.148367   4334969  0.053678    -4 -0.398992  0.0000 0.000462 0.000579 0.001825  0.010329 -0.002219 -0.083998
MRYV 11FEB18 2011.1321 55610 1623 5 -121.6    669  0.147948   4334969  0.054515    -4 -0.407652  0.0000 0.000461 0.000581 0.001838  0.016425 -0.010956 -0.084398
MRYV 11FEB19 2011.1348 55611 1623 6 -121.6    669  0.147215   4334969  0.054293    -4 -0.408041  0.0000 0.000457 0.000583 0.001820  0.023086 -0.009335 -0.064558
MRYV 11FEB20 2011.1376 55612 1624 0 -121.6    669  0.146580   4334969  0.052191    -4 -0.405068  0.0000 0.000458 0.000574 0.001820  0.021897 -0.021336 -0.067555
MRYV 11FEB21 2011.1403 55613 1624 1 -121.6    669  0.145028   4334969  0.054675    -4 -0.403359  0.0000 0.000457 0.000580 0.001824  0.018259 -0.022981 -0.082998
MRYV 11FEB24 2011.1485 55616 1624 4 -121.6    669  0.147294   4334969  0.055436    -4 -0.399209  0.0000 0.000462 0.000582 0.001839  0.009842 -0.016571 -0.078746
MRYV 11FEB25 2011.1513 55617 1624 5 -121.6    669  0.147366   4334969  0.057835    -4 -0.403887  0.0000 0.000463 0.000584 0.001841  0.032317 -0.034748 -0.083279
MRYV 11FEB26 2011.1540 55618 1624 6 -121.6    669  0.143280   4334969  0.057298    -4 -0.411165  0.0000 0.000459 0.000577 0.001820  0.013602 -0.012504 -0.066646
MRYV 11FEB27 2011.1567 55619 1625 0 -121.6    669  0.144112   4334969  0.056628    -4 -0.401580  0.0000 0.000455 0.000577 0.001803  0.014626 -0.004531 -0.054599
MRYV 11FEB28 2011.1595 55620 1625 1 -121.6    669  0.142780   4334969  0.055877    -4 -0.398538  0.0000 0.000463 0.000577 0.001849  0.016207 -0.022911 -0.072973
MRYV 11MAR01 2011.1622 55621 1625 2 -121.6    669  0.143716   4334969  0.054841    -4 -0.396164  0.0000 0.000464 0.000584 0.001855  0.001966 -0.030150 -0.067821
MRYV 11MAR02 2011.1650 55622 1625 3 -121.6    669  0.143094   4334969  0.058078    -4 -0.396865  0.0000 0.000462 0.000581 0.001845  0.005310 -0.009058 -0.069678
MRYV 11MAR03 2011.1677 55623 1625 4 -121.6    669  0.145481   4334969  0.055995    -4 -0.402286  0.0000 0.000457 0.000577 0.001815  0.003384 -0.003527 -0.058837
MRYV 11MAR04 2011.1704 55624 1625 5 -121.6    669  0.144086   4334969  0.054157    -4 -0.402235  0.0000 0.000452 0.000576 0.001812  0.013125  0.015551 -0.059689
MRYV 11MAR05 2011.1732 55625 1625 6 -121.6    669  0.146538   4334969  0.056178    -4 -0.399476  0.0000 0.000456 0.000582 0.001844  0.020298 -0.003927 -0.031608
MRYV 11MAR06 2011.1759 55626 1626 0 -121.6    669  0.147175   4334969  0.055135    -4 -0.396070  0.0000 0.000459 0.000580 0.001821  0.019502  0.002743 -0.072998
MRYV 11MAR08 2011.1814 55628 1626 2 -121.6    669  0.144844   4334969  0.054254    -4 -0.394703  0.0000 0.000458 0.000582 0.001829  0.026917 -0.008792 -0.075806
MRYV 11MAR09 2011.1841 55629 1626 3 -121.6    669  0.144041   4334969  0.055190    -4 -0.401325  0.0000 0.000459 0.000583 0.001831  0.025314  0.010317 -0.069665
MRYV 11MAR10 2011.1869 55630 1626 4 -121.6    669  0.144241   4334969  0.053767    -4 -0.403401  0.0000 0.000454 0.000577 0.001800  0.013160  0.004969 -0.072821
MRYV 11MAR11 2011.1896 55631 1626 5 -121.6    669  0.144983   4334969  0.054218    -4 -0.401036  0.0000 0.000457 0.000587 0.001827  0.016618 -0.005223 -0.066231
MRYV 11MAR12 2011.1923 55632 1626 6 -121.6    669  0.142613   4334969  0.053969    -4 -0.399576  0.0000 0.000464 0.000592 0.001854  0.038585 -0.008761 -0.081107
MRYV 11MAR13 2011.1951 55633 1627 0 -121.6    669  0.143122   4334969  0.054275    -4 -0.390965  0.0000 0.000455 0.000578 0.001810  0.013435  0.004933 -0.082865
MRYV 11MAR14 2011.1978 55634 1627 1 -121.6    669  0.143577   4334969  0.054753    -4 -0.399410  0.0000 0.000462 0.000590 0.001845  0.020224  0.026041 -0.064437
MRYV 11MAR15 2011.2005 55635 1627 2 -121.6    669  0.144127   4334969  0.053579    -4 -0.402223  0.0000 0.000457 0.000588 0.001832  0.027666  0.035189 -0.044188
MRYV 11MAR16 2011.2033 55636 1627 3 -121.6    669  0.141110   4334969  0.052010    -4 -0.404523  0.0000 0.000469 0.000601 0.001881  0.017888 -0.019012 -0.057782
MRYV 11MAR17 2011.2060 55637 1627 4 -121.6    669  0.142059   4334969  0.052619    -4 -0.408087  0.0000 0.000461 0.000588 0.001832  0.036781 -0.005630 -0.053081
MRYV 11MAR18 2011.2088 55638 1627 5 -121.6    669  0.142669   4334969  0.053796    -4 -0.399455  0.0000 0.000464 0.000591 0.001847  0.035761 -0.005884 -0.087085
MRYV 11MAR19 2011.2115 55639 1627 6 -121.6    669  0.144440   4334969  0.054081    -4 -0.408832  0.0000 0.000454 0.000583 0.001805  0.008032  0.010224 -0.088381
MRYV 11MAR20 2011.2142 55640 1628 0 -121.6    669  0.142218   4334969  0.052762    -4 -0.403076  0.0000 0.000462 0.000594 0.001852  0.026771  0.006309 -0.061392
MRYV 11MAR21 2011.2170 55641 1628 1 -121.6    669  0.140147   4334969  0.057568    -4 -0.406569  0.0000 0.000478 0.000618 0.001925  0.036849 -0.042844 -0.088399
MRYV 11MAR22 2011.2197 55642 1628 2 -121.6    669  0.141318   4334969  0.052612    -4 -0.404625  0.0000 0.000474 0.000607 0.001907  0.016074 -0.049363 -0.060106
MRYV 11MAR23 2011.2225 55643 1628 3 -121.6    669  0.142795   4334969  0.053679    -4 -0.400355  0.0000 0.000461 0.000589 0.001833  0.020058 -0.002966 -0.045327
MRYV 11MAR24 2011.2252 55644 1628 4 -121.6    669  0.145562   4334969  0.052817    -4 -0.404162  0.0000 0.000463 0.000589 0.001853  0.005462 -0.016833 -0.073079
MRYV 11MAR25 2011.2279 55645 1628 5 -121.6    669  0.144775   4334969  0.052143    -4 -0.408785  0.0000 0.000473 0.000601 0.001910  0.015747 -0.030710 -0.107451
MRYV 11MAR26 2011.2307 55646 1628 6 -121.6    669  0.143706   4334969  0.052344    -4 -0.399199  0.0000 0.000479 0.000620 0.001936  0.009118 -0.032814 -0.067120
MRYV 11MAR27 2011.2334 55647 1629 0 -121.6    669  0.144086   4334969  0.053113    -4 -0.404217  0.0000 0.000462 0.000592 0.001863  0.006244 -0.007750 -0.027439
MRYV 11MAR28 2011.2361 55648 1629 1 -121.6    669  0.143018   4334969  0.053752    -4 -0.401944  0.0000 0.000470 0.000607 0.001890  0.004585 -0.024606 -0.052656
MRYV 11MAR29 2011.2389 55649 1629 2 -121.6    669  0.144834   4334969  0.051708    -4 -0.400604  0.0000 0.000478 0.000604 0.001880  0.032911 -0.020373 -0.057563
MRYV 11MAR30 2011.2416 55650 1629 3 -121.6    669  0.141565   4334969  0.054697    -4 -0.396904  0.0000 0.000467 0.000598 0.001902  0.002250  0.003403 -0.029551
MRYV 11MAR31 2011.2444 55651 1629 4 -121.6    669  0.141840   4334969  0.056343    -4 -0.390857  0.0000 0.000467 0.000593 0.001886  0.000731 -0.005193 -0.044359
MRYV 11APR01 2011.2471 55652 1629 5 -121.6    669  0.142185   4334969  0.054706    -4 -0.391539  0.0000 0.000466 0.000594 0.001881  0.020237 -0.015954 -0.043242
MRYV 11APR02 2011.2498 55653 1629 6 -121.6    669  0.143088   4334969  0.055804    -4 -0.389246  0.0000 0.000465 0.000592 0.001880  0.030872 -0.028936 -0.042922
MRYV 11APR03 2011.2526 55654 1630 0 -121.6    669  0.144152   4334969  0.055149    -4 -0.396119  0.0000 0.000462 0.000588 0.001864  0.026013 -0.005160 -0.041103
MRYV 11APR04 2011.2553 55655 1630 1 -121.6    669  0.143997   4334969  0.055222    -4 -0.394903  0.0000 0.000459 0.000580 0.001832  0.008494  0.008405 -0.050055
MRYV 11APR05 2011.2580 55656 1630 2 -121.6    669  0.143116   4334969  0.054161    -4 -0.396105  0.0000 0.000472 0.000605 0.001913  0.030864 -0.008080 -0.041969
MRYV 11APR06 2011.2608 55657 1630 3 -121.6    669  0.143944   4334969  0.054145    -4 -0.402187  0.0000 0.000476 0.000608 0.001933  0.045276 -0.022715 -0.032868
MRYV 11APR07 2011.2635 55658 1630 4 -121.6    669  0.143216   4334969  0.054437    -4 -0.404665  0.0000 0.000467 0.000595 0.001873  0.012366 -0.025125 -0.023236
MRYV 11APR08 2011.2663 55659 1630 5 -121.6    669  0.144346   4334969  0.055538    -4 -0.406370  0.0000 0.000466 0.000594 0.001869  0.017462 -0.030483 -0.037735
MRYV 11APR09 2011.2690 55660 1630 6 -121.6    669  0.143754   4334969  0.052339    -4 -0.404415  0.0000 0.000462 0.000587 0.001838  0.019288 -0.008768 -0.040786
MRYV 11APR10 2011.2717 55661 1631 0 -121.6    669  0.141756   4334969  0.054033    -4 -0.402461  0.0000 0.000480 0.000604 0.001924  0.018856 -0.018756 -0.045094
MRYV 11APR11 2011.2745 55662 1631 1 -121.6    669  0.139009   4334969  0.056530    -4 -0.408096  0.0000 0.000483 0.000610 0.001908  0.040542 -0.011814 -0.069353
MRYV 11APR12 2011.2772 55663 1631 2 -121.6    669  0.139963   4334969  0.056871    -4 -0.401890  0.0000 0.000488 0.000626 0.001947  0.041480 -0.001359 -0.062474
MRYV 11APR13 2011.2799 55664 1631 3 -121.6    669  0.142809   4334969  0.056165    -4 -0.405908  0.0000 0.000467 0.000586 0.001847  0.022537 -0.020212 -0.071483
MRYV 11APR14 2011.2827 55665 1631 4 -121.6    669  0.142736   4334969  0.059207    -4 -0.403643  0.0000 0.000464 0.000588 0.001864  0.003275 -0.012136 -0.042711
MRYV 11APR16 2011.2882 55667 1631 6 -121.6    669  0.143166   4334969  0.057508    -4 -0.400159  0.0000 0.000466 0.000592 0.001863  0.007306 -0.019182 -0.051943
MRYV 11APR17 2011.2909 55668 1632 0 -121.6    669  0.139584   4334969  0.058168    -4 -0.395903  0.0000 0.000464 0.000590 0.001863  0.021160 -0.003873 -0.053076
MRYV 11APR18 2011.2936 55669 1632 1 -121.6    669  0.138626   4334969  0.057690    -4 -0.402471  0.0000 0.000457 0.000587 0.001843  0.034678  0.003297 -0.051511
MRYV 11APR19 2011.2964 55670 1632 2 -121.6    669  0.141661   4334969  0.056892    -4 -0.401982  0.0000 0.000459 0.000586 0.001841  0.013243 -0.015022 -0.036201
MRYV 11APR20 2011.2991 55671 1632 3 -121.6    669  0.142582   4334969  0.055982    -4 -0.401925  0.0000 0.000464 0.000585 0.001864  0.029879 -0.003931 -0.061749
MRYV 11APR21 2011.3018 55672 1632 4 -121.6    669  0.138730   4334969  0.055863    -4 -0.400592  0.0000 0.000475 0.000592 0.001897 -0.016742  0.006485 -0.078537
MRYV 11APR22 2011.3046 55673 1632 5 -121.6    669  0.140571   4334969  0.056430    -4 -0.400945  0.0000 0.000467 0.000602 0.001891  0.003667  0.001950 -0.019991
MRYV 11APR23 2011.3073 55674 1632 6 -121.6    669  0.139824   4334969  0.058635    -4 -0.403374  0.0000 0.000468 0.000602 0.001883  0.013947 -0.006308 -0.040465
MRYV 11APR24 2011.3101 55675 1633 0 -121.6    669  0.140969   4334969  0.056787    -4 -0.396827  0.0000 0.000463 0.000593 0.001868  0.026343 -0.010912 -0.039759
MRYV 11APR25 2011.3128 55676 1633 1 -121.6    669  0.140198   4334969  0.058556    -4 -0.401805  0.0000 0.000463 0.000586 0.001842  0.027833  0.004026 -0.055399
MRYV 11APR26 2011.3155 55677 1633 2 -121.6    669  0.141126   4334969  0.056045    -4 -0.394766  0.0000 0.000461 0.000587 0.001847  0.007022 -0.008712 -0.046262
MRYV 11APR28 2011.3210 55679 1633 4 -121.6    669  0.140929   4334969  0.057916    -4 -0.405705  0.0000 0.000460 0.000595 0.001851  0.016490  0.000587 -0.045262
MRYV 11APR29 2011.3238 55680 1633 5 -121.6    669  0.139634   4334969  0.058300    -4 -0.407338  0.0000 0.000461 0.000586 0.001834  0.015165 -0.001817 -0.050062
MRYV 11APR30 2011.3265 55681 1633 6 -121.6    669  0.139720   4334969  0.058962    -4 -0.408087  0.0000 0.000468 0.000595 0.001873  0.018280 -0.026398 -0.077209
MRYV 11MAY01 2011.3292 55682 1634 0 -121.6    669  0.140029   4334969  0.059008    -4 -0.402010  0.0000 0.000462 0.000588 0.001862  0.016985  0.002283 -0.037720
MRYV 11MAY02 2011.3320 55683 1634 1 -121.6    669  0.140142   4334969  0.056938    -4 -0.404223  0.0000 0.000457 0.000576 0.001818  0.012527  0.005201 -0.085555
MRYV 11MAY03 2011.3347 55684 1634 2 -121.6    669  0.143214   4334969  0.057828    -4 -0.408725  0.0000 0.000466 0.000599 0.001875  0.017090  0.007437 -0.056582
MRYV 11MAY04 2011.3374 55685 1634 3 -121.6    669  0.142229   4334969  0.056727    -4 -0.401991  0.0000 0.000478 0.000607 0.001923  0.022557 -0.019668 -0.080184
MRYV 11MAY05 2011.3402 55686 1634 4 -121.6    669  0.142343   4334969  0.055602    -4 -0.403821  0.0000 0.000479 0.000604 0.001900 -0.012931 -0.014349 -0.055933
MRYV 11MAY06 2011.3429 55687 1634 5 -121.6    669  0.139929   4334969  0.053710    -4 -0.393897  0.0000 0.000479 0.000608 0.001917 -0.005000 -0.020564 -0.037464
MRYV 11MAY07 2011.3457 55688 1634 6 -121.6    669  0.139634   4334969  0.054683    -4 -0.394635  0.0000 0.000484 0.000607 0.001895  0.029863 -0.001120 -0.075501
MRYV 11MAY08 2011.3484 55689 1635 0 -121.6    669  0.139984   4334969  0.056621    -4 -0.408586  0.0000 0.000476 0.000605 0.001887  0.016999  0.000389 -0.094814
MRYV 11MAY09 2011.3511 55690 1635 1 -121.6    669  0.142159   4334969  0.055274    -4 -0.414467  0.0000 0.000486 0.000617 0.001932  0.014783  0.015061 -0.062110
