site YYMMMDD yyyy.yyyy __MJD week d reflon _e0(m) __east(m) ____n0(m) _north(m) u0(m) ____up(m) _ant(m) sig_e(m) sig_n(m) sig_u(m) __corr_en __corr_eu __corr_nu
PNTA 17JUL01 2017.4976 57935 1955 6  -82.0    720  0.116880   2978881  0.886245   -14 -0.940171  0.0000 0.000525 0.000540 0.002117 -0.030607  0.061821 -0.161450
PNTA 17JUL02 2017.5003 57936 1956 0  -82.0    720  0.117798   2978881  0.892699   -14 -0.935462  0.0000 0.000522 0.000539 0.002074 -0.035455  0.065815 -0.136234
PNTA 17JUL06 2017.5113 57940 1956 4  -82.0    720  0.117093   2978881  0.886139   -14 -0.944970  0.0000 0.000523 0.000528 0.002051 -0.016305  0.080892 -0.136178
PNTA 17JUL09 2017.5195 57943 1957 0  -82.0    720  0.115947   2978881  0.891000   -14 -0.937813  0.0000 0.000506 0.000526 0.002035 -0.041668  0.064671 -0.145082
PNTA 17JUL13 2017.5305 57947 1957 4  -82.0    720  0.115078   2978881  0.889340   -14 -0.929462  0.0000 0.000508 0.000528 0.002115 -0.026169  0.057873 -0.181549
PNTA 17JUL15 2017.5359 57949 1957 6  -82.0    720  0.122668   2978881  0.900157   -14 -0.944583  0.0000 0.000575 0.000593 0.002342 -0.050191  0.048128 -0.177588
PNTA 17JUL16 2017.5387 57950 1958 0  -82.0    720  0.119753   2978881  0.893673   -14 -0.943328  0.0000 0.000517 0.000531 0.002093 -0.041885  0.054683 -0.171384
PNTA 17JUL20 2017.5496 57954 1958 4  -82.0    720  0.112417   2978881  0.886827   -14 -0.943093  0.0000 0.000505 0.000525 0.002068 -0.019077  0.059015 -0.185695
PNTA 17JUL23 2017.5578 57957 1959 0  -82.0    720  0.110187   2978881  0.887224   -14 -0.929573  0.0000 0.000503 0.000523 0.002031 -0.027126  0.080381 -0.172870
PNTA 17JUL27 2017.5688 57961 1959 4  -82.0    720  0.114808   2978881  0.884837   -14 -0.943170  0.0000 0.000508 0.000532 0.002085 -0.027612  0.086098 -0.176192
PNTA 17JUL30 2017.5770 57964 1960 0  -82.0    720  0.112217   2978881  0.887675   -14 -0.964415  0.0000 0.000517 0.000538 0.002103 -0.043611  0.078070 -0.151309
PNTA 17AUG01 2017.5825 57966 1960 2  -82.0    720  0.117120   2978881  0.881448   -14 -0.954988  0.0000 0.000527 0.000546 0.002135 -0.044461  0.061927 -0.146185
PNTA 17AUG02 2017.5852 57967 1960 3  -82.0    720  0.110439   2978881  0.891407   -14 -0.949533  0.0000 0.000502 0.000526 0.002023 -0.029722  0.082644 -0.152862
PNTA 17AUG06 2017.5962 57971 1961 0  -82.0    720  0.118381   2978881  0.891355   -14 -0.940141  0.0000 0.000514 0.000531 0.002066 -0.060060  0.085520 -0.162898
PNTA 17AUG10 2017.6071 57975 1961 4  -82.0    720  0.117714   2978881  0.887594   -14 -0.944792  0.0000 0.000511 0.000526 0.002049 -0.046399  0.079448 -0.172404
PNTA 17AUG13 2017.6153 57978 1962 0  -82.0    720  0.114095   2978881  0.887418   -14 -0.949746  0.0000 0.000504 0.000524 0.002034 -0.048353  0.098967 -0.151285
PNTA 17AUG15 2017.6208 57980 1962 2  -82.0    720  0.112383   2978881  0.882952   -14 -0.931306  0.0000 0.000565 0.000596 0.002307 -0.084179  0.072620 -0.185108
PNTA 17AUG16 2017.6235 57981 1962 3  -82.0    720  0.111892   2978881  0.890387   -14 -0.920518  0.0000 0.000504 0.000523 0.002034 -0.048988  0.097355 -0.154700
PNTA 17AUG20 2017.6345 57985 1963 0  -82.0    720  0.114911   2978881  0.890587   -14 -0.930547  0.0000 0.000510 0.000531 0.002060 -0.031119  0.096897 -0.133700
PNTA 17AUG24 2017.6454 57989 1963 4  -82.0    720  0.114623   2978881  0.888043   -14 -0.946312  0.0000 0.000509 0.000531 0.002064 -0.012892  0.076486 -0.138100
PNTA 17AUG27 2017.6537 57992 1964 0  -82.0    720  0.110861   2978881  0.891785   -14 -0.971510  0.0000 0.000496 0.000522 0.002003 -0.026793  0.070113 -0.161347
PNTA 17SEP01 2017.6674 57997 1964 5  -82.0    720  0.116053   2978881  0.888157   -14 -0.948693  0.0000 0.000580 0.000625 0.002480 -0.051387  0.088029 -0.154925
PNTA 17SEP02 2017.6701 57998 1964 6  -82.0    720  0.112879   2978881  0.887098   -14 -1.003014  0.0000 0.000490 0.000516 0.001968 -0.013354  0.040708 -0.173182
PNTA 17SEP10 2017.6920 58006 1966 0  -82.0    720  0.113453   2978881  0.888887   -14 -0.974585  0.0000 0.000499 0.000519 0.002018 -0.013508  0.059465 -0.173736
PNTA 17SEP16 2017.7084 58012 1966 6  -82.0    720  0.113283   2978881  0.888381   -14 -0.943864  0.0000 0.000496 0.000519 0.002011 -0.027767  0.091266 -0.175168
PNTA 17SEP21 2017.7221 58017 1967 4  -82.0    720  0.113095   2978881  0.890968   -14 -0.928905  0.0000 0.000496 0.000519 0.001988 -0.009355  0.054843 -0.162171
PNTA 17SEP24 2017.7303 58020 1968 0  -82.0    720  0.112225   2978881  0.892741   -14 -0.946109  0.0000 0.000512 0.000527 0.002052 -0.022620  0.088045 -0.154910
PNTA 17SEP28 2017.7413 58024 1968 4  -82.0    720  0.114981   2978881  0.893332   -14 -0.941605  0.0000 0.000504 0.000526 0.002037 -0.031721  0.081761 -0.147339
PNTA 17OCT01 2017.7495 58027 1969 0  -82.0    720  0.115095   2978881  0.888164   -14 -0.944971  0.0000 0.000570 0.000602 0.002358 -0.043216  0.089914 -0.202081
PNTA 17OCT02 2017.7522 58028 1969 1  -82.0    720  0.110985   2978881  0.889417   -14 -0.934652  0.0000 0.000504 0.000526 0.002035 -0.020163  0.054209 -0.160247
PNTA 17OCT08 2017.7687 58034 1970 0  -82.0    720  0.114074   2978881  0.888574   -14 -0.932783  0.0000 0.000735 0.000710 0.002823 -0.010487 -0.041615 -0.096987
PNTA 17OCT15 2017.7878 58041 1971 0  -82.0    720  0.111118   2978881  0.890200   -14 -0.921343  0.0000 0.000560 0.000605 0.002339 -0.023458  0.072641 -0.179464
PNTA 17OCT16 2017.7906 58042 1971 1  -82.0    720  0.113931   2978881  0.889572   -14 -0.939219  0.0000 0.000500 0.000523 0.002021 -0.020135  0.061523 -0.173378
PNTA 17NOV02 2017.8371 58059 1973 4  -82.0    720  0.114414   2978881  0.889897   -14 -0.943778  0.0000 0.000608 0.000709 0.002602  0.032170  0.083617 -0.178329
PNTA 17NOV15 2017.8727 58072 1975 3  -82.0    720  0.111185   2978881  0.890634   -14 -0.952156  0.0000 0.000578 0.000639 0.002406  0.026473  0.051784 -0.198862
PNTA 17NOV16 2017.8754 58073 1975 4  -82.0    720  0.108952   2978881  0.892055   -14 -0.950614  0.0000 0.000500 0.000523 0.001987 -0.024927  0.043068 -0.155323
PNTA 17DEC01 2017.9165 58088 1977 5  -82.0    720  0.112002   2978881  0.890539   -14 -0.943738  0.0000 0.000514 0.000554 0.002099 -0.007722  0.062502 -0.160153
PNTA 17DEC02 2017.9192 58089 1977 6  -82.0    720  0.112017   2978881  0.889075   -14 -0.941010  0.0000 0.000496 0.000524 0.001964 -0.010431  0.042870 -0.149907
PNTA 17DEC18 2017.9630 58105 1980 1  -82.0    720  0.109783   2978881  0.889614   -14 -0.940543  0.0000 0.000538 0.000570 0.002186 -0.052523  0.089042 -0.164096
PNTA 17DEC19 2017.9658 58106 1980 2  -82.0    720  0.110613   2978881  0.889438   -14 -0.941170  0.0000 0.000599 0.000627 0.002414 -0.026693  0.006928 -0.130666
PNTA 17DEC20 2017.9685 58107 1980 3  -82.0    720  0.111922   2978881  0.891158   -14 -0.942217  0.0000 0.000557 0.000596 0.002249 -0.053222  0.040714 -0.168228
PNTA 17DEC21 2017.9713 58108 1980 4  -82.0    720  0.112056   2978881  0.890269   -14 -0.940980  0.0000 0.000606 0.000624 0.002411 -0.071011  0.071902 -0.175206
PNTA 17DEC22 2017.9740 58109 1980 5  -82.0    720  0.112306   2978881  0.889662   -14 -0.938749  0.0000 0.000624 0.000646 0.002564 -0.066371  0.089641 -0.185697
PNTA 17DEC24 2017.9795 58111 1981 0  -82.0    720  0.109656   2978881  0.890056   -14 -0.940699  0.0000 0.000695 0.000696 0.002756 -0.068873  0.102846 -0.099579
PNTA 17DEC25 2017.9822 58112 1981 1  -82.0    720  0.113905   2978881  0.891328   -14 -0.944378  0.0000 0.000586 0.000623 0.002382 -0.074283  0.092879 -0.139510
PNTA 17DEC26 2017.9849 58113 1981 2  -82.0    720  0.110644   2978881  0.890970   -14 -0.943606  0.0000 0.000564 0.000601 0.002329 -0.056817  0.090420 -0.166663
PNTA 17DEC27 2017.9877 58114 1981 3  -82.0    720  0.108990   2978881  0.891848   -14 -0.938775  0.0000 0.000551 0.000579 0.002214 -0.037828  0.071614 -0.159439
PNTA 17DEC28 2017.9904 58115 1981 4  -82.0    720  0.110404   2978881  0.892683   -14 -0.940344  0.0000 0.000588 0.000616 0.002394 -0.059682  0.053374 -0.154202
PNTA 17DEC29 2017.9932 58116 1981 5  -82.0    720  0.109158   2978881  0.892646   -14 -0.942010  0.0000 0.000580 0.000620 0.002354 -0.068744  0.060489 -0.139751
PNTA 17DEC30 2017.9959 58117 1981 6  -82.0    720  0.111287   2978881  0.890489   -14 -0.931056  0.0000 0.000641 0.000654 0.002596 -0.079166  0.119668 -0.149577
PNTA 17DEC31 2017.9986 58118 1982 0  -82.0    720  0.112792   2978881  0.891124   -14 -0.947184  0.0000 0.000599 0.000629 0.002379 -0.068032  0.069914 -0.139647
PNTA 18JAN01 2018.0014 58119 1982 1  -82.0    720  0.110864   2978881  0.891874   -14 -0.928806  0.0000 0.000577 0.000617 0.002340 -0.063049  0.057452 -0.158676
PNTA 18JAN02 2018.0041 58120 1982 2  -82.0    720  0.112350   2978881  0.890351   -14 -0.939065  0.0000 0.000557 0.000599 0.002249 -0.043157  0.045872 -0.149409
PNTA 18JAN03 2018.0068 58121 1982 3  -82.0    720  0.110727   2978881  0.890776   -14 -0.949199  0.0000 0.000570 0.000623 0.002365 -0.058798  0.093991 -0.168789
PNTA 18JAN04 2018.0096 58122 1982 4  -82.0    720  0.113205   2978881  0.890018   -14 -0.951228  0.0000 0.000684 0.000734 0.002719 -0.036871  0.042599 -0.121029
PNTA 18JAN05 2018.0123 58123 1982 5  -82.0    720  0.113438   2978881  0.892583   -14 -0.944303  0.0000 0.000603 0.000647 0.002530 -0.087090  0.106175 -0.181582
PNTA 18JAN06 2018.0151 58124 1982 6  -82.0    720  0.111901   2978881  0.892341   -14 -0.930501  0.0000 0.000649 0.000676 0.002680 -0.072920  0.098610 -0.161457
PNTA 18JAN07 2018.0178 58125 1983 0  -82.0    720  0.113108   2978881  0.889277   -14 -0.937457  0.0000 0.000652 0.000678 0.002699 -0.074367  0.093004 -0.160678
PNTA 18JAN09 2018.0233 58127 1983 2  -82.0    720  0.109948   2978881  0.888598   -14 -0.991214  0.0000 0.000644 0.000689 0.002609 -0.056378  0.048157 -0.134148
PNTA 18JAN10 2018.0260 58128 1983 3  -82.0    720  0.113561   2978881  0.889169   -14 -0.948571  0.0000 0.000578 0.000620 0.002373 -0.070818  0.098383 -0.168646
PNTA 18JAN12 2018.0315 58130 1983 5  -82.0    720  0.111538   2978881  0.891330   -14 -0.934073  0.0000 0.000621 0.000654 0.002559 -0.067483  0.086723 -0.157014
PNTA 18JAN13 2018.0342 58131 1983 6  -82.0    720  0.112558   2978881  0.889139   -14 -0.931537  0.0000 0.000595 0.000646 0.002488 -0.093337  0.079068 -0.177342
PNTA 18JAN14 2018.0370 58132 1984 0  -82.0    720  0.111857   2978881  0.891245   -14 -0.932398  0.0000 0.000662 0.000694 0.002794 -0.087577  0.093693 -0.209520
PNTA 18JAN15 2018.0397 58133 1984 1  -82.0    720  0.113468   2978881  0.893836   -14 -0.945280  0.0000 0.000656 0.000683 0.002709 -0.080189  0.077767 -0.184646
PNTA 18JAN16 2018.0424 58134 1984 2  -82.0    720  0.110340   2978881  0.892052   -14 -0.941813  0.0000 0.000679 0.000711 0.002806 -0.066636  0.023261 -0.199881
PNTA 18JAN17 2018.0452 58135 1984 3  -82.0    720  0.110766   2978881  0.890226   -14 -0.947660  0.0000 0.000579 0.000629 0.002436 -0.055281  0.089614 -0.193306
PNTA 18JAN18 2018.0479 58136 1984 4  -82.0    720  0.109572   2978881  0.889449   -14 -0.944704  0.0000 0.000667 0.000693 0.002732 -0.080542  0.096039 -0.161142
PNTA 18JAN19 2018.0507 58137 1984 5  -82.0    720  0.110736   2978881  0.890921   -14 -0.942492  0.0000 0.000612 0.000648 0.002514 -0.054503  0.104960 -0.184118
PNTA 18JAN20 2018.0534 58138 1984 6  -82.0    720  0.111630   2978881  0.892178   -14 -0.934856  0.0000 0.000563 0.000588 0.002336 -0.052658  0.094475 -0.201732
PNTA 18JAN21 2018.0561 58139 1985 0  -82.0    720  0.109562   2978881  0.893037   -14 -0.940398  0.0000 0.000548 0.000578 0.002235 -0.029141  0.043628 -0.173780
PNTA 18JAN22 2018.0589 58140 1985 1  -82.0    720  0.110417   2978881  0.891376   -14 -0.943896  0.0000 0.000604 0.000666 0.002539 -0.016162  0.058664 -0.195287
PNTA 18JAN23 2018.0616 58141 1985 2  -82.0    720  0.110677   2978881  0.891674   -14 -0.935453  0.0000 0.000566 0.000600 0.002324 -0.063995  0.087190 -0.192686
PNTA 18JAN24 2018.0643 58142 1985 3  -82.0    720  0.110104   2978881  0.894366   -14 -0.935939  0.0000 0.000521 0.000543 0.002092 -0.048238  0.056840 -0.167523
PNTA 18JAN25 2018.0671 58143 1985 4  -82.0    720  0.111650   2978881  0.892991   -14 -0.932611  0.0000 0.000512 0.000534 0.002054 -0.057595  0.094355 -0.146683
PNTA 18JAN26 2018.0698 58144 1985 5  -82.0    720  0.110349   2978881  0.892999   -14 -0.928305  0.0000 0.000511 0.000532 0.002057 -0.039056  0.075437 -0.158175
PNTA 18JAN27 2018.0726 58145 1985 6  -82.0    720  0.109168   2978881  0.893398   -14 -0.937684  0.0000 0.000511 0.000531 0.002039 -0.037056  0.089734 -0.125968
PNTA 18JAN28 2018.0753 58146 1986 0  -82.0    720  0.111919   2978881  0.893777   -14 -0.936908  0.0000 0.000509 0.000532 0.002054 -0.058327  0.114036 -0.151260
PNTA 18JAN29 2018.0780 58147 1986 1  -82.0    720  0.109367   2978881  0.892035   -14 -0.982101  0.0000 0.000507 0.000531 0.002037 -0.055690  0.092076 -0.151127
PNTA 18JAN30 2018.0808 58148 1986 2  -82.0    720  0.108639   2978881  0.892661   -14 -0.998622  0.0000 0.000504 0.000526 0.001974 -0.038422  0.050470 -0.138080
PNTA 18JAN31 2018.0835 58149 1986 3  -82.0    720  0.110604   2978881  0.891129   -14 -0.944523  0.0000 0.000510 0.000534 0.002052 -0.061239  0.083613 -0.152616
PNTA 18FEB01 2018.0862 58150 1986 4  -82.0    720  0.111328   2978881  0.889673   -14 -0.940798  0.0000 0.000507 0.000527 0.002030 -0.041624  0.084614 -0.142093
PNTA 18FEB02 2018.0890 58151 1986 5  -82.0    720  0.110128   2978881  0.894036   -14 -0.937876  0.0000 0.000516 0.000537 0.002078 -0.061689  0.091751 -0.144717
PNTA 18FEB03 2018.0917 58152 1986 6  -82.0    720  0.109857   2978881  0.891876   -14 -0.941830  0.0000 0.000505 0.000529 0.002020 -0.051912  0.087981 -0.147432
PNTA 18FEB04 2018.0945 58153 1987 0  -82.0    720  0.110145   2978881  0.890320   -14 -0.943294  0.0000 0.000514 0.000533 0.002047 -0.051102  0.086638 -0.155973
PNTA 18FEB05 2018.0972 58154 1987 1  -82.0    720  0.109799   2978881  0.893820   -14 -0.974828  0.0000 0.000508 0.000540 0.002045 -0.016592  0.065623 -0.146991
PNTA 18FEB06 2018.0999 58155 1987 2  -82.0    720  0.110465   2978881  0.891602   -14 -1.001325  0.0000 0.000521 0.000528 0.001982 -0.038999  0.048938 -0.147704
PNTA 18FEB07 2018.1027 58156 1987 3  -82.0    720  0.107441   2978881  0.891856   -14 -0.946367  0.0000 0.000517 0.000531 0.002056 -0.058075  0.110109 -0.154976
PNTA 18FEB08 2018.1054 58157 1987 4  -82.0    720  0.111117   2978881  0.893669   -14 -0.933359  0.0000 0.000538 0.000541 0.002109 -0.058174  0.083637 -0.152123
PNTA 18FEB10 2018.1109 58159 1987 6  -82.0    720  0.109068   2978881  0.891795   -14 -0.939205  0.0000 0.000514 0.000534 0.002067 -0.039382  0.068106 -0.153703
PNTA 18FEB11 2018.1136 58160 1988 0  -82.0    720  0.108764   2978881  0.890144   -14 -0.946979  0.0000 0.000507 0.000527 0.002005 -0.051221  0.092382 -0.150314
PNTA 18FEB12 2018.1164 58161 1988 1  -82.0    720  0.106655   2978881  0.889797   -14 -0.943159  0.0000 0.000513 0.000531 0.002058 -0.049903  0.097925 -0.128254
PNTA 18FEB13 2018.1191 58162 1988 2  -82.0    720  0.107611   2978881  0.891322   -14 -0.950921  0.0000 0.000519 0.000553 0.002116 -0.058263  0.070467 -0.120517
PNTA 18FEB14 2018.1218 58163 1988 3  -82.0    720  0.111343   2978881  0.891372   -14 -0.943059  0.0000 0.000524 0.000558 0.002165 -0.067062  0.111362 -0.135315
PNTA 18FEB15 2018.1246 58164 1988 4  -82.0    720  0.109752   2978881  0.892636   -14 -0.938735  0.0000 0.000516 0.000544 0.002082 -0.046434  0.096893 -0.119185
PNTA 18FEB16 2018.1273 58165 1988 5  -82.0    720  0.108594   2978881  0.892583   -14 -0.941678  0.0000 0.000513 0.000538 0.002067 -0.046636  0.103863 -0.138745
PNTA 18FEB17 2018.1300 58166 1988 6  -82.0    720  0.107881   2978881  0.892105   -14 -0.940161  0.0000 0.000606 0.000646 0.002506 -0.088620  0.099924 -0.193566
PNTA 18FEB18 2018.1328 58167 1989 0  -82.0    720  0.105544   2978881  0.892333   -14 -0.931823  0.0000 0.000597 0.000631 0.002441 -0.075184  0.070512 -0.142150
PNTA 18FEB19 2018.1355 58168 1989 1  -82.0    720  0.108369   2978881  0.891681   -14 -0.941227  0.0000 0.000515 0.000536 0.002071 -0.039561  0.064211 -0.120177
PNTA 18FEB20 2018.1383 58169 1989 2  -82.0    720  0.107364   2978881  0.893183   -14 -0.940019  0.0000 0.000516 0.000535 0.002079 -0.043990  0.101135 -0.148480
PNTA 18FEB21 2018.1410 58170 1989 3  -82.0    720  0.106394   2978881  0.892597   -14 -0.941664  0.0000 0.000510 0.000531 0.002040 -0.041778  0.088631 -0.146412
PNTA 18FEB22 2018.1437 58171 1989 4  -82.0    720  0.108117   2978881  0.895204   -14 -0.943302  0.0000 0.000513 0.000533 0.002057 -0.058002  0.110456 -0.144580
PNTA 18FEB23 2018.1465 58172 1989 5  -82.0    720  0.110606   2978881  0.892935   -14 -0.940438  0.0000 0.000537 0.000552 0.002153 -0.078502  0.111345 -0.168568
PNTA 18FEB24 2018.1492 58173 1989 6  -82.0    720  0.109925   2978881  0.892608   -14 -0.930384  0.0000 0.000530 0.000540 0.002086 -0.049558  0.072311 -0.141213
PNTA 18FEB25 2018.1520 58174 1990 0  -82.0    720  0.107396   2978881  0.892065   -14 -0.941348  0.0000 0.000518 0.000536 0.002069 -0.040808  0.087103 -0.140544
PNTA 18FEB26 2018.1547 58175 1990 1  -82.0    720  0.109374   2978881  0.891029   -14 -0.958300  0.0000 0.000513 0.000534 0.002040 -0.037243  0.076417 -0.126096
PNTA 18FEB27 2018.1574 58176 1990 2  -82.0    720  0.107952   2978881  0.893030   -14 -0.937858  0.0000 0.000508 0.000530 0.001998 -0.048744  0.071442 -0.138923
PNTA 18FEB28 2018.1602 58177 1990 3  -82.0    720  0.107688   2978881  0.892968   -14 -0.946059  0.0000 0.000514 0.000533 0.002051 -0.059083  0.083924 -0.146716
PNTA 18MAR01 2018.1629 58178 1990 4  -82.0    720  0.108651   2978881  0.889259   -14 -0.934264  0.0000 0.000516 0.000541 0.002083 -0.039871  0.086524 -0.153278
PNTA 18MAR02 2018.1656 58179 1990 5  -82.0    720  0.108371   2978881  0.891493   -14 -0.937573  0.0000 0.000522 0.000543 0.002097 -0.041262  0.089773 -0.138113
PNTA 18MAR03 2018.1684 58180 1990 6  -82.0    720  0.108159   2978881  0.893464   -14 -0.947614  0.0000 0.000514 0.000529 0.002034 -0.044816  0.087770 -0.114122
PNTA 18MAR04 2018.1711 58181 1991 0  -82.0    720  0.107136   2978881  0.891903   -14 -0.944941  0.0000 0.000513 0.000529 0.002036 -0.046873  0.082561 -0.140590
PNTA 18MAR05 2018.1739 58182 1991 1  -82.0    720  0.107469   2978881  0.888817   -14 -0.944761  0.0000 0.000520 0.000534 0.002084 -0.056246  0.090855 -0.134789
PNTA 18MAR06 2018.1766 58183 1991 2  -82.0    720  0.109555   2978881  0.890651   -14 -0.942213  0.0000 0.000515 0.000532 0.002073 -0.041483  0.080906 -0.145520
PNTA 18MAR07 2018.1793 58184 1991 3  -82.0    720  0.108213   2978881  0.889893   -14 -0.932908  0.0000 0.000522 0.000535 0.002122 -0.053241  0.121698 -0.148641
PNTA 18MAR08 2018.1821 58185 1991 4  -82.0    720  0.107578   2978881  0.891330   -14 -0.943341  0.0000 0.000531 0.000538 0.002066 -0.061529  0.066186 -0.122247
PNTA 18MAR09 2018.1848 58186 1991 5  -82.0    720  0.105541   2978881  0.890472   -14 -0.942693  0.0000 0.000533 0.000541 0.002094 -0.066031  0.046684 -0.120489
PNTA 18MAR10 2018.1875 58187 1991 6  -82.0    720  0.108762   2978881  0.890815   -14 -0.952920  0.0000 0.000516 0.000530 0.002037 -0.058056  0.090399 -0.139710
PNTA 18MAR11 2018.1903 58188 1992 0  -82.0    720  0.105440   2978881  0.889017   -14 -0.996714  0.0000 0.000509 0.000529 0.002028 -0.030326  0.054535 -0.136684
PNTA 18MAR12 2018.1930 58189 1992 1  -82.0    720  0.108605   2978881  0.893353   -14 -0.933206  0.0000 0.000520 0.000534 0.002095 -0.037766  0.066398 -0.152719
PNTA 18MAR13 2018.1958 58190 1992 2  -82.0    720  0.106612   2978881  0.892136   -14 -0.947457  0.0000 0.000513 0.000530 0.002055 -0.045102  0.076771 -0.154028
PNTA 18MAR14 2018.1985 58191 1992 3  -82.0    720  0.107825   2978881  0.889964   -14 -0.944004  0.0000 0.000522 0.000538 0.002097 -0.060169  0.078103 -0.138164
PNTA 18MAR15 2018.2012 58192 1992 4  -82.0    720  0.107665   2978881  0.889100   -14 -0.940440  0.0000 0.000535 0.000539 0.002111 -0.050733  0.087432 -0.152574
PNTA 18MAR16 2018.2040 58193 1992 5  -82.0    720  0.106978   2978881  0.887837   -14 -0.943809  0.0000 0.000514 0.000534 0.002057 -0.053479  0.052619 -0.107978
PNTA 18MAR17 2018.2067 58194 1992 6  -82.0    720  0.107956   2978881  0.888495   -14 -0.941206  0.0000 0.000519 0.000532 0.002081 -0.038717  0.071906 -0.135399
PNTA 18MAR18 2018.2094 58195 1993 0  -82.0    720  0.109927   2978881  0.889912   -14 -0.936324  0.0000 0.000515 0.000532 0.002065 -0.044941  0.064054 -0.139189
PNTA 18MAR19 2018.2122 58196 1993 1  -82.0    720  0.107765   2978881  0.891034   -14 -0.937651  0.0000 0.000517 0.000533 0.002056 -0.043748  0.047081 -0.140216
PNTA 18MAR20 2018.2149 58197 1993 2  -82.0    720  0.109611   2978881  0.889641   -14 -0.946899  0.0000 0.000530 0.000546 0.002177 -0.061134  0.126260 -0.123060
PNTA 18MAR21 2018.2177 58198 1993 3  -82.0    720  0.108969   2978881  0.890104   -14 -0.934375  0.0000 0.000694 0.000767 0.003044 -0.062339  0.107390 -0.191123
PNTA 18MAR24 2018.2259 58201 1993 6  -82.0    720  0.107707   2978881  0.890868   -14 -0.932414  0.0000 0.000516 0.000530 0.002051 -0.040197  0.046634 -0.150636
PNTA 18MAR26 2018.2313 58203 1994 1  -82.0    720  0.109647   2978881  0.894520   -14 -0.940700  0.0000 0.000513 0.000529 0.002049 -0.042880  0.068907 -0.123789
PNTA 18MAR27 2018.2341 58204 1994 2  -82.0    720  0.106468   2978881  0.894930   -14 -0.940096  0.0000 0.000518 0.000535 0.002063 -0.041446  0.058570 -0.115417
PNTA 18MAR28 2018.2368 58205 1994 3  -82.0    720  0.106842   2978881  0.892042   -14 -0.936056  0.0000 0.000517 0.000535 0.002078 -0.033077  0.068453 -0.126228
PNTA 18MAR29 2018.2396 58206 1994 4  -82.0    720  0.106739   2978881  0.890197   -14 -0.929346  0.0000 0.000520 0.000531 0.002061 -0.035393  0.051816 -0.148346
PNTA 18MAR30 2018.2423 58207 1994 5  -82.0    720  0.105350   2978881  0.889026   -14 -0.936149  0.0000 0.000519 0.000535 0.002079 -0.046932  0.065940 -0.146688
PNTA 18APR01 2018.2478 58209 1995 0  -82.0    720  0.107708   2978881  0.892644   -14 -0.931612  0.0000 0.000519 0.000533 0.002069 -0.039337  0.085824 -0.117189
PNTA 18APR02 2018.2505 58210 1995 1  -82.0    720  0.106476   2978881  0.890581   -14 -0.934591  0.0000 0.000518 0.000541 0.002097 -0.039752  0.059454 -0.138311
PNTA 18APR03 2018.2533 58211 1995 2  -82.0    720  0.108643   2978881  0.890581   -14 -0.924425  0.0000 0.000523 0.000539 0.002094 -0.034142  0.061172 -0.131061
PNTA 18APR04 2018.2560 58212 1995 3  -82.0    720  0.109004   2978881  0.889608   -14 -0.941292  0.0000 0.000523 0.000536 0.002095 -0.033098  0.074466 -0.146832
PNTA 18APR05 2018.2587 58213 1995 4  -82.0    720  0.107305   2978881  0.890246   -14 -0.938263  0.0000 0.000528 0.000551 0.002173 -0.017812  0.066268 -0.126879
PNTA 18APR06 2018.2615 58214 1995 5  -82.0    720  0.108630   2978881  0.891759   -14 -0.934842  0.0000 0.000525 0.000545 0.002123 -0.018637  0.050490 -0.122609
PNTA 18APR07 2018.2642 58215 1995 6  -82.0    720  0.109675   2978881  0.889782   -14 -0.939832  0.0000 0.000520 0.000535 0.002105 -0.036460  0.081854 -0.141316
PNTA 18APR08 2018.2669 58216 1996 0  -82.0    720  0.108183   2978881  0.892616   -14 -0.944084  0.0000 0.000517 0.000532 0.002074 -0.022217  0.035141 -0.138353
PNTA 18APR09 2018.2697 58217 1996 1  -82.0    720  0.108185   2978881  0.890169   -14 -0.930967  0.0000 0.000517 0.000536 0.002074 -0.034547  0.075083 -0.133194
PNTA 18APR10 2018.2724 58218 1996 2  -82.0    720  0.106119   2978881  0.888647   -14 -0.950977  0.0000 0.000521 0.000539 0.002124 -0.033317  0.065577 -0.151481
PNTA 18APR11 2018.2752 58219 1996 3  -82.0    720  0.106963   2978881  0.892175   -14 -0.940814  0.0000 0.000518 0.000531 0.002063 -0.040143  0.069277 -0.128773
PNTA 18APR12 2018.2779 58220 1996 4  -82.0    720  0.104959   2978881  0.890368   -14 -0.935983  0.0000 0.000533 0.000545 0.002140 -0.050878  0.054391 -0.134709
PNTA 18APR13 2018.2806 58221 1996 5  -82.0    720  0.106497   2978881  0.889610   -14 -0.938343  0.0000 0.000554 0.000553 0.002172 -0.036119  0.057976 -0.107780
PNTA 18APR14 2018.2834 58222 1996 6  -82.0    720  0.106721   2978881  0.891126   -14 -0.940193  0.0000 0.000523 0.000541 0.002147 -0.011721  0.030343 -0.167797
PNTA 18APR15 2018.2861 58223 1997 0  -82.0    720  0.106250   2978881  0.892377   -14 -0.936479  0.0000 0.000523 0.000537 0.002137 -0.013960  0.038054 -0.155559
PNTA 18APR16 2018.2888 58224 1997 1  -82.0    720  0.103617   2978881  0.892525   -14 -0.937102  0.0000 0.000520 0.000534 0.002079 -0.024401  0.035808 -0.132776
PNTA 18APR17 2018.2916 58225 1997 2  -82.0    720  0.104666   2978881  0.891791   -14 -0.932821  0.0000 0.000545 0.000541 0.002157 -0.033123  0.059867 -0.134649
PNTA 18APR18 2018.2943 58226 1997 3  -82.0    720  0.104014   2978881  0.888380   -14 -0.935460  0.0000 0.000543 0.000543 0.002131 -0.053904  0.059422 -0.098049
PNTA 18APR19 2018.2971 58227 1997 4  -82.0    720  0.104769   2978881  0.891087   -14 -0.936156  0.0000 0.000520 0.000538 0.002086 -0.034619  0.046253 -0.129605
PNTA 18APR20 2018.2998 58228 1997 5  -82.0    720  0.106054   2978881  0.890803   -14 -0.940855  0.0000 0.000518 0.000532 0.002063 -0.024552  0.065388 -0.121864
PNTA 18APR21 2018.3025 58229 1997 6  -82.0    720  0.108669   2978881  0.894932   -14 -0.920086  0.0000 0.000520 0.000536 0.002070 -0.047221  0.055575 -0.125663
PNTA 18APR22 2018.3053 58230 1998 0  -82.0    720  0.105908   2978881  0.892948   -14 -0.923405  0.0000 0.000528 0.000540 0.002100 -0.041158  0.046160 -0.130214
PNTA 18APR23 2018.3080 58231 1998 1  -82.0    720  0.104322   2978881  0.892533   -14 -0.941887  0.0000 0.000523 0.000536 0.002098 -0.053766  0.066377 -0.134102
PNTA 18APR24 2018.3107 58232 1998 2  -82.0    720  0.105014   2978881  0.892779   -14 -0.946743  0.0000 0.000514 0.000528 0.002027 -0.008805  0.040334 -0.106139
PNTA 18APR25 2018.3135 58233 1998 3  -82.0    720  0.107328   2978881  0.891146   -14 -0.942622  0.0000 0.000518 0.000534 0.002077 -0.032611  0.072686 -0.124438
PNTA 18APR26 2018.3162 58234 1998 4  -82.0    720  0.106542   2978881  0.890704   -14 -0.941404  0.0000 0.000513 0.000528 0.002020 -0.030480  0.051589 -0.131890
PNTA 18APR27 2018.3190 58235 1998 5  -82.0    720  0.104113   2978881  0.890463   -14 -0.938078  0.0000 0.000540 0.000545 0.002147 -0.014759  0.058970 -0.147559
PNTA 18APR28 2018.3217 58236 1998 6  -82.0    720  0.105939   2978881  0.891457   -14 -0.942071  0.0000 0.000515 0.000529 0.002029 -0.029716  0.049267 -0.123958
PNTA 18APR29 2018.3244 58237 1999 0  -82.0    720  0.103715   2978881  0.890227   -14 -0.938877  0.0000 0.000516 0.000532 0.002044 -0.040187  0.060168 -0.128587
PNTA 18APR30 2018.3272 58238 1999 1  -82.0    720  0.104975   2978881  0.890070   -14 -0.943569  0.0000 0.000519 0.000535 0.002068 -0.027164  0.068541 -0.119755
PNTA 18MAY01 2018.3299 58239 1999 2  -82.0    720  0.107176   2978881  0.891702   -14 -0.937908  0.0000 0.000517 0.000532 0.002075 -0.020074  0.061739 -0.145905
PNTA 18MAY02 2018.3326 58240 1999 3  -82.0    720  0.108699   2978881  0.892033   -14 -0.946459  0.0000 0.000517 0.000535 0.002059 -0.039849  0.042301 -0.129607
PNTA 18MAY03 2018.3354 58241 1999 4  -82.0    720  0.107900   2978881  0.892772   -14 -0.946065  0.0000 0.000522 0.000548 0.002115 -0.051634  0.043115 -0.153212
PNTA 18MAY04 2018.3381 58242 1999 5  -82.0    720  0.106779   2978881  0.890490   -14 -0.934098  0.0000 0.000527 0.000549 0.002102 -0.053801  0.050417 -0.133529
PNTA 18MAY05 2018.3409 58243 1999 6  -82.0    720  0.104440   2978881  0.893678   -14 -0.942992  0.0000 0.000517 0.000534 0.002047 -0.034735  0.052356 -0.132456
PNTA 18MAY06 2018.3436 58244 2000 0  -82.0    720  0.105466   2978881  0.895146   -14 -0.945004  0.0000 0.000503 0.000532 0.002007 -0.031459  0.047847 -0.127169
PNTA 18MAY07 2018.3463 58245 2000 1  -82.0    720  0.107754   2978881  0.891692   -14 -0.937380  0.0000 0.000502 0.000526 0.002005 -0.023622  0.043283 -0.142958
PNTA 18MAY08 2018.3491 58246 2000 2  -82.0    720  0.106235   2978881  0.892486   -14 -0.941794  0.0000 0.000501 0.000525 0.001988 -0.027330  0.019570 -0.106299
PNTA 18MAY09 2018.3518 58247 2000 3  -82.0    720  0.104067   2978881  0.890756   -14 -0.944319  0.0000 0.000503 0.000528 0.001995 -0.038457  0.028250 -0.127369
PNTA 18MAY10 2018.3546 58248 2000 4  -82.0    720  0.105443   2978881  0.892037   -14 -0.943999  0.0000 0.000501 0.000522 0.001956 -0.032714  0.037824 -0.105879
PNTA 18MAY11 2018.3573 58249 2000 5  -82.0    720  0.105914   2978881  0.892981   -14 -0.932166  0.0000 0.000497 0.000524 0.001947 -0.028518  0.031502 -0.112202
PNTA 18MAY12 2018.3600 58250 2000 6  -82.0    720  0.105255   2978881  0.893020   -14 -0.934633  0.0000 0.000501 0.000524 0.001982 -0.024129  0.045392 -0.105609
PNTA 18MAY13 2018.3628 58251 2001 0  -82.0    720  0.104274   2978881  0.888846   -14 -0.934476  0.0000 0.000500 0.000535 0.001997 -0.035362  0.007821 -0.114622
PNTA 18MAY14 2018.3655 58252 2001 1  -82.0    720  0.107578   2978881  0.892204   -14 -0.995978  0.0000 0.000497 0.000523 0.001973 -0.013991 -0.034798 -0.130398
PNTA 18MAY15 2018.3682 58253 2001 2  -82.0    720  0.101597   2978881  0.891718   -14 -1.008461  0.0000 0.000499 0.000527 0.001937 -0.023048 -0.017076 -0.107872
PNTA 18MAY16 2018.3710 58254 2001 3  -82.0    720  0.105398   2978881  0.891242   -14 -0.992178  0.0000 0.000500 0.000521 0.001953 -0.040456  0.032667 -0.110602
PNTA 18MAY17 2018.3737 58255 2001 4  -82.0    720  0.102673   2978881  0.890186   -14 -0.987446  0.0000 0.000494 0.000520 0.001951 -0.013651  0.005169 -0.098034
PNTA 18MAY18 2018.3765 58256 2001 5  -82.0    720  0.103685   2978881  0.890673   -14 -0.990689  0.0000 0.000517 0.000527 0.002002 -0.028324  0.025641 -0.109140
PNTA 18MAY19 2018.3792 58257 2001 6  -82.0    720  0.105832   2978881  0.893333   -14 -1.006074  0.0000 0.000491 0.000514 0.001910 -0.008268 -0.004375 -0.105782
PNTA 18MAY20 2018.3819 58258 2002 0  -82.0    720  0.101283   2978881  0.888135   -14 -0.983871  0.0000 0.000501 0.000523 0.001997 -0.034159  0.037689 -0.117346
PNTA 18MAY21 2018.3847 58259 2002 1  -82.0    720  0.101547   2978881  0.888533   -14 -0.995860  0.0000 0.000499 0.000521 0.001958 -0.017413  0.029338 -0.100352
PNTA 18MAY22 2018.3874 58260 2002 2  -82.0    720  0.109956   2978881  0.893461   -14 -1.017764  0.0000 0.000491 0.000517 0.001923 -0.016075  0.005350 -0.110551
PNTA 18MAY23 2018.3901 58261 2002 3  -82.0    720  0.106329   2978881  0.893123   -14 -0.980476  0.0000 0.000505 0.000524 0.001999 -0.010224  0.024006 -0.124004
PNTA 18MAY24 2018.3929 58262 2002 4  -82.0    720  0.105390   2978881  0.892229   -14 -0.993376  0.0000 0.000499 0.000520 0.001949 -0.017659 -0.007412 -0.108641
PNTA 18MAY25 2018.3956 58263 2002 5  -82.0    720  0.104205   2978881  0.891032   -14 -0.976455  0.0000 0.000498 0.000525 0.001970 -0.020315 -0.002959 -0.121805
PNTA 18MAY26 2018.3984 58264 2002 6  -82.0    720  0.103892   2978881  0.890341   -14 -0.985287  0.0000 0.000502 0.000520 0.001942 -0.045297  0.040815 -0.116338
PNTA 18MAY27 2018.4011 58265 2003 0  -82.0    720  0.104196   2978881  0.885960   -14 -0.965899  0.0000 0.000506 0.000524 0.001999 -0.036685  0.043253 -0.133824
PNTA 18MAY28 2018.4038 58266 2003 1  -82.0    720  0.103202   2978881  0.888440   -14 -1.001765  0.0000 0.000497 0.000519 0.001944 -0.016274  0.017673 -0.117732
PNTA 18MAY29 2018.4066 58267 2003 2  -82.0    720  0.103169   2978881  0.884896   -14 -0.983926  0.0000 0.000503 0.000524 0.002001 -0.003780 -0.000688 -0.128108
PNTA 18MAY30 2018.4093 58268 2003 3  -82.0    720  0.097865   2978881  0.885851   -14 -0.964415  0.0000 0.000513 0.000534 0.001985 -0.037673  0.010824 -0.118656
PNTA 18MAY31 2018.4120 58269 2003 4  -82.0    720  0.100477   2978881  0.887888   -14 -0.988147  0.0000 0.000504 0.000519 0.001958 -0.025716  0.008766 -0.122717
PNTA 18JUN01 2018.4148 58270 2003 5  -82.0    720  0.103000   2978881  0.888166   -14 -0.988822  0.0000 0.000500 0.000519 0.001947 -0.033952  0.015363 -0.108162
PNTA 18JUN02 2018.4175 58271 2003 6  -82.0    720  0.101607   2978881  0.888651   -14 -0.995537  0.0000 0.000501 0.000520 0.001945 -0.012940  0.007527 -0.109943
PNTA 18JUN03 2018.4203 58272 2004 0  -82.0    720  0.102821   2978881  0.891684   -14 -0.946299  0.0000 0.000507 0.000524 0.002010 -0.029202  0.053615 -0.121515
PNTA 18JUN04 2018.4230 58273 2004 1  -82.0    720  0.103845   2978881  0.887021   -14 -0.945098  0.0000 0.000509 0.000527 0.002034 -0.031310  0.049633 -0.117558
PNTA 18JUN05 2018.4257 58274 2004 2  -82.0    720  0.105663   2978881  0.889686   -14 -0.938580  0.0000 0.000509 0.000526 0.002017 -0.021334  0.014834 -0.119809
PNTA 18JUN06 2018.4285 58275 2004 3  -82.0    720  0.104363   2978881  0.892217   -14 -0.930291  0.0000 0.000517 0.000535 0.002052 -0.026831  0.034411 -0.136127
PNTA 18JUN07 2018.4312 58276 2004 4  -82.0    720  0.106276   2978881  0.888729   -14 -0.939259  0.0000 0.000515 0.000531 0.002030 -0.034213  0.033150 -0.131231
PNTA 18JUN08 2018.4339 58277 2004 5  -82.0    720  0.103550   2978881  0.888862   -14 -0.954279  0.0000 0.000518 0.000529 0.002052 -0.037183  0.068734 -0.124768
PNTA 18JUN09 2018.4367 58278 2004 6  -82.0    720  0.104816   2978881  0.890869   -14 -0.944758  0.0000 0.000513 0.000530 0.002045 -0.046775  0.075710 -0.108335
PNTA 18JUN10 2018.4394 58279 2005 0  -82.0    720  0.102192   2978881  0.890258   -14 -0.949042  0.0000 0.000517 0.000528 0.002027 -0.034962  0.052454 -0.107215
PNTA 18JUN11 2018.4422 58280 2005 1  -82.0    720  0.101587   2978881  0.887331   -14 -0.936676  0.0000 0.000526 0.000534 0.002083 -0.049573  0.052590 -0.141931
PNTA 18JUN12 2018.4449 58281 2005 2  -82.0    720  0.098514   2978881  0.889674   -14 -0.942017  0.0000 0.000518 0.000528 0.002046 -0.031390  0.038250 -0.128221
PNTA 18JUN13 2018.4476 58282 2005 3  -82.0    720  0.100578   2978881  0.892868   -14 -0.939413  0.0000 0.000508 0.000531 0.001991 -0.013886  0.012112 -0.095901
PNTA 18JUN14 2018.4504 58283 2005 4  -82.0    720  0.103753   2978881  0.885992   -14 -0.943683  0.0000 0.000506 0.000523 0.002009 -0.024657  0.048744 -0.110364
PNTA 18JUN15 2018.4531 58284 2005 5  -82.0    720  0.099709   2978881  0.890919   -14 -0.928008  0.0000 0.000508 0.000525 0.002005 -0.032935  0.064366 -0.098712
PNTA 18JUN16 2018.4559 58285 2005 6  -82.0    720  0.103486   2978881  0.886512   -14 -0.939119  0.0000 0.000515 0.000528 0.002029 -0.022101  0.044485 -0.102080
PNTA 18JUN17 2018.4586 58286 2006 0  -82.0    720  0.103390   2978881  0.887197   -14 -0.943829  0.0000 0.000514 0.000531 0.002017 -0.053916  0.039294 -0.104563
PNTA 18JUN18 2018.4613 58287 2006 1  -82.0    720  0.102910   2978881  0.889679   -14 -0.944915  0.0000 0.000518 0.000531 0.002037 -0.012054  0.030222 -0.116431
PNTA 18JUN19 2018.4641 58288 2006 2  -82.0    720  0.104239   2978881  0.889831   -14 -0.944317  0.0000 0.000505 0.000528 0.001987 -0.028876  0.046599 -0.094771
PNTA 18JUN20 2018.4668 58289 2006 3  -82.0    720  0.100652   2978881  0.888094   -14 -0.936924  0.0000 0.000506 0.000524 0.002030 -0.036580  0.077112 -0.107314
PNTA 18JUN21 2018.4695 58290 2006 4  -82.0    720  0.103304   2978881  0.888814   -14 -0.942971  0.0000 0.000512 0.000525 0.001990 -0.034238  0.049887 -0.096795
PNTA 18JUN22 2018.4723 58291 2006 5  -82.0    720  0.101681   2978881  0.891764   -14 -0.949835  0.0000 0.000520 0.000533 0.002042 -0.040496  0.038637 -0.112845
PNTA 18JUN23 2018.4750 58292 2006 6  -82.0    720  0.097897   2978881  0.890063   -14 -0.936039  0.0000 0.000508 0.000519 0.001957 -0.030946  0.049944 -0.117195
PNTA 18JUN24 2018.4778 58293 2007 0  -82.0    720  0.105505   2978881  0.887973   -14 -0.950147  0.0000 0.000508 0.000523 0.001999 -0.027550  0.031795 -0.127018
PNTA 18JUN25 2018.4805 58294 2007 1  -82.0    720  0.102949   2978881  0.887774   -14 -0.994226  0.0000 0.000499 0.000517 0.001956 -0.016101  0.048136 -0.113776
PNTA 18JUN26 2018.4832 58295 2007 2  -82.0    720  0.100178   2978881  0.891422   -14 -0.985621  0.0000 0.000500 0.000516 0.001927 -0.017483  0.008871 -0.109989
PNTA 18JUN27 2018.4860 58296 2007 3  -82.0    720  0.102963   2978881  0.888568   -14 -0.928334  0.0000 0.000517 0.000524 0.002037 -0.017848  0.072877 -0.113026
PNTA 18JUN28 2018.4887 58297 2007 4  -82.0    720  0.103311   2978881  0.885753   -14 -0.934446  0.0000 0.000516 0.000522 0.002004 -0.006396  0.032858 -0.116648
PNTA 18JUN29 2018.4914 58298 2007 5  -82.0    720  0.101627   2978881  0.891377   -14 -0.962062  0.0000 0.000506 0.000522 0.001969 -0.006719  0.008499 -0.104366
PNTA 18JUN30 2018.4942 58299 2007 6  -82.0    720  0.101145   2978881  0.889053   -14 -0.980434  0.0000 0.000527 0.000529 0.002062 -0.018216  0.044013 -0.135471
PNTA 18JUL01 2018.4969 58300 2008 0  -82.0    720  0.098243   2978881  0.890156   -14 -0.992609  0.0000 0.000525 0.000525 0.002062 -0.019615  0.055564 -0.119511
PNTA 18JUL02 2018.4997 58301 2008 1  -82.0    720  0.099269   2978881  0.886212   -14 -1.001551  0.0000 0.000507 0.000518 0.001975 -0.027916  0.022125 -0.091380
PNTA 18JUL03 2018.5024 58302 2008 2  -82.0    720  0.107977   2978881  0.885799   -14 -1.004319  0.0000 0.000509 0.000518 0.001984 -0.010881  0.018625 -0.113963
PNTA 18JUL04 2018.5051 58303 2008 3  -82.0    720  0.100639   2978881  0.889707   -14 -0.943792  0.0000 0.000514 0.000531 0.002034 -0.028062  0.038071 -0.117724
PNTA 18JUL05 2018.5079 58304 2008 4  -82.0    720  0.104565   2978881  0.889594   -14 -1.007374  0.0000 0.000508 0.000520 0.001986 -0.028267  0.058077 -0.113860
PNTA 18JUL06 2018.5106 58305 2008 5  -82.0    720  0.100991   2978881  0.889479   -14 -0.991541  0.0000 0.000503 0.000522 0.001976 -0.023860  0.040270 -0.114411
PNTA 18JUL07 2018.5133 58306 2008 6  -82.0    720  0.102097   2978881  0.891109   -14 -1.006419  0.0000 0.000507 0.000520 0.002006 -0.032710  0.046952 -0.135946
PNTA 18JUL08 2018.5161 58307 2009 0  -82.0    720  0.101926   2978881  0.890838   -14 -0.989574  0.0000 0.000502 0.000515 0.001950 -0.015798  0.022510 -0.122048
PNTA 18JUL09 2018.5188 58308 2009 1  -82.0    720  0.103966   2978881  0.887414   -14 -0.946434  0.0000 0.000521 0.000533 0.002056 -0.039295  0.061969 -0.155201
PNTA 18JUL10 2018.5216 58309 2009 2  -82.0    720  0.100968   2978881  0.891384   -14 -0.938023  0.0000 0.000514 0.000529 0.002023 -0.029402  0.059574 -0.126414
PNTA 18JUL11 2018.5243 58310 2009 3  -82.0    720  0.102749   2978881  0.887449   -14 -0.926744  0.0000 0.000529 0.000543 0.002093 -0.018488  0.048653 -0.144317
PNTA 18JUL12 2018.5270 58311 2009 4  -82.0    720  0.101293   2978881  0.887256   -14 -0.987062  0.0000 0.000502 0.000521 0.001988 -0.000550  0.025326 -0.120741
PNTA 18JUL13 2018.5298 58312 2009 5  -82.0    720  0.101698   2978881  0.888747   -14 -0.946522  0.0000 0.000509 0.000526 0.002008 -0.021710  0.046168 -0.120102
PNTA 18JUL14 2018.5325 58313 2009 6  -82.0    720  0.104812   2978881  0.886596   -14 -0.995506  0.0000 0.000509 0.000521 0.001978 -0.016007  0.005410 -0.124353
PNTA 18JUL15 2018.5352 58314 2010 0  -82.0    720  0.100178   2978881  0.889147   -14 -1.003133  0.0000 0.000504 0.000522 0.001968 -0.012566  0.011164 -0.126606
PNTA 18JUL16 2018.5380 58315 2010 1  -82.0    720  0.099218   2978881  0.888245   -14 -1.010105  0.0000 0.000502 0.000516 0.001951 -0.009164  0.016031 -0.114316
PNTA 18JUL17 2018.5407 58316 2010 2  -82.0    720  0.097278   2978881  0.890339   -14 -0.938661  0.0000 0.000510 0.000522 0.001995 -0.022574  0.046967 -0.124045
PNTA 18JUL18 2018.5435 58317 2010 3  -82.0    720  0.103903   2978881  0.886830   -14 -0.941099  0.0000 0.000513 0.000530 0.002020 -0.031683  0.052579 -0.113237
PNTA 18JUL19 2018.5462 58318 2010 4  -82.0    720  0.103061   2978881  0.893260   -14 -0.931663  0.0000 0.000507 0.000528 0.002006 -0.026943  0.037105 -0.118982
PNTA 18JUL20 2018.5489 58319 2010 5  -82.0    720  0.097886   2978881  0.890397   -14 -0.947666  0.0000 0.000507 0.000528 0.002001 -0.039505  0.041326 -0.126800
PNTA 18JUL21 2018.5517 58320 2010 6  -82.0    720  0.102121   2978881  0.889493   -14 -0.948398  0.0000 0.000522 0.000533 0.002057 -0.034042  0.006893 -0.122408
PNTA 18JUL22 2018.5544 58321 2011 0  -82.0    720  0.099845   2978881  0.888733   -14 -0.986217  0.0000 0.000502 0.000516 0.001951 -0.016700  0.034149 -0.109809
PNTA 18JUL23 2018.5572 58322 2011 1  -82.0    720  0.101609   2978881  0.884290   -14 -1.000334  0.0000 0.000519 0.000534 0.002059 -0.013336  0.038948 -0.134558
PNTA 18JUL24 2018.5599 58323 2011 2  -82.0    720  0.101287   2978881  0.886573   -14 -0.951403  0.0000 0.000510 0.000539 0.002050 -0.044117  0.052296 -0.131197
PNTA 18JUL25 2018.5626 58324 2011 3  -82.0    720  0.099227   2978881  0.897319   -14 -0.952296  0.0000 0.000521 0.000532 0.002056 -0.029973  0.079091 -0.115751
PNTA 18JUL26 2018.5654 58325 2011 4  -82.0    720  0.102065   2978881  0.888151   -14 -0.948197  0.0000 0.000514 0.000527 0.002009 -0.038393  0.052523 -0.136853
PNTA 18JUL27 2018.5681 58326 2011 5  -82.0    720  0.103487   2978881  0.890554   -14 -0.948940  0.0000 0.000508 0.000524 0.001997 -0.023292  0.041769 -0.138458
PNTA 18JUL28 2018.5708 58327 2011 6  -82.0    720  0.101889   2978881  0.887617   -14 -0.931889  0.0000 0.000515 0.000529 0.002050 -0.042655  0.074881 -0.121856
PNTA 18JUL29 2018.5736 58328 2012 0  -82.0    720  0.098531   2978881  0.890784   -14 -0.935029  0.0000 0.000513 0.000544 0.002063 -0.006618  0.041557 -0.111897
PNTA 18JUL30 2018.5763 58329 2012 1  -82.0    720  0.103614   2978881  0.886750   -14 -0.947396  0.0000 0.000533 0.000549 0.002121 -0.043168  0.053758 -0.144129
PNTA 18JUL31 2018.5791 58330 2012 2  -82.0    720  0.101264   2978881  0.886698   -14 -0.992561  0.0000 0.000528 0.000544 0.002081 -0.033447  0.034160 -0.148395
PNTA 18AUG01 2018.5818 58331 2012 3  -82.0    720  0.101299   2978881  0.890789   -14 -1.000138  0.0000 0.000526 0.000528 0.002032 -0.033195  0.029433 -0.124400
PNTA 18AUG02 2018.5845 58332 2012 4  -82.0    720  0.096775   2978881  0.886245   -14 -1.009098  0.0000 0.000523 0.000526 0.001992 -0.021927  0.023856 -0.144316
PNTA 18AUG03 2018.5873 58333 2012 5  -82.0    720  0.101066   2978881  0.892035   -14 -0.997075  0.0000 0.000523 0.000538 0.002056 -0.033853  0.059681 -0.101618
PNTA 18AUG04 2018.5900 58334 2012 6  -82.0    720  0.099681   2978881  0.887116   -14 -1.003750  0.0000 0.000507 0.000526 0.001992 -0.034489  0.043486 -0.111935
PNTA 18AUG05 2018.5927 58335 2013 0  -82.0    720  0.105575   2978881  0.891761   -14 -0.990617  0.0000 0.000507 0.000526 0.001967 -0.029294  0.035675 -0.102495
PNTA 18AUG06 2018.5955 58336 2013 1  -82.0    720  0.104208   2978881  0.886891   -14 -1.003838  0.0000 0.000503 0.000516 0.001964 -0.021600  0.041710 -0.127242
PNTA 18AUG07 2018.5982 58337 2013 2  -82.0    720  0.097787   2978881  0.892037   -14 -0.970272  0.0000 0.000688 0.000683 0.002524  0.005744 -0.010125 -0.112975
PNTA 18AUG08 2018.6010 58338 2013 3  -82.0    720  0.100931   2978881  0.885334   -14 -0.953173  0.0000 0.000513 0.000528 0.002029 -0.017558  0.019816 -0.095200
PNTA 18AUG09 2018.6037 58339 2013 4  -82.0    720  0.100243   2978881  0.887429   -14 -0.955110  0.0000 0.000511 0.000526 0.002044 -0.018930  0.056443 -0.113821
PNTA 18AUG10 2018.6064 58340 2013 5  -82.0    720  0.099166   2978881  0.884632   -14 -0.966290  0.0000 0.000511 0.000526 0.002014 -0.039292  0.066199 -0.125870
PNTA 18AUG11 2018.6092 58341 2013 6  -82.0    720  0.101163   2978881  0.888265   -14 -0.970945  0.0000 0.000501 0.000523 0.001994 -0.019086  0.052320 -0.125215
PNTA 18AUG12 2018.6119 58342 2014 0  -82.0    720  0.094734   2978881  0.889218   -14 -0.990646  0.0000 0.000498 0.000517 0.001936 -0.017566  0.032194 -0.094559
PNTA 18AUG13 2018.6146 58343 2014 1  -82.0    720  0.100804   2978881  0.888479   -14 -0.966403  0.0000 0.000513 0.000529 0.002025 -0.006810  0.038909 -0.106370
PNTA 18AUG14 2018.6174 58344 2014 2  -82.0    720  0.101694   2978881  0.887739   -14 -0.955193  0.0000 0.000504 0.000524 0.002005 -0.036092  0.055426 -0.103584
PNTA 18AUG15 2018.6201 58345 2014 3  -82.0    720  0.100399   2978881  0.888294   -14 -0.962619  0.0000 0.000509 0.000530 0.002003 -0.037012  0.049740 -0.095458
PNTA 18AUG16 2018.6229 58346 2014 4  -82.0    720  0.101849   2978881  0.889846   -14 -0.977760  0.0000 0.000517 0.000539 0.002055 -0.020418  0.039699 -0.134221
PNTA 18AUG17 2018.6256 58347 2014 5  -82.0    720  0.102873   2978881  0.887171   -14 -0.977203  0.0000 0.000523 0.000534 0.002059 -0.009761  0.024719 -0.141085
PNTA 18AUG18 2018.6283 58348 2014 6  -82.0    720  0.102345   2978881  0.890010   -14 -0.954777  0.0000 0.000510 0.000527 0.002027 -0.020526  0.056416 -0.129858
PNTA 18AUG19 2018.6311 58349 2015 0  -82.0    720  0.099951   2978881  0.886917   -14 -0.960231  0.0000 0.000507 0.000524 0.001998 -0.016008  0.021449 -0.127755
PNTA 18AUG20 2018.6338 58350 2015 1  -82.0    720  0.100523   2978881  0.886960   -14 -0.936164  0.0000 0.000508 0.000538 0.002054 -0.037437  0.040755 -0.137168
PNTA 18AUG21 2018.6366 58351 2015 2  -82.0    720  0.102255   2978881  0.887047   -14 -1.001191  0.0000 0.000501 0.000520 0.001963 -0.015056  0.043754 -0.107941
PNTA 18AUG22 2018.6393 58352 2015 3  -82.0    720  0.099881   2978881  0.887358   -14 -0.948876  0.0000 0.000531 0.000541 0.002134 -0.052332  0.092530 -0.149189
PNTA 18AUG23 2018.6420 58353 2015 4  -82.0    720  0.099003   2978881  0.889778   -14 -0.940122  0.0000 0.000540 0.000542 0.002144 -0.030926  0.085061 -0.163533
PNTA 18AUG24 2018.6448 58354 2015 5  -82.0    720  0.098538   2978881  0.890741   -14 -0.947585  0.0000 0.000512 0.000533 0.002073 -0.032095  0.059914 -0.152959
PNTA 18AUG25 2018.6475 58355 2015 6  -82.0    720  0.099627   2978881  0.887294   -14 -0.996539  0.0000 0.000506 0.000521 0.001981 -0.026057  0.022101 -0.133326
PNTA 18AUG26 2018.6502 58356 2016 0  -82.0    720  0.100085   2978881  0.889046   -14 -0.988796  0.0000 0.000505 0.000529 0.001996 -0.042873  0.046180 -0.103500
PNTA 18AUG27 2018.6530 58357 2016 1  -82.0    720  0.097473   2978881  0.887445   -14 -0.984991  0.0000 0.000504 0.000520 0.001992 -0.031291  0.069546 -0.134599
PNTA 18AUG28 2018.6557 58358 2016 2  -82.0    720  0.100804   2978881  0.888196   -14 -0.999756  0.0000 0.000507 0.000522 0.002014 -0.010932  0.036673 -0.117208
PNTA 18AUG29 2018.6585 58359 2016 3  -82.0    720  0.099507   2978881  0.888078   -14 -0.984639  0.0000 0.000506 0.000524 0.001995 -0.015946  0.042946 -0.111802
PNTA 18AUG30 2018.6612 58360 2016 4  -82.0    720  0.102366   2978881  0.888686   -14 -0.995718  0.0000 0.000505 0.000523 0.001997 -0.015908  0.014799 -0.142564
PNTA 18AUG31 2018.6639 58361 2016 5  -82.0    720  0.101301   2978881  0.888447   -14 -0.985663  0.0000 0.000502 0.000522 0.001975 -0.031280  0.028255 -0.116757
PNTA 18SEP01 2018.6667 58362 2016 6  -82.0    720  0.101646   2978881  0.886344   -14 -0.999836  0.0000 0.000506 0.000523 0.002012 -0.029844  0.062266 -0.150806
PNTA 18SEP02 2018.6694 58363 2017 0  -82.0    720  0.096684   2978881  0.887096   -14 -0.937570  0.0000 0.000506 0.000526 0.001990 -0.029462  0.051276 -0.133338
PNTA 18SEP24 2018.7296 58385 2020 1  -82.0    720  0.100616   2978881  0.888163   -14 -0.939742  0.0000 0.000855 0.000841 0.003213 -0.141838  0.119421 -0.051193
PNTA 18SEP25 2018.7324 58386 2020 2  -82.0    720  0.103378   2978881  0.907986   -14 -0.952896  0.0000 0.001146 0.001485 0.004607 -0.145479 -0.049118 -0.021036
PNTA 18SEP26 2018.7351 58387 2020 3  -82.0    720  0.094773   2978881  0.887784   -14 -1.044574  0.0000 0.000971 0.001037 0.003953 -0.071231  0.121666  0.025000
PNTA 18OCT25 2018.8145 58416 2024 4  -82.0    720  0.098637   2978881  0.889487   -14 -0.925847  0.0000 0.000822 0.000949 0.003482  0.034744 -0.092090 -0.102097
PNTA 18OCT28 2018.8227 58419 2025 0  -82.0    720  0.096614   2978881  0.890810   -14 -0.939304  0.0000 0.000770 0.000820 0.003111 -0.113136  0.135201 -0.142069
PNTA 18NOV01 2018.8337 58423 2025 4  -82.0    720  0.100658   2978881  0.888198   -14 -0.937250  0.0000 0.000642 0.000666 0.002509 -0.076311  0.109111 -0.108129
PNTA 18NOV02 2018.8364 58424 2025 5  -82.0    720  0.098584   2978881  0.889303   -14 -0.948832  0.0000 0.000945 0.000981 0.003599  0.002131 -0.045455 -0.168312
PNTA 18NOV03 2018.8392 58425 2025 6  -82.0    720  0.100038   2978881  0.888438   -14 -0.941871  0.0000 0.000635 0.000699 0.002635 -0.054601  0.121059 -0.097725
PNTA 18NOV04 2018.8419 58426 2026 0  -82.0    720  0.099942   2978881  0.898801   -14 -0.993975  0.0000 0.001744 0.001534 0.006625  0.207195 -0.199495 -0.262297
PNTA 18NOV05 2018.8446 58427 2026 1  -82.0    720  0.104873   2978881  0.883622   -14 -1.018734  0.0000 0.001259 0.001367 0.005252 -0.108879  0.121055 -0.211902
PNTA 18NOV06 2018.8474 58428 2026 2  -82.0    720  0.097393   2978881  0.887175   -14 -0.936265  0.0000 0.000827 0.000813 0.003262 -0.113750  0.134979 -0.120840
PNTA 18NOV07 2018.8501 58429 2026 3  -82.0    720  0.101770   2978881  0.891725   -14 -0.949155  0.0000 0.000768 0.000797 0.003114  0.040957 -0.006115 -0.152441
PNTA 18NOV08 2018.8528 58430 2026 4  -82.0    720  0.092204   2978881  0.893866   -14 -0.971001  0.0000 0.000808 0.000883 0.003308  0.062517 -0.056242 -0.115303
PNTA 18NOV12 2018.8638 58434 2027 1  -82.0    720  0.098010   2978881  0.894413   -14 -0.924019  0.0000 0.000902 0.000928 0.003529  0.005145  0.023490 -0.154374
PNTA 18NOV13 2018.8665 58435 2027 2  -82.0    720  0.097476   2978881  0.889925   -14 -0.944579  0.0000 0.000611 0.000623 0.002425 -0.056081  0.094269 -0.129497
PNTA 18NOV14 2018.8693 58436 2027 3  -82.0    720  0.096935   2978881  0.891219   -14 -0.936672  0.0000 0.000537 0.000550 0.002142 -0.059096  0.074673 -0.147738
PNTA 18NOV15 2018.8720 58437 2027 4  -82.0    720  0.095340   2978881  0.889226   -14 -0.980360  0.0000 0.000792 0.000809 0.003055  0.045084 -0.084357 -0.152149
PNTA 18NOV18 2018.8802 58440 2028 0  -82.0    720  0.085372   2978881  0.889917   -14 -0.944960  0.0000 0.021249 0.006116 0.014224 -0.160892  0.321509 -0.139299
PNTA 18NOV19 2018.8830 58441 2028 1  -82.0    720  0.095810   2978881  0.891558   -14 -0.935817  0.0000 0.000631 0.000639 0.002491 -0.069999  0.076821 -0.151328
PNTA 18NOV20 2018.8857 58442 2028 2  -82.0    720  0.098025   2978881  0.886858   -14 -0.935362  0.0000 0.000532 0.000544 0.002107 -0.039737  0.039440 -0.148704
PNTA 18NOV21 2018.8884 58443 2028 3  -82.0    720  0.098218   2978881  0.889532   -14 -0.939564  0.0000 0.000731 0.000733 0.002752 -0.004599 -0.011441 -0.086543
PNTA 18NOV22 2018.8912 58444 2028 4  -82.0    720  0.098243   2978881  0.891219   -14 -0.941363  0.0000 0.000548 0.000569 0.002156 -0.057002  0.047158 -0.154425
PNTA 18NOV25 2018.8994 58447 2029 0  -82.0    720  0.097437   2978881  0.886702   -14 -0.942031  0.0000 0.000612 0.000630 0.002479 -0.051832  0.070592 -0.131037
PNTA 18NOV26 2018.9021 58448 2029 1  -82.0    720  0.098981   2978881  0.887271   -14 -0.942674  0.0000 0.000773 0.000865 0.003284 -0.012707  0.084863 -0.212926
PNTA 18NOV27 2018.9049 58449 2029 2  -82.0    720  0.096280   2978881  0.889190   -14 -0.946856  0.0000 0.000756 0.000783 0.003001  0.000086  0.047655 -0.184504
PNTA 18NOV28 2018.9076 58450 2029 3  -82.0    720  0.097626   2978881  0.888892   -14 -0.940129  0.0000 0.000657 0.000649 0.002665 -0.067607  0.078831 -0.184874
PNTA 18NOV29 2018.9103 58451 2029 4  -82.0    720  0.098420   2978881  0.890534   -14 -0.935147  0.0000 0.000543 0.000567 0.002182 -0.045701  0.067575 -0.141488
PNTA 18NOV30 2018.9131 58452 2029 5  -82.0    720  0.098648   2978881  0.889359   -14 -0.931608  0.0000 0.000609 0.000620 0.002415 -0.026976  0.057658 -0.152833
PNTA 18DEC01 2018.9158 58453 2029 6  -82.0    720  0.097843   2978881  0.888303   -14 -0.938720  0.0000 0.000558 0.000576 0.002219 -0.056174  0.064486 -0.141347
PNTA 18DEC02 2018.9185 58454 2030 0  -82.0    720  0.097055   2978881  0.891803   -14 -0.939684  0.0000 0.000638 0.000686 0.002621  0.008691  0.048902 -0.148224
PNTA 18DEC04 2018.9240 58456 2030 2  -82.0    720  0.097903   2978881  0.891630   -14 -0.940096  0.0000 0.000717 0.000686 0.002803 -0.034536  0.053382 -0.139351
PNTA 18DEC05 2018.9268 58457 2030 3  -82.0    720  0.096223   2978881  0.892771   -14 -0.931721  0.0000 0.000685 0.000682 0.002725 -0.075886  0.079251 -0.154860
PNTA 18DEC22 2018.9733 58474 2032 6  -82.0    720  0.096733   2978881  0.887515   -14 -0.992267  0.0000 0.001027 0.000989 0.003704 -0.022001  0.087330 -0.110266
PNTA 19FEB01 2019.0856 58515 2038 5  -82.0    720  0.096532   2978881  0.892743   -14 -0.940960  0.0000 0.000620 0.000684 0.002549 -0.062218  0.061729 -0.141033
PNTA 19FEB02 2019.0883 58516 2038 6  -82.0    720  0.096099   2978881  0.894168   -14 -0.943448  0.0000 0.000532 0.000549 0.002096 -0.029105  0.034381 -0.148054
PNTA 19FEB03 2019.0910 58517 2039 0  -82.0    720  0.095536   2978881  0.889700   -14 -0.945447  0.0000 0.000742 0.000781 0.003076 -0.036055  0.032854 -0.144432
PNTA 19FEB04 2019.0938 58518 2039 1  -82.0    720  0.094299   2978881  0.891290   -14 -0.940296  0.0000 0.000612 0.000620 0.002315  0.026936 -0.026405 -0.159513
PNTA 19FEB05 2019.0965 58519 2039 2  -82.0    720  0.095650   2978881  0.893961   -14 -0.923669  0.0000 0.000735 0.000790 0.003089 -0.110217  0.194304 -0.130946
PNTA 19FEB06 2019.0992 58520 2039 3  -82.0    720  0.093724   2978881  0.893086   -14 -0.940150  0.0000 0.000505 0.000530 0.001998 -0.044417  0.050432 -0.144968
PNTA 19FEB07 2019.1020 58521 2039 4  -82.0    720  0.095241   2978881  0.893234   -14 -0.938744  0.0000 0.000672 0.000688 0.002625 -0.070666  0.047768 -0.160775
PNTA 19FEB08 2019.1047 58522 2039 5  -82.0    720  0.093351   2978881  0.892337   -14 -0.935985  0.0000 0.000523 0.000559 0.002105 -0.017984  0.040161 -0.127565
PNTA 19FEB09 2019.1075 58523 2039 6  -82.0    720  0.093005   2978881  0.897173   -14 -0.938698  0.0000 0.000701 0.000706 0.002664  0.026001 -0.046916 -0.161599
PNTA 19FEB10 2019.1102 58524 2040 0  -82.0    720  0.095361   2978881  0.893434   -14 -0.922013  0.0000 0.001004 0.001088 0.004198 -0.192881  0.165698 -0.116925
PNTA 19FEB12 2019.1157 58526 2040 2  -82.0    720  0.093549   2978881  0.890911   -14 -0.936783  0.0000 0.001065 0.000957 0.003781  0.016114 -0.058269 -0.181656
PNTA 19FEB13 2019.1184 58527 2040 3  -82.0    720  0.095526   2978881  0.891412   -14 -0.971321  0.0000 0.000632 0.000662 0.002431 -0.063104 -0.018932 -0.058138
PNTA 19FEB14 2019.1211 58528 2040 4  -82.0    720  0.094255   2978881  0.891540   -14 -0.992522  0.0000 0.000690 0.000698 0.002698 -0.050262  0.036886 -0.139730
PNTA 19FEB15 2019.1239 58529 2040 5  -82.0    720  0.093095   2978881  0.892707   -14 -0.993879  0.0000 0.000579 0.000633 0.002363 -0.006024  0.022302 -0.122995
PNTA 19FEB16 2019.1266 58530 2040 6  -82.0    720  0.093393   2978881  0.891684   -14 -0.960977  0.0000 0.000521 0.000535 0.002032 -0.016552  0.014776 -0.165059
PNTA 19FEB17 2019.1294 58531 2041 0  -82.0    720  0.094975   2978881  0.892473   -14 -0.936486  0.0000 0.000583 0.000595 0.002205 -0.051437  0.030079 -0.096956
PNTA 19FEB18 2019.1321 58532 2041 1  -82.0    720  0.093181   2978881  0.891463   -14 -0.936816  0.0000 0.000515 0.000536 0.002041 -0.031292  0.047082 -0.148591
PNTA 19FEB19 2019.1348 58533 2041 2  -82.0    720  0.093219   2978881  0.894013   -14 -0.938379  0.0000 0.000845 0.000797 0.003155  0.045683 -0.035436 -0.188173
PNTA 19FEB20 2019.1376 58534 2041 3  -82.0    720  0.094290   2978881  0.894121   -14 -0.933346  0.0000 0.000611 0.000648 0.002494 -0.048068  0.074143 -0.159189
PNTA 19FEB21 2019.1403 58535 2041 4  -82.0    720  0.095794   2978881  0.894025   -14 -0.927102  0.0000 0.000698 0.000704 0.002718  0.073683 -0.047199 -0.193232
