site YYMMMDD yyyy.yyyy __MJD week d reflon _e0(m) __east(m) ____n0(m) _north(m) u0(m) ____up(m) _ant(m) sig_e(m) sig_n(m) sig_u(m) __corr_en __corr_eu __corr_nu
PDAV 15JAN01 2015.0007 57023 1825 4  125.6   4794  0.701713    788047  0.156058    98  0.868566  0.0000 0.000525 0.000448 0.001866 -0.092963 -0.015034  0.011979
PDAV 15JAN02 2015.0034 57024 1825 5  125.6   4794  0.704074    788047  0.161259    98  0.865436  0.0000 0.000523 0.000441 0.001833 -0.089483 -0.006557  0.006481
PDAV 15JAN03 2015.0062 57025 1825 6  125.6   4794  0.703518    788047  0.158314    98  0.862847  0.0000 0.000524 0.000444 0.001839 -0.106896  0.010064  0.024516
PDAV 15JAN04 2015.0089 57026 1826 0  125.6   4794  0.704234    788047  0.160520    98  0.873505  0.0000 0.000528 0.000447 0.001872 -0.082506 -0.000722  0.006897
PDAV 15JAN05 2015.0116 57027 1826 1  125.6   4794  0.702935    788047  0.157239    98  0.877335  0.0000 0.000523 0.000447 0.001850 -0.073840  0.006885  0.008721
PDAV 15JAN06 2015.0144 57028 1826 2  125.6   4794  0.697488    788047  0.158962    98  0.874133  0.0000 0.000538 0.000452 0.001914 -0.049309 -0.027812 -0.024111
PDAV 15JAN07 2015.0171 57029 1826 3  125.6   4794  0.701378    788047  0.159761    98  0.870839  0.0000 0.000542 0.000458 0.001971 -0.079789 -0.025571 -0.009629
PDAV 15JAN08 2015.0198 57030 1826 4  125.6   4794  0.704116    788047  0.159181    98  0.855960  0.0000 0.000527 0.000451 0.001863 -0.079403 -0.000792 -0.010848
PDAV 15JAN09 2015.0226 57031 1826 5  125.6   4794  0.704510    788047  0.157498    98  0.866548  0.0000 0.000528 0.000463 0.001936 -0.077701  0.013766  0.003879
PDAV 15JAN10 2015.0253 57032 1826 6  125.6   4794  0.704372    788047  0.154597    98  0.851704  0.0000 0.000523 0.000448 0.001829 -0.075370  0.011433  0.006265
PDAV 15JAN11 2015.0281 57033 1827 0  125.6   4794  0.702815    788047  0.153729    98  0.866344  0.0000 0.000523 0.000447 0.001838 -0.078661  0.002604 -0.004070
PDAV 15JAN12 2015.0308 57034 1827 1  125.6   4794  0.704685    788047  0.158329    98  0.868342  0.0000 0.000522 0.000444 0.001828 -0.084021  0.006488  0.004903
PDAV 15JAN13 2015.0335 57035 1827 2  125.6   4794  0.703985    788047  0.156192    98  0.863186  0.0000 0.000524 0.000447 0.001843 -0.086137  0.009229  0.005935
PDAV 15JAN14 2015.0363 57036 1827 3  125.6   4794  0.703501    788047  0.158815    98  0.867839  0.0000 0.000523 0.000446 0.001839 -0.089437  0.002235  0.012585
PDAV 15JAN15 2015.0390 57037 1827 4  125.6   4794  0.704722    788047  0.156919    98  0.863996  0.0000 0.000528 0.000446 0.001845 -0.086339 -0.005150  0.009803
PDAV 15JAN16 2015.0418 57038 1827 5  125.6   4794  0.704230    788047  0.156938    98  0.867122  0.0000 0.000521 0.000444 0.001827 -0.079526  0.012862  0.003083
PDAV 15JAN17 2015.0445 57039 1827 6  125.6   4794  0.700863    788047  0.158341    98  0.873449  0.0000 0.000523 0.000446 0.001827 -0.085678  0.024529  0.010557
PDAV 15JAN18 2015.0472 57040 1828 0  125.6   4794  0.701680    788047  0.156328    98  0.852803  0.0000 0.000525 0.000457 0.001927 -0.066214  0.016161  0.018344
PDAV 15JAN19 2015.0500 57041 1828 1  125.6   4794  0.702406    788047  0.159425    98  0.863650  0.0000 0.000524 0.000448 0.001836 -0.092027  0.021003  0.019643
PDAV 15JAN20 2015.0527 57042 1828 2  125.6   4794  0.705022    788047  0.159309    98  0.869282  0.0000 0.000522 0.000444 0.001828 -0.080154  0.018173  0.020157
PDAV 15JAN21 2015.0554 57043 1828 3  125.6   4794  0.704013    788047  0.154523    98  0.888129  0.0000 0.000539 0.000459 0.001923 -0.078184  0.013816  0.008149
PDAV 15JAN22 2015.0582 57044 1828 4  125.6   4794  0.697414    788047  0.159352    98  0.874832  0.0000 0.000524 0.000452 0.001869 -0.086229  0.015236  0.017407
PDAV 15JAN23 2015.0609 57045 1828 5  125.6   4794  0.703159    788047  0.156760    98  0.854388  0.0000 0.000520 0.000445 0.001832 -0.090854  0.014029  0.023810
PDAV 15JAN24 2015.0637 57046 1828 6  125.6   4794  0.703707    788047  0.157409    98  0.862473  0.0000 0.000540 0.000457 0.001905 -0.086122 -0.005199  0.030942
PDAV 15JAN25 2015.0664 57047 1829 0  125.6   4794  0.701276    788047  0.155239    98  0.872883  0.0000 0.000527 0.000445 0.001853 -0.073736  0.003658  0.006869
PDAV 15JAN26 2015.0691 57048 1829 1  125.6   4794  0.702370    788047  0.160152    98  0.868671  0.0000 0.000525 0.000450 0.001858 -0.076810  0.020708 -0.009304
PDAV 15JAN27 2015.0719 57049 1829 2  125.6   4794  0.701941    788047  0.158529    98  0.863095  0.0000 0.000524 0.000447 0.001847 -0.074157  0.013034  0.012779
PDAV 15JAN28 2015.0746 57050 1829 3  125.6   4794  0.704146    788047  0.158222    98  0.862207  0.0000 0.000522 0.000447 0.001845 -0.087409  0.022451  0.041058
PDAV 15JAN29 2015.0773 57051 1829 4  125.6   4794  0.703254    788047  0.155748    98  0.869345  0.0000 0.000538 0.000455 0.001907 -0.071242  0.008029  0.016109
PDAV 15JAN30 2015.0801 57052 1829 5  125.6   4794  0.701950    788047  0.158773    98  0.846042  0.0000 0.000548 0.000460 0.001905 -0.086458  0.034659  0.026156
PDAV 15JAN31 2015.0828 57053 1829 6  125.6   4794  0.701383    788047  0.155479    98  0.860511  0.0000 0.000537 0.000453 0.001870 -0.078365  0.004886  0.038459
PDAV 15FEB01 2015.0856 57054 1830 0  125.6   4794  0.705557    788047  0.155737    98  0.872193  0.0000 0.000532 0.000449 0.001870 -0.065152  0.017912  0.008371
PDAV 15FEB02 2015.0883 57055 1830 1  125.6   4794  0.702334    788047  0.157154    98  0.849991  0.0000 0.000533 0.000451 0.001882 -0.058221  0.034375  0.028685
PDAV 15FEB03 2015.0910 57056 1830 2  125.6   4794  0.702907    788047  0.161463    98  0.858561  0.0000 0.000526 0.000450 0.001852 -0.075655  0.035283  0.043906
PDAV 15FEB04 2015.0938 57057 1830 3  125.6   4794  0.703814    788047  0.157535    98  0.863665  0.0000 0.000528 0.000452 0.001867 -0.058077  0.023050  0.029050
PDAV 15FEB05 2015.0965 57058 1830 4  125.6   4794  0.704235    788047  0.156992    98  0.863667  0.0000 0.000549 0.000462 0.001955 -0.078429 -0.011516  0.015387
PDAV 15FEB06 2015.0992 57059 1830 5  125.6   4794  0.705772    788047  0.159641    98  0.853197  0.0000 0.000550 0.000460 0.001946 -0.076675  0.007793  0.001052
PDAV 15FEB07 2015.1020 57060 1830 6  125.6   4794  0.700327    788047  0.160534    98  0.865795  0.0000 0.000539 0.000454 0.001929 -0.063337  0.005435  0.008839
PDAV 15FEB08 2015.1047 57061 1831 0  125.6   4794  0.704630    788047  0.159900    98  0.848667  0.0000 0.000532 0.000451 0.001889 -0.061615  0.021128  0.030365
PDAV 15FEB09 2015.1075 57062 1831 1  125.6   4794  0.705029    788047  0.154107    98  0.864592  0.0000 0.000525 0.000454 0.001886 -0.074836  0.026578  0.045468
PDAV 15FEB10 2015.1102 57063 1831 2  125.6   4794  0.700804    788047  0.157894    98  0.860017  0.0000 0.000568 0.000473 0.001983 -0.058195  0.038297  0.001451
PDAV 15FEB11 2015.1129 57064 1831 3  125.6   4794  0.703535    788047  0.156353    98  0.846610  0.0000 0.000545 0.000470 0.001981 -0.051849  0.033233  0.033692
PDAV 15FEB12 2015.1157 57065 1831 4  125.6   4794  0.703262    788047  0.155498    98  0.843005  0.0000 0.000543 0.000464 0.001948 -0.058955  0.020738  0.022101
PDAV 15FEB13 2015.1184 57066 1831 5  125.6   4794  0.700233    788047  0.160654    98  0.846706  0.0000 0.000543 0.000466 0.001954 -0.064588  0.021643  0.027319
PDAV 15FEB14 2015.1211 57067 1831 6  125.6   4794  0.700662    788047  0.158375    98  0.850914  0.0000 0.000556 0.000479 0.002022 -0.051042  0.014225  0.047184
PDAV 15FEB15 2015.1239 57068 1832 0  125.6   4794  0.702076    788047  0.156542    98  0.862992  0.0000 0.000537 0.000460 0.001919 -0.073464  0.023597  0.017196
PDAV 15FEB16 2015.1266 57069 1832 1  125.6   4794  0.701902    788047  0.161182    98  0.870349  0.0000 0.000544 0.000473 0.001971 -0.083994  0.054462  0.003990
PDAV 15FEB17 2015.1294 57070 1832 2  125.6   4794  0.699477    788047  0.158319    98  0.863877  0.0000 0.000534 0.000459 0.001942 -0.060000  0.012759  0.027605
PDAV 15FEB18 2015.1321 57071 1832 3  125.6   4794  0.699925    788047  0.158291    98  0.852328  0.0000 0.000529 0.000461 0.001945 -0.074429  0.048416  0.005824
PDAV 15FEB19 2015.1348 57072 1832 4  125.6   4794  0.702553    788047  0.160138    98  0.861650  0.0000 0.000537 0.000470 0.001969 -0.048068  0.004183  0.038510
PDAV 15FEB20 2015.1376 57073 1832 5  125.6   4794  0.702844    788047  0.159957    98  0.860571  0.0000 0.000539 0.000468 0.001986 -0.041895  0.005110  0.022156
PDAV 15FEB21 2015.1403 57074 1832 6  125.6   4794  0.702946    788047  0.157123    98  0.865533  0.0000 0.000531 0.000458 0.001942 -0.061143  0.018284  0.009272
PDAV 15FEB22 2015.1431 57075 1833 0  125.6   4794  0.703258    788047  0.161929    98  0.857082  0.0001 0.000529 0.000457 0.001930 -0.076020  0.018036  0.038624
PDAV 15FEB23 2015.1458 57076 1833 1  125.6   4794  0.702020    788047  0.158357    98  0.857529  0.0001 0.000526 0.000458 0.001922 -0.062164  0.011329  0.033690
PDAV 15FEB24 2015.1485 57077 1833 2  125.6   4794  0.702875    788047  0.159623    98  0.869299  0.0001 0.000531 0.000457 0.001929 -0.053340  0.000187  0.009619
PDAV 15FEB25 2015.1513 57078 1833 3  125.6   4794  0.700851    788047  0.157878    98  0.857804  0.0001 0.000535 0.000462 0.001948 -0.040168  0.025785  0.016579
PDAV 15FEB26 2015.1540 57079 1833 4  125.6   4794  0.701550    788047  0.155951    98  0.859259  0.0001 0.000529 0.000458 0.001941 -0.041087  0.001191 -0.007577
PDAV 15FEB27 2015.1567 57080 1833 5  125.6   4794  0.698975    788047  0.158425    98  0.863665  0.0001 0.000548 0.000468 0.001978 -0.055571  0.006035  0.011968
PDAV 15FEB28 2015.1595 57081 1833 6  125.6   4794  0.702312    788047  0.154887    98  0.863581  0.0001 0.000541 0.000468 0.002011 -0.046773 -0.000545  0.020614
PDAV 15MAR01 2015.1622 57082 1834 0  125.6   4794  0.702633    788047  0.159115    98  0.859885  0.0001 0.000529 0.000461 0.001943 -0.055963 -0.003827  0.021628
PDAV 15MAR02 2015.1650 57083 1834 1  125.6   4794  0.699638    788047  0.156900    98  0.871498  0.0001 0.000535 0.000465 0.001948 -0.037239  0.028141  0.032599
PDAV 15MAR03 2015.1677 57084 1834 2  125.6   4794  0.702931    788047  0.156746    98  0.860314  0.0001 0.000528 0.000463 0.001939 -0.049313  0.021037  0.009404
PDAV 15MAR04 2015.1704 57085 1834 3  125.6   4794  0.704498    788047  0.154057    98  0.862534  0.0001 0.000543 0.000471 0.002013 -0.061974  0.031063 -0.001064
PDAV 15MAR05 2015.1732 57086 1834 4  125.6   4794  0.697074    788047  0.159071    98  0.865984  0.0001 0.000549 0.000481 0.002054 -0.062970  0.066997  0.022440
PDAV 15MAR06 2015.1759 57087 1834 5  125.6   4794  0.701947    788047  0.156584    98  0.858652  0.0001 0.000540 0.000471 0.001975 -0.035921  0.047972  0.034970
PDAV 15MAR07 2015.1786 57088 1834 6  125.6   4794  0.698742    788047  0.159272    98  0.845660  0.0001 0.000528 0.000459 0.001910 -0.049609  0.042195 -0.006611
PDAV 15MAR08 2015.1814 57089 1835 0  125.6   4794  0.699732    788047  0.159067    98  0.866168  0.0001 0.000526 0.000459 0.001918 -0.051663  0.040425  0.021135
PDAV 15MAR09 2015.1841 57090 1835 1  125.6   4794  0.700020    788047  0.159447    98  0.863559  0.0001 0.000539 0.000466 0.001954 -0.040247  0.007681  0.022336
PDAV 15MAR10 2015.1869 57091 1835 2  125.6   4794  0.694938    788047  0.154609    98  0.865046  0.0001 0.000534 0.000462 0.001937 -0.018352  0.019304 -0.003477
PDAV 15MAR11 2015.1896 57092 1835 3  125.6   4794  0.713074    788047  0.155678    98  0.852878  0.0001 0.000546 0.000481 0.002034 -0.034619  0.019104 -0.031908
PDAV 15MAR12 2015.1923 57093 1835 4  125.6   4794  0.702321    788047  0.158629    98  0.847658  0.0001 0.000567 0.000469 0.002007 -0.055416  0.028685  0.009794
PDAV 15MAR13 2015.1951 57094 1835 5  125.6   4794  0.699706    788047  0.156262    98  0.864624  0.0001 0.000539 0.000475 0.001981 -0.050850  0.044808  0.007169
PDAV 15MAR14 2015.1978 57095 1835 6  125.6   4794  0.701785    788047  0.155817    98  0.864247  0.0001 0.000551 0.000481 0.002057 -0.045482  0.004131 -0.008804
PDAV 15MAR15 2015.2005 57096 1836 0  125.6   4794  0.701753    788047  0.155966    98  0.861834  0.0001 0.000531 0.000463 0.001954 -0.032950  0.013821 -0.006142
PDAV 15MAR16 2015.2033 57097 1836 1  125.6   4794  0.700105    788047  0.160143    98  0.870531  0.0001 0.000542 0.000471 0.002007 -0.020064 -0.005761  0.009264
PDAV 15MAR17 2015.2060 57098 1836 2  125.6   4794  0.696157    788047  0.162308    98  0.860671  0.0001 0.000543 0.000463 0.001977 -0.045995 -0.007664  0.020100
PDAV 15MAR18 2015.2088 57099 1836 3  125.6   4794  0.694960    788047  0.157850    98  0.853297  0.0001 0.000531 0.000460 0.001933 -0.049597  0.028111  0.019357
PDAV 15MAR19 2015.2115 57100 1836 4  125.6   4794  0.697791    788047  0.161997    98  0.862113  0.0001 0.000531 0.000459 0.001950 -0.042332  0.008758 -0.008207
PDAV 15MAR20 2015.2142 57101 1836 5  125.6   4794  0.699636    788047  0.158977    98  0.872707  0.0001 0.000553 0.000462 0.001973 -0.047902  0.019210  0.010574
PDAV 15MAR21 2015.2170 57102 1836 6  125.6   4794  0.700780    788047  0.161651    98  0.859104  0.0001 0.000532 0.000461 0.001949 -0.051449  0.037442  0.017183
PDAV 15MAR22 2015.2197 57103 1837 0  125.6   4794  0.700037    788047  0.160420    98  0.850508  0.0001 0.000528 0.000457 0.001925 -0.051014  0.025483  0.017138
PDAV 15MAR23 2015.2225 57104 1837 1  125.6   4794  0.702292    788047  0.158910    98  0.855339  0.0001 0.000538 0.000463 0.001967 -0.057912  0.014307  0.012254
PDAV 15MAR24 2015.2252 57105 1837 2  125.6   4794  0.700596    788047  0.156689    98  0.865854  0.0001 0.000538 0.000464 0.001991 -0.035992 -0.002601 -0.015190
PDAV 15MAR25 2015.2279 57106 1837 3  125.6   4794  0.699941    788047  0.156779    98  0.853407  0.0000 0.000531 0.000456 0.001937 -0.059446  0.004487  0.016286
PDAV 15MAR26 2015.2307 57107 1837 4  125.6   4794  0.702327    788047  0.158588    98  0.880867  0.0000 0.000538 0.000466 0.001990 -0.072786  0.001137 -0.001587
PDAV 15MAR27 2015.2334 57108 1837 5  125.6   4794  0.701049    788047  0.155843    98  0.865650  0.0000 0.000547 0.000473 0.001983 -0.017545  0.045481  0.022390
PDAV 15MAR28 2015.2361 57109 1837 6  125.6   4794  0.699384    788047  0.160346    98  0.856997  0.0000 0.000554 0.000480 0.002019 -0.025149  0.035430  0.042720
PDAV 15MAR29 2015.2389 57110 1838 0  125.6   4794  0.697914    788047  0.157296    98  0.859534  0.0000 0.000577 0.000487 0.002061 -0.028738  0.043589  0.048389
PDAV 15MAR30 2015.2416 57111 1838 1  125.6   4794  0.699853    788047  0.155226    98  0.857579  0.0000 0.000578 0.000486 0.002054 -0.038571  0.044831  0.032742
PDAV 15MAR31 2015.2444 57112 1838 2  125.6   4794  0.698181    788047  0.155820    98  0.861841  0.0000 0.000583 0.000492 0.002107 -0.022347  0.043252  0.004991
PDAV 15APR01 2015.2471 57113 1838 3  125.6   4794  0.701507    788047  0.157758    98  0.863207  0.0000 0.000591 0.000503 0.002192 -0.019655  0.034823  0.014870
PDAV 15APR02 2015.2498 57114 1838 4  125.6   4794  0.698704    788047  0.157755    98  0.860554  0.0000 0.000572 0.000478 0.002072 -0.047011 -0.027653  0.005524
PDAV 15APR03 2015.2526 57115 1838 5  125.6   4794  0.698383    788047  0.156058    98  0.847097  0.0000 0.000577 0.000498 0.002171 -0.023763  0.006563  0.015187
PDAV 15APR04 2015.2553 57116 1838 6  125.6   4794  0.696079    788047  0.159403    98  0.861394  0.0000 0.000547 0.000479 0.002042 -0.033657  0.026227  0.004219
PDAV 15APR05 2015.2580 57117 1839 0  125.6   4794  0.701321    788047  0.156794    98  0.877198  0.0000 0.000547 0.000470 0.002024 -0.056816  0.033279 -0.015095
PDAV 15APR06 2015.2608 57118 1839 1  125.6   4794  0.699852    788047  0.156380    98  0.871478  0.0000 0.000547 0.000491 0.002094 -0.021436  0.010233  0.057694
PDAV 15APR07 2015.2635 57119 1839 2  125.6   4794  0.697296    788047  0.157199    98  0.859002  0.0000 0.000570 0.000487 0.002072 -0.053614  0.011921  0.041152
PDAV 15APR08 2015.2663 57120 1839 3  125.6   4794  0.700972    788047  0.158826    98  0.879037  0.0000 0.000544 0.000473 0.002022 -0.032087  0.007336  0.015650
PDAV 15APR09 2015.2690 57121 1839 4  125.6   4794  0.701032    788047  0.156357    98  0.845047  0.0000 0.000519 0.000462 0.001962 -0.050126  0.036596  0.029483
PDAV 15APR10 2015.2717 57122 1839 5  125.6   4794  0.706396    788047  0.159792    98  0.854115  0.0000 0.000532 0.000477 0.002020 -0.056442 -0.000692  0.043059
PDAV 15APR11 2015.2745 57123 1839 6  125.6   4794  0.697613    788047  0.156398    98  0.856827  0.0000 0.000519 0.000478 0.001984 -0.030649  0.041957  0.032262
PDAV 15APR12 2015.2772 57124 1840 0  125.6   4794  0.695191    788047  0.155289    98  0.859525  0.0000 0.000521 0.000467 0.001959 -0.055831  0.040410  0.025691
PDAV 15APR13 2015.2799 57125 1840 1  125.6   4794  0.697562    788047  0.152881    98  0.866616  0.0000 0.000514 0.000457 0.001928 -0.061119  0.044079  0.019588
PDAV 15APR14 2015.2827 57126 1840 2  125.6   4794  0.700797    788047  0.155863    98  0.842533  0.0000 0.000544 0.000477 0.002015 -0.021205  0.017968 -0.006420
PDAV 15APR15 2015.2854 57127 1840 3  125.6   4794  0.697269    788047  0.162061    98  0.862280  0.0000 0.000544 0.000484 0.002044 -0.025394 -0.007782 -0.029283
PDAV 15APR16 2015.2882 57128 1840 4  125.6   4794  0.699802    788047  0.156166    98  0.875432  0.0000 0.000527 0.000475 0.001949 -0.037145  0.020224  0.017773
PDAV 15APR17 2015.2909 57129 1840 5  125.6   4794  0.696149    788047  0.157603    98  0.874500  0.0000 0.000521 0.000455 0.001932 -0.053505  0.026850  0.025996
PDAV 15APR18 2015.2936 57130 1840 6  125.6   4794  0.698935    788047  0.155766    98  0.870934  0.0000 0.000512 0.000470 0.001944 -0.034026  0.074859  0.033339
PDAV 15APR19 2015.2964 57131 1841 0  125.6   4794  0.698556    788047  0.155521    98  0.866932  0.0000 0.000514 0.000453 0.001911 -0.070699  0.030879  0.004320
PDAV 15APR20 2015.2991 57132 1841 1  125.6   4794  0.692975    788047  0.158347    98  0.858345  0.0000 0.000517 0.000461 0.001940 -0.039556  0.059293  0.020357
PDAV 15APR21 2015.3018 57133 1841 2  125.6   4794  0.696423    788047  0.157286    98  0.871969  0.0000 0.000559 0.000476 0.002029 -0.032949 -0.023059  0.018412
PDAV 15APR22 2015.3046 57134 1841 3  125.6   4794  0.696837    788047  0.160676    98  0.879687  0.0000 0.000537 0.000463 0.001970 -0.044856  0.015249  0.020702
PDAV 15APR23 2015.3073 57135 1841 4  125.6   4794  0.699082    788047  0.156220    98  0.869676  0.0000 0.000511 0.000458 0.001964 -0.040915  0.032345  0.000623
PDAV 15APR24 2015.3101 57136 1841 5  125.6   4794  0.697327    788047  0.155882    98  0.858502  0.0000 0.000513 0.000460 0.001960 -0.046633  0.026345 -0.008858
PDAV 15APR25 2015.3128 57137 1841 6  125.6   4794  0.694741    788047  0.156329    98  0.855958  0.0000 0.000534 0.000479 0.002017 -0.034846  0.053605  0.005954
PDAV 15APR26 2015.3155 57138 1842 0  125.6   4794  0.694926    788047  0.160437    98  0.863536  0.0000 0.000524 0.000465 0.001970 -0.036730  0.055696 -0.000443
PDAV 15APR27 2015.3183 57139 1842 1  125.6   4794  0.696678    788047  0.157754    98  0.861321  0.0000 0.000509 0.000460 0.001921 -0.049174  0.060603  0.014105
PDAV 15APR28 2015.3210 57140 1842 2  125.6   4794  0.704731    788047  0.164346    98  0.854438  0.0000 0.000512 0.000462 0.001949 -0.038899  0.050268 -0.012407
PDAV 15APR29 2015.3238 57141 1842 3  125.6   4794  0.696445    788047  0.158718    98  0.856804  0.0000 0.000510 0.000457 0.001923 -0.061404  0.051349  0.023159
PDAV 15APR30 2015.3265 57142 1842 4  125.6   4794  0.691553    788047  0.155597    98  0.870677  0.0000 0.000508 0.000467 0.001950 -0.080205  0.041556  0.025397
PDAV 15MAY01 2015.3292 57143 1842 5  125.6   4794  0.695248    788047  0.154159    98  0.849823  0.0000 0.000516 0.000474 0.001972 -0.066080  0.059287  0.032136
PDAV 15MAY02 2015.3320 57144 1842 6  125.6   4794  0.696762    788047  0.154884    98  0.864592  0.0000 0.000527 0.000466 0.001958 -0.059131  0.024900  0.030536
PDAV 15MAY03 2015.3347 57145 1843 0  125.6   4794  0.698168    788047  0.157867    98  0.872199  0.0000 0.000501 0.000448 0.001863 -0.036536  0.064624  0.016713
PDAV 15MAY04 2015.3374 57146 1843 1  125.6   4794  0.696003    788047  0.160065    98  0.866261  0.0000 0.000515 0.000454 0.001893 -0.072511  0.036466 -0.028229
PDAV 15MAY05 2015.3402 57147 1843 2  125.6   4794  0.694462    788047  0.157201    98  0.845225  0.0000 0.000504 0.000453 0.001907 -0.051098  0.057549 -0.018012
PDAV 15MAY06 2015.3429 57148 1843 3  125.6   4794  0.694049    788047  0.158514    98  0.867318  0.0000 0.000496 0.000438 0.001843 -0.067187  0.069066  0.011614
PDAV 15MAY07 2015.3457 57149 1843 4  125.6   4794  0.689932    788047  0.154176    98  0.853657  0.0000 0.000516 0.000454 0.001919 -0.088080  0.051032  0.024543
PDAV 15MAY08 2015.3484 57150 1843 5  125.6   4794  0.694593    788047  0.160693    98  0.874924  0.0000 0.000517 0.000454 0.001900 -0.031732  0.061519  0.002372
PDAV 15MAY09 2015.3511 57151 1843 6  125.6   4794  0.695041    788047  0.156730    98  0.881415  0.0000 0.000504 0.000451 0.001884 -0.038775  0.072388  0.000015
PDAV 15MAY10 2015.3539 57152 1844 0  125.6   4794  0.696870    788047  0.154510    98  0.868876  0.0000 0.000500 0.000446 0.001889 -0.051725  0.038447 -0.006692
PDAV 15MAY11 2015.3566 57153 1844 1  125.6   4794  0.695225    788047  0.156591    98  0.869468  0.0000 0.000493 0.000438 0.001840 -0.071468  0.059865  0.004422
PDAV 15MAY12 2015.3593 57154 1844 2  125.6   4794  0.690653    788047  0.154918    98  0.868792  0.0000 0.000501 0.000448 0.001894 -0.086036  0.085079 -0.002031
PDAV 15MAY13 2015.3621 57155 1844 3  125.6   4794  0.691229    788047  0.155629    98  0.859932  0.0000 0.000514 0.000455 0.001944 -0.086446  0.083102 -0.034932
PDAV 15MAY14 2015.3648 57156 1844 4  125.6   4794  0.694251    788047  0.160019    98  0.858807  0.0000 0.000494 0.000440 0.001851 -0.052489  0.063011  0.000113
PDAV 15MAY15 2015.3676 57157 1844 5  125.6   4794  0.696048    788047  0.156554    98  0.878049  0.0000 0.000492 0.000439 0.001848 -0.061659  0.061211 -0.012408
PDAV 15MAY16 2015.3703 57158 1844 6  125.6   4794  0.696539    788047  0.158998    98  0.893977  0.0000 0.000493 0.000440 0.001836 -0.051922  0.041267 -0.021953
PDAV 15MAY17 2015.3730 57159 1845 0  125.6   4794  0.699419    788047  0.163836    98  0.870690  0.0000 0.000506 0.000442 0.001872 -0.041717  0.031599 -0.018053
PDAV 15MAY18 2015.3758 57160 1845 1  125.6   4794  0.692679    788047  0.159993    98  0.854710  0.0000 0.000501 0.000444 0.001878 -0.038451  0.089251 -0.014043
PDAV 15MAY19 2015.3785 57161 1845 2  125.6   4794  0.701897    788047  0.160420    98  0.865421  0.0000 0.000516 0.000444 0.001868 -0.064644  0.073685 -0.031080
PDAV 15MAY20 2015.3812 57162 1845 3  125.6   4794  0.699443    788047  0.158573    98  0.851025  0.0000 0.000493 0.000442 0.001852 -0.058097  0.044798 -0.003348
PDAV 15MAY21 2015.3840 57163 1845 4  125.6   4794  0.694018    788047  0.157382    98  0.867188  0.0000 0.000489 0.000436 0.001830 -0.062134  0.039661 -0.009224
PDAV 15MAY22 2015.3867 57164 1845 5  125.6   4794  0.697971    788047  0.159404    98  0.861282  0.0000 0.000498 0.000443 0.001860 -0.044561  0.074289  0.009362
PDAV 15MAY23 2015.3895 57165 1845 6  125.6   4794  0.694459    788047  0.155695    98  0.852934  0.0000 0.000499 0.000439 0.001854 -0.044624  0.064951  0.009821
PDAV 15MAY24 2015.3922 57166 1846 0  125.6   4794  0.690382    788047  0.153753    98  0.848689  0.0000 0.000502 0.000448 0.001896 -0.043347  0.065845  0.007028
PDAV 15MAY25 2015.3949 57167 1846 1  125.6   4794  0.691938    788047  0.161442    98  0.861389  0.0000 0.000499 0.000441 0.001869 -0.053236  0.062958  0.003428
PDAV 15MAY26 2015.3977 57168 1846 2  125.6   4794  0.695719    788047  0.156457    98  0.871043  0.0000 0.000495 0.000441 0.001848 -0.048314  0.063031  0.001785
PDAV 15MAY27 2015.4004 57169 1846 3  125.6   4794  0.693641    788047  0.155500    98  0.865382  0.0000 0.000604 0.000529 0.002255 -0.071635  0.079444 -0.001918
PDAV 15MAY28 2015.4031 57170 1846 4  125.6   4794  0.689874    788047  0.160652    98  0.869478  0.0000 0.000599 0.000518 0.002155 -0.058586  0.092858  0.030721
PDAV 15MAY29 2015.4059 57171 1846 5  125.6   4794  0.693482    788047  0.153878    98  0.850959  0.0000 0.000496 0.000436 0.001838 -0.052097  0.070149 -0.008064
PDAV 15MAY30 2015.4086 57172 1846 6  125.6   4794  0.692766    788047  0.156333    98  0.874236  0.0000 0.000502 0.000439 0.001858 -0.044180  0.070377  0.001002
PDAV 15MAY31 2015.4114 57173 1847 0  125.6   4794  0.689944    788047  0.156186    98  0.868221  0.0000 0.000497 0.000439 0.001837 -0.054737  0.057888  0.000879
PDAV 15JUN01 2015.4141 57174 1847 1  125.6   4794  0.692336    788047  0.157761    98  0.876666  0.0000 0.000493 0.000434 0.001813 -0.047719  0.049693 -0.008717
PDAV 15SEP06 2015.6797 57271 1861 0  125.6   4794  0.685980    788047  0.153127    98  0.853486  0.0001 0.000502 0.000438 0.001873 -0.041637  0.050454 -0.036990
PDAV 15SEP07 2015.6824 57272 1861 1  125.6   4794  0.684975    788047  0.155548    98  0.871903  0.0001 0.000506 0.000447 0.001866 -0.031172  0.021081 -0.037259
PDAV 15SEP08 2015.6851 57273 1861 2  125.6   4794  0.689801    788047  0.156511    98  0.874390  0.0001 0.000497 0.000437 0.001844 -0.039335  0.037952 -0.017317
PDAV 15SEP09 2015.6879 57274 1861 3  125.6   4794  0.685764    788047  0.158187    98  0.859298  0.0001 0.000500 0.000438 0.001854 -0.036542  0.020840 -0.003939
PDAV 15SEP10 2015.6906 57275 1861 4  125.6   4794  0.683824    788047  0.156311    98  0.853816  0.0001 0.000500 0.000438 0.001846 -0.037283  0.040426 -0.015882
PDAV 15SEP11 2015.6934 57276 1861 5  125.6   4794  0.687814    788047  0.153512    98  0.859672  0.0001 0.000512 0.000442 0.001865 -0.039401  0.031354 -0.018564
PDAV 15SEP12 2015.6961 57277 1861 6  125.6   4794  0.685245    788047  0.153157    98  0.858753  0.0001 0.000505 0.000443 0.001856 -0.035124  0.035155 -0.028618
PDAV 16SEP18 2016.7146 57649 1915 0  125.6   4794  0.655181    788047  0.158863    98  0.852429  0.0000 0.000518 0.000440 0.001835  0.025746 -0.023636  0.010416
PDAV 16SEP19 2016.7173 57650 1915 1  125.6   4794  0.654681    788047  0.156363    98  0.853703  0.0000 0.000507 0.000439 0.001790  0.028549 -0.014765  0.002697
PDAV 16SEP20 2016.7201 57651 1915 2  125.6   4794  0.652798    788047  0.153953    98  0.853842  0.0000 0.000510 0.000437 0.001801  0.026605 -0.016679  0.009357
PDAV 16SEP21 2016.7228 57652 1915 3  125.6   4794  0.654664    788047  0.153236    98  0.851992  0.0000 0.000505 0.000435 0.001785  0.011328  0.012691  0.004802
PDAV 16SEP22 2016.7255 57653 1915 4  125.6   4794  0.653220    788047  0.155875    98  0.865265  0.0000 0.000518 0.000441 0.001827  0.025326 -0.013510 -0.001161
PDAV 16SEP23 2016.7283 57654 1915 5  125.6   4794  0.648244    788047  0.161856    98  0.851868  0.0000 0.000529 0.000452 0.001882  0.033616 -0.025093 -0.003651
PDAV 16SEP24 2016.7310 57655 1915 6  125.6   4794  0.651382    788047  0.154513    98  0.844202  0.0000 0.000510 0.000440 0.001823  0.014504  0.018315  0.000785
PDAV 17MAR29 2017.2402 57841 1942 3  125.6   4794  0.639559    788047  0.152493    98  0.855259  0.0001 0.000509 0.000442 0.001837  0.038098 -0.038814 -0.013018
PDAV 17MAR30 2017.2430 57842 1942 4  125.6   4794  0.636082    788047  0.157576    98  0.860026  0.0001 0.000512 0.000441 0.001831  0.044189 -0.008992  0.014653
PDAV 17MAR31 2017.2457 57843 1942 5  125.6   4794  0.637685    788047  0.155376    98  0.849768  0.0001 0.000511 0.000440 0.001825  0.038044 -0.033264  0.000597
PDAV 17APR01 2017.2485 57844 1942 6  125.6   4794  0.637529    788047  0.156719    98  0.868092  0.0001 0.000511 0.000439 0.001833  0.036990 -0.045244 -0.006587
PDAV 17APR02 2017.2512 57845 1943 0  125.6   4794  0.638712    788047  0.154899    98  0.859327  0.0001 0.000518 0.000442 0.001862  0.025842 -0.012495 -0.005758
PDAV 17APR09 2017.2704 57852 1944 0  125.6   4794  0.636705    788047  0.154364    98  0.857423  0.0001 0.000509 0.000437 0.001822  0.019816 -0.008946 -0.013189
PDAV 17APR10 2017.2731 57853 1944 1  125.6   4794  0.639451    788047  0.151853    98  0.854456  0.0001 0.000515 0.000440 0.001834  0.032831 -0.019940  0.006129
PDAV 17APR11 2017.2758 57854 1944 2  125.6   4794  0.642130    788047  0.156684    98  0.860038  0.0001 0.000511 0.000438 0.001822  0.039816 -0.029142  0.001576
PDAV 17APR12 2017.2786 57855 1944 3  125.6   4794  0.641692    788047  0.153587    98  0.858103  0.0001 0.000512 0.000440 0.001848  0.024218 -0.006794 -0.020013
PDAV 17APR13 2017.2813 57856 1944 4  125.6   4794  0.635762    788047  0.151251    98  0.856742  0.0001 0.000516 0.000447 0.001885  0.023176 -0.048368 -0.024548
PDAV 17APR14 2017.2841 57857 1944 5  125.6   4794  0.633658    788047  0.159536    98  0.859622  0.0001 0.000510 0.000442 0.001844  0.028955 -0.049140 -0.017811
PDAV 17APR15 2017.2868 57858 1944 6  125.6   4794  0.637863    788047  0.154500    98  0.864112  0.0001 0.000509 0.000441 0.001827  0.040596 -0.010190 -0.012859
PDAV 17APR16 2017.2895 57859 1945 0  125.6   4794  0.633303    788047  0.152865    98  0.854214  0.0001 0.000505 0.000436 0.001802  0.037728 -0.041157 -0.007134
PDAV 17APR17 2017.2923 57860 1945 1  125.6   4794  0.641507    788047  0.156264    98  0.844328  0.0001 0.000512 0.000442 0.001856  0.037269 -0.035931 -0.017677
PDAV 17APR18 2017.2950 57861 1945 2  125.6   4794  0.635226    788047  0.153153    98  0.853955  0.0001 0.000512 0.000443 0.001828  0.042619 -0.039796 -0.007746
PDAV 17APR19 2017.2977 57862 1945 3  125.6   4794  0.637031    788047  0.159131    98  0.861233  0.0001 0.000517 0.000445 0.001875  0.035802 -0.043043  0.001481
PDAV 17APR20 2017.3005 57863 1945 4  125.6   4794  0.636507    788047  0.155508    98  0.863883  0.0001 0.000513 0.000448 0.001825  0.056104 -0.023247 -0.012905
PDAV 17APR21 2017.3032 57864 1945 5  125.6   4794  0.638581    788047  0.158604    98  0.862546  0.0001 0.000511 0.000444 0.001832  0.056505 -0.040291 -0.018368
PDAV 17APR22 2017.3060 57865 1945 6  125.6   4794  0.637052    788047  0.158291    98  0.861081  0.0001 0.000527 0.000451 0.001892  0.069051 -0.029466 -0.033154
PDAV 17APR23 2017.3087 57866 1946 0  125.6   4794  0.638489    788047  0.155556    98  0.845402  0.0001 0.000519 0.000444 0.001839  0.051170 -0.025400  0.005868
PDAV 17APR24 2017.3114 57867 1946 1  125.6   4794  0.635067    788047  0.160076    98  0.839575  0.0001 0.000518 0.000446 0.001850  0.043455 -0.002397  0.010577
PDAV 17APR25 2017.3142 57868 1946 2  125.6   4794  0.637597    788047  0.163580    98  0.866785  0.0001 0.000513 0.000443 0.001843  0.036695 -0.025393 -0.014370
PDAV 17APR26 2017.3169 57869 1946 3  125.6   4794  0.634448    788047  0.152433    98  0.875268  0.0001 0.000519 0.000451 0.001881  0.056452 -0.016132  0.004913
PDAV 17APR27 2017.3196 57870 1946 4  125.6   4794  0.629131    788047  0.161311    98  0.862103  0.0001 0.000512 0.000443 0.001832  0.033865 -0.020829 -0.007127
PDAV 17APR28 2017.3224 57871 1946 5  125.6   4794  0.637587    788047  0.153442    98  0.863962  0.0001 0.000517 0.000457 0.001908  0.047708 -0.034864  0.023990
PDAV 17APR29 2017.3251 57872 1946 6  125.6   4794  0.634059    788047  0.152157    98  0.852004  0.0001 0.000513 0.000445 0.001862  0.023304 -0.029350  0.012597
PDAV 17APR30 2017.3279 57873 1947 0  125.6   4794  0.633351    788047  0.151969    98  0.863266  0.0001 0.000507 0.000437 0.001817  0.024060 -0.023684 -0.010072
PDAV 17MAY01 2017.3306 57874 1947 1  125.6   4794  0.629662    788047  0.149417    98  0.856549  0.0001 0.000511 0.000441 0.001828  0.031867 -0.010639 -0.013176
PDAV 17MAY02 2017.3333 57875 1947 2  125.6   4794  0.631269    788047  0.151988    98  0.855839  0.0001 0.000511 0.000444 0.001830  0.040267  0.011747  0.005520
PDAV 17MAY03 2017.3361 57876 1947 3  125.6   4794  0.638573    788047  0.161021    98  0.876210  0.0001 0.000519 0.000444 0.001861  0.029942 -0.000158  0.011504
PDAV 17MAY04 2017.3388 57877 1947 4  125.6   4794  0.630651    788047  0.151961    98  0.860914  0.0001 0.000508 0.000440 0.001834  0.037781 -0.043934 -0.015887
PDAV 17MAY05 2017.3415 57878 1947 5  125.6   4794  0.631589    788047  0.151868    98  0.878287  0.0001 0.000530 0.000449 0.001866  0.012366 -0.021658 -0.003118
PDAV 17MAY06 2017.3443 57879 1947 6  125.6   4794  0.630798    788047  0.154943    98  0.872204  0.0001 0.000511 0.000439 0.001832  0.037019 -0.013006 -0.018711
PDAV 17MAY07 2017.3470 57880 1948 0  125.6   4794  0.633237    788047  0.155431    98  0.857456  0.0001 0.000515 0.000447 0.001846  0.041032 -0.007533 -0.006221
PDAV 17MAY08 2017.3498 57881 1948 1  125.6   4794  0.633825    788047  0.149869    98  0.865755  0.0001 0.000511 0.000445 0.001850  0.047589 -0.003407 -0.003477
PDAV 17MAY09 2017.3525 57882 1948 2  125.6   4794  0.630329    788047  0.150920    98  0.867150  0.0001 0.000513 0.000442 0.001831  0.050094 -0.026860  0.009190
PDAV 17MAY10 2017.3552 57883 1948 3  125.6   4794  0.631314    788047  0.154515    98  0.855456  0.0001 0.000516 0.000446 0.001870  0.050509 -0.066302 -0.006284
PDAV 17MAY11 2017.3580 57884 1948 4  125.6   4794  0.635657    788047  0.155042    98  0.854579  0.0001 0.000512 0.000441 0.001836  0.037712  0.002808  0.003436
PDAV 17MAY12 2017.3607 57885 1948 5  125.6   4794  0.633924    788047  0.154542    98  0.856300  0.0001 0.000520 0.000447 0.001857  0.046038  0.016523  0.013200
PDAV 17MAY13 2017.3634 57886 1948 6  125.6   4794  0.630652    788047  0.155082    98  0.862940  0.0001 0.000506 0.000438 0.001809  0.043955 -0.010502  0.009740
PDAV 17MAY14 2017.3662 57887 1949 0  125.6   4794  0.632082    788047  0.152838    98  0.861936  0.0001 0.000506 0.000436 0.001805  0.039144 -0.020668 -0.000153
PDAV 17MAY15 2017.3689 57888 1949 1  125.6   4794  0.628827    788047  0.152841    98  0.863702  0.0001 0.000508 0.000442 0.001823  0.029142 -0.030559  0.010143
PDAV 17MAY16 2017.3717 57889 1949 2  125.6   4794  0.636162    788047  0.154799    98  0.867623  0.0001 0.000506 0.000441 0.001810  0.052082 -0.011559  0.010983
PDAV 17MAY17 2017.3744 57890 1949 3  125.6   4794  0.631363    788047  0.150542    98  0.860592  0.0001 0.000506 0.000441 0.001809  0.037111 -0.008320 -0.007097
PDAV 17MAY18 2017.3771 57891 1949 4  125.6   4794  0.633772    788047  0.153055    98  0.873204  0.0001 0.000521 0.000453 0.001853  0.015011  0.005587 -0.011683
PDAV 17MAY19 2017.3799 57892 1949 5  125.6   4794  0.633701    788047  0.152598    98  0.864551  0.0001 0.000526 0.000450 0.001850  0.025416  0.006559  0.000096
PDAV 17MAY20 2017.3826 57893 1949 6  125.6   4794  0.633705    788047  0.152165    98  0.859262  0.0001 0.000506 0.000438 0.001807  0.029432 -0.022293  0.008983
PDAV 17MAY21 2017.3854 57894 1950 0  125.6   4794  0.636529    788047  0.153114    98  0.852007  0.0001 0.000505 0.000439 0.001809  0.039839 -0.013251 -0.000701
PDAV 17MAY22 2017.3881 57895 1950 1  125.6   4794  0.633777    788047  0.157368    98  0.854522  0.0001 0.000502 0.000439 0.001790  0.037911 -0.014794  0.004588
PDAV 17MAY23 2017.3908 57896 1950 2  125.6   4794  0.635750    788047  0.159107    98  0.861795  0.0001 0.000515 0.000439 0.001832  0.014796  0.026449 -0.023528
PDAV 17MAY24 2017.3936 57897 1950 3  125.6   4794  0.630482    788047  0.155816    98  0.861426  0.0001 0.000503 0.000439 0.001808  0.026287 -0.028493 -0.002988
PDAV 17MAY25 2017.3963 57898 1950 4  125.6   4794  0.634104    788047  0.150676    98  0.868139  0.0001 0.000504 0.000438 0.001814  0.031522 -0.027236 -0.010541
PDAV 17MAY26 2017.3990 57899 1950 5  125.6   4794  0.627580    788047  0.157151    98  0.856364  0.0001 0.000505 0.000440 0.001811  0.032129 -0.029547 -0.004688
PDAV 17MAY27 2017.4018 57900 1950 6  125.6   4794  0.628621    788047  0.156430    98  0.849204  0.0001 0.000518 0.000446 0.001852  0.047734  0.015871  0.018379
PDAV 17MAY28 2017.4045 57901 1951 0  125.6   4794  0.628997    788047  0.152996    98  0.839757  0.0001 0.000504 0.000438 0.001810  0.035145 -0.023381 -0.012708
PDAV 17MAY29 2017.4073 57902 1951 1  125.6   4794  0.635260    788047  0.153561    98  0.858169  0.0001 0.000508 0.000443 0.001827  0.019934 -0.009755 -0.012115
PDAV 17MAY30 2017.4100 57903 1951 2  125.6   4794  0.633408    788047  0.152419    98  0.856648  0.0001 0.000509 0.000441 0.001831  0.027503 -0.012940 -0.005282
PDAV 17MAY31 2017.4127 57904 1951 3  125.6   4794  0.634511    788047  0.154257    98  0.853376  0.0001 0.000504 0.000436 0.001796  0.030400 -0.022852  0.004919
PDAV 17JUN01 2017.4155 57905 1951 4  125.6   4794  0.634414    788047  0.153848    98  0.867537  0.0001 0.000501 0.000434 0.001782  0.028841 -0.020830 -0.012895
PDAV 17JUN02 2017.4182 57906 1951 5  125.6   4794  0.640086    788047  0.152764    98  0.859967  0.0001 0.000511 0.000450 0.001858  0.013132 -0.018246  0.008874
PDAV 17JUN03 2017.4209 57907 1951 6  125.6   4794  0.633643    788047  0.154925    98  0.837863  0.0001 0.000511 0.000446 0.001848  0.019355 -0.023232 -0.011909
PDAV 17JUN04 2017.4237 57908 1952 0  125.6   4794  0.632321    788047  0.151932    98  0.833329  0.0001 0.000517 0.000446 0.001876  0.028062 -0.022915 -0.026401
PDAV 17JUN05 2017.4264 57909 1952 1  125.6   4794  0.630967    788047  0.155479    98  0.850381  0.0001 0.000515 0.000445 0.001840  0.040553 -0.008766  0.004656
PDAV 17JUN06 2017.4292 57910 1952 2  125.6   4794  0.632142    788047  0.153968    98  0.858591  0.0001 0.000499 0.000436 0.001781  0.030195 -0.013883  0.004459
PDAV 17JUN07 2017.4319 57911 1952 3  125.6   4794  0.634087    788047  0.154574    98  0.854208  0.0001 0.000499 0.000435 0.001785  0.013604 -0.028620  0.019692
PDAV 17JUN08 2017.4346 57912 1952 4  125.6   4794  0.629164    788047  0.152564    98  0.849419  0.0001 0.000505 0.000445 0.001799  0.046529 -0.023973  0.014799
PDAV 17JUN09 2017.4374 57913 1952 5  125.6   4794  0.628946    788047  0.153208    98  0.859898  0.0001 0.000502 0.000439 0.001802  0.031812 -0.005182  0.018329
PDAV 17JUN10 2017.4401 57914 1952 6  125.6   4794  0.627616    788047  0.151258    98  0.855040  0.0001 0.000504 0.000445 0.001814  0.032840 -0.006525  0.027219
PDAV 17SEP17 2017.7112 58013 1967 0  125.6   4794  0.617774    788047  0.153779    98  0.843492  0.0001 0.000507 0.000446 0.001806  0.037358 -0.017596  0.002433
PDAV 17SEP18 2017.7139 58014 1967 1  125.6   4794  0.617966    788047  0.158002    98  0.840770  0.0001 0.000504 0.000439 0.001793  0.031381 -0.029167  0.015058
PDAV 17SEP19 2017.7166 58015 1967 2  125.6   4794  0.620833    788047  0.154810    98  0.852165  0.0001 0.000501 0.000434 0.001790  0.028877 -0.037678  0.011344
PDAV 17SEP20 2017.7194 58016 1967 3  125.6   4794  0.618879    788047  0.154020    98  0.846916  0.0001 0.000514 0.000441 0.001836  0.038300 -0.047824  0.016173
PDAV 17SEP21 2017.7221 58017 1967 4  125.6   4794  0.618898    788047  0.152299    98  0.851613  0.0001 0.000503 0.000432 0.001787  0.027651 -0.021077  0.011807
PDAV 17SEP22 2017.7248 58018 1967 5  125.6   4794  0.619862    788047  0.152497    98  0.854061  0.0001 0.000508 0.000441 0.001833  0.031368  0.012617  0.000205
PDAV 17SEP23 2017.7276 58019 1967 6  125.6   4794  0.618729    788047  0.152900    98  0.844556  0.0001 0.000511 0.000442 0.001832  0.032202 -0.025125 -0.002065
