site YYMMMDD yyyy.yyyy __MJD week d reflon _e0(m) __east(m) ____n0(m) _north(m) u0(m) ____up(m) _ant(m) sig_e(m) sig_n(m) sig_u(m) __corr_en __corr_eu __corr_nu
ELHT 02JAN22 2002.0589 52296 1150 2  167.1   1112  0.512528  -8607179 -0.358914  3347  0.240802  0.0790 0.001752 0.001795 0.007569 -0.234812 -0.142589 -0.303766
ELHT 02JAN23 2002.0616 52297 1150 3  167.1   1112  0.517692  -8607179 -0.361236  3347  0.245089  0.0790 0.001534 0.002270 0.009217 -0.110688  0.081760 -0.168748
ELHT 02JAN24 2002.0643 52298 1150 4  167.1   1112  0.516631  -8607179 -0.360753  3347  0.241182  0.0790 0.000841 0.001213 0.005227  0.008783  0.175994 -0.167777
ELHT 02JAN25 2002.0671 52299 1150 5  167.1   1112  0.518176  -8607179 -0.368057  3347  0.241560  0.0790 0.001519 0.001530 0.007644  0.060949 -0.028108 -0.433251
ELHT 02JAN26 2002.0698 52300 1150 6  167.1   1112  0.512424  -8607179 -0.355432  3347  0.230474  0.0790 0.003318 0.003055 0.009850 -0.634257 -0.089849 -0.013344
ELHT 02JAN27 2002.0726 52301 1151 0  167.1   1112  0.515214  -8607179 -0.358531  3347  0.255943  0.0790 0.002204 0.002428 0.009686 -0.161045  0.204431 -0.190805
ELHT 02JAN28 2002.0753 52302 1151 1  167.1   1112  0.525506  -8607179 -0.355526  3347  0.231293  0.0790 0.002201 0.002700 0.011102 -0.189887  0.015633 -0.146722
ELHT 02JAN29 2002.0780 52303 1151 2  167.1   1112  0.507951  -8607179 -0.359490  3347  0.224069  0.0790 0.002825 0.001598 0.007836 -0.086286 -0.020837 -0.175897
ELHT 02JAN30 2002.0808 52304 1151 3  167.1   1112  0.511152  -8607179 -0.355831  3347  0.224150  0.0790 0.001877 0.001990 0.007906 -0.280033  0.037059 -0.177205
ELHT 02JAN31 2002.0835 52305 1151 4  167.1   1112  0.516592  -8607179 -0.362211  3347  0.248457  0.0790 0.001057 0.001371 0.006572 -0.074192  0.069707 -0.273409
ELHT 02FEB01 2002.0862 52306 1151 5  167.1   1112  0.518196  -8607179 -0.362823  3347  0.231976  0.0790 0.003317 0.002929 0.010642  0.108627  0.216004 -0.158013
ELHT 02FEB02 2002.0890 52307 1151 6  167.1   1112  0.518980  -8607179 -0.363989  3347  0.219421  0.0790 0.000934 0.001191 0.005375 -0.144987 -0.110280 -0.288326
ELHT 02FEB03 2002.0917 52308 1152 0  167.1   1112  0.513337  -8607179 -0.364555  3347  0.237875  0.0790 0.000808 0.001007 0.004561 -0.135963 -0.108346 -0.259229
ELHT 02FEB04 2002.0945 52309 1152 1  167.1   1112  0.510677  -8607179 -0.358863  3347  0.252106  0.0790 0.001476 0.001699 0.007298  0.006922 -0.140009 -0.386829
ELHT 02FEB05 2002.0972 52310 1152 2  167.1   1112  0.516147  -8607179 -0.357713  3347  0.232582  0.0790 0.001728 0.002528 0.008584  0.115531 -0.006081 -0.385325
ELHT 02FEB06 2002.0999 52311 1152 3  167.1   1112  0.515572  -8607179 -0.358637  3347  0.231476  0.0790 0.001157 0.001110 0.006104 -0.113424  0.215918 -0.315539
ELHT 02FEB07 2002.1027 52312 1152 4  167.1   1112  0.519834  -8607179 -0.362721  3347  0.244774  0.0790 0.001379 0.001678 0.007914 -0.071000  0.214128 -0.420944
ELHT 02FEB08 2002.1054 52313 1152 5  167.1   1112  0.519749  -8607179 -0.359793  3347  0.243561  0.0790 0.001403 0.001904 0.007570  0.102309  0.086306 -0.390181
ELHT 02FEB09 2002.1081 52314 1152 6  167.1   1112  0.515463  -8607179 -0.367035  3347  0.229908  0.0790 0.001299 0.001740 0.008818 -0.159388  0.182960 -0.506903
ELHT 02FEB10 2002.1109 52315 1153 0  167.1   1112  0.518956  -8607179 -0.363007  3347  0.226204  0.0790 0.001318 0.001744 0.007061  0.143475  0.080178 -0.154474
ELHT 02FEB11 2002.1136 52316 1153 1  167.1   1112  0.509804  -8607179 -0.344319  3347  0.223011  0.0790 0.012893 0.012856 0.019182  0.050720  0.027343  0.140787
ELHT 02FEB12 2002.1164 52317 1153 2  167.1   1112  0.515111  -8607179 -0.358554  3347  0.232558  0.0790 0.001098 0.001526 0.007444  0.056406  0.042278 -0.467279
ELHT 02FEB13 2002.1191 52318 1153 3  167.1   1112  0.520420  -8607179 -0.362202  3347  0.213257  0.0790 0.001247 0.001829 0.008370 -0.022899 -0.199559 -0.447943
ELHT 02FEB14 2002.1218 52319 1153 4  167.1   1112  0.520046  -8607179 -0.363537  3347  0.208432  0.0790 0.001157 0.001415 0.006581 -0.122987  0.151860 -0.448515
ELHT 02FEB15 2002.1246 52320 1153 5  167.1   1112  0.517549  -8607179 -0.362045  3347  0.209787  0.0790 0.001113 0.001515 0.006881 -0.096292  0.220543 -0.364294
ELHT 02FEB16 2002.1273 52321 1153 6  167.1   1112  0.519676  -8607179 -0.364033  3347  0.232751  0.0790 0.001501 0.002096 0.006695 -0.376623 -0.024258 -0.082533
ELHT 02FEB17 2002.1300 52322 1154 0  167.1   1112  0.513855  -8607179 -0.360657  3347  0.208504  0.0790 0.002221 0.003401 0.011974  0.093531 -0.143533 -0.373476
ELHT 02FEB18 2002.1328 52323 1154 1  167.1   1112  0.513089  -8607179 -0.359352  3347  0.232412  0.0790 0.002167 0.001910 0.008360  0.085383 -0.145381 -0.260668
ELHT 02FEB19 2002.1355 52324 1154 2  167.1   1112  0.514905  -8607179 -0.359134  3347  0.232633  0.0790 0.001095 0.001204 0.006407 -0.121756  0.170831 -0.470902
ELHT 02FEB20 2002.1383 52325 1154 3  167.1   1112  0.511620  -8607179 -0.356103  3347  0.237593  0.0790 0.002685 0.003877 0.010809 -0.384591 -0.136566 -0.287055
ELHT 02FEB21 2002.1410 52326 1154 4  167.1   1112  0.514810  -8607179 -0.362460  3347  0.199835  0.0790 0.003093 0.009266 0.015921 -0.114797  0.047322 -0.324135
ELHT 02FEB22 2002.1437 52327 1154 5  167.1   1112  0.516676  -8607179 -0.361002  3347  0.235655  0.0790 0.002472 0.003109 0.010927 -0.013778 -0.121558 -0.305897
ELHT 02FEB23 2002.1465 52328 1154 6  167.1   1112  0.512056  -8607179 -0.361682  3347  0.240006  0.0790 0.004194 0.005539 0.012016  0.165993 -0.019809  0.043123
ELHT 02FEB24 2002.1492 52329 1155 0  167.1   1112  0.516650  -8607179 -0.373633  3347  0.226847  0.0790 0.003468 0.004568 0.011688 -0.455347 -0.296878  0.015210
ELHT 02FEB25 2002.1520 52330 1155 1  167.1   1112  0.506368  -8607179 -0.354471  3347  0.225215  0.0790 0.006498 0.009659 0.016325 -0.706531 -0.292441  0.460978
ELHT 02FEB26 2002.1547 52331 1155 2  167.1   1112  0.518161  -8607179 -0.360407  3347  0.238057  0.0790 0.002025 0.002902 0.013818  0.264888  0.126849 -0.254633
ELHT 02FEB27 2002.1574 52332 1155 3  167.1   1112  0.512730  -8607179 -0.356211  3347  0.225830  0.0790 0.002473 0.002524 0.011235 -0.263731 -0.314695 -0.207421
ELHT 02FEB28 2002.1602 52333 1155 4  167.1   1112  0.515310  -8607179 -0.356485  3347  0.229677  0.0790 0.001946 0.003200 0.011303 -0.012512  0.104042 -0.374747
ELHT 02MAR01 2002.1629 52334 1155 5  167.1   1112  0.519420  -8607179 -0.364133  3347  0.224275  0.0790 0.001016 0.001389 0.006297 -0.227134 -0.061932 -0.157724
ELHT 02MAR02 2002.1656 52335 1155 6  167.1   1112  0.513423  -8607179 -0.364754  3347  0.212194  0.0790 0.003334 0.003920 0.011176  0.419333  0.236617 -0.048741
ELHT 02MAR03 2002.1684 52336 1156 0  167.1   1112  0.519528  -8607179 -0.358154  3347  0.220611  0.0790 0.009783 0.005204 0.019129  0.658514  0.035522 -0.206350
ELHT 02MAR04 2002.1711 52337 1156 1  167.1   1112  0.518383  -8607179 -0.366672  3347  0.229160  0.0790 0.001738 0.001805 0.007723 -0.044459  0.012822 -0.493836
ELHT 02MAR05 2002.1739 52338 1156 2  167.1   1112  0.502993  -8607179 -0.370384  3347  0.246660  0.0790 0.008278 0.009917 0.019037  0.041374 -0.082240 -0.034194
ELHT 02MAR06 2002.1766 52339 1156 3  167.1   1112  0.521756  -8607179 -0.361909  3347  0.253544  0.0790 0.002332 0.002484 0.010524 -0.433328 -0.286754 -0.105352
ELHT 02MAR07 2002.1793 52340 1156 4  167.1   1112  0.516855  -8607179 -0.364203  3347  0.224910  0.0790 0.001691 0.002492 0.008932  0.186046  0.143577 -0.229220
ELHT 02MAR08 2002.1821 52341 1156 5  167.1   1112  0.523705  -8607179 -0.361891  3347  0.186359  0.0790 0.001767 0.002492 0.011596 -0.069137 -0.072490  0.013809
ELHT 02MAR09 2002.1848 52342 1156 6  167.1   1112  0.527124  -8607179 -0.371887  3347  0.192893  0.0790 0.002960 0.003140 0.013229 -0.242254 -0.092035  0.104978
ELHT 02MAR10 2002.1875 52343 1157 0  167.1   1112  0.523528  -8607179 -0.368404  3347  0.217053  0.0790 0.001752 0.002181 0.009029 -0.053814  0.090553 -0.186416
ELHT 02MAR11 2002.1903 52344 1157 1  167.1   1112  0.517618  -8607179 -0.356506  3347  0.223188  0.0790 0.001975 0.002465 0.012602  0.068822  0.358078 -0.135383
ELHT 02MAR12 2002.1930 52345 1157 2  167.1   1112  0.515774  -8607179 -0.361966  3347  0.225640  0.0790 0.002584 0.003672 0.014182  0.067318  0.351228 -0.218673
ELHT 02MAR13 2002.1958 52346 1157 3  167.1   1112  0.520728  -8607179 -0.356888  3347  0.244455  0.0790 0.002275 0.002897 0.011355  0.212535  0.050394 -0.253646
ELHT 02MAR14 2002.1985 52347 1157 4  167.1   1112  0.520883  -8607179 -0.364847  3347  0.238788  0.0790 0.002207 0.003064 0.010573  0.389307 -0.338903 -0.373352
ELHT 02MAR15 2002.2012 52348 1157 5  167.1   1112  0.517641  -8607179 -0.359787  3347  0.212826  0.0790 0.001493 0.002315 0.010842  0.141713  0.076232 -0.200076
ELHT 02MAR16 2002.2040 52349 1157 6  167.1   1112  0.502173  -8607179 -0.364617  3347  0.245820  0.0790 0.005992 0.002495 0.011789  0.161166 -0.271272 -0.277877
ELHT 02MAR17 2002.2067 52350 1158 0  167.1   1112  0.520553  -8607179 -0.366567  3347  0.203722  0.0790 0.002155 0.002301 0.009754 -0.453348  0.002631 -0.063809
ELHT 02MAR18 2002.2094 52351 1158 1  167.1   1112  0.518885  -8607179 -0.363383  3347  0.260629  0.0790 0.004847 0.006159 0.016257 -0.445498 -0.404285 -0.167050
ELHT 02MAR19 2002.2122 52352 1158 2  167.1   1112  0.520847  -8607179 -0.366489  3347  0.223387  0.0790 0.001193 0.001759 0.007911  0.180840  0.104232 -0.144738
ELHT 02MAR20 2002.2149 52353 1158 3  167.1   1112  0.511583  -8607179 -0.362465  3347  0.218202  0.0790 0.010526 0.004271 0.019889 -0.279140 -0.515755  0.019021
ELHT 02MAR21 2002.2177 52354 1158 4  167.1   1112  0.515279  -8607179 -0.351340  3347  0.215291  0.0790 0.002205 0.002079 0.009418 -0.232058 -0.000343 -0.269411
ELHT 02MAR22 2002.2204 52355 1158 5  167.1   1112  0.518395  -8607179 -0.365577  3347  0.215316  0.0790 0.001081 0.001613 0.007799  0.032771  0.104994 -0.163005
ELHT 02MAR23 2002.2231 52356 1158 6  167.1   1112  0.517829  -8607179 -0.359559  3347  0.236468  0.0790 0.002857 0.002342 0.010868 -0.440001 -0.184571 -0.026850
ELHT 02MAR24 2002.2259 52357 1159 0  167.1   1112  0.515439  -8607179 -0.370484  3347  0.199865  0.0790 0.005684 0.007515 0.016193  0.550915  0.028384  0.013713
ELHT 02MAR25 2002.2286 52358 1159 1  167.1   1112  0.518814  -8607179 -0.365462  3347  0.219788  0.0790 0.000896 0.001127 0.005548  0.033294  0.063799 -0.270547
ELHT 02MAR26 2002.2313 52359 1159 2  167.1   1112  0.520655  -8607179 -0.365919  3347  0.230990  0.0790 0.001362 0.001742 0.008242 -0.068435  0.050366 -0.346609
ELHT 02MAR27 2002.2341 52360 1159 3  167.1   1112  0.522511  -8607179 -0.367013  3347  0.213351  0.0790 0.001582 0.002075 0.007460 -0.230418 -0.138411 -0.224474
ELHT 02MAR28 2002.2368 52361 1159 4  167.1   1112  0.519498  -8607179 -0.360587  3347  0.220521  0.0790 0.001195 0.001652 0.008620  0.020277  0.202976 -0.113996
ELHT 02MAR29 2002.2396 52362 1159 5  167.1   1112  0.512184  -8607179 -0.366334  3347  0.186600  0.0790 0.002277 0.002547 0.009030 -0.317918 -0.135069 -0.089204
ELHT 02MAR30 2002.2423 52363 1159 6  167.1   1112  0.517112  -8607179 -0.366974  3347  0.226735  0.0790 0.002451 0.003051 0.013586  0.206568  0.134639  0.246603
ELHT 02MAR31 2002.2450 52364 1160 0  167.1   1112  0.526374  -8607179 -0.367339  3347  0.216358  0.0790 0.002417 0.002330 0.011220  0.405483 -0.074121 -0.313848
ELHT 02APR02 2002.2505 52366 1160 2  167.1   1112  0.489693  -8607179 -0.366817  3347  0.220449  0.0790 0.009821 0.006435 0.015206  0.451139 -0.140712 -0.221740
ELHT 02APR03 2002.2533 52367 1160 3  167.1   1112  0.518745  -8607179 -0.370800  3347  0.238258  0.0790 0.001619 0.002570 0.009674 -0.102859  0.034945 -0.475036
ELHT 02APR04 2002.2560 52368 1160 4  167.1   1112  0.520176  -8607179 -0.361650  3347  0.224927  0.0790 0.001163 0.001787 0.008414 -0.223346  0.131992 -0.505206
ELHT 02APR05 2002.2587 52369 1160 5  167.1   1112  0.518067  -8607179 -0.352757  3347  0.207545  0.0790 0.001790 0.002421 0.011323  0.007449  0.158393 -0.303343
ELHT 02APR06 2002.2615 52370 1160 6  167.1   1112  0.518269  -8607179 -0.364907  3347  0.190516  0.0790 0.001460 0.002557 0.009912  0.074810  0.013196 -0.339188
ELHT 02APR07 2002.2642 52371 1161 0  167.1   1112  0.513502  -8607179 -0.380748  3347  0.177935  0.0790 0.011083 0.005600 0.015453  0.649728  0.005969  0.055375
ELHT 02APR08 2002.2669 52372 1161 1  167.1   1112  0.520969  -8607179 -0.369525  3347  0.211995  0.0790 0.001311 0.001714 0.009096 -0.018748  0.154755 -0.286229
ELHT 02APR09 2002.2697 52373 1161 2  167.1   1112  0.520720  -8607179 -0.364935  3347  0.224477  0.0790 0.001158 0.001808 0.008320 -0.148064  0.013281 -0.242838
ELHT 02APR10 2002.2724 52374 1161 3  167.1   1112  0.514877  -8607179 -0.368606  3347  0.222317  0.0790 0.002386 0.002688 0.010798 -0.147992  0.128459 -0.002848
ELHT 02APR11 2002.2752 52375 1161 4  167.1   1112  0.514450  -8607179 -0.382958  3347  0.158929  0.0790 0.003253 0.004498 0.019760  0.242101  0.437700  0.017626
ELHT 02APR12 2002.2779 52376 1161 5  167.1   1112  0.515919  -8607179 -0.365325  3347  0.216622  0.0790 0.002232 0.002878 0.011776 -0.470243 -0.206823  0.117391
ELHT 02APR14 2002.2834 52378 1162 0  167.1   1112  0.514308  -8607179 -0.369965  3347  0.226107  0.0790 0.002063 0.002464 0.008591 -0.108168 -0.258217  0.052101
ELHT 02APR15 2002.2861 52379 1162 1  167.1   1112  0.509995  -8607179 -0.367412  3347  0.258512  0.0790 0.002327 0.002524 0.010231  0.212301 -0.069638 -0.322274
ELHT 02APR16 2002.2888 52380 1162 2  167.1   1112  0.515613  -8607179 -0.372618  3347  0.194543  0.0790 0.001954 0.003359 0.012474  0.256846  0.039798 -0.336056
ELHT 02APR17 2002.2916 52381 1162 3  167.1   1112  0.510000  -8607179 -0.379684  3347  0.202775  0.0790 0.004631 0.006349 0.017135  0.560680  0.286044  0.507167
ELHT 02APR18 2002.2943 52382 1162 4  167.1   1112  0.516557  -8607179 -0.365503  3347  0.218672  0.0790 0.002783 0.002974 0.015068  0.099373  0.005581 -0.610157
ELHT 02APR19 2002.2971 52383 1162 5  167.1   1112  0.516649  -8607179 -0.360691  3347  0.227010  0.0790 0.001873 0.001895 0.008422 -0.236842 -0.176675 -0.054264
ELHT 02APR20 2002.2998 52384 1162 6  167.1   1112  0.517950  -8607179 -0.366743  3347  0.221028  0.0790 0.000934 0.001157 0.005291  0.040475  0.092291 -0.277421
ELHT 02APR21 2002.3025 52385 1163 0  167.1   1112  0.519448  -8607179 -0.361998  3347  0.212677  0.0790 0.000921 0.001054 0.005423  0.034148 -0.013797 -0.450102
ELHT 02APR22 2002.3053 52386 1163 1  167.1   1112  0.517373  -8607179 -0.367798  3347  0.231502  0.0790 0.001414 0.001744 0.007582  0.116244  0.140554 -0.228519
ELHT 02APR23 2002.3080 52387 1163 2  167.1   1112  0.516906  -8607179 -0.367642  3347  0.192025  0.0790 0.002582 0.004213 0.010402 -0.407249  0.044873 -0.040723
ELHT 02APR24 2002.3107 52388 1163 3  167.1   1112  0.523351  -8607179 -0.368615  3347  0.229036  0.0790 0.001467 0.001597 0.007713  0.037795 -0.095102 -0.396927
ELHT 02APR25 2002.3135 52389 1163 4  167.1   1112  0.518658  -8607179 -0.366994  3347  0.212765  0.0790 0.000912 0.001182 0.005535 -0.104589 -0.141169 -0.323024
ELHT 02APR26 2002.3162 52390 1163 5  167.1   1112  0.518150  -8607179 -0.368339  3347  0.213630  0.0790 0.001637 0.002982 0.010050 -0.355069 -0.112629  0.152209
ELHT 02APR27 2002.3190 52391 1163 6  167.1   1112  0.507978  -8607179 -0.354310  3347  0.242476  0.0790 0.004636 0.003498 0.011006 -0.487486 -0.327279  0.182812
ELHT 02APR28 2002.3217 52392 1164 0  167.1   1112  0.516223  -8607179 -0.370942  3347  0.236205  0.0790 0.002571 0.003794 0.014604  0.293139  0.104485  0.144273
ELHT 02APR29 2002.3244 52393 1164 1  167.1   1112  0.517180  -8607179 -0.372483  3347  0.229314  0.0790 0.002044 0.003110 0.010521  0.117109 -0.104212 -0.066171
ELHT 02APR30 2002.3272 52394 1164 2  167.1   1112  0.517992  -8607179 -0.372634  3347  0.204265  0.0790 0.002446 0.004635 0.012967 -0.574581  0.061958  0.109806
ELHT 02MAY01 2002.3299 52395 1164 3  167.1   1112  0.517038  -8607179 -0.356982  3347  0.205970  0.0790 0.001009 0.001490 0.006436 -0.134001  0.041430 -0.243571
ELHT 02MAY02 2002.3326 52396 1164 4  167.1   1112  0.522092  -8607179 -0.367178  3347  0.213834  0.0790 0.001393 0.002178 0.008419 -0.224760  0.133420 -0.175385
ELHT 02MAY03 2002.3354 52397 1164 5  167.1   1112  0.520057  -8607179 -0.371941  3347  0.215621  0.0790 0.002055 0.002360 0.008631 -0.450107 -0.131099 -0.140013
ELHT 02MAY04 2002.3381 52398 1164 6  167.1   1112  0.515807  -8607179 -0.365041  3347  0.222671  0.0790 0.001571 0.002173 0.009715 -0.040699  0.047202 -0.243729
ELHT 02MAY05 2002.3409 52399 1165 0  167.1   1112  0.514206  -8607179 -0.367321  3347  0.213677  0.0790 0.003095 0.001919 0.009204  0.087196  0.167267 -0.044992
ELHT 02MAY06 2002.3436 52400 1165 1  167.1   1112  0.514914  -8607179 -0.361600  3347  0.216357  0.0790 0.002819 0.002765 0.013757 -0.443165 -0.496798  0.003563
ELHT 02MAY07 2002.3463 52401 1165 2  167.1   1112  0.516970  -8607179 -0.364191  3347  0.221479  0.0790 0.002658 0.003002 0.010035 -0.259513 -0.093146 -0.320672
ELHT 02MAY08 2002.3491 52402 1165 3  167.1   1112  0.516301  -8607179 -0.361584  3347  0.217964  0.0790 0.001409 0.001693 0.007837  0.052288  0.132843 -0.187714
ELHT 02MAY09 2002.3518 52403 1165 4  167.1   1112  0.519439  -8607179 -0.362420  3347  0.244473  0.0790 0.002198 0.002669 0.012109 -0.036687  0.029952 -0.165798
ELHT 02MAY10 2002.3546 52404 1165 5  167.1   1112  0.512441  -8607179 -0.364754  3347  0.230827  0.0790 0.001611 0.002292 0.008820 -0.173005 -0.031081 -0.263725
ELHT 02MAY11 2002.3573 52405 1165 6  167.1   1112  0.523398  -8607179 -0.362857  3347  0.206752  0.0790 0.003428 0.003547 0.015492 -0.291755 -0.005659 -0.374101
ELHT 02MAY12 2002.3600 52406 1166 0  167.1   1112  0.526374  -8607179 -0.367769  3347  0.225842  0.0790 0.001844 0.002162 0.008745  0.191316  0.089088 -0.144412
ELHT 02MAY13 2002.3628 52407 1166 1  167.1   1112  0.520432  -8607179 -0.357302  3347  0.217965  0.0790 0.001725 0.002440 0.009255  0.106189 -0.072947 -0.454255
ELHT 02MAY15 2002.3682 52409 1166 3  167.1   1112  0.516781  -8607179 -0.367249  3347  0.201987  0.0790 0.001494 0.001842 0.006722 -0.165815 -0.109638 -0.162821
ELHT 02MAY16 2002.3710 52410 1166 4  167.1   1112  0.520156  -8607179 -0.366507  3347  0.242819  0.0790 0.001323 0.001511 0.007230 -0.149493 -0.023140 -0.329529
ELHT 02MAY17 2002.3737 52411 1166 5  167.1   1112  0.513999  -8607179 -0.361082  3347  0.217959  0.0790 0.001569 0.001583 0.007089 -0.203746 -0.120958 -0.146675
ELHT 02MAY18 2002.3765 52412 1166 6  167.1   1112  0.522586  -8607179 -0.369835  3347  0.203376  0.0790 0.002343 0.002640 0.009941 -0.002658 -0.026385 -0.165476
ELHT 02MAY19 2002.3792 52413 1167 0  167.1   1112  0.519552  -8607179 -0.365322  3347  0.227306  0.0790 0.000761 0.000976 0.004621 -0.020969 -0.000941 -0.369682
ELHT 02MAY20 2002.3819 52414 1167 1  167.1   1112  0.521715  -8607179 -0.369656  3347  0.225029  0.0790 0.001177 0.001702 0.006463 -0.045041  0.024955 -0.314069
ELHT 02MAY21 2002.3847 52415 1167 2  167.1   1112  0.521473  -8607179 -0.368885  3347  0.227911  0.0790 0.000783 0.001025 0.004684 -0.052004  0.025981 -0.279168
ELHT 02MAY22 2002.3874 52416 1167 3  167.1   1112  0.517812  -8607179 -0.370273  3347  0.222289  0.0790 0.001311 0.001523 0.007258 -0.072729 -0.272460 -0.449795
ELHT 02MAY23 2002.3901 52417 1167 4  167.1   1112  0.524119  -8607179 -0.367921  3347  0.232087  0.0790 0.009213 0.006321 0.020038 -0.185420 -0.039166  0.109106
ELHT 02MAY24 2002.3929 52418 1167 5  167.1   1112  0.520951  -8607179 -0.365800  3347  0.236872  0.0790 0.000720 0.000850 0.004260 -0.063731  0.122425 -0.319642
ELHT 02MAY25 2002.3956 52419 1167 6  167.1   1112  0.519332  -8607179 -0.360455  3347  0.232856  0.0790 0.000925 0.001120 0.005049  0.011676  0.079887 -0.262161
ELHT 02MAY26 2002.3984 52420 1168 0  167.1   1112  0.519412  -8607179 -0.364139  3347  0.221425  0.0790 0.001106 0.001527 0.006874 -0.064160 -0.056841 -0.316405
ELHT 02MAY27 2002.4011 52421 1168 1  167.1   1112  0.510072  -8607179 -0.360134  3347  0.250605  0.0790 0.010454 0.008354 0.019626 -0.022273 -0.158999 -0.031743
ELHT 02MAY28 2002.4038 52422 1168 2  167.1   1112  0.519590  -8607179 -0.371977  3347  0.205641  0.0790 0.001330 0.002023 0.008591 -0.103774 -0.074861 -0.369607
ELHT 02MAY29 2002.4066 52423 1168 3  167.1   1112  0.520668  -8607179 -0.365560  3347  0.232254  0.0790 0.000882 0.001337 0.005858 -0.016250 -0.062297 -0.469793
ELHT 02MAY30 2002.4093 52424 1168 4  167.1   1112  0.519844  -8607179 -0.364854  3347  0.222029  0.0790 0.000960 0.001385 0.006162 -0.079712  0.033155 -0.405439
ELHT 02MAY31 2002.4120 52425 1168 5  167.1   1112  0.520840  -8607179 -0.361998  3347  0.220799  0.0790 0.000785 0.000999 0.004779 -0.078939 -0.051575 -0.369079
ELHT 02JUN01 2002.4148 52426 1168 6  167.1   1112  0.521323  -8607179 -0.362546  3347  0.216855  0.0790 0.001089 0.001407 0.006546 -0.074790 -0.057512 -0.082983
ELHT 02JUN02 2002.4175 52427 1169 0  167.1   1112  0.520619  -8607179 -0.364922  3347  0.226385  0.0790 0.001727 0.002242 0.008004  0.265789  0.172532 -0.185634
ELHT 02JUN03 2002.4203 52428 1169 1  167.1   1112  0.522754  -8607179 -0.361794  3347  0.228646  0.0790 0.001277 0.001806 0.007321 -0.098457 -0.109847 -0.303993
ELHT 02JUN04 2002.4230 52429 1169 2  167.1   1112  0.519072  -8607179 -0.366755  3347  0.215405  0.0790 0.001474 0.001717 0.007422 -0.162144  0.044268 -0.306809
ELHT 02JUN05 2002.4257 52430 1169 3  167.1   1112  0.523469  -8607179 -0.361619  3347  0.225918  0.0790 0.001077 0.001484 0.007222  0.043280 -0.114739 -0.457290
ELHT 02JUN06 2002.4285 52431 1169 4  167.1   1112  0.526571  -8607179 -0.370512  3347  0.217341  0.0790 0.000934 0.001117 0.005610 -0.149770 -0.037305 -0.265437
ELHT 02JUN07 2002.4312 52432 1169 5  167.1   1112  0.522739  -8607179 -0.361748  3347  0.210318  0.0790 0.000952 0.001220 0.005823  0.031983 -0.046226 -0.364619
ELHT 02JUN08 2002.4339 52433 1169 6  167.1   1112  0.520788  -8607179 -0.361038  3347  0.219817  0.0790 0.001326 0.001358 0.007006 -0.199583  0.095508 -0.338253
ELHT 02JUN09 2002.4367 52434 1170 0  167.1   1112  0.528035  -8607179 -0.366751  3347  0.224623  0.0790 0.001421 0.001447 0.007894  0.034928 -0.117560 -0.195705
ELHT 02JUN10 2002.4394 52435 1170 1  167.1   1112  0.520313  -8607179 -0.363818  3347  0.220935  0.0790 0.001482 0.001645 0.006293  0.066119 -0.039736 -0.124428
ELHT 02JUN11 2002.4422 52436 1170 2  167.1   1112  0.521881  -8607179 -0.366336  3347  0.209753  0.0790 0.001008 0.001319 0.005610 -0.118459 -0.086126 -0.277832
ELHT 02JUN12 2002.4449 52437 1170 3  167.1   1112  0.524470  -8607179 -0.367500  3347  0.213226  0.0790 0.000818 0.001018 0.005148 -0.042254 -0.003508 -0.362914
ELHT 02JUN13 2002.4476 52438 1170 4  167.1   1112  0.522016  -8607179 -0.364127  3347  0.219496  0.0790 0.000815 0.001003 0.005332 -0.025828 -0.048813 -0.320468
ELHT 02JUN14 2002.4504 52439 1170 5  167.1   1112  0.524187  -8607179 -0.367294  3347  0.208528  0.0790 0.000791 0.001086 0.004936 -0.045690 -0.018231 -0.388816
ELHT 02JUN15 2002.4531 52440 1170 6  167.1   1112  0.524862  -8607179 -0.369966  3347  0.219872  0.0790 0.000877 0.001051 0.005158 -0.111757  0.006129 -0.281447
ELHT 02JUN16 2002.4559 52441 1171 0  167.1   1112  0.522422  -8607179 -0.367482  3347  0.225303  0.0790 0.000937 0.001133 0.005345 -0.160713  0.103642 -0.262109
ELHT 02JUN17 2002.4586 52442 1171 1  167.1   1112  0.523120  -8607179 -0.365691  3347  0.223813  0.0790 0.000849 0.001150 0.004973 -0.121909  0.045590 -0.345749
ELHT 02JUN18 2002.4613 52443 1171 2  167.1   1112  0.524135  -8607179 -0.366268  3347  0.222405  0.0790 0.001063 0.001288 0.006042 -0.068950 -0.177048 -0.400883
ELHT 02JUN19 2002.4641 52444 1171 3  167.1   1112  0.523264  -8607179 -0.365439  3347  0.217990  0.0790 0.001268 0.001523 0.006534 -0.194382  0.102786 -0.343224
ELHT 02JUN20 2002.4668 52445 1171 4  167.1   1112  0.521663  -8607179 -0.367048  3347  0.225691  0.0790 0.000838 0.001089 0.004886 -0.106964  0.021456 -0.237738
ELHT 02JUN21 2002.4695 52446 1171 5  167.1   1112  0.521626  -8607179 -0.364976  3347  0.220703  0.0790 0.000989 0.001251 0.005596 -0.071799 -0.041517 -0.304034
ELHT 02JUN22 2002.4723 52447 1171 6  167.1   1112  0.521033  -8607179 -0.365772  3347  0.235269  0.0790 0.000835 0.001190 0.005532 -0.017662 -0.118290 -0.469682
ELHT 02JUN23 2002.4750 52448 1172 0  167.1   1112  0.522488  -8607179 -0.365574  3347  0.239986  0.0790 0.000857 0.001173 0.005261 -0.068381  0.092793 -0.411223
ELHT 02JUN24 2002.4778 52449 1172 1  167.1   1112  0.522211  -8607179 -0.365131  3347  0.233603  0.0790 0.000951 0.001347 0.005893 -0.035622  0.103116 -0.382712
ELHT 02JUN25 2002.4805 52450 1172 2  167.1   1112  0.522027  -8607179 -0.366183  3347  0.242029  0.0790 0.000924 0.001272 0.005964  0.001001  0.050208 -0.330078
ELHT 02JUN26 2002.4832 52451 1172 3  167.1   1112  0.519693  -8607179 -0.367683  3347  0.232381  0.0790 0.000945 0.001198 0.005413 -0.013938 -0.063012 -0.434526
ELHT 02JUN27 2002.4860 52452 1172 4  167.1   1112  0.521483  -8607179 -0.365389  3347  0.229811  0.0790 0.000694 0.000979 0.004553 -0.095465  0.031801 -0.367301
ELHT 02JUN28 2002.4887 52453 1172 5  167.1   1112  0.517102  -8607179 -0.366965  3347  0.222953  0.0790 0.000768 0.001056 0.004999 -0.101972  0.120402 -0.350823
ELHT 02JUN29 2002.4914 52454 1172 6  167.1   1112  0.519443  -8607179 -0.366511  3347  0.225644  0.0790 0.000964 0.001187 0.005802  0.023559  0.009711 -0.333318
ELHT 02JUN30 2002.4942 52455 1173 0  167.1   1112  0.521825  -8607179 -0.366295  3347  0.212392  0.0790 0.000913 0.001256 0.006064  0.011233 -0.000788 -0.328686
ELHT 02JUL01 2002.4969 52456 1173 1  167.1   1112  0.523888  -8607179 -0.362921  3347  0.230504  0.0790 0.000937 0.001219 0.005365 -0.203338  0.048231 -0.326883
ELHT 02JUL02 2002.4997 52457 1173 2  167.1   1112  0.522819  -8607179 -0.360837  3347  0.211662  0.0790 0.000627 0.000834 0.004151 -0.061764 -0.021464 -0.362860
ELHT 02JUL03 2002.5024 52458 1173 3  167.1   1112  0.521704  -8607179 -0.361826  3347  0.213466  0.0790 0.000736 0.001013 0.004878 -0.135689  0.015809 -0.317786
ELHT 02JUL04 2002.5051 52459 1173 4  167.1   1112  0.521566  -8607179 -0.367586  3347  0.226197  0.0790 0.000803 0.001096 0.005290 -0.024709 -0.087923 -0.374910
ELHT 02JUL05 2002.5079 52460 1173 5  167.1   1112  0.517723  -8607179 -0.366256  3347  0.231607  0.0790 0.001096 0.001356 0.006413 -0.018044 -0.191351 -0.230422
ELHT 02JUL06 2002.5106 52461 1173 6  167.1   1112  0.525825  -8607179 -0.367859  3347  0.230819  0.0790 0.000890 0.001108 0.005245 -0.039616 -0.019539 -0.331585
ELHT 02JUL07 2002.5133 52462 1174 0  167.1   1112  0.526830  -8607179 -0.365209  3347  0.218995  0.0790 0.000649 0.000830 0.003997 -0.093865  0.008455 -0.314242
ELHT 02JUL08 2002.5161 52463 1174 1  167.1   1112  0.526629  -8607179 -0.367164  3347  0.231692  0.0790 0.000993 0.001234 0.005558 -0.121704  0.136579 -0.205693
ELHT 02JUL09 2002.5188 52464 1174 2  167.1   1112  0.525454  -8607179 -0.367487  3347  0.222615  0.0790 0.001083 0.001386 0.006832  0.011516  0.183989 -0.187663
ELHT 02JUL10 2002.5216 52465 1174 3  167.1   1112  0.523151  -8607179 -0.367915  3347  0.217315  0.0790 0.000718 0.000981 0.004733 -0.034881 -0.010789 -0.329754
ELHT 02JUL11 2002.5243 52466 1174 4  167.1   1112  0.523189  -8607179 -0.369019  3347  0.228644  0.0790 0.001046 0.001285 0.005695 -0.224274 -0.024178 -0.202335
ELHT 02JUL12 2002.5270 52467 1174 5  167.1   1112  0.521801  -8607179 -0.369164  3347  0.231657  0.0790 0.000954 0.001311 0.005606 -0.081980  0.025849 -0.315838
ELHT 02JUL13 2002.5298 52468 1174 6  167.1   1112  0.521270  -8607179 -0.368485  3347  0.214063  0.0790 0.000740 0.000964 0.004266 -0.040337  0.012160 -0.333144
ELHT 02JUL14 2002.5325 52469 1175 0  167.1   1112  0.521170  -8607179 -0.365110  3347  0.218227  0.0790 0.000705 0.000940 0.004271 -0.069453  0.056728 -0.398304
ELHT 02JUL15 2002.5352 52470 1175 1  167.1   1112  0.522067  -8607179 -0.363425  3347  0.209918  0.0790 0.000761 0.001022 0.004702 -0.067641 -0.066426 -0.308366
ELHT 02JUL16 2002.5380 52471 1175 2  167.1   1112  0.524039  -8607179 -0.366636  3347  0.219417  0.0790 0.000858 0.001135 0.005165 -0.064664 -0.012726 -0.260919
ELHT 02JUL17 2002.5407 52472 1175 3  167.1   1112  0.521128  -8607179 -0.366306  3347  0.207968  0.0790 0.001055 0.001411 0.005944 -0.039927  0.026090 -0.342191
ELHT 02JUL18 2002.5435 52473 1175 4  167.1   1112  0.523520  -8607179 -0.367029  3347  0.216941  0.0790 0.000697 0.000922 0.004478 -0.014491  0.076486 -0.387284
ELHT 02JUL19 2002.5462 52474 1175 5  167.1   1112  0.521595  -8607179 -0.368429  3347  0.210155  0.0790 0.000997 0.001136 0.005616 -0.120969  0.129700 -0.329356
ELHT 02JUL20 2002.5489 52475 1175 6  167.1   1112  0.525048  -8607179 -0.367498  3347  0.222283  0.0790 0.000852 0.001082 0.005526 -0.093071 -0.044967 -0.351163
ELHT 02JUL21 2002.5517 52476 1176 0  167.1   1112  0.523379  -8607179 -0.368175  3347  0.227436  0.0790 0.001003 0.001309 0.006118  0.036280 -0.124516 -0.294347
ELHT 02JUL22 2002.5544 52477 1176 1  167.1   1112  0.521370  -8607179 -0.366372  3347  0.233181  0.0790 0.000997 0.001356 0.006402 -0.077479 -0.041397 -0.278653
ELHT 02JUL23 2002.5572 52478 1176 2  167.1   1112  0.523868  -8607179 -0.363916  3347  0.224397  0.0790 0.000958 0.001176 0.005736 -0.077682  0.044847 -0.431965
ELHT 02JUL24 2002.5599 52479 1176 3  167.1   1112  0.523868  -8607179 -0.369934  3347  0.216561  0.0790 0.000731 0.001030 0.004622 -0.061710 -0.036051 -0.352933
ELHT 02JUL25 2002.5626 52480 1176 4  167.1   1112  0.525843  -8607179 -0.362455  3347  0.230024  0.0790 0.001913 0.002469 0.012439 -0.010754  0.147082 -0.525475
ELHT 02JUL26 2002.5654 52481 1176 5  167.1   1112  0.521131  -8607179 -0.367451  3347  0.214755  0.0790 0.001063 0.001380 0.006348 -0.012581 -0.021604 -0.280686
ELHT 02JUL27 2002.5681 52482 1176 6  167.1   1112  0.525553  -8607179 -0.363822  3347  0.200216  0.0790 0.001391 0.001814 0.008191 -0.092371 -0.040358 -0.262758
ELHT 02JUL28 2002.5708 52483 1177 0  167.1   1112  0.521187  -8607179 -0.365194  3347  0.222713  0.0790 0.001042 0.001260 0.005721 -0.036987  0.107738 -0.355566
ELHT 02JUL29 2002.5736 52484 1177 1  167.1   1112  0.524336  -8607179 -0.366679  3347  0.216854  0.0790 0.001835 0.002875 0.008360 -0.426022 -0.237207  0.212631
ELHT 02JUL30 2002.5763 52485 1177 2  167.1   1112  0.522523  -8607179 -0.361664  3347  0.217396  0.0790 0.001196 0.001576 0.007435 -0.131044 -0.190065 -0.210489
ELHT 02JUL31 2002.5791 52486 1177 3  167.1   1112  0.523578  -8607179 -0.363988  3347  0.224765  0.0790 0.001082 0.001311 0.006166 -0.066521  0.045608 -0.329075
ELHT 02AUG01 2002.5818 52487 1177 4  167.1   1112  0.528013  -8607179 -0.369424  3347  0.221143  0.0790 0.001782 0.002149 0.009080 -0.274618 -0.022212 -0.025406
ELHT 02AUG02 2002.5845 52488 1177 5  167.1   1112  0.525183  -8607179 -0.366847  3347  0.228763  0.0790 0.000896 0.001206 0.005566  0.015708 -0.012148 -0.401629
ELHT 02AUG03 2002.5873 52489 1177 6  167.1   1112  0.527318  -8607179 -0.366868  3347  0.220382  0.0790 0.000897 0.001097 0.004903 -0.104451 -0.052451 -0.299297
ELHT 02AUG04 2002.5900 52490 1178 0  167.1   1112  0.525114  -8607179 -0.366820  3347  0.219904  0.0790 0.000995 0.001368 0.006340 -0.146799  0.066868 -0.319062
ELHT 02AUG05 2002.5927 52491 1178 1  167.1   1112  0.524512  -8607179 -0.364014  3347  0.208579  0.0790 0.001319 0.001579 0.007477  0.095642  0.123060 -0.194394
ELHT 02AUG06 2002.5955 52492 1178 2  167.1   1112  0.520685  -8607179 -0.362293  3347  0.207754  0.0790 0.000867 0.001203 0.004934 -0.169993  0.025348 -0.258417
ELHT 02AUG07 2002.5982 52493 1178 3  167.1   1112  0.525367  -8607179 -0.367383  3347  0.217391  0.0790 0.000770 0.001031 0.004912 -0.116137  0.103352 -0.290833
ELHT 02AUG08 2002.6010 52494 1178 4  167.1   1112  0.523704  -8607179 -0.362563  3347  0.224890  0.0790 0.001147 0.001429 0.006019 -0.137300 -0.020052 -0.386441
ELHT 02AUG09 2002.6037 52495 1178 5  167.1   1112  0.527755  -8607179 -0.364018  3347  0.220586  0.0790 0.001599 0.001952 0.008802  0.002874  0.259108 -0.318592
ELHT 02AUG10 2002.6064 52496 1178 6  167.1   1112  0.527885  -8607179 -0.366322  3347  0.205279  0.0790 0.000922 0.001154 0.005373 -0.075178 -0.078637 -0.013080
ELHT 02AUG11 2002.6092 52497 1179 0  167.1   1112  0.526072  -8607179 -0.369124  3347  0.250333  0.0790 0.003226 0.002273 0.009963 -0.096344 -0.116088 -0.089416
ELHT 02AUG12 2002.6119 52498 1179 1  167.1   1112  0.521369  -8607179 -0.366978  3347  0.225285  0.0790 0.001481 0.001534 0.007183 -0.090492  0.178487 -0.336809
ELHT 02AUG13 2002.6146 52499 1179 2  167.1   1112  0.523363  -8607179 -0.368964  3347  0.207972  0.0790 0.001459 0.001977 0.008040 -0.197642  0.013207 -0.213914
ELHT 02AUG14 2002.6174 52500 1179 3  167.1   1112  0.521258  -8607179 -0.366607  3347  0.229557  0.0790 0.001306 0.001600 0.007326 -0.028301  0.012716 -0.294072
ELHT 02AUG15 2002.6201 52501 1179 4  167.1   1112  0.514376  -8607179 -0.370364  3347  0.263656  0.0790 0.004027 0.003297 0.013609  0.020477 -0.241360 -0.414051
ELHT 02AUG16 2002.6229 52502 1179 5  167.1   1112  0.528408  -8607179 -0.362397  3347  0.228722  0.0790 0.001572 0.001811 0.008739 -0.100135  0.061375 -0.428579
ELHT 02AUG17 2002.6256 52503 1179 6  167.1   1112  0.528406  -8607179 -0.370792  3347  0.218742  0.0790 0.001295 0.001739 0.007752 -0.138066 -0.026773 -0.350258
ELHT 02AUG18 2002.6283 52504 1180 0  167.1   1112  0.524362  -8607179 -0.366714  3347  0.211954  0.0790 0.001299 0.001817 0.008379 -0.112289  0.123763 -0.028413
ELHT 02AUG19 2002.6311 52505 1180 1  167.1   1112  0.519893  -8607179 -0.357865  3347  0.232659  0.0790 0.002078 0.002600 0.010509  0.127881 -0.149159 -0.632776
ELHT 02AUG20 2002.6338 52506 1180 2  167.1   1112  0.520054  -8607179 -0.365832  3347  0.223085  0.0790 0.001885 0.002698 0.009670 -0.018820  0.021971  0.100738
ELHT 02AUG21 2002.6366 52507 1180 3  167.1   1112  0.521074  -8607179 -0.367905  3347  0.211842  0.0790 0.001398 0.001700 0.007495 -0.015135  0.158231 -0.565561
ELHT 02AUG22 2002.6393 52508 1180 4  167.1   1112  0.523591  -8607179 -0.369596  3347  0.231657  0.0790 0.001438 0.002519 0.010317 -0.017498  0.150943  0.220678
ELHT 02AUG23 2002.6420 52509 1180 5  167.1   1112  0.527412  -8607179 -0.371152  3347  0.234523  0.0790 0.001742 0.002760 0.012379 -0.085384  0.312673 -0.113587
ELHT 02AUG24 2002.6448 52510 1180 6  167.1   1112  0.527519  -8607179 -0.372773  3347  0.212589  0.0790 0.001988 0.002335 0.010433 -0.342800 -0.054474 -0.193757
ELHT 02AUG25 2002.6475 52511 1181 0  167.1   1112  0.521711  -8607179 -0.362371  3347  0.228585  0.0790 0.001717 0.001783 0.007714  0.009094 -0.176497 -0.276649
ELHT 02AUG26 2002.6502 52512 1181 1  167.1   1112  0.524150  -8607179 -0.365316  3347  0.225578  0.0790 0.003187 0.004434 0.016307 -0.381846 -0.196548  0.004539
ELHT 02AUG27 2002.6530 52513 1181 2  167.1   1112  0.518406  -8607179 -0.365824  3347  0.223404  0.0790 0.001357 0.001703 0.007315 -0.042340  0.124577 -0.298101
ELHT 02AUG28 2002.6557 52514 1181 3  167.1   1112  0.514157  -8607179 -0.357618  3347  0.189222  0.0790 0.002959 0.003013 0.012126  0.011506 -0.069614 -0.038152
ELHT 02AUG29 2002.6585 52515 1181 4  167.1   1112  0.525654  -8607179 -0.364553  3347  0.212971  0.0790 0.002622 0.002581 0.009500  0.240880 -0.148432 -0.289086
ELHT 02AUG30 2002.6612 52516 1181 5  167.1   1112  0.528088  -8607179 -0.367188  3347  0.227923  0.0790 0.001342 0.001782 0.008285 -0.192734  0.151149 -0.136194
ELHT 02AUG31 2002.6639 52517 1181 6  167.1   1112  0.529097  -8607179 -0.369954  3347  0.202555  0.0790 0.001359 0.001509 0.007830 -0.110107 -0.138783 -0.144575
ELHT 02SEP01 2002.6667 52518 1182 0  167.1   1112  0.522496  -8607179 -0.368338  3347  0.229992  0.0790 0.001571 0.002172 0.008677  0.218755 -0.018264 -0.093788
ELHT 02SEP02 2002.6694 52519 1182 1  167.1   1112  0.522189  -8607179 -0.366225  3347  0.232797  0.0790 0.001078 0.001439 0.006131 -0.121532  0.119492 -0.148332
ELHT 02SEP03 2002.6721 52520 1182 2  167.1   1112  0.521535  -8607179 -0.370594  3347  0.229057  0.0790 0.001045 0.001378 0.006536 -0.136979 -0.136954 -0.303208
ELHT 02SEP04 2002.6749 52521 1182 3  167.1   1112  0.520955  -8607179 -0.368917  3347  0.239314  0.0790 0.001365 0.001577 0.006757 -0.111943  0.024192 -0.252166
ELHT 02SEP05 2002.6776 52522 1182 4  167.1   1112  0.528062  -8607179 -0.367077  3347  0.227411  0.0790 0.000899 0.001091 0.005127 -0.156374 -0.072439 -0.230352
ELHT 02SEP06 2002.6804 52523 1182 5  167.1   1112  0.526387  -8607179 -0.367612  3347  0.222983  0.0790 0.001228 0.001655 0.006814 -0.086900 -0.025161 -0.118849
ELHT 02SEP07 2002.6831 52524 1182 6  167.1   1112  0.525116  -8607179 -0.374253  3347  0.237828  0.0790 0.001481 0.001861 0.009113  0.068293 -0.168411 -0.368984
ELHT 02SEP08 2002.6858 52525 1183 0  167.1   1112  0.524152  -8607179 -0.371489  3347  0.219007  0.0790 0.000821 0.001036 0.005045  0.041373 -0.054475 -0.397138
ELHT 02SEP09 2002.6886 52526 1183 1  167.1   1112  0.522754  -8607179 -0.367754  3347  0.202064  0.0790 0.003219 0.002479 0.011174 -0.169518 -0.326581 -0.414505
ELHT 02SEP10 2002.6913 52527 1183 2  167.1   1112  0.521586  -8607179 -0.369435  3347  0.203344  0.0790 0.001549 0.002904 0.009102  0.106812  0.139175 -0.050488
ELHT 02SEP11 2002.6940 52528 1183 3  167.1   1112  0.526851  -8607179 -0.372021  3347  0.210577  0.0790 0.001172 0.001513 0.006744 -0.015239 -0.153644 -0.222957
ELHT 02SEP12 2002.6968 52529 1183 4  167.1   1112  0.525706  -8607179 -0.365546  3347  0.213795  0.0790 0.001615 0.002007 0.009688 -0.078816  0.036726 -0.496979
ELHT 02SEP13 2002.6995 52530 1183 5  167.1   1112  0.521404  -8607179 -0.368096  3347  0.236783  0.0790 0.001382 0.001754 0.007934 -0.083756 -0.054808 -0.283414
ELHT 02SEP14 2002.7023 52531 1183 6  167.1   1112  0.524376  -8607179 -0.377018  3347  0.224981  0.0790 0.002212 0.002327 0.009817 -0.278446 -0.054447 -0.044927
ELHT 02SEP15 2002.7050 52532 1184 0  167.1   1112  0.524621  -8607179 -0.371240  3347  0.231621  0.0790 0.002099 0.002241 0.010464 -0.173019 -0.295961 -0.010687
ELHT 02SEP16 2002.7077 52533 1184 1  167.1   1112  0.521676  -8607179 -0.364368  3347  0.210099  0.0790 0.006352 0.003813 0.013859  0.266336 -0.370054 -0.513601
ELHT 02SEP18 2002.7132 52535 1184 3  167.1   1112  0.522048  -8607179 -0.365755  3347  0.235784  0.0790 0.002586 0.002915 0.011764 -0.160813  0.005698 -0.167376
ELHT 02SEP19 2002.7159 52536 1184 4  167.1   1112  0.528758  -8607179 -0.364811  3347  0.235500  0.0790 0.004923 0.004174 0.011354  0.405674 -0.143223 -0.027859
ELHT 02SEP20 2002.7187 52537 1184 5  167.1   1112  0.520053  -8607179 -0.370548  3347  0.236062  0.0790 0.002301 0.001981 0.009158 -0.178986 -0.241369 -0.190800
ELHT 02SEP21 2002.7214 52538 1184 6  167.1   1112  0.526886  -8607179 -0.370889  3347  0.241570  0.0790 0.001640 0.002853 0.010090 -0.310040 -0.156005 -0.211918
ELHT 02SEP22 2002.7242 52539 1185 0  167.1   1112  0.523296  -8607179 -0.374740  3347  0.254061  0.0790 0.002788 0.003008 0.013151 -0.298931 -0.166733 -0.104998
ELHT 02SEP23 2002.7269 52540 1185 1  167.1   1112  0.525937  -8607179 -0.368640  3347  0.227966  0.0790 0.001143 0.001382 0.006614  0.006952  0.158710 -0.202969
ELHT 02SEP24 2002.7296 52541 1185 2  167.1   1112  0.524373  -8607179 -0.367919  3347  0.218555  0.0790 0.002883 0.003170 0.012515 -0.311684  0.440805 -0.455255
ELHT 02SEP25 2002.7324 52542 1185 3  167.1   1112  0.527264  -8607179 -0.373402  3347  0.237516  0.0790 0.001068 0.001481 0.006019  0.169340  0.002592 -0.218769
ELHT 02SEP26 2002.7351 52543 1185 4  167.1   1112  0.528299  -8607179 -0.368923  3347  0.220957  0.0790 0.001500 0.001837 0.009095 -0.075699 -0.281242 -0.402574
ELHT 02SEP27 2002.7379 52544 1185 5  167.1   1112  0.526092  -8607179 -0.372908  3347  0.231799  0.0790 0.001600 0.001844 0.008475 -0.132309 -0.131976 -0.369356
ELHT 02SEP28 2002.7406 52545 1185 6  167.1   1112  0.522936  -8607179 -0.367106  3347  0.235368  0.0790 0.000905 0.001095 0.005749 -0.059696  0.136636 -0.234630
ELHT 02SEP29 2002.7433 52546 1186 0  167.1   1112  0.522984  -8607179 -0.369174  3347  0.213058  0.0790 0.001876 0.002176 0.007469 -0.436843  0.158567 -0.310569
ELHT 02SEP30 2002.7461 52547 1186 1  167.1   1112  0.523232  -8607179 -0.368790  3347  0.228142  0.0790 0.002036 0.002152 0.009771 -0.129049  0.060864 -0.426047
ELHT 02OCT01 2002.7488 52548 1186 2  167.1   1112  0.520678  -8607179 -0.366792  3347  0.233890  0.0790 0.001462 0.001754 0.007322  0.098371  0.118741 -0.379307
ELHT 02OCT02 2002.7515 52549 1186 3  167.1   1112  0.526618  -8607179 -0.371295  3347  0.222032  0.0790 0.001118 0.001572 0.007014  0.006567  0.227748 -0.139168
ELHT 02OCT03 2002.7543 52550 1186 4  167.1   1112  0.526621  -8607179 -0.368569  3347  0.212649  0.0790 0.000949 0.001277 0.005894 -0.028938  0.137211 -0.132626
ELHT 02OCT04 2002.7570 52551 1186 5  167.1   1112  0.523479  -8607179 -0.362251  3347  0.212327  0.0790 0.002453 0.002146 0.010181  0.226815 -0.038066 -0.141980
ELHT 02OCT05 2002.7598 52552 1186 6  167.1   1112  0.527053  -8607179 -0.369849  3347  0.237319  0.0790 0.000960 0.001091 0.005670  0.097858  0.200583 -0.247715
ELHT 02OCT06 2002.7625 52553 1187 0  167.1   1112  0.523758  -8607179 -0.369739  3347  0.223027  0.0790 0.000862 0.001352 0.005819 -0.070172 -0.014061 -0.282618
ELHT 02OCT07 2002.7652 52554 1187 1  167.1   1112  0.525390  -8607179 -0.380565  3347  0.218126  0.0790 0.002068 0.002297 0.010049  0.040088  0.223941  0.054468
ELHT 02OCT08 2002.7680 52555 1187 2  167.1   1112  0.526154  -8607179 -0.370609  3347  0.247136  0.0790 0.001144 0.001379 0.007005 -0.058461  0.171940 -0.333396
ELHT 02OCT09 2002.7707 52556 1187 3  167.1   1112  0.521976  -8607179 -0.371819  3347  0.233933  0.0790 0.001184 0.001491 0.007564 -0.089347  0.013814 -0.168184
ELHT 02OCT10 2002.7734 52557 1187 4  167.1   1112  0.527350  -8607179 -0.375866  3347  0.240815  0.0790 0.001319 0.001331 0.006528  0.049151 -0.000292 -0.295289
ELHT 02OCT11 2002.7762 52558 1187 5  167.1   1112  0.525893  -8607179 -0.375453  3347  0.215363  0.0790 0.001025 0.001276 0.006208  0.140459  0.001079 -0.280153
ELHT 02OCT12 2002.7789 52559 1187 6  167.1   1112  0.519675  -8607179 -0.367780  3347  0.231766  0.0790 0.001732 0.001874 0.008385 -0.144097 -0.107042 -0.246891
ELHT 02OCT13 2002.7817 52560 1188 0  167.1   1112  0.525814  -8607179 -0.370403  3347  0.221427  0.0790 0.001042 0.001376 0.006733  0.026767 -0.069528 -0.309285
ELHT 02OCT14 2002.7844 52561 1188 1  167.1   1112  0.518656  -8607179 -0.368587  3347  0.217991  0.0790 0.005420 0.005330 0.014324  0.162459 -0.025516  0.200473
ELHT 02OCT15 2002.7871 52562 1188 2  167.1   1112  0.521578  -8607179 -0.368240  3347  0.209659  0.0790 0.001749 0.002024 0.009393 -0.133632 -0.022279 -0.280426
ELHT 02OCT16 2002.7899 52563 1188 3  167.1   1112  0.525007  -8607179 -0.372211  3347  0.224291  0.0790 0.001296 0.002109 0.008348 -0.102471 -0.001311 -0.389368
ELHT 02OCT17 2002.7926 52564 1188 4  167.1   1112  0.522419  -8607179 -0.354168  3347  0.206829  0.0790 0.006054 0.006977 0.015539  0.613262  0.315802  0.343451
ELHT 02OCT18 2002.7953 52565 1188 5  167.1   1112  0.519771  -8607179 -0.365299  3347  0.219191  0.0790 0.003228 0.003088 0.012103  0.114758  0.110795 -0.425808
ELHT 02OCT19 2002.7981 52566 1188 6  167.1   1112  0.529237  -8607179 -0.362152  3347  0.223472  0.0790 0.002587 0.004466 0.012606 -0.360381  0.088063  0.035511
ELHT 02OCT20 2002.8008 52567 1189 0  167.1   1112  0.522685  -8607179 -0.368995  3347  0.237367  0.0790 0.002261 0.004916 0.011610  0.322345  0.232980  0.036439
ELHT 02OCT21 2002.8036 52568 1189 1  167.1   1112  0.530002  -8607179 -0.374961  3347  0.222175  0.0790 0.003074 0.003887 0.015340  0.574375  0.196547 -0.129861
ELHT 02OCT22 2002.8063 52569 1189 2  167.1   1112  0.524328  -8607179 -0.372594  3347  0.228073  0.0790 0.002277 0.002544 0.010012 -0.263751 -0.025982 -0.342024
ELHT 02OCT23 2002.8090 52570 1189 3  167.1   1112  0.524706  -8607179 -0.371554  3347  0.233391  0.0790 0.002439 0.002286 0.010873 -0.162957 -0.322100 -0.195200
ELHT 02OCT24 2002.8118 52571 1189 4  167.1   1112  0.526497  -8607179 -0.373175  3347  0.226937  0.0790 0.002450 0.002582 0.011589  0.093997  0.177995 -0.232443
ELHT 02OCT25 2002.8145 52572 1189 5  167.1   1112  0.525102  -8607179 -0.374545  3347  0.240706  0.0790 0.001297 0.001554 0.007674  0.060448  0.144491 -0.206543
ELHT 02OCT26 2002.8172 52573 1189 6  167.1   1112  0.527466  -8607179 -0.370911  3347  0.241028  0.0790 0.001558 0.001891 0.008915  0.145803  0.252709 -0.315793
ELHT 02OCT27 2002.8200 52574 1190 0  167.1   1112  0.527533  -8607179 -0.369061  3347  0.235414  0.0790 0.001214 0.001555 0.006364 -0.048305  0.067395 -0.166972
ELHT 02OCT28 2002.8227 52575 1190 1  167.1   1112  0.521887  -8607179 -0.369907  3347  0.238243  0.0790 0.001210 0.001688 0.007269 -0.111934 -0.045460 -0.344814
ELHT 02OCT29 2002.8255 52576 1190 2  167.1   1112  0.526863  -8607179 -0.370775  3347  0.229199  0.0790 0.001380 0.001756 0.008384 -0.125847 -0.064383 -0.520801
ELHT 02OCT30 2002.8282 52577 1190 3  167.1   1112  0.522826  -8607179 -0.366616  3347  0.207141  0.0790 0.002452 0.001828 0.009278 -0.119431 -0.356536 -0.372330
ELHT 02OCT31 2002.8309 52578 1190 4  167.1   1112  0.527792  -8607179 -0.373690  3347  0.232080  0.0790 0.001209 0.001293 0.006718  0.013863  0.117895 -0.349858
ELHT 02NOV01 2002.8337 52579 1190 5  167.1   1112  0.525376  -8607179 -0.372874  3347  0.213301  0.0790 0.001062 0.001311 0.006057  0.174665 -0.053979 -0.350538
ELHT 02NOV02 2002.8364 52580 1190 6  167.1   1112  0.524552  -8607179 -0.373456  3347  0.262650  0.0790 0.001859 0.002445 0.010758  0.056053  0.002824 -0.419548
ELHT 02NOV03 2002.8392 52581 1191 0  167.1   1112  0.529711  -8607179 -0.371112  3347  0.257090  0.0790 0.001344 0.001845 0.008448 -0.077612  0.267129 -0.228837
