site YYMMMDD yyyy.yyyy __MJD week d reflon _e0(m) __east(m) ____n0(m) _north(m) u0(m) ____up(m) _ant(m) sig_e(m) sig_n(m) sig_u(m) __corr_en __corr_eu __corr_nu
OKAM 17OCT26 2017.8179 58052 1972 4  -97.1  -2820 -0.654884   3782934  0.255486   251  0.532363  0.0000 0.000509 0.000593 0.002009 -0.117265  0.044332 -0.159803
OKAM 17OCT27 2017.8207 58053 1972 5  -97.1  -2820 -0.655665   3782934  0.257406   251  0.525855  0.0000 0.000507 0.000599 0.002032 -0.078140  0.014933 -0.162745
OKAM 17OCT28 2017.8234 58054 1972 6  -97.1  -2820 -0.655395   3782934  0.257438   251  0.521858  0.0000 0.000511 0.000592 0.001999 -0.122650  0.042481 -0.149894
OKAM 17OCT29 2017.8261 58055 1973 0  -97.1  -2820 -0.655330   3782934  0.252904   251  0.533570  0.0000 0.000504 0.000587 0.001957 -0.108747  0.028341 -0.151990
OKAM 17OCT30 2017.8289 58056 1973 1  -97.1  -2820 -0.655073   3782934  0.255977   251  0.530982  0.0000 0.000505 0.000588 0.001941 -0.115272  0.027087 -0.143152
OKAM 17OCT31 2017.8316 58057 1973 2  -97.1  -2820 -0.655525   3782934  0.255690   251  0.526856  0.0000 0.000507 0.000592 0.001975 -0.129067  0.048979 -0.156601
OKAM 17NOV01 2017.8344 58058 1973 3  -97.1  -2820 -0.655214   3782934  0.254996   251  0.524757  0.0000 0.000501 0.000589 0.001928 -0.116153  0.041416 -0.145187
OKAM 17NOV02 2017.8371 58059 1973 4  -97.1  -2820 -0.653676   3782934  0.257137   251  0.528896  0.0000 0.000505 0.000604 0.001968 -0.118327  0.039818 -0.144405
OKAM 17NOV03 2017.8398 58060 1973 5  -97.1  -2820 -0.655057   3782934  0.255705   251  0.530640  0.0000 0.000502 0.000586 0.001951 -0.106381  0.033047 -0.151306
OKAM 17NOV05 2017.8453 58062 1974 0  -97.1  -2820 -0.655553   3782934  0.256856   251  0.541496  0.0000 0.000510 0.000591 0.001965 -0.124674  0.051894 -0.163248
OKAM 17NOV06 2017.8480 58063 1974 1  -97.1  -2820 -0.655311   3782934  0.256210   251  0.531650  0.0000 0.000507 0.000595 0.001980 -0.133463  0.072384 -0.169920
OKAM 17NOV07 2017.8508 58064 1974 2  -97.1  -2820 -0.654378   3782934  0.257018   251  0.529580  0.0000 0.000502 0.000587 0.001953 -0.088264  0.019130 -0.123297
OKAM 17NOV08 2017.8535 58065 1974 3  -97.1  -2820 -0.655156   3782934  0.256409   251  0.529198  0.0000 0.000498 0.000580 0.001945 -0.097338  0.051840 -0.157533
OKAM 17NOV09 2017.8563 58066 1974 4  -97.1  -2820 -0.659403   3782934  0.255709   251  0.526461  0.0000 0.000504 0.000603 0.002001 -0.099154  0.026546 -0.135989
OKAM 17NOV10 2017.8590 58067 1974 5  -97.1  -2820 -0.659456   3782934  0.254538   251  0.527430  0.0000 0.000511 0.000609 0.002025 -0.104762  0.035964 -0.133390
OKAM 17NOV11 2017.8617 58068 1974 6  -97.1  -2820 -0.660048   3782934  0.253349   251  0.523935  0.0000 0.000525 0.000612 0.002038 -0.135711  0.057846 -0.164182
OKAM 17NOV12 2017.8645 58069 1975 0  -97.1  -2820 -0.658611   3782934  0.255132   251  0.535397  0.0000 0.000497 0.000589 0.001954 -0.092820  0.023393 -0.117551
OKAM 17NOV13 2017.8672 58070 1975 1  -97.1  -2820 -0.655422   3782934  0.254674   251  0.536357  0.0000 0.000541 0.000644 0.002126 -0.105736 -0.004877 -0.125128
OKAM 17NOV14 2017.8700 58071 1975 2  -97.1  -2820 -0.656574   3782934  0.255592   251  0.534009  0.0000 0.000495 0.000587 0.001945 -0.102276  0.049527 -0.144199
OKAM 17NOV15 2017.8727 58072 1975 3  -97.1  -2820 -0.657187   3782934  0.256943   251  0.536246  0.0000 0.000505 0.000593 0.001948 -0.126524  0.042847 -0.154151
OKAM 17NOV16 2017.8754 58073 1975 4  -97.1  -2820 -0.660538   3782934  0.258703   251  0.527243  0.0000 0.000505 0.000602 0.001979 -0.125979  0.058869 -0.155549
OKAM 17NOV17 2017.8782 58074 1975 5  -97.1  -2820 -0.657401   3782934  0.258950   251  0.534700  0.0000 0.000509 0.000600 0.002000 -0.126660  0.055393 -0.158624
OKAM 17NOV18 2017.8809 58075 1975 6  -97.1  -2820 -0.658271   3782934  0.257908   251  0.536751  0.0000 0.000507 0.000585 0.001995 -0.094913  0.034271 -0.161703
OKAM 17NOV19 2017.8836 58076 1976 0  -97.1  -2820 -0.655114   3782934  0.255023   251  0.529729  0.0000 0.000502 0.000592 0.001991 -0.095415  0.026899 -0.140905
OKAM 17NOV20 2017.8864 58077 1976 1  -97.1  -2820 -0.654737   3782934  0.255095   251  0.530789  0.0000 0.000502 0.000587 0.001982 -0.091791  0.036067 -0.144066
OKAM 17NOV21 2017.8891 58078 1976 2  -97.1  -2820 -0.656730   3782934  0.254164   251  0.529592  0.0000 0.000511 0.000604 0.002039 -0.134311  0.048613 -0.160664
OKAM 17NOV22 2017.8919 58079 1976 3  -97.1  -2820 -0.656591   3782934  0.252394   251  0.518573  0.0000 0.000503 0.000592 0.001965 -0.110912  0.037937 -0.161396
OKAM 17NOV23 2017.8946 58080 1976 4  -97.1  -2820 -0.654848   3782934  0.254144   251  0.528790  0.0000 0.000503 0.000586 0.001974 -0.096283  0.036114 -0.165324
OKAM 17NOV24 2017.8973 58081 1976 5  -97.1  -2820 -0.655164   3782934  0.254379   251  0.537560  0.0000 0.000500 0.000587 0.001968 -0.099721  0.042729 -0.121550
OKAM 17NOV25 2017.9001 58082 1976 6  -97.1  -2820 -0.655333   3782934  0.254243   251  0.536144  0.0000 0.000498 0.000579 0.001970 -0.088953  0.022045 -0.138073
OKAM 17NOV26 2017.9028 58083 1977 0  -97.1  -2820 -0.655579   3782934  0.254747   251  0.529104  0.0000 0.000506 0.000590 0.001985 -0.111137  0.028599 -0.169282
OKAM 17NOV27 2017.9055 58084 1977 1  -97.1  -2820 -0.653956   3782934  0.255288   251  0.535091  0.0000 0.000505 0.000588 0.002003 -0.096615 -0.005813 -0.154626
OKAM 17NOV28 2017.9083 58085 1977 2  -97.1  -2820 -0.655913   3782934  0.255135   251  0.537034  0.0000 0.000500 0.000587 0.001969 -0.097561  0.040565 -0.148860
OKAM 17NOV29 2017.9110 58086 1977 3  -97.1  -2820 -0.657792   3782934  0.255025   251  0.523762  0.0000 0.000509 0.000597 0.002003 -0.104312  0.030180 -0.135253
OKAM 17NOV30 2017.9138 58087 1977 4  -97.1  -2820 -0.656834   3782934  0.256901   251  0.528993  0.0000 0.000515 0.000600 0.002017 -0.109516  0.029271 -0.124887
OKAM 17DEC01 2017.9165 58088 1977 5  -97.1  -2820 -0.656892   3782934  0.255630   251  0.533171  0.0000 0.000504 0.000593 0.001985 -0.115939  0.044655 -0.151207
OKAM 17DEC02 2017.9192 58089 1977 6  -97.1  -2820 -0.655869   3782934  0.255315   251  0.539166  0.0000 0.000513 0.000595 0.002015 -0.123826  0.035853 -0.159871
OKAM 17DEC03 2017.9220 58090 1978 0  -97.1  -2820 -0.653634   3782934  0.256544   251  0.540699  0.0000 0.000511 0.000596 0.001996 -0.100297  0.032460 -0.137623
OKAM 17DEC04 2017.9247 58091 1978 1  -97.1  -2820 -0.656922   3782934  0.257204   251  0.533358  0.0000 0.000504 0.000592 0.001968 -0.103548  0.051954 -0.123087
OKAM 17DEC05 2017.9274 58092 1978 2  -97.1  -2820 -0.655374   3782934  0.256226   251  0.531599  0.0000 0.000507 0.000599 0.001988 -0.123221  0.053402 -0.139042
OKAM 17DEC06 2017.9302 58093 1978 3  -97.1  -2820 -0.656370   3782934  0.255426   251  0.528964  0.0000 0.000511 0.000597 0.002005 -0.126927  0.026016 -0.138115
OKAM 17DEC07 2017.9329 58094 1978 4  -97.1  -2820 -0.656133   3782934  0.254790   251  0.521492  0.0000 0.000509 0.000597 0.002007 -0.121069  0.001019 -0.132000
OKAM 17DEC08 2017.9357 58095 1978 5  -97.1  -2820 -0.657195   3782934  0.254568   251  0.519630  0.0000 0.000504 0.000590 0.001966 -0.123915  0.037389 -0.145805
OKAM 17DEC09 2017.9384 58096 1978 6  -97.1  -2820 -0.656140   3782934  0.252689   251  0.518853  0.0000 0.000506 0.000598 0.001958 -0.128449  0.046931 -0.141547
OKAM 17DEC10 2017.9411 58097 1979 0  -97.1  -2820 -0.657827   3782934  0.253625   251  0.526197  0.0000 0.000509 0.000594 0.001975 -0.114736  0.036371 -0.137511
OKAM 17DEC11 2017.9439 58098 1979 1  -97.1  -2820 -0.658723   3782934  0.253923   251  0.527536  0.0000 0.000502 0.000591 0.001971 -0.116510  0.036092 -0.145542
OKAM 17DEC12 2017.9466 58099 1979 2  -97.1  -2820 -0.657842   3782934  0.251791   251  0.529563  0.0000 0.000504 0.000594 0.001971 -0.114196  0.025245 -0.134393
OKAM 17DEC13 2017.9493 58100 1979 3  -97.1  -2820 -0.656354   3782934  0.251976   251  0.533212  0.0000 0.000496 0.000585 0.001947 -0.106458  0.015620 -0.133975
OKAM 17DEC14 2017.9521 58101 1979 4  -97.1  -2820 -0.658474   3782934  0.254157   251  0.527675  0.0000 0.000511 0.000608 0.002008 -0.152255  0.081099 -0.164253
OKAM 17DEC15 2017.9548 58102 1979 5  -97.1  -2820 -0.658072   3782934  0.253698   251  0.521897  0.0000 0.000497 0.000590 0.001941 -0.096846  0.019375 -0.108908
OKAM 17DEC16 2017.9576 58103 1979 6  -97.1  -2820 -0.658586   3782934  0.252767   251  0.535417  0.0000 0.000502 0.000585 0.001938 -0.094476  0.015808 -0.120570
OKAM 17DEC17 2017.9603 58104 1980 0  -97.1  -2820 -0.656899   3782934  0.254775   251  0.526855  0.0000 0.000509 0.000593 0.001972 -0.115762  0.025228 -0.125093
OKAM 17DEC18 2017.9630 58105 1980 1  -97.1  -2820 -0.658970   3782934  0.254642   251  0.530298  0.0000 0.000506 0.000586 0.001941 -0.111687  0.001929 -0.141180
OKAM 17DEC19 2017.9658 58106 1980 2  -97.1  -2820 -0.657899   3782934  0.253607   251  0.528551  0.0000 0.000509 0.000597 0.002050 -0.072990  0.011395 -0.148318
OKAM 17DEC20 2017.9685 58107 1980 3  -97.1  -2820 -0.656794   3782934  0.256665   251  0.536643  0.0000 0.000501 0.000583 0.001966 -0.105413  0.018954 -0.128035
OKAM 17DEC21 2017.9713 58108 1980 4  -97.1  -2820 -0.657650   3782934  0.254938   251  0.535820  0.0000 0.000504 0.000583 0.001950 -0.089286 -0.005952 -0.110841
OKAM 17DEC22 2017.9740 58109 1980 5  -97.1  -2820 -0.655970   3782934  0.254782   251  0.538316  0.0000 0.000508 0.000587 0.001970 -0.102757  0.026162 -0.139442
OKAM 17DEC23 2017.9767 58110 1980 6  -97.1  -2820 -0.657551   3782934  0.253930   251  0.527567  0.0000 0.000499 0.000580 0.001929 -0.089145  0.018758 -0.130884
OKAM 17DEC24 2017.9795 58111 1981 0  -97.1  -2820 -0.656738   3782934  0.253740   251  0.526071  0.0000 0.000502 0.000580 0.001965 -0.095355  0.030437 -0.150112
OKAM 17DEC25 2017.9822 58112 1981 1  -97.1  -2820 -0.654620   3782934  0.256957   251  0.521324  0.0000 0.000503 0.000579 0.001958 -0.097335  0.035787 -0.157999
OKAM 17DEC26 2017.9849 58113 1981 2  -97.1  -2820 -0.658531   3782934  0.254999   251  0.524475  0.0000 0.000508 0.000588 0.001971 -0.122202  0.059902 -0.151461
OKAM 17DEC27 2017.9877 58114 1981 3  -97.1  -2820 -0.657991   3782934  0.256713   251  0.521935  0.0000 0.000512 0.000591 0.001989 -0.112575  0.042006 -0.152749
OKAM 17DEC28 2017.9904 58115 1981 4  -97.1  -2820 -0.657432   3782934  0.256063   251  0.525405  0.0000 0.000502 0.000586 0.001948 -0.098721  0.038295 -0.128727
OKAM 17DEC29 2017.9932 58116 1981 5  -97.1  -2820 -0.658533   3782934  0.254299   251  0.528049  0.0000 0.000501 0.000584 0.001937 -0.100675  0.028927 -0.135861
OKAM 17DEC30 2017.9959 58117 1981 6  -97.1  -2820 -0.657177   3782934  0.253871   251  0.527698  0.0000 0.000507 0.000583 0.001956 -0.112452  0.045885 -0.151899
OKAM 17DEC31 2017.9986 58118 1982 0  -97.1  -2820 -0.656582   3782934  0.255068   251  0.522912  0.0000 0.000511 0.000590 0.001999 -0.103514  0.031809 -0.153172
OKAM 18JAN01 2018.0014 58119 1982 1  -97.1  -2820 -0.657659   3782934  0.253871   251  0.518844  0.0000 0.000505 0.000593 0.001973 -0.103540  0.055964 -0.155730
OKAM 18JAN02 2018.0041 58120 1982 2  -97.1  -2820 -0.657367   3782934  0.254439   251  0.519543  0.0000 0.000508 0.000592 0.001983 -0.087013  0.032337 -0.132746
OKAM 18JAN03 2018.0068 58121 1982 3  -97.1  -2820 -0.658918   3782934  0.253966   251  0.519539  0.0000 0.000505 0.000592 0.001960 -0.107762  0.014662 -0.129830
OKAM 18JAN04 2018.0096 58122 1982 4  -97.1  -2820 -0.657518   3782934  0.253903   251  0.523032  0.0000 0.000504 0.000586 0.001946 -0.103283  0.009680 -0.107039
OKAM 18JAN05 2018.0123 58123 1982 5  -97.1  -2820 -0.655611   3782934  0.255826   251  0.522353  0.0000 0.000501 0.000585 0.001932 -0.109437  0.017729 -0.129695
OKAM 18JAN06 2018.0151 58124 1982 6  -97.1  -2820 -0.656542   3782934  0.256824   251  0.528724  0.0000 0.000505 0.000588 0.001972 -0.095868  0.049278 -0.147448
OKAM 18JAN07 2018.0178 58125 1983 0  -97.1  -2820 -0.655260   3782934  0.254593   251  0.529977  0.0000 0.000505 0.000592 0.001969 -0.102343  0.014409 -0.128019
OKAM 18JAN09 2018.0233 58127 1983 2  -97.1  -2820 -0.660019   3782934  0.254394   251  0.530272  0.0000 0.000510 0.000590 0.001969 -0.116509  0.050143 -0.168046
OKAM 18JAN10 2018.0260 58128 1983 3  -97.1  -2820 -0.656094   3782934  0.253058   251  0.536854  0.0000 0.000505 0.000584 0.001961 -0.107456  0.020428 -0.138030
OKAM 18JAN12 2018.0315 58130 1983 5  -97.1  -2820 -0.658450   3782934  0.256599   251  0.525322  0.0000 0.000512 0.000597 0.002007 -0.093648  0.030178 -0.140522
OKAM 18JAN13 2018.0342 58131 1983 6  -97.1  -2820 -0.656516   3782934  0.253922   251  0.521919  0.0000 0.000511 0.000602 0.002001 -0.115426  0.018157 -0.151898
OKAM 18JAN14 2018.0370 58132 1984 0  -97.1  -2820 -0.656886   3782934  0.254503   251  0.520440  0.0000 0.000507 0.000594 0.001944 -0.115461  0.027849 -0.140217
OKAM 18JAN15 2018.0397 58133 1984 1  -97.1  -2820 -0.656874   3782934  0.258435   251  0.516818  0.0000 0.000509 0.000589 0.001964 -0.117423  0.023963 -0.159901
OKAM 18JAN16 2018.0424 58134 1984 2  -97.1  -2820 -0.657357   3782934  0.254786   251  0.510026  0.0000 0.000515 0.000598 0.001982 -0.104138  0.022869 -0.164025
OKAM 18JAN17 2018.0452 58135 1984 3  -97.1  -2820 -0.658598   3782934  0.255306   251  0.510450  0.0000 0.000513 0.000615 0.002023 -0.121120  0.043685 -0.153758
OKAM 18JAN18 2018.0479 58136 1984 4  -97.1  -2820 -0.658654   3782934  0.252786   251  0.518936  0.0000 0.000508 0.000598 0.002003 -0.090827  0.006992 -0.121305
OKAM 18JAN19 2018.0507 58137 1984 5  -97.1  -2820 -0.657658   3782934  0.255139   251  0.526351  0.0000 0.000512 0.000596 0.001992 -0.108925  0.032501 -0.138299
OKAM 18JAN20 2018.0534 58138 1984 6  -97.1  -2820 -0.660350   3782934  0.258471   251  0.536032  0.0000 0.000511 0.000593 0.001989 -0.117512  0.045299 -0.172951
OKAM 18JAN21 2018.0561 58139 1985 0  -97.1  -2820 -0.658009   3782934  0.257354   251  0.535970  0.0000 0.000504 0.000592 0.001955 -0.097131 -0.001735 -0.150028
OKAM 18JAN22 2018.0589 58140 1985 1  -97.1  -2820 -0.659579   3782934  0.255390   251  0.528362  0.0000 0.000506 0.000590 0.001975 -0.109245  0.034044 -0.151804
OKAM 18JAN23 2018.0616 58141 1985 2  -97.1  -2820 -0.659164   3782934  0.256368   251  0.525058  0.0000 0.000507 0.000593 0.001990 -0.117525  0.046191 -0.161462
OKAM 18JAN24 2018.0643 58142 1985 3  -97.1  -2820 -0.658063   3782934  0.257835   251  0.525217  0.0000 0.000534 0.000602 0.002062 -0.099895  0.033682 -0.140252
OKAM 18JAN25 2018.0671 58143 1985 4  -97.1  -2820 -0.656806   3782934  0.257250   251  0.528483  0.0000 0.000523 0.000594 0.002004 -0.107735  0.027587 -0.127334
OKAM 18JAN26 2018.0698 58144 1985 5  -97.1  -2820 -0.657888   3782934  0.256320   251  0.533264  0.0000 0.000524 0.000598 0.002005 -0.113662  0.046086 -0.138103
OKAM 18JAN27 2018.0726 58145 1985 6  -97.1  -2820 -0.660223   3782934  0.256941   251  0.533150  0.0000 0.000520 0.000597 0.001993 -0.099275  0.034623 -0.123717
OKAM 18JAN28 2018.0753 58146 1986 0  -97.1  -2820 -0.657148   3782934  0.256963   251  0.525868  0.0000 0.000522 0.000598 0.002031 -0.097795  0.043661 -0.139967
OKAM 18JAN29 2018.0780 58147 1986 1  -97.1  -2820 -0.655771   3782934  0.256131   251  0.524263  0.0000 0.000526 0.000599 0.002054 -0.096621  0.017864 -0.129605
OKAM 18JAN30 2018.0808 58148 1986 2  -97.1  -2820 -0.657619   3782934  0.255722   251  0.530311  0.0000 0.000524 0.000593 0.002022 -0.095408  0.029507 -0.122932
OKAM 18JAN31 2018.0835 58149 1986 3  -97.1  -2820 -0.657583   3782934  0.255087   251  0.538157  0.0000 0.000521 0.000593 0.001992 -0.098988  0.017788 -0.124018
OKAM 18FEB01 2018.0862 58150 1986 4  -97.1  -2820 -0.658256   3782934  0.255164   251  0.531775  0.0000 0.000522 0.000592 0.001996 -0.101718  0.047534 -0.134575
OKAM 18FEB02 2018.0890 58151 1986 5  -97.1  -2820 -0.658992   3782934  0.257837   251  0.529549  0.0000 0.000515 0.000594 0.001992 -0.087475  0.042955 -0.117549
OKAM 18FEB03 2018.0917 58152 1986 6  -97.1  -2820 -0.657625   3782934  0.254007   251  0.529689  0.0000 0.000514 0.000590 0.001978 -0.084538  0.029299 -0.125438
OKAM 18FEB04 2018.0945 58153 1987 0  -97.1  -2820 -0.658967   3782934  0.253456   251  0.525011  0.0000 0.000522 0.000595 0.002007 -0.099687  0.028111 -0.120643
OKAM 18FEB05 2018.0972 58154 1987 1  -97.1  -2820 -0.656689   3782934  0.257201   251  0.531992  0.0000 0.000538 0.000611 0.002048 -0.106294  0.043899 -0.143288
OKAM 18FEB06 2018.0999 58155 1987 2  -97.1  -2820 -0.657416   3782934  0.254917   251  0.526175  0.0000 0.000547 0.000610 0.002086 -0.118542  0.063685 -0.139965
OKAM 18FEB07 2018.1027 58156 1987 3  -97.1  -2820 -0.660609   3782934  0.255082   251  0.522808  0.0000 0.000522 0.000593 0.001996 -0.107332  0.062702 -0.141995
OKAM 18FEB08 2018.1054 58157 1987 4  -97.1  -2820 -0.657188   3782934  0.256073   251  0.527795  0.0000 0.000533 0.000605 0.002052 -0.108719  0.048909 -0.131917
OKAM 18FEB09 2018.1081 58158 1987 5  -97.1  -2820 -0.657105   3782934  0.255447   251  0.529054  0.0000 0.000529 0.000598 0.002032 -0.121579  0.069497 -0.124090
OKAM 18FEB10 2018.1109 58159 1987 6  -97.1  -2820 -0.658791   3782934  0.255528   251  0.529994  0.0000 0.000524 0.000596 0.002013 -0.104426  0.026328 -0.115118
OKAM 18FEB11 2018.1136 58160 1988 0  -97.1  -2820 -0.658587   3782934  0.252989   251  0.518410  0.0000 0.000538 0.000613 0.002077 -0.127168  0.034294 -0.131053
OKAM 18FEB12 2018.1164 58161 1988 1  -97.1  -2820 -0.659950   3782934  0.253808   251  0.514214  0.0000 0.000531 0.000602 0.002061 -0.117955  0.062841 -0.147170
OKAM 18FEB13 2018.1191 58162 1988 2  -97.1  -2820 -0.659039   3782934  0.251645   251  0.526172  0.0000 0.000522 0.000610 0.002055 -0.122653  0.061688 -0.134424
OKAM 18FEB14 2018.1218 58163 1988 3  -97.1  -2820 -0.655616   3782934  0.254865   251  0.534137  0.0000 0.000527 0.000614 0.002065 -0.118633  0.039193 -0.115363
OKAM 18FEB15 2018.1246 58164 1988 4  -97.1  -2820 -0.657532   3782934  0.255366   251  0.539158  0.0000 0.000517 0.000590 0.002001 -0.077945  0.022537 -0.085314
OKAM 18FEB16 2018.1273 58165 1988 5  -97.1  -2820 -0.659550   3782934  0.257577   251  0.540800  0.0000 0.000521 0.000595 0.002003 -0.109365  0.051721 -0.121250
OKAM 18FEB17 2018.1300 58166 1988 6  -97.1  -2820 -0.658651   3782934  0.255313   251  0.538196  0.0000 0.000513 0.000584 0.001961 -0.090855  0.038944 -0.128093
OKAM 18FEB18 2018.1328 58167 1989 0  -97.1  -2820 -0.661480   3782934  0.254909   251  0.534356  0.0000 0.000518 0.000587 0.001980 -0.093621  0.062209 -0.129960
OKAM 18FEB19 2018.1355 58168 1989 1  -97.1  -2820 -0.659438   3782934  0.255889   251  0.536132  0.0000 0.000529 0.000596 0.002019 -0.104325  0.047328 -0.136618
OKAM 18FEB20 2018.1383 58169 1989 2  -97.1  -2820 -0.659797   3782934  0.257254   251  0.538050  0.0000 0.000532 0.000601 0.002092 -0.095072  0.008392 -0.093723
OKAM 18FEB21 2018.1410 58170 1989 3  -97.1  -2820 -0.662034   3782934  0.252897   251  0.519057  0.0000 0.000530 0.000589 0.002012 -0.079134  0.034469 -0.087070
OKAM 18FEB22 2018.1437 58171 1989 4  -97.1  -2820 -0.658997   3782934  0.253231   251  0.508832  0.0000 0.000514 0.000580 0.001956 -0.069131  0.008148 -0.099847
OKAM 18FEB23 2018.1465 58172 1989 5  -97.1  -2820 -0.653902   3782934  0.255787   251  0.524071  0.0000 0.000553 0.000611 0.002059 -0.111715  0.045441 -0.120095
OKAM 18FEB24 2018.1492 58173 1989 6  -97.1  -2820 -0.656760   3782934  0.255494   251  0.541062  0.0000 0.000543 0.000611 0.002116 -0.082125  0.018591 -0.128195
OKAM 18FEB25 2018.1520 58174 1990 0  -97.1  -2820 -0.658111   3782934  0.254723   251  0.523239  0.0000 0.000520 0.000590 0.001990 -0.085073  0.031713 -0.089379
OKAM 18FEB26 2018.1547 58175 1990 1  -97.1  -2820 -0.657209   3782934  0.253645   251  0.523653  0.0000 0.000524 0.000596 0.002013 -0.094396  0.031850 -0.104524
OKAM 18FEB27 2018.1574 58176 1990 2  -97.1  -2820 -0.659000   3782934  0.254383   251  0.529100  0.0000 0.000526 0.000586 0.002012 -0.076034  0.015933 -0.092723
OKAM 18FEB28 2018.1602 58177 1990 3  -97.1  -2820 -0.659164   3782934  0.254592   251  0.537811  0.0000 0.000515 0.000579 0.001943 -0.088141  0.019744 -0.111551
OKAM 18MAR01 2018.1629 58178 1990 4  -97.1  -2820 -0.656375   3782934  0.253005   251  0.533256  0.0000 0.000534 0.000594 0.001997 -0.089639  0.032620 -0.143146
OKAM 18MAR02 2018.1656 58179 1990 5  -97.1  -2820 -0.657875   3782934  0.256108   251  0.525306  0.0000 0.000524 0.000596 0.001972 -0.070797  0.018326 -0.104159
OKAM 18MAR03 2018.1684 58180 1990 6  -97.1  -2820 -0.656975   3782934  0.256758   251  0.524473  0.0000 0.000515 0.000584 0.001975 -0.073478  0.013428 -0.085009
OKAM 18MAR04 2018.1711 58181 1991 0  -97.1  -2820 -0.660195   3782934  0.255443   251  0.524578  0.0000 0.000524 0.000588 0.002012 -0.075076  0.002161 -0.107207
OKAM 18MAR05 2018.1739 58182 1991 1  -97.1  -2820 -0.659750   3782934  0.252919   251  0.531470  0.0000 0.000526 0.000590 0.002000 -0.100740  0.031169 -0.108817
OKAM 18MAR06 2018.1766 58183 1991 2  -97.1  -2820 -0.658647   3782934  0.255669   251  0.524809  0.0000 0.000522 0.000582 0.001986 -0.081802  0.027434 -0.137560
OKAM 18MAR07 2018.1793 58184 1991 3  -97.1  -2820 -0.656349   3782934  0.253807   251  0.524257  0.0000 0.000519 0.000583 0.001978 -0.074605 -0.000616 -0.119502
OKAM 18MAR08 2018.1821 58185 1991 4  -97.1  -2820 -0.657873   3782934  0.253476   251  0.526971  0.0000 0.000525 0.000597 0.002014 -0.055102 -0.026872 -0.087931
OKAM 18MAR09 2018.1848 58186 1991 5  -97.1  -2820 -0.660054   3782934  0.253307   251  0.529903  0.0000 0.000528 0.000605 0.002036 -0.074847 -0.006014 -0.090546
OKAM 18MAR10 2018.1875 58187 1991 6  -97.1  -2820 -0.660330   3782934  0.255375   251  0.527976  0.0000 0.000532 0.000613 0.002035 -0.080511 -0.002819 -0.098577
OKAM 18MAR11 2018.1903 58188 1992 0  -97.1  -2820 -0.660898   3782934  0.255202   251  0.528336  0.0000 0.000527 0.000593 0.001989 -0.084999  0.005477 -0.101960
OKAM 18MAR12 2018.1930 58189 1992 1  -97.1  -2820 -0.658421   3782934  0.256622   251  0.522979  0.0000 0.000525 0.000592 0.002004 -0.095832  0.001649 -0.123803
OKAM 18MAR13 2018.1958 58190 1992 2  -97.1  -2820 -0.661253   3782934  0.255224   251  0.526585  0.0000 0.000521 0.000593 0.001999 -0.090021  0.019322 -0.113389
OKAM 18MAR14 2018.1985 58191 1992 3  -97.1  -2820 -0.659453   3782934  0.253440   251  0.524353  0.0000 0.000526 0.000598 0.002010 -0.093092  0.023745 -0.100093
OKAM 18MAR15 2018.2012 58192 1992 4  -97.1  -2820 -0.659524   3782934  0.251981   251  0.526247  0.0000 0.000538 0.000611 0.002036 -0.096645  0.007617 -0.105239
OKAM 18MAR16 2018.2040 58193 1992 5  -97.1  -2820 -0.661034   3782934  0.252923   251  0.529031  0.0000 0.000523 0.000594 0.001984 -0.099192  0.005642 -0.102600
OKAM 18MAR17 2018.2067 58194 1992 6  -97.1  -2820 -0.659601   3782934  0.253394   251  0.536968  0.0000 0.000526 0.000589 0.001991 -0.098153  0.031283 -0.107805
OKAM 18MAR18 2018.2094 58195 1993 0  -97.1  -2820 -0.657268   3782934  0.252617   251  0.530116  0.0000 0.000516 0.000585 0.001947 -0.085116  0.038208 -0.116953
OKAM 18MAR19 2018.2122 58196 1993 1  -97.1  -2820 -0.659317   3782934  0.254234   251  0.532941  0.0000 0.000534 0.000597 0.002040 -0.081177  0.023365 -0.096537
OKAM 18MAR20 2018.2149 58197 1993 2  -97.1  -2820 -0.656125   3782934  0.253453   251  0.520067  0.0000 0.000525 0.000593 0.001998 -0.086159  0.017245 -0.090394
OKAM 18MAR21 2018.2177 58198 1993 3  -97.1  -2820 -0.659414   3782934  0.255501   251  0.530643  0.0000 0.000523 0.000588 0.001989 -0.077072  0.007491 -0.108284
OKAM 18MAR22 2018.2204 58199 1993 4  -97.1  -2820 -0.659188   3782934  0.252520   251  0.533895  0.0000 0.000525 0.000585 0.002002 -0.073969  0.005839 -0.112205
OKAM 18MAR23 2018.2231 58200 1993 5  -97.1  -2820 -0.658114   3782934  0.256085   251  0.536597  0.0000 0.000516 0.000584 0.001933 -0.087704  0.037216 -0.129039
OKAM 18MAR24 2018.2259 58201 1993 6  -97.1  -2820 -0.659456   3782934  0.255004   251  0.541666  0.0000 0.000526 0.000597 0.001976 -0.104718  0.027735 -0.115409
OKAM 18MAR26 2018.2313 58203 1994 1  -97.1  -2820 -0.660043   3782934  0.258107   251  0.537755  0.0000 0.000530 0.000596 0.002032 -0.103666  0.021879 -0.099289
OKAM 18MAR27 2018.2341 58204 1994 2  -97.1  -2820 -0.661628   3782934  0.255520   251  0.527473  0.0000 0.000523 0.000590 0.001992 -0.078222  0.016865 -0.101317
OKAM 18MAR28 2018.2368 58205 1994 3  -97.1  -2820 -0.660631   3782934  0.255683   251  0.536444  0.0000 0.000524 0.000589 0.001992 -0.073299  0.006710 -0.130673
OKAM 18MAR29 2018.2396 58206 1994 4  -97.1  -2820 -0.659393   3782934  0.253145   251  0.533851  0.0000 0.000527 0.000591 0.002014 -0.085047 -0.003099 -0.146003
OKAM 18MAR30 2018.2423 58207 1994 5  -97.1  -2820 -0.661211   3782934  0.253708   251  0.523164  0.0000 0.000524 0.000597 0.002019 -0.093294  0.015959 -0.124250
OKAM 18APR01 2018.2478 58209 1995 0  -97.1  -2820 -0.660942   3782934  0.255109   251  0.526253  0.0000 0.000528 0.000596 0.002028 -0.091496  0.012811 -0.121983
OKAM 18APR02 2018.2505 58210 1995 1  -97.1  -2820 -0.659298   3782934  0.252305   251  0.531609  0.0000 0.000522 0.000590 0.002020 -0.081595  0.023197 -0.137173
OKAM 18APR03 2018.2533 58211 1995 2  -97.1  -2820 -0.659053   3782934  0.254657   251  0.535899  0.0000 0.000523 0.000592 0.002021 -0.089469  0.005471 -0.149373
OKAM 18APR04 2018.2560 58212 1995 3  -97.1  -2820 -0.658663   3782934  0.254257   251  0.525624  0.0000 0.000518 0.000589 0.001987 -0.081654  0.000918 -0.121397
OKAM 18APR05 2018.2587 58213 1995 4  -97.1  -2820 -0.658290   3782934  0.253690   251  0.530196  0.0000 0.000524 0.000613 0.002061 -0.076562  0.016854 -0.099211
OKAM 18APR06 2018.2615 58214 1995 5  -97.1  -2820 -0.661494   3782934  0.256253   251  0.523796  0.0000 0.000524 0.000606 0.002052 -0.082168  0.029738 -0.113682
OKAM 18APR07 2018.2642 58215 1995 6  -97.1  -2820 -0.657518   3782934  0.252876   251  0.526038  0.0000 0.000524 0.000596 0.002048 -0.085982  0.037533 -0.127961
OKAM 18APR08 2018.2669 58216 1996 0  -97.1  -2820 -0.659316   3782934  0.256118   251  0.532922  0.0000 0.000524 0.000595 0.002052 -0.081884  0.011123 -0.125826
OKAM 18APR09 2018.2697 58217 1996 1  -97.1  -2820 -0.660536   3782934  0.255161   251  0.527413  0.0000 0.000519 0.000595 0.002015 -0.075817  0.008425 -0.121643
OKAM 18APR10 2018.2724 58218 1996 2  -97.1  -2820 -0.659238   3782934  0.252642   251  0.524010  0.0000 0.000511 0.000592 0.002000 -0.058816 -0.002716 -0.092832
OKAM 18APR11 2018.2752 58219 1996 3  -97.1  -2820 -0.660245   3782934  0.253415   251  0.536594  0.0000 0.000514 0.000595 0.002022 -0.067963  0.012379 -0.113389
OKAM 18APR12 2018.2779 58220 1996 4  -97.1  -2820 -0.660630   3782934  0.255005   251  0.538642  0.0000 0.000530 0.000612 0.002062 -0.095131  0.008416 -0.110547
OKAM 18APR13 2018.2806 58221 1996 5  -97.1  -2820 -0.661993   3782934  0.255449   251  0.536174  0.0000 0.000545 0.000628 0.002155 -0.057331 -0.009484 -0.106403
OKAM 18APR14 2018.2834 58222 1996 6  -97.1  -2820 -0.660787   3782934  0.255061   251  0.521625  0.0000 0.000525 0.000595 0.002042 -0.084193  0.000900 -0.124609
OKAM 18APR15 2018.2861 58223 1997 0  -97.1  -2820 -0.657622   3782934  0.254186   251  0.525064  0.0000 0.000519 0.000590 0.002030 -0.061363 -0.033305 -0.125702
OKAM 18APR16 2018.2888 58224 1997 1  -97.1  -2820 -0.660951   3782934  0.253922   251  0.529876  0.0000 0.000520 0.000596 0.002028 -0.070430  0.008313 -0.096599
OKAM 18APR17 2018.2916 58225 1997 2  -97.1  -2820 -0.660132   3782934  0.253054   251  0.533658  0.0000 0.000541 0.000613 0.002085 -0.089176 -0.004665 -0.081974
OKAM 18APR18 2018.2943 58226 1997 3  -97.1  -2820 -0.662176   3782934  0.252315   251  0.535173  0.0000 0.000548 0.000616 0.002134 -0.076629  0.000752 -0.101999
OKAM 18APR19 2018.2971 58227 1997 4  -97.1  -2820 -0.660976   3782934  0.254189   251  0.529580  0.0000 0.000523 0.000607 0.002051 -0.101281  0.040671 -0.128690
OKAM 18APR20 2018.2998 58228 1997 5  -97.1  -2820 -0.661004   3782934  0.254337   251  0.529815  0.0000 0.000520 0.000595 0.002049 -0.071004 -0.012690 -0.115402
OKAM 18APR21 2018.3025 58229 1997 6  -97.1  -2820 -0.659055   3782934  0.253789   251  0.520098  0.0000 0.000515 0.000588 0.002030 -0.068991  0.023777 -0.128749
OKAM 18APR22 2018.3053 58230 1998 0  -97.1  -2820 -0.659591   3782934  0.255415   251  0.523767  0.0000 0.000520 0.000590 0.002031 -0.084014  0.020129 -0.145214
OKAM 18APR23 2018.3080 58231 1998 1  -97.1  -2820 -0.661992   3782934  0.254344   251  0.518260  0.0000 0.000525 0.000598 0.002035 -0.083181  0.015979 -0.122998
OKAM 18APR24 2018.3107 58232 1998 2  -97.1  -2820 -0.661904   3782934  0.255560   251  0.526306  0.0000 0.000521 0.000602 0.002037 -0.078889  0.015051 -0.123527
OKAM 18APR25 2018.3135 58233 1998 3  -97.1  -2820 -0.659998   3782934  0.255717   251  0.518606  0.0000 0.000523 0.000603 0.002063 -0.071424  0.021610 -0.112873
OKAM 18APR26 2018.3162 58234 1998 4  -97.1  -2820 -0.661279   3782934  0.254533   251  0.518672  0.0000 0.000514 0.000587 0.002011 -0.052144 -0.031454 -0.117098
OKAM 18APR27 2018.3190 58235 1998 5  -97.1  -2820 -0.661438   3782934  0.254133   251  0.521071  0.0000 0.000523 0.000603 0.002058 -0.053819  0.002384 -0.123908
OKAM 18APR28 2018.3217 58236 1998 6  -97.1  -2820 -0.662651   3782934  0.253608   251  0.524999  0.0000 0.000515 0.000594 0.001998 -0.056287 -0.023981 -0.095261
OKAM 18APR29 2018.3244 58237 1999 0  -97.1  -2820 -0.661131   3782934  0.255381   251  0.530964  0.0000 0.000524 0.000597 0.002052 -0.080533 -0.008692 -0.108477
OKAM 18APR30 2018.3272 58238 1999 1  -97.1  -2820 -0.660858   3782934  0.253500   251  0.537154  0.0000 0.000521 0.000598 0.002068 -0.052329 -0.030784 -0.089537
OKAM 18MAY01 2018.3299 58239 1999 2  -97.1  -2820 -0.661426   3782934  0.256706   251  0.525770  0.0000 0.000511 0.000588 0.001989 -0.045078 -0.030879 -0.098173
OKAM 18MAY02 2018.3326 58240 1999 3  -97.1  -2820 -0.660253   3782934  0.256541   251  0.524597  0.0000 0.000519 0.000591 0.002025 -0.050037 -0.015437 -0.094489
OKAM 18MAY03 2018.3354 58241 1999 4  -97.1  -2820 -0.665183   3782934  0.254592   251  0.534826  0.0000 0.000536 0.000621 0.002148 -0.092840  0.043533 -0.154565
OKAM 18MAY04 2018.3381 58242 1999 5  -97.1  -2820 -0.663869   3782934  0.258799   251  0.527169  0.0000 0.000527 0.000614 0.002095 -0.114234  0.013106 -0.111889
OKAM 18MAY05 2018.3409 58243 1999 6  -97.1  -2820 -0.663582   3782934  0.255932   251  0.519649  0.0000 0.000516 0.000596 0.002019 -0.063605  0.005620 -0.096411
OKAM 18MAY06 2018.3436 58244 2000 0  -97.1  -2820 -0.661439   3782934  0.256080   251  0.528450  0.0000 0.000502 0.000585 0.001968 -0.060225 -0.012952 -0.075887
OKAM 18MAY07 2018.3463 58245 2000 1  -97.1  -2820 -0.662220   3782934  0.256447   251  0.528551  0.0000 0.000499 0.000578 0.001957 -0.062469 -0.012489 -0.103407
OKAM 18MAY08 2018.3491 58246 2000 2  -97.1  -2820 -0.661977   3782934  0.253827   251  0.530965  0.0000 0.000498 0.000578 0.001960 -0.073242 -0.020866 -0.116632
OKAM 18MAY09 2018.3518 58247 2000 3  -97.1  -2820 -0.661598   3782934  0.255946   251  0.537205  0.0000 0.000503 0.000578 0.001945 -0.061630 -0.011543 -0.107049
OKAM 18MAY10 2018.3546 58248 2000 4  -97.1  -2820 -0.662016   3782934  0.256158   251  0.525378  0.0000 0.000507 0.000587 0.002006 -0.079880 -0.035534 -0.113030
OKAM 18MAY11 2018.3573 58249 2000 5  -97.1  -2820 -0.662690   3782934  0.256832   251  0.529813  0.0000 0.000499 0.000582 0.001944 -0.076903  0.012342 -0.096005
OKAM 18MAY12 2018.3600 58250 2000 6  -97.1  -2820 -0.661621   3782934  0.255141   251  0.530854  0.0000 0.000497 0.000577 0.001953 -0.050943 -0.009715 -0.089640
OKAM 18MAY13 2018.3628 58251 2001 0  -97.1  -2820 -0.661724   3782934  0.256808   251  0.536066  0.0000 0.000507 0.000601 0.002017 -0.105664  0.009103 -0.102410
OKAM 18MAY14 2018.3655 58252 2001 1  -97.1  -2820 -0.659669   3782934  0.256808   251  0.527574  0.0000 0.000495 0.000579 0.001942 -0.068154 -0.011610 -0.102307
OKAM 18MAY16 2018.3710 58254 2001 3  -97.1  -2820 -0.661586   3782934  0.253428   251  0.525195  0.0000 0.000504 0.000584 0.001960 -0.070019 -0.011736 -0.106983
OKAM 18MAY17 2018.3737 58255 2001 4  -97.1  -2820 -0.660837   3782934  0.255065   251  0.530030  0.0000 0.000500 0.000580 0.001950 -0.068547 -0.010328 -0.100925
OKAM 18MAY18 2018.3765 58256 2001 5  -97.1  -2820 -0.663443   3782934  0.255520   251  0.535678  0.0000 0.000512 0.000588 0.001976 -0.078347 -0.000534 -0.083526
OKAM 18MAY19 2018.3792 58257 2001 6  -97.1  -2820 -0.662453   3782934  0.253917   251  0.535684  0.0000 0.000502 0.000586 0.001968 -0.072517 -0.018154 -0.103101
OKAM 18MAY20 2018.3819 58258 2002 0  -97.1  -2820 -0.661184   3782934  0.254783   251  0.542444  0.0000 0.000505 0.000587 0.001958 -0.091899  0.009058 -0.110090
OKAM 18MAY21 2018.3847 58259 2002 1  -97.1  -2820 -0.661900   3782934  0.252062   251  0.526600  0.0000 0.000502 0.000585 0.001948 -0.084324  0.002263 -0.085366
OKAM 18MAY22 2018.3874 58260 2002 2  -97.1  -2820 -0.661928   3782934  0.255402   251  0.522014  0.0000 0.000509 0.000591 0.001963 -0.071196 -0.005145 -0.102344
OKAM 18MAY23 2018.3901 58261 2002 3  -97.1  -2820 -0.663229   3782934  0.254745   251  0.522465  0.0000 0.000503 0.000583 0.001961 -0.085996  0.007774 -0.100312
OKAM 18MAY24 2018.3929 58262 2002 4  -97.1  -2820 -0.661411   3782934  0.256156   251  0.528181  0.0000 0.000501 0.000579 0.001954 -0.071530 -0.023907 -0.105104
OKAM 18MAY25 2018.3956 58263 2002 5  -97.1  -2820 -0.664433   3782934  0.249824   251  0.524180  0.0000 0.001002 0.001147 0.003891 -0.259872  0.108649 -0.124442
OKAM 18MAY27 2018.4011 58265 2003 0  -97.1  -2820 -0.663081   3782934  0.249249   251  0.530607  0.0000 0.000507 0.000586 0.001968 -0.091216  0.007584 -0.110993
OKAM 18MAY28 2018.4038 58266 2003 1  -97.1  -2820 -0.664451   3782934  0.249849   251  0.526003  0.0000 0.000501 0.000581 0.001966 -0.066300 -0.013495 -0.109584
OKAM 18MAY29 2018.4066 58267 2003 2  -97.1  -2820 -0.667231   3782934  0.250845   251  0.526592  0.0000 0.000502 0.000582 0.001954 -0.075101 -0.000871 -0.097200
OKAM 18MAY30 2018.4093 58268 2003 3  -97.1  -2820 -0.664088   3782934  0.251454   251  0.532093  0.0000 0.000525 0.000603 0.002068 -0.094312 -0.032682 -0.115905
OKAM 18MAY31 2018.4120 58269 2003 4  -97.1  -2820 -0.666443   3782934  0.250800   251  0.539371  0.0000 0.000507 0.000586 0.001988 -0.065219 -0.022865 -0.118495
OKAM 18JUN01 2018.4148 58270 2003 5  -97.1  -2820 -0.666186   3782934  0.251644   251  0.537526  0.0000 0.000497 0.000578 0.001929 -0.069435 -0.028399 -0.104383
OKAM 18JUN02 2018.4175 58271 2003 6  -97.1  -2820 -0.666170   3782934  0.250498   251  0.530234  0.0000 0.000506 0.000579 0.001965 -0.075445 -0.036061 -0.108588
OKAM 18JUN03 2018.4203 58272 2004 0  -97.1  -2820 -0.665082   3782934  0.253334   251  0.528808  0.0000 0.000498 0.000577 0.001926 -0.079315  0.001051 -0.102354
OKAM 18JUN04 2018.4230 58273 2004 1  -97.1  -2820 -0.664387   3782934  0.252305   251  0.536463  0.0000 0.000497 0.000575 0.001951 -0.058418 -0.022092 -0.092863
OKAM 18JUN05 2018.4257 58274 2004 2  -97.1  -2820 -0.663678   3782934  0.254198   251  0.524176  0.0000 0.000514 0.000602 0.002054 -0.072919 -0.057469 -0.109406
OKAM 18JUN06 2018.4285 58275 2004 3  -97.1  -2820 -0.667774   3782934  0.254057   251  0.526740  0.0000 0.000499 0.000591 0.001956 -0.066794 -0.009879 -0.080709
OKAM 18JUN07 2018.4312 58276 2004 4  -97.1  -2820 -0.663903   3782934  0.253741   251  0.534953  0.0000 0.000513 0.000587 0.001989 -0.081834 -0.044409 -0.106874
OKAM 18JUN08 2018.4339 58277 2004 5  -97.1  -2820 -0.665867   3782934  0.252452   251  0.528048  0.0000 0.000502 0.000586 0.001952 -0.097509 -0.003441 -0.111654
OKAM 18JUN09 2018.4367 58278 2004 6  -97.1  -2820 -0.666324   3782934  0.253667   251  0.531911  0.0000 0.000498 0.000577 0.001948 -0.075513 -0.015970 -0.080359
OKAM 18JUN10 2018.4394 58279 2005 0  -97.1  -2820 -0.663160   3782934  0.252872   251  0.529493  0.0000 0.000500 0.000576 0.001961 -0.058242 -0.052532 -0.104687
OKAM 18JUN11 2018.4422 58280 2005 1  -97.1  -2820 -0.664762   3782934  0.252907   251  0.533547  0.0000 0.000498 0.000577 0.001949 -0.059329 -0.032166 -0.096651
OKAM 18JUN12 2018.4449 58281 2005 2  -97.1  -2820 -0.667974   3782934  0.252193   251  0.532818  0.0000 0.000506 0.000584 0.001966 -0.080927 -0.028645 -0.124363
OKAM 18JUN13 2018.4476 58282 2005 3  -97.1  -2820 -0.665454   3782934  0.250959   251  0.531409  0.0000 0.000497 0.000578 0.001940 -0.080294 -0.029705 -0.098168
OKAM 18JUN14 2018.4504 58283 2005 4  -97.1  -2820 -0.665679   3782934  0.252600   251  0.533140  0.0000 0.000499 0.000578 0.001943 -0.071738 -0.026232 -0.092220
OKAM 18JUN15 2018.4531 58284 2005 5  -97.1  -2820 -0.665371   3782934  0.254508   251  0.535077  0.0000 0.000496 0.000578 0.001932 -0.071385 -0.024507 -0.082424
OKAM 18JUN16 2018.4559 58285 2005 6  -97.1  -2820 -0.665621   3782934  0.252200   251  0.530544  0.0000 0.000505 0.000590 0.002013 -0.067311 -0.016460 -0.111646
OKAM 18JUN17 2018.4586 58286 2006 0  -97.1  -2820 -0.665564   3782934  0.253038   251  0.534349  0.0000 0.000503 0.000579 0.001969 -0.051752 -0.040426 -0.093814
OKAM 18JUN18 2018.4613 58287 2006 1  -97.1  -2820 -0.667212   3782934  0.252459   251  0.528406  0.0000 0.000496 0.000580 0.001931 -0.074841 -0.016502 -0.096120
OKAM 18JUN19 2018.4641 58288 2006 2  -97.1  -2820 -0.666534   3782934  0.252309   251  0.530398  0.0000 0.000503 0.000588 0.002018 -0.079692 -0.031671 -0.085321
OKAM 18JUN20 2018.4668 58289 2006 3  -97.1  -2820 -0.665694   3782934  0.249457   251  0.531551  0.0000 0.000506 0.000578 0.001968 -0.076211 -0.052188 -0.095065
OKAM 18JUN21 2018.4695 58290 2006 4  -97.1  -2820 -0.667714   3782934  0.251555   251  0.532158  0.0000 0.000506 0.000584 0.001973 -0.081128  0.005077 -0.097758
OKAM 18JUN22 2018.4723 58291 2006 5  -97.1  -2820 -0.666033   3782934  0.250140   251  0.542284  0.0000 0.000524 0.000604 0.002022 -0.088819 -0.005851 -0.081715
OKAM 18JUN23 2018.4750 58292 2006 6  -97.1  -2820 -0.666380   3782934  0.251467   251  0.531411  0.0000 0.000510 0.000587 0.002017 -0.066961 -0.032060 -0.101770
OKAM 18JUN24 2018.4778 58293 2007 0  -97.1  -2820 -0.667207   3782934  0.251881   251  0.533365  0.0000 0.000526 0.000605 0.002058 -0.062999 -0.015498 -0.083954
OKAM 18JUN25 2018.4805 58294 2007 1  -97.1  -2820 -0.664508   3782934  0.249025   251  0.532283  0.0000 0.000511 0.000589 0.002038 -0.069352 -0.041798 -0.110637
OKAM 18JUN26 2018.4832 58295 2007 2  -97.1  -2820 -0.668236   3782934  0.253994   251  0.539413  0.0000 0.000508 0.000585 0.001996 -0.097556 -0.025989 -0.101432
OKAM 18JUN27 2018.4860 58296 2007 3  -97.1  -2820 -0.664845   3782934  0.250786   251  0.528542  0.0000 0.000503 0.000580 0.001967 -0.071133 -0.013089 -0.110963
OKAM 18JUN28 2018.4887 58297 2007 4  -97.1  -2820 -0.667816   3782934  0.250844   251  0.530082  0.0000 0.000498 0.000575 0.001932 -0.066660 -0.014929 -0.104392
OKAM 18JUN29 2018.4914 58298 2007 5  -97.1  -2820 -0.667344   3782934  0.252116   251  0.527047  0.0000 0.000503 0.000581 0.001976 -0.057987 -0.045039 -0.103513
OKAM 18JUN30 2018.4942 58299 2007 6  -97.1  -2820 -0.668129   3782934  0.252093   251  0.528018  0.0000 0.000520 0.000595 0.002029 -0.066983 -0.030160 -0.099131
OKAM 18JUL01 2018.4969 58300 2008 0  -97.1  -2820 -0.668055   3782934  0.251702   251  0.543066  0.0000 0.000528 0.000601 0.002028 -0.096890  0.013840 -0.102487
OKAM 18JUL02 2018.4997 58301 2008 1  -97.1  -2820 -0.667626   3782934  0.251447   251  0.548756  0.0000 0.000506 0.000582 0.001981 -0.079846 -0.033468 -0.103734
OKAM 18JUL03 2018.5024 58302 2008 2  -97.1  -2820 -0.663977   3782934  0.249241   251  0.536549  0.0000 0.000504 0.000581 0.001969 -0.066790 -0.028209 -0.104160
OKAM 18JUL04 2018.5051 58303 2008 3  -97.1  -2820 -0.663826   3782934  0.250596   251  0.532313  0.0000 0.000506 0.000585 0.001990 -0.069931 -0.031360 -0.103803
OKAM 18JUL05 2018.5079 58304 2008 4  -97.1  -2820 -0.663756   3782934  0.251895   251  0.527671  0.0000 0.000502 0.000583 0.001980 -0.065355 -0.027818 -0.111082
OKAM 18JUL06 2018.5106 58305 2008 5  -97.1  -2820 -0.665279   3782934  0.250663   251  0.542821  0.0000 0.000509 0.000591 0.002020 -0.069149 -0.046195 -0.116695
OKAM 18JUL07 2018.5133 58306 2008 6  -97.1  -2820 -0.664975   3782934  0.250747   251  0.532339  0.0000 0.000512 0.000596 0.002031 -0.075633 -0.016886 -0.095809
OKAM 18JUL08 2018.5161 58307 2009 0  -97.1  -2820 -0.666011   3782934  0.249445   251  0.532724  0.0000 0.000504 0.000589 0.001989 -0.098451 -0.004029 -0.122077
OKAM 18JUL09 2018.5188 58308 2009 1  -97.1  -2820 -0.663930   3782934  0.249001   251  0.525584  0.0000 0.000506 0.000593 0.002003 -0.055827 -0.052986 -0.104472
OKAM 18JUL10 2018.5216 58309 2009 2  -97.1  -2820 -0.666859   3782934  0.248095   251  0.529197  0.0000 0.000504 0.000586 0.001994 -0.078548 -0.003276 -0.123335
OKAM 18JUL11 2018.5243 58310 2009 3  -97.1  -2820 -0.669693   3782934  0.251652   251  0.530756  0.0000 0.000505 0.000584 0.001984 -0.076672 -0.041402 -0.104669
OKAM 18JUL12 2018.5270 58311 2009 4  -97.1  -2820 -0.669815   3782934  0.251559   251  0.530560  0.0000 0.000520 0.000597 0.002036 -0.062356 -0.034163 -0.114557
OKAM 18JUL13 2018.5298 58312 2009 5  -97.1  -2820 -0.669469   3782934  0.249534   251  0.541858  0.0000 0.000507 0.000587 0.001974 -0.089851 -0.017443 -0.092936
OKAM 18JUL14 2018.5325 58313 2009 6  -97.1  -2820 -0.663291   3782934  0.246811   251  0.539141  0.0000 0.000506 0.000584 0.001983 -0.070325 -0.025488 -0.104387
OKAM 18JUL15 2018.5352 58314 2010 0  -97.1  -2820 -0.667850   3782934  0.251321   251  0.529146  0.0000 0.000499 0.000579 0.001952 -0.060447 -0.018465 -0.106451
OKAM 18JUL16 2018.5380 58315 2010 1  -97.1  -2820 -0.668565   3782934  0.251995   251  0.527617  0.0000 0.000506 0.000590 0.002008 -0.084066 -0.003698 -0.109201
OKAM 18JUL17 2018.5407 58316 2010 2  -97.1  -2820 -0.669566   3782934  0.251671   251  0.539783  0.0000 0.000505 0.000582 0.001983 -0.080566 -0.018089 -0.112851
OKAM 18JUL18 2018.5435 58317 2010 3  -97.1  -2820 -0.667915   3782934  0.252626   251  0.542460  0.0000 0.000506 0.000589 0.001994 -0.060272 -0.043345 -0.103595
OKAM 18JUL19 2018.5462 58318 2010 4  -97.1  -2820 -0.668963   3782934  0.253452   251  0.539999  0.0000 0.000502 0.000581 0.001967 -0.068186 -0.007819 -0.115854
OKAM 18JUL20 2018.5489 58319 2010 5  -97.1  -2820 -0.667402   3782934  0.252994   251  0.540234  0.0000 0.000501 0.000584 0.001969 -0.075257 -0.026639 -0.111540
OKAM 18JUL21 2018.5517 58320 2010 6  -97.1  -2820 -0.667737   3782934  0.252394   251  0.541737  0.0000 0.000498 0.000580 0.001949 -0.066305 -0.022054 -0.105503
OKAM 18JUL22 2018.5544 58321 2011 0  -97.1  -2820 -0.667734   3782934  0.251941   251  0.537802  0.0000 0.000511 0.000588 0.001970 -0.064128 -0.008806 -0.114194
OKAM 18JUL23 2018.5572 58322 2011 1  -97.1  -2820 -0.670034   3782934  0.251228   251  0.532107  0.0000 0.000500 0.000587 0.001962 -0.088418  0.019748 -0.108169
OKAM 18JUL24 2018.5599 58323 2011 2  -97.1  -2820 -0.668877   3782934  0.248751   251  0.537350  0.0000 0.000511 0.000597 0.002031 -0.103370 -0.005791 -0.116980
OKAM 18JUL25 2018.5626 58324 2011 3  -97.1  -2820 -0.668095   3782934  0.250596   251  0.533904  0.0000 0.000499 0.000583 0.001970 -0.066805 -0.022597 -0.105467
OKAM 18JUL26 2018.5654 58325 2011 4  -97.1  -2820 -0.667687   3782934  0.252310   251  0.537676  0.0000 0.000495 0.000578 0.001939 -0.075263 -0.002565 -0.109388
OKAM 18JUL27 2018.5681 58326 2011 5  -97.1  -2820 -0.668603   3782934  0.253198   251  0.526998  0.0000 0.000496 0.000580 0.001961 -0.067640 -0.023226 -0.105078
OKAM 18JUL28 2018.5708 58327 2011 6  -97.1  -2820 -0.669479   3782934  0.248289   251  0.534130  0.0000 0.000500 0.000584 0.001944 -0.071038 -0.012781 -0.098669
OKAM 18JUL29 2018.5736 58328 2012 0  -97.1  -2820 -0.668436   3782934  0.252480   251  0.535860  0.0000 0.000507 0.000591 0.001964 -0.067906 -0.019301 -0.114939
OKAM 18JUL30 2018.5763 58329 2012 1  -97.1  -2820 -0.669551   3782934  0.252490   251  0.529863  0.0000 0.000527 0.000605 0.002068 -0.058428 -0.019328 -0.141125
OKAM 18JUL31 2018.5791 58330 2012 2  -97.1  -2820 -0.668406   3782934  0.250967   251  0.520425  0.0000 0.000530 0.000606 0.002100 -0.090205 -0.015013 -0.131548
OKAM 18AUG01 2018.5818 58331 2012 3  -97.1  -2820 -0.668283   3782934  0.251741   251  0.522825  0.0000 0.000516 0.000592 0.002017 -0.076898 -0.022551 -0.147401
OKAM 18AUG02 2018.5845 58332 2012 4  -97.1  -2820 -0.667994   3782934  0.250328   251  0.522336  0.0000 0.000518 0.000589 0.002003 -0.066514 -0.029648 -0.116277
OKAM 18AUG03 2018.5873 58333 2012 5  -97.1  -2820 -0.668117   3782934  0.249571   251  0.528884  0.0000 0.000507 0.000593 0.001995 -0.070296  0.006769 -0.118030
OKAM 18AUG04 2018.5900 58334 2012 6  -97.1  -2820 -0.668270   3782934  0.250425   251  0.530380  0.0000 0.000495 0.000585 0.001966 -0.072019 -0.021300 -0.098896
OKAM 18AUG05 2018.5927 58335 2013 0  -97.1  -2820 -0.664730   3782934  0.248414   251  0.536801  0.0000 0.000495 0.000584 0.001976 -0.073950 -0.009542 -0.103901
OKAM 18AUG06 2018.5955 58336 2013 1  -97.1  -2820 -0.667085   3782934  0.251260   251  0.525883  0.0000 0.000501 0.000582 0.001940 -0.078025 -0.001397 -0.110619
OKAM 18AUG07 2018.5982 58337 2013 2  -97.1  -2820 -0.670999   3782934  0.250236   251  0.529478  0.0000 0.000500 0.000586 0.001956 -0.086936 -0.010461 -0.111141
OKAM 18AUG08 2018.6010 58338 2013 3  -97.1  -2820 -0.667699   3782934  0.250271   251  0.541855  0.0000 0.000505 0.000590 0.002008 -0.066645 -0.044086 -0.082389
OKAM 18AUG09 2018.6037 58339 2013 4  -97.1  -2820 -0.669830   3782934  0.250158   251  0.532192  0.0000 0.000502 0.000587 0.002005 -0.070378 -0.031700 -0.108236
OKAM 18AUG10 2018.6064 58340 2013 5  -97.1  -2820 -0.670520   3782934  0.247705   251  0.529711  0.0000 0.000499 0.000594 0.001982 -0.076422  0.000485 -0.116863
OKAM 18AUG11 2018.6092 58341 2013 6  -97.1  -2820 -0.670219   3782934  0.248897   251  0.531394  0.0000 0.000501 0.000577 0.001966 -0.071843 -0.024227 -0.114669
OKAM 18AUG12 2018.6119 58342 2014 0  -97.1  -2820 -0.667972   3782934  0.250700   251  0.528907  0.0000 0.000500 0.000585 0.002003 -0.054964 -0.025781 -0.124391
OKAM 18AUG13 2018.6146 58343 2014 1  -97.1  -2820 -0.671320   3782934  0.249896   251  0.527991  0.0000 0.000505 0.000586 0.001978 -0.071623 -0.029006 -0.127527
OKAM 18AUG14 2018.6174 58344 2014 2  -97.1  -2820 -0.666019   3782934  0.248497   251  0.533898  0.0000 0.000501 0.000577 0.001962 -0.069704 -0.050698 -0.111238
OKAM 18AUG15 2018.6201 58345 2014 3  -97.1  -2820 -0.669590   3782934  0.251943   251  0.540035  0.0000 0.000499 0.000586 0.001957 -0.076015 -0.012134 -0.111019
OKAM 18AUG16 2018.6229 58346 2014 4  -97.1  -2820 -0.669377   3782934  0.249839   251  0.539275  0.0000 0.000506 0.000597 0.002005 -0.082899 -0.026098 -0.129119
OKAM 18AUG17 2018.6256 58347 2014 5  -97.1  -2820 -0.669044   3782934  0.251735   251  0.532930  0.0000 0.000513 0.000598 0.002016 -0.069228 -0.034728 -0.112092
OKAM 18AUG18 2018.6283 58348 2014 6  -97.1  -2820 -0.673360   3782934  0.249763   251  0.548393  0.0000 0.000502 0.000588 0.001956 -0.095073  0.004809 -0.123100
OKAM 18AUG19 2018.6311 58349 2015 0  -97.1  -2820 -0.669904   3782934  0.249399   251  0.536626  0.0000 0.000503 0.000582 0.001951 -0.083398 -0.036621 -0.112755
OKAM 18AUG20 2018.6338 58350 2015 1  -97.1  -2820 -0.666853   3782934  0.249270   251  0.530474  0.0000 0.000507 0.000603 0.002041 -0.090528 -0.019598 -0.109578
OKAM 18AUG21 2018.6366 58351 2015 2  -97.1  -2820 -0.668588   3782934  0.249241   251  0.528590  0.0000 0.000493 0.000582 0.001936 -0.069181 -0.016827 -0.116009
OKAM 18AUG22 2018.6393 58352 2015 3  -97.1  -2820 -0.670346   3782934  0.250018   251  0.528106  0.0000 0.000528 0.000606 0.002039 -0.078318 -0.015830 -0.110073
OKAM 18AUG23 2018.6420 58353 2015 4  -97.1  -2820 -0.669429   3782934  0.249672   251  0.534045  0.0000 0.000532 0.000613 0.002049 -0.106646  0.000114 -0.097314
OKAM 18AUG24 2018.6448 58354 2015 5  -97.1  -2820 -0.666864   3782934  0.246915   251  0.543985  0.0000 0.000501 0.000582 0.001944 -0.087685 -0.005798 -0.112949
OKAM 18AUG25 2018.6475 58355 2015 6  -97.1  -2820 -0.669479   3782934  0.250472   251  0.528924  0.0000 0.000502 0.000584 0.001962 -0.086420 -0.008300 -0.109641
OKAM 18AUG26 2018.6502 58356 2016 0  -97.1  -2820 -0.671709   3782934  0.250407   251  0.526903  0.0000 0.000504 0.000586 0.001972 -0.081591  0.021791 -0.143965
OKAM 18AUG27 2018.6530 58357 2016 1  -97.1  -2820 -0.672972   3782934  0.250090   251  0.531024  0.0000 0.000497 0.000584 0.001981 -0.068888 -0.000380 -0.124232
OKAM 18AUG28 2018.6557 58358 2016 2  -97.1  -2820 -0.671195   3782934  0.250600   251  0.532295  0.0000 0.000509 0.000589 0.002007 -0.102358  0.012084 -0.153273
OKAM 18AUG29 2018.6585 58359 2016 3  -97.1  -2820 -0.670524   3782934  0.253758   251  0.532328  0.0000 0.000504 0.000586 0.001973 -0.084123 -0.028402 -0.114287
OKAM 18AUG30 2018.6612 58360 2016 4  -97.1  -2820 -0.669612   3782934  0.250085   251  0.542473  0.0000 0.000502 0.000586 0.001976 -0.081886 -0.023469 -0.123305
OKAM 18AUG31 2018.6639 58361 2016 5  -97.1  -2820 -0.670529   3782934  0.251002   251  0.536689  0.0000 0.000498 0.000583 0.001956 -0.073381 -0.011234 -0.112651
OKAM 18SEP01 2018.6667 58362 2016 6  -97.1  -2820 -0.671561   3782934  0.249025   251  0.545687  0.0000 0.000495 0.000578 0.001931 -0.072304 -0.007688 -0.119752
OKAM 18SEP02 2018.6694 58363 2017 0  -97.1  -2820 -0.673714   3782934  0.245990   251  0.540510  0.0000 0.000506 0.000588 0.001984 -0.076491 -0.032362 -0.113691
OKAM 18SEP03 2018.6721 58364 2017 1  -97.1  -2820 -0.668408   3782934  0.250849   251  0.538379  0.0000 0.000502 0.000593 0.001977 -0.086979 -0.001855 -0.130286
OKAM 18SEP04 2018.6749 58365 2017 2  -97.1  -2820 -0.671437   3782934  0.248918   251  0.546697  0.0000 0.000499 0.000579 0.001963 -0.063398 -0.038914 -0.132189
OKAM 18SEP05 2018.6776 58366 2017 3  -97.1  -2820 -0.669629   3782934  0.250460   251  0.538393  0.0000 0.000499 0.000580 0.001942 -0.071548 -0.036156 -0.111365
OKAM 18SEP06 2018.6804 58367 2017 4  -97.1  -2820 -0.674119   3782934  0.251906   251  0.538407  0.0000 0.000510 0.000590 0.001991 -0.045696 -0.024676 -0.121499
OKAM 18SEP07 2018.6831 58368 2017 5  -97.1  -2820 -0.669818   3782934  0.249473   251  0.535062  0.0000 0.000505 0.000592 0.001956 -0.035939 -0.022784 -0.109774
OKAM 18SEP08 2018.6858 58369 2017 6  -97.1  -2820 -0.669547   3782934  0.250172   251  0.541089  0.0000 0.000500 0.000583 0.001963 -0.059796 -0.053188 -0.098441
OKAM 18SEP09 2018.6886 58370 2018 0  -97.1  -2820 -0.668468   3782934  0.250182   251  0.532333  0.0000 0.000499 0.000586 0.001968 -0.059771 -0.041408 -0.113129
OKAM 18SEP10 2018.6913 58371 2018 1  -97.1  -2820 -0.667745   3782934  0.250399   251  0.532166  0.0000 0.000497 0.000587 0.001973 -0.067784 -0.022283 -0.120503
OKAM 18SEP11 2018.6940 58372 2018 2  -97.1  -2820 -0.670529   3782934  0.251614   251  0.535079  0.0000 0.000508 0.000594 0.002018 -0.053680 -0.022165 -0.121649
OKAM 18SEP12 2018.6968 58373 2018 3  -97.1  -2820 -0.671322   3782934  0.252312   251  0.531553  0.0000 0.000510 0.000589 0.002011 -0.089886 -0.018603 -0.115837
OKAM 18SEP13 2018.6995 58374 2018 4  -97.1  -2820 -0.669943   3782934  0.249552   251  0.531243  0.0000 0.000513 0.000588 0.002017 -0.072113 -0.038106 -0.112830
OKAM 18SEP14 2018.7023 58375 2018 5  -97.1  -2820 -0.668524   3782934  0.251042   251  0.529642  0.0000 0.000521 0.000594 0.002035 -0.068740 -0.036177 -0.091900
OKAM 18SEP15 2018.7050 58376 2018 6  -97.1  -2820 -0.671343   3782934  0.249570   251  0.541886  0.0000 0.000498 0.000588 0.001976 -0.075218  0.001064 -0.122636
OKAM 18SEP16 2018.7077 58377 2019 0  -97.1  -2820 -0.670408   3782934  0.252631   251  0.540227  0.0000 0.000491 0.000579 0.001968 -0.055844 -0.031060 -0.112327
OKAM 18SEP17 2018.7105 58378 2019 1  -97.1  -2820 -0.668888   3782934  0.249986   251  0.544679  0.0000 0.000502 0.000584 0.001984 -0.087493  0.000165 -0.133940
OKAM 18SEP18 2018.7132 58379 2019 2  -97.1  -2820 -0.671024   3782934  0.250503   251  0.541918  0.0000 0.000497 0.000584 0.001959 -0.068353 -0.034163 -0.098807
OKAM 18SEP19 2018.7159 58380 2019 3  -97.1  -2820 -0.670510   3782934  0.249060   251  0.535583  0.0000 0.000501 0.000587 0.001989 -0.065661 -0.031816 -0.093494
OKAM 18SEP20 2018.7187 58381 2019 4  -97.1  -2820 -0.671523   3782934  0.248764   251  0.538912  0.0000 0.000505 0.000588 0.001984 -0.081612 -0.025407 -0.104581
OKAM 18SEP21 2018.7214 58382 2019 5  -97.1  -2820 -0.674453   3782934  0.249084   251  0.528168  0.0000 0.000504 0.000590 0.002004 -0.068799 -0.006589 -0.136565
OKAM 18SEP22 2018.7242 58383 2019 6  -97.1  -2820 -0.673939   3782934  0.251289   251  0.526060  0.0000 0.000503 0.000589 0.002010 -0.068666 -0.039536 -0.143947
OKAM 18SEP23 2018.7269 58384 2020 0  -97.1  -2820 -0.670513   3782934  0.251873   251  0.535073  0.0000 0.000496 0.000575 0.001965 -0.053939 -0.056076 -0.126241
OKAM 18SEP24 2018.7296 58385 2020 1  -97.1  -2820 -0.671102   3782934  0.250093   251  0.528371  0.0000 0.000500 0.000581 0.001951 -0.073178 -0.043908 -0.108129
OKAM 18SEP25 2018.7324 58386 2020 2  -97.1  -2820 -0.669922   3782934  0.250345   251  0.527083  0.0000 0.000499 0.000581 0.001957 -0.062777 -0.047977 -0.097667
OKAM 18SEP26 2018.7351 58387 2020 3  -97.1  -2820 -0.670140   3782934  0.249231   251  0.524135  0.0000 0.000501 0.000580 0.001964 -0.063494 -0.052399 -0.116667
OKAM 18SEP27 2018.7379 58388 2020 4  -97.1  -2820 -0.671197   3782934  0.249155   251  0.528048  0.0000 0.000498 0.000575 0.001962 -0.046991 -0.042345 -0.122661
OKAM 18SEP28 2018.7406 58389 2020 5  -97.1  -2820 -0.669659   3782934  0.248004   251  0.527164  0.0000 0.000496 0.000577 0.001949 -0.055940 -0.049706 -0.124075
OKAM 18SEP29 2018.7433 58390 2020 6  -97.1  -2820 -0.665271   3782934  0.250404   251  0.525768  0.0000 0.000495 0.000571 0.001931 -0.062530 -0.036478 -0.114884
OKAM 18SEP30 2018.7461 58391 2021 0  -97.1  -2820 -0.667842   3782934  0.248555   251  0.520736  0.0000 0.000497 0.000578 0.001950 -0.061958 -0.054940 -0.090761
OKAM 18OCT01 2018.7488 58392 2021 1  -97.1  -2820 -0.665225   3782934  0.250528   251  0.529476  0.0000 0.000497 0.000581 0.001971 -0.050327 -0.044238 -0.116215
OKAM 18OCT02 2018.7515 58393 2021 2  -97.1  -2820 -0.667085   3782934  0.249980   251  0.532637  0.0000 0.000499 0.000577 0.001953 -0.060421 -0.029197 -0.119584
OKAM 18OCT03 2018.7543 58394 2021 3  -97.1  -2820 -0.666586   3782934  0.250223   251  0.531647  0.0000 0.000495 0.000576 0.001953 -0.054292 -0.043244 -0.122745
OKAM 18OCT04 2018.7570 58395 2021 4  -97.1  -2820 -0.666326   3782934  0.249937   251  0.528326  0.0000 0.000510 0.000605 0.002032 -0.086275 -0.046057 -0.122332
OKAM 18OCT05 2018.7598 58396 2021 5  -97.1  -2820 -0.668387   3782934  0.250000   251  0.533120  0.0000 0.000504 0.000589 0.001992 -0.081515 -0.039172 -0.097200
OKAM 18OCT06 2018.7625 58397 2021 6  -97.1  -2820 -0.666434   3782934  0.249029   251  0.539082  0.0000 0.000499 0.000579 0.001957 -0.059954 -0.046649 -0.124176
OKAM 18OCT07 2018.7652 58398 2022 0  -97.1  -2820 -0.667326   3782934  0.249850   251  0.524572  0.0000 0.000538 0.000609 0.002110 -0.066532 -0.055938 -0.112300
OKAM 18OCT08 2018.7680 58399 2022 1  -97.1  -2820 -0.665195   3782934  0.251092   251  0.533592  0.0000 0.000502 0.000581 0.001982 -0.060935 -0.034657 -0.132076
OKAM 18OCT09 2018.7707 58400 2022 2  -97.1  -2820 -0.669721   3782934  0.251476   251  0.523485  0.0000 0.000499 0.000584 0.001972 -0.061802 -0.024458 -0.111663
OKAM 18OCT10 2018.7734 58401 2022 3  -97.1  -2820 -0.666909   3782934  0.250599   251  0.531257  0.0000 0.000496 0.000582 0.001960 -0.062095 -0.042861 -0.113897
OKAM 18OCT11 2018.7762 58402 2022 4  -97.1  -2820 -0.669810   3782934  0.247530   251  0.532749  0.0000 0.000504 0.000585 0.001971 -0.069626 -0.030841 -0.128149
OKAM 18OCT12 2018.7789 58403 2022 5  -97.1  -2820 -0.668589   3782934  0.246751   251  0.536944  0.0000 0.000500 0.000587 0.001992 -0.059327 -0.033452 -0.093696
OKAM 18OCT13 2018.7817 58404 2022 6  -97.1  -2820 -0.664575   3782934  0.248338   251  0.530895  0.0000 0.000502 0.000595 0.002001 -0.074722 -0.022731 -0.115850
OKAM 18OCT14 2018.7844 58405 2023 0  -97.1  -2820 -0.663032   3782934  0.248695   251  0.533998  0.0000 0.000497 0.000580 0.001946 -0.049036 -0.045361 -0.116739
OKAM 18OCT15 2018.7871 58406 2023 1  -97.1  -2820 -0.666053   3782934  0.249634   251  0.526131  0.0000 0.000501 0.000584 0.001959 -0.065273 -0.036602 -0.100657
OKAM 18OCT16 2018.7899 58407 2023 2  -97.1  -2820 -0.665168   3782934  0.247883   251  0.528849  0.0000 0.000508 0.000604 0.002045 -0.075658 -0.020741 -0.119892
OKAM 18OCT17 2018.7926 58408 2023 3  -97.1  -2820 -0.666146   3782934  0.249744   251  0.530549  0.0000 0.000502 0.000586 0.001963 -0.082246 -0.008186 -0.127282
OKAM 18OCT18 2018.7953 58409 2023 4  -97.1  -2820 -0.666066   3782934  0.250139   251  0.521778  0.0000 0.000499 0.000589 0.001964 -0.063210 -0.022986 -0.095872
OKAM 18OCT19 2018.7981 58410 2023 5  -97.1  -2820 -0.663622   3782934  0.248331   251  0.528738  0.0000 0.000495 0.000583 0.001942 -0.071149 -0.012326 -0.099857
OKAM 18OCT20 2018.8008 58411 2023 6  -97.1  -2820 -0.667172   3782934  0.251671   251  0.528495  0.0000 0.000492 0.000578 0.001927 -0.068909 -0.025603 -0.099146
OKAM 18OCT21 2018.8036 58412 2024 0  -97.1  -2820 -0.663608   3782934  0.248716   251  0.522529  0.0000 0.000492 0.000585 0.001932 -0.073667 -0.027500 -0.105784
OKAM 18OCT22 2018.8063 58413 2024 1  -97.1  -2820 -0.668680   3782934  0.248343   251  0.525023  0.0000 0.000505 0.000597 0.001976 -0.070699 -0.022247 -0.125456
OKAM 18OCT23 2018.8090 58414 2024 2  -97.1  -2820 -0.666437   3782934  0.249407   251  0.528578  0.0000 0.000495 0.000581 0.001932 -0.065547 -0.015939 -0.108287
OKAM 18OCT24 2018.8118 58415 2024 3  -97.1  -2820 -0.667206   3782934  0.248608   251  0.521905  0.0000 0.000517 0.000598 0.002028 -0.058243 -0.039732 -0.114747
OKAM 18OCT25 2018.8145 58416 2024 4  -97.1  -2820 -0.665658   3782934  0.248409   251  0.526040  0.0000 0.000495 0.000580 0.001939 -0.066719 -0.011518 -0.109314
OKAM 18OCT26 2018.8172 58417 2024 5  -97.1  -2820 -0.666183   3782934  0.249785   251  0.520877  0.0000 0.000497 0.000583 0.001965 -0.073473 -0.027147 -0.106959
OKAM 18OCT27 2018.8200 58418 2024 6  -97.1  -2820 -0.667751   3782934  0.247438   251  0.527504  0.0000 0.000499 0.000587 0.001966 -0.081721 -0.026914 -0.111930
OKAM 18OCT28 2018.8227 58419 2025 0  -97.1  -2820 -0.669298   3782934  0.249680   251  0.530512  0.0000 0.000500 0.000589 0.001963 -0.085557 -0.005459 -0.117162
OKAM 18NOV08 2018.8528 58430 2026 4  -97.1  -2820 -0.666882   3782934  0.247474   251  0.527179  0.0000 0.000495 0.000588 0.001958 -0.087397  0.014729 -0.124444
OKAM 18NOV09 2018.8556 58431 2026 5  -97.1  -2820 -0.666519   3782934  0.249030   251  0.518368  0.0000 0.000495 0.000588 0.001966 -0.067388 -0.014791 -0.119566
OKAM 18NOV10 2018.8583 58432 2026 6  -97.1  -2820 -0.666601   3782934  0.249410   251  0.518104  0.0000 0.000501 0.000590 0.002002 -0.070357 -0.018644 -0.106995
OKAM 18NOV11 2018.8611 58433 2027 0  -97.1  -2820 -0.670372   3782934  0.250124   251  0.524968  0.0000 0.000496 0.000578 0.001962 -0.057691 -0.024427 -0.134312
OKAM 18NOV12 2018.8638 58434 2027 1  -97.1  -2820 -0.668378   3782934  0.249740   251  0.521008  0.0000 0.000503 0.000585 0.001966 -0.054469 -0.009982 -0.123070
OKAM 18NOV13 2018.8665 58435 2027 2  -97.1  -2820 -0.666033   3782934  0.247990   251  0.513304  0.0000 0.000495 0.000585 0.001983 -0.084625  0.003775 -0.143889
OKAM 18NOV14 2018.8693 58436 2027 3  -97.1  -2820 -0.668131   3782934  0.247833   251  0.509422  0.0000 0.000497 0.000589 0.001970 -0.081683  0.016786 -0.132136
OKAM 18NOV15 2018.8720 58437 2027 4  -97.1  -2820 -0.667810   3782934  0.247453   251  0.520809  0.0000 0.000498 0.000592 0.001968 -0.090890 -0.004367 -0.119359
OKAM 18NOV16 2018.8747 58438 2027 5  -97.1  -2820 -0.668431   3782934  0.246787   251  0.524173  0.0000 0.000498 0.000579 0.001943 -0.067674 -0.030036 -0.115025
OKAM 18NOV17 2018.8775 58439 2027 6  -97.1  -2820 -0.666737   3782934  0.247570   251  0.530541  0.0000 0.000513 0.000590 0.001997 -0.072315 -0.008881 -0.135744
OKAM 18NOV18 2018.8802 58440 2028 0  -97.1  -2820 -0.666462   3782934  0.247789   251  0.521852  0.0000 0.000511 0.000591 0.002003 -0.061617 -0.030262 -0.140812
OKAM 18NOV19 2018.8830 58441 2028 1  -97.1  -2820 -0.667811   3782934  0.250049   251  0.514333  0.0000 0.000504 0.000588 0.001970 -0.055335 -0.041182 -0.114856
OKAM 18NOV20 2018.8857 58442 2028 2  -97.1  -2820 -0.668304   3782934  0.246256   251  0.517888  0.0000 0.000519 0.000605 0.002016 -0.097258  0.003178 -0.135084
OKAM 18NOV21 2018.8884 58443 2028 3  -97.1  -2820 -0.669008   3782934  0.246288   251  0.518032  0.0000 0.000514 0.000603 0.002029 -0.084748  0.017347 -0.152641
OKAM 18NOV22 2018.8912 58444 2028 4  -97.1  -2820 -0.666926   3782934  0.248285   251  0.527202  0.0000 0.000512 0.000595 0.002004 -0.078911 -0.000366 -0.126510
OKAM 18NOV23 2018.8939 58445 2028 5  -97.1  -2820 -0.666689   3782934  0.249479   251  0.528188  0.0000 0.000505 0.000592 0.001959 -0.070449  0.013259 -0.129504
OKAM 18NOV24 2018.8966 58446 2028 6  -97.1  -2820 -0.667487   3782934  0.249261   251  0.534031  0.0000 0.000543 0.000610 0.002085 -0.070336 -0.002019 -0.147951
OKAM 18NOV25 2018.8994 58447 2029 0  -97.1  -2820 -0.667784   3782934  0.246729   251  0.524496  0.0000 0.000510 0.000592 0.001996 -0.080054  0.009049 -0.143752
OKAM 18NOV26 2018.9021 58448 2029 1  -97.1  -2820 -0.668162   3782934  0.246563   251  0.516154  0.0000 0.000519 0.000603 0.002017 -0.093659  0.011713 -0.153121
OKAM 18NOV27 2018.9049 58449 2029 2  -97.1  -2820 -0.668049   3782934  0.247057   251  0.523412  0.0000 0.000515 0.000617 0.002042 -0.096273  0.017153 -0.137997
OKAM 18NOV28 2018.9076 58450 2029 3  -97.1  -2820 -0.668306   3782934  0.248173   251  0.529878  0.0000 0.000511 0.000596 0.001978 -0.089487  0.040122 -0.138073
OKAM 18NOV29 2018.9103 58451 2029 4  -97.1  -2820 -0.667510   3782934  0.250773   251  0.533406  0.0000 0.000508 0.000597 0.001989 -0.084087  0.002333 -0.133524
OKAM 18NOV30 2018.9131 58452 2029 5  -97.1  -2820 -0.668811   3782934  0.248175   251  0.532246  0.0000 0.000526 0.000628 0.002143 -0.140952  0.050371 -0.170648
OKAM 18DEC01 2018.9158 58453 2029 6  -97.1  -2820 -0.668098   3782934  0.246179   251  0.527661  0.0000 0.000518 0.000602 0.002010 -0.085583  0.006516 -0.150116
OKAM 18DEC02 2018.9185 58454 2030 0  -97.1  -2820 -0.669066   3782934  0.249179   251  0.526877  0.0000 0.000508 0.000593 0.001987 -0.067506 -0.006536 -0.113309
OKAM 18DEC03 2018.9213 58455 2030 1  -97.1  -2820 -0.669181   3782934  0.249621   251  0.522086  0.0000 0.000514 0.000597 0.002000 -0.087013  0.040857 -0.154590
OKAM 18DEC04 2018.9240 58456 2030 2  -97.1  -2820 -0.667337   3782934  0.249076   251  0.521245  0.0000 0.000517 0.000597 0.002037 -0.073294 -0.000718 -0.120508
OKAM 18DEC05 2018.9268 58457 2030 3  -97.1  -2820 -0.668896   3782934  0.249184   251  0.524014  0.0000 0.000506 0.000586 0.001986 -0.061851 -0.006755 -0.128566
OKAM 18DEC06 2018.9295 58458 2030 4  -97.1  -2820 -0.670474   3782934  0.250528   251  0.523947  0.0000 0.000512 0.000593 0.002014 -0.081513  0.026404 -0.148698
OKAM 18DEC07 2018.9322 58459 2030 5  -97.1  -2820 -0.670239   3782934  0.251170   251  0.523950  0.0000 0.000536 0.000605 0.002078 -0.081750  0.021849 -0.175764
OKAM 18DEC08 2018.9350 58460 2030 6  -97.1  -2820 -0.671148   3782934  0.249017   251  0.515280  0.0000 0.000513 0.000592 0.002016 -0.076938  0.033598 -0.143035
OKAM 18DEC09 2018.9377 58461 2031 0  -97.1  -2820 -0.669504   3782934  0.248064   251  0.513249  0.0000 0.000505 0.000587 0.001973 -0.068957 -0.002169 -0.133208
OKAM 18DEC10 2018.9405 58462 2031 1  -97.1  -2820 -0.668351   3782934  0.244806   251  0.521307  0.0000 0.000508 0.000589 0.002007 -0.064797 -0.014806 -0.136939
OKAM 18DEC11 2018.9432 58463 2031 2  -97.1  -2820 -0.669853   3782934  0.247277   251  0.518532  0.0000 0.000496 0.000584 0.001957 -0.083408 -0.026414 -0.115406
OKAM 18DEC12 2018.9459 58464 2031 3  -97.1  -2820 -0.671538   3782934  0.245984   251  0.524971  0.0000 0.000499 0.000580 0.001942 -0.090955 -0.011197 -0.135727
OKAM 18DEC13 2018.9487 58465 2031 4  -97.1  -2820 -0.668818   3782934  0.248078   251  0.521170  0.0000 0.000495 0.000579 0.001945 -0.074264 -0.026531 -0.131003
OKAM 18DEC14 2018.9514 58466 2031 5  -97.1  -2820 -0.671148   3782934  0.248766   251  0.509336  0.0000 0.000513 0.000595 0.002011 -0.064105 -0.019522 -0.132792
OKAM 18DEC15 2018.9541 58467 2031 6  -97.1  -2820 -0.666801   3782934  0.247612   251  0.520958  0.0000 0.000496 0.000581 0.001957 -0.076678 -0.030561 -0.134430
OKAM 18DEC16 2018.9569 58468 2032 0  -97.1  -2820 -0.667967   3782934  0.247667   251  0.531566  0.0000 0.000501 0.000589 0.001969 -0.094231 -0.029874 -0.116359
OKAM 18DEC17 2018.9596 58469 2032 1  -97.1  -2820 -0.668773   3782934  0.249513   251  0.528315  0.0000 0.000496 0.000584 0.001955 -0.077700 -0.035699 -0.114635
OKAM 18DEC18 2018.9624 58470 2032 2  -97.1  -2820 -0.669635   3782934  0.248201   251  0.522677  0.0000 0.000502 0.000583 0.001950 -0.081374 -0.022701 -0.123167
OKAM 18DEC19 2018.9651 58471 2032 3  -97.1  -2820 -0.666867   3782934  0.248203   251  0.521971  0.0000 0.000499 0.000589 0.001970 -0.071108 -0.033441 -0.102707
OKAM 18DEC20 2018.9678 58472 2032 4  -97.1  -2820 -0.670470   3782934  0.248907   251  0.521385  0.0000 0.000497 0.000586 0.001947 -0.077475 -0.003909 -0.136785
OKAM 18DEC21 2018.9706 58473 2032 5  -97.1  -2820 -0.668876   3782934  0.248973   251  0.528012  0.0000 0.000499 0.000590 0.001956 -0.087728 -0.009955 -0.111637
OKAM 18DEC22 2018.9733 58474 2032 6  -97.1  -2820 -0.669554   3782934  0.248063   251  0.533347  0.0000 0.000498 0.000582 0.001955 -0.094668 -0.018706 -0.114891
OKAM 18DEC23 2018.9760 58475 2033 0  -97.1  -2820 -0.671429   3782934  0.250155   251  0.518412  0.0000 0.000498 0.000584 0.001945 -0.089981 -0.003282 -0.131029
OKAM 18DEC24 2018.9788 58476 2033 1  -97.1  -2820 -0.668718   3782934  0.251113   251  0.520220  0.0000 0.000502 0.000588 0.001977 -0.081379  0.004271 -0.138626
OKAM 18DEC25 2018.9815 58477 2033 2  -97.1  -2820 -0.671015   3782934  0.251208   251  0.518652  0.0000 0.000497 0.000583 0.001956 -0.070486 -0.008882 -0.107495
OKAM 18DEC26 2018.9843 58478 2033 3  -97.1  -2820 -0.669575   3782934  0.250626   251  0.526988  0.0000 0.000507 0.000608 0.002045 -0.066547  0.001147 -0.130586
OKAM 18DEC27 2018.9870 58479 2033 4  -97.1  -2820 -0.672112   3782934  0.252535   251  0.527229  0.0000 0.000511 0.000592 0.001982 -0.075467 -0.018405 -0.124012
OKAM 18DEC28 2018.9897 58480 2033 5  -97.1  -2820 -0.670249   3782934  0.248914   251  0.519856  0.0000 0.000518 0.000599 0.002016 -0.092618 -0.007654 -0.138595
OKAM 18DEC29 2018.9925 58481 2033 6  -97.1  -2820 -0.670299   3782934  0.247832   251  0.518833  0.0000 0.000519 0.000603 0.002028 -0.091176  0.019363 -0.155838
OKAM 18DEC30 2018.9952 58482 2034 0  -97.1  -2820 -0.672423   3782934  0.249845   251  0.525748  0.0000 0.000515 0.000598 0.002019 -0.080370  0.032737 -0.155434
OKAM 18DEC31 2018.9979 58483 2034 1  -97.1  -2820 -0.670657   3782934  0.249607   251  0.530537  0.0000 0.000524 0.000617 0.002051 -0.114169  0.035001 -0.166555
OKAM 19JAN01 2019.0007 58484 2034 2  -97.1  -2820 -0.670017   3782934  0.248491   251  0.517706  0.0000 0.000515 0.000597 0.002018 -0.072278 -0.020874 -0.127454
OKAM 19JAN02 2019.0034 58485 2034 3  -97.1  -2820 -0.667927   3782934  0.248267   251  0.525466  0.0000 0.000514 0.000592 0.002000 -0.081057 -0.011293 -0.142522
OKAM 19JAN03 2019.0062 58486 2034 4  -97.1  -2820 -0.668446   3782934  0.247213   251  0.511835  0.0000 0.000502 0.000584 0.001958 -0.073250 -0.022246 -0.128900
OKAM 19JAN04 2019.0089 58487 2034 5  -97.1  -2820 -0.670773   3782934  0.246494   251  0.521000  0.0000 0.000500 0.000580 0.001965 -0.054212 -0.029961 -0.141661
OKAM 19JAN05 2019.0116 58488 2034 6  -97.1  -2820 -0.670114   3782934  0.247688   251  0.530102  0.0000 0.000504 0.000593 0.001979 -0.069394 -0.032826 -0.128569
OKAM 19JAN06 2019.0144 58489 2035 0  -97.1  -2820 -0.667494   3782934  0.247949   251  0.535220  0.0000 0.000501 0.000589 0.001974 -0.068046 -0.024524 -0.098068
OKAM 19JAN13 2019.0335 58496 2036 0  -97.1  -2820 -0.671176   3782934  0.248130   251  0.516207  0.0000 0.000499 0.000590 0.001973 -0.105335 -0.011757 -0.130929
OKAM 19JAN14 2019.0363 58497 2036 1  -97.1  -2820 -0.672439   3782934  0.247704   251  0.518067  0.0000 0.000496 0.000587 0.001967 -0.064222 -0.010310 -0.103493
OKAM 19JAN15 2019.0390 58498 2036 2  -97.1  -2820 -0.670554   3782934  0.248417   251  0.519709  0.0000 0.000497 0.000586 0.001954 -0.076290 -0.006096 -0.130248
OKAM 19JAN16 2019.0418 58499 2036 3  -97.1  -2820 -0.671479   3782934  0.249045   251  0.519643  0.0000 0.000498 0.000587 0.001939 -0.088726  0.001782 -0.127840
OKAM 19JAN17 2019.0445 58500 2036 4  -97.1  -2820 -0.671224   3782934  0.250189   251  0.522418  0.0000 0.000504 0.000596 0.001972 -0.090347 -0.013770 -0.124333
OKAM 19JAN18 2019.0472 58501 2036 5  -97.1  -2820 -0.667844   3782934  0.249235   251  0.521276  0.0000 0.000508 0.000598 0.001998 -0.074417 -0.027262 -0.139241
OKAM 19JAN19 2019.0500 58502 2036 6  -97.1  -2820 -0.672933   3782934  0.249978   251  0.516037  0.0000 0.000504 0.000601 0.001984 -0.077107 -0.009083 -0.124362
OKAM 19JAN20 2019.0527 58503 2037 0  -97.1  -2820 -0.668616   3782934  0.247925   251  0.516850  0.0000 0.000527 0.000609 0.002058 -0.070810 -0.014022 -0.150446
OKAM 19JAN21 2019.0554 58504 2037 1  -97.1  -2820 -0.671463   3782934  0.248260   251  0.527767  0.0000 0.000519 0.000600 0.002029 -0.080979 -0.003908 -0.132871
OKAM 19JAN22 2019.0582 58505 2037 2  -97.1  -2820 -0.671593   3782934  0.249870   251  0.527220  0.0000 0.000528 0.000607 0.002072 -0.056848 -0.004288 -0.159657
OKAM 19JAN23 2019.0609 58506 2037 3  -97.1  -2820 -0.670378   3782934  0.250554   251  0.517878  0.0000 0.000513 0.000597 0.002004 -0.070164  0.015177 -0.129480
OKAM 19JAN24 2019.0637 58507 2037 4  -97.1  -2820 -0.668570   3782934  0.249150   251  0.517955  0.0000 0.000519 0.000606 0.002034 -0.083475  0.010977 -0.127760
OKAM 19JAN25 2019.0664 58508 2037 5  -97.1  -2820 -0.670063   3782934  0.248997   251  0.518551  0.0000 0.000510 0.000598 0.002008 -0.086789  0.005089 -0.130243
OKAM 19JAN26 2019.0691 58509 2037 6  -97.1  -2820 -0.673029   3782934  0.247725   251  0.514755  0.0000 0.000514 0.000603 0.001995 -0.101851 -0.000578 -0.100053
OKAM 19JAN27 2019.0719 58510 2038 0  -97.1  -2820 -0.672592   3782934  0.250118   251  0.523022  0.0000 0.000514 0.000598 0.001992 -0.098891 -0.002991 -0.095356
OKAM 19JAN28 2019.0746 58511 2038 1  -97.1  -2820 -0.669587   3782934  0.250349   251  0.523506  0.0000 0.000497 0.000579 0.001930 -0.075453 -0.014307 -0.114679
OKAM 19JAN29 2019.0773 58512 2038 2  -97.1  -2820 -0.670486   3782934  0.249500   251  0.516150  0.0000 0.000495 0.000582 0.001939 -0.078624 -0.012861 -0.119198
OKAM 19JAN30 2019.0801 58513 2038 3  -97.1  -2820 -0.670436   3782934  0.249256   251  0.517562  0.0000 0.000500 0.000587 0.001975 -0.082032 -0.019299 -0.118600
OKAM 19JAN31 2019.0828 58514 2038 4  -97.1  -2820 -0.669487   3782934  0.252974   251  0.517152  0.0000 0.000511 0.000608 0.002033 -0.106461 -0.000191 -0.117542
OKAM 19FEB01 2019.0856 58515 2038 5  -97.1  -2820 -0.668963   3782934  0.249396   251  0.527026  0.0000 0.000503 0.000595 0.001986 -0.094061 -0.013995 -0.111472
OKAM 19FEB02 2019.0883 58516 2038 6  -97.1  -2820 -0.668480   3782934  0.251658   251  0.525320  0.0000 0.000498 0.000582 0.001948 -0.078445  0.008969 -0.138103
OKAM 19FEB03 2019.0910 58517 2039 0  -97.1  -2820 -0.670191   3782934  0.249374   251  0.528946  0.0000 0.000498 0.000580 0.001943 -0.072404 -0.009731 -0.129508
OKAM 19FEB04 2019.0938 58518 2039 1  -97.1  -2820 -0.671216   3782934  0.248972   251  0.531095  0.0000 0.000498 0.000587 0.001954 -0.084899  0.007375 -0.113160
OKAM 19FEB05 2019.0965 58519 2039 2  -97.1  -2820 -0.668681   3782934  0.252570   251  0.531154  0.0000 0.000498 0.000590 0.001983 -0.082307 -0.009712 -0.123010
OKAM 19FEB06 2019.0992 58520 2039 3  -97.1  -2820 -0.671252   3782934  0.252124   251  0.527896  0.0000 0.000506 0.000594 0.001996 -0.079637  0.005387 -0.126964
OKAM 19FEB07 2019.1020 58521 2039 4  -97.1  -2820 -0.673837   3782934  0.252266   251  0.529879  0.0000 0.000514 0.000598 0.002035 -0.101262  0.004310 -0.135937
OKAM 19FEB08 2019.1047 58522 2039 5  -97.1  -2820 -0.673460   3782934  0.249295   251  0.516410  0.0000 0.000503 0.000590 0.001964 -0.062221 -0.013776 -0.132015
OKAM 19FEB09 2019.1075 58523 2039 6  -97.1  -2820 -0.671720   3782934  0.252496   251  0.519091  0.0000 0.000501 0.000588 0.001982 -0.076011 -0.008282 -0.102853
OKAM 19FEB10 2019.1102 58524 2040 0  -97.1  -2820 -0.669466   3782934  0.248591   251  0.526965  0.0000 0.000496 0.000585 0.001955 -0.080193 -0.008427 -0.113371
OKAM 19FEB11 2019.1129 58525 2040 1  -97.1  -2820 -0.672956   3782934  0.252561   251  0.526397  0.0000 0.000509 0.000600 0.001983 -0.083966 -0.035533 -0.087769
OKAM 19FEB12 2019.1157 58526 2040 2  -97.1  -2820 -0.674565   3782934  0.249388   251  0.516426  0.0000 0.000525 0.000606 0.002005 -0.095085  0.006728 -0.086594
OKAM 19FEB13 2019.1184 58527 2040 3  -97.1  -2820 -0.671766   3782934  0.248335   251  0.532379  0.0000 0.000497 0.000583 0.001928 -0.078654 -0.012179 -0.103321
OKAM 19FEB14 2019.1211 58528 2040 4  -97.1  -2820 -0.671778   3782934  0.250619   251  0.545979  0.0000 0.000510 0.000602 0.002005 -0.079552  0.000909 -0.121024
OKAM 19FEB15 2019.1239 58529 2040 5  -97.1  -2820 -0.671761   3782934  0.250267   251  0.534908  0.0000 0.000500 0.000598 0.001965 -0.078166  0.018193 -0.129452
OKAM 19FEB16 2019.1266 58530 2040 6  -97.1  -2820 -0.672457   3782934  0.250579   251  0.530231  0.0000 0.000499 0.000590 0.001964 -0.080254  0.009358 -0.117425
OKAM 19FEB17 2019.1294 58531 2041 0  -97.1  -2820 -0.673238   3782934  0.252221   251  0.523737  0.0000 0.000498 0.000590 0.001966 -0.080958  0.007519 -0.112707
OKAM 19FEB18 2019.1321 58532 2041 1  -97.1  -2820 -0.672807   3782934  0.249106   251  0.521722  0.0000 0.000508 0.000588 0.001981 -0.085792 -0.013296 -0.126318
OKAM 19FEB19 2019.1348 58533 2041 2  -97.1  -2820 -0.673109   3782934  0.249799   251  0.527536  0.0000 0.000499 0.000581 0.001950 -0.076261 -0.007268 -0.150253
OKAM 19FEB20 2019.1376 58534 2041 3  -97.1  -2820 -0.673877   3782934  0.251923   251  0.529511  0.0000 0.000491 0.000583 0.001894 -0.080350 -0.014611 -0.106782
OKAM 19FEB21 2019.1403 58535 2041 4  -97.1  -2820 -0.671878   3782934  0.251523   251  0.530167  0.0000 0.000501 0.000597 0.001986 -0.090013 -0.013006 -0.103399
OKAM 19FEB22 2019.1431 58536 2041 5  -97.1  -2820 -0.671417   3782934  0.251917   251  0.532427  0.0000 0.000498 0.000592 0.001967 -0.080529 -0.026017 -0.102595
OKAM 19FEB23 2019.1458 58537 2041 6  -97.1  -2820 -0.670471   3782934  0.251748   251  0.528905  0.0000 0.000498 0.000588 0.001936 -0.081625 -0.005937 -0.109916
OKAM 19FEB24 2019.1485 58538 2042 0  -97.1  -2820 -0.673114   3782934  0.249539   251  0.526688  0.0000 0.000497 0.000585 0.001923 -0.089420  0.016146 -0.121472
OKAM 19FEB25 2019.1513 58539 2042 1  -97.1  -2820 -0.671249   3782934  0.249138   251  0.526158  0.0000 0.000498 0.000590 0.001920 -0.106258  0.021246 -0.135189
OKAM 19FEB26 2019.1540 58540 2042 2  -97.1  -2820 -0.673200   3782934  0.248197   251  0.524283  0.0000 0.000501 0.000588 0.001947 -0.097376  0.022000 -0.124739
OKAM 19FEB27 2019.1567 58541 2042 3  -97.1  -2820 -0.670514   3782934  0.250064   251  0.523542  0.0000 0.000496 0.000587 0.001944 -0.084842 -0.001713 -0.105456
OKAM 19FEB28 2019.1595 58542 2042 4  -97.1  -2820 -0.671532   3782934  0.248592   251  0.523159  0.0000 0.000493 0.000580 0.001927 -0.075685 -0.013861 -0.100180
OKAM 19MAR01 2019.1622 58543 2042 5  -97.1  -2820 -0.672928   3782934  0.248452   251  0.523191  0.0000 0.000504 0.000594 0.001983 -0.080558  0.015084 -0.115229
OKAM 19MAR02 2019.1650 58544 2042 6  -97.1  -2820 -0.671797   3782934  0.247417   251  0.526782  0.0000 0.000498 0.000585 0.001928 -0.089587  0.006265 -0.114111
OKAM 19MAR03 2019.1677 58545 2043 0  -97.1  -2820 -0.673506   3782934  0.248401   251  0.518090  0.0000 0.000504 0.000590 0.001959 -0.091599  0.014991 -0.136646
OKAM 19MAR04 2019.1704 58546 2043 1  -97.1  -2820 -0.672630   3782934  0.247937   251  0.518127  0.0000 0.000500 0.000591 0.001963 -0.085961  0.000466 -0.125591
OKAM 19MAR05 2019.1732 58547 2043 2  -97.1  -2820 -0.672717   3782934  0.248495   251  0.516925  0.0000 0.000506 0.000595 0.001981 -0.079384 -0.013779 -0.095415
OKAM 19MAR06 2019.1759 58548 2043 3  -97.1  -2820 -0.671485   3782934  0.246266   251  0.528809  0.0000 0.000495 0.000583 0.001930 -0.079022 -0.021003 -0.101526
OKAM 19MAR07 2019.1786 58549 2043 4  -97.1  -2820 -0.671073   3782934  0.249207   251  0.528619  0.0000 0.000501 0.000583 0.001932 -0.094199  0.009761 -0.115856
OKAM 19MAR08 2019.1814 58550 2043 5  -97.1  -2820 -0.671373   3782934  0.247882   251  0.533047  0.0000 0.000504 0.000587 0.001953 -0.086229  0.017393 -0.130778
OKAM 19MAR09 2019.1841 58551 2043 6  -97.1  -2820 -0.672030   3782934  0.248749   251  0.530774  0.0000 0.000509 0.000588 0.001983 -0.076222 -0.004434 -0.106191
OKAM 19MAR10 2019.1869 58552 2044 0  -97.1  -2820 -0.671154   3782934  0.248076   251  0.530061  0.0000 0.000503 0.000594 0.001958 -0.076744 -0.002969 -0.093417
OKAM 19MAR11 2019.1896 58553 2044 1  -97.1  -2820 -0.670163   3782934  0.248417   251  0.531032  0.0000 0.000504 0.000593 0.001949 -0.099103 -0.003047 -0.109955
OKAM 19MAR12 2019.1923 58554 2044 2  -97.1  -2820 -0.670710   3782934  0.248462   251  0.536657  0.0000 0.000502 0.000589 0.001950 -0.086663 -0.001721 -0.097727
OKAM 19MAR13 2019.1951 58555 2044 3  -97.1  -2820 -0.671999   3782934  0.247618   251  0.526695  0.0000 0.000511 0.000591 0.001989 -0.081091 -0.026316 -0.122461
OKAM 19MAR14 2019.1978 58556 2044 4  -97.1  -2820 -0.672339   3782934  0.248052   251  0.526977  0.0000 0.000503 0.000588 0.001956 -0.072141 -0.031668 -0.108082
OKAM 19MAR15 2019.2005 58557 2044 5  -97.1  -2820 -0.674324   3782934  0.249290   251  0.513336  0.0000 0.000512 0.000611 0.002051 -0.073203 -0.038355 -0.109286
OKAM 19MAR16 2019.2033 58558 2044 6  -97.1  -2820 -0.672618   3782934  0.248671   251  0.515851  0.0000 0.000498 0.000589 0.001954 -0.073663 -0.019109 -0.109962
OKAM 19MAR17 2019.2060 58559 2045 0  -97.1  -2820 -0.672071   3782934  0.248551   251  0.519283  0.0000 0.000503 0.000592 0.001954 -0.099631 -0.007881 -0.109745
OKAM 19MAR18 2019.2088 58560 2045 1  -97.1  -2820 -0.673864   3782934  0.248130   251  0.522770  0.0000 0.000499 0.000587 0.001967 -0.082844 -0.011923 -0.115625
OKAM 19MAR19 2019.2115 58561 2045 2  -97.1  -2820 -0.673831   3782934  0.248107   251  0.522531  0.0000 0.000501 0.000584 0.001953 -0.078281  0.004217 -0.132260
OKAM 19MAR20 2019.2142 58562 2045 3  -97.1  -2820 -0.674071   3782934  0.247552   251  0.521350  0.0000 0.000496 0.000587 0.001949 -0.068365 -0.015760 -0.097750
OKAM 19MAR21 2019.2170 58563 2045 4  -97.1  -2820 -0.671701   3782934  0.249349   251  0.525368  0.0000 0.000495 0.000588 0.001959 -0.059012 -0.006966 -0.112049
OKAM 19MAR22 2019.2197 58564 2045 5  -97.1  -2820 -0.673247   3782934  0.248919   251  0.522379  0.0000 0.000507 0.000614 0.002021 -0.119441 -0.005783 -0.105383
OKAM 19MAR23 2019.2225 58565 2045 6  -97.1  -2820 -0.671518   3782934  0.250445   251  0.520506  0.0000 0.000499 0.000593 0.001972 -0.077337  0.000207 -0.099707
OKAM 19MAR24 2019.2252 58566 2046 0  -97.1  -2820 -0.673915   3782934  0.250057   251  0.524657  0.0000 0.000504 0.000589 0.001985 -0.071946 -0.000208 -0.112500
OKAM 19MAR25 2019.2279 58567 2046 1  -97.1  -2820 -0.672962   3782934  0.249409   251  0.515119  0.0000 0.000500 0.000591 0.001965 -0.087021  0.003150 -0.113715
OKAM 19MAR26 2019.2307 58568 2046 2  -97.1  -2820 -0.672712   3782934  0.249699   251  0.524702  0.0000 0.000500 0.000590 0.001971 -0.064534 -0.009796 -0.119065
OKAM 19MAR27 2019.2334 58569 2046 3  -97.1  -2820 -0.670978   3782934  0.249441   251  0.528538  0.0000 0.000504 0.000590 0.001986 -0.087968 -0.017083 -0.108515
OKAM 19MAR28 2019.2361 58570 2046 4  -97.1  -2820 -0.673745   3782934  0.249610   251  0.527548  0.0000 0.000502 0.000592 0.001968 -0.090298  0.009608 -0.109494
OKAM 19MAR29 2019.2389 58571 2046 5  -97.1  -2820 -0.674510   3782934  0.250253   251  0.523785  0.0000 0.000504 0.000589 0.001959 -0.104454  0.019555 -0.134597
OKAM 19MAR30 2019.2416 58572 2046 6  -97.1  -2820 -0.675428   3782934  0.249843   251  0.518698  0.0000 0.000506 0.000606 0.002019 -0.114668  0.032016 -0.112028
OKAM 19MAR31 2019.2444 58573 2047 0  -97.1  -2820 -0.674841   3782934  0.249198   251  0.519718  0.0000 0.000505 0.000602 0.001969 -0.080804 -0.002274 -0.125432
OKAM 19APR01 2019.2471 58574 2047 1  -97.1  -2820 -0.673054   3782934  0.249672   251  0.514866  0.0000 0.000511 0.000597 0.001983 -0.049167 -0.021386 -0.093226
OKAM 19APR02 2019.2498 58575 2047 2  -97.1  -2820 -0.675576   3782934  0.249889   251  0.524422  0.0000 0.000505 0.000591 0.001977 -0.098326 -0.006308 -0.118904
OKAM 19APR03 2019.2526 58576 2047 3  -97.1  -2820 -0.675574   3782934  0.250681   251  0.518108  0.0000 0.000498 0.000586 0.001950 -0.090433  0.013616 -0.127757
OKAM 19APR04 2019.2553 58577 2047 4  -97.1  -2820 -0.673548   3782934  0.251957   251  0.525986  0.0000 0.000507 0.000599 0.001990 -0.096006  0.033149 -0.087956
OKAM 19APR05 2019.2580 58578 2047 5  -97.1  -2820 -0.673203   3782934  0.251738   251  0.525818  0.0000 0.000501 0.000590 0.001956 -0.070886  0.007703 -0.101583
OKAM 19APR06 2019.2608 58579 2047 6  -97.1  -2820 -0.673937   3782934  0.250596   251  0.531672  0.0000 0.000503 0.000586 0.001956 -0.079713 -0.036507 -0.105316
OKAM 19APR07 2019.2635 58580 2048 0  -97.1  -2820 -0.673954   3782934  0.250142   251  0.529188  0.0000 0.000520 0.000603 0.002029 -0.094837  0.023293 -0.162305
OKAM 19APR08 2019.2663 58581 2048 1  -97.1  -2820 -0.675469   3782934  0.249996   251  0.520976  0.0000 0.000505 0.000590 0.002003 -0.083337 -0.013662 -0.110833
OKAM 19APR09 2019.2690 58582 2048 2  -97.1  -2820 -0.674332   3782934  0.250235   251  0.527852  0.0000 0.000510 0.000593 0.002010 -0.060564 -0.015977 -0.097746
OKAM 19APR10 2019.2717 58583 2048 3  -97.1  -2820 -0.675119   3782934  0.252514   251  0.535490  0.0000 0.000530 0.000615 0.002096 -0.060674 -0.031636 -0.131957
OKAM 19APR11 2019.2745 58584 2048 4  -97.1  -2820 -0.670796   3782934  0.242989   251  0.520347  0.0000 0.000500 0.000591 0.001979 -0.055952 -0.025940 -0.088816
OKAM 19APR12 2019.2772 58585 2048 5  -97.1  -2820 -0.672438   3782934  0.249500   251  0.521689  0.0000 0.000502 0.000599 0.001971 -0.085669 -0.026005 -0.095889
OKAM 19APR13 2019.2799 58586 2048 6  -97.1  -2820 -0.672353   3782934  0.248731   251  0.535945  0.0000 0.000502 0.000582 0.001962 -0.075707 -0.015680 -0.125117
OKAM 19APR14 2019.2827 58587 2049 0  -97.1  -2820 -0.674668   3782934  0.248918   251  0.519838  0.0000 0.000504 0.000589 0.001977 -0.063075 -0.025574 -0.116683
OKAM 19APR15 2019.2854 58588 2049 1  -97.1  -2820 -0.672677   3782934  0.248472   251  0.525151  0.0000 0.000506 0.000592 0.001991 -0.056539 -0.023116 -0.104517
OKAM 19APR16 2019.2882 58589 2049 2  -97.1  -2820 -0.673073   3782934  0.251584   251  0.527688  0.0000 0.000498 0.000583 0.001958 -0.055586 -0.055083 -0.102318
OKAM 19APR17 2019.2909 58590 2049 3  -97.1  -2820 -0.673415   3782934  0.250136   251  0.525453  0.0000 0.000497 0.000588 0.001960 -0.063355 -0.044296 -0.105733
OKAM 19APR18 2019.2936 58591 2049 4  -97.1  -2820 -0.673307   3782934  0.248664   251  0.520599  0.0000 0.000500 0.000590 0.001982 -0.076039  0.002603 -0.135652
OKAM 19APR19 2019.2964 58592 2049 5  -97.1  -2820 -0.675138   3782934  0.249097   251  0.515895  0.0000 0.000513 0.000603 0.001982 -0.083202 -0.020326 -0.118156
OKAM 19APR20 2019.2991 58593 2049 6  -97.1  -2820 -0.673849   3782934  0.249998   251  0.527465  0.0000 0.000502 0.000587 0.001977 -0.070949 -0.013913 -0.130790
OKAM 19APR21 2019.3018 58594 2050 0  -97.1  -2820 -0.672442   3782934  0.248879   251  0.530237  0.0000 0.000497 0.000589 0.001972 -0.070585 -0.017075 -0.099028
OKAM 19APR22 2019.3046 58595 2050 1  -97.1  -2820 -0.675331   3782934  0.250333   251  0.527941  0.0000 0.000492 0.000585 0.001937 -0.073876  0.013808 -0.121684
OKAM 19APR23 2019.3073 58596 2050 2  -97.1  -2820 -0.675253   3782934  0.250510   251  0.527709  0.0000 0.000500 0.000588 0.001958 -0.079354 -0.004060 -0.122886
OKAM 19APR25 2019.3128 58598 2050 4  -97.1  -2820 -0.673220   3782934  0.250302   251  0.525758  0.0000 0.000514 0.000596 0.002036 -0.065949 -0.003270 -0.148143
OKAM 19APR26 2019.3155 58599 2050 5  -97.1  -2820 -0.674990   3782934  0.250087   251  0.529560  0.0000 0.000495 0.000583 0.001948 -0.066161  0.009183 -0.110000
OKAM 19APR27 2019.3183 58600 2050 6  -97.1  -2820 -0.671608   3782934  0.249783   251  0.521638  0.0000 0.000495 0.000584 0.001941 -0.069479  0.018862 -0.102596
OKAM 19APR28 2019.3210 58601 2051 0  -97.1  -2820 -0.673764   3782934  0.251241   251  0.527380  0.0000 0.000491 0.000584 0.001948 -0.055238  0.001944 -0.121126
OKAM 19APR29 2019.3238 58602 2051 1  -97.1  -2820 -0.672932   3782934  0.250347   251  0.526554  0.0000 0.000497 0.000591 0.001980 -0.082734 -0.003126 -0.122228
OKAM 19APR30 2019.3265 58603 2051 2  -97.1  -2820 -0.674601   3782934  0.248697   251  0.524853  0.0000 0.000523 0.000612 0.002109 -0.082375 -0.038439 -0.127986
OKAM 19MAY01 2019.3292 58604 2051 3  -97.1  -2820 -0.674228   3782934  0.251289   251  0.527888  0.0000 0.000523 0.000603 0.002042 -0.094591 -0.013473 -0.121179
OKAM 19MAY02 2019.3320 58605 2051 4  -97.1  -2820 -0.673039   3782934  0.250942   251  0.518149  0.0000 0.000499 0.000588 0.001942 -0.096380 -0.013031 -0.098377
OKAM 19MAY03 2019.3347 58606 2051 5  -97.1  -2820 -0.674757   3782934  0.248564   251  0.514859  0.0000 0.000496 0.000586 0.001934 -0.086646 -0.004461 -0.083804
OKAM 19MAY04 2019.3374 58607 2051 6  -97.1  -2820 -0.673854   3782934  0.248972   251  0.520734  0.0000 0.000492 0.000584 0.001924 -0.077609  0.015212 -0.118674
OKAM 19MAY05 2019.3402 58608 2052 0  -97.1  -2820 -0.674095   3782934  0.249851   251  0.513518  0.0000 0.000502 0.000591 0.001969 -0.071261 -0.017770 -0.119478
OKAM 19MAY06 2019.3429 58609 2052 1  -97.1  -2820 -0.674864   3782934  0.248512   251  0.525034  0.0000 0.000501 0.000585 0.001976 -0.064639 -0.043135 -0.121701
OKAM 19MAY07 2019.3457 58610 2052 2  -97.1  -2820 -0.673193   3782934  0.249483   251  0.525812  0.0000 0.000518 0.000598 0.002025 -0.059048 -0.009064 -0.133772
OKAM 19MAY08 2019.3484 58611 2052 3  -97.1  -2820 -0.675329   3782934  0.251125   251  0.526620  0.0000 0.000511 0.000587 0.001960 -0.066203 -0.001958 -0.138487
OKAM 19MAY09 2019.3511 58612 2052 4  -97.1  -2820 -0.675739   3782934  0.248338   251  0.517469  0.0000 0.000498 0.000579 0.001943 -0.081103  0.007956 -0.120713
OKAM 19MAY10 2019.3539 58613 2052 5  -97.1  -2820 -0.674193   3782934  0.247716   251  0.514758  0.0000 0.000499 0.000586 0.001963 -0.088706 -0.007977 -0.123731
OKAM 19MAY11 2019.3566 58614 2052 6  -97.1  -2820 -0.673991   3782934  0.249184   251  0.510333  0.0000 0.000494 0.000584 0.001942 -0.079515 -0.001137 -0.118456
OKAM 19MAY12 2019.3593 58615 2053 0  -97.1  -2820 -0.674013   3782934  0.249713   251  0.513225  0.0000 0.000498 0.000585 0.001944 -0.083146 -0.011887 -0.127053
OKAM 19MAY13 2019.3621 58616 2053 1  -97.1  -2820 -0.672523   3782934  0.248568   251  0.517386  0.0000 0.000500 0.000587 0.001951 -0.075948 -0.012354 -0.128091
OKAM 19MAY14 2019.3648 58617 2053 2  -97.1  -2820 -0.673560   3782934  0.249268   251  0.524984  0.0000 0.000491 0.000575 0.001900 -0.064626 -0.009722 -0.110997
OKAM 19MAY15 2019.3676 58618 2053 3  -97.1  -2820 -0.672767   3782934  0.251580   251  0.517287  0.0000 0.000494 0.000586 0.001940 -0.079556  0.008699 -0.112643
OKAM 19MAY16 2019.3703 58619 2053 4  -97.1  -2820 -0.672407   3782934  0.248523   251  0.522234  0.0000 0.000496 0.000586 0.001958 -0.075582  0.010853 -0.122205
OKAM 19MAY17 2019.3730 58620 2053 5  -97.1  -2820 -0.673205   3782934  0.248476   251  0.524996  0.0000 0.000502 0.000587 0.001983 -0.078055 -0.009140 -0.128815
