2000.04234783 2000 1 16 11 59 0 51559.4993 -2461265.72790 -4677290.94434 3558949.45548 0.00343 0.00532 0.00431 0.606 -0.577 -0.776 34.1333260521 242.2459330545 448.89551 -0.02693 0.06956 0.00524 0.00225 0.00250 0.00688 0.053 0.025 0.052 dfixd
2000.05600903 2000 1 21 11 59 0 51564.4993 -2461265.73017 -4677290.94584 3558949.45668 0.00298 0.00458 0.00368 0.675 -0.595 -0.808 34.1333260490 242.2459330404 448.89816 -0.02728 0.06826 0.00789 0.00185 0.00197 0.00600 0.165 -0.005 0.012 dfixd
2000.08333144 2000 1 31 11 59 0 51574.4993 -2461265.72635 -4677290.94839 3558949.45767 0.00345 0.00523 0.00394 0.690 -0.623 -0.801 34.1333260539 242.2459330899 448.89911 -0.02673 0.07282 0.00884 0.00205 0.00224 0.00675 0.118 -0.126 -0.030 dfixd
2000.11065384 2000 2 10 11 59 0 51584.4993 -2461265.72308 -4677290.93808 3558949.45137 0.00303 0.00461 0.00372 0.684 -0.617 -0.786 34.1333260608 242.2459330692 448.88676 -0.02597 0.07091 -0.00351 0.00193 0.00198 0.00605 0.091 -0.014 -0.024 dfixd
2000.13797624 2000 2 20 11 59 0 51594.4993 -2461265.72930 -4677290.94526 3558949.45805 0.00304 0.00480 0.00375 0.706 -0.629 -0.807 34.1333260638 242.2459330458 448.89816 -0.02562 0.06876 0.00789 0.00189 0.00193 0.00624 0.119 -0.052 0.010 dfixd
2000.16529865 2000 3 1 11 59 0 51604.4993 -2461265.72317 -4677290.93550 3558949.45490 0.00305 0.00477 0.00380 0.622 -0.549 -0.784 34.1333260985 242.2459330553 448.88688 -0.02177 0.06963 -0.00339 0.00201 0.00218 0.00614 0.133 -0.008 0.068 dfixd
2000.19262105 2000 3 11 11 59 0 51614.4993 -2461265.72760 -4677290.93276 3558949.45296 0.00284 0.00465 0.00355 0.665 -0.594 -0.808 34.1333260858 242.2459329990 448.88550 -0.02318 0.06445 -0.00477 0.00180 0.00194 0.00593 0.117 -0.063 0.089 dfixd
2000.27470211 2000 4 10 11 59 0 51644.4993 -2461265.72826 -4677290.93127 3558949.45482 0.00274 0.00448 0.00359 0.682 -0.622 -0.789 34.1333261049 242.2459329852 448.88570 -0.02106 0.06317 -0.00457 0.00184 0.00183 0.00581 0.051 0.004 0.059 dfixd
2000.30202451 2000 4 20 11 59 0 51654.4993 -2461265.72864 -4677290.93321 3558949.45577 0.00261 0.00427 0.00338 0.689 -0.629 -0.792 34.1333261023 242.2459329913 448.88781 -0.02134 0.06373 -0.00246 0.00173 0.00172 0.00553 0.049 -0.016 0.058 dfixd
2000.32115020 2000 4 27 11 59 0 51661.4993 -2461265.73254 -4677290.93394 3558949.45832 0.00283 0.00468 0.00362 0.717 -0.663 -0.814 34.1333261089 242.2459329576 448.89127 -0.02060 0.06063 0.00100 0.00177 0.00179 0.00606 0.046 -0.050 0.048 dfixd
2000.32388244 2000 4 28 11 59 0 51662.4993 -2461265.73446 -4677290.93408 3558949.45709 0.00299 0.00465 0.00352 0.663 -0.625 -0.793 34.1333260946 242.2459329399 448.89143 -0.02220 0.05900 0.00116 0.00182 0.00202 0.00596 0.049 -0.097 0.012 dfixd
2000.32661468 2000 4 29 11 59 0 51663.4993 -2461265.73294 -4677290.93601 3558949.45605 0.00300 0.00485 0.00377 0.663 -0.627 -0.759 34.1333260817 242.2459329642 448.89167 -0.02363 0.06123 0.00140 0.00205 0.00205 0.00620 -0.034 -0.054 0.043 dfixd
2000.32934692 2000 4 30 11 59 0 51664.4993 -2461265.73082 -4677290.92942 3558949.45596 0.00272 0.00449 0.00359 0.652 -0.594 -0.792 34.1333261156 242.2459329513 448.88597 -0.01987 0.06005 -0.00430 0.00184 0.00190 0.00579 0.072 0.012 0.101 dfixd
2000.33207916 2000 5 1 11 59 0 51665.4993 -2461265.73382 -4677290.93133 3558949.45634 0.00262 0.00426 0.00332 0.677 -0.624 -0.806 34.1333261028 242.2459329321 448.88874 -0.02129 0.05828 -0.00153 0.00165 0.00176 0.00550 0.075 -0.035 0.059 dfixd
2000.33481140 2000 5 2 11 59 0 51666.4993 -2461265.73467 -4677290.93443 3558949.45897 0.00299 0.00498 0.00380 0.722 -0.669 -0.813 34.1333261065 242.2459329396 448.89282 -0.02087 0.05897 0.00255 0.00186 0.00188 0.00642 0.033 -0.072 0.050 dfixd
2000.33754364 2000 5 3 11 59 0 51667.4993 -2461265.73180 -4677290.93637 3558949.45865 0.00280 0.00461 0.00347 0.688 -0.636 -0.800 34.1333261022 242.2459329770 448.89295 -0.02135 0.06241 0.00268 0.00177 0.00185 0.00588 0.038 -0.094 0.063 dfixd
2000.34027588 2000 5 4 11 59 0 51668.4993 -2461265.73111 -4677290.93518 3558949.45733 0.00295 0.00455 0.00386 0.669 -0.667 -0.738 34.1333260993 242.2459329775 448.89107 -0.02168 0.06247 0.00080 0.00208 0.00198 0.00601 -0.118 0.059 -0.043 dfixd
2000.34300812 2000 5 5 11 59 0 51669.4993 -2461265.73362 -4677290.93507 3558949.45940 0.00254 0.00413 0.00334 0.672 -0.624 -0.785 34.1333261093 242.2459329530 448.89312 -0.02056 0.06020 0.00285 0.00171 0.00172 0.00537 0.029 0.016 0.055 dfixd
2000.34574036 2000 5 6 11 59 0 51670.4993 -2461265.73348 -4677290.93529 3558949.45913 0.00255 0.00414 0.00325 0.657 -0.621 -0.770 34.1333261067 242.2459329554 448.89308 -0.02085 0.06043 0.00281 0.00172 0.00176 0.00531 -0.010 -0.033 0.058 dfixd
2000.34847260 2000 5 7 11 59 0 51671.4993 -2461265.73510 -4677290.93997 3558949.45878 0.00295 0.00468 0.00362 0.678 -0.639 -0.749 34.1333260793 242.2459329634 448.89694 -0.02390 0.06117 0.00667 0.00200 0.00196 0.00599 -0.047 -0.076 0.006 dfixd
2000.35120484 2000 5 8 11 59 0 51672.4993 -2461265.73471 -4677290.93684 3558949.45999 0.00285 0.00505 0.00364 0.651 -0.639 -0.804 34.1333261033 242.2459329514 448.89517 -0.02124 0.06006 0.00490 0.00182 0.00204 0.00627 -0.052 -0.126 0.162 dfixd
2000.35666932 2000 5 10 11 59 0 51674.4993 -2461265.73686 -4677290.93494 3558949.46082 0.00286 0.00462 0.00379 0.680 -0.613 -0.784 34.1333261129 242.2459329212 448.89507 -0.02016 0.05727 0.00480 0.00196 0.00191 0.00604 0.062 0.033 0.049 dfixd
2000.38399173 2000 5 20 11 59 0 51684.4993 -2461265.73753 -4677290.93863 3558949.46142 0.00300 0.00486 0.00393 0.715 -0.655 -0.808 34.1333260992 242.2459329333 448.89837 -0.02168 0.05839 0.00810 0.00192 0.00189 0.00639 0.060 0.013 0.026 dfixd
2001.05616248 2001 1 21 11 59 0 51930.4993 -2461265.75303 -4677290.91754 3558949.46526 0.00231 0.00367 0.00283 0.702 -0.618 -0.820 34.1333261858 242.2459326782 448.89105 -0.01204 0.03488 0.00078 0.00140 0.00148 0.00476 0.160 -0.067 0.029 dfixd
2001.08355974 2001 1 31 11 59 0 51940.4993 -2461265.75001 -4677290.91229 3558949.45869 0.00268 0.00441 0.00340 0.673 -0.606 -0.826 34.1333261674 242.2459326807 448.88236 -0.01409 0.03511 -0.00791 0.00164 0.00182 0.00567 0.144 -0.042 0.089 dfixd
2001.11095700 2001 2 10 11 59 0 51950.4993 -2461265.75310 -4677290.91384 3558949.46149 0.00278 0.00461 0.00365 0.613 -0.528 -0.808 34.1333261741 242.2459326589 448.88626 -0.01335 0.03311 -0.00401 0.00185 0.00205 0.00589 0.183 0.013 0.149 dfixd
2001.13835426 2001 2 20 11 59 0 51960.4993 -2461265.75086 -4677290.91542 3558949.46478 0.00266 0.00457 0.00342 0.685 -0.631 -0.824 34.1333261969 242.2459326884 448.88840 -0.01081 0.03582 -0.00187 0.00165 0.00179 0.00581 0.074 -0.078 0.129 dfixd
2001.16575152 2001 3 2 11 59 0 51970.4993 -2461265.75606 -4677290.91501 3558949.46445 0.00277 0.00437 0.00339 0.666 -0.590 -0.775 34.1333261840 242.2459326364 448.88992 -0.01225 0.03103 -0.00035 0.00183 0.00187 0.00560 0.085 -0.067 0.036 dfixd
2001.27545472 2001 4 11 11 59 0 52010.4993 -2461265.75714 -4677290.90906 3558949.46504 0.00268 0.00419 0.00332 0.656 -0.578 -0.801 34.1333262125 242.2459325960 448.88630 -0.00907 0.02731 -0.00397 0.00170 0.00184 0.00543 0.151 -0.022 0.043 dfixd
2001.30285198 2001 4 21 11 59 0 52020.4993 -2461265.75536 -4677290.89958 3558949.46294 0.00301 0.00497 0.00386 0.694 -0.612 -0.801 34.1333262434 242.2459325652 448.87750 -0.00563 0.02447 -0.01277 0.00197 0.00197 0.00640 0.103 -0.044 0.076 dfixd
2001.33024924 2001 5 1 11 59 0 52030.4993 -2461265.76469 -4677290.91492 3558949.47283 0.00304 0.00488 0.00374 0.694 -0.617 -0.811 34.1333262265 242.2459325531 448.89788 -0.00751 0.02336 0.00761 0.00189 0.00198 0.00629 0.126 -0.074 0.042 dfixd
2001.35764650 2001 5 11 11 59 0 52040.4993 -2461265.76104 -4677290.90846 3558949.46874 0.00258 0.00406 0.00321 0.733 -0.662 -0.811 34.1333262335 242.2459325555 448.88944 -0.00673 0.02358 -0.00083 0.00159 0.00157 0.00534 0.089 -0.036 -0.024 dfixd
2001.38504376 2001 5 21 11 59 0 52050.4993 -2461265.76398 -4677290.91158 3558949.47056 0.00293 0.00468 0.00367 0.712 -0.644 -0.808 34.1333262263 242.2459325431 448.89388 -0.00754 0.02243 0.00361 0.00183 0.00185 0.00610 0.089 -0.042 0.014 dfixd
2002.05616248 2002 1 21 11 59 0 52295.4993 -2461265.78096 -4677290.89770 3558949.47646 0.00212 0.00349 0.00274 0.676 -0.631 -0.811 34.1333262924 242.2459323101 448.89357 -0.00018 0.00096 0.00330 0.00134 0.00143 0.00451 0.061 -0.013 0.075 dfixd
2002.08355974 2002 1 31 11 59 0 52305.4993 -2461265.77972 -4677290.89099 3558949.47229 0.00240 0.00375 0.00308 0.532 -0.467 -0.712 34.1333262943 242.2459322882 448.88584 0.00003 -0.00105 -0.00443 0.00183 0.00190 0.00473 0.071 0.028 0.112 dfixd
2002.11095700 2002 2 10 11 59 0 52315.4993 -2461265.78035 -4677290.89373 3558949.47585 0.00235 0.00387 0.00299 0.615 -0.570 -0.790 34.1333263071 242.2459322959 448.89009 0.00146 -0.00034 -0.00018 0.00155 0.00172 0.00491 0.068 -0.030 0.119 dfixd
2002.13835426 2002 2 20 11 59 0 52325.4993 -2461265.78201 -4677290.89207 3558949.47313 0.00243 0.00403 0.00321 0.639 -0.579 -0.792 34.1333262903 242.2459322716 448.88799 -0.00041 -0.00258 -0.00228 0.00165 0.00173 0.00517 0.085 0.011 0.116 dfixd
2002.16575152 2002 3 2 11 59 0 52335.4993 -2461265.78490 -4677290.89491 3558949.47731 0.00275 0.00474 0.00356 0.592 -0.578 -0.768 34.1333263020 242.2459322582 448.89353 0.00089 -0.00382 0.00326 0.00191 0.00211 0.00588 -0.035 -0.061 0.164 dfixd
2008.08333144 2008 1 31 11 59 0 54496.4993 -2461265.94605 -4677290.75439 3558949.53319 0.00228 0.00371 0.00283 0.705 -0.640 -0.810 34.1333269683 242.2459300029 448.88406 0.07506 -0.21162 -0.00621 0.00141 0.00146 0.00477 0.082 -0.080 0.041 dfixd
2008.11065384 2008 2 10 11 59 0 54506.4993 -2461265.94644 -4677290.75636 3558949.53597 0.00227 0.00383 0.00290 0.665 -0.598 -0.801 34.1333269794 242.2459300091 448.88722 0.07629 -0.21105 -0.00305 0.00149 0.00157 0.00486 0.078 -0.070 0.122 dfixd
2008.13797624 2008 2 20 11 59 0 54516.4993 -2461265.94820 -4677290.75791 3558949.53632 0.00339 0.00561 0.00407 0.765 -0.652 -0.820 34.1333269709 242.2459300000 448.88923 0.07535 -0.21189 -0.00104 0.00209 0.00196 0.00716 0.156 -0.178 0.029 dfixd
2008.16529865 2008 3 1 11 59 0 54526.4993 -2461265.95092 -4677290.75832 3558949.53766 0.00274 0.00444 0.00334 0.661 -0.592 -0.796 34.1333269726 242.2459299760 448.89133 0.07554 -0.21410 0.00106 0.00175 0.00188 0.00564 0.095 -0.098 0.077 dfixd
2008.27470211 2008 4 10 11 59 0 54566.4993 -2461265.95048 -4677290.74980 3558949.53670 0.00278 0.00448 0.00335 0.653 -0.601 -0.751 34.1333270046 242.2459299372 448.88437 0.07910 -0.21768 -0.00590 0.00189 0.00193 0.00563 -0.007 -0.117 0.053 dfixd
2008.30202451 2008 4 20 11 59 0 54576.4993 -2461265.95535 -4677290.74935 3558949.53841 0.00235 0.00387 0.00295 0.668 -0.612 -0.787 34.1333270080 242.2459298883 448.88689 0.07948 -0.22219 -0.00338 0.00154 0.00160 0.00492 0.041 -0.072 0.077 dfixd
2008.32934692 2008 4 30 11 59 0 54586.4993 -2461265.95725 -4677290.75206 3558949.53941 0.00269 0.00441 0.00331 0.660 -0.586 -0.790 34.1333269988 242.2459298837 448.89016 0.07845 -0.22261 -0.00011 0.00176 0.00185 0.00558 0.087 -0.097 0.090 dfixd
2008.35666932 2008 5 10 11 59 0 54596.4993 -2461265.95701 -4677290.74663 3558949.53525 0.00259 0.00432 0.00325 0.660 -0.605 -0.790 34.1333269927 242.2459298586 448.88376 0.07777 -0.22492 -0.00651 0.00170 0.00180 0.00546 0.042 -0.089 0.100 dfixd
