2002.5877 45.69 9.61 3.32987390622700 10.35449257842804
2002.6151 45.69 9.61 14.69050830823299 10.08952659028986
2002.6425 45.69 9.61 20.56830483314981 10.31486720616982
2002.6699 45.69 9.61 20.80754355672007 8.61689361891716
2002.6973 45.69 9.61 -11.10595435122750 13.97546523589841
2002.7247 45.69 9.61 17.29048686088739 9.83621770920020
2002.7521 45.69 9.61 -2.66624209438404 8.97537211436881
2002.7795 45.69 9.61 14.76164618159203 10.23400975303297
2002.8068 45.69 9.61 24.29949064637221 9.33580977090840
2002.8342 45.69 9.61 22.74416576679680 9.14746025412541
2002.8616 45.69 9.61 22.84843211016510 8.77941301923696
2002.8890 45.69 9.61 54.23994586962548 9.30509652294555
2002.9164 45.69 9.61 50.78509935764500 9.61827788693678
2003.0260 45.69 9.61 30.27401362738421 10.70912208147942
2003.0534 45.69 9.61 66.56027148308175 18.84855404014208
2003.0808 45.69 9.61 42.49285249568683 15.53712264230490
2003.1082 45.69 9.61 59.72072912579380 8.60681333272705
2003.1356 45.69 9.61 30.65490341870168 7.91797229727635
2003.1630 45.69 9.61 4.06944248194555 8.61068091847057
2003.1904 45.69 9.61 9.42935618881579 10.08412474104134
2003.2178 45.69 9.61 22.06367131901660 8.48846231452563
2003.2452 45.69 9.61 9.75776021167474 8.43497771326376
2003.2726 45.69 9.61 16.44122173760119 8.20662992949524
2003.3000 45.69 9.61 3.39903805552983 8.05011223218155
2003.3274 45.69 9.61 2.64618318947605 10.80303432171716
2003.3548 45.69 9.61 9.71180719582532 12.27809193942502
2003.3822 45.69 9.61 -5.50222306995108 10.52567449616711
2003.5192 45.69 9.61 2.78244243609228 12.00062937103630
2003.5466 45.69 9.61 -7.75058696819681 13.69197529941737
2003.5740 45.69 9.61 -1.13248127559529 16.39891706524476
2003.6014 45.69 9.61 -14.29337663633179 13.74499369418414
2003.6288 45.69 9.61 -13.64816356745816 12.63944498485627
2003.6562 45.69 9.61 -2.98902322862250 13.84635557594546
2003.6836 45.69 9.61 29.43128537791969 13.86968037754860
2003.7110 45.69 9.61 -22.48429125316406 10.24578224530854
2003.7384 45.69 9.61 -25.97868045467807 12.99035470137182
2003.7658 45.69 9.61 -29.37554899999677 11.82105554923427
2003.7932 45.69 9.61 -28.05932361633778 13.45000204593121
2003.8205 45.69 9.61 -18.28172748116967 14.29709415864074
2003.8479 45.69 9.61 -8.32227753453877 12.12163270764865
2003.8753 45.69 9.61 -2.31496710740162 13.31333558567440
2003.9027 45.69 9.61 -15.09115328798732 11.70914359356690
2003.9301 45.69 9.61 6.33203019251389 12.47310372567385
2003.9575 45.69 9.61 -3.00279234928900 14.47329228646507
2003.9849 45.69 9.61 13.14726449333477 13.52985586634369
2004.0123 45.69 9.61 -1.51434183131326 14.54026455787170
2004.0397 45.69 9.61 24.14585782053476 11.22771139960988
2004.0945 45.69 9.61 0.28955375802170 10.44457848490677
2004.1219 45.69 9.61 16.63474561554028 11.95134247872980
2004.1493 45.69 9.61 21.54280434793086 14.24166914976304
2004.1767 45.69 9.61 19.25147876459894 15.62827975461924
2004.2041 45.69 9.61 0.42143599817024 12.29869176079213
2004.2315 45.69 9.61 -17.15010328612635 12.49358185587968
2004.2589 45.69 9.61 30.94952699096015 12.86113814486665
2004.2863 45.69 9.61 48.24771767888240 12.94027613995441
2004.3137 45.69 9.61 -4.46266768612229 12.22934976223273
2004.3411 45.69 9.61 1.90387880639657 13.55775015224750
2004.3685 45.69 9.61 32.68467732409316 12.81410330660255
2004.3959 45.69 9.61 17.89895641717660 11.05337036435090
2004.4233 45.69 9.61 13.69406267312097 10.58478408411318
2004.4507 45.69 9.61 8.88547943778984 9.46142261968535
2004.4781 45.69 9.61 42.87683144908279 10.52100944258725
2004.5055 45.69 9.61 14.16142625139507 10.20812475806551
2004.5329 45.69 9.61 11.48484495511332 9.55015434548299
2004.5603 45.69 9.61 -2.90511431359286 9.90918413712190
2004.5877 45.69 9.61 2.97229336498676 9.95190020093424
2004.6151 45.69 9.61 -34.68413779322749 11.02610745054429
2004.6425 45.69 9.61 -14.04388819815543 9.19838295471451
2004.6699 45.69 9.61 -11.14288373364532 9.18218481522202
2004.6973 45.69 9.61 -16.24351494432681 8.52998687777481
2004.7247 45.69 9.61 -0.89108727449663 9.96655425103962
2004.7521 45.69 9.61 -13.73660973139618 9.45580930764837
2004.7795 45.69 9.61 -21.78543956162823 9.28789709905739
2004.8068 45.69 9.61 -16.39935030360435 10.47260207698153
2004.8342 45.69 9.61 8.51170139526844 10.35743848860493
2004.8616 45.69 9.61 7.84698472426880 8.93153501036792
2004.8890 45.69 9.61 -3.04197801411628 8.96250637318411
2004.9164 45.69 9.61 -12.50172100851952 9.93551333779137
2004.9438 45.69 9.61 -3.41025395948875 10.75225277993884
2004.9712 45.69 9.61 -1.52931068051160 10.07043397210867
2004.9973 45.69 9.61 -1.69101070648888 9.55657427215943
2005.0233 45.69 9.61 -29.67472459349212 11.48464545072565
2005.0507 45.69 9.61 -24.48438312864903 17.88671875117618
2005.0781 45.69 9.61 -17.81715759798319 13.10369427607405
2005.1055 45.69 9.61 -0.82546106648436 12.95383819329724
2005.1329 45.69 9.61 13.70815278962010 13.27969929396706
2005.1603 45.69 9.61 -0.46975183462526 11.58074560273850
2005.1877 45.69 9.61 -3.69451728561104 11.47652926654060
2005.2151 45.69 9.61 -8.33828990674656 10.59142970070041
2005.2425 45.69 9.61 -1.74286383074231 10.37956506728882
2005.2699 45.69 9.61 5.75109915144055 11.20081430304212
2005.2973 45.69 9.61 40.51580589923778 11.91504496970415
2005.3247 45.69 9.61 3.44351470905577 12.58983765026034
2005.3521 45.69 9.61 13.98247791827701 4.46257462342870
2005.3795 45.69 9.61 5.16809260479471 11.68318767388224
2005.4068 45.69 9.61 -7.88681393502605 10.52648284638049
2005.4342 45.69 9.61 15.53014788178983 12.06353976944648
2005.4616 45.69 9.61 -13.36848614947245 11.05478378040509
2005.4890 45.69 9.61 -18.78255232275589 10.46284018524297
2005.5164 45.69 9.61 -2.83165414897067 10.39486249078241
2005.5438 45.69 9.61 -8.10881222755660 11.49301725125841
2005.5712 45.69 9.61 -14.96283178016376 12.66342167655177
2005.5986 45.69 9.61 -25.25433329028877 12.95805417480797
2005.6260 45.69 9.61 -30.06153663533841 11.29508901042714
2005.6534 45.69 9.61 -18.14640137516533 12.07783818291222
2005.6808 45.69 9.61 -26.72580520967186 11.77737884275909
2005.7082 45.69 9.61 -16.75989532880629 14.70637750768625
2005.7356 45.69 9.61 -2.78425740792758 12.74369786443451
2005.7630 45.69 9.61 -0.36861957733744 12.76084153239093
2005.7904 45.69 9.61 4.36033604502990 11.78144841853198
2005.8178 45.69 9.61 -14.85855428152072 12.20159812482750
2005.8452 45.69 9.61 -32.62142307365682 13.04571162751614
2005.8726 45.69 9.61 0.47402188029794 11.21805567622379
2005.9000 45.69 9.61 11.68198201032674 10.84312717276507
2005.9274 45.69 9.61 -24.85742802480008 10.71422579200888
2005.9548 45.69 9.61 -15.41917397119139 9.11636507558872
2005.9822 45.69 9.61 -13.16450201109944 9.94103751274749
2006.0096 45.69 9.61 -1.32301527157576 11.39794892441438
2006.0370 45.69 9.61 -4.31119558895826 14.74647316424571
2006.0644 45.69 9.61 -11.14615714239446 14.89658058308543
2006.0918 45.69 9.61 -1.16345863767835 15.01096961542520
2006.1192 45.69 9.61 -28.02651004732712 17.53893678662737
2006.1466 45.69 9.61 -9.18998316547174 13.35619435181771
2006.1740 45.69 9.61 19.38358687138967 15.58195555563225
2006.2014 45.69 9.61 4.90894133214647 11.55640550062763
2006.2288 45.69 9.61 -5.90688858182466 15.66673182053896
2006.2562 45.69 9.61 35.89756561403561 14.81165885839387
2006.2836 45.69 9.61 23.23597489749223 14.33633946285273
2006.3110 45.69 9.61 -1.38395861401685 15.41233133315881
2006.3384 45.69 9.61 12.57782519837955 13.88744417482804
2006.3658 45.69 9.61 14.76809656438187 15.51092333427498
2006.3932 45.69 9.61 6.59076305156907 15.16824509562400
2006.4205 45.69 9.61 -5.35980422069720 15.11479067673490
2006.4479 45.69 9.61 10.57676462789853 16.13426855668228
2006.4753 45.69 9.61 15.32594299143809 16.77558545850520
2006.5027 45.69 9.61 -17.16352558223284 17.53517233277014
2006.5301 45.69 9.61 -13.52650667154293 21.33437767188559
2006.5575 45.69 9.61 -9.01997116627640 16.60907140188274
2006.5849 45.69 9.61 -5.49292045404414 17.13142289750533
2006.6123 45.69 9.61 0.47237113806902 22.08534997484443
2006.6397 45.69 9.61 -28.34669064262068 18.29305078370195
2006.6671 45.69 9.61 -7.31287637784407 16.26032388022533
2006.6945 45.69 9.61 -27.56280056814658 21.40656487979276
2006.7219 45.69 9.61 -2.34816948618197 19.39406065549592
2006.7493 45.69 9.61 8.13351219547431 23.70634491349112
2006.7767 45.69 9.61 -1.85529372867055 20.60628263002430
2006.8041 45.69 9.61 -12.03051015559223 16.16691485230727
2006.8315 45.69 9.61 -10.98353814943397 19.26625980652695
2006.8589 45.69 9.61 -17.40605604004625 18.57171372906167
2006.8863 45.69 9.61 -29.90709024302215 17.59363632048954
2006.9137 45.69 9.61 -14.02100159059838 16.86714972994965
2006.9411 45.69 9.61 -19.56735778807528 16.48715212715224
2006.9685 45.69 9.61 -26.67543477651741 16.11120262501955
2006.9959 45.69 9.61 -16.15239375099785 15.64625341295639
2007.0233 45.69 9.61 -22.61422739128435 14.22177278645534
2007.0507 45.69 9.61 -23.21739513550945 15.12871422521070
2007.0781 45.69 9.61 -6.86815750788205 16.11010299598778
2007.1055 45.69 9.61 -4.12462205670324 14.14777559707651
2007.1329 45.69 9.61 -8.95197389738038 15.62501315579556
2007.1603 45.69 9.61 -17.92902793077129 14.86788146443635
2007.1877 45.69 9.61 -57.55029937671726 20.27064456406053
2007.2151 45.69 9.61 -0.44171209974182 17.88920958763761
2007.2425 45.69 9.61 -12.59547053635136 17.11469773642765
2007.2699 45.69 9.61 -1.71925604867648 12.85196645125757
2007.2973 45.69 9.61 -2.92422871808610 12.04596469707466
2007.3247 45.69 9.61 -11.19496298806981 15.42854273999074
2007.3521 45.69 9.61 -1.48844897922816 17.16597438826598
2007.3795 45.69 9.61 -24.09115081848674 18.20835918355778
2007.4068 45.69 9.61 -3.03154514298736 14.64567533538438
2007.4342 45.69 9.61 -4.00766803178149 13.84023772259001
2007.4616 45.69 9.61 10.92143703483935 19.21550795146057
2007.4890 45.69 9.61 -6.43130796460524 13.87948558460862
2007.5164 45.69 9.61 -9.61634024322585 14.91078969818975
2007.5438 45.69 9.61 -3.03775033627495 14.31692643582535
2007.5712 45.69 9.61 -6.42896934577542 14.72131609696535
2007.5986 45.69 9.61 -7.35003311464507 18.51781455073912
2007.6260 45.69 9.61 -29.36924179127527 14.60280890914247
2007.6534 45.69 9.61 -12.44319210701728 14.91443790392784
2007.6808 45.69 9.61 -37.34380551729610 15.59121266296838
2007.7082 45.69 9.61 -23.16305983571080 10.74933252208790
2007.7356 45.69 9.61 -25.52502466723559 16.01967927340335
2007.7630 45.69 9.61 -29.19300383152977 11.51342769692347
2007.7904 45.69 9.61 -36.06861637597255 15.94586374113822
2007.8178 45.69 9.61 -19.74118066542978 18.79499176465982
2007.8452 45.69 9.61 -11.70996525824047 14.61238258030248
2007.8726 45.69 9.61 -24.05200179064767 17.29714963767129
2007.9000 45.69 9.61 -5.42573570073161 18.24951912964357
2007.9274 45.69 9.61 -7.34540563897940 18.09351146618977
2007.9548 45.69 9.61 -10.84546398722692 13.22773013646080
2007.9822 45.69 9.61 -7.00058330669336 16.70026577577534
2008.0096 45.69 9.61 -20.40213105474603 14.53895888149634
2008.0370 45.69 9.61 -5.39899880120627 15.19587473116451
2008.0644 45.69 9.61 -22.04360550022784 17.91201813364497
2008.0918 45.69 9.61 -34.99187443104347 13.56910596809560
2008.1192 45.69 9.61 -30.46904206100992 16.53508826991513
2008.1466 45.69 9.61 2.14103351215642 19.55658971285013
2008.1740 45.69 9.61 -9.79385532687894 16.86675143826296
2008.2014 45.69 9.61 35.74394569405962 18.57235723202508
2008.2288 45.69 9.61 44.22019452211056 20.60752995514540
2008.2562 45.69 9.61 -4.00180681573224 19.54279959063608
2008.2836 45.69 9.61 -3.84391974723031 23.55865460989800
2008.3110 45.69 9.61 -5.50791842660886 24.64768309074183
2008.3384 45.69 9.61 2.51268818595067 18.08837591517662
2008.3658 45.69 9.61 9.16455956506699 18.29372277618256
2008.3932 45.69 9.61 -3.77636253264838 16.24492874774455
2008.4205 45.69 9.61 19.44574711146736 14.20042260584147
2008.4479 45.69 9.61 14.66791156943351 14.68824314199175
2008.4753 45.69 9.61 20.99237989329689 14.09919077639326
2008.5027 45.69 9.61 -11.81523042394764 17.44381117992273
2008.5301 45.69 9.61 -16.82597183021692 21.57697913024182
2008.5575 45.69 9.61 4.16825962335347 13.59619606616570
2008.5849 45.69 9.61 -2.76889029754669 16.17906049329500
2008.6123 45.69 9.61 -11.07359598913018 12.89829347216381
2008.6397 45.69 9.61 4.89662782645601 14.40127181661954
2008.6671 45.69 9.61 -16.28353790111795 13.68060687994344
2008.6945 45.69 9.61 -9.00207291659797 13.16905548747632
2008.7219 45.69 9.61 -3.79764526392882 15.63481519408947
2008.7493 45.69 9.61 0.25811923213450 13.98601610914548
2008.7767 45.69 9.61 -17.73959915306486 16.80816917414964
2008.8041 45.69 9.61 -20.60471835804637 16.96558770872365
2008.8315 45.69 9.61 -31.65154427970197 19.01782592368530
2008.8589 45.69 9.61 1.53573414278860 22.25639984646926
2008.8863 45.69 9.61 11.89811068781129 21.34077172451711
2008.9137 45.69 9.61 22.15846037904187 20.41151162405432
2008.9411 45.69 9.61 26.20480709335706 21.03735580125803
2008.9685 45.69 9.61 16.25001188886651 19.62393222159240
2008.9945 45.69 9.61 16.40786921560663 16.64311671327415
2009.0205 45.69 9.61 10.06382535024538 16.53263850470434
2009.0479 45.69 9.61 36.94850008105279 16.54160264578695
2009.0753 45.69 9.61 35.95513064904149 15.58072408065268
2009.1027 45.69 9.61 25.02841057190647 19.81993994472186
2009.1301 45.69 9.61 32.47101876902023 15.43205920857640
2009.1575 45.69 9.61 17.76725563869049 15.58749542175760
2009.1849 45.69 9.61 19.83248355944939 18.64938343333463
2009.2123 45.69 9.61 38.95624014328140 15.28851536965409
2009.2397 45.69 9.61 38.17180448089258 17.85869944385183
2009.2671 45.69 9.61 48.61249306042667 14.76505096398789
2009.2945 45.69 9.61 47.70511699131294 15.21432941079093
2009.3219 45.69 9.61 49.58557225274139 15.83699090230935
2009.3493 45.69 9.61 48.69444639672693 14.39130238848398
2009.3767 45.69 9.61 7.75887811766361 15.16171376368285
2009.4041 45.69 9.61 18.79833380733755 13.05973260259312
2009.4315 45.69 9.61 37.34589110837558 15.45504205479387
2009.4589 45.69 9.61 9.63615592608060 12.64599784697278
2009.4863 45.69 9.61 7.54924404268203 14.07396402388477
2009.5137 45.69 9.61 25.40805319308042 13.18261468968719
2009.5411 45.69 9.61 20.50429655418589 16.54399832528123
2009.5685 45.69 9.61 -11.51993117932180 17.75529128807955
2009.5959 45.69 9.61 -11.83585019919026 15.38745473882615
2009.6233 45.69 9.61 -10.87159335507762 16.35047591145794
2009.6507 45.69 9.61 -21.00234149550219 15.77898870289516
2009.6781 45.69 9.61 14.46802485201948 17.10111274099284
2009.7055 45.69 9.61 -23.84844510046418 17.97980255999456
2009.7329 45.69 9.61 -9.66521345188971 17.14967356304547
2009.7603 45.69 9.61 -30.82355991383981 19.64071517642553
2009.7877 45.69 9.61 -35.98661180525917 18.06453240559327
2009.8151 45.69 9.61 -0.96165903825712 19.63120527156703
2009.8425 45.69 9.61 -13.57596839662289 17.66022708495495
2009.8699 45.69 9.61 7.88708434923972 16.78069941194222
2009.8973 45.69 9.61 -11.44717334669336 15.59836759845156
2009.9247 45.69 9.61 -11.49876004285974 15.10724611541694
2009.9521 45.69 9.61 -14.06097064824276 14.33105434209730
2009.9795 45.69 9.61 0.21843400065998 14.74757580635216
2010.0068 45.69 9.61 -9.21112464333827 19.27705962476387
2010.0342 45.69 9.61 16.37822111042344 14.56341477601792
2010.0616 45.69 9.61 11.69200571082592 15.05084785450480
2010.0890 45.69 9.61 -14.46205652249855 18.52172178085313
2010.1164 45.69 9.61 13.09491527101840 19.15718512039159
2010.1438 45.69 9.61 11.15777765940309 18.10047680824415
2010.1712 45.69 9.61 -29.89177795905270 17.25582054684259
2010.1986 45.69 9.61 3.11947855288240 16.51798015836303
2010.2260 45.69 9.61 -7.25729082147115 18.15344176560603
2010.2534 45.69 9.61 9.69718690368997 18.63511778844554
2010.2808 45.69 9.61 0.35463639947979 13.99492449770708
2010.3082 45.69 9.61 1.92362701687475 14.82289559685017
2010.3356 45.69 9.61 23.23678686326386 13.07666884688568
2010.3630 45.69 9.61 24.55582726300308 14.04599174183102
2010.3904 45.69 9.61 13.86210198476146 14.17435463787100
2010.4178 45.69 9.61 0.39473667741540 15.05019490917693
2010.4452 45.69 9.61 0.79302410594861 13.05102799032452
2010.4726 45.69 9.61 -3.77967071416470 11.57228107690984
2010.5000 45.69 9.61 13.85399138749728 13.41636624167896
2010.5274 45.69 9.61 43.58540471008609 22.50839977509409
2010.5548 45.69 9.61 -0.23165353406029 13.90795631259960
2010.5822 45.69 9.61 -4.24046761839561 12.42332527248547
2010.6096 45.69 9.61 -3.23013290235980 16.67973043561962
2010.6370 45.69 9.61 17.02863790951047 14.63515212032518
2010.6644 45.69 9.61 29.76484508650172 13.57980090539846
2010.6918 45.69 9.61 -5.89077679898416 16.79292341336670
2010.7192 45.69 9.61 -7.79707277941915 15.55964078978172
2010.7466 45.69 9.61 -37.16340310986357 18.45664820612550
2010.7740 45.69 9.61 4.07189384751970 14.35596218145004
2010.8014 45.69 9.61 -8.92371686675117 13.76933296020911
2010.8288 45.69 9.61 -3.24003474389168 16.01918904769779
2010.8562 45.69 9.61 -1.25114249476286 15.64099421181039
2010.8836 45.69 9.61 -2.05427872154201 14.22029345900009
2010.9110 45.69 9.61 11.70303845111930 15.85441503411954
2010.9384 45.69 9.61 40.31449297751929 16.55042036334377
2010.9658 45.69 9.61 6.06035087446870 18.39095988259906
2010.9932 45.69 9.61 15.72120895773222 13.32941187117093
2011.1027 45.69 9.61 -2.77981952763746 13.36329870041032
2011.1301 45.69 9.61 -1.73067547981193 21.85086433030191
2011.1575 45.69 9.61 15.29644183412371 14.00720823717171
2011.1849 45.69 9.61 -15.08414061097330 10.69432873289798
2011.2123 45.69 9.61 13.34492205807794 18.53264708045343
2011.2397 45.69 9.61 23.77047647278199 19.49307435933835
2011.2671 45.69 9.61 7.72243652498073 15.37335405709872
2011.2945 45.69 9.61 -10.30986727158436 18.30811482620787
2011.3219 45.69 9.61 -9.63178837683872 17.06861852187888
2011.3493 45.69 9.61 -14.61322229896341 15.03439347916288
2011.3767 45.69 9.61 -22.50196059641236 17.97178042028836
2011.4041 45.69 9.61 10.65386543882109 15.46463016451260
2011.4315 45.69 9.61 5.85575551881590 15.17634595551705
2011.5137 45.69 9.61 28.97943056405185 13.86572590141625
2011.5411 45.69 9.61 13.16481318397817 15.07084764825474
2011.5685 45.69 9.61 15.29374783078750 14.54412523400704
2011.5959 45.69 9.61 27.65710499723158 15.78492036823868
2011.6233 45.69 9.61 31.48027612530919 15.64077990912088
2011.6507 45.69 9.61 -12.99996107610507 19.13309915495496
2011.6781 45.69 9.61 -9.09131003290953 17.73545324315038
2011.7055 45.69 9.61 -13.52291840802710 17.83106372042439
2011.7329 45.69 9.61 4.06034262873855 20.95775051265675
2011.7603 45.69 9.61 -21.97864774054862 17.75612817747232
2011.7877 45.69 9.61 -31.85322594467152 19.03304737249445
2011.8151 45.69 9.61 -10.06094103623391 18.57764458753710
2011.8425 45.69 9.61 0.66571243138676 20.42836410002895
2011.8699 45.69 9.61 -20.08115317424518 18.86407048017756
2011.9521 45.69 9.61 5.57786564616447 11.61359957671991
2011.9795 45.69 9.61 -13.55041791545313 15.99588055804276
2012.0068 45.69 9.61 16.01766753678415 14.73491046934941
2012.0342 45.69 9.61 -21.14985479143952 17.86010224504639
2012.0616 45.69 9.61 -8.92042874452525 15.39876549593729
2012.0890 45.69 9.61 10.64568263433987 15.12158402362820
2012.1164 45.69 9.61 12.64212320325264 14.71893299682831
2012.1438 45.69 9.61 4.93145442503065 15.20750107600267
2012.1712 45.69 9.61 -27.47580289109452 14.33068334751702
2012.1986 45.69 9.61 17.33434292982854 12.82835111634785
2012.2260 45.69 9.61 14.33600820064004 13.30380008856546
2012.2534 45.69 9.61 -27.34173669978074 12.89437263517759
2012.2808 45.69 9.61 -20.87656849995550 11.93570062418710
2012.3082 45.69 9.61 -12.80159986669280 13.68865779441700
2012.3904 45.69 9.61 -12.05398430696316 14.07752835177453
2012.4178 45.69 9.61 -15.41881829223449 10.83295990950822
2012.4452 45.69 9.61 -24.17584279046359 10.63695704147967
2012.4726 45.69 9.61 -6.64811922405455 11.61048182193958
2012.5000 45.69 9.61 -25.03523246729952 10.93715834972148
2012.5274 45.69 9.61 10.25476516798985 11.75524625214598
2012.5548 45.69 9.61 -9.29223284846751 11.75985698681637
2012.5822 45.69 9.61 -5.57031981081071 12.57954669262594
2012.6096 45.69 9.61 -22.30370236159579 12.57724171794761
2012.6370 45.69 9.61 -24.36271240467247 11.46794229164647
2012.6644 45.69 9.61 -48.38607407885851 12.70318022255878
2012.6918 45.69 9.61 -12.07707703810720 13.17042800533682
2012.7192 45.69 9.61 -9.95376431830953 16.29686856161665
2012.7466 45.69 9.61 -13.94893857601731 10.74029519330230
2012.8562 45.69 9.61 -12.48483799610540 16.73416808467758
2012.8836 45.69 9.61 -13.32316008190256 15.81383224682399
2012.9110 45.69 9.61 -6.90891847152269 14.91531915190146
2012.9384 45.69 9.61 12.40619664034251 14.03769471778360
2012.9658 45.69 9.61 14.27512401809855 16.24688944644666
2012.9918 45.69 9.61 17.46810938311066 7.53463282397342
2013.0178 45.69 9.61 -1.16202947826723 9.13033953658165
2013.0452 45.69 9.61 -10.05901627417148 9.03645264182996
2013.0726 45.69 9.61 -5.78170748657674 8.23654912071049
2013.1000 45.69 9.61 -8.07073651115061 8.48038737784535
2013.1274 45.69 9.61 -6.01709821128063 7.74514876527820
2013.1548 45.69 9.61 -1.87449816629076 6.97390463279631
2013.2644 45.69 9.61 10.51471564580887 8.07972943319918
2013.2918 45.69 9.61 12.50863827471369 8.02685406842801
2013.3192 45.69 9.61 33.30385177193593 9.02482696213239
2013.3466 45.69 9.61 10.72009994164735 9.30328800984435
2013.3740 45.69 9.61 31.83963724855537 7.79728938585988
2013.4014 45.69 9.61 15.47243546764200 8.09413790469459
2013.4288 45.69 9.61 24.29548638957749 6.94777782345510
2013.4562 45.69 9.61 1.21765157495809 7.06790452658948
2013.4836 45.69 9.61 -46.19164756810254 7.31306975494363
2013.5110 45.69 9.61 6.72995879596334 8.42471648070756
2013.5384 45.69 9.61 -7.36116103874690 8.08432548384010
2013.5658 45.69 9.61 -17.68741057338773 8.58485233116281
2013.7575 45.69 9.61 -13.09883966843333 8.00619350138142
2013.7849 45.69 9.61 15.45971033917476 8.41458021124835
2013.8123 45.69 9.61 -30.51807621919844 7.64567772433713
2013.8397 45.69 9.61 -10.33648156925073 7.78422764402968
2013.8671 45.69 9.61 -5.61038015877154 8.30511698210345
2013.8945 45.69 9.61 5.36268061953044 7.77166120796315
2013.9219 45.69 9.61 8.99050756687017 6.73183226010198
2013.9493 45.69 9.61 -18.43125396392472 7.33328102901648
2013.9767 45.69 9.61 -14.19071752949162 7.28854440461050
2014.0041 45.69 9.61 3.60214500839739 7.06589856295505
2014.0315 45.69 9.61 -5.87974735346493 7.48602243615992
2014.1685 45.69 9.61 12.77179937628368 7.77199977660030
2014.1959 45.69 9.61 33.28663054172306 8.16949272434911
2014.2233 45.69 9.61 21.12669565177232 7.64818841787748
2014.2507 45.69 9.61 33.54843339866704 6.89534438167081
2014.2781 45.69 9.61 -10.73889048551009 7.36792968868792
2014.3055 45.69 9.61 6.54548751153203 7.00845936569192
2014.3329 45.69 9.61 21.19094706761450 5.52597731954496
2014.3603 45.69 9.61 17.31993985021993 6.48504518081409
2014.3877 45.69 9.61 9.53054461501264 6.50589198941429
2014.4151 45.69 9.61 -0.59792378515148 6.42635422093456
2014.4425 45.69 9.61 18.76534900088073 6.90171360388745
2014.4699 45.69 9.61 18.05019497280469 6.77526147157258
2014.5795 45.69 9.61 30.38331659157412 5.36874191197040
2014.6068 45.69 9.61 1.61911601923516 5.93978461104864
2014.6342 45.69 9.61 31.74113297815654 5.23344706579716
2014.6616 45.69 9.61 27.91145405284115 6.05313684234594
2014.6890 45.69 9.61 19.04507961331194 5.88730791873588
2014.7164 45.69 9.61 1.36026942337575 5.74086560539220
2014.7438 45.69 9.61 -1.91965707106160 6.38080177960561
2014.7712 45.69 9.61 2.05706307148605 6.30475947853694
2014.7986 45.69 9.61 0.33496763127385 5.42090416097984
2014.8260 45.69 9.61 -20.32403735904826 5.37343465877437
2014.8534 45.69 9.61 9.10996214374269 5.74519939448386
2014.8808 45.69 9.61 25.33746328686394 5.75671034926887
2014.9082 45.69 9.61 16.23931158425709 5.89238437745411
2015.0452 45.69 9.61 4.55904925969197 4.10908923916370
2015.0726 45.69 9.61 19.68096640830242 4.74216142121374
2015.1000 45.69 9.61 17.68326212088465 3.98847306408679
2015.1274 45.69 9.61 14.34583280711837 3.66927574403300
2015.1548 45.69 9.61 0.77831851358110 4.55581454903766
2015.1822 45.69 9.61 30.60989730880286 4.15439039719803
2015.2096 45.69 9.61 36.47980555975177 5.98921937762552
2015.2370 45.69 9.61 27.02094710772458 6.57290748234508
2015.2644 45.69 9.61 1.93057460196375 5.60079828515517
2015.2918 45.69 9.61 20.94876252603149 5.51751613163263
2015.3192 45.69 9.61 19.73866702660937 5.30337510599644
2015.3466 45.69 9.61 -3.62143971389302 5.86209925576334
2015.4836 45.69 9.61 -20.45870214636614 4.86039362695780
2015.5110 45.69 9.61 2.28040456461801 4.78149301154560
2015.5384 45.69 9.61 1.13739139640058 5.47259241837838
2015.5658 45.69 9.61 -7.14025751834205 5.81525376853025
2015.5932 45.69 9.61 -25.81424338028587 6.15798693032269
2015.6205 45.69 9.61 -29.32242796198478 5.80495572538491
2015.6479 45.69 9.61 -21.21880211990244 5.67503833050754
2015.6753 45.69 9.61 -26.75443811006728 5.31151952888643
2015.7027 45.69 9.61 -5.79918430162578 6.03852659445822
2015.7301 45.69 9.61 2.76662451955332 5.92152905443102
2015.9493 45.69 9.61 -43.40551163406755 5.63652220419387
2015.9767 45.69 9.61 -28.12416682087229 6.22647326497681
2016.0041 45.69 9.61 -33.79331044881885 5.49928445063182
2016.0315 45.69 9.61 -25.73955350952300 5.22699947181943
2016.0589 45.69 9.61 -35.94294578797659 5.34432886739907
2016.0863 45.69 9.61 -61.17539777092539 4.63722101275755
2016.1137 45.69 9.61 -46.27791653446556 5.47102299088940
2016.1411 45.69 9.61 -14.84777993420058 6.76589121593324
2016.1685 45.69 9.61 14.58421148097743 7.45319415935974
2016.1959 45.69 9.61 9.59755834640456 7.31865751453975
2016.2233 45.69 9.61 -12.63241778689861 7.45124352528989
2016.2507 45.69 9.61 -34.69413946401117 5.61110853764265
2016.3603 45.69 9.61 5.01547947740977 5.26556075268333
2016.3877 45.69 9.61 4.71454108749613 6.50179412262226
2016.4151 45.69 9.61 12.35360195773671 6.29788977828618
2016.4425 45.69 9.61 25.48911005919025 6.93429735998147
2016.4699 45.69 9.61 1.26297988582987 6.77988996097132
