2002.5877 -34.22 150.64 -0.092 -0.268 -3.688 0.113 0.093 0.510
2002.6151 -34.22 150.64 -0.295 -0.012 0.482 0.108 0.090 0.488
2002.6425 -34.22 150.64 -0.321 0.028 -2.938 0.110 0.091 0.497
2002.6699 -34.22 150.64 -0.362 0.368 -0.520 0.095 0.079 0.435
2002.6973 -34.22 150.64 -0.229 -0.454 -3.798 0.161 0.072 0.609
2002.7247 -34.22 150.64 -0.322 -0.059 -1.667 0.102 0.085 0.461
2002.7521 -34.22 150.64 -0.424 0.184 -1.331 0.095 0.080 0.431
2002.7795 -34.22 150.64 -0.566 0.170 -0.093 0.110 0.093 0.500
2002.8068 -34.22 150.64 -0.474 0.305 0.204 0.098 0.082 0.444
2002.8342 -34.22 150.64 -0.696 0.270 1.493 0.097 0.081 0.439
2002.8616 -34.22 150.64 -0.509 -0.061 0.851 0.099 0.071 0.433
2002.8890 -34.22 150.64 -0.327 -0.164 1.146 0.098 0.081 0.443
2002.9164 -34.22 150.64 -0.350 -0.044 1.725 0.105 0.085 0.473
2003.0260 -34.22 150.64 -0.085 0.061 2.955 0.119 0.097 0.536
2003.0534 -34.22 150.64 -0.082 -0.513 0.856 0.192 0.160 0.852
2003.0808 -34.22 150.64 -0.194 -0.672 -0.099 0.172 0.137 0.760
2003.1082 -34.22 150.64 -0.235 -0.052 2.100 0.100 0.080 0.456
2003.1356 -34.22 150.64 0.164 0.024 -1.365 0.093 0.074 0.425
2003.1630 -34.22 150.64 0.296 0.065 -0.491 0.099 0.080 0.450
2003.1904 -34.22 150.64 0.218 -0.305 -4.231 0.116 0.091 0.520
2003.2178 -34.22 150.64 0.289 -0.096 -3.063 0.098 0.079 0.444
2003.2452 -34.22 150.64 0.066 0.082 -1.146 0.095 0.078 0.435
2003.2726 -34.22 150.64 0.085 0.012 -0.682 0.093 0.076 0.424
2003.3000 -34.22 150.64 -0.108 -0.217 -0.487 0.091 0.075 0.416
2003.3274 -34.22 150.64 0.137 -0.589 -1.983 0.118 0.098 0.534
2003.3548 -34.22 150.64 0.305 -0.337 -0.489 0.129 0.109 0.581
2003.3822 -34.22 150.64 0.104 -0.040 1.438 0.118 0.094 0.529
2003.5192 -34.22 150.64 0.086 0.006 -4.349 0.123 0.106 0.554
2003.5466 -34.22 150.64 0.154 -0.088 -2.857 0.135 0.118 0.610
2003.5740 -34.22 150.64 -0.100 -0.295 -2.429 0.157 0.138 0.705
2003.6014 -34.22 150.64 -0.262 -0.332 -1.635 0.135 0.118 0.610
2003.6288 -34.22 150.64 -0.255 -0.231 0.683 0.129 0.111 0.580
2003.6562 -34.22 150.64 -0.152 -0.487 -0.785 0.138 0.119 0.618
2003.6836 -34.22 150.64 -0.524 -0.303 -2.064 0.136 0.118 0.610
2003.7110 -34.22 150.64 -0.382 0.002 -0.799 0.107 0.090 0.485
2003.7384 -34.22 150.64 -0.683 -0.323 0.074 0.129 0.111 0.580
2003.7658 -34.22 150.64 -0.241 -0.089 0.514 0.119 0.102 0.535
2003.7932 -34.22 150.64 -0.422 0.026 -1.441 0.132 0.114 0.594
2003.8205 -34.22 150.64 -0.399 -0.291 -0.172 0.143 0.120 0.635
2003.8479 -34.22 150.64 -0.346 -0.274 -1.827 0.127 0.102 0.557
2003.8753 -34.22 150.64 -0.512 -0.090 -0.038 0.132 0.112 0.590
2003.9027 -34.22 150.64 -0.527 -0.517 -0.619 0.121 0.100 0.540
2003.9301 -34.22 150.64 -0.323 -0.271 -1.162 0.126 0.105 0.561
2003.9575 -34.22 150.64 -0.316 -0.392 -2.540 0.141 0.120 0.626
2003.9849 -34.22 150.64 -0.236 -0.590 -2.132 0.134 0.112 0.594
2004.0123 -34.22 150.64 -0.338 -0.175 -2.132 0.144 0.120 0.635
2004.0397 -34.22 150.64 -0.172 0.005 -3.100 0.123 0.095 0.539
2004.0945 -34.22 150.64 -0.013 -0.237 -3.289 0.114 0.089 0.505
2004.1219 -34.22 150.64 -0.000 -0.158 -2.505 0.122 0.098 0.535
2004.1493 -34.22 150.64 -0.174 -0.447 -1.742 0.143 0.116 0.624
2004.1767 -34.22 150.64 -0.084 -0.362 -1.874 0.152 0.125 0.663
2004.2041 -34.22 150.64 0.185 -0.006 -1.237 0.125 0.100 0.545
2004.2315 -34.22 150.64 0.268 -0.118 -0.994 0.127 0.101 0.552
2004.2589 -34.22 150.64 0.223 -0.305 -1.006 0.131 0.104 0.569
2004.2863 -34.22 150.64 0.123 0.166 -1.108 0.132 0.104 0.571
2004.3137 -34.22 150.64 0.026 0.315 -1.188 0.125 0.098 0.543
2004.3411 -34.22 150.64 0.258 0.096 0.355 0.137 0.108 0.592
2004.3685 -34.22 150.64 0.175 0.207 -0.415 0.133 0.103 0.574
2004.3959 -34.22 150.64 0.084 -0.073 -1.762 0.117 0.090 0.508
2004.4233 -34.22 150.64 0.169 -0.148 -2.047 0.112 0.086 0.488
2004.4507 -34.22 150.64 0.258 0.017 -0.715 0.100 0.076 0.436
2004.4781 -34.22 150.64 0.184 0.141 0.353 0.110 0.084 0.475
2004.5055 -34.22 150.64 0.114 0.296 0.811 0.107 0.082 0.465
2004.5329 -34.22 150.64 -0.035 0.209 0.474 0.101 0.077 0.442
2004.5603 -34.22 150.64 -0.166 0.236 1.376 0.104 0.079 0.452
2004.5877 -34.22 150.64 -0.256 -0.108 -0.511 0.105 0.080 0.457
2004.6151 -34.22 150.64 -0.449 0.168 1.303 0.116 0.088 0.502
2004.6425 -34.22 150.64 -0.461 -0.022 1.341 0.099 0.075 0.433
2004.6699 -34.22 150.64 -0.426 -0.139 0.906 0.099 0.075 0.435
2004.6973 -34.22 150.64 -0.315 0.241 -1.864 0.093 0.071 0.411
2004.7247 -34.22 150.64 -0.616 0.164 -1.534 0.106 0.081 0.464
2004.7521 -34.22 150.64 -0.337 -0.068 -0.926 0.102 0.078 0.448
2004.7795 -34.22 150.64 -0.515 -0.132 -0.667 0.100 0.076 0.435
2004.8068 -34.22 150.64 -0.641 0.147 -1.158 0.110 0.083 0.477
2004.8342 -34.22 150.64 -0.257 0.096 -0.528 0.109 0.082 0.471
2004.8616 -34.22 150.64 -0.204 -0.013 0.769 0.096 0.073 0.423
2004.8890 -34.22 150.64 -0.399 -0.256 -0.093 0.096 0.074 0.423
2004.9164 -34.22 150.64 -0.416 0.093 0.037 0.105 0.080 0.456
2004.9438 -34.22 150.64 -0.317 -0.356 0.834 0.116 0.089 0.507
2004.9712 -34.22 150.64 -0.237 -0.077 0.494 0.105 0.081 0.456
2004.9973 -34.22 150.64 -0.008 -0.418 0.515 0.102 0.078 0.445
2005.0233 -34.22 150.64 0.217 0.307 -1.126 0.117 0.092 0.508
2005.0507 -34.22 150.64 0.053 -0.575 -1.375 0.169 0.140 0.735
2005.0781 -34.22 150.64 -0.066 0.003 0.742 0.130 0.104 0.565
2005.1055 -34.22 150.64 -0.148 0.081 -0.152 0.129 0.104 0.561
2005.1329 -34.22 150.64 -0.135 -0.202 -0.921 0.132 0.107 0.576
2005.1603 -34.22 150.64 -0.282 0.192 -1.946 0.118 0.094 0.518
2005.1877 -34.22 150.64 -0.267 -0.090 -0.697 0.120 0.093 0.520
2005.2151 -34.22 150.64 0.057 -0.177 -1.130 0.113 0.087 0.493
2005.2425 -34.22 150.64 0.089 -0.156 -2.981 0.109 0.086 0.478
2005.2699 -34.22 150.64 -0.177 0.037 -1.412 0.116 0.092 0.509
2005.2973 -34.22 150.64 -0.134 0.097 -0.972 0.122 0.098 0.535
2005.3247 -34.22 150.64 -0.002 0.179 -1.289 0.129 0.103 0.563
2005.3521 -34.22 150.64 0.079 0.327 -2.084 0.057 0.045 0.274
2005.3795 -34.22 150.64 -0.038 0.153 0.295 0.121 0.097 0.531
2005.4068 -34.22 150.64 -0.117 -0.094 0.193 0.111 0.088 0.490
2005.4342 -34.22 150.64 -0.109 0.472 0.005 0.127 0.101 0.560
2005.4616 -34.22 150.64 0.217 0.184 -0.142 0.115 0.092 0.510
2005.4890 -34.22 150.64 0.026 0.147 0.656 0.110 0.088 0.485
2005.5164 -34.22 150.64 -0.113 0.004 -1.763 0.109 0.088 0.484
2005.5438 -34.22 150.64 0.021 -0.280 -3.166 0.118 0.096 0.523
2005.5712 -34.22 150.64 -0.179 -0.006 -2.032 0.128 0.105 0.567
2005.5986 -34.22 150.64 -0.194 -0.210 -0.736 0.131 0.108 0.580
2005.6260 -34.22 150.64 -0.230 0.119 -2.509 0.116 0.095 0.516
2005.6534 -34.22 150.64 -0.323 -0.137 -0.416 0.122 0.101 0.543
2005.6808 -34.22 150.64 -0.509 -0.202 -1.357 0.120 0.099 0.534
2005.7082 -34.22 150.64 -0.396 -0.253 -2.913 0.145 0.122 0.640
2005.7356 -34.22 150.64 -0.343 -0.278 -2.781 0.127 0.107 0.566
2005.7630 -34.22 150.64 -0.542 0.050 -0.992 0.128 0.107 0.569
2005.7904 -34.22 150.64 -0.343 0.160 0.612 0.120 0.100 0.536
2005.8178 -34.22 150.64 -0.294 -0.244 -2.003 0.123 0.104 0.549
2005.8452 -34.22 150.64 -0.181 -0.395 -2.249 0.132 0.111 0.589
2005.8726 -34.22 150.64 -0.451 -0.495 -0.610 0.114 0.096 0.513
2005.9000 -34.22 150.64 -0.324 -0.102 1.324 0.112 0.093 0.501
2005.9274 -34.22 150.64 -0.163 -0.169 -2.486 0.118 0.091 0.520
2005.9548 -34.22 150.64 -0.299 -0.482 2.089 0.115 0.089 0.528
2005.9822 -34.22 150.64 -0.368 0.098 3.187 0.111 0.088 0.498
2006.0096 -34.22 150.64 -0.312 0.150 0.851 0.120 0.099 0.536
2006.0370 -34.22 150.64 -0.272 -0.127 0.169 0.150 0.126 0.668
2006.0644 -34.22 150.64 0.263 0.087 -0.520 0.153 0.128 0.679
2006.0918 -34.22 150.64 -0.073 -0.528 -0.587 0.151 0.128 0.675
2006.1192 -34.22 150.64 -0.136 -0.354 0.492 0.171 0.147 0.760
2006.1466 -34.22 150.64 0.017 -0.274 -0.344 0.135 0.115 0.604
2006.1740 -34.22 150.64 -0.021 -0.040 -0.648 0.150 0.131 0.674
2006.2014 -34.22 150.64 -0.036 -0.225 -2.348 0.118 0.100 0.530
2006.2288 -34.22 150.64 0.113 -0.076 -1.727 0.151 0.133 0.679
2006.2562 -34.22 150.64 0.017 -0.367 -2.471 0.142 0.125 0.638
2006.2836 -34.22 150.64 -0.048 -0.330 0.519 0.139 0.122 0.626
2006.3110 -34.22 150.64 -0.090 0.076 0.949 0.148 0.131 0.667
2006.3384 -34.22 150.64 0.020 -0.165 0.164 0.134 0.119 0.607
2006.3658 -34.22 150.64 0.125 0.022 -0.241 0.149 0.132 0.670
2006.3932 -34.22 150.64 0.160 0.008 0.472 0.146 0.130 0.660
2006.4205 -34.22 150.64 0.142 -0.359 1.401 0.147 0.130 0.664
2006.4479 -34.22 150.64 0.016 0.088 0.045 0.162 0.138 0.723
2006.4753 -34.22 150.64 -0.006 0.107 -1.071 0.164 0.144 0.736
2006.5027 -34.22 150.64 -0.310 0.315 0.013 0.170 0.150 0.764
2006.5301 -34.22 150.64 -0.257 0.383 0.641 0.201 0.180 0.904
2006.5575 -34.22 150.64 -0.036 0.424 0.659 0.160 0.143 0.723
2006.5849 -34.22 150.64 -0.184 0.404 -1.234 0.165 0.147 0.743
2006.6123 -34.22 150.64 -0.131 0.632 -0.218 0.202 0.183 0.909
2006.6397 -34.22 150.64 -0.170 0.294 -0.670 0.172 0.154 0.774
2006.6671 -34.22 150.64 -0.430 0.474 -0.026 0.156 0.139 0.706
2006.6945 -34.22 150.64 -0.369 -0.117 -0.262 0.199 0.179 0.894
2006.7219 -34.22 150.64 -0.345 0.455 -0.391 0.187 0.165 0.841
2006.7493 -34.22 150.64 -0.411 0.266 2.232 0.223 0.198 0.997
2006.7767 -34.22 150.64 -0.510 0.102 1.952 0.193 0.173 0.868
2006.8041 -34.22 150.64 -0.377 0.631 1.904 0.156 0.138 0.703
2006.8315 -34.22 150.64 -0.202 0.246 2.250 0.181 0.161 0.814
2006.8589 -34.22 150.64 -0.254 0.380 4.611 0.176 0.156 0.793
2006.8863 -34.22 150.64 -0.384 0.370 3.147 0.169 0.149 0.761
2006.9137 -34.22 150.64 -0.121 0.544 2.377 0.165 0.144 0.739
2006.9411 -34.22 150.64 -0.375 0.251 4.353 0.162 0.141 0.727
2006.9685 -34.22 150.64 -0.292 0.043 4.458 0.162 0.138 0.723
2006.9959 -34.22 150.64 0.032 0.204 4.014 0.161 0.135 0.718
2007.0233 -34.22 150.64 -0.089 0.455 2.509 0.150 0.124 0.668
2007.0507 -34.22 150.64 -0.023 -0.016 2.945 0.157 0.130 0.696
2007.0781 -34.22 150.64 0.153 0.192 2.301 0.160 0.138 0.717
2007.1055 -34.22 150.64 0.214 -0.080 1.952 0.143 0.123 0.642
2007.1329 -34.22 150.64 0.195 -0.216 0.662 0.156 0.134 0.699
2007.1603 -34.22 150.64 -0.021 0.459 -0.254 0.148 0.129 0.666
2007.1877 -34.22 150.64 -0.013 0.212 -1.164 0.190 0.170 0.855
2007.2151 -34.22 150.64 -0.138 -0.170 -1.400 0.170 0.151 0.764
2007.2425 -34.22 150.64 0.171 0.205 -1.596 0.163 0.145 0.735
2007.2699 -34.22 150.64 -0.115 -0.359 0.406 0.131 0.113 0.591
2007.2973 -34.22 150.64 -0.098 0.121 2.507 0.124 0.106 0.558
2007.3247 -34.22 150.64 0.004 0.152 0.173 0.150 0.132 0.678
2007.3521 -34.22 150.64 -0.094 0.096 0.523 0.164 0.146 0.740
2007.3795 -34.22 150.64 0.085 -0.119 1.604 0.172 0.154 0.776
2007.4068 -34.22 150.64 0.101 0.035 0.302 0.144 0.127 0.650
2007.4342 -34.22 150.64 0.223 0.115 1.218 0.138 0.120 0.623
2007.4616 -34.22 150.64 0.494 0.409 0.991 0.180 0.161 0.810
2007.4890 -34.22 150.64 0.276 0.021 -1.022 0.139 0.120 0.626
2007.5164 -34.22 150.64 0.225 -0.149 -1.268 0.146 0.128 0.660
2007.5438 -34.22 150.64 0.127 0.201 -0.617 0.142 0.124 0.641
2007.5712 -34.22 150.64 -0.052 0.037 -0.008 0.146 0.127 0.658
2007.5986 -34.22 150.64 -0.079 0.247 0.431 0.178 0.157 0.800
2007.6260 -34.22 150.64 0.105 0.193 -0.515 0.146 0.127 0.657
2007.6534 -34.22 150.64 -0.093 0.142 2.079 0.148 0.129 0.667
2007.6808 -34.22 150.64 -0.261 0.123 1.053 0.156 0.135 0.701
2007.7082 -34.22 150.64 -0.090 0.034 0.474 0.117 0.097 0.526
2007.7356 -34.22 150.64 -0.354 0.344 -0.569 0.160 0.138 0.718
2007.7630 -34.22 150.64 -0.430 0.105 -1.026 0.124 0.103 0.559
2007.7904 -34.22 150.64 -0.262 0.106 0.736 0.158 0.137 0.707
2007.8178 -34.22 150.64 -0.293 0.468 1.112 0.181 0.159 0.811
2007.8452 -34.22 150.64 -0.192 0.219 0.512 0.148 0.128 0.666
2007.8726 -34.22 150.64 -0.149 0.517 2.651 0.172 0.150 0.772
2007.9000 -34.22 150.64 -0.559 0.288 2.201 0.184 0.155 0.813
2007.9274 -34.22 150.64 -0.244 0.228 1.457 0.178 0.157 0.801
2007.9548 -34.22 150.64 -0.113 0.119 1.630 0.134 0.117 0.607
2007.9822 -34.22 150.64 0.351 -0.204 1.968 0.164 0.145 0.742
2008.0096 -34.22 150.64 0.377 0.197 1.341 0.144 0.127 0.654
2008.0370 -34.22 150.64 0.363 0.123 0.906 0.148 0.132 0.672
2008.0644 -34.22 150.64 0.584 0.346 -0.335 0.171 0.153 0.771
2008.0918 -34.22 150.64 0.368 -0.009 1.536 0.138 0.120 0.624
2008.1192 -34.22 150.64 0.578 0.124 0.817 0.161 0.144 0.727
2008.1466 -34.22 150.64 0.561 0.159 0.085 0.186 0.168 0.842
2008.1740 -34.22 150.64 0.458 -0.096 0.423 0.163 0.146 0.739
2008.2014 -34.22 150.64 0.151 0.583 -0.506 0.174 0.158 0.789
2008.2288 -34.22 150.64 0.325 -0.091 -3.399 0.204 0.181 0.921
2008.2562 -34.22 150.64 0.267 0.106 -0.794 0.190 0.170 0.858
2008.2836 -34.22 150.64 0.202 0.115 -0.151 0.229 0.204 1.029
2008.3110 -34.22 150.64 0.209 0.209 0.224 0.236 0.211 1.060
2008.3384 -34.22 150.64 0.140 0.523 -0.594 0.175 0.156 0.788
2008.3658 -34.22 150.64 0.195 0.406 0.110 0.179 0.158 0.804
2008.3932 -34.22 150.64 0.387 0.056 -0.428 0.163 0.142 0.734
2008.4205 -34.22 150.64 0.425 0.393 1.822 0.143 0.124 0.643
2008.4479 -34.22 150.64 0.316 0.363 1.049 0.145 0.127 0.651
2008.4753 -34.22 150.64 0.340 0.513 0.181 0.140 0.122 0.633
2008.5027 -34.22 150.64 0.228 0.440 1.317 0.172 0.149 0.770
2008.5301 -34.22 150.64 0.144 0.646 2.377 0.213 0.186 0.953
2008.5575 -34.22 150.64 0.262 0.759 1.969 0.140 0.118 0.626
2008.5849 -34.22 150.64 0.268 0.340 3.171 0.157 0.137 0.704
2008.6123 -34.22 150.64 0.044 0.377 2.518 0.132 0.112 0.593
2008.6397 -34.22 150.64 0.083 0.401 1.927 0.144 0.124 0.647
2008.6671 -34.22 150.64 0.309 0.197 0.564 0.139 0.119 0.622
2008.6945 -34.22 150.64 -0.055 0.221 0.087 0.134 0.115 0.603
2008.7219 -34.22 150.64 -0.004 0.446 -0.834 0.154 0.134 0.690
2008.7493 -34.22 150.64 -0.045 0.330 1.161 0.139 0.121 0.628
2008.7767 -34.22 150.64 -0.021 0.490 0.765 0.162 0.143 0.728
2008.8041 -34.22 150.64 0.089 0.378 1.327 0.163 0.145 0.733
2008.8315 -34.22 150.64 0.170 0.409 1.749 0.184 0.163 0.828
2008.8589 -34.22 150.64 -0.071 0.379 2.194 0.214 0.192 0.965
2008.8863 -34.22 150.64 -0.037 -0.020 1.629 0.206 0.184 0.926
2008.9137 -34.22 150.64 0.133 0.538 2.493 0.196 0.176 0.883
2008.9411 -34.22 150.64 0.044 0.183 -0.017 0.205 0.183 0.925
2008.9685 -34.22 150.64 0.202 0.073 1.549 0.192 0.170 0.866
2008.9945 -34.22 150.64 0.191 0.217 3.026 0.162 0.145 0.735
2009.0205 -34.22 150.64 0.484 -0.196 1.605 0.159 0.144 0.723
2009.0479 -34.22 150.64 0.411 0.016 2.359 0.160 0.144 0.724
2009.0753 -34.22 150.64 0.217 -0.196 1.151 0.153 0.137 0.696
2009.1027 -34.22 150.64 0.743 -0.215 0.422 0.190 0.172 0.862
2009.1301 -34.22 150.64 0.685 -0.036 -0.322 0.152 0.136 0.690
2009.1575 -34.22 150.64 0.547 -0.088 -3.909 0.155 0.138 0.704
2009.1849 -34.22 150.64 0.254 -0.050 -0.147 0.177 0.160 0.802
2009.2123 -34.22 150.64 0.435 0.256 -2.932 0.154 0.134 0.692
2009.2397 -34.22 150.64 0.222 0.538 -2.193 0.173 0.155 0.781
2009.2671 -34.22 150.64 0.467 0.685 -1.462 0.145 0.129 0.657
2009.2945 -34.22 150.64 0.459 0.441 -2.482 0.148 0.132 0.672
2009.3219 -34.22 150.64 0.369 0.412 -2.574 0.155 0.138 0.701
2009.3493 -34.22 150.64 0.375 0.594 1.122 0.142 0.126 0.644
2009.3767 -34.22 150.64 0.404 0.421 2.360 0.150 0.132 0.676
2009.4041 -34.22 150.64 0.513 0.508 2.926 0.133 0.115 0.599
2009.4315 -34.22 150.64 0.483 0.572 1.400 0.151 0.134 0.683
2009.4589 -34.22 150.64 0.358 0.297 2.157 0.129 0.111 0.583
2009.4863 -34.22 150.64 0.157 -0.021 1.369 0.142 0.122 0.639
2009.5137 -34.22 150.64 0.124 0.343 1.478 0.137 0.115 0.613
2009.5411 -34.22 150.64 0.143 0.425 1.348 0.168 0.144 0.750
2009.5685 -34.22 150.64 -0.097 0.692 2.018 0.181 0.154 0.807
2009.5959 -34.22 150.64 -0.209 0.926 0.953 0.159 0.134 0.709
2009.6233 -34.22 150.64 -0.334 0.900 1.087 0.163 0.141 0.732
2009.6507 -34.22 150.64 -0.191 0.902 1.198 0.157 0.136 0.706
2009.6781 -34.22 150.64 -0.249 0.593 1.021 0.168 0.147 0.754
2009.7055 -34.22 150.64 -0.203 0.438 2.512 0.174 0.153 0.780
2009.7329 -34.22 150.64 -0.422 0.425 1.756 0.168 0.148 0.754
2009.7603 -34.22 150.64 -0.196 0.390 1.149 0.191 0.169 0.858
2009.7877 -34.22 150.64 -0.258 0.395 2.907 0.176 0.156 0.793
2009.8151 -34.22 150.64 -0.177 0.282 2.146 0.189 0.168 0.849
2009.8425 -34.22 150.64 -0.397 0.400 2.203 0.172 0.152 0.774
2009.8699 -34.22 150.64 -0.176 0.349 4.452 0.164 0.145 0.741
2009.8973 -34.22 150.64 -0.201 0.491 3.622 0.154 0.136 0.694
2009.9247 -34.22 150.64 -0.413 0.436 6.054 0.155 0.133 0.694
2009.9521 -34.22 150.64 -0.201 0.198 3.591 0.144 0.126 0.651
2009.9795 -34.22 150.64 -0.095 0.116 3.610 0.148 0.130 0.669
2010.0068 -34.22 150.64 0.275 0.224 2.346 0.186 0.166 0.839
2010.0342 -34.22 150.64 0.222 0.241 0.692 0.146 0.128 0.661
2010.0616 -34.22 150.64 -0.240 0.049 1.183 0.150 0.131 0.676
2010.0890 -34.22 150.64 0.214 -0.094 1.315 0.178 0.159 0.802
2010.1164 -34.22 150.64 0.178 -0.029 1.710 0.184 0.164 0.828
2010.1438 -34.22 150.64 0.419 -0.335 0.255 0.178 0.157 0.800
2010.1712 -34.22 150.64 0.287 0.138 -0.868 0.170 0.150 0.766
2010.1986 -34.22 150.64 -0.152 -0.063 -1.057 0.163 0.143 0.734
2010.2260 -34.22 150.64 0.230 -0.203 -0.916 0.178 0.157 0.801
2010.2534 -34.22 150.64 0.399 -0.032 0.098 0.184 0.161 0.825
2010.2808 -34.22 150.64 0.161 -0.041 -2.002 0.143 0.123 0.641
2010.3082 -34.22 150.64 0.468 -0.119 0.432 0.149 0.129 0.670
2010.3356 -34.22 150.64 0.461 0.235 0.545 0.137 0.116 0.616
2010.3630 -34.22 150.64 0.321 0.218 1.836 0.146 0.122 0.652
2010.3904 -34.22 150.64 0.235 0.275 1.592 0.152 0.119 0.663
2010.4178 -34.22 150.64 0.093 0.172 3.300 0.155 0.130 0.691
2010.4452 -34.22 150.64 0.575 0.001 1.140 0.138 0.116 0.618
2010.4726 -34.22 150.64 0.156 0.361 -0.145 0.125 0.103 0.560
2010.5000 -34.22 150.64 0.462 0.284 -0.644 0.140 0.118 0.626
2010.5274 -34.22 150.64 0.472 0.082 -0.632 0.212 0.190 0.953
2010.5548 -34.22 150.64 0.614 0.305 -0.873 0.138 0.121 0.623
2010.5822 -34.22 150.64 0.379 0.179 -1.013 0.125 0.109 0.566
2010.6096 -34.22 150.64 0.239 0.119 -1.168 0.159 0.142 0.719
2010.6370 -34.22 150.64 0.125 0.071 -1.924 0.143 0.126 0.646
2010.6644 -34.22 150.64 0.367 -0.098 -2.188 0.134 0.118 0.608
2010.6918 -34.22 150.64 -0.146 -0.059 -1.432 0.160 0.143 0.722
2010.7192 -34.22 150.64 -0.143 -0.263 -0.823 0.149 0.133 0.674
2010.7466 -34.22 150.64 0.102 -0.158 0.910 0.172 0.154 0.775
2010.7740 -34.22 150.64 -0.048 0.105 -1.023 0.142 0.125 0.643
2010.8014 -34.22 150.64 0.037 0.058 -1.564 0.135 0.119 0.612
2010.8288 -34.22 150.64 -0.144 0.328 -0.611 0.153 0.136 0.691
2010.8562 -34.22 150.64 0.184 -0.254 -0.217 0.151 0.134 0.680
2010.8836 -34.22 150.64 0.386 -0.091 -2.291 0.141 0.123 0.636
2010.9110 -34.22 150.64 0.355 0.069 -3.288 0.153 0.135 0.689
2010.9384 -34.22 150.64 0.345 -0.105 -1.751 0.158 0.140 0.713
2010.9658 -34.22 150.64 0.475 -0.347 -1.571 0.173 0.154 0.779
2010.9932 -34.22 150.64 0.209 0.198 -2.751 0.153 0.097 0.631
2011.1027 -34.22 150.64 0.564 -0.801 -2.878 0.149 0.115 0.653
2011.1301 -34.22 150.64 0.532 -0.866 -2.326 0.208 0.182 0.928
2011.1575 -34.22 150.64 0.438 -0.937 -2.143 0.142 0.121 0.637
2011.1849 -34.22 150.64 0.474 -0.997 -3.428 0.116 0.096 0.520
2011.2123 -34.22 150.64 0.328 -1.017 -4.695 0.177 0.156 0.792
2011.2397 -34.22 150.64 0.553 -0.984 -5.552 0.183 0.162 0.821
2011.2671 -34.22 150.64 0.570 -1.072 -4.153 0.150 0.131 0.674
2011.2945 -34.22 150.64 0.565 -0.778 -2.312 0.172 0.153 0.775
2011.3219 -34.22 150.64 0.306 -0.436 -2.897 0.162 0.144 0.729
2011.3493 -34.22 150.64 0.372 -0.300 -1.080 0.147 0.129 0.661
2011.3767 -34.22 150.64 0.511 -0.241 -1.655 0.170 0.151 0.763
2011.4041 -34.22 150.64 0.518 0.001 -1.778 0.151 0.132 0.681
2011.4315 -34.22 150.64 0.594 -0.036 -1.108 0.161 0.129 0.706
2011.5137 -34.22 150.64 0.424 -0.438 -3.094 0.144 0.120 0.641
2011.5411 -34.22 150.64 0.605 -0.524 -1.633 0.149 0.129 0.668
2011.5685 -34.22 150.64 0.139 -0.175 0.000 0.147 0.125 0.657
2011.5959 -34.22 150.64 -0.092 -0.527 -1.046 0.156 0.135 0.698
2011.6233 -34.22 150.64 0.324 -0.690 0.093 0.157 0.134 0.702
2011.6507 -34.22 150.64 0.084 -0.339 -0.996 0.182 0.159 0.812
2011.6781 -34.22 150.64 -0.040 -0.200 -0.462 0.169 0.148 0.756
2011.7055 -34.22 150.64 0.081 0.017 -0.240 0.169 0.149 0.756
2011.7329 -34.22 150.64 0.046 0.065 -0.078 0.193 0.173 0.867
2011.7603 -34.22 150.64 -0.053 0.128 -2.733 0.167 0.148 0.750
2011.7877 -34.22 150.64 0.047 0.296 -1.195 0.177 0.158 0.795
2011.8151 -34.22 150.64 0.030 -0.232 -0.502 0.174 0.154 0.782
2011.8425 -34.22 150.64 -0.120 -0.498 -1.571 0.187 0.168 0.841
2011.8699 -34.22 150.64 -0.142 -0.211 2.463 0.185 0.158 0.820
2011.9521 -34.22 150.64 0.600 -0.700 -2.110 0.132 0.094 0.565
2011.9795 -34.22 150.64 0.469 -0.565 1.187 0.153 0.133 0.683
2012.0068 -34.22 150.64 0.425 -0.585 0.243 0.144 0.122 0.639
2012.0342 -34.22 150.64 0.314 -0.356 -1.334 0.171 0.144 0.755
2012.0616 -34.22 150.64 0.410 -0.268 -1.000 0.150 0.127 0.662
2012.0890 -34.22 150.64 0.534 -0.486 -1.461 0.148 0.124 0.654
2012.1164 -34.22 150.64 0.750 -0.419 -1.625 0.147 0.119 0.645
2012.1438 -34.22 150.64 0.430 -0.241 -1.511 0.151 0.124 0.661
2012.1712 -34.22 150.64 0.300 -0.396 -4.347 0.147 0.116 0.640
2012.1986 -34.22 150.64 0.271 -0.775 -3.933 0.133 0.106 0.581
2012.2260 -34.22 150.64 0.442 -0.702 -6.032 0.135 0.107 0.590
2012.2534 -34.22 150.64 0.628 -0.832 -4.961 0.131 0.105 0.573
2012.2808 -34.22 150.64 0.560 -0.509 -4.133 0.122 0.098 0.534
2012.3082 -34.22 150.64 0.539 -0.136 -3.131 0.156 0.096 0.632
2012.3904 -34.22 150.64 0.507 -0.451 -2.388 0.155 0.117 0.671
2012.4178 -34.22 150.64 0.561 -0.520 -2.373 0.113 0.089 0.496
2012.4452 -34.22 150.64 0.581 -0.690 -1.488 0.112 0.088 0.492
2012.4726 -34.22 150.64 0.570 -0.350 -2.751 0.120 0.096 0.525
2012.5000 -34.22 150.64 0.647 -0.379 -2.321 0.115 0.091 0.503
2012.5274 -34.22 150.64 0.478 -0.079 -1.360 0.122 0.096 0.533
2012.5548 -34.22 150.64 0.431 -0.128 -1.329 0.121 0.096 0.532
2012.5822 -34.22 150.64 0.012 -0.146 -2.650 0.127 0.103 0.556
2012.6096 -34.22 150.64 -0.021 0.151 -2.597 0.126 0.102 0.552
2012.6370 -34.22 150.64 0.251 -0.102 -1.743 0.116 0.095 0.512
2012.6644 -34.22 150.64 0.110 0.142 -2.655 0.126 0.104 0.555
2012.6918 -34.22 150.64 0.014 -0.107 -2.220 0.129 0.108 0.572
2012.7192 -34.22 150.64 -0.245 0.035 -0.928 0.153 0.131 0.679
2012.7466 -34.22 150.64 -0.284 -0.123 -1.181 0.122 0.084 0.519
2012.8562 -34.22 150.64 -0.325 -0.390 0.774 0.160 0.137 0.713
2012.8836 -34.22 150.64 -0.290 -0.221 2.292 0.148 0.131 0.667
2012.9110 -34.22 150.64 -0.148 0.164 1.191 0.141 0.125 0.634
2012.9384 -34.22 150.64 -0.400 -0.252 -0.653 0.138 0.118 0.618
2012.9658 -34.22 150.64 -0.087 -0.734 1.181 0.150 0.135 0.678
2012.9918 -34.22 150.64 -0.467 -0.173 2.560 0.077 0.066 0.355
2013.0178 -34.22 150.64 -0.348 -0.056 0.874 0.089 0.078 0.409
2013.0452 -34.22 150.64 -0.158 -0.591 2.070 0.089 0.078 0.408
2013.0726 -34.22 150.64 -0.286 -0.351 1.204 0.082 0.072 0.379
2013.1000 -34.22 150.64 0.102 -0.630 0.058 0.084 0.073 0.388
2013.1274 -34.22 150.64 0.104 0.148 -2.676 0.079 0.068 0.364
2013.1548 -34.22 150.64 0.186 0.050 0.307 0.077 0.061 0.349
2013.2644 -34.22 150.64 0.712 -0.320 -2.887 0.094 0.044 0.366
2013.2918 -34.22 150.64 0.406 0.084 -0.104 0.081 0.070 0.372
2013.3192 -34.22 150.64 0.785 0.351 -0.511 0.088 0.078 0.407
2013.3466 -34.22 150.64 0.388 0.083 0.394 0.091 0.080 0.417
2013.3740 -34.22 150.64 -0.007 0.166 1.660 0.078 0.069 0.364
2013.4014 -34.22 150.64 0.160 0.267 2.935 0.081 0.071 0.374
2013.4288 -34.22 150.64 0.260 -0.211 0.787 0.072 0.062 0.336
2013.4562 -34.22 150.64 0.256 -0.197 -2.250 0.073 0.063 0.341
2013.4836 -34.22 150.64 0.225 -0.315 -0.206 0.075 0.065 0.348
2013.5110 -34.22 150.64 0.198 -0.467 -1.346 0.084 0.073 0.386
2013.5384 -34.22 150.64 0.086 -0.506 -0.550 0.084 0.069 0.380
2013.5658 -34.22 150.64 -0.100 -0.039 1.883 0.086 0.075 0.395
2013.7575 -34.22 150.64 -0.463 0.140 0.639 0.083 0.069 0.380
2013.7849 -34.22 150.64 -0.531 -0.100 0.085 0.085 0.072 0.389
2013.8123 -34.22 150.64 -0.258 -0.034 1.488 0.078 0.066 0.359
2013.8397 -34.22 150.64 -0.010 -0.130 1.120 0.079 0.067 0.363
2013.8671 -34.22 150.64 -0.211 -0.215 1.751 0.085 0.071 0.385
2013.8945 -34.22 150.64 -0.072 -0.394 1.691 0.079 0.066 0.359
2013.9219 -34.22 150.64 -0.083 -0.203 2.748 0.071 0.058 0.327
2013.9493 -34.22 150.64 0.026 -0.010 3.142 0.075 0.062 0.343
2013.9767 -34.22 150.64 -0.311 -0.059 1.922 0.076 0.063 0.348
2014.0041 -34.22 150.64 -0.256 -0.337 1.503 0.073 0.061 0.337
2014.0315 -34.22 150.64 -0.324 0.065 1.341 0.076 0.063 0.347
2014.1685 -34.22 150.64 0.161 0.004 0.387 0.081 0.067 0.368
2014.1959 -34.22 150.64 -0.074 -0.171 0.365 0.081 0.070 0.372
2014.2233 -34.22 150.64 -0.133 0.446 2.406 0.077 0.066 0.355
2014.2507 -34.22 150.64 -0.033 -0.117 0.905 0.071 0.061 0.329
2014.2781 -34.22 150.64 0.027 0.412 -2.301 0.075 0.065 0.347
2014.3055 -34.22 150.64 -0.147 0.065 -1.159 0.072 0.062 0.334
2014.3329 -34.22 150.64 -0.173 0.261 0.278 0.060 0.050 0.282
2014.3603 -34.22 150.64 0.091 -0.568 -1.202 0.067 0.058 0.314
2014.3877 -34.22 150.64 0.023 0.189 0.650 0.067 0.058 0.315
2014.4151 -34.22 150.64 -0.095 -0.547 1.913 0.067 0.057 0.313
2014.4425 -34.22 150.64 0.009 -0.288 0.471 0.071 0.061 0.330
2014.4699 -34.22 150.64 0.173 -0.511 0.672 0.071 0.060 0.328
2014.5795 -34.22 150.64 -0.185 0.021 -0.109 0.065 0.048 0.299
2014.6068 -34.22 150.64 -0.164 0.110 0.626 0.063 0.052 0.294
2014.6342 -34.22 150.64 -0.215 -0.100 1.411 0.058 0.047 0.272
2014.6616 -34.22 150.64 -0.109 -0.314 1.051 0.064 0.053 0.297
2014.6890 -34.22 150.64 -0.274 -0.236 1.749 0.062 0.052 0.290
2014.7164 -34.22 150.64 -0.433 0.490 1.485 0.061 0.051 0.285
2014.7438 -34.22 150.64 -0.295 -0.199 1.535 0.066 0.055 0.305
2014.7712 -34.22 150.64 -0.227 -0.141 2.886 0.065 0.055 0.302
2014.7986 -34.22 150.64 -0.377 -0.183 1.118 0.058 0.048 0.274
2014.8260 -34.22 150.64 -0.598 -0.157 0.429 0.058 0.048 0.273
2014.8534 -34.22 150.64 -0.611 0.376 2.885 0.062 0.050 0.286
2014.8808 -34.22 150.64 -0.559 0.039 1.878 0.062 0.050 0.287
2014.9082 -34.22 150.64 -0.306 0.217 0.143 0.063 0.051 0.292
2015.0452 -34.22 150.64 -0.174 0.166 1.162 0.048 0.037 0.230
2015.0726 -34.22 150.64 0.072 0.313 1.304 0.052 0.038 0.240
2015.1000 -34.22 150.64 0.062 -0.323 0.266 0.047 0.036 0.223
2015.1274 -34.22 150.64 0.116 -0.102 0.973 0.043 0.033 0.211
2015.1548 -34.22 150.64 -0.072 0.255 1.161 0.050 0.037 0.233
2015.1822 -34.22 150.64 -0.106 0.415 -0.154 0.047 0.036 0.224
2015.2096 -34.22 150.64 -0.446 0.046 1.070 0.062 0.048 0.283
2015.2370 -34.22 150.64 -0.099 0.117 0.687 0.067 0.055 0.306
2015.2644 -34.22 150.64 -0.177 0.131 1.427 0.059 0.049 0.277
2015.2918 -34.22 150.64 -0.146 0.345 0.157 0.059 0.049 0.280
2015.3192 -34.22 150.64 0.135 -0.079 -1.380 0.057 0.048 0.271
2015.3466 -34.22 150.64 -0.051 -0.021 -0.829 0.062 0.051 0.289
2015.4836 -34.22 150.64 -0.082 0.335 -1.098 0.059 0.040 0.268
2015.5110 -34.22 150.64 0.131 0.136 1.492 0.056 0.042 0.261
2015.5384 -34.22 150.64 0.006 0.353 3.733 0.061 0.047 0.282
2015.5658 -34.22 150.64 -0.156 0.592 3.914 0.061 0.050 0.284
2015.5932 -34.22 150.64 -0.189 0.340 -1.280 0.063 0.052 0.293
2015.6205 -34.22 150.64 -0.278 -0.086 -0.748 0.062 0.050 0.285
2015.6479 -34.22 150.64 -0.581 -0.168 -1.417 0.060 0.048 0.277
2015.6753 -34.22 150.64 -0.344 -0.387 -0.909 0.058 0.046 0.269
2015.7027 -34.22 150.64 -0.403 -0.266 0.456 0.062 0.051 0.289
2015.7301 -34.22 150.64 -0.556 -0.175 -1.062 0.063 0.050 0.290
2015.9493 -34.22 150.64 -0.438 -0.271 5.252 0.060 0.050 0.284
2015.9767 -34.22 150.64 -0.029 0.007 2.893 0.063 0.053 0.293
2016.0041 -34.22 150.64 0.039 -0.211 5.016 0.057 0.047 0.269
2016.0315 -34.22 150.64 0.049 0.218 2.669 0.055 0.045 0.258
2016.0589 -34.22 150.64 -0.131 0.364 -0.366 0.056 0.046 0.263
2016.0863 -34.22 150.64 0.052 -0.183 -1.476 0.051 0.042 0.245
2016.1137 -34.22 150.64 -0.189 -0.058 -0.220 0.057 0.046 0.267
2016.1411 -34.22 150.64 -0.432 -0.396 3.829 0.067 0.055 0.306
2016.1685 -34.22 150.64 -0.247 -0.406 2.251 0.071 0.061 0.328
2016.1959 -34.22 150.64 -0.067 -0.057 -0.460 0.070 0.061 0.326
2016.2233 -34.22 150.64 0.119 -0.159 2.901 0.071 0.063 0.331
2016.2507 -34.22 150.64 -0.280 -0.316 1.301 0.060 0.048 0.278
2016.3603 -34.22 150.64 -0.679 0.506 1.431 0.055 0.046 0.261
2016.3877 -34.22 150.64 -0.589 0.800 5.936 0.064 0.054 0.298
2016.4151 -34.22 150.64 -0.327 1.379 4.150 0.063 0.052 0.293
2016.4425 -34.22 150.64 -0.106 0.363 2.273 0.068 0.057 0.311
2016.4699 -34.22 150.64 0.091 0.715 -1.371 0.066 0.055 0.305
