2002.5877 36.73 -91.85 -0.432 -0.153 3.371 0.113 0.095 0.512
2002.6151 36.73 -91.85 -0.460 -0.147 2.198 0.109 0.092 0.490
2002.6425 36.73 -91.85 -0.279 -0.328 3.659 0.111 0.093 0.499
2002.6699 36.73 -91.85 -0.369 -1.122 1.885 0.096 0.081 0.437
2002.6973 36.73 -91.85 -0.548 -0.698 -0.095 0.163 0.074 0.616
2002.7247 36.73 -91.85 -0.669 -0.667 1.178 0.103 0.087 0.463
2002.7521 36.73 -91.85 -0.828 -0.350 2.608 0.095 0.081 0.432
2002.7795 36.73 -91.85 -1.042 -0.279 0.872 0.111 0.095 0.502
2002.8068 36.73 -91.85 -0.948 -0.129 3.625 0.099 0.083 0.446
2002.8342 36.73 -91.85 -1.002 0.217 0.605 0.097 0.082 0.440
2002.8616 36.73 -91.85 -1.249 0.321 -0.575 0.100 0.073 0.435
2002.8890 36.73 -91.85 -1.042 0.391 -0.128 0.099 0.083 0.444
2002.9164 36.73 -91.85 -1.078 0.405 0.734 0.106 0.087 0.475
2003.0260 36.73 -91.85 -1.112 0.358 -1.095 0.120 0.099 0.540
2003.0534 36.73 -91.85 -0.939 0.446 -2.412 0.193 0.164 0.858
2003.0808 36.73 -91.85 -1.238 0.217 -2.434 0.173 0.140 0.767
2003.1082 36.73 -91.85 -0.494 0.557 -1.084 0.101 0.082 0.459
2003.1356 36.73 -91.85 -0.637 0.358 -4.667 0.094 0.076 0.427
2003.1630 36.73 -91.85 -1.087 0.636 -4.255 0.100 0.082 0.452
2003.1904 36.73 -91.85 -0.733 0.464 -4.829 0.117 0.094 0.524
2003.2178 36.73 -91.85 -0.912 0.496 -4.842 0.098 0.081 0.446
2003.2452 36.73 -91.85 -0.499 -0.068 -5.164 0.096 0.080 0.436
2003.2726 36.73 -91.85 -0.514 -0.277 -2.427 0.094 0.078 0.426
2003.3000 36.73 -91.85 -0.339 -0.073 -2.315 0.091 0.076 0.417
2003.3274 36.73 -91.85 -0.420 -0.007 -5.820 0.119 0.100 0.537
2003.3548 36.73 -91.85 -0.207 0.230 -3.903 0.129 0.111 0.584
2003.3822 36.73 -91.85 -0.229 0.347 -5.588 0.119 0.096 0.533
2003.5192 36.73 -91.85 -0.679 0.098 0.663 0.123 0.107 0.557
2003.5466 36.73 -91.85 -0.677 -0.117 -0.970 0.136 0.120 0.612
2003.5740 36.73 -91.85 -1.149 0.178 3.033 0.158 0.140 0.708
2003.6014 36.73 -91.85 -0.930 0.448 1.572 0.136 0.120 0.612
2003.6288 36.73 -91.85 -1.131 0.421 2.424 0.129 0.112 0.583
2003.6562 36.73 -91.85 -0.922 0.384 3.506 0.138 0.120 0.621
2003.6836 36.73 -91.85 -0.868 0.201 1.985 0.136 0.120 0.613
2003.7110 36.73 -91.85 -0.808 0.036 1.769 0.108 0.092 0.486
2003.7384 36.73 -91.85 -0.978 0.549 1.412 0.130 0.113 0.582
2003.7658 36.73 -91.85 -1.045 0.036 0.134 0.119 0.103 0.537
2003.7932 36.73 -91.85 -0.771 0.271 2.966 0.133 0.116 0.596
2003.8205 36.73 -91.85 -0.809 0.857 1.468 0.144 0.122 0.637
2003.8479 36.73 -91.85 -0.839 0.211 -0.690 0.127 0.103 0.560
2003.8753 36.73 -91.85 -0.711 0.661 1.446 0.133 0.114 0.592
2003.9027 36.73 -91.85 -0.858 0.317 -1.561 0.122 0.101 0.542
2003.9301 36.73 -91.85 -0.777 0.465 -0.815 0.127 0.106 0.563
2003.9575 36.73 -91.85 -0.703 0.598 -2.649 0.142 0.121 0.628
2003.9849 36.73 -91.85 -0.656 0.577 -2.018 0.135 0.114 0.596
2004.0123 36.73 -91.85 -0.542 0.318 -3.076 0.145 0.121 0.638
2004.0397 36.73 -91.85 -0.584 0.534 -2.109 0.124 0.097 0.543
2004.0945 36.73 -91.85 -0.448 1.140 -4.124 0.115 0.091 0.508
2004.1219 36.73 -91.85 -0.445 0.258 -3.505 0.122 0.100 0.536
2004.1493 36.73 -91.85 -0.559 0.222 -2.731 0.144 0.117 0.627
2004.1767 36.73 -91.85 -0.498 -0.568 -4.029 0.153 0.126 0.665
2004.2041 36.73 -91.85 -0.490 0.183 -3.869 0.125 0.101 0.546
2004.2315 36.73 -91.85 -0.453 0.026 -2.473 0.128 0.102 0.554
2004.2589 36.73 -91.85 -0.190 0.212 -2.175 0.132 0.105 0.571
2004.2863 36.73 -91.85 -0.217 0.087 -3.669 0.132 0.105 0.572
2004.3137 36.73 -91.85 -0.343 0.202 -5.558 0.126 0.099 0.545
2004.3411 36.73 -91.85 -0.383 0.086 -5.236 0.138 0.108 0.593
2004.3685 36.73 -91.85 -0.406 0.316 -4.947 0.134 0.104 0.576
2004.3959 36.73 -91.85 -0.339 0.428 -2.429 0.118 0.091 0.510
2004.4233 36.73 -91.85 -0.207 0.944 -2.238 0.113 0.087 0.490
2004.4507 36.73 -91.85 -0.229 0.260 -2.751 0.101 0.077 0.436
2004.4781 36.73 -91.85 -0.382 0.277 -3.832 0.110 0.085 0.476
2004.5055 36.73 -91.85 -0.443 0.346 -2.290 0.108 0.083 0.466
2004.5329 36.73 -91.85 -0.453 0.121 -1.388 0.102 0.078 0.443
2004.5603 36.73 -91.85 -0.470 0.197 -0.447 0.105 0.080 0.453
2004.5877 36.73 -91.85 -0.518 0.054 -1.296 0.106 0.081 0.458
2004.6151 36.73 -91.85 -0.202 -0.051 -1.134 0.117 0.089 0.503
2004.6425 36.73 -91.85 -0.331 -0.126 0.056 0.100 0.077 0.434
2004.6699 36.73 -91.85 -0.308 0.071 -0.593 0.100 0.077 0.436
2004.6973 36.73 -91.85 -0.151 0.462 1.131 0.094 0.072 0.412
2004.7247 36.73 -91.85 -0.287 0.412 1.162 0.107 0.082 0.466
2004.7521 36.73 -91.85 -0.376 0.223 1.331 0.103 0.079 0.450
2004.7795 36.73 -91.85 -0.683 0.018 2.725 0.100 0.077 0.436
2004.8068 36.73 -91.85 -0.646 0.005 1.815 0.111 0.085 0.479
2004.8342 36.73 -91.85 -0.692 0.107 -3.457 0.110 0.084 0.472
2004.8616 36.73 -91.85 -0.818 0.339 -2.073 0.097 0.075 0.424
2004.8890 36.73 -91.85 -0.808 -0.007 -1.837 0.097 0.075 0.423
2004.9164 36.73 -91.85 -0.717 0.231 -4.539 0.105 0.081 0.457
2004.9438 36.73 -91.85 -0.772 0.358 -7.649 0.117 0.091 0.510
2004.9712 36.73 -91.85 -0.648 0.473 -5.349 0.105 0.082 0.457
2004.9973 36.73 -91.85 -0.619 0.544 -5.030 0.102 0.080 0.446
2005.0233 36.73 -91.85 -0.468 0.342 -7.180 0.118 0.093 0.509
2005.0507 36.73 -91.85 -0.546 0.265 -8.123 0.170 0.140 0.735
2005.0781 36.73 -91.85 -0.540 -0.008 -6.138 0.130 0.105 0.565
2005.1055 36.73 -91.85 -0.641 0.129 -5.034 0.129 0.105 0.563
2005.1329 36.73 -91.85 -0.273 -0.229 -6.742 0.133 0.108 0.577
2005.1603 36.73 -91.85 -0.444 0.321 -5.820 0.119 0.095 0.519
2005.1877 36.73 -91.85 -0.347 0.168 -4.824 0.120 0.094 0.522
2005.2151 36.73 -91.85 -0.426 0.153 -5.291 0.114 0.089 0.495
2005.2425 36.73 -91.85 -0.260 -0.352 -7.014 0.109 0.087 0.480
2005.2699 36.73 -91.85 -0.438 -0.024 -6.854 0.117 0.094 0.510
2005.2973 36.73 -91.85 -0.447 -0.075 -5.892 0.123 0.099 0.537
2005.3247 36.73 -91.85 -0.302 -0.072 -4.124 0.130 0.104 0.566
2005.3521 36.73 -91.85 -0.217 0.255 -2.695 0.058 0.046 0.273
2005.3795 36.73 -91.85 0.152 0.443 -2.597 0.122 0.098 0.533
2005.4068 36.73 -91.85 0.109 0.011 -2.591 0.112 0.090 0.492
2005.4342 36.73 -91.85 -0.199 0.069 -3.633 0.128 0.103 0.563
2005.4616 36.73 -91.85 -0.087 -0.028 -1.395 0.116 0.094 0.512
2005.4890 36.73 -91.85 -0.124 0.002 1.771 0.110 0.089 0.487
2005.5164 36.73 -91.85 -0.223 -0.310 1.518 0.110 0.089 0.486
2005.5438 36.73 -91.85 -0.358 0.304 1.293 0.119 0.098 0.525
2005.5712 36.73 -91.85 -0.400 0.126 1.888 0.129 0.107 0.569
2005.5986 36.73 -91.85 -0.512 0.117 2.079 0.132 0.110 0.582
2005.6260 36.73 -91.85 -0.364 0.034 0.976 0.117 0.097 0.518
2005.6534 36.73 -91.85 -0.473 -0.371 2.039 0.123 0.102 0.545
2005.6808 36.73 -91.85 -0.643 -0.390 3.067 0.121 0.101 0.536
2005.7082 36.73 -91.85 -0.470 -0.457 2.943 0.145 0.124 0.643
2005.7356 36.73 -91.85 -0.564 -0.238 4.241 0.128 0.109 0.569
2005.7630 36.73 -91.85 -0.458 -0.677 4.406 0.128 0.109 0.571
2005.7904 36.73 -91.85 -0.268 -0.222 2.616 0.121 0.102 0.538
2005.8178 36.73 -91.85 -0.230 -0.096 4.305 0.124 0.105 0.551
2005.8452 36.73 -91.85 -0.270 -0.112 5.075 0.133 0.113 0.591
2005.8726 36.73 -91.85 0.032 -0.077 5.946 0.115 0.097 0.514
2005.9000 36.73 -91.85 0.136 0.008 3.484 0.112 0.095 0.503
2005.9274 36.73 -91.85 -0.218 0.287 0.624 0.119 0.093 0.523
2005.9548 36.73 -91.85 -0.050 0.626 1.473 0.116 0.092 0.534
2005.9822 36.73 -91.85 0.013 0.429 3.487 0.112 0.090 0.501
2006.0096 36.73 -91.85 0.211 0.449 2.353 0.121 0.100 0.539
2006.0370 36.73 -91.85 0.383 0.330 0.516 0.151 0.128 0.672
2006.0644 36.73 -91.85 0.093 0.562 -1.334 0.153 0.130 0.684
2006.0918 36.73 -91.85 0.173 0.574 -0.558 0.152 0.130 0.679
2006.1192 36.73 -91.85 -0.089 0.345 -1.808 0.171 0.149 0.764
2006.1466 36.73 -91.85 0.095 0.426 -0.776 0.135 0.117 0.607
2006.1740 36.73 -91.85 0.112 0.428 0.122 0.151 0.133 0.676
2006.2014 36.73 -91.85 0.453 0.498 -0.611 0.118 0.102 0.532
2006.2288 36.73 -91.85 0.145 0.121 -0.595 0.152 0.134 0.682
2006.2562 36.73 -91.85 -0.018 -0.105 -0.128 0.142 0.126 0.640
2006.2836 36.73 -91.85 0.345 0.222 -0.301 0.140 0.124 0.628
2006.3110 36.73 -91.85 0.192 0.186 0.947 0.149 0.132 0.670
2006.3384 36.73 -91.85 -0.026 0.075 0.237 0.135 0.120 0.609
2006.3658 36.73 -91.85 0.055 -0.115 -1.224 0.149 0.134 0.673
2006.3932 36.73 -91.85 0.001 0.145 -0.297 0.147 0.131 0.663
2006.4205 36.73 -91.85 0.117 0.135 0.362 0.148 0.132 0.667
2006.4479 36.73 -91.85 0.215 0.009 -0.052 0.163 0.140 0.727
2006.4753 36.73 -91.85 -0.103 0.478 1.074 0.164 0.146 0.739
2006.5027 36.73 -91.85 0.296 0.391 2.955 0.170 0.153 0.768
2006.5301 36.73 -91.85 0.070 0.053 2.862 0.201 0.183 0.908
2006.5575 36.73 -91.85 -0.053 0.403 4.690 0.161 0.144 0.726
2006.5849 36.73 -91.85 -0.137 0.129 5.793 0.165 0.149 0.747
2006.6123 36.73 -91.85 0.095 -0.057 6.724 0.202 0.185 0.913
2006.6397 36.73 -91.85 -0.140 -0.147 5.766 0.172 0.156 0.777
2006.6671 36.73 -91.85 -0.071 -0.113 5.030 0.157 0.141 0.709
2006.6945 36.73 -91.85 -0.357 -0.228 6.830 0.199 0.181 0.898
2006.7219 36.73 -91.85 -0.514 0.029 3.614 0.188 0.168 0.846
2006.7493 36.73 -91.85 -0.433 0.328 5.694 0.223 0.201 1.003
2006.7767 36.73 -91.85 -0.263 0.390 7.173 0.194 0.175 0.872
2006.8041 36.73 -91.85 -0.487 0.422 4.285 0.157 0.140 0.706
2006.8315 36.73 -91.85 -0.387 0.751 5.490 0.182 0.164 0.818
2006.8589 36.73 -91.85 -0.732 0.866 4.386 0.177 0.159 0.796
2006.8863 36.73 -91.85 -0.420 0.850 2.901 0.170 0.151 0.765
2006.9137 36.73 -91.85 -0.065 0.702 0.707 0.166 0.146 0.743
2006.9411 36.73 -91.85 -0.359 0.801 -0.267 0.163 0.143 0.731
2006.9685 36.73 -91.85 -0.161 0.614 1.221 0.163 0.141 0.727
2006.9959 36.73 -91.85 -0.125 0.439 -1.627 0.162 0.137 0.722
2007.0233 36.73 -91.85 -0.279 0.704 -0.846 0.151 0.126 0.673
2007.0507 36.73 -91.85 -0.304 0.420 -3.301 0.157 0.132 0.700
2007.0781 36.73 -91.85 -0.472 0.545 -3.798 0.161 0.141 0.721
2007.1055 36.73 -91.85 -0.288 0.110 -2.738 0.144 0.125 0.646
2007.1329 36.73 -91.85 -0.008 -0.071 -3.386 0.157 0.137 0.703
2007.1603 36.73 -91.85 0.078 0.078 -2.598 0.149 0.131 0.670
2007.1877 36.73 -91.85 -0.291 0.073 -0.448 0.191 0.172 0.859
2007.2151 36.73 -91.85 -0.159 0.376 -0.698 0.171 0.153 0.768
2007.2425 36.73 -91.85 0.200 0.062 -3.378 0.164 0.147 0.739
2007.2699 36.73 -91.85 0.451 -0.166 -1.415 0.131 0.115 0.593
2007.2973 36.73 -91.85 0.361 -0.048 -2.001 0.124 0.108 0.560
2007.3247 36.73 -91.85 0.359 -0.126 -1.263 0.151 0.134 0.681
2007.3521 36.73 -91.85 0.275 0.274 -0.555 0.165 0.148 0.743
2007.3795 36.73 -91.85 0.136 -0.203 -1.237 0.173 0.156 0.779
2007.4068 36.73 -91.85 0.388 -0.076 -1.253 0.145 0.128 0.653
2007.4342 36.73 -91.85 0.386 -0.295 -1.853 0.138 0.122 0.625
2007.4616 36.73 -91.85 0.317 -1.060 0.469 0.181 0.163 0.814
2007.4890 36.73 -91.85 0.206 -0.857 -1.217 0.140 0.122 0.629
2007.5164 36.73 -91.85 -0.210 -0.791 1.233 0.147 0.130 0.663
2007.5438 36.73 -91.85 -0.492 -1.070 1.356 0.143 0.126 0.643
2007.5712 36.73 -91.85 -0.439 -1.076 2.680 0.147 0.129 0.661
2007.5986 36.73 -91.85 -0.504 -1.069 4.388 0.179 0.159 0.804
2007.6260 36.73 -91.85 -0.274 -0.765 4.829 0.147 0.129 0.660
2007.6534 36.73 -91.85 -0.301 -0.753 4.104 0.149 0.131 0.670
2007.6808 36.73 -91.85 -0.473 -0.976 5.668 0.157 0.137 0.705
2007.7082 36.73 -91.85 -0.553 -0.592 6.158 0.117 0.099 0.529
2007.7356 36.73 -91.85 -0.496 -0.385 7.629 0.161 0.140 0.722
2007.7630 36.73 -91.85 -0.609 -0.024 5.860 0.125 0.105 0.562
2007.7904 36.73 -91.85 -0.260 -0.653 4.075 0.158 0.139 0.711
2007.8178 36.73 -91.85 -0.465 -0.443 3.776 0.182 0.162 0.816
2007.8452 36.73 -91.85 -0.392 -0.257 3.358 0.149 0.130 0.670
2007.8726 36.73 -91.85 -0.135 -0.170 2.089 0.173 0.152 0.776
2007.9000 36.73 -91.85 -0.376 -0.540 4.443 0.185 0.157 0.818
2007.9274 36.73 -91.85 -0.121 -0.025 3.653 0.179 0.159 0.806
2007.9548 36.73 -91.85 -0.064 -0.130 0.924 0.135 0.119 0.610
2007.9822 36.73 -91.85 -0.251 -0.165 -0.380 0.165 0.147 0.746
2008.0096 36.73 -91.85 -0.282 -0.331 1.789 0.145 0.129 0.656
2008.0370 36.73 -91.85 0.034 -0.108 0.023 0.149 0.134 0.675
2008.0644 36.73 -91.85 0.061 -0.282 0.167 0.171 0.155 0.774
2008.0918 36.73 -91.85 0.206 -0.524 0.017 0.138 0.122 0.626
2008.1192 36.73 -91.85 0.094 -0.322 -1.171 0.161 0.145 0.730
2008.1466 36.73 -91.85 0.201 -0.199 -1.280 0.187 0.170 0.846
2008.1740 36.73 -91.85 0.272 -0.433 -2.307 0.164 0.148 0.742
2008.2014 36.73 -91.85 0.180 -0.269 -1.905 0.175 0.160 0.792
2008.2288 36.73 -91.85 0.115 -0.553 -7.047 0.205 0.183 0.926
2008.2562 36.73 -91.85 -0.348 0.213 -5.033 0.191 0.172 0.862
2008.2836 36.73 -91.85 -0.394 0.185 -6.464 0.229 0.206 1.035
2008.3110 36.73 -91.85 -0.259 0.112 -5.354 0.237 0.214 1.066
2008.3384 36.73 -91.85 0.046 0.109 -4.190 0.175 0.158 0.791
2008.3658 36.73 -91.85 0.307 -0.068 -4.361 0.179 0.160 0.808
2008.3932 36.73 -91.85 0.022 0.005 -5.238 0.164 0.144 0.738
2008.4205 36.73 -91.85 0.226 -0.457 -2.860 0.143 0.126 0.646
2008.4479 36.73 -91.85 0.563 -0.678 -3.847 0.145 0.128 0.654
2008.4753 36.73 -91.85 0.755 -0.991 -2.758 0.141 0.124 0.636
2008.5027 36.73 -91.85 0.487 -0.747 -0.735 0.173 0.152 0.774
2008.5301 36.73 -91.85 0.487 -0.171 0.889 0.214 0.188 0.960
2008.5575 36.73 -91.85 0.391 -0.650 2.008 0.141 0.120 0.630
2008.5849 36.73 -91.85 0.588 -0.506 1.739 0.158 0.139 0.707
2008.6123 36.73 -91.85 0.553 -0.163 2.214 0.133 0.114 0.595
2008.6397 36.73 -91.85 -0.130 -0.675 1.335 0.145 0.126 0.651
2008.6671 36.73 -91.85 -0.662 -0.597 2.040 0.139 0.121 0.625
2008.6945 36.73 -91.85 -0.297 -0.655 -0.418 0.135 0.116 0.606
2008.7219 36.73 -91.85 -0.344 -0.875 -0.174 0.154 0.136 0.694
2008.7493 36.73 -91.85 -0.267 -0.546 0.236 0.140 0.123 0.630
2008.7767 36.73 -91.85 -0.278 -0.964 2.357 0.162 0.145 0.731
2008.8041 36.73 -91.85 -0.314 -0.698 1.879 0.163 0.147 0.736
2008.8315 36.73 -91.85 -0.233 -0.541 2.806 0.185 0.166 0.832
2008.8589 36.73 -91.85 0.060 -0.400 2.893 0.215 0.194 0.970
2008.8863 36.73 -91.85 -0.098 -0.562 2.141 0.206 0.186 0.931
2008.9137 36.73 -91.85 -0.046 -0.229 0.965 0.196 0.178 0.887
2008.9411 36.73 -91.85 -0.113 0.082 1.250 0.206 0.185 0.930
2008.9685 36.73 -91.85 -0.153 0.105 0.950 0.193 0.173 0.870
2008.9945 36.73 -91.85 0.406 -0.382 0.200 0.163 0.147 0.738
2009.0205 36.73 -91.85 0.388 0.040 -1.252 0.160 0.145 0.725
2009.0479 36.73 -91.85 0.314 0.318 -0.436 0.160 0.145 0.727
2009.0753 36.73 -91.85 0.371 -0.247 -0.418 0.154 0.139 0.699
2009.1027 36.73 -91.85 0.342 -0.046 -0.647 0.191 0.174 0.865
2009.1301 36.73 -91.85 0.303 0.120 -3.887 0.153 0.137 0.692
2009.1575 36.73 -91.85 0.383 0.007 -1.476 0.156 0.140 0.706
2009.1849 36.73 -91.85 0.374 -0.183 -1.765 0.177 0.162 0.805
2009.2123 36.73 -91.85 0.244 -0.260 -4.348 0.154 0.135 0.694
2009.2397 36.73 -91.85 0.289 -0.051 -2.757 0.173 0.157 0.785
2009.2671 36.73 -91.85 0.192 -0.295 -4.370 0.145 0.131 0.659
2009.2945 36.73 -91.85 0.314 -0.263 -5.113 0.149 0.134 0.674
2009.3219 36.73 -91.85 0.463 -0.533 -2.250 0.155 0.140 0.704
2009.3493 36.73 -91.85 0.065 -0.288 -6.148 0.143 0.127 0.647
2009.3767 36.73 -91.85 0.087 -0.571 -7.750 0.150 0.134 0.679
2009.4041 36.73 -91.85 -0.180 -0.261 -5.083 0.133 0.117 0.601
2009.4315 36.73 -91.85 0.275 -0.398 -4.384 0.152 0.135 0.686
2009.4589 36.73 -91.85 0.548 -0.295 -0.190 0.130 0.113 0.585
2009.4863 36.73 -91.85 0.632 0.013 -0.289 0.143 0.124 0.642
2009.5137 36.73 -91.85 0.562 0.146 0.638 0.138 0.117 0.616
2009.5411 36.73 -91.85 0.509 0.156 -0.679 0.168 0.146 0.755
2009.5685 36.73 -91.85 0.516 0.111 -0.836 0.182 0.157 0.812
2009.5959 36.73 -91.85 -0.035 0.084 -1.210 0.159 0.137 0.713
2009.6233 36.73 -91.85 0.151 0.475 1.703 0.164 0.143 0.736
2009.6507 36.73 -91.85 0.025 0.012 1.120 0.158 0.138 0.709
2009.6781 36.73 -91.85 0.060 -0.196 1.352 0.169 0.149 0.758
2009.7055 36.73 -91.85 -0.268 -0.234 0.349 0.174 0.155 0.784
2009.7329 36.73 -91.85 -0.792 -0.242 0.836 0.168 0.150 0.758
2009.7603 36.73 -91.85 -1.011 0.064 -0.540 0.192 0.171 0.863
2009.7877 36.73 -91.85 -0.706 0.327 -3.763 0.177 0.158 0.797
2009.8151 36.73 -91.85 -0.740 -0.135 -1.686 0.189 0.170 0.853
2009.8425 36.73 -91.85 -0.571 0.111 -4.566 0.172 0.154 0.777
2009.8699 36.73 -91.85 -0.752 -0.151 -4.147 0.165 0.147 0.744
2009.8973 36.73 -91.85 -0.390 -0.042 -2.456 0.154 0.138 0.697
2009.9247 36.73 -91.85 -0.404 -0.522 -3.858 0.155 0.135 0.698
2009.9521 36.73 -91.85 -0.463 -0.258 -4.662 0.144 0.128 0.653
2009.9795 36.73 -91.85 -0.235 0.368 -4.548 0.149 0.131 0.672
2010.0068 36.73 -91.85 0.097 0.151 -4.611 0.187 0.168 0.843
2010.0342 36.73 -91.85 0.152 0.124 -3.157 0.147 0.130 0.663
2010.0616 36.73 -91.85 0.128 0.334 -2.808 0.150 0.133 0.679
2010.0890 36.73 -91.85 -0.214 0.016 -6.437 0.178 0.161 0.806
2010.1164 36.73 -91.85 -0.297 0.046 -5.903 0.184 0.166 0.832
2010.1438 36.73 -91.85 -0.156 -0.006 -4.355 0.178 0.159 0.803
2010.1712 36.73 -91.85 0.007 -0.568 -5.059 0.171 0.152 0.769
2010.1986 36.73 -91.85 0.259 0.052 -3.970 0.164 0.145 0.737
2010.2260 36.73 -91.85 0.085 -0.064 -5.782 0.179 0.159 0.804
2010.2534 36.73 -91.85 0.259 -0.198 -5.805 0.185 0.163 0.829
2010.2808 36.73 -91.85 -0.093 -0.369 -3.227 0.143 0.124 0.644
2010.3082 36.73 -91.85 0.117 -0.821 -1.419 0.150 0.131 0.673
2010.3356 36.73 -91.85 0.066 -0.476 -2.070 0.138 0.118 0.619
2010.3630 36.73 -91.85 0.170 0.074 -1.430 0.147 0.125 0.656
2010.3904 36.73 -91.85 0.226 -0.224 -3.218 0.153 0.121 0.668
2010.4178 36.73 -91.85 0.503 -0.291 -3.906 0.156 0.133 0.696
2010.4452 36.73 -91.85 0.692 -0.110 -3.509 0.138 0.118 0.622
2010.4726 36.73 -91.85 0.426 -0.385 -0.448 0.125 0.105 0.564
2010.5000 36.73 -91.85 0.700 -0.328 0.311 0.140 0.120 0.630
2010.5274 36.73 -91.85 0.201 -0.397 2.253 0.213 0.192 0.958
2010.5548 36.73 -91.85 0.419 -0.801 1.200 0.139 0.122 0.625
2010.5822 36.73 -91.85 0.487 -0.467 0.077 0.126 0.110 0.568
2010.6096 36.73 -91.85 0.289 -0.678 1.639 0.160 0.144 0.722
2010.6370 36.73 -91.85 0.304 -0.163 0.379 0.144 0.128 0.649
2010.6644 36.73 -91.85 0.008 -0.360 1.976 0.135 0.120 0.611
2010.6918 36.73 -91.85 0.175 -0.524 2.434 0.160 0.145 0.725
2010.7192 36.73 -91.85 0.182 -0.775 2.091 0.150 0.135 0.677
2010.7466 36.73 -91.85 0.395 -0.587 0.897 0.173 0.156 0.778
2010.7740 36.73 -91.85 0.276 -0.200 3.831 0.143 0.127 0.646
2010.8014 36.73 -91.85 0.267 -1.070 3.451 0.136 0.121 0.614
2010.8288 36.73 -91.85 0.428 -0.429 2.505 0.154 0.138 0.694
2010.8562 36.73 -91.85 0.362 -0.440 4.452 0.151 0.135 0.683
2010.8836 36.73 -91.85 0.373 -0.523 3.350 0.141 0.125 0.638
2010.9110 36.73 -91.85 0.388 -0.338 -0.231 0.154 0.137 0.692
2010.9384 36.73 -91.85 0.611 -0.247 1.075 0.159 0.142 0.717
2010.9658 36.73 -91.85 0.767 -0.243 1.947 0.174 0.156 0.783
2010.9932 36.73 -91.85 0.883 0.013 0.770 0.155 0.099 0.637
2011.1027 36.73 -91.85 0.874 -0.520 0.238 0.150 0.117 0.658
2011.1301 36.73 -91.85 0.483 0.079 -1.986 0.209 0.185 0.933
2011.1575 36.73 -91.85 0.883 -0.388 -2.257 0.143 0.123 0.641
2011.1849 36.73 -91.85 0.474 -0.186 -3.863 0.116 0.097 0.523
2011.2123 36.73 -91.85 0.605 -0.122 -4.512 0.177 0.158 0.796
2011.2397 36.73 -91.85 0.726 -0.590 -3.136 0.184 0.165 0.825
2011.2671 36.73 -91.85 0.781 -0.164 -0.053 0.150 0.133 0.677
2011.2945 36.73 -91.85 0.599 0.216 -4.885 0.173 0.155 0.778
2011.3219 36.73 -91.85 0.565 0.649 -4.746 0.162 0.146 0.732
2011.3493 36.73 -91.85 0.197 0.299 -5.708 0.147 0.131 0.664
2011.3767 36.73 -91.85 0.320 -0.193 -6.205 0.170 0.153 0.766
2011.4041 36.73 -91.85 0.283 -0.081 -6.707 0.152 0.134 0.684
2011.4315 36.73 -91.85 0.894 0.136 -4.288 0.162 0.131 0.710
2011.5137 36.73 -91.85 0.997 -0.373 -1.750 0.145 0.122 0.645
2011.5411 36.73 -91.85 0.928 -0.300 -1.473 0.150 0.131 0.672
2011.5685 36.73 -91.85 0.867 -0.575 1.326 0.147 0.127 0.661
2011.5959 36.73 -91.85 1.069 -0.565 2.355 0.157 0.137 0.702
2011.6233 36.73 -91.85 0.647 -0.662 1.178 0.158 0.137 0.706
2011.6507 36.73 -91.85 0.709 -0.708 2.072 0.182 0.162 0.817
2011.6781 36.73 -91.85 0.451 -0.078 3.460 0.169 0.150 0.760
2011.7055 36.73 -91.85 0.400 -0.159 4.583 0.169 0.151 0.760
2011.7329 36.73 -91.85 0.359 0.383 6.251 0.194 0.175 0.871
2011.7603 36.73 -91.85 -0.061 -0.049 2.661 0.168 0.150 0.754
2011.7877 36.73 -91.85 0.233 -0.158 4.742 0.178 0.160 0.799
2011.8151 36.73 -91.85 0.482 -0.077 4.907 0.175 0.157 0.785
2011.8425 36.73 -91.85 0.195 -0.054 4.817 0.188 0.170 0.845
2011.8699 36.73 -91.85 0.376 0.650 0.765 0.186 0.160 0.824
2011.9521 36.73 -91.85 0.214 0.360 -2.557 0.134 0.095 0.570
2011.9795 36.73 -91.85 -0.019 0.568 -0.524 0.154 0.135 0.686
2012.0068 36.73 -91.85 0.237 0.093 -0.621 0.144 0.124 0.642
2012.0342 36.73 -91.85 0.159 0.539 -0.424 0.172 0.146 0.758
2012.0616 36.73 -91.85 0.233 -0.009 -0.871 0.151 0.128 0.664
2012.0890 36.73 -91.85 0.573 -0.031 -2.294 0.149 0.126 0.656
2012.1164 36.73 -91.85 0.397 0.045 -2.343 0.147 0.121 0.647
2012.1438 36.73 -91.85 0.258 0.273 -1.462 0.152 0.126 0.664
2012.1712 36.73 -91.85 0.519 0.005 -3.108 0.147 0.118 0.643
2012.1986 36.73 -91.85 0.137 0.006 -2.264 0.134 0.107 0.583
2012.2260 36.73 -91.85 0.066 0.101 -1.941 0.136 0.109 0.592
2012.2534 36.73 -91.85 0.277 -0.083 -1.734 0.132 0.106 0.574
2012.2808 36.73 -91.85 0.451 -0.351 -1.703 0.123 0.099 0.535
2012.3082 36.73 -91.85 0.549 -0.241 0.038 0.157 0.099 0.639
2012.3904 36.73 -91.85 0.768 -0.551 4.273 0.156 0.118 0.674
2012.4178 36.73 -91.85 0.678 -0.250 4.067 0.114 0.090 0.496
2012.4452 36.73 -91.85 1.225 -0.572 4.399 0.113 0.089 0.492
2012.4726 36.73 -91.85 0.581 -0.228 6.550 0.121 0.097 0.526
2012.5000 36.73 -91.85 0.619 -0.348 7.297 0.116 0.092 0.504
2012.5274 36.73 -91.85 0.626 -0.432 7.143 0.122 0.097 0.533
2012.5548 36.73 -91.85 -0.007 -0.340 6.486 0.122 0.097 0.533
2012.5822 36.73 -91.85 0.172 -0.309 8.373 0.128 0.104 0.558
2012.6096 36.73 -91.85 0.023 0.010 8.580 0.126 0.103 0.553
2012.6370 36.73 -91.85 -0.330 -0.039 8.059 0.117 0.096 0.513
2012.6644 36.73 -91.85 -0.158 -0.362 7.355 0.127 0.105 0.557
2012.6918 36.73 -91.85 -0.116 0.107 6.141 0.130 0.109 0.574
2012.7192 36.73 -91.85 -0.485 -0.181 6.324 0.154 0.133 0.682
2012.7466 36.73 -91.85 -0.426 -0.313 6.456 0.123 0.085 0.523
2012.8562 36.73 -91.85 -0.274 0.502 7.891 0.161 0.139 0.716
2012.8836 36.73 -91.85 0.114 0.156 7.322 0.148 0.133 0.669
2012.9110 36.73 -91.85 0.263 0.092 7.400 0.141 0.126 0.636
2012.9384 36.73 -91.85 0.086 -0.248 8.271 0.139 0.120 0.621
2012.9658 36.73 -91.85 0.238 -0.097 5.620 0.151 0.136 0.680
2012.9918 36.73 -91.85 0.089 0.110 5.147 0.077 0.067 0.354
2013.0178 36.73 -91.85 0.054 0.391 5.675 0.090 0.079 0.408
2013.0452 36.73 -91.85 -0.275 0.418 2.977 0.089 0.079 0.407
2013.0726 36.73 -91.85 -0.106 0.606 3.943 0.083 0.072 0.378
2013.1000 36.73 -91.85 0.069 0.668 1.943 0.085 0.074 0.387
2013.1274 36.73 -91.85 0.164 0.266 0.038 0.079 0.069 0.363
2013.1548 36.73 -91.85 0.254 0.427 2.510 0.078 0.062 0.349
2013.2644 36.73 -91.85 0.440 0.807 -0.024 0.096 0.045 0.372
2013.2918 36.73 -91.85 0.803 0.682 1.064 0.081 0.071 0.372
2013.3192 36.73 -91.85 0.816 0.769 -0.669 0.089 0.079 0.407
2013.3466 36.73 -91.85 0.442 0.961 -3.730 0.091 0.081 0.417
2013.3740 36.73 -91.85 0.515 0.675 -0.452 0.079 0.070 0.363
2013.4014 36.73 -91.85 0.602 0.288 -0.972 0.081 0.072 0.373
2013.4288 36.73 -91.85 0.790 0.178 -0.365 0.072 0.063 0.334
2013.4562 36.73 -91.85 0.522 0.248 -1.153 0.074 0.064 0.340
2013.4836 36.73 -91.85 0.597 0.060 0.767 0.075 0.066 0.347
2013.5110 36.73 -91.85 0.355 0.065 1.219 0.084 0.074 0.385
2013.5384 36.73 -91.85 0.454 0.348 0.732 0.084 0.070 0.380
2013.5658 36.73 -91.85 0.339 0.144 3.833 0.086 0.076 0.395
2013.7575 36.73 -91.85 -0.244 0.422 2.849 0.084 0.070 0.380
2013.7849 36.73 -91.85 -0.263 0.206 4.691 0.086 0.073 0.389
2013.8123 36.73 -91.85 -0.132 0.456 3.831 0.079 0.067 0.359
2013.8397 36.73 -91.85 -0.047 0.716 4.066 0.080 0.068 0.362
2013.8671 36.73 -91.85 -0.060 0.144 3.273 0.086 0.072 0.386
2013.8945 36.73 -91.85 -0.000 0.339 2.143 0.079 0.067 0.359
2013.9219 36.73 -91.85 0.036 -0.156 1.376 0.071 0.060 0.326
2013.9493 36.73 -91.85 -0.142 0.365 1.118 0.076 0.064 0.343
2013.9767 36.73 -91.85 0.019 0.480 -0.206 0.077 0.064 0.348
2014.0041 36.73 -91.85 -0.047 0.962 1.374 0.074 0.062 0.337
2014.0315 36.73 -91.85 -0.171 0.335 -0.363 0.077 0.064 0.347
2014.1685 36.73 -91.85 0.493 0.559 -1.004 0.081 0.068 0.368
2014.1959 36.73 -91.85 0.346 0.305 1.326 0.081 0.071 0.371
2014.2233 36.73 -91.85 0.335 0.234 -0.878 0.077 0.067 0.354
2014.2507 36.73 -91.85 0.401 0.620 -0.345 0.071 0.062 0.328
2014.2781 36.73 -91.85 0.441 0.990 -1.848 0.075 0.066 0.345
2014.3055 36.73 -91.85 0.324 0.688 -0.241 0.072 0.063 0.333
2014.3329 36.73 -91.85 0.667 0.485 0.547 0.060 0.051 0.280
2014.3603 36.73 -91.85 0.226 0.464 0.631 0.068 0.058 0.312
2014.3877 36.73 -91.85 0.690 0.518 -0.175 0.068 0.059 0.313
2014.4151 36.73 -91.85 0.516 0.028 -0.942 0.068 0.058 0.312
2014.4425 36.73 -91.85 0.529 -0.248 -2.663 0.072 0.061 0.328
2014.4699 36.73 -91.85 0.637 -0.349 0.390 0.071 0.061 0.327
2014.5795 36.73 -91.85 0.374 -0.483 2.552 0.066 0.050 0.298
2014.6068 36.73 -91.85 0.129 -0.386 2.686 0.064 0.053 0.292
2014.6342 36.73 -91.85 0.490 -0.346 3.023 0.058 0.048 0.270
2014.6616 36.73 -91.85 0.453 -0.119 3.662 0.064 0.054 0.295
2014.6890 36.73 -91.85 0.722 0.135 3.793 0.063 0.053 0.288
2014.7164 36.73 -91.85 0.499 -0.466 2.838 0.061 0.052 0.283
2014.7438 36.73 -91.85 0.641 -0.452 5.234 0.066 0.056 0.304
2014.7712 36.73 -91.85 0.878 0.019 5.983 0.065 0.055 0.300
2014.7986 36.73 -91.85 0.558 -0.234 2.419 0.059 0.049 0.272
2014.8260 36.73 -91.85 0.391 -0.046 4.789 0.059 0.048 0.271
2014.8534 36.73 -91.85 0.519 0.245 2.595 0.062 0.051 0.285
2014.8808 36.73 -91.85 0.572 0.166 2.367 0.062 0.051 0.285
2014.9082 36.73 -91.85 0.694 -0.102 1.805 0.063 0.052 0.290
2015.0452 36.73 -91.85 0.723 0.116 -0.495 0.049 0.037 0.227
2015.0726 36.73 -91.85 0.584 0.110 0.898 0.053 0.039 0.238
2015.1000 36.73 -91.85 0.748 -0.251 -3.104 0.047 0.036 0.220
2015.1274 36.73 -91.85 0.722 -0.064 -0.222 0.044 0.034 0.207
2015.1548 36.73 -91.85 0.572 0.182 -0.623 0.051 0.038 0.230
2015.1822 36.73 -91.85 0.567 -0.002 -0.719 0.048 0.036 0.221
2015.2096 36.73 -91.85 0.157 0.464 -3.503 0.063 0.048 0.281
2015.2370 36.73 -91.85 0.258 0.649 -2.570 0.067 0.055 0.305
2015.2644 36.73 -91.85 0.398 0.434 0.351 0.059 0.050 0.274
2015.2918 36.73 -91.85 0.202 0.236 -3.365 0.060 0.050 0.277
2015.3192 36.73 -91.85 0.070 0.197 -0.790 0.058 0.048 0.268
2015.3466 36.73 -91.85 0.131 -0.004 1.591 0.062 0.052 0.287
2015.4836 36.73 -91.85 0.459 -0.044 -1.401 0.060 0.042 0.266
2015.5110 36.73 -91.85 0.530 -0.070 -1.920 0.057 0.043 0.259
2015.5384 36.73 -91.85 0.347 -0.258 -1.104 0.062 0.048 0.280
2015.5658 36.73 -91.85 0.411 -0.164 1.672 0.062 0.051 0.282
2015.5932 36.73 -91.85 0.594 -0.033 1.949 0.064 0.053 0.291
2015.6205 36.73 -91.85 0.728 -0.235 2.076 0.062 0.051 0.283
2015.6479 36.73 -91.85 0.481 -0.206 1.016 0.060 0.049 0.275
2015.6753 36.73 -91.85 0.268 -0.121 3.775 0.058 0.047 0.267
2015.7027 36.73 -91.85 0.382 -0.453 5.637 0.063 0.052 0.287
2015.7301 36.73 -91.85 0.386 -0.381 8.450 0.063 0.051 0.288
2015.9493 36.73 -91.85 -0.004 0.572 -4.579 0.061 0.051 0.282
2015.9767 36.73 -91.85 0.205 0.137 -2.105 0.064 0.053 0.291
2016.0041 36.73 -91.85 0.170 0.242 -6.916 0.058 0.048 0.267
2016.0315 36.73 -91.85 0.209 0.469 -3.301 0.055 0.045 0.255
2016.0589 36.73 -91.85 0.297 0.597 -4.420 0.057 0.046 0.260
2016.0863 36.73 -91.85 0.228 0.232 -1.071 0.051 0.042 0.241
2016.1137 36.73 -91.85 0.285 -0.153 -3.353 0.057 0.047 0.264
2016.1411 36.73 -91.85 0.286 0.291 -5.545 0.067 0.056 0.305
2016.1685 36.73 -91.85 0.104 -1.029 -0.525 0.072 0.061 0.326
2016.1959 36.73 -91.85 0.041 -0.158 0.118 0.071 0.062 0.324
2016.2233 36.73 -91.85 0.232 0.348 1.397 0.071 0.064 0.329
2016.2507 36.73 -91.85 0.485 -0.162 2.764 0.060 0.049 0.276
2016.3603 36.73 -91.85 0.352 0.171 1.064 0.056 0.047 0.259
2016.3877 36.73 -91.85 0.799 0.596 0.994 0.065 0.055 0.297
2016.4151 36.73 -91.85 0.879 -0.374 1.467 0.064 0.053 0.292
2016.4425 36.73 -91.85 0.460 -0.069 3.501 0.068 0.057 0.310
2016.4699 36.73 -91.85 0.267 -0.174 4.274 0.067 0.056 0.304
