2002.5877 43.52 -92.52 14.07627895179469 10.24542977660501
2002.6151 43.52 -92.52 18.57816954444304 9.97753150582402
2002.6425 43.52 -92.52 3.25358932723111 10.18269852801191
2002.6699 43.52 -92.52 40.85370875636215 8.51741976682868
2002.6973 43.52 -92.52 22.43634543871104 13.71106365914651
2002.7247 43.52 -92.52 23.68601567409633 9.70945151132994
2002.7521 43.52 -92.52 20.61575548831230 8.87642864777358
2002.7795 43.52 -92.52 20.00945145297861 10.13643039755743
2002.8068 43.52 -92.52 2.08152032046815 9.23042301007904
2002.8342 43.52 -92.52 28.16442780570510 9.02542177148220
2002.8616 43.52 -92.52 20.47066583872300 8.64720331630850
2002.8890 43.52 -92.52 22.13671256515299 9.19306106002822
2002.9164 43.52 -92.52 17.02425942532546 9.50146777492789
2003.0260 43.52 -92.52 19.33676854273320 10.58324299641397
2003.0534 43.52 -92.52 23.94368686811908 18.61582387442302
2003.0808 43.52 -92.52 36.21791480429896 15.31845531282655
2003.1082 43.52 -92.52 27.50549986010587 8.50125478611936
2003.1356 43.52 -92.52 20.96042978299692 7.81940616920800
2003.1630 43.52 -92.52 43.02636149139040 8.50392043265908
2003.1904 43.52 -92.52 43.23247465273984 9.94573782600735
2003.2178 43.52 -92.52 28.97253699301786 8.39005385026055
2003.2452 43.52 -92.52 33.25003246434629 8.33324382617758
2003.2726 43.52 -92.52 26.28069436952144 8.11183132161066
2003.3000 43.52 -92.52 46.18016671527447 7.96206841987836
2003.3274 43.52 -92.52 10.36042905129599 10.69330627933543
2003.3548 43.52 -92.52 20.45481684581988 12.16990444889858
2003.3822 43.52 -92.52 52.90851844041875 10.36197664808598
2003.5192 43.52 -92.52 32.10272598857345 11.88069307262336
2003.5466 43.52 -92.52 30.73393533353303 13.56014824086515
2003.5740 43.52 -92.52 11.31870993889226 16.24720909832726
2003.6014 43.52 -92.52 11.49979760697453 13.60441486605573
2003.6288 43.52 -92.52 -3.46440790856196 12.51110014064043
2003.6562 43.52 -92.52 -19.78192487707797 13.68643528854788
2003.6836 43.52 -92.52 -12.10272381853114 13.73543886751665
2003.7110 43.52 -92.52 -21.08771064521994 10.12989633240443
2003.7384 43.52 -92.52 -25.21392988806303 12.85574949768780
2003.7658 43.52 -92.52 -4.03168063082114 11.69838472609389
2003.7932 43.52 -92.52 -29.57336395048111 13.31390351473468
2003.8205 43.52 -92.52 -22.43256081608727 14.13001855701652
2003.8479 43.52 -92.52 -7.93793051251249 11.95119903147853
2003.8753 43.52 -92.52 -27.26305511962978 13.16269289898343
2003.9027 43.52 -92.52 -14.25098279715553 11.56471600633787
2003.9301 43.52 -92.52 -7.82728114132433 12.33624389190939
2003.9575 43.52 -92.52 15.11404795883450 14.32510600661281
2003.9849 43.52 -92.52 -12.17776808218111 13.38256989382750
2004.0123 43.52 -92.52 4.70443584782743 14.37155021888467
2004.0397 43.52 -92.52 -3.99605890673875 11.02360875138438
2004.0945 43.52 -92.52 -3.65789771466756 10.26319053250715
2004.1219 43.52 -92.52 -7.06494770955589 11.80402303409589
2004.1493 43.52 -92.52 1.82355473223318 14.07180033399520
2004.1767 43.52 -92.52 1.72861469056111 15.45275048075565
2004.2041 43.52 -92.52 16.75365711094146 12.13570408674609
2004.2315 43.52 -92.52 22.49522410963349 12.32070110840820
2004.2589 43.52 -92.52 13.51065437553873 12.68515646023532
2004.2863 43.52 -92.52 -6.90595021154158 12.75927090004616
2004.3137 43.52 -92.52 5.12379594013705 12.05290618223745
2004.3411 43.52 -92.52 8.54216545425504 13.37086543876655
2004.3685 43.52 -92.52 12.14886334839000 12.61336697289243
2004.3959 43.52 -92.52 27.19678264766267 10.86841285818836
2004.4233 43.52 -92.52 33.18890687598122 10.39990314068553
2004.4507 43.52 -92.52 11.14618065282391 9.30558357259337
2004.4781 43.52 -92.52 42.83023112115651 10.34775654378926
2004.5055 43.52 -92.52 12.89150855140314 10.03892696054979
2004.5329 43.52 -92.52 33.71296740764982 9.38515467027484
2004.5603 43.52 -92.52 23.25095963402667 9.74047197362945
2004.5877 43.52 -92.52 14.11059601533102 9.77608130681749
2004.6151 43.52 -92.52 20.45113800287197 10.83318978039523
2004.6425 43.52 -92.52 25.50616428122749 9.03674209342149
2004.6699 43.52 -92.52 20.36469652120922 9.01727556784439
2004.6973 43.52 -92.52 4.99903770729390 8.37805921557196
2004.7247 43.52 -92.52 10.49555521219452 9.78784330501243
2004.7521 43.52 -92.52 10.41391117505526 9.28687609614534
2004.7795 43.52 -92.52 -7.64700034900361 9.12214183361096
2004.8068 43.52 -92.52 -8.67410422136055 10.29038064335250
2004.8342 43.52 -92.52 3.50439348578481 10.17948505732974
2004.8616 43.52 -92.52 0.63497290349954 8.77266566481314
2004.8890 43.52 -92.52 -1.80285510714466 8.80727290159526
2004.9164 43.52 -92.52 8.10215326577610 9.77586582037725
2004.9438 43.52 -92.52 9.34016721264442 10.57093678147142
2004.9712 43.52 -92.52 8.65507722791592 9.91329847313670
2004.9973 43.52 -92.52 22.21304978953700 9.40057722031521
2005.0233 43.52 -92.52 -4.75298826761184 11.32512311001055
2005.0507 43.52 -92.52 10.57472067197995 17.70045810757852
2005.0781 43.52 -92.52 5.38765994346330 12.93804745971057
2005.1055 43.52 -92.52 15.61124156057577 12.79177885471345
2005.1329 43.52 -92.52 18.74499605453269 13.12089830322582
2005.1603 43.52 -92.52 6.92427603258129 11.42860326134266
2005.1877 43.52 -92.52 9.86512540531005 11.29996049804848
2005.2151 43.52 -92.52 21.45680107991376 10.41711034935659
2005.2425 43.52 -92.52 36.64533312969414 10.22869265108471
2005.2699 43.52 -92.52 24.44865067202850 11.04537961455515
2005.2973 43.52 -92.52 28.91191922892962 11.75164650059455
2005.3247 43.52 -92.52 11.34267739813462 12.41254479069345
2005.3521 43.52 -92.52 8.08897600897326 4.41408563610418
2005.3795 43.52 -92.52 22.33066657882597 11.51944946001320
2005.4068 43.52 -92.52 22.25420253998630 10.37171010875766
2005.4342 43.52 -92.52 28.79478940494740 11.89007554069437
2005.4616 43.52 -92.52 22.72633112944026 10.90638860965620
2005.4890 43.52 -92.52 17.39124703491411 10.32142190453298
2005.5164 43.52 -92.52 -4.15385869142011 10.25328478583740
2005.5438 43.52 -92.52 -14.77325704554518 11.34658254149271
2005.5712 43.52 -92.52 -3.82779519213975 12.51214546421692
2005.5986 43.52 -92.52 -10.89812510606511 12.80169408069899
2005.6260 43.52 -92.52 -2.77641480997640 11.14958950047656
2005.6534 43.52 -92.52 -17.11726092941319 11.92859128804749
2005.6808 43.52 -92.52 -20.32507632605449 11.63684692886852
2005.7082 43.52 -92.52 -14.71848623613557 14.54862342227305
2005.7356 43.52 -92.52 -8.92756272274092 12.60234526230592
2005.7630 43.52 -92.52 -12.05256761767979 12.61858550620599
2005.7904 43.52 -92.52 16.59945818496255 11.64799441255420
2005.8178 43.52 -92.52 -8.60861230360828 12.06581391206786
2005.8452 43.52 -92.52 -2.92088716353427 12.90647013633528
2005.8726 43.52 -92.52 -1.01386801187152 11.09049923699417
2005.9000 43.52 -92.52 3.47296786099060 10.71731468275791
2005.9274 43.52 -92.52 32.20225361761582 10.54967898097730
2005.9548 43.52 -92.52 29.27474593848384 9.03985543718829
2005.9822 43.52 -92.52 8.25367755026737 9.80104352031911
2006.0096 43.52 -92.52 24.68575718801503 11.25359238478202
2006.0370 43.52 -92.52 39.23898324029668 14.57605867464194
2006.0644 43.52 -92.52 16.88178485633429 14.72791150985991
2006.0918 43.52 -92.52 33.97687714675222 14.84571714073374
2006.1192 43.52 -92.52 23.96926516538757 17.36400080533847
2006.1466 43.52 -92.52 28.37609384760077 13.21284140332274
2006.1740 43.52 -92.52 21.71609691629100 15.42968511356461
2006.2014 43.52 -92.52 11.50356051968356 11.43519979081945
2006.2288 43.52 -92.52 10.83111882139642 15.52850764889379
2006.2562 43.52 -92.52 1.12217873354915 14.67357636067659
2006.2836 43.52 -92.52 16.67147933257224 14.20484322595913
2006.3110 43.52 -92.52 1.63163049175515 15.27359392893938
2006.3384 43.52 -92.52 -18.01295432989614 13.76367225054178
2006.3658 43.52 -92.52 23.55679328394870 15.36857513083341
2006.3932 43.52 -92.52 -1.06551683504365 15.03921352871534
2006.4205 43.52 -92.52 11.19548732276987 14.98001946093882
2006.4479 43.52 -92.52 26.48880134146703 15.95087153726381
2006.4753 43.52 -92.52 10.61864466431541 16.61632521907536
2006.5027 43.52 -92.52 -13.33143889943289 17.37737072965493
2006.5301 43.52 -92.52 3.85696020966086 21.16257087733777
2006.5575 43.52 -92.52 -32.89047512410713 16.46344074098225
2006.5849 43.52 -92.52 -32.32161474603529 16.98727957353834
2006.6123 43.52 -92.52 1.44200909990938 21.91672976528541
2006.6397 43.52 -92.52 -10.21916509190587 18.13741552089076
2006.6671 43.52 -92.52 13.23717056696027 16.12405518728680
2006.6945 43.52 -92.52 -3.67019714984386 21.22147354423731
2006.7219 43.52 -92.52 1.28501138816884 19.22068119593872
2006.7493 43.52 -92.52 -14.02087279934171 23.48166362378046
2006.7767 43.52 -92.52 13.62994720013245 20.43173514984190
2006.8041 43.52 -92.52 15.79072268766802 16.02313220388692
2006.8315 43.52 -92.52 0.34143168786980 19.10010439556989
2006.8589 43.52 -92.52 -19.77901591757858 18.40729996876796
2006.8863 43.52 -92.52 8.34673393368200 17.42907785475331
2006.9137 43.52 -92.52 9.76941695838829 16.70241380567124
2006.9411 43.52 -92.52 10.78283177201773 16.32413625451076
2006.9685 43.52 -92.52 -20.82075300024450 15.94103677394941
2006.9959 43.52 -92.52 6.61270869708196 15.46683669038574
2007.0233 43.52 -92.52 2.46509085464429 14.05178938345518
2007.0507 43.52 -92.52 -1.17264371292789 14.95665744549530
2007.0781 43.52 -92.52 3.92720266443081 15.95201880618231
2007.1055 43.52 -92.52 12.45368591791479 14.00494218929921
2007.1329 43.52 -92.52 20.18524353102191 15.47236191545062
2007.1603 43.52 -92.52 31.54771815471728 14.71963240887792
2007.1877 43.52 -92.52 14.74338901863317 20.09674262500144
2007.2151 43.52 -92.52 10.49080067717052 17.73154697418330
2007.2425 43.52 -92.52 38.88953866110853 16.96633731931607
2007.2699 43.52 -92.52 14.50670217604056 12.72277272965653
2007.2973 43.52 -92.52 9.23332462967580 11.91749024049100
2007.3247 43.52 -92.52 17.52408907039825 15.28939671664488
2007.3521 43.52 -92.52 -5.22473484653570 17.02123531335396
2007.3795 43.52 -92.52 -1.82127268695441 18.05414232500945
2007.4068 43.52 -92.52 20.57789328112260 14.51236031392072
2007.4342 43.52 -92.52 26.85552028484804 13.70535699178143
2007.4616 43.52 -92.52 -10.36137965798412 19.05475212905493
2007.4890 43.52 -92.52 -15.26465550350459 13.74321903043132
2007.5164 43.52 -92.52 -25.28733186464073 14.77635305986506
2007.5438 43.52 -92.52 -28.95579034388206 14.18173555824113
2007.5712 43.52 -92.52 -4.40282969372810 14.57971216477104
2007.5986 43.52 -92.52 -24.06324994842966 18.34780212244721
2007.6260 43.52 -92.52 -2.23750513560446 14.45872397988469
2007.6534 43.52 -92.52 30.75988225775070 14.77086299603087
2007.6808 43.52 -92.52 15.23266579500820 15.43694584178997
2007.7082 43.52 -92.52 -1.37721929419171 10.62465148053186
2007.7356 43.52 -92.52 -2.97907283635774 15.85642152850025
2007.7630 43.52 -92.52 0.75434203767611 11.38136998347093
2007.7904 43.52 -92.52 21.77869210438211 15.79731627127348
2007.8178 43.52 -92.52 5.21031924479227 18.62662580986676
2007.8452 43.52 -92.52 19.22304047460867 14.46972783712271
2007.8726 43.52 -92.52 34.46649007425366 17.13279856394641
2007.9000 43.52 -92.52 13.12064783560083 18.05212689066829
2007.9274 43.52 -92.52 13.10110830447334 17.93627838651725
2007.9548 43.52 -92.52 22.74671863477491 13.10146962390446
2007.9822 43.52 -92.52 23.13740422547249 16.56041969254019
2008.0096 43.52 -92.52 12.25406665459474 14.41234481160717
2008.0370 43.52 -92.52 30.65983407321610 15.07111022664951
2008.0644 43.52 -92.52 23.76584297661921 17.77325970103432
2008.0918 43.52 -92.52 22.02273143180876 13.44752855671850
2008.1192 43.52 -92.52 26.65619893103757 16.40330408059201
2008.1466 43.52 -92.52 13.79637663102450 19.40824951091590
2008.1740 43.52 -92.52 29.14071858968268 16.73400654776484
2008.2014 43.52 -92.52 17.08421603783969 18.43698216801969
2008.2288 43.52 -92.52 33.26316362044117 20.43293961639866
2008.2562 43.52 -92.52 16.17561028052851 19.38364646052946
2008.2836 43.52 -92.52 20.88006263595026 23.37475090249441
2008.3110 43.52 -92.52 28.18427466265651 24.45171330118032
2008.3384 43.52 -92.52 21.12139170691401 17.94693473620731
2008.3658 43.52 -92.52 10.56534987281914 18.14011056306810
2008.3932 43.52 -92.52 32.13015006877393 16.09729034435079
2008.4205 43.52 -92.52 9.41210834188256 14.06232789028076
2008.4479 43.52 -92.52 41.92110389260603 14.55752660744390
2008.4753 43.52 -92.52 36.45251942695644 13.96212658941105
2008.5027 43.52 -92.52 11.66947201858892 17.28182514722668
2008.5301 43.52 -92.52 4.29475574167207 21.38321567278036
2008.5575 43.52 -92.52 -1.00321614773011 13.44885321727511
2008.5849 43.52 -92.52 -9.63150603027732 16.03292228869232
2008.6123 43.52 -92.52 3.93289678072577 12.76046211826000
2008.6397 43.52 -92.52 -23.70796386863073 14.26086993739445
2008.6671 43.52 -92.52 -30.54013433840427 13.54439258862565
2008.6945 43.52 -92.52 -21.46070417835072 13.03125430893144
2008.7219 43.52 -92.52 -45.69468557857375 15.49446583237673
2008.7493 43.52 -92.52 -35.10849229143154 13.85692413383231
2008.7767 43.52 -92.52 -7.88761438499428 16.67402801545378
2008.8041 43.52 -92.52 -22.75841879860775 16.83468021900364
2008.8315 43.52 -92.52 -8.63543030133045 18.86892386572939
2008.8589 43.52 -92.52 -16.68670011353070 22.08275436654916
2008.8863 43.52 -92.52 -15.01582760524673 21.17595780337201
2008.9137 43.52 -92.52 -10.98544717880710 20.26566250921438
2008.9411 43.52 -92.52 -12.01940696891317 20.86846056407375
2008.9685 43.52 -92.52 -8.81696312345254 19.46409756419989
2008.9945 43.52 -92.52 0.00620009155369 16.51532743773750
2009.0205 43.52 -92.52 -37.28727556413674 16.41759436669560
2009.0479 43.52 -92.52 5.07384163059258 16.42236823555386
2009.0753 43.52 -92.52 -0.43258773474314 15.45826674020040
2009.1027 43.52 -92.52 20.17827533291517 19.68228322139445
2009.1301 43.52 -92.52 16.02603047598143 15.31447113815937
2009.1575 43.52 -92.52 -8.60718115163685 15.45762493192329
2009.1849 43.52 -92.52 15.14874753182401 18.52358033837207
2009.2123 43.52 -92.52 15.67255140513924 15.13780097712336
2009.2397 43.52 -92.52 4.23792305945791 17.72732746687744
2009.2671 43.52 -92.52 10.54601250020028 14.64660144843146
2009.2945 43.52 -92.52 23.65630797104853 15.09713831548143
2009.3219 43.52 -92.52 -0.46835921831605 15.71007772798103
2009.3493 43.52 -92.52 -11.82301134878405 14.26782811911911
2009.3767 43.52 -92.52 -1.73867504365287 15.02937762717358
2009.4041 43.52 -92.52 -5.82512012517051 12.93922667043577
2009.4315 43.52 -92.52 -3.59732263429344 15.32525798035519
2009.4589 43.52 -92.52 -34.89316364200054 12.52332359226287
2009.4863 43.52 -92.52 -35.44032726054127 13.93711884642891
2009.5137 43.52 -92.52 -28.03954305789935 13.03517805944532
2009.5411 43.52 -92.52 -7.56333993455960 16.37507060103307
2009.5685 43.52 -92.52 -12.00373137934672 17.57995647024356
2009.5959 43.52 -92.52 -20.71448234593593 15.22449419608071
2009.6233 43.52 -92.52 -28.52624866255767 16.19516025956211
2009.6507 43.52 -92.52 -37.75133942260657 15.62827968273056
2009.6781 43.52 -92.52 -1.15745205654557 16.95095732791524
2009.7055 43.52 -92.52 -11.36480391756520 17.83473248587256
2009.7329 43.52 -92.52 -29.99345968716655 17.00596709553845
2009.7603 43.52 -92.52 -4.69498097697736 19.47824466488813
2009.7877 43.52 -92.52 11.34613489364430 17.91455317380888
2009.8151 43.52 -92.52 -3.96737283670690 19.48038535769723
2009.8425 43.52 -92.52 -8.45749541235987 17.52044174585680
2009.8699 43.52 -92.52 -6.50377536584810 16.64621542938071
2009.8973 43.52 -92.52 1.17189446472716 15.46984107402547
2009.9247 43.52 -92.52 -11.31008064530434 14.96411147045155
2009.9521 43.52 -92.52 -9.46849280636404 14.20451372669586
2009.9795 43.52 -92.52 -13.75847984544281 14.61319711960974
2010.0068 43.52 -92.52 7.39655898737072 19.13311344849800
2010.0342 43.52 -92.52 14.63476171087738 14.43904741256430
2010.0616 43.52 -92.52 8.70490498367310 14.92093413099149
2010.0890 43.52 -92.52 30.37085441377410 18.38963353555147
2010.1164 43.52 -92.52 11.47840513329311 19.01449811360144
2010.1438 43.52 -92.52 2.64994754636934 17.95393947990081
2010.1712 43.52 -92.52 31.49554375617959 17.11428061419660
2010.1986 43.52 -92.52 22.66680459568895 16.37562970606121
2010.2260 43.52 -92.52 29.33905398044829 17.99903940306988
2010.2534 43.52 -92.52 14.99265721408274 18.46954095135503
2010.2808 43.52 -92.52 -13.46271628621622 13.85444459459232
2010.3082 43.52 -92.52 -23.50598979621832 14.68115438318823
2010.3356 43.52 -92.52 -4.64578718866984 12.94099456013016
2010.3630 43.52 -92.52 -15.95498838359638 13.89392739788390
2010.3904 43.52 -92.52 -14.55926179704490 13.97125566391016
2010.4178 43.52 -92.52 -17.49797390211430 14.88140089054135
2010.4452 43.52 -92.52 -11.86530128977918 12.91171688476495
2010.4726 43.52 -92.52 2.27684377250339 11.43542892765704
2010.5000 43.52 -92.52 12.13158193615772 13.27451199946049
2010.5274 43.52 -92.52 1.49219230343595 22.34137343787073
2010.5548 43.52 -92.52 13.23896422848921 13.78358256038637
2010.5822 43.52 -92.52 5.80663515209223 12.31021722891042
2010.6096 43.52 -92.52 0.53768491694784 16.55073358476080
2010.6370 43.52 -92.52 26.34146812857819 14.51454139716741
2010.6644 43.52 -92.52 16.07501730055257 13.46336271910681
2010.6918 43.52 -92.52 11.97609514910376 16.66757814745565
2010.7192 43.52 -92.52 -8.68623871395568 15.44018522715771
2010.7466 43.52 -92.52 15.43063111943420 18.31618386436266
2010.7740 43.52 -92.52 5.61838712626933 14.22849039642904
2010.8014 43.52 -92.52 -0.90472086532105 13.64815749253994
2010.8288 43.52 -92.52 28.36995058714387 15.89152952926755
2010.8562 43.52 -92.52 -10.66527241784822 15.51376169774680
2010.8836 43.52 -92.52 21.85956921185315 14.09259717885858
2010.9110 43.52 -92.52 23.03100992022300 15.71758573495367
2010.9384 43.52 -92.52 28.39228510391024 16.41061830353295
2010.9658 43.52 -92.52 25.98393526171409 18.23854010193354
2010.9932 43.52 -92.52 44.30960643871242 13.12587714149637
2011.1027 43.52 -92.52 28.22121483774972 13.17228388818887
2011.1301 43.52 -92.52 31.43379122970495 21.65378840601786
2011.1575 43.52 -92.52 20.01748509021351 13.85872533790531
2011.1849 43.52 -92.52 24.93259394941029 10.57061871520552
2011.2123 43.52 -92.52 33.86924167032767 18.36571004843404
2011.2397 43.52 -92.52 37.19210100676129 19.31855455407904
2011.2671 43.52 -92.52 43.00869806510463 15.23084428333114
2011.2945 43.52 -92.52 56.27313551273279 18.14714868623937
2011.3219 43.52 -92.52 43.03540425195493 16.92115627092168
2011.3493 43.52 -92.52 23.15840807608875 14.89848455573742
2011.3767 43.52 -92.52 23.12639883167415 17.81291903192398
2011.4041 43.52 -92.52 27.60899166554568 15.32047128008846
2011.4315 43.52 -92.52 30.77527430102680 15.00094695568971
2011.5137 43.52 -92.52 28.89962871319063 13.70668981835355
2011.5411 43.52 -92.52 48.62329640070604 14.92256644446979
2011.5685 43.52 -92.52 23.29429461021466 14.39304289347386
2011.5959 43.52 -92.52 28.48618358634242 15.62863067804035
2011.6233 43.52 -92.52 14.84561185359842 15.47684969237489
2011.6507 43.52 -92.52 28.68262873271222 18.95571751179776
2011.6781 43.52 -92.52 -1.86248698583384 17.57239541541190
2011.7055 43.52 -92.52 -16.93105781279194 17.66674346578867
2011.7329 43.52 -92.52 -12.48172459023726 20.78238341523765
2011.7603 43.52 -92.52 -33.52315741583104 17.60098894299752
2011.7877 43.52 -92.52 -9.77157084174387 18.87503169119418
2011.8151 43.52 -92.52 -15.88488478069661 18.41364134983726
2011.8425 43.52 -92.52 -47.21928707060781 20.25904192766494
2011.8699 43.52 -92.52 2.81211120635618 18.69875842283156
2011.9521 43.52 -92.52 -8.43186018958224 11.44419323011992
2011.9795 43.52 -92.52 -16.45935035800646 15.87535838763362
2012.0068 43.52 -92.52 -16.56579661634517 14.61461983891654
2012.0342 43.52 -92.52 -12.28832091144964 17.68638497761144
2012.0616 43.52 -92.52 1.51518329123906 15.26823747609461
2012.0890 43.52 -92.52 -9.18679684122519 14.99200139085172
2012.1164 43.52 -92.52 -14.77951180782574 14.57866098603469
2012.1438 43.52 -92.52 -5.41170120235321 15.07349779080423
2012.1712 43.52 -92.52 -6.44743101658973 14.18962007046104
2012.1986 43.52 -92.52 -29.34388372175789 12.70679352490177
2012.2260 43.52 -92.52 3.21940411788003 13.18891165567232
2012.2534 43.52 -92.52 -12.27045956329187 12.78363962244785
2012.2808 43.52 -92.52 -3.79147187312277 11.83944182718426
2012.3082 43.52 -92.52 0.10109682114912 13.47980991965407
2012.3904 43.52 -92.52 1.04455329539159 13.89637636344426
2012.4178 43.52 -92.52 14.96267726073789 10.74370615604348
2012.4452 43.52 -92.52 19.58536531859741 10.54945445386554
2012.4726 43.52 -92.52 -5.40815949185752 11.51002992063670
2012.5000 43.52 -92.52 -9.82819869135680 10.84195568652630
2012.5274 43.52 -92.52 -21.56427330004767 11.64403947729085
2012.5548 43.52 -92.52 -18.19336349770773 11.65414312029495
2012.5822 43.52 -92.52 -34.52430847669945 12.47033911798606
2012.6096 43.52 -92.52 -42.35996175092513 12.47859276870267
2012.6370 43.52 -92.52 -60.99843192680041 11.36950238504062
2012.6644 43.52 -92.52 -32.68141111448460 12.59979505026240
2012.6918 43.52 -92.52 -48.47738294824816 13.06509407400415
2012.7192 43.52 -92.52 -42.32239510610942 16.16650177296218
2012.7466 43.52 -92.52 -47.95767964759905 10.64382156931722
2012.8562 43.52 -92.52 -48.21765694069784 16.60431941506769
2012.8836 43.52 -92.52 -31.98962197082558 15.69256623910250
2012.9110 43.52 -92.52 -46.64641665302861 14.79775060155965
2012.9384 43.52 -92.52 -43.26232502339549 13.89785931006607
2012.9658 43.52 -92.52 -30.69045173543220 16.11564337849528
2012.9918 43.52 -92.52 -29.44952053274623 7.46957879719239
2013.0178 43.52 -92.52 -43.50183572820477 9.04559074592460
2013.0452 43.52 -92.52 -43.97333362470710 8.95659546327427
2013.0726 43.52 -92.52 -35.55316599902654 8.16444124057998
2013.1000 43.52 -92.52 -39.23690113752769 8.40125181915991
2013.1274 43.52 -92.52 -10.50334283249613 7.67332771740098
2013.1548 43.52 -92.52 -29.86664293796466 6.89841520819878
2013.2644 43.52 -92.52 -17.33588982237528 7.90072788912746
2013.2918 43.52 -92.52 -5.14450744680577 7.95285546260909
2013.3192 43.52 -92.52 -24.78749282782777 8.94472885282659
2013.3466 43.52 -92.52 -2.57251037120506 9.22202089768098
2013.3740 43.52 -92.52 17.72366001743826 7.73035361933182
2013.4014 43.52 -92.52 9.72182728429473 8.02654887613920
2013.4288 43.52 -92.52 -9.83007096336425 6.88463402345971
2013.4562 43.52 -92.52 1.85962594401823 7.00061492595310
2013.4836 43.52 -92.52 14.24305077920403 7.24657087650418
2013.5110 43.52 -92.52 -3.54194453932796 8.34898215465822
2013.5384 43.52 -92.52 -3.70310996577433 7.99422212206113
2013.5658 43.52 -92.52 -42.36220868194781 8.50559943162194
2013.7575 43.52 -92.52 -11.13795814982277 7.91480077418922
2013.7849 43.52 -92.52 -11.33717512788978 8.32249861701039
2013.8123 43.52 -92.52 -38.57793877178112 7.55863448515768
2013.8397 43.52 -92.52 -20.04852830003137 7.69794364773978
2013.8671 43.52 -92.52 -23.36291796395263 8.20078478701692
2013.8945 43.52 -92.52 -29.21644619046644 7.67582580098256
2013.9219 43.52 -92.52 -11.64288778940117 6.65630618632265
2013.9493 43.52 -92.52 -37.02337902389873 7.24034798645797
2013.9767 43.52 -92.52 -24.43604146708364 7.19704730425462
2014.0041 43.52 -92.52 -57.46013560912722 6.98057753960466
2014.0315 43.52 -92.52 -32.73683806600952 7.39162819922606
2014.1685 43.52 -92.52 -6.70215641081601 7.68106575338413
2014.1959 43.52 -92.52 -26.21132802961619 8.09637768300244
2014.2233 43.52 -92.52 -3.29428432167534 7.57605548565012
2014.2507 43.52 -92.52 -34.96756204526681 6.83116298728368
2014.2781 43.52 -92.52 -30.84052170863929 7.30492769014072
2014.3055 43.52 -92.52 -14.28604968887776 6.94883882746468
2014.3329 43.52 -92.52 -22.60040676826233 5.47344040586199
2014.3603 43.52 -92.52 -13.55614398220313 6.42781549300838
2014.3877 43.52 -92.52 -5.79732011070156 6.44730972334811
2014.4151 43.52 -92.52 2.11014347324261 6.36531004209357
2014.4425 43.52 -92.52 6.17042598505941 6.83385947836970
2014.4699 43.52 -92.52 -26.71172882330088 6.70421425692462
2014.5795 43.52 -92.52 -32.09370203173192 5.33362502403615
2014.6068 43.52 -92.52 -31.39347413984596 5.87211680442367
2014.6342 43.52 -92.52 -36.13009531551182 5.17188171105038
2014.6616 43.52 -92.52 -25.10441606038996 5.98729158730000
2014.6890 43.52 -92.52 -16.85031752632993 5.82501066515320
2014.7164 43.52 -92.52 8.19343810071408 5.68139207636821
2014.7438 43.52 -92.52 -11.46948680481633 6.31473943734188
2014.7712 43.52 -92.52 -23.84682443474590 6.24048160078855
2014.7986 43.52 -92.52 -23.21477221702566 5.36086946970568
2014.8260 43.52 -92.52 -29.77767234768694 5.31041306518767
2014.8534 43.52 -92.52 -28.93887019883109 5.68028780541690
2014.8808 43.52 -92.52 -12.22863285164452 5.70070695105858
2014.9082 43.52 -92.52 -25.55541461071076 5.83511684738721
2015.0452 43.52 -92.52 -2.97109846037950 4.04385171830806
2015.0726 43.52 -92.52 -21.24257209453501 4.62415176396384
2015.1000 43.52 -92.52 -0.93140265105716 3.92983149598875
2015.1274 43.52 -92.52 2.16148487880807 3.61752612072752
2015.1548 43.52 -92.52 -20.03569646337017 4.44610827153968
2015.1822 43.52 -92.52 -14.94875186414312 4.06385113532010
2015.2096 43.52 -92.52 -9.16767203014712 5.94393199657178
2015.2370 43.52 -92.52 -24.39054937800965 6.47114513796208
2015.2644 43.52 -92.52 -55.10449356230971 5.57030650227178
2015.2918 43.52 -92.52 -5.55152474459132 5.47664780600575
2015.3192 43.52 -92.52 -22.30025918679809 5.25413910804405
2015.3466 43.52 -92.52 -20.32458457724735 5.79329731239061
2015.4836 43.52 -92.52 -20.51485374380907 4.80149855793375
2015.5110 43.52 -92.52 -41.15794302650306 4.73515396311187
2015.5384 43.52 -92.52 -40.88864131558751 5.39751311760103
2015.5658 43.52 -92.52 -52.97013289854682 5.74356985849519
2015.5932 43.52 -92.52 -46.34959058450619 6.08731271539396
2015.6205 43.52 -92.52 -44.76739219049465 5.73343657716678
2015.6479 43.52 -92.52 -25.66709414670471 5.60637213535352
2015.6753 43.52 -92.52 -42.55614346033182 5.24369183433322
2015.7027 43.52 -92.52 -21.27982312676253 5.96690660157747
2015.7301 43.52 -92.52 -26.92909314748582 5.84732286418105
2015.9493 43.52 -92.52 -7.19338851053798 5.57256222425022
2015.9767 43.52 -92.52 0.31075050528234 6.15074296023223
2016.0041 43.52 -92.52 -14.63448572286475 5.42899814531702
2016.0315 43.52 -92.52 -20.11817708932112 5.15552645459361
2016.0589 43.52 -92.52 6.45608422721763 5.27114240596963
2016.0863 43.52 -92.52 -32.94108495458214 4.58455280875306
2016.1137 43.52 -92.52 -1.83104104106372 5.39548861610758
2016.1411 43.52 -92.52 39.14354503455646 6.67388429611593
2016.1685 43.52 -92.52 -0.28459290121380 7.36279522053414
2016.1959 43.52 -92.52 -32.92820926186234 7.24787161219022
2016.2233 43.52 -92.52 -25.38804765727130 7.39147768591704
2016.2507 43.52 -92.52 -12.20517064568313 5.54412968939284
2016.3603 43.52 -92.52 -11.77051647585437 5.20499939185017
2016.3877 43.52 -92.52 -23.06591994029889 6.42837357700503
2016.4151 43.52 -92.52 -13.37365270070871 6.22386263408417
2016.4425 43.52 -92.52 -24.85764501258240 6.85827409380864
2016.4699 43.52 -92.52 -31.82912324803364 6.70068223877270
