2002.5877 45.15 -61.97 1.69203876541342 10.32837401802334
2002.6151 45.15 -61.97 -12.90248180159981 10.07021881731360
2002.6425 45.15 -61.97 -17.21103518837942 10.29035569799120
2002.6699 45.15 -61.97 -34.43899774412730 8.59663488716849
2002.6973 45.15 -61.97 -36.61070742577589 13.87059673510394
2002.7247 45.15 -61.97 -40.98653897226758 9.81346207318494
2002.7521 45.15 -61.97 -9.15930893317672 8.95781570069002
2002.7795 45.15 -61.97 -1.72350026750386 10.21471477067401
2002.8068 45.15 -61.97 -15.46677532532995 9.31180012886716
2002.8342 45.15 -61.97 -8.04497431436999 9.12695521971935
2002.8616 45.15 -61.97 13.22768617865630 8.76839530559463
2002.8890 45.15 -61.97 17.81943315148209 9.27953314618533
2002.9164 45.15 -61.97 -5.77806192389589 9.60110777606415
2003.0260 45.15 -61.97 -17.06147475745160 10.68061325396217
2003.0534 45.15 -61.97 46.87852636170994 18.80511750599389
2003.0808 45.15 -61.97 20.47978731401041 15.50966736658384
2003.1082 45.15 -61.97 -18.24273746979815 8.57891137302087
2003.1356 45.15 -61.97 -40.97773030490845 7.89319985344983
2003.1630 45.15 -61.97 3.44870355155580 8.59040273378649
2003.1904 45.15 -61.97 42.95352427901514 10.05853872887268
2003.2178 45.15 -61.97 14.39723170675480 8.46707508225176
2003.2452 45.15 -61.97 15.47213465965283 8.41491560915842
2003.2726 45.15 -61.97 5.83809205742214 8.18953208797467
2003.3000 45.15 -61.97 -2.97024162440932 8.03215323692753
2003.3274 45.15 -61.97 -31.44690986181030 10.77832046913440
2003.3548 45.15 -61.97 -28.03600873528108 12.25786146562510
2003.3822 45.15 -61.97 -8.01695735174540 10.48500412178342
2003.5192 45.15 -61.97 -3.35252157072800 11.97538003260816
2003.5466 45.15 -61.97 -27.43222976504878 13.66265028316664
2003.5740 45.15 -61.97 17.19915742438920 16.36510407818985
2003.6014 45.15 -61.97 31.90547510355537 13.71328440508339
2003.6288 45.15 -61.97 -8.10839244702274 12.60766891984147
2003.6562 45.15 -61.97 1.43195233537041 13.81518478389176
2003.6836 45.15 -61.97 1.92494272198701 13.83807385306999
2003.7110 45.15 -61.97 -3.82830856680118 10.22156512089096
2003.7384 45.15 -61.97 -17.92548415150695 12.95963121024926
2003.7658 45.15 -61.97 -2.69467645762676 11.79342596947749
2003.7932 45.15 -61.97 5.34800612074470 13.42066894016650
2003.8205 45.15 -61.97 -5.13807358243914 14.26117743761467
2003.8479 45.15 -61.97 8.78540117590350 12.08364881806637
2003.8753 45.15 -61.97 -7.28070982586994 13.27883550442495
2003.9027 45.15 -61.97 0.80368439674687 11.67519429545646
2003.9301 45.15 -61.97 -13.93855585053728 12.44239532858976
2003.9575 45.15 -61.97 -23.72325174868088 14.44327319259147
2003.9849 45.15 -61.97 6.85129060265005 13.49869680300080
2004.0123 45.15 -61.97 -23.09819489625109 14.49883574757053
2004.0397 45.15 -61.97 -7.31566741765971 11.17669867830411
2004.0945 45.15 -61.97 -25.42454541358208 10.40284476902841
2004.1219 45.15 -61.97 -18.70232597822201 11.91756487012971
2004.1493 45.15 -61.97 9.35471826180490 14.19676367618502
2004.1767 45.15 -61.97 1.22623987428623 15.58479882735871
2004.2041 45.15 -61.97 4.99524955230039 12.26066647282942
2004.2315 45.15 -61.97 32.73690033622793 12.45413795431981
2004.2589 45.15 -61.97 15.63705049540934 12.81778236826616
2004.2863 45.15 -61.97 -30.48421750238296 12.89614237511864
2004.3137 45.15 -61.97 -0.78260917700697 12.18879806256593
2004.3411 45.15 -61.97 16.61401042289627 13.51130422589625
2004.3685 45.15 -61.97 3.06738271304661 12.76644762108535
2004.3959 45.15 -61.97 -10.40081236515843 11.00990466990446
2004.4233 45.15 -61.97 -0.10481256274708 10.54072140314052
2004.4507 45.15 -61.97 -24.30592501944052 9.42627168029879
2004.4781 45.15 -61.97 -7.74796813267007 10.47958565082412
2004.5055 45.15 -61.97 -4.17050304691621 10.16958234498648
2004.5329 45.15 -61.97 -5.97365564471102 9.51367339919516
2004.5603 45.15 -61.97 -14.43202089303390 9.87135753107378
2004.5877 45.15 -61.97 -35.72020031485258 9.91113023829434
2004.6151 45.15 -61.97 -12.78974570381834 10.98221724596424
2004.6425 45.15 -61.97 16.96592028849767 9.16321898342670
2004.6699 45.15 -61.97 -19.31078676890244 9.14535613144420
2004.6973 45.15 -61.97 -35.17968355348930 8.49932880635270
2004.7247 45.15 -61.97 0.54298530374364 9.92438723469399
2004.7521 45.15 -61.97 1.15317226449753 9.41840149696939
2004.7795 45.15 -61.97 -23.99963680729725 9.25064246642972
2004.8068 45.15 -61.97 -30.57664534750085 10.43134921723162
2004.8342 45.15 -61.97 -9.18173661431788 10.31629450857365
2004.8616 45.15 -61.97 22.49596438036494 8.89522584354206
2004.8890 45.15 -61.97 8.30447910776106 8.92860597893593
2004.9164 45.15 -61.97 -23.56181857398509 9.89673267806018
2004.9438 45.15 -61.97 -19.32400309983732 10.71025491298535
2004.9712 45.15 -61.97 -19.89107061809224 10.03554542452410
2004.9973 45.15 -61.97 -41.73935887589028 9.52187285165608
2005.0233 45.15 -61.97 -6.68532420029086 11.44866355018786
2005.0507 45.15 -61.97 39.35208212441337 17.84013845970266
2005.0781 45.15 -61.97 13.60622855523749 13.06341829941361
2005.1055 45.15 -61.97 -6.83330400428007 12.91604164171737
2005.1329 45.15 -61.97 13.44052863055872 13.24362942546656
2005.1603 45.15 -61.97 14.50255038034745 11.54456541366339
2005.1877 45.15 -61.97 -0.41400029437843 11.43475415679202
2005.2151 45.15 -61.97 35.50267489049537 10.54967759090059
2005.2425 45.15 -61.97 14.31415233580361 10.34373349185554
2005.2699 45.15 -61.97 -9.11164330082237 11.16189570379040
2005.2973 45.15 -61.97 -8.75764982322479 11.87728496081746
2005.3247 45.15 -61.97 -9.28922021561599 12.54728901552330
2005.3521 45.15 -61.97 -7.12728573277646 4.46164627780934
2005.3795 45.15 -61.97 19.73734719307838 11.64748560483390
2005.4068 45.15 -61.97 -17.57006848171670 10.49190385549679
2005.4342 45.15 -61.97 -16.59192442736356 12.02517387864860
2005.4616 45.15 -61.97 -9.57268565874131 11.02130273433267
2005.4890 45.15 -61.97 -9.19834066065572 10.43142433528841
2005.5164 45.15 -61.97 -31.27740072076729 10.36203676391006
2005.5438 45.15 -61.97 -40.29229334571587 11.46169852260580
2005.5712 45.15 -61.97 -4.61572262635693 12.62761437816070
2005.5986 45.15 -61.97 6.38512772736583 12.91957004754456
2005.6260 45.15 -61.97 -10.70967149442765 11.26550686218193
2005.6534 45.15 -61.97 -9.73253373559510 12.04324114613350
2005.6808 45.15 -61.97 5.63489931394454 11.74466988878969
2005.7082 45.15 -61.97 -9.00943621426398 14.66344444135107
2005.7356 45.15 -61.97 -5.12990269835286 12.71227870871539
2005.7630 45.15 -61.97 -18.06945869817971 12.73132442997830
2005.7904 45.15 -61.97 -1.79338756696937 11.75030875738898
2005.8178 45.15 -61.97 4.06428783152272 12.17054795076956
2005.8452 45.15 -61.97 -25.76143281257330 13.01575735226204
2005.8726 45.15 -61.97 -6.22727136922229 11.19056094056071
2005.9000 45.15 -61.97 -5.62687549424624 10.82015422153496
2005.9274 45.15 -61.97 -13.96206229368668 10.67585521050149
2005.9548 45.15 -61.97 5.16358239062369 9.10507730776665
2005.9822 45.15 -61.97 0.57407243888646 9.91161518235586
2006.0096 45.15 -61.97 3.51177050713810 11.36698937552819
2006.0370 45.15 -61.97 -5.94538360562187 14.70668147362600
2006.0644 45.15 -61.97 13.08034532875551 14.86133115202401
2006.0918 45.15 -61.97 21.93127237883399 14.97266948164154
2006.1192 45.15 -61.97 9.87561315905711 17.49856727611416
2006.1466 45.15 -61.97 28.40954789713735 13.32460925983092
2006.1740 45.15 -61.97 -3.71468471051425 15.54385074822407
2006.2014 45.15 -61.97 9.66045288169993 11.53395132146805
2006.2288 45.15 -61.97 -17.16543055617144 15.63501128807657
2006.2562 45.15 -61.97 -20.09610899190905 14.77564482482432
2006.2836 45.15 -61.97 -21.35562868511231 14.30976857144205
2006.3110 45.15 -61.97 -18.00477690904583 15.37981235145938
2006.3384 45.15 -61.97 -6.39526244970217 13.86281091356634
2006.3658 45.15 -61.97 -26.65390695151294 15.47950173931195
2006.3932 45.15 -61.97 1.02761498483903 15.14010854334257
2006.4205 45.15 -61.97 20.97389262850092 15.08323810563221
2006.4479 45.15 -61.97 -8.16711520223944 16.08916238867582
2006.4753 45.15 -61.97 -2.28837370708515 16.74286211159686
2006.5027 45.15 -61.97 9.02211916922118 17.50016822026371
2006.5301 45.15 -61.97 23.20939328418318 21.29410287268792
2006.5575 45.15 -61.97 10.79317881242497 16.57427208099226
2006.5849 45.15 -61.97 -7.64085595734433 17.09879191177521
2006.6123 45.15 -61.97 -0.35631558400173 22.04445919687011
2006.6397 45.15 -61.97 21.46856541223830 18.25939719548441
2006.6671 45.15 -61.97 -25.02786646520886 16.22888708386935
2006.6945 45.15 -61.97 -20.59496401870670 21.36893024564976
2006.7219 45.15 -61.97 -28.33337190311941 19.35248242872545
2006.7493 45.15 -61.97 -21.55064679785258 23.65610061602351
2006.7767 45.15 -61.97 -37.57230818345367 20.56963790830127
2006.8041 45.15 -61.97 -15.23303604274100 16.13580428370282
2006.8315 45.15 -61.97 17.16996039301293 19.22435386857905
2006.8589 45.15 -61.97 5.93569870465818 18.53758047470049
2006.8863 45.15 -61.97 -15.89199439729901 17.55704910987066
2006.9137 45.15 -61.97 -2.87317498148304 16.83029739301799
2006.9411 45.15 -61.97 -5.64001639218064 16.44561709365739
2006.9685 45.15 -61.97 -3.76526023265298 16.07434575268321
2006.9959 45.15 -61.97 4.10542274778789 15.60643391555154
2007.0233 45.15 -61.97 -1.32138609354385 14.17983050417628
2007.0507 45.15 -61.97 -2.58387526138099 15.09402827620073
2007.0781 45.15 -61.97 -2.50462958880685 16.06546676817469
2007.1055 45.15 -61.97 -28.09754763313672 14.11864942111926
2007.1329 45.15 -61.97 10.49296782100790 15.59228312833135
2007.1603 45.15 -61.97 24.28303003818647 14.83335299736554
2007.1877 45.15 -61.97 -36.24477536280072 20.22979618933295
2007.2151 45.15 -61.97 -1.83553824106502 17.85386859818977
2007.2425 45.15 -61.97 -16.79269470198257 17.08220383436839
2007.2699 45.15 -61.97 6.48924480883500 12.82173838011014
2007.2973 45.15 -61.97 -0.00854588455286 12.02539459046719
2007.3247 45.15 -61.97 -10.98034300163470 15.40002115390722
2007.3521 45.15 -61.97 12.66863560920955 17.13228013082503
2007.3795 45.15 -61.97 30.97642662942512 18.17296777080402
2007.4068 45.15 -61.97 10.04274860296283 14.61460134395764
2007.4342 45.15 -61.97 26.48630745932419 13.80902130841767
2007.4616 45.15 -61.97 -5.82185351701961 19.17600139340118
2007.4890 45.15 -61.97 0.83919330236927 13.84912296698691
2007.5164 45.15 -61.97 -10.52064591219924 14.88240483834806
2007.5438 45.15 -61.97 -12.54976968862115 14.28435640214359
2007.5712 45.15 -61.97 4.04818270877342 14.68715338592013
2007.5986 45.15 -61.97 2.61979284452856 18.48061982145473
2007.6260 45.15 -61.97 -12.93718419109238 14.57043301867290
2007.6534 45.15 -61.97 -6.34434420227604 14.88594182865041
2007.6808 45.15 -61.97 -13.33113872083790 15.55344325903545
2007.7082 45.15 -61.97 -7.33963900309227 10.72259627032524
2007.7356 45.15 -61.97 -8.20052892913272 15.98158468006316
2007.7630 45.15 -61.97 -0.02907468272765 11.48563746499903
2007.7904 45.15 -61.97 4.38773551891375 15.91271164905548
2007.8178 45.15 -61.97 -10.18351567874737 18.76043382096643
2007.8452 45.15 -61.97 -8.66363463176327 14.58399545650738
2007.8726 45.15 -61.97 -13.98186046429524 17.26005523155572
2007.9000 45.15 -61.97 -19.72403595343529 18.19347762743114
2007.9274 45.15 -61.97 22.57914141200553 18.06325106066183
2007.9548 45.15 -61.97 -2.30418723050462 13.19891201886452
2007.9822 45.15 -61.97 -7.36263289661045 16.67271731990160
2008.0096 45.15 -61.97 24.40016367390671 14.51011625338784
2008.0370 45.15 -61.97 -5.88942049379559 15.16905852631560
2008.0644 45.15 -61.97 13.04232418084293 17.87870500854100
2008.0918 45.15 -61.97 -15.45714396447210 13.54422873505439
2008.1192 45.15 -61.97 46.07033007228228 16.50682075704556
2008.1466 45.15 -61.97 18.12706826747712 19.52293662383833
2008.1740 45.15 -61.97 29.75706085279849 16.83587886177570
2008.2014 45.15 -61.97 58.56700639111706 18.54122294514758
2008.2288 45.15 -61.97 80.19253731999960 20.56563737214486
2008.2562 45.15 -61.97 5.70892150293277 19.50841532038132
2008.2836 45.15 -61.97 -6.05664607864726 23.50875192635558
2008.3110 45.15 -61.97 0.59805140803298 24.59675994615469
2008.3384 45.15 -61.97 37.25152696336516 18.05821416167232
2008.3658 45.15 -61.97 -3.00552970188703 18.25511811480889
2008.3932 45.15 -61.97 28.45966989649408 16.21273587194413
2008.4205 45.15 -61.97 -1.98275876166467 14.16888831594885
2008.4479 45.15 -61.97 7.70431644630146 14.65771214922906
2008.4753 45.15 -61.97 -12.25111162009893 14.06602590238727
2008.5027 45.15 -61.97 -42.42031522139347 17.40975666991683
2008.5301 45.15 -61.97 -1.66753447381842 21.53026437013148
2008.5575 45.15 -61.97 -7.32363088629910 13.55981110498550
2008.5849 45.15 -61.97 11.35537069075501 16.14789023368551
2008.6123 45.15 -61.97 8.66919759616034 12.87167233802048
2008.6397 45.15 -61.97 -4.91921104750147 14.37071955637847
2008.6671 45.15 -61.97 -3.17577482785875 13.64568235917698
2008.6945 45.15 -61.97 -11.06786128107248 13.13772521796888
2008.7219 45.15 -61.97 8.64929012195271 15.60158941690267
2008.7493 45.15 -61.97 32.54159532843178 13.95753844355476
2008.7767 45.15 -61.97 -4.31183323208494 16.77943271412724
2008.8041 45.15 -61.97 7.20756546083655 16.93338878849478
2008.8315 45.15 -61.97 7.86334864856401 18.98895989025578
2008.8589 45.15 -61.97 -14.72267771291196 22.21619706301583
2008.8863 45.15 -61.97 7.54868758062109 21.30116952943769
2008.9137 45.15 -61.97 -5.23332894909916 20.37718253622937
2008.9411 45.15 -61.97 17.16594850146589 20.99830530233866
2008.9685 45.15 -61.97 18.80433521960957 19.57963139436496
2008.9945 45.15 -61.97 -10.65596354446071 16.61295675878058
2009.0205 45.15 -61.97 13.52937510359200 16.50491592197929
2009.0479 45.15 -61.97 25.58181113110060 16.51487044628764
2009.0753 45.15 -61.97 24.72484247919294 15.55211382090159
2009.1027 45.15 -61.97 52.42162783990237 19.79373572584975
2009.1301 45.15 -61.97 13.78283357542757 15.40621700843870
2009.1575 45.15 -61.97 27.95468020314551 15.55864690094884
2009.1849 45.15 -61.97 23.14513856454565 18.62185343307368
2009.2123 45.15 -61.97 31.32199487978244 15.25094000696163
2009.2397 45.15 -61.97 34.45823322860192 17.83032985428204
2009.2671 45.15 -61.97 39.92600012658568 14.73910098880951
2009.2945 45.15 -61.97 13.68315850127723 15.18819910984760
2009.3219 45.15 -61.97 9.10960628653969 15.80601571177893
2009.3493 45.15 -61.97 -3.06758393227368 14.36316473256639
2009.3767 45.15 -61.97 1.96021345004324 15.13184709345148
2009.4041 45.15 -61.97 -8.97340032521348 13.03445084763508
2009.4315 45.15 -61.97 8.95121193760465 15.42749211909512
2009.4589 45.15 -61.97 13.93004972452699 12.61937250772920
2009.4863 45.15 -61.97 10.06688307093797 14.04278526464674
2009.5137 45.15 -61.97 19.05014532835752 13.15522653290418
2009.5411 45.15 -61.97 10.69443113877810 16.50623801696906
2009.5685 45.15 -61.97 -4.41634324408456 17.71837819936608
2009.5959 45.15 -61.97 -6.62065275897655 15.35101376535837
2009.6233 45.15 -61.97 -5.38089901334529 16.31442407990005
2009.6507 45.15 -61.97 39.72696278038764 15.74367855993119
2009.6781 45.15 -61.97 6.19333550051176 17.06692724647622
2009.7055 45.15 -61.97 -2.13281766499535 17.94604886612158
2009.7329 45.15 -61.97 17.60814561726018 17.11410296692877
2009.7603 45.15 -61.97 21.56342812424273 19.59440273798280
2009.7877 45.15 -61.97 -15.51831390637734 18.02873295821739
2009.8151 45.15 -61.97 4.60007146007648 19.59531371931688
2009.8425 45.15 -61.97 -24.51702095999377 17.62887143689439
2009.8699 45.15 -61.97 1.77435514240346 16.74940002336000
2009.8973 45.15 -61.97 15.20521637921197 15.56932139542299
2009.9247 45.15 -61.97 -25.05259432903989 15.07410324604521
2009.9521 45.15 -61.97 6.92129259598286 14.30617599920187
2009.9795 45.15 -61.97 8.04201414775547 14.71711983601125
2010.0068 45.15 -61.97 28.25743727086588 19.24113794559315
2010.0342 45.15 -61.97 21.61085003203533 14.53195090198395
2010.0616 45.15 -61.97 5.19479535515528 15.01946301270797
2010.0890 45.15 -61.97 2.73486898834779 18.49186424837112
2010.1164 45.15 -61.97 17.92705481913917 19.12381629660065
2010.1438 45.15 -61.97 1.20132768649806 18.06849428292201
2010.1712 45.15 -61.97 -7.57213853660579 17.22372191699648
2010.1986 45.15 -61.97 -5.60873467089527 16.48094828261688
2010.2260 45.15 -61.97 17.26238321844612 18.11573928315184
2010.2534 45.15 -61.97 -35.70815591648391 18.59852210834049
2010.2808 45.15 -61.97 -29.18209683024770 13.96329281838238
2010.3082 45.15 -61.97 -35.85902532354640 14.78829252777830
2010.3356 45.15 -61.97 -30.47467219468146 13.04628655458615
2010.3630 45.15 -61.97 -25.34750005271758 14.01184920453494
2010.3904 45.15 -61.97 -22.75444896399807 14.13253996598022
2010.4178 45.15 -61.97 -25.85594580639252 15.00781044007168
2010.4452 45.15 -61.97 -20.89397809767916 13.02225738483926
2010.4726 45.15 -61.97 -6.51195486820614 11.54630696715020
2010.5000 45.15 -61.97 -5.53803941193401 13.38644913823620
2010.5274 45.15 -61.97 -10.04451777282674 22.46846899703064
2010.5548 45.15 -61.97 -33.50659154239874 13.87590068762276
2010.5822 45.15 -61.97 -33.22733044779832 12.40310427860850
2010.6096 45.15 -61.97 -5.44300849814945 16.64670269747022
2010.6370 45.15 -61.97 8.79046829051654 14.61209212633418
2010.6644 45.15 -61.97 -5.11038233137986 13.55116286939353
2010.6918 45.15 -61.97 -19.59863223316303 16.76668515689541
2010.7192 45.15 -61.97 17.57903319981103 15.53368759463707
2010.7466 45.15 -61.97 19.79563862524260 18.42189420542781
2010.7740 45.15 -61.97 4.95752779628466 14.32732941186165
2010.8014 45.15 -61.97 -4.99353361075120 13.74046765111543
2010.8288 45.15 -61.97 20.40077349279645 15.99188277640558
2010.8562 45.15 -61.97 16.78069916332091 15.61302245580734
2010.8836 45.15 -61.97 5.37800819560927 14.19048994189867
2010.9110 45.15 -61.97 24.75102646927596 15.82337994507112
2010.9384 45.15 -61.97 42.16838798779579 16.51823566882293
2010.9658 45.15 -61.97 31.45164111405320 18.36008210839740
2010.9932 45.15 -61.97 64.07151698187613 13.29379942187000
2011.1027 45.15 -61.97 7.37728771900106 13.32176481921475
2011.1301 45.15 -61.97 21.37257394076669 21.80303372202278
2011.1575 45.15 -61.97 22.43539551731436 13.97183633222965
2011.1849 45.15 -61.97 25.44570044278556 10.67183710381695
2011.2123 45.15 -61.97 -8.13267471847294 18.49497500962130
2011.2397 45.15 -61.97 -6.76962746621672 19.45773977013517
2011.2671 45.15 -61.97 27.77566750339682 15.33830602032563
2011.2945 45.15 -61.97 -2.25114105660667 18.27147977713379
2011.3219 45.15 -61.97 -26.77280007446496 17.03771669196672
2011.3493 45.15 -61.97 4.58215203930336 15.00582158554442
2011.3767 45.15 -61.97 -1.63661565950885 17.92967189447991
2011.4041 45.15 -61.97 -18.53219451182916 15.43532574571341
2011.4315 45.15 -61.97 22.16782520328077 15.14576320918929
2011.5137 45.15 -61.97 -6.25860000916195 13.83194870397300
2011.5411 45.15 -61.97 -25.62917284609322 15.03758672691133
2011.5685 45.15 -61.97 -4.42027793184757 14.50833598615889
2011.5959 45.15 -61.97 -13.77374584816014 15.74874831289744
2011.6233 45.15 -61.97 -16.77994321047640 15.60540876730860
2011.6507 45.15 -61.97 -19.07249603603649 19.08928827318924
2011.6781 45.15 -61.97 -35.38870651324859 17.69836953636733
2011.7055 45.15 -61.97 -46.53676851346930 17.79562686255400
2011.7329 45.15 -61.97 -52.58498825730651 20.91378606508799
2011.7603 45.15 -61.97 -24.40673633719773 17.72048533271694
2011.7877 45.15 -61.97 17.23945922153259 18.99477536641670
2011.8151 45.15 -61.97 21.09299140697159 18.53525019922395
2011.8425 45.15 -61.97 -23.49677109373806 20.37105193165960
2011.8699 45.15 -61.97 -36.50843961211190 18.81827749805476
2011.9521 45.15 -61.97 1.93214610140174 11.54371373249349
2011.9795 45.15 -61.97 -8.11123365985370 15.99601056558810
2012.0068 45.15 -61.97 -6.95118478020588 14.69947358454983
2012.0342 45.15 -61.97 -37.83243322591656 17.78394822401580
2012.0616 45.15 -61.97 -22.32764312144801 15.38855570108716
2012.0890 45.15 -61.97 0.37477052273287 15.11382097380599
2012.1164 45.15 -61.97 12.26507646623353 14.65481290455348
2012.1438 45.15 -61.97 19.45970490178851 15.20883845132906
2012.1712 45.15 -61.97 25.47387031490936 14.27292440219071
2012.1986 45.15 -61.97 -5.07580351757644 12.81894767796686
2012.2260 45.15 -61.97 7.36545556963512 13.24360797220381
2012.2534 45.15 -61.97 4.57343959995242 12.86870722649054
2012.2808 45.15 -61.97 36.18890711632437 11.94030115485638
2012.3082 45.15 -61.97 -11.06875424333792 13.72936992590219
2012.3904 45.15 -61.97 -17.98653207750061 14.04759470846979
2012.4178 45.15 -61.97 49.22565037995167 10.80415945496538
2012.4452 45.15 -61.97 19.03188631391733 10.62124373472106
2012.4726 45.15 -61.97 -4.41999171536780 11.61218753856293
2012.5000 45.15 -61.97 -6.64851349400569 10.92987590897635
2012.5274 45.15 -61.97 -8.30726667828848 11.71407588773839
2012.5548 45.15 -61.97 0.56200723736587 11.71119126800677
2012.5822 45.15 -61.97 -13.19801679705489 12.58824182255529
2012.6096 45.15 -61.97 -30.62098508153904 12.53814900221617
2012.6370 45.15 -61.97 18.50410722491791 11.44656257564091
2012.6644 45.15 -61.97 -0.44826800200164 12.69097782611683
2012.6918 45.15 -61.97 -14.11370455520702 13.14170685435527
2012.7192 45.15 -61.97 -13.09914153966697 16.24011048736941
2012.7466 45.15 -61.97 1.13937520045017 10.71341028320405
2012.8562 45.15 -61.97 50.21539858642332 16.67314699260218
2012.8836 45.15 -61.97 2.09738120377699 15.76934362235222
2012.9110 45.15 -61.97 11.96575949763286 14.88046896673809
2012.9384 45.15 -61.97 -16.33499081703366 14.01344301591197
2012.9658 45.15 -61.97 20.36155953419345 16.23113981162517
2012.9918 45.15 -61.97 -24.41452073633975 7.52298445581619
2013.0178 45.15 -61.97 9.73705626249769 9.11584605807401
2013.0452 45.15 -61.97 12.58823563231696 9.02341845455960
2013.0726 45.15 -61.97 -31.75458528006961 8.22540869473479
2013.1000 45.15 -61.97 15.29850869811660 8.46650068839212
2013.1274 45.15 -61.97 24.04669044237534 7.73322345785855
2013.1548 45.15 -61.97 26.42725827039598 6.95898903848483
2013.2644 45.15 -61.97 28.28125006182035 7.94248129126081
2013.2918 45.15 -61.97 19.68132327264789 8.01488824494294
2013.3192 45.15 -61.97 2.65695112912046 9.01090391319730
2013.3466 45.15 -61.97 -0.70085350275725 9.28872011596624
2013.3740 45.15 -61.97 10.32859332274289 7.78619767896716
2013.4014 45.15 -61.97 -13.33024340511259 8.08164788049973
2013.4288 45.15 -61.97 -40.65286384080466 6.93636310872126
2013.4562 45.15 -61.97 -3.94636569805356 7.05991881950736
2013.4836 45.15 -61.97 -7.29484404413735 7.30267163017195
2013.5110 45.15 -61.97 -20.10612213596535 8.41365463623900
2013.5384 45.15 -61.97 -16.92996348440654 8.06799624311135
2013.5658 45.15 -61.97 0.37239286957261 8.57249255506462
2013.7575 45.15 -61.97 8.42594586580344 7.98834106077074
2013.7849 45.15 -61.97 -0.41027711725782 8.39601338066940
2013.8123 45.15 -61.97 29.06241045080395 7.63175938230260
2013.8397 45.15 -61.97 8.75255402350255 7.76933944599078
2013.8671 45.15 -61.97 8.87838714248652 8.28230473534730
2013.8945 45.15 -61.97 1.25668556109997 7.75377990027304
2013.9219 45.15 -61.97 -2.82975983529881 6.72157637945199
2013.9493 45.15 -61.97 24.52531811110668 7.31808562432403
2013.9767 45.15 -61.97 18.71185086705928 7.27292531967182
2014.0041 45.15 -61.97 13.79385710216393 7.05086954329603
2014.0315 45.15 -61.97 32.47561678969092 7.46914634614917
2014.1685 45.15 -61.97 11.82997091086176 7.75598690659693
2014.1959 45.15 -61.97 50.45200195635401 8.15735094194535
2014.2233 45.15 -61.97 7.23790710640022 7.63719022165730
2014.2507 45.15 -61.97 18.48013215466474 6.88628945587121
2014.2781 45.15 -61.97 15.16726645105864 7.35818426324534
2014.3055 45.15 -61.97 4.14067394742657 7.00151685101220
2014.3329 45.15 -61.97 -30.08572260746408 5.52038172121815
2014.3603 45.15 -61.97 -36.67299909247657 6.47795024692235
2014.3877 45.15 -61.97 29.79385484616301 6.49886549827981
2014.4151 45.15 -61.97 -12.21212759197509 6.41833669347737
2014.4425 45.15 -61.97 5.55592941778084 6.89141817765244
2014.4699 45.15 -61.97 43.64515902542003 6.76467346012041
2014.5795 45.15 -61.97 -10.26068118466421 5.36537796949346
2014.6068 45.15 -61.97 -7.75085160954304 5.93074228957256
2014.6342 45.15 -61.97 -4.89898243165815 5.22618154875014
2014.6616 45.15 -61.97 -41.85162483654733 6.04466233393981
2014.6890 45.15 -61.97 -12.32707164743528 5.87918544631994
2014.7164 45.15 -61.97 2.44377056275037 5.73512196962269
2014.7438 45.15 -61.97 -16.30030580267676 6.37215851987146
2014.7712 45.15 -61.97 3.78723924994063 6.29534768283634
2014.7986 45.15 -61.97 -19.45405783197405 5.41484954080030
2014.8260 45.15 -61.97 -13.81819634810913 5.36720269168780
2014.8534 45.15 -61.97 -7.52104733151221 5.73782373789630
2014.8808 45.15 -61.97 -2.27416650056365 5.74918894634189
2014.9082 45.15 -61.97 20.42141564375806 5.88629238339766
2015.0452 45.15 -61.97 25.40600422363931 4.10661758822159
2015.0726 45.15 -61.97 20.01731141627934 4.73098150124413
2015.1000 45.15 -61.97 34.90497171378636 3.98992639135153
2015.1274 45.15 -61.97 13.49008162824089 3.67167188955624
2015.1548 45.15 -61.97 19.44453752863556 4.54359325136587
2015.1822 45.15 -61.97 17.97622773482241 4.14697190728582
2015.2096 45.15 -61.97 30.83952093437722 5.97831341695449
2015.2370 45.15 -61.97 46.57974702884648 6.56132720532227
2015.2644 45.15 -61.97 47.48889817655220 5.59888969082257
2015.2918 45.15 -61.97 22.80747305594790 5.51279086125805
2015.3192 45.15 -61.97 39.99509127523639 5.29901382827041
2015.3466 45.15 -61.97 17.52018307000167 5.85105606838964
2015.4836 45.15 -61.97 0.59811115545231 4.85101530280980
2015.5110 45.15 -61.97 -2.54245298435087 4.75889888019358
2015.5384 45.15 -61.97 -13.56490006519122 5.46696551424491
2015.5658 45.15 -61.97 -36.73392757938286 5.80882176569275
2015.5932 45.15 -61.97 2.01736735853182 6.14950168744225
2015.6205 45.15 -61.97 3.84304994403577 5.79575724852050
2015.6479 45.15 -61.97 -30.10782343235139 5.66624072738082
2015.6753 45.15 -61.97 -14.55979795707002 5.30521850282735
2015.7027 45.15 -61.97 9.71009757903475 6.02713695172753
2015.7301 45.15 -61.97 -20.98592312439934 5.91288423385191
2015.9493 45.15 -61.97 -36.50339481973392 5.62432963897319
2015.9767 45.15 -61.97 -30.59411634884531 6.21595782920468
2016.0041 45.15 -61.97 27.70887981830002 5.48955054927170
2016.0315 45.15 -61.97 -11.09837628564438 5.21424078559106
2016.0589 45.15 -61.97 20.21127840769435 5.33673388172821
2016.0863 45.15 -61.97 -15.53848894733869 4.63657357536000
2016.1137 45.15 -61.97 33.78573476693457 5.46330117259044
2016.1411 45.15 -61.97 7.68381534758961 6.74909595257957
2016.1685 45.15 -61.97 -16.88092409215398 7.43716907840513
2016.1959 45.15 -61.97 -19.89522112071224 7.30721866173165
2016.2233 45.15 -61.97 29.47113164365522 7.44391621286535
2016.2507 45.15 -61.97 -23.47900053314823 5.60337474614200
2016.3603 45.15 -61.97 -5.91182265700551 5.26263677460226
2016.3877 45.15 -61.97 -14.46571009199300 6.49109574724347
2016.4151 45.15 -61.97 -26.51158915066710 6.28928007882010
2016.4425 45.15 -61.97 -16.98874646422219 6.92240049119033
2016.4699 45.15 -61.97 -31.11199547508349 6.76555332850347
