2002.5877 19.38 -155.11 22.30394239018956 8.86362545488173
2002.6151 19.38 -155.11 1.47795917322856 8.62192908815233
2002.6425 19.38 -155.11 30.25677683207278 8.82999072937038
2002.6699 19.38 -155.11 21.43908295823694 7.35601744005113
2002.6973 19.38 -155.11 14.95079633916632 11.78448344771445
2002.7247 19.38 -155.11 12.59180824739509 8.43412387990207
2002.7521 19.38 -155.11 16.95378496471442 7.70979629454952
2002.7795 19.38 -155.11 26.53972838186015 8.77374727802172
2002.8068 19.38 -155.11 24.82492652195240 7.99830938159015
2002.8342 19.38 -155.11 27.30717854537635 7.83716859904669
2002.8616 19.38 -155.11 40.63246245592553 7.46237087609935
2002.8890 19.38 -155.11 14.34595033457480 7.99909226974731
2002.9164 19.38 -155.11 11.08784672261229 8.21655099151943
2003.0260 19.38 -155.11 22.79574822500421 9.10085138059984
2003.0534 19.38 -155.11 30.87475987299104 16.21685395493682
2003.0808 19.38 -155.11 17.49830377551349 13.21386820641626
2003.1082 19.38 -155.11 3.66916674425589 7.25476174581910
2003.1356 19.38 -155.11 -0.11647259570115 6.67697151432568
2003.1630 19.38 -155.11 11.58726753630691 7.30123281250878
2003.1904 19.38 -155.11 2.10820625732599 8.54092945781398
2003.2178 19.38 -155.11 4.14861361116270 7.21775933827743
2003.2452 19.38 -155.11 10.66618890339321 7.19437047690074
2003.2726 19.38 -155.11 19.11161569001041 6.99186999104109
2003.3000 19.38 -155.11 7.10038108819003 6.87726332306455
2003.3274 19.38 -155.11 -20.53937420608791 9.27147925951143
2003.3548 19.38 -155.11 9.99824415164492 10.62883004652628
2003.3822 19.38 -155.11 7.45555977361977 8.86309984566962
2003.5192 19.38 -155.11 -4.02379711069067 10.44157926501766
2003.5466 19.38 -155.11 4.34824841206900 11.98833098962646
2003.5740 19.38 -155.11 -7.65679443687974 14.45572308855583
2003.6014 19.38 -155.11 1.92825413260062 12.02973127720201
2003.6288 19.38 -155.11 -2.33735102124021 10.99528578533489
2003.6562 19.38 -155.11 10.64976781317464 12.06814951511983
2003.6836 19.38 -155.11 11.08895451752632 12.16792672912766
2003.7110 19.38 -155.11 -10.94133723236954 8.87880674830879
2003.7384 19.38 -155.11 -0.23243035102333 11.36326391424707
2003.7658 19.38 -155.11 1.25913309490590 10.32127313691993
2003.7932 19.38 -155.11 10.40084876845405 11.79580237271444
2003.8205 19.38 -155.11 -11.12448086736651 12.51475966763639
2003.8479 19.38 -155.11 12.58586432759315 10.50987988041198
2003.8753 19.38 -155.11 17.16094016169972 11.65762395486050
2003.9027 19.38 -155.11 18.86504143920217 10.14587911819825
2003.9301 19.38 -155.11 26.93077842371631 10.92818936173322
2003.9575 19.38 -155.11 14.55034858249913 12.81034781604175
2003.9849 19.38 -155.11 12.63483740782226 11.95654998751257
2004.0123 19.38 -155.11 -0.20930147393053 12.84213079053966
2004.0397 19.38 -155.11 3.42189734500215 9.50334130597484
2004.0945 19.38 -155.11 4.60248589429308 8.86381311088707
2004.1219 19.38 -155.11 7.70238307164750 10.48926905951572
2004.1493 19.38 -155.11 -20.19701691901611 12.56838068049134
2004.1767 19.38 -155.11 -1.16303662539056 13.95491330338646
2004.2041 19.38 -155.11 13.75698975256768 10.82566699840199
2004.2315 19.38 -155.11 -10.54085002774706 11.00381212462526
2004.2589 19.38 -155.11 2.98177185045292 11.32788959081761
2004.2863 19.38 -155.11 2.82173078476677 11.43676285525648
2004.3137 19.38 -155.11 8.52589571804178 10.78690394144033
2004.3411 19.38 -155.11 3.50326751919930 12.03265531423373
2004.3685 19.38 -155.11 12.30196666308369 11.19961154643309
2004.3959 19.38 -155.11 5.60153062258445 9.55822754103947
2004.4233 19.38 -155.11 10.91803242874882 9.12942088964387
2004.4507 19.38 -155.11 32.57226936706430 8.20548358670948
2004.4781 19.38 -155.11 -9.25250794103314 9.16168769710509
2004.5055 19.38 -155.11 12.24692882553375 8.86135115076288
2004.5329 19.38 -155.11 32.27764593153460 8.23186433675610
2004.5603 19.38 -155.11 16.26128507074499 8.58357892626405
2004.5877 19.38 -155.11 26.49153589984005 8.56586731752630
2004.6151 19.38 -155.11 10.40994379195389 9.51257640896772
2004.6425 19.38 -155.11 15.56114342303738 7.86345929377518
2004.6699 19.38 -155.11 14.64663426492831 7.82634488166812
2004.6973 19.38 -155.11 3.22490702493507 7.24313627546959
2004.7247 19.38 -155.11 -0.83156959117363 8.52141987232497
2004.7521 19.38 -155.11 20.84624744715133 8.03966796491199
2004.7795 19.38 -155.11 4.40461163456962 7.94654559874474
2004.8068 19.38 -155.11 8.48690663795726 9.03662901543941
2004.8342 19.38 -155.11 14.99672545641606 8.95700473511648
2004.8616 19.38 -155.11 14.07655188329323 7.62565963631903
2004.8890 19.38 -155.11 13.26983426992794 7.69341789664317
2004.9164 19.38 -155.11 20.49432835482054 8.60676807517967
2004.9438 19.38 -155.11 15.15884933647441 9.18800652791688
2004.9712 19.38 -155.11 18.00755839804795 8.80049909065113
2004.9973 19.38 -155.11 15.21661547545641 8.25167442803960
2005.0233 19.38 -155.11 7.66040403101830 10.16352924739534
2005.0507 19.38 -155.11 2.37893238655396 16.28787450503570
2005.0781 19.38 -155.11 12.84761575188908 11.72453933539620
2005.1055 19.38 -155.11 -2.48750124556813 11.54019136655421
2005.1329 19.38 -155.11 -1.23086177951869 11.84089109361722
2005.1603 19.38 -155.11 27.81508653620703 10.17864573504369
2005.1877 19.38 -155.11 -2.94929808685098 9.99476011768701
2005.2151 19.38 -155.11 0.84862689782026 9.11224920893400
2005.2425 19.38 -155.11 4.59030748300076 9.00067167707984
2005.2699 19.38 -155.11 12.91979232160205 9.75376059780557
2005.2973 19.38 -155.11 -10.38889012350082 10.38112614773442
2005.3247 19.38 -155.11 16.21025972189803 10.95880508966122
2005.3521 19.38 -155.11 19.51724999516558 3.73178989161660
2005.3795 19.38 -155.11 8.36323325060730 10.12132465508474
2005.4068 19.38 -155.11 11.86537462562784 9.06260456525800
2005.4342 19.38 -155.11 23.72652624397977 10.37403010593543
2005.4616 19.38 -155.11 13.56304362694593 9.54761823689948
2005.4890 19.38 -155.11 13.83631336538309 9.03001169472275
2005.5164 19.38 -155.11 17.91954349728208 8.97299251800153
2005.5438 19.38 -155.11 7.55607670352812 9.98466023075327
2005.5712 19.38 -155.11 26.42527438750068 11.03185259693445
2005.5986 19.38 -155.11 19.82884242422452 11.28916623669652
2005.6260 19.38 -155.11 9.66836313467824 9.80108028282511
2005.6534 19.38 -155.11 17.13033781965090 10.50831221973688
2005.6808 19.38 -155.11 -6.25903561587368 10.23766440813954
2005.7082 19.38 -155.11 26.97325107688381 12.88947316203530
2005.7356 19.38 -155.11 9.90457899654290 11.13198932482020
2005.7630 19.38 -155.11 25.07531254351560 11.14647220370554
2005.7904 19.38 -155.11 11.86097512415224 10.25421731433896
2005.8178 19.38 -155.11 6.34996328606724 10.64712296919180
2005.8452 19.38 -155.11 11.40913829238976 11.37905321161031
2005.8726 19.38 -155.11 25.35902860124364 9.75698229826469
2005.9000 19.38 -155.11 10.32342984934218 9.39731254838347
2005.9274 19.38 -155.11 19.89281665677570 9.07938202695757
2005.9548 19.38 -155.11 14.18063606626699 7.55357622463503
2005.9822 19.38 -155.11 17.65423221618419 8.41285479919748
2006.0096 19.38 -155.11 3.47985054546220 9.79308196248757
2006.0370 19.38 -155.11 14.91116546054535 12.76619748678602
2006.0644 19.38 -155.11 -5.02869115270179 12.88236325802406
2006.0918 19.38 -155.11 22.60566737434729 13.04066143298110
2006.1192 19.38 -155.11 4.55202614401463 15.35928913547815
2006.1466 19.38 -155.11 1.09260514844505 11.62077016907153
2006.1740 19.38 -155.11 1.53559597477207 13.69163212285642
2006.2014 19.38 -155.11 -8.92642894072725 10.05516875359183
2006.2288 19.38 -155.11 9.21201584163922 13.81303054391709
2006.2562 19.38 -155.11 -2.70154666006360 13.07496520079852
2006.2836 19.38 -155.11 0.55281830260743 12.62434081460867
2006.3110 19.38 -155.11 4.81098829578519 13.62167276792599
2006.3384 19.38 -155.11 -8.57041091551578 12.24954051248385
2006.3658 19.38 -155.11 16.36480697848464 13.70537841584443
2006.3932 19.38 -155.11 11.92257191614293 13.38794153943661
2006.4205 19.38 -155.11 8.15324440845182 13.28234338771383
2006.4479 19.38 -155.11 -3.88834631772078 14.12956626142675
2006.4753 19.38 -155.11 13.19171302979347 14.74149613523365
2006.5027 19.38 -155.11 18.00693096113786 15.44567947970735
2006.5301 19.38 -155.11 16.35576438162916 18.95251530700709
2006.5575 19.38 -155.11 -2.47706410635789 14.66560324352863
2006.5849 19.38 -155.11 3.94635283295217 15.13142378990206
2006.6123 19.38 -155.11 16.91423724325467 19.76235230674658
2006.6397 19.38 -155.11 4.07859924716356 16.24897219299324
2006.6671 19.38 -155.11 9.89895790500003 14.35985330139665
2006.6945 19.38 -155.11 2.14111681057064 19.01489797071071
2006.7219 19.38 -155.11 -3.14152859330508 17.06862694541280
2006.7493 19.38 -155.11 17.84066711527993 20.95530736479132
2006.7767 19.38 -155.11 16.27674977474907 18.25844472144670
2006.8041 19.38 -155.11 1.94458430236472 14.21417481327644
2006.8315 19.38 -155.11 10.89878913065746 17.02915869297542
2006.8589 19.38 -155.11 23.11406989388572 16.37248038976210
2006.8863 19.38 -155.11 11.25166355466127 15.44945733712181
2006.9137 19.38 -155.11 19.56178000301336 14.71115972276015
2006.9411 19.38 -155.11 1.38317047325662 14.38291949506677
2006.9685 19.38 -155.11 14.87572188321612 13.99650529376339
2006.9959 19.38 -155.11 6.67476784706802 13.53669650170526
2007.0233 19.38 -155.11 -1.68493134622003 12.22677047175416
2007.0507 19.38 -155.11 -7.78922582645770 13.07094808825219
2007.0781 19.38 -155.11 1.97088590822134 14.02937936519393
2007.1055 19.38 -155.11 -2.76348369065788 12.28908556858407
2007.1329 19.38 -155.11 -7.75723916198298 13.62565680843950
2007.1603 19.38 -155.11 -7.39397209186702 12.95682512421438
2007.1877 19.38 -155.11 -4.85764026365241 17.89159424353562
2007.2151 19.38 -155.11 -13.73355831818417 15.75679835953626
2007.2425 19.38 -155.11 -10.73563518714546 15.06987036649566
2007.2699 19.38 -155.11 -13.30094911290075 11.19500909630799
2007.2973 19.38 -155.11 -0.31201167486164 10.47269008501785
2007.3247 19.38 -155.11 -10.55488371674560 13.53443971167124
2007.3521 19.38 -155.11 -18.09521411445827 15.12978396426487
2007.3795 19.38 -155.11 -10.35257621159242 16.08939891331436
2007.4068 19.38 -155.11 -1.58791476662776 12.84485675486017
2007.4342 19.38 -155.11 15.93350547830743 12.10222378052369
2007.4616 19.38 -155.11 25.70445838075370 16.98027393671791
2007.4890 19.38 -155.11 17.16954628967790 12.11631914109039
2007.5164 19.38 -155.11 26.36810936146577 13.08010710705108
2007.5438 19.38 -155.11 34.61153146406765 12.52811083689814
2007.5712 19.38 -155.11 11.96225742556015 12.87260197474124
2007.5986 19.38 -155.11 19.01133297815706 16.27349028387518
2007.6260 19.38 -155.11 26.73442746557695 12.74866877870224
2007.6534 19.38 -155.11 28.70467924336924 13.02548526716696
2007.6808 19.38 -155.11 16.27502267095794 13.58951507373104
2007.7082 19.38 -155.11 12.19735740381702 9.18952002064063
2007.7356 19.38 -155.11 2.91801295353543 13.94521980975400
2007.7630 19.38 -155.11 7.29068012984768 9.86503199060459
2007.7904 19.38 -155.11 17.32907393332290 13.94876722784675
2007.8178 19.38 -155.11 7.03759414412407 16.53204319153519
2007.8452 19.38 -155.11 5.46795087175127 12.74253360478066
2007.8726 19.38 -155.11 11.77241617911917 15.16403891850043
2007.9000 19.38 -155.11 15.36008058753495 16.01334542992619
2007.9274 19.38 -155.11 -2.91311068319530 15.90830526403865
2007.9548 19.38 -155.11 8.76215050668112 11.56462780425188
2007.9822 19.38 -155.11 3.64270730467743 14.72939938070329
2008.0096 19.38 -155.11 17.59546446458295 12.80619334885893
2008.0370 19.38 -155.11 11.61177295041716 13.42853000044858
2008.0644 19.38 -155.11 -9.32398987990592 15.89358854130205
2008.0918 19.38 -155.11 -17.85508072341934 11.89500048100812
2008.1192 19.38 -155.11 -7.03529695630902 14.64443334844649
2008.1466 19.38 -155.11 5.33357656583459 17.36701642205008
2008.1740 19.38 -155.11 -3.78634825646953 14.95236451961377
2008.2014 19.38 -155.11 0.86863394266507 16.52985643850991
2008.2288 19.38 -155.11 20.68022124322134 18.14059402232801
2008.2562 19.38 -155.11 -7.36074586949039 17.28427548011411
2008.2836 19.38 -155.11 -31.60253836378090 20.87768049930861
2008.3110 19.38 -155.11 -3.91554483320668 21.84386531242848
2008.3384 19.38 -155.11 -17.35304162113285 16.01272418494449
2008.3658 19.38 -155.11 -5.56543428922574 16.14733684034981
2008.3932 19.38 -155.11 -10.53660225731564 14.24816388208270
2008.4205 19.38 -155.11 9.87037268892211 12.33257874042375
2008.4479 19.38 -155.11 8.06486941973186 12.86398470456128
2008.4753 19.38 -155.11 -9.58565152460180 12.34649894739396
2008.5027 19.38 -155.11 2.97169959594717 15.24718972887673
2008.5301 19.38 -155.11 22.99794431017518 18.87385653592267
2008.5575 19.38 -155.11 9.21005395094329 11.74894470386008
2008.5849 19.38 -155.11 16.58387611459047 14.23326959935278
2008.6123 19.38 -155.11 12.12234118513831 11.21784229884426
2008.6397 19.38 -155.11 18.07348548690057 12.58676876394209
2008.6671 19.38 -155.11 17.62270928774716 11.91429488410642
2008.6945 19.38 -155.11 24.52486397558940 11.48922733747193
2008.7219 19.38 -155.11 9.99596743691551 13.74865898365785
2008.7493 19.38 -155.11 19.58638543432084 12.28740421826762
2008.7767 19.38 -155.11 6.20943035104928 14.88601344288316
2008.8041 19.38 -155.11 15.77049672311670 15.04700118223867
2008.8315 19.38 -155.11 15.68689736019668 16.85635616660945
2008.8589 19.38 -155.11 22.29980793145739 19.74813543613849
2008.8863 19.38 -155.11 26.22907765529442 18.90906252221303
2008.9137 19.38 -155.11 14.00770153514334 18.15653861178349
2008.9411 19.38 -155.11 -4.00721928277876 18.64709533687338
2008.9685 19.38 -155.11 3.47356530481799 17.32476298804934
2008.9945 19.38 -155.11 9.26155396103560 14.79320860631448
2009.0205 19.38 -155.11 -0.62356091820207 14.75650856616896
2009.0479 19.38 -155.11 9.51770438758300 14.76227421625475
2009.0753 19.38 -155.11 13.37944204475260 13.84592674982906
2009.1027 19.38 -155.11 20.37316830303807 17.70875544322290
2009.1301 19.38 -155.11 10.86045232665056 13.72356000383454
2009.1575 19.38 -155.11 -4.64339201828794 13.81187903913702
2009.1849 19.38 -155.11 8.76382725497135 16.66979937152764
2009.2123 19.38 -155.11 8.07505696768235 13.51543263355874
2009.2397 19.38 -155.11 11.64837162066620 15.91097454189946
2009.2671 19.38 -155.11 9.30964095849985 13.12268300179556
2009.2945 19.38 -155.11 21.26086048987793 13.52718770855668
2009.3219 19.38 -155.11 6.02660699462044 14.05789278468173
2009.3493 19.38 -155.11 12.84657468864309 12.74200962171803
2009.3767 19.38 -155.11 2.15558376419403 13.40611637568581
2009.4041 19.38 -155.11 3.29726548637293 11.48390944638509
2009.4315 19.38 -155.11 8.32473822897999 13.67832462939390
2009.4589 19.38 -155.11 -1.12772959345767 11.04075896683722
2009.4863 19.38 -155.11 -1.58711773700661 12.31673242958087
2009.5137 19.38 -155.11 -2.38817615540978 11.46208186303064
2009.5411 19.38 -155.11 -10.21723447407892 14.46368031636406
2009.5685 19.38 -155.11 0.98543714304660 15.50753923164781
2009.5959 19.38 -155.11 -2.29440901537814 13.40319087901018
2009.6233 19.38 -155.11 -6.91304910449623 14.36165590696697
2009.6507 19.38 -155.11 11.14228507305553 13.87012703494469
2009.6781 19.38 -155.11 7.54259603166631 15.10586981261875
2009.7055 19.38 -155.11 8.66234165191819 15.93494639356527
2009.7329 19.38 -155.11 16.02526053459845 15.17753872188764
2009.7603 19.38 -155.11 6.83322736315634 17.40441524951755
2009.7877 19.38 -155.11 5.68146070161648 16.01690708293602
2009.8151 19.38 -155.11 4.02152795331940 17.45297225260319
2009.8425 19.38 -155.11 18.38197088648513 15.68298519041494
2009.8699 19.38 -155.11 4.18847336800923 14.89544477323611
2009.8973 19.38 -155.11 -12.61234363986691 13.82951658003181
2009.9247 19.38 -155.11 10.22807992889485 13.25799915593505
2009.9521 19.38 -155.11 -10.11896256388190 12.64450044567974
2009.9795 19.38 -155.11 9.40927417647852 13.00807813054295
2010.0068 19.38 -155.11 17.92792325615086 17.16979421885078
2010.0342 19.38 -155.11 16.11488350516682 12.87434512257438
2010.0616 19.38 -155.11 -8.51620922991010 13.32372953321699
2010.0890 19.38 -155.11 2.38979052570114 16.51736350222074
2010.1164 19.38 -155.11 -5.91904975396330 17.05973461673614
2010.1438 19.38 -155.11 -20.95053682724902 16.04649938325636
2010.1712 19.38 -155.11 10.53539471821686 15.30150437767534
2010.1986 19.38 -155.11 -7.22839390623296 14.62053589153063
2010.2260 19.38 -155.11 -15.99858007113904 16.03995629624152
2010.2534 19.38 -155.11 5.03336421497630 16.40354616132220
2010.2808 19.38 -155.11 -20.31607818035310 12.24322875033373
2010.3082 19.38 -155.11 -14.89727040212790 13.00783998519769
2010.3356 19.38 -155.11 -7.12143829686691 11.35359462227973
2010.3630 19.38 -155.11 -63.40723386573345 12.15994076690091
2010.3904 19.38 -155.11 4.40124500664800 12.08449061514193
2010.4178 19.38 -155.11 6.48390455942732 12.96841776010439
2010.4452 19.38 -155.11 12.17658472584169 11.21355738858034
2010.4726 19.38 -155.11 5.13217917399303 9.90490031140253
2010.5000 19.38 -155.11 -6.14829013812678 11.61731644595870
2010.5274 19.38 -155.11 -5.15160337938467 19.97136874214485
2010.5548 19.38 -155.11 -16.13602180175403 12.26343648762524
2010.5822 19.38 -155.11 -4.75928354021335 10.92446270626461
2010.6096 19.38 -155.11 -7.98082785320726 14.79550711262611
2010.6370 19.38 -155.11 -4.26698031183925 12.94162236175509
2010.6644 19.38 -155.11 -5.15246603042823 11.98754681674799
2010.6918 19.38 -155.11 5.06395494499194 14.90236753080240
2010.7192 19.38 -155.11 6.31456959565291 13.78726439832765
2010.7466 19.38 -155.11 3.51821223956413 16.40513731199494
2010.7740 19.38 -155.11 -17.75020857285020 12.62573631625911
2010.8014 19.38 -155.11 0.82428229700809 12.14098368859213
2010.8288 19.38 -155.11 -5.10660832953157 14.17637683370487
2010.8562 19.38 -155.11 -6.74582217519551 13.81956219641961
2010.8836 19.38 -155.11 1.55610570838765 12.48138943471123
2010.9110 19.38 -155.11 12.93998583165053 13.96860103817872
2010.9384 19.38 -155.11 12.69856905418198 14.59063915697026
2010.9658 19.38 -155.11 7.08955398080055 16.22404685012463
2010.9932 19.38 -155.11 -2.68855039195535 11.48028915578187
2011.1027 19.38 -155.11 -27.81141568059964 11.36534882588734
2011.1301 19.38 -155.11 -29.20886407659989 19.16843255988330
2011.1575 19.38 -155.11 -16.83762646562630 12.14282503769900
2011.1849 19.38 -155.11 -36.43344245628315 9.15513692537895
2011.2123 19.38 -155.11 -0.01552522171913 16.26800606827564
2011.2397 19.38 -155.11 0.11029746230467 17.19443491128965
2011.2671 19.38 -155.11 -20.84862831285970 13.44777347451345
2011.2945 19.38 -155.11 -0.16050766462150 16.13337373116278
2011.3219 19.38 -155.11 -3.96519391325882 15.03345024342859
2011.3493 19.38 -155.11 -11.28541178587426 13.17640346842631
2011.3767 19.38 -155.11 -13.02026476149937 15.84435328409628
2011.4041 19.38 -155.11 -9.81134737959230 13.52600076000826
2011.4315 19.38 -155.11 -24.08337614769434 13.22841689922755
2011.5137 19.38 -155.11 4.54599815236558 11.97276457189471
2011.5411 19.38 -155.11 -10.90228582174018 13.11227710187724
2011.5685 19.38 -155.11 -1.82276654900378 12.60230526200887
2011.5959 19.38 -155.11 15.38220854450305 13.73254461525392
2011.6233 19.38 -155.11 -3.68877357480860 13.55612217988178
2011.6507 19.38 -155.11 14.87409216351236 16.76422505500506
2011.6781 19.38 -155.11 25.15725783249992 15.55816032750344
2011.7055 19.38 -155.11 4.58898394819067 15.68372003118051
2011.7329 19.38 -155.11 -4.01333260353762 18.53686564186602
2011.7603 19.38 -155.11 4.93598475911065 15.65447998837046
2011.7877 19.38 -155.11 -14.95498141833763 16.83958211742952
2011.8151 19.38 -155.11 -9.28803904237442 16.43063356259897
2011.8425 19.38 -155.11 0.16027067392328 18.17354859199049
2011.8699 19.38 -155.11 0.21117561529051 16.75605949844584
2011.9521 19.38 -155.11 -14.15154517525692 10.13329738784434
2011.9795 19.38 -155.11 -19.95101400176916 14.19382418991125
2012.0068 19.38 -155.11 -31.25596529322460 13.05086114747893
2012.0342 19.38 -155.11 -21.50348407310219 15.86829768399332
2012.0616 19.38 -155.11 0.74280135817435 13.62899778899130
2012.0890 19.38 -155.11 -3.70546307845183 13.36910668414471
2012.1164 19.38 -155.11 -27.69225852849976 12.98550656128519
2012.1438 19.38 -155.11 -12.17814613811140 13.41954745696310
2012.1712 19.38 -155.11 -14.54468201133646 12.58481647314785
2012.1986 19.38 -155.11 -27.39100658764750 11.32796544298398
2012.2260 19.38 -155.11 -38.89534065306022 11.81642151327558
2012.2534 19.38 -155.11 -24.52438518434720 11.47389231115548
2012.2808 19.38 -155.11 -9.91766626476273 10.63775956003309
2012.3082 19.38 -155.11 -0.42186634013493 11.68376078824919
2012.3904 19.38 -155.11 -20.44344802096649 12.36491540324170
2012.4178 19.38 -155.11 -9.59599950937625 9.69639687476597
2012.4452 19.38 -155.11 -21.82164979331282 9.49112350287919
2012.4726 19.38 -155.11 -10.66673190286155 10.34385067789401
2012.5000 19.38 -155.11 -8.04628953018752 9.71972941790807
2012.5274 19.38 -155.11 -15.63778085735775 10.45714375395422
2012.5548 19.38 -155.11 -19.85770743449486 10.46018855128825
2012.5822 19.38 -155.11 -16.16310717816275 11.16068424640955
2012.6096 19.38 -155.11 -6.47568788200467 11.16429818648669
2012.6370 19.38 -155.11 -3.13773322773481 10.17537756156609
2012.6644 19.38 -155.11 -3.12173559756357 11.28295824300347
2012.6918 19.38 -155.11 -11.20286207748129 11.69725617423416
2012.7192 19.38 -155.11 -14.43848541359596 14.53305092620979
2012.7466 19.38 -155.11 3.09441766321435 9.31031699640606
2012.8562 19.38 -155.11 20.37906902895737 14.88194821571600
2012.8836 19.38 -155.11 -17.79594873384895 14.07458478614343
2012.9110 19.38 -155.11 -25.40370530421540 13.23197951272310
2012.9384 19.38 -155.11 -24.86123861367650 12.28006941997648
2012.9658 19.38 -155.11 -23.49455405762098 14.44537651139424
2012.9918 19.38 -155.11 -17.14192134782968 6.64041633981125
2013.0178 19.38 -155.11 -8.32400828049286 8.08282302872392
2013.0452 19.38 -155.11 -28.09794399165677 7.98447373538837
2013.0726 19.38 -155.11 1.50719759407838 7.26126372720153
2013.1000 19.38 -155.11 -27.30972701452952 7.48086825659996
2013.1274 19.38 -155.11 -27.71729934886824 6.79081787171165
2013.1548 19.38 -155.11 -31.49010752460254 6.06995141629415
2013.2644 19.38 -155.11 -33.60047577743487 6.76319352274889
2013.2918 19.38 -155.11 -43.54984131839574 7.04301525174774
2013.3192 19.38 -155.11 -21.75264768677317 7.97187484545432
2013.3466 19.38 -155.11 -19.70989577066865 8.23284543514161
2013.3740 19.38 -155.11 5.29802488727299 6.88499857671288
2013.4014 19.38 -155.11 -5.04587516915071 7.14936003883137
2013.4288 19.38 -155.11 -15.38939680793639 6.09863642726479
2013.4562 19.38 -155.11 4.38359717780575 6.17788287270147
2013.4836 19.38 -155.11 -9.65623491715527 6.41959671656940
2013.5110 19.38 -155.11 -30.98997144421447 7.43663620111714
2013.5384 19.38 -155.11 -11.62973181982757 7.02727940080637
2013.5658 19.38 -155.11 -10.07380889750479 7.54837745140248
2013.7575 19.38 -155.11 -3.63765444908673 6.89446014984259
2013.7849 19.38 -155.11 -7.68993973493542 7.29966174054240
2013.8123 19.38 -155.11 6.87296309736199 6.61403518531747
2013.8397 19.38 -155.11 -3.22589522363211 6.73066759550214
2013.8671 19.38 -155.11 -1.36755931049235 7.14644848782659
2013.8945 19.38 -155.11 15.18534738601723 6.68121874438074
2013.9219 19.38 -155.11 -5.49741892799870 5.77139075111482
2013.9493 19.38 -155.11 8.56767426702139 6.27168029668348
2013.9767 19.38 -155.11 -11.89433041693886 6.22562302030097
2014.0041 19.38 -155.11 -7.82338140619114 6.03986035588355
2014.0315 19.38 -155.11 -9.56470645564437 6.39316519346191
2014.1685 19.38 -155.11 -33.16403483833187 6.68757680425027
2014.1959 19.38 -155.11 -24.52707853509905 7.17521453989213
2014.2233 19.38 -155.11 -28.56490689342251 6.69083643415492
2014.2507 19.38 -155.11 -22.83679462295070 6.05192033975516
2014.2781 19.38 -155.11 -16.93224709118827 6.49451717747604
2014.3055 19.38 -155.11 -4.24208853714407 6.17913228857932
2014.3329 19.38 -155.11 -33.24910363711683 4.84423520387836
2014.3603 19.38 -155.11 -30.13188246753374 5.70419218648507
2014.3877 19.38 -155.11 -18.93803695480559 5.72206711599451
2014.4151 19.38 -155.11 -11.38553911412207 5.62524801987075
2014.4425 19.38 -155.11 -10.36637901537912 6.03432581642478
2014.4699 19.38 -155.11 -21.56189818662362 5.89499934146706
2014.5795 19.38 -155.11 -20.18917207338394 4.61826798104697
2014.6068 19.38 -155.11 -14.99066411396084 5.09694136607118
2014.6342 19.38 -155.11 -9.06672050716070 4.46931990765715
2014.6616 19.38 -155.11 -17.96066601014089 5.20809596756394
2014.6890 19.38 -155.11 2.67219151549041 5.07367505877272
2014.7164 19.38 -155.11 3.28686666266595 4.94703585016617
2014.7438 19.38 -155.11 -17.16125131252995 5.51320640689814
2014.7712 19.38 -155.11 -13.73366658493301 5.44013336785007
2014.7986 19.38 -155.11 -25.78330201873854 4.64897588271623
2014.8260 19.38 -155.11 -8.92667122751746 4.59711439624970
2014.8534 19.38 -155.11 -21.12004428184624 4.91939408388194
2014.8808 19.38 -155.11 -9.82844315266894 4.93555508716841
2014.9082 19.38 -155.11 -14.22224904588952 5.05848797908656
2015.0452 19.38 -155.11 -10.06733428387549 3.51356397273618
2015.0726 19.38 -155.11 -10.19007471096795 4.00630702217570
2015.1000 19.38 -155.11 -8.09924413444255 3.40661034449922
2015.1274 19.38 -155.11 -21.14777814925469 3.14061331479002
2015.1548 19.38 -155.11 -2.79509709743080 3.84905452564626
2015.1822 19.38 -155.11 -33.00247382552644 3.52638761310271
2015.2096 19.38 -155.11 -20.08295519782817 5.17077996815167
2015.2370 19.38 -155.11 -25.40347602203815 5.74453038779863
2015.2644 19.38 -155.11 -22.33035062913008 4.91129151788530
2015.2918 19.38 -155.11 -37.35268834724063 4.79742885832921
2015.3192 19.38 -155.11 -18.04557514649926 4.60814154976784
2015.3466 19.38 -155.11 -40.09819617206558 5.07122631160949
2015.4836 19.38 -155.11 -1.52873064988560 4.08014186093583
2015.5110 19.38 -155.11 -17.42920219545021 4.06522476435284
2015.5384 19.38 -155.11 1.01870521651443 4.59887768571345
2015.5658 19.38 -155.11 -25.81790821021596 4.94059829308908
2015.5932 19.38 -155.11 -3.10644628373292 5.25783144749217
2015.6205 19.38 -155.11 0.38919116500395 4.93730948945353
2015.6479 19.38 -155.11 -7.40736211443704 4.83317269121985
2015.6753 19.38 -155.11 -7.69029924618170 4.49798617679219
2015.7027 19.38 -155.11 6.95745254918716 5.14657412078770
2015.7301 19.38 -155.11 -17.50958492874187 5.03640554951954
2015.9493 19.38 -155.11 1.12739861501163 4.83236843384575
2015.9767 19.38 -155.11 -1.23405406849499 5.41375061190031
2016.0041 19.38 -155.11 -11.35378302996516 4.76224866580804
2016.0315 19.38 -155.11 -30.37711141419099 4.52362829736277
2016.0589 19.38 -155.11 -8.02770301025683 4.61275974314377
2016.0863 19.38 -155.11 -19.48808632128076 3.98596453090922
2016.1137 19.38 -155.11 -6.30759028296468 4.72644407011852
2016.1411 19.38 -155.11 -31.49447682905308 5.91579284756877
2016.1685 19.38 -155.11 -20.37564226852847 6.57900946764463
2016.1959 19.38 -155.11 -36.03914381657483 6.47335142589029
2016.2233 19.38 -155.11 -18.82070800791165 6.62473340173461
2016.2507 19.38 -155.11 -14.46498297108801 4.84135566539150
2016.3603 19.38 -155.11 -13.54482728940445 4.49854013161888
2016.3877 19.38 -155.11 -27.62807355851246 5.57223652950333
2016.4151 19.38 -155.11 -19.93678465212047 5.37003217550202
2016.4425 19.38 -155.11 -25.42942427874984 5.93308373093322
2016.4699 19.38 -155.11 -18.70655207266411 5.79253259838918
