2002.5877 33.80 132.91 -35.60796985589578 9.66660617586782
2002.6151 33.80 132.91 -20.20039718208865 9.40627375045033
2002.6425 33.80 132.91 -26.89827173654600 9.61611245645522
2002.6699 33.80 132.91 -16.31834185966198 8.06154162402147
2002.6973 33.80 132.91 38.32925948202735 12.58531643053569
2002.7247 33.80 132.91 -6.12421976435375 9.13228086478363
2002.7521 33.80 132.91 -10.86677874153563 8.35918863046236
2002.7795 33.80 132.91 -15.01701556407664 9.56340725204023
2002.8068 33.80 132.91 -10.15250679413537 8.66936913995363
2002.8342 33.80 132.91 -11.36015755052375 8.51533786678012
2002.8616 33.80 132.91 -44.22466989652293 8.04857419657854
2002.8890 33.80 132.91 -33.40181576738252 8.66506660040206
2002.9164 33.80 132.91 -18.35900207272671 8.94426863436704
2003.0260 33.80 132.91 -15.43976267459485 9.97797627445644
2003.0534 33.80 132.91 4.33504847600952 17.57692556303064
2003.0808 33.80 132.91 -0.83133683000076 14.43974929021721
2003.1082 33.80 132.91 -9.02161327959327 7.98160917437169
2003.1356 33.80 132.91 -23.65828446176547 7.34788973481541
2003.1630 33.80 132.91 -9.59816391257496 8.01485511280710
2003.1904 33.80 132.91 -8.37372971038093 9.36637635125950
2003.2178 33.80 132.91 -23.96349030682224 7.91369887506489
2003.2452 33.80 132.91 -22.45080261305061 7.88260226167981
2003.2726 33.80 132.91 -24.51261724734469 7.66304923115761
2003.3000 33.80 132.91 -39.81433724076344 7.53062753358140
2003.3274 33.80 132.91 -47.39323076381807 10.13117942023214
2003.3548 33.80 132.91 -24.38904199412076 11.55849673295985
2003.3822 33.80 132.91 -23.89579253559128 9.70173497912343
2003.5192 33.80 132.91 19.06586074568384 11.31773093203684
2003.5466 33.80 132.91 1.38629701517407 12.94530213643387
2003.5740 33.80 132.91 24.32064209485927 15.54490842604274
2003.6014 33.80 132.91 17.80772031464868 12.98499216549207
2003.6288 33.80 132.91 11.73735933998905 11.90528151322667
2003.6562 33.80 132.91 21.60404549423004 13.03431223607072
2003.6836 33.80 132.91 9.04249808752901 13.10949894639077
2003.7110 33.80 132.91 -12.41692393742608 9.62446979703939
2003.7384 33.80 132.91 7.15016385898961 12.25468370519559
2003.7658 33.80 132.91 8.47373395371070 11.14272991738273
2003.7932 33.80 132.91 -0.13147341506532 12.70588741268274
2003.8205 33.80 132.91 -13.60844433657145 13.46791519221866
2003.8479 33.80 132.91 9.55786888283398 11.33443572149334
2003.8753 33.80 132.91 5.49001601146914 12.55407442975798
2003.9027 33.80 132.91 23.12079234407997 10.95912620674033
2003.9301 33.80 132.91 -2.27412779480147 11.74900505756197
2003.9575 33.80 132.91 27.40233437996291 13.71281450557842
2003.9849 33.80 132.91 25.16421729175211 12.78902224547271
2004.0123 33.80 132.91 10.63624048016469 13.73525262796462
2004.0397 33.80 132.91 -0.40280307069431 10.30501745215639
2004.0945 33.80 132.91 11.92427486884642 9.61263631514470
2004.1219 33.80 132.91 -6.55428103440785 11.23234904554071
2004.1493 33.80 132.91 -30.64662423937932 13.40806366467150
2004.1767 33.80 132.91 -9.21291645522739 14.81160103206343
2004.2041 33.80 132.91 -25.24250332700745 11.56018889827299
2004.2315 33.80 132.91 -2.92791094993598 11.74346713594563
2004.2589 33.80 132.91 -12.61895760391730 12.08830391629386
2004.2863 33.80 132.91 -24.40348135662193 12.16211327958086
2004.3137 33.80 132.91 -0.33712945116202 11.48082304390095
2004.3411 33.80 132.91 -6.01750536088490 12.75227363697889
2004.3685 33.80 132.91 6.80476086186141 11.95483810903136
2004.3959 33.80 132.91 26.74663841346889 10.25372329287183
2004.4233 33.80 132.91 14.30555495352929 9.80167456949571
2004.4507 33.80 132.91 -6.25676437383418 8.78427926401347
2004.4781 33.80 132.91 9.03776139943817 9.78337126076774
2004.5055 33.80 132.91 10.77254612744472 9.48083232293877
2004.5329 33.80 132.91 9.40429928187746 8.84126139714350
2004.5603 33.80 132.91 -4.84026644761641 9.19027511739194
2004.5877 33.80 132.91 5.90119489857137 9.19404061289337
2004.6151 33.80 132.91 -3.17412954817173 10.20365181261313
2004.6425 33.80 132.91 -0.90178218462607 8.47516491017040
2004.6699 33.80 132.91 -5.19757784656952 8.44428348276074
2004.6973 33.80 132.91 0.00419254402769 7.83371781182901
2004.7247 33.80 132.91 -9.90604258552389 9.18051514668616
2004.7521 33.80 132.91 28.13505620848129 8.69147909521867
2004.7795 33.80 132.91 20.99755342063425 8.56031985417741
2004.8068 33.80 132.91 10.51638890036797 9.69386677903463
2004.8342 33.80 132.91 29.18507176599622 9.59745748233630
2004.8616 33.80 132.91 28.22707786341020 8.22704104742176
2004.8890 33.80 132.91 18.10469431118262 8.28009394939691
2004.9164 33.80 132.91 18.38923975706390 9.22234370443871
2004.9438 33.80 132.91 11.11490277381578 9.92932584739264
2004.9712 33.80 132.91 21.03806628504683 9.40193545806822
2004.9973 33.80 132.91 13.29934632537382 8.86506183885742
2005.0233 33.80 132.91 -19.62916388422927 10.79734025231609
2005.0507 33.80 132.91 4.08089866072066 17.10577927996876
2005.0781 33.80 132.91 3.09775603385320 12.38999062492732
2005.1055 33.80 132.91 17.41259291652837 12.24056497622512
2005.1329 33.80 132.91 2.97081309794138 12.55776182744263
2005.1603 33.80 132.91 -36.41672046672033 10.86967427323986
2005.1877 33.80 132.91 -12.78667889238066 10.70575153844772
2005.2151 33.80 132.91 2.58386224604233 9.81300841416866
2005.2425 33.80 132.91 0.49230224613375 9.68699399826016
2005.2699 33.80 132.91 -6.58225009109866 10.47388906098436
2005.2973 33.80 132.91 -18.68755121417653 11.16375522624793
2005.3247 33.80 132.91 0.47191324810319 11.77816034603900
2005.3521 33.80 132.91 21.56787678362623 4.12228079654063
2005.3795 33.80 132.91 -6.34015913302907 10.91879875168425
2005.4068 33.80 132.91 -4.59406958210496 9.80226732477252
2005.4342 33.80 132.91 -4.34242569151301 11.23443467456873
2005.4616 33.80 132.91 -3.54433609158900 10.31811288109977
2005.4890 33.80 132.91 -12.86800736562896 9.76442355429974
2005.5164 33.80 132.91 12.38898090936737 9.70884570882425
2005.5438 33.80 132.91 -13.16048087560324 10.77098640557954
2005.5712 33.80 132.91 -10.94169667366519 11.88737430160612
2005.5986 33.80 132.91 -6.16718527838847 12.16927699723920
2005.6260 33.80 132.91 -3.86186608088163 10.58969938554814
2005.6534 33.80 132.91 -12.34918947752264 11.33977664679220
2005.6808 33.80 132.91 2.35795605572585 11.05425257992440
2005.7082 33.80 132.91 1.61873835030619 13.86924289605465
2005.7356 33.80 132.91 12.21461058444222 12.00764448051747
2005.7630 33.80 132.91 17.26540964724748 12.02802295196978
2005.7904 33.80 132.91 6.30077207173978 11.08168578799205
2005.8178 33.80 132.91 -17.91340154618957 11.49204536854389
2005.8452 33.80 132.91 -8.20101224523355 12.28264560287051
2005.8726 33.80 132.91 -7.63341349631850 10.54876206205206
2005.9000 33.80 132.91 3.28751963882891 10.18309214972657
2005.9274 33.80 132.91 -22.17955989959787 9.87252685409063
2005.9548 33.80 132.91 -5.53166281493238 8.43141073211119
2005.9822 33.80 132.91 17.34669325984585 9.21284428369962
2006.0096 33.80 132.91 15.74710996079801 10.65328288235784
2006.0370 33.80 132.91 12.94648869598703 13.83836574572547
2006.0644 33.80 132.91 14.69790450733993 13.98319168407360
2006.0918 33.80 132.91 7.40284720275294 14.11964394636612
2006.1192 33.80 132.91 -2.39263515408916 16.57085522660287
2006.1466 33.80 132.91 -16.08660543865011 12.58194326504614
2006.1740 33.80 132.91 28.98811931805746 14.74281815649783
2006.2014 33.80 132.91 -10.50024773432785 10.89127894859840
2006.2288 33.80 132.91 -12.78084524624314 14.86772546070500
2006.2562 33.80 132.91 -6.31367871177911 14.05217276222290
2006.2836 33.80 132.91 17.60859838673270 13.59246799907360
2006.3110 33.80 132.91 -3.15087880913811 14.64079679173366
2006.3384 33.80 132.91 -3.69440716688158 13.18275369028381
2006.3658 33.80 132.91 -16.57649707023086 14.73100578567682
2006.3932 33.80 132.91 14.25081199735352 14.40431657596678
2006.4205 33.80 132.91 4.85956609013412 14.33542270588377
2006.4479 33.80 132.91 13.19588386313896 15.24743493607237
2006.4753 33.80 132.91 -14.10189098806410 15.90055736916861
2006.5027 33.80 132.91 12.52728896415408 16.65597413114342
2006.5301 33.80 132.91 40.04293308749416 20.34156831226570
2006.5575 33.80 132.91 28.54082254047934 15.78368908218105
2006.5849 33.80 132.91 25.58204060234164 16.29280230490268
2006.6123 33.80 132.91 11.38859549582751 21.11028294687122
2006.6397 33.80 132.91 31.09858868214539 17.43259947650489
2006.6671 33.80 132.91 13.32517101486561 15.45374190099746
2006.6945 33.80 132.91 16.86949778791957 20.39593485381674
2006.7219 33.80 132.91 4.11070402528756 18.39335732291188
2006.7493 33.80 132.91 -6.74502605983296 22.50782383253108
2006.7767 33.80 132.91 5.62585964698612 19.60747976291817
2006.8041 33.80 132.91 17.72746807485960 15.33308918313544
2006.8315 33.80 132.91 5.28389028144395 18.31125810364853
2006.8589 33.80 132.91 26.11571788153226 17.63263509674479
2006.8863 33.80 132.91 -10.00332153132970 16.67752718281476
2006.9137 33.80 132.91 23.77406013981145 15.92948519222730
2006.9411 33.80 132.91 3.68195693457619 15.57202821137022
2006.9685 33.80 132.91 23.73253084361445 15.17950746107401
2006.9959 33.80 132.91 30.31754032593479 14.69788850585674
2007.0233 33.80 132.91 14.20840583346574 13.31107852787335
2007.0507 33.80 132.91 12.80158290508237 14.20568269630969
2007.0781 33.80 132.91 -4.19004543139181 15.20569113792198
2007.1055 33.80 132.91 -1.36060340683831 13.34443036042666
2007.1329 33.80 132.91 2.30003066442768 14.75892086410663
2007.1603 33.80 132.91 -7.52964508086092 14.04255166698027
2007.1877 33.80 132.91 2.83701256656775 19.25322534650114
2007.2151 33.80 132.91 2.76290948786822 16.97777392906564
2007.2425 33.80 132.91 -7.29181904838847 16.24800070983857
2007.2699 33.80 132.91 -24.73518044855833 12.13353665716976
2007.2973 33.80 132.91 -19.83317210095188 11.36116913395702
2007.3247 33.80 132.91 -18.11669308962525 14.62201645891161
2007.3521 33.80 132.91 -8.77721757266172 16.30786896678956
2007.3795 33.80 132.91 6.07137694675998 17.30779356605760
2007.4068 33.80 132.91 -3.25908215093606 13.88173946441604
2007.4342 33.80 132.91 12.76061948037442 13.09652356319552
2007.4616 33.80 132.91 -1.15281535479041 18.26848804672586
2007.4890 33.80 132.91 5.87466103317210 13.11457891134639
2007.5164 33.80 132.91 25.04957149128215 14.13845159460612
2007.5438 33.80 132.91 31.98162169030568 13.55367159490161
2007.5712 33.80 132.91 -6.13059343959636 13.93337424058348
2007.5986 33.80 132.91 19.84029959144126 17.55697666174479
2007.6260 33.80 132.91 18.26435379761271 13.81178349390749
2007.6534 33.80 132.91 -2.14155865702782 14.10814426176673
2007.6808 33.80 132.91 -13.25537549736765 14.71928563427444
2007.7082 33.80 132.91 13.71269781706740 10.05321753202867
2007.7356 33.80 132.91 -7.71218173045940 15.11589706791700
2007.7630 33.80 132.91 -22.47859674986951 10.76026531129747
2007.7904 33.80 132.91 -22.59448543809363 15.09931188914070
2007.8178 33.80 132.91 -9.06499333689407 17.83513470400144
2007.8452 33.80 132.91 -0.33974211988563 13.81999363567237
2007.8726 33.80 132.91 6.91369689694959 16.38400335942453
2007.9000 33.80 132.91 7.05499409469158 17.25772283708665
2007.9274 33.80 132.91 17.37161911813979 17.18687953603983
2007.9548 33.80 132.91 5.55865266003743 12.52880691378328
2007.9822 33.80 132.91 -0.39569620383344 15.89602299287602
2008.0096 33.80 132.91 -11.54465611366190 13.82320398326928
2008.0370 33.80 132.91 -15.81939997249508 14.47344383788913
2008.0644 33.80 132.91 -9.17872872464046 17.09298193526365
2008.0918 33.80 132.91 -28.51106315186668 12.87418564760354
2008.1192 33.80 132.91 -8.57394810106992 15.77198475483353
2008.1466 33.80 132.91 -29.73924934761873 18.67360384460216
2008.1740 33.80 132.91 -30.05319057297642 16.09336983831417
2008.2014 33.80 132.91 -33.20040648992631 17.74632086868179
2008.2288 33.80 132.91 -9.86295570517751 19.59902652726927
2008.2562 33.80 132.91 -9.74646577278159 18.64267432609583
2008.2836 33.80 132.91 29.86086609290482 22.48387666321999
2008.3110 33.80 132.91 8.23302281259959 23.52330369341888
2008.3384 33.80 132.91 -5.66079332078203 17.24672903133057
2008.3658 33.80 132.91 -5.50403818547204 17.41432445267670
2008.3932 33.80 132.91 19.66736230295917 15.41926054202744
2008.4205 33.80 132.91 27.57593484153721 13.43495130695706
2008.4479 33.80 132.91 28.24849362519405 13.95016344669861
2008.4753 33.80 132.91 14.47748908929123 13.36863709679098
2008.5027 33.80 132.91 17.22063579793416 16.53653552997672
2008.5301 33.80 132.91 -17.58645034859322 20.46317003320843
2008.5575 33.80 132.91 -25.86910729574704 12.78328080435225
2008.5849 33.80 132.91 -18.71164636551444 15.35805982693939
2008.6123 33.80 132.91 -28.88014740030459 12.17248020968653
2008.6397 33.80 132.91 -29.61498071278445 13.62847060265910
2008.6671 33.80 132.91 3.96432151160693 12.92427346326066
2008.6945 33.80 132.91 -4.16077248751867 12.44565338423781
2008.7219 33.80 132.91 -32.95006341834004 14.85003817579130
2008.7493 33.80 132.91 -5.58552946779520 13.27893474912150
2008.7767 33.80 132.91 -2.93110148888290 16.02988148038100
2008.8041 33.80 132.91 2.40998870005087 16.19490606636343
2008.8315 33.80 132.91 -1.39878954074115 18.14702423284085
2008.8589 33.80 132.91 -5.97001882769026 21.26409590017179
2008.8863 33.80 132.91 -7.27391370476321 20.38252663607485
2008.9137 33.80 132.91 -0.42338996310532 19.52574381719355
2008.9411 33.80 132.91 3.25788976546263 20.08796185602219
2008.9685 33.80 132.91 29.21733214532788 18.68762221137454
2008.9945 33.80 132.91 9.43618167348362 15.91188233941270
2009.0205 33.80 132.91 -9.95235557372406 15.84072443768368
2009.0479 33.80 132.91 -9.89899954830653 15.84203545882682
2009.0753 33.80 132.91 -26.51440094293459 14.88933670499460
2009.1027 33.80 132.91 -3.40348218301456 19.01102329169902
2009.1301 33.80 132.91 -34.72022696812555 14.75804164711079
2009.1575 33.80 132.91 -3.80048287466175 14.87546412330567
2009.1849 33.80 132.91 -32.81996244553233 17.88180668079259
2009.2123 33.80 132.91 -13.46543607781887 14.54036635151600
2009.2397 33.80 132.91 -7.46331860722584 17.09380402805375
2009.2671 33.80 132.91 -21.06190167335583 14.11602161910665
2009.2945 33.80 132.91 -4.32879414137746 14.54550927454924
2009.3219 33.80 132.91 11.39608972423905 15.11944520907724
2009.3493 33.80 132.91 -8.46391891712503 13.71578671247635
2009.3767 33.80 132.91 -9.30064408956837 14.44398561938949
2009.4041 33.80 132.91 -15.08269641008914 12.40439899344076
2009.4315 33.80 132.91 24.93071151223369 14.73608995177453
2009.4589 33.80 132.91 27.80722920081493 11.96478448844322
2009.4863 33.80 132.91 5.70972940690116 13.30743318719032
2009.5137 33.80 132.91 10.66286964915177 12.42007837347225
2009.5411 33.80 132.91 24.95236290319936 15.65093474975389
2009.5685 33.80 132.91 34.58522188344428 16.78001425920388
2009.5959 33.80 132.91 20.67474229272597 14.51656706243481
2009.6233 33.80 132.91 26.93291591520963 15.49494363635729
2009.6507 33.80 132.91 25.81953879970685 14.96801448596605
2009.6781 33.80 132.91 6.12991716700428 16.28285495438836
2009.7055 33.80 132.91 -4.94727159474400 17.15077462376650
2009.7329 33.80 132.91 8.99449904007554 16.34253743939057
2009.7603 33.80 132.91 33.63375238699297 18.73167012090090
2009.7877 33.80 132.91 19.71878573811117 17.23802368808239
2009.8151 33.80 132.91 -12.14568024096889 18.76206020105741
2009.8425 33.80 132.91 1.87700017767945 16.85987480949952
2009.8699 33.80 132.91 17.32524105027098 16.01813393345502
2009.8973 33.80 132.91 11.01054469904439 14.88636513180942
2009.9247 33.80 132.91 2.94855409818571 14.34947167465342
2009.9521 33.80 132.91 20.41180145175919 13.64510200309066
2009.9795 33.80 132.91 55.85343795167977 14.02401213284862
2010.0068 33.80 132.91 30.15959377128202 18.44657756553973
2010.0342 33.80 132.91 11.96228630142117 13.87091992571518
2010.0616 33.80 132.91 4.32782447914606 14.32616414097954
2010.0890 33.80 132.91 -17.79519150950295 17.73984626450913
2010.1164 33.80 132.91 4.62136028288355 18.33370240565552
2010.1438 33.80 132.91 1.13822821234858 17.27484863107745
2010.1712 33.80 132.91 20.91213858371594 16.46609841321517
2010.1986 33.80 132.91 18.09702649445707 15.74144817215203
2010.2260 33.80 132.91 9.82739506828735 17.29163635135624
2010.2534 33.80 132.91 6.41928447836987 17.71702156886666
2010.2808 33.80 132.91 3.54096692057399 13.24757594992619
2010.3082 33.80 132.91 -15.30436286549246 14.04926649535682
2010.3356 33.80 132.91 -9.01257192826955 12.32861906854163
2010.3630 33.80 132.91 8.48873850499755 13.19779229339533
2010.3904 33.80 132.91 0.70791537910043 13.15833713052775
2010.4178 33.80 132.91 12.58206079244477 14.13145837570628
2010.4452 33.80 132.91 -0.26947091500225 12.25002640395041
2010.4726 33.80 132.91 48.23726317063017 10.83283199710671
2010.5000 33.80 132.91 69.54022516862707 12.63638793117166
2010.5274 33.80 132.91 12.52407306938284 21.49486013073408
2010.5548 33.80 132.91 30.01911873035364 13.21727091495958
2010.5822 33.80 132.91 18.16012351931505 11.80133211960991
2010.6096 33.80 132.91 4.58895916215602 15.90274106484793
2010.6370 33.80 132.91 -2.61767385607821 13.94349631111604
2010.6644 33.80 132.91 12.37652048812151 12.92285565059023
2010.6918 33.80 132.91 17.41303374195654 16.02535392331592
2010.7192 33.80 132.91 -9.78738689219627 14.83870798719899
2010.7466 33.80 132.91 20.31362581822660 17.60759537733482
2010.7740 33.80 132.91 14.32211746979277 13.64486472785858
2010.8014 33.80 132.91 -2.62535210323359 13.08969265667533
2010.8288 33.80 132.91 5.41892297615475 15.26804333425385
2010.8562 33.80 132.91 38.03813399941422 14.88808736042582
2010.8836 33.80 132.91 18.13402805955945 13.49219055682674
2010.9110 33.80 132.91 43.11358002665310 15.06660767875110
2010.9384 33.80 132.91 24.85004108709838 15.73249346830987
2010.9658 33.80 132.91 10.32041054836605 17.47961156019543
2010.9932 33.80 132.91 52.69969026108229 12.30985879164072
2011.1027 33.80 132.91 17.36965372878446 12.38987912380259
2011.1301 33.80 132.91 19.34339231203385 20.69657422911197
2011.1575 33.80 132.91 5.21855649268393 13.17652912929613
2011.1849 33.80 132.91 -13.80987746170584 10.00863183913370
2011.2123 33.80 132.91 -32.16942590196432 17.56759513466274
2011.2397 33.80 132.91 -10.03355692926255 18.51310600160570
2011.2671 33.80 132.91 -30.06503373608773 14.54167786637883
2011.2945 33.80 132.91 3.96359614699422 17.38029303317126
2011.3219 33.80 132.91 -16.25330013403767 16.20914469105065
2011.3493 33.80 132.91 1.83815220846743 14.24662320115255
2011.3767 33.80 132.91 -22.20922239374569 17.07175072241356
2011.4041 33.80 132.91 21.63776354018288 14.63640499064826
2011.4315 33.80 132.91 24.75119049194074 14.30543628931707
2011.5137 33.80 132.91 2.43389167149539 13.02404947581809
2011.5411 33.80 132.91 11.73835415225221 14.22440956361178
2011.5685 33.80 132.91 10.88424413549162 13.68804608282204
2011.5959 33.80 132.91 2.00855455803053 14.89067706652196
2011.6233 33.80 132.91 -0.23185923401411 14.72196973395912
2011.6507 33.80 132.91 6.81766652623133 18.11333281728487
2011.6781 33.80 132.91 11.36583958738554 16.79581349662707
2011.7055 33.80 132.91 -9.06082178297555 16.90325624965390
2011.7329 33.80 132.91 5.53519723342632 19.92082259764302
2011.7603 33.80 132.91 3.73761458648349 16.85757976151060
2011.7877 33.80 132.91 3.24466727734579 18.10698197992756
2011.8151 33.80 132.91 3.32950655883648 17.65096829101202
2011.8425 33.80 132.91 35.30498266824200 19.45897925818637
2011.8699 33.80 132.91 4.51383357992657 17.95118949654472
2011.9521 33.80 132.91 1.14642243066892 10.86645752657320
2011.9795 33.80 132.91 25.35782187697479 15.27492134078206
2012.0068 33.80 132.91 27.91721017206839 14.00520157934709
2012.0342 33.80 132.91 9.70683979809395 16.91285596800027
2012.0616 33.80 132.91 -7.89448958544538 14.66141451567213
2012.0890 33.80 132.91 -6.95256027014963 14.39419364491894
2012.1164 33.80 132.91 -16.72760963277860 13.90152299048217
2012.1438 33.80 132.91 -25.82907021783577 14.49940195464564
2012.1712 33.80 132.91 -10.45098403275031 13.51406891689765
2012.1986 33.80 132.91 -7.95875773671709 12.23769254498582
2012.2260 33.80 132.91 -0.03316149311496 12.61063244935011
2012.2534 33.80 132.91 -10.20084631377062 12.30126880890990
2012.2808 33.80 132.91 3.95808150878900 11.46660761244875
2012.3082 33.80 132.91 -5.91218165240089 12.62777387412394
2012.3904 33.80 132.91 7.19705305974467 13.28133190907224
2012.4178 33.80 132.91 6.03606736695009 10.35627114703622
2012.4452 33.80 132.91 16.94678719609143 10.19125089720304
2012.4726 33.80 132.91 33.95796908518522 11.14447568157730
2012.5000 33.80 132.91 26.42132149709220 10.47797203116992
2012.5274 33.80 132.91 11.59555812404079 11.19271429483252
2012.5548 33.80 132.91 24.86712852324234 11.17943267787786
2012.5822 33.80 132.91 20.60236839845735 12.03834326956739
2012.6096 33.80 132.91 -8.27354290118640 11.94088259525374
2012.6370 33.80 132.91 -11.35093573452894 10.91507020572912
2012.6644 33.80 132.91 6.03787557020809 12.10884086067915
2012.6918 33.80 132.91 2.37805825820347 12.53019480546750
2012.7192 33.80 132.91 35.21060108456106 15.46367899940786
2012.7466 33.80 132.91 9.28468062877878 10.06952338053126
2012.8562 33.80 132.91 3.12391108292155 15.88727140415658
2012.8836 33.80 132.91 9.67729870239794 15.06023646598848
2012.9110 33.80 132.91 16.04697865911940 14.20546337989748
2012.9384 33.80 132.91 13.59352644698016 13.24541459270763
2012.9658 33.80 132.91 -18.55221637709790 15.51017936107946
2012.9918 33.80 132.91 -53.43691697009710 7.14542627807022
2013.0178 33.80 132.91 -23.06979343349549 8.67815420925874
2013.0452 33.80 132.91 -42.97799349342969 8.58459143386786
2013.0726 33.80 132.91 -40.93167282806790 7.81295071181877
2013.1000 33.80 132.91 -31.99715385366411 8.04444829157405
2013.1274 33.80 132.91 -37.73711724462859 7.32616893278926
2013.1548 33.80 132.91 -29.35988336147213 6.56951648878422
2013.2644 33.80 132.91 9.89396700847030 7.20799955232346
2013.2918 33.80 132.91 -18.19527698553222 7.60000341510464
2013.3192 33.80 132.91 7.68020697583518 8.57036315752802
2013.3466 33.80 132.91 -4.28502321011856 8.84611229733272
2013.3740 33.80 132.91 -22.27227975564228 7.40839693928427
2013.4014 33.80 132.91 -23.86408152099201 7.69208705793215
2013.4288 33.80 132.91 -27.38426570511191 6.57382896857768
2013.4562 33.80 132.91 -9.58750385497576 6.67720340560344
2013.4836 33.80 132.91 -8.35153507090676 6.92510974053202
2013.5110 33.80 132.91 -36.46853617527888 7.99848612781190
2013.5384 33.80 132.91 -57.08970359924075 7.58445149574433
2013.5658 33.80 132.91 -33.56299142577962 8.13731695523220
2013.7575 33.80 132.91 7.77159746819284 7.48013713088920
2013.7849 33.80 132.91 2.25965955966108 7.90228840953423
2013.8123 33.80 132.91 20.14807727034103 7.16389762232801
2013.8397 33.80 132.91 14.84570080316248 7.28916001281866
2013.8671 33.80 132.91 12.35692965215548 7.74524247475072
2013.8945 33.80 132.91 -12.94469252270645 7.23886716102525
2013.9219 33.80 132.91 -9.87028210330763 6.25732309094046
2013.9493 33.80 132.91 -8.82022210559800 6.80871440979339
2013.9767 33.80 132.91 -8.48768488807591 6.76187685182623
2014.0041 33.80 132.91 -14.86838879462679 6.56079687601906
2014.0315 33.80 132.91 4.07825897981841 6.93718747305072
2014.1685 33.80 132.91 -19.32527384695875 7.25626014755177
2014.1959 33.80 132.91 -15.25783577048542 7.74121559472874
2014.2233 33.80 132.91 -19.68659384783203 7.23754439703869
2014.2507 33.80 132.91 -39.86272033271287 6.54582064259904
2014.2781 33.80 132.91 -23.92230568960005 7.01205958850123
2014.3055 33.80 132.91 6.37651266627021 6.67267789946785
2014.3329 33.80 132.91 -20.09440133576427 5.23712348800151
2014.3603 33.80 132.91 10.26632865139926 6.16525530650970
2014.3877 33.80 132.91 -6.37480436210037 6.18023773167903
2014.4151 33.80 132.91 5.78794700987710 6.08525308877354
2014.4425 33.80 132.91 -11.82909621068213 6.52783889114451
2014.4699 33.80 132.91 18.97658141029896 6.38900921487462
2014.5795 33.80 132.91 -5.95091125121801 5.05354610338634
2014.6068 33.80 132.91 -13.96940698274055 5.55934466993704
2014.6342 33.80 132.91 -28.38777572958913 4.88551294440423
2014.6616 33.80 132.91 10.79531749739512 5.67713195528109
2014.6890 33.80 132.91 -15.94512955343898 5.52672387069136
2014.7164 33.80 132.91 -24.49490711996592 5.39098634601207
2014.7438 33.80 132.91 -2.39835653229087 5.99710995574638
2014.7712 33.80 132.91 28.96757078077633 5.92321685380377
2014.7986 33.80 132.91 20.27686573438418 5.07070589700881
2014.8260 33.80 132.91 5.96980588601474 5.02027736668943
2014.8534 33.80 132.91 -2.14125162501749 5.36776960665811
2014.8808 33.80 132.91 -6.24060056853904 5.38984688960019
2014.9082 33.80 132.91 33.38580994331479 5.52341789761248
2015.0452 33.80 132.91 -5.20900781332059 3.79051308325251
2015.0726 33.80 132.91 -11.73185584347992 4.29042674505704
2015.1000 33.80 132.91 0.44656854652787 3.67581873874246
2015.1274 33.80 132.91 -6.55280339927709 3.38275759243060
2015.1548 33.80 132.91 -23.21992512553949 4.12277802303808
2015.1822 33.80 132.91 -15.96458885109088 3.78223913765342
2015.2096 33.80 132.91 12.18864930216190 5.59307296416251
2015.2370 33.80 132.91 -23.68049379981549 6.17195670930885
2015.2644 33.80 132.91 -26.14863369013743 5.31509506584826
2015.2918 33.80 132.91 -41.38351739504221 5.21274962611926
2015.3192 33.80 132.91 -9.59302493754813 4.99979189030598
2015.3466 33.80 132.91 -20.42856324895056 5.50287011399951
2015.4836 33.80 132.91 44.97619834630748 4.46304867976520
2015.5110 33.80 132.91 9.04809733625782 4.44472627491903
2015.5384 33.80 132.91 24.82352117389220 5.05017241819720
2015.5658 33.80 132.91 -16.49187497750442 5.41541209261209
2015.5932 33.80 132.91 -16.67372990287243 5.74576572141538
2015.6205 33.80 132.91 -13.48715187577130 5.40491926730942
2015.6479 33.80 132.91 3.88340034298405 5.28596114035241
2015.6753 33.80 132.91 12.08431771540967 4.92519100923730
2015.7027 33.80 132.91 -13.72229433492088 5.62901059350727
2015.7301 33.80 132.91 -5.92112654185034 5.51052153441726
2015.9493 33.80 132.91 10.22945544097256 5.25300637902534
2015.9767 33.80 132.91 13.32473866790956 5.82703766147528
2016.0041 33.80 132.91 -13.88538915353631 5.12860929988471
2016.0315 33.80 132.91 -3.65553029463627 4.86015687806623
2016.0589 33.80 132.91 -34.29089462239433 4.96232689609391
2016.0863 33.80 132.91 -18.46183950903836 4.31832931535744
2016.1137 33.80 132.91 -20.97736914164639 5.07890218779659
2016.1411 33.80 132.91 -20.68565580289251 6.31652636701051
2016.1685 33.80 132.91 -14.32084012451578 7.01553557627520
2016.1959 33.80 132.91 -44.33801082162815 6.92975655955959
2016.2233 33.80 132.91 -1.06425547573504 7.10224403434048
2016.2507 33.80 132.91 -3.54609857529263 5.23533847383562
2016.3603 33.80 132.91 16.25346516794064 4.92144595450467
2016.3877 33.80 132.91 -20.05937845478125 6.08243486460193
2016.4151 33.80 132.91 -9.71602992488348 5.87328461580534
2016.4425 33.80 132.91 4.76165904414802 6.48294888382164
2016.4699 33.80 132.91 24.98336035051789 6.33168423750312
