2002.5877 44.66 -110.75 -0.192 -0.423 3.085 0.115 0.101 0.529
2002.6151 44.66 -110.75 -0.210 -0.425 5.321 0.110 0.098 0.506
2002.6425 44.66 -110.75 -0.053 -0.278 5.753 0.112 0.099 0.515
2002.6699 44.66 -110.75 -0.246 -0.338 5.089 0.097 0.086 0.451
2002.6973 44.66 -110.75 -0.285 0.215 3.280 0.171 0.085 0.650
2002.7247 44.66 -110.75 -0.236 0.408 4.757 0.104 0.093 0.479
2002.7521 44.66 -110.75 -0.504 0.213 4.412 0.096 0.087 0.447
2002.7795 44.66 -110.75 -0.406 0.384 4.648 0.112 0.100 0.518
2002.8068 44.66 -110.75 -0.490 0.298 5.736 0.100 0.089 0.460
2002.8342 44.66 -110.75 -0.665 0.449 6.244 0.099 0.088 0.455
2002.8616 44.66 -110.75 -0.772 0.477 5.571 0.103 0.080 0.456
2002.8890 44.66 -110.75 -0.763 0.136 4.196 0.100 0.088 0.459
2002.9164 44.66 -110.75 -0.871 0.232 5.000 0.107 0.093 0.492
2003.0260 44.66 -110.75 -0.445 -0.296 5.076 0.122 0.106 0.559
2003.0534 44.66 -110.75 -0.351 -0.434 0.027 0.196 0.174 0.886
2003.0808 44.66 -110.75 0.111 -0.730 -2.580 0.176 0.149 0.794
2003.1082 44.66 -110.75 -0.697 -0.537 1.622 0.103 0.088 0.475
2003.1356 44.66 -110.75 -0.502 -0.425 1.911 0.096 0.081 0.443
2003.1630 44.66 -110.75 -0.632 -0.386 -0.845 0.101 0.087 0.468
2003.1904 44.66 -110.75 -0.371 -0.702 -0.020 0.119 0.101 0.543
2003.2178 44.66 -110.75 -0.158 -0.442 -2.876 0.100 0.086 0.461
2003.2452 44.66 -110.75 -0.337 -0.772 -4.327 0.097 0.085 0.450
2003.2726 44.66 -110.75 -0.573 -0.574 -2.080 0.095 0.083 0.439
2003.3000 44.66 -110.75 -0.297 -1.094 -2.504 0.093 0.081 0.429
2003.3274 44.66 -110.75 -0.270 -0.739 -3.084 0.121 0.106 0.552
2003.3548 44.66 -110.75 0.020 -0.897 -3.456 0.131 0.117 0.599
2003.3822 44.66 -110.75 -0.407 -0.512 -2.360 0.121 0.104 0.554
2003.5192 44.66 -110.75 -0.454 -0.315 3.799 0.125 0.113 0.571
2003.5466 44.66 -110.75 -0.422 -0.174 4.241 0.137 0.125 0.626
2003.5740 44.66 -110.75 -0.612 -0.272 4.851 0.159 0.146 0.723
2003.6014 44.66 -110.75 -0.469 -0.145 4.262 0.137 0.125 0.627
2003.6288 44.66 -110.75 -0.451 -0.248 7.453 0.131 0.118 0.597
2003.6562 44.66 -110.75 -0.472 -0.435 5.048 0.140 0.127 0.637
2003.6836 44.66 -110.75 -0.616 -0.313 6.387 0.138 0.125 0.627
2003.7110 44.66 -110.75 -0.644 0.016 5.697 0.109 0.097 0.499
2003.7384 44.66 -110.75 -0.694 0.384 4.934 0.132 0.118 0.597
2003.7658 44.66 -110.75 -0.983 0.096 3.763 0.121 0.108 0.550
2003.7932 44.66 -110.75 -0.836 -0.022 6.028 0.135 0.121 0.610
2003.8205 44.66 -110.75 -0.227 0.431 6.115 0.146 0.127 0.654
2003.8479 44.66 -110.75 -0.644 0.212 3.701 0.130 0.109 0.577
2003.8753 44.66 -110.75 -0.567 0.286 5.086 0.135 0.119 0.607
2003.9027 44.66 -110.75 -0.687 -0.012 4.498 0.124 0.107 0.559
2003.9301 44.66 -110.75 -0.680 -0.052 3.307 0.129 0.112 0.578
2003.9575 44.66 -110.75 -0.415 0.186 4.450 0.144 0.126 0.643
2003.9849 44.66 -110.75 -0.515 -0.168 3.638 0.137 0.119 0.610
2004.0123 44.66 -110.75 -0.501 0.169 2.749 0.147 0.127 0.654
2004.0397 44.66 -110.75 -0.451 -0.382 3.094 0.126 0.106 0.567
2004.0945 44.66 -110.75 -0.410 -0.420 0.298 0.118 0.099 0.529
2004.1219 44.66 -110.75 -0.435 -0.619 1.323 0.125 0.105 0.551
2004.1493 44.66 -110.75 -0.448 -1.190 1.657 0.146 0.123 0.643
2004.1767 44.66 -110.75 -0.864 -0.566 0.812 0.156 0.131 0.681
2004.2041 44.66 -110.75 -0.551 -1.199 1.323 0.128 0.106 0.562
2004.2315 44.66 -110.75 -0.827 -0.653 -1.433 0.130 0.107 0.570
2004.2589 44.66 -110.75 -0.577 -0.762 -0.313 0.135 0.110 0.588
2004.2863 44.66 -110.75 -0.364 -0.764 -0.320 0.135 0.110 0.589
2004.3137 44.66 -110.75 -0.426 -0.692 -0.990 0.129 0.104 0.561
2004.3411 44.66 -110.75 -0.427 -0.650 -0.988 0.141 0.114 0.610
2004.3685 44.66 -110.75 -0.316 -0.216 0.722 0.136 0.110 0.595
2004.3959 44.66 -110.75 -0.387 -0.335 1.436 0.120 0.098 0.529
2004.4233 44.66 -110.75 -0.371 -0.397 0.943 0.115 0.094 0.509
2004.4507 44.66 -110.75 -0.078 -0.126 1.742 0.103 0.083 0.452
2004.4781 44.66 -110.75 -0.114 0.002 -0.034 0.113 0.090 0.493
2004.5055 44.66 -110.75 -0.248 0.265 1.755 0.110 0.089 0.483
2004.5329 44.66 -110.75 -0.341 0.279 3.261 0.104 0.084 0.460
2004.5603 44.66 -110.75 -0.494 0.203 3.788 0.107 0.086 0.470
2004.5877 44.66 -110.75 -0.393 0.005 5.002 0.109 0.087 0.477
2004.6151 44.66 -110.75 -0.397 0.228 3.830 0.119 0.096 0.523
2004.6425 44.66 -110.75 -0.570 -0.003 4.426 0.102 0.083 0.452
2004.6699 44.66 -110.75 -0.476 -0.155 5.103 0.102 0.083 0.454
2004.6973 44.66 -110.75 -0.276 -0.173 5.396 0.096 0.079 0.429
2004.7247 44.66 -110.75 -0.216 0.380 3.861 0.110 0.089 0.485
2004.7521 44.66 -110.75 -0.399 0.099 4.229 0.105 0.086 0.469
2004.7795 44.66 -110.75 -0.575 0.108 4.218 0.103 0.083 0.454
2004.8068 44.66 -110.75 -0.520 0.363 3.413 0.114 0.091 0.497
2004.8342 44.66 -110.75 -0.606 0.267 1.506 0.112 0.090 0.490
2004.8616 44.66 -110.75 -0.602 0.262 3.230 0.099 0.081 0.442
2004.8890 44.66 -110.75 -0.751 0.439 2.449 0.099 0.081 0.440
2004.9164 44.66 -110.75 -0.569 0.383 1.573 0.108 0.087 0.474
2004.9438 44.66 -110.75 -0.586 0.107 0.284 0.119 0.098 0.531
2004.9712 44.66 -110.75 -0.803 -0.009 2.170 0.108 0.087 0.472
2004.9973 44.66 -110.75 -0.624 -0.056 0.704 0.105 0.085 0.463
2005.0233 44.66 -110.75 -0.589 0.202 -0.349 0.120 0.097 0.523
2005.0507 44.66 -110.75 -0.908 -0.317 -0.563 0.173 0.144 0.749
2005.0781 44.66 -110.75 -0.823 -0.574 -0.151 0.133 0.109 0.580
2005.1055 44.66 -110.75 -0.632 -0.769 3.182 0.132 0.109 0.577
2005.1329 44.66 -110.75 -0.702 -0.587 0.452 0.135 0.112 0.591
2005.1603 44.66 -110.75 -0.704 -0.250 -0.098 0.122 0.100 0.535
2005.1877 44.66 -110.75 -0.630 -0.297 1.629 0.123 0.100 0.539
2005.2151 44.66 -110.75 -0.485 -0.151 0.712 0.116 0.095 0.514
2005.2425 44.66 -110.75 -0.617 -0.238 -0.933 0.112 0.093 0.496
2005.2699 44.66 -110.75 -0.502 -0.245 -1.176 0.119 0.099 0.526
2005.2973 44.66 -110.75 -0.377 -0.290 -2.209 0.125 0.104 0.554
2005.3247 44.66 -110.75 -0.640 -0.153 -1.421 0.132 0.110 0.583
2005.3521 44.66 -110.75 -0.557 -0.242 -2.798 0.059 0.050 0.284
2005.3795 44.66 -110.75 -0.446 -0.122 -1.336 0.124 0.104 0.550
2005.4068 44.66 -110.75 -0.395 -0.008 -2.515 0.114 0.096 0.509
2005.4342 44.66 -110.75 -0.256 -0.115 -3.199 0.130 0.110 0.582
2005.4616 44.66 -110.75 -0.416 0.071 -1.805 0.118 0.100 0.528
2005.4890 44.66 -110.75 -0.361 -0.088 1.137 0.112 0.095 0.502
2005.5164 44.66 -110.75 -0.396 0.182 0.431 0.112 0.095 0.501
2005.5438 44.66 -110.75 -0.329 0.010 3.584 0.121 0.103 0.541
2005.5712 44.66 -110.75 -0.460 0.240 4.307 0.131 0.112 0.585
2005.5986 44.66 -110.75 -0.519 0.108 4.427 0.134 0.115 0.598
2005.6260 44.66 -110.75 -0.564 0.575 4.140 0.119 0.102 0.533
2005.6534 44.66 -110.75 -0.673 0.054 2.681 0.125 0.108 0.560
2005.6808 44.66 -110.75 -0.703 0.302 2.865 0.123 0.106 0.551
2005.7082 44.66 -110.75 -0.315 0.023 3.898 0.147 0.129 0.659
2005.7356 44.66 -110.75 -0.569 0.386 3.774 0.130 0.114 0.583
2005.7630 44.66 -110.75 -0.316 0.041 0.336 0.130 0.114 0.586
2005.7904 44.66 -110.75 -0.322 0.374 1.689 0.123 0.107 0.552
2005.8178 44.66 -110.75 -0.159 0.358 3.336 0.125 0.110 0.565
2005.8452 44.66 -110.75 -0.381 0.509 3.813 0.135 0.118 0.607
2005.8726 44.66 -110.75 -0.377 -0.092 3.163 0.117 0.102 0.528
2005.9000 44.66 -110.75 -0.140 -0.019 2.457 0.114 0.100 0.517
2005.9274 44.66 -110.75 -0.384 0.086 1.088 0.121 0.101 0.545
2005.9548 44.66 -110.75 -0.200 -0.389 1.206 0.118 0.101 0.557
2005.9822 44.66 -110.75 -0.191 -0.412 3.170 0.114 0.097 0.519
2006.0096 44.66 -110.75 -0.288 -0.511 2.831 0.123 0.106 0.555
2006.0370 44.66 -110.75 -0.189 -0.726 0.038 0.153 0.135 0.691
2006.0644 44.66 -110.75 -0.207 -0.510 -1.144 0.156 0.137 0.703
2006.0918 44.66 -110.75 -0.089 -0.653 -0.441 0.154 0.137 0.697
2006.1192 44.66 -110.75 -0.343 -0.695 -2.726 0.174 0.156 0.782
2006.1466 44.66 -110.75 -0.096 -0.695 -3.669 0.137 0.123 0.623
2006.1740 44.66 -110.75 0.037 -1.189 -3.477 0.153 0.138 0.692
2006.2014 44.66 -110.75 0.005 -1.278 -3.711 0.120 0.107 0.546
2006.2288 44.66 -110.75 -0.083 -1.007 -3.353 0.154 0.140 0.697
2006.2562 44.66 -110.75 0.048 -1.408 -2.855 0.144 0.131 0.653
2006.2836 44.66 -110.75 -0.072 -1.140 -3.560 0.141 0.129 0.641
2006.3110 44.66 -110.75 0.168 -1.158 -5.132 0.150 0.137 0.683
2006.3384 44.66 -110.75 -0.204 -0.919 -2.776 0.136 0.125 0.621
2006.3658 44.66 -110.75 -0.183 -0.564 -3.293 0.151 0.139 0.687
2006.3932 44.66 -110.75 -0.334 -0.591 -4.751 0.148 0.136 0.677
2006.4205 44.66 -110.75 -0.236 -0.768 -4.621 0.149 0.137 0.681
2006.4479 44.66 -110.75 -0.021 -0.922 -3.109 0.165 0.147 0.745
2006.4753 44.66 -110.75 -0.202 -0.690 0.555 0.166 0.152 0.756
2006.5027 44.66 -110.75 -0.120 -0.844 2.775 0.172 0.158 0.783
2006.5301 44.66 -110.75 -0.067 -0.556 1.786 0.203 0.189 0.924
2006.5575 44.66 -110.75 -0.222 -0.434 2.025 0.162 0.150 0.741
2006.5849 44.66 -110.75 -0.373 -0.365 2.294 0.167 0.154 0.761
2006.6123 44.66 -110.75 -0.596 -0.256 3.544 0.204 0.191 0.927
2006.6397 44.66 -110.75 -0.520 -0.762 3.519 0.174 0.161 0.791
2006.6671 44.66 -110.75 -0.599 -0.477 3.186 0.158 0.146 0.723
2006.6945 44.66 -110.75 -0.736 -0.720 5.000 0.201 0.187 0.915
2006.7219 44.66 -110.75 -0.779 0.212 4.861 0.190 0.174 0.863
2006.7493 44.66 -110.75 -0.687 -0.087 6.081 0.226 0.208 1.023
2006.7767 44.66 -110.75 -0.749 -0.125 5.840 0.196 0.181 0.889
2006.8041 44.66 -110.75 -0.718 -0.137 2.261 0.158 0.145 0.721
2006.8315 44.66 -110.75 -0.698 -0.380 3.998 0.184 0.170 0.834
2006.8589 44.66 -110.75 -0.681 -0.116 2.904 0.179 0.165 0.813
2006.8863 44.66 -110.75 -0.534 -0.412 2.887 0.172 0.158 0.781
2006.9137 44.66 -110.75 -0.212 -0.602 3.171 0.167 0.152 0.761
2006.9411 44.66 -110.75 -0.176 -0.534 3.053 0.165 0.150 0.748
2006.9685 44.66 -110.75 -0.147 -0.431 3.279 0.165 0.147 0.746
2006.9959 44.66 -110.75 -0.380 -0.693 1.230 0.165 0.145 0.742
2007.0233 44.66 -110.75 -0.191 -0.477 2.005 0.153 0.134 0.693
2007.0507 44.66 -110.75 -0.514 -0.495 0.883 0.160 0.140 0.720
2007.0781 44.66 -110.75 -0.514 -0.451 -0.397 0.163 0.147 0.738
2007.1055 44.66 -110.75 -0.306 -0.629 -0.043 0.145 0.131 0.662
2007.1329 44.66 -110.75 -0.116 -0.894 0.377 0.159 0.143 0.719
2007.1603 44.66 -110.75 -0.225 -0.893 -1.756 0.151 0.136 0.686
2007.1877 44.66 -110.75 -0.342 -1.613 -2.862 0.193 0.178 0.876
2007.2151 44.66 -110.75 -0.022 -1.222 -1.435 0.172 0.159 0.783
2007.2425 44.66 -110.75 -0.156 -0.362 -1.389 0.166 0.153 0.754
2007.2699 44.66 -110.75 0.148 -0.404 -3.101 0.133 0.120 0.608
2007.2973 44.66 -110.75 0.156 -0.626 -1.478 0.126 0.113 0.574
2007.3247 44.66 -110.75 0.063 -0.917 -2.808 0.153 0.140 0.695
2007.3521 44.66 -110.75 0.207 -0.670 -0.626 0.167 0.153 0.758
2007.3795 44.66 -110.75 0.230 -0.868 0.039 0.174 0.161 0.794
2007.4068 44.66 -110.75 0.396 -0.240 -0.184 0.146 0.134 0.667
2007.4342 44.66 -110.75 0.162 -0.512 -2.578 0.140 0.127 0.640
2007.4616 44.66 -110.75 0.661 -0.458 -2.467 0.182 0.169 0.830
2007.4890 44.66 -110.75 0.386 0.058 -0.853 0.141 0.128 0.644
2007.5164 44.66 -110.75 0.041 -0.538 1.489 0.149 0.136 0.677
2007.5438 44.66 -110.75 0.022 -0.388 2.786 0.144 0.131 0.658
2007.5712 44.66 -110.75 -0.306 -0.674 3.024 0.148 0.135 0.676
2007.5986 44.66 -110.75 -0.507 -0.220 5.561 0.181 0.166 0.821
2007.6260 44.66 -110.75 -0.445 -0.207 5.065 0.148 0.134 0.675
2007.6534 44.66 -110.75 -0.369 -0.172 3.965 0.151 0.137 0.686
2007.6808 44.66 -110.75 -0.759 -0.516 4.530 0.159 0.143 0.721
2007.7082 44.66 -110.75 -0.503 -0.362 5.365 0.119 0.105 0.545
2007.7356 44.66 -110.75 -0.397 -0.145 6.789 0.163 0.147 0.740
2007.7630 44.66 -110.75 -0.395 0.397 5.998 0.127 0.111 0.580
2007.7904 44.66 -110.75 -0.243 0.374 3.539 0.160 0.145 0.727
2007.8178 44.66 -110.75 -0.415 0.573 3.057 0.183 0.168 0.833
2007.8452 44.66 -110.75 -0.467 0.229 3.013 0.150 0.136 0.686
2007.8726 44.66 -110.75 -0.355 -0.068 2.405 0.175 0.158 0.794
2007.9000 44.66 -110.75 -0.380 -0.232 2.642 0.187 0.164 0.837
2007.9274 44.66 -110.75 -0.342 -0.441 1.075 0.181 0.165 0.822
2007.9548 44.66 -110.75 -0.245 -0.543 2.255 0.136 0.124 0.624
2007.9822 44.66 -110.75 -0.199 -0.481 1.855 0.167 0.153 0.760
2008.0096 44.66 -110.75 -0.413 -0.317 2.420 0.147 0.134 0.670
2008.0370 44.66 -110.75 -0.365 -0.509 0.262 0.150 0.139 0.688
2008.0644 44.66 -110.75 -0.100 -0.533 -1.799 0.173 0.160 0.788
2008.0918 44.66 -110.75 -0.324 -0.507 0.678 0.140 0.127 0.640
2008.1192 44.66 -110.75 -0.310 -0.680 -1.801 0.163 0.151 0.744
2008.1466 44.66 -110.75 -0.095 -0.854 -0.766 0.189 0.175 0.860
2008.1740 44.66 -110.75 0.061 -0.812 -3.604 0.165 0.153 0.755
2008.2014 44.66 -110.75 0.006 -0.817 -3.264 0.176 0.165 0.805
2008.2288 44.66 -110.75 0.012 -0.291 -3.134 0.207 0.190 0.945
2008.2562 44.66 -110.75 -0.098 -0.920 -1.977 0.193 0.178 0.879
2008.2836 44.66 -110.75 0.013 -0.809 -1.660 0.232 0.214 1.054
2008.3110 44.66 -110.75 -0.078 -0.453 -2.956 0.239 0.221 1.085
2008.3384 44.66 -110.75 0.204 -0.443 -3.248 0.177 0.163 0.806
2008.3658 44.66 -110.75 0.085 -0.405 -3.500 0.181 0.166 0.824
2008.3932 44.66 -110.75 -0.083 -0.150 -3.917 0.166 0.150 0.754
2008.4205 44.66 -110.75 0.080 -0.347 -4.739 0.145 0.131 0.661
2008.4479 44.66 -110.75 -0.060 0.103 -6.179 0.147 0.133 0.668
2008.4753 44.66 -110.75 0.026 -0.157 -3.450 0.143 0.129 0.650
2008.5027 44.66 -110.75 -0.049 0.044 0.378 0.175 0.158 0.791
2008.5301 44.66 -110.75 -0.354 -0.034 1.586 0.217 0.196 0.980
2008.5575 44.66 -110.75 -0.141 -0.157 0.547 0.143 0.126 0.647
2008.5849 44.66 -110.75 -0.397 -0.022 3.194 0.160 0.145 0.723
2008.6123 44.66 -110.75 -0.210 -0.069 3.352 0.135 0.120 0.611
2008.6397 44.66 -110.75 -0.217 0.036 3.680 0.147 0.132 0.666
2008.6671 44.66 -110.75 -0.251 -0.062 2.504 0.141 0.126 0.641
2008.6945 44.66 -110.75 -0.382 0.179 2.356 0.137 0.122 0.621
2008.7219 44.66 -110.75 -0.477 0.207 2.308 0.156 0.141 0.708
2008.7493 44.66 -110.75 -0.278 0.393 3.422 0.142 0.128 0.644
2008.7767 44.66 -110.75 -0.307 0.149 2.297 0.164 0.150 0.745
2008.8041 44.66 -110.75 -0.630 0.577 2.681 0.165 0.152 0.750
2008.8315 44.66 -110.75 -0.569 0.529 2.583 0.186 0.171 0.847
2008.8589 44.66 -110.75 -0.292 0.341 3.081 0.217 0.201 0.987
2008.8863 44.66 -110.75 -0.336 0.373 2.596 0.208 0.192 0.948
2008.9137 44.66 -110.75 -0.171 0.424 1.435 0.198 0.184 0.902
2008.9411 44.66 -110.75 -0.086 0.366 2.508 0.208 0.192 0.947
2008.9685 44.66 -110.75 -0.159 0.370 2.084 0.195 0.179 0.887
2008.9945 44.66 -110.75 -0.264 -0.336 0.292 0.164 0.152 0.751
2009.0205 44.66 -110.75 0.253 0.162 -1.834 0.161 0.150 0.737
2009.0479 44.66 -110.75 -0.005 -0.146 -2.849 0.162 0.150 0.739
2009.0753 44.66 -110.75 0.004 -0.656 -1.822 0.156 0.143 0.712
2009.1027 44.66 -110.75 0.245 -0.230 0.924 0.193 0.179 0.879
2009.1301 44.66 -110.75 0.159 -0.528 1.141 0.154 0.142 0.705
2009.1575 44.66 -110.75 0.071 -0.772 -0.353 0.157 0.145 0.720
2009.1849 44.66 -110.75 0.220 -0.916 -1.267 0.179 0.167 0.817
2009.2123 44.66 -110.75 0.247 0.123 -0.928 0.156 0.141 0.709
2009.2397 44.66 -110.75 0.306 0.213 -0.522 0.175 0.162 0.798
2009.2671 44.66 -110.75 0.293 0.095 -2.653 0.147 0.135 0.671
2009.2945 44.66 -110.75 0.067 0.119 -4.612 0.150 0.138 0.686
2009.3219 44.66 -110.75 0.232 -0.081 -3.607 0.157 0.144 0.717
2009.3493 44.66 -110.75 0.303 -0.048 -5.085 0.145 0.132 0.660
2009.3767 44.66 -110.75 0.214 0.453 -5.799 0.152 0.139 0.693
2009.4041 44.66 -110.75 -0.214 0.400 -1.833 0.135 0.122 0.615
2009.4315 44.66 -110.75 -0.083 0.486 -4.966 0.154 0.140 0.699
2009.4589 44.66 -110.75 -0.418 0.449 -2.363 0.131 0.118 0.599
2009.4863 44.66 -110.75 -0.352 -0.024 -2.519 0.145 0.130 0.658
2009.5137 44.66 -110.75 -0.190 0.280 0.310 0.140 0.123 0.633
2009.5411 44.66 -110.75 -0.102 0.248 1.232 0.171 0.153 0.773
2009.5685 44.66 -110.75 -0.177 0.268 1.880 0.184 0.164 0.833
2009.5959 44.66 -110.75 -0.359 0.313 3.465 0.162 0.144 0.732
2009.6233 44.66 -110.75 -0.153 0.537 3.560 0.166 0.149 0.753
2009.6507 44.66 -110.75 -0.126 0.492 6.121 0.160 0.144 0.726
2009.6781 44.66 -110.75 -0.063 0.710 4.130 0.170 0.155 0.773
2009.7055 44.66 -110.75 -0.168 0.534 3.259 0.176 0.161 0.799
2009.7329 44.66 -110.75 -0.397 0.577 4.060 0.170 0.155 0.772
2009.7603 44.66 -110.75 -0.295 0.413 5.626 0.194 0.177 0.879
2009.7877 44.66 -110.75 -0.333 0.965 1.886 0.179 0.163 0.812
2009.8151 44.66 -110.75 -0.310 0.427 1.430 0.191 0.176 0.868
2009.8425 44.66 -110.75 -0.246 0.653 0.635 0.174 0.160 0.792
2009.8699 44.66 -110.75 -0.343 0.515 0.130 0.167 0.152 0.758
2009.8973 44.66 -110.75 -0.405 0.475 0.189 0.156 0.142 0.710
2009.9247 44.66 -110.75 -0.376 0.394 -0.830 0.157 0.140 0.714
2009.9521 44.66 -110.75 -0.443 0.584 -1.205 0.146 0.133 0.667
2009.9795 44.66 -110.75 -0.147 0.164 0.366 0.150 0.137 0.686
2010.0068 44.66 -110.75 0.043 -0.027 -0.391 0.188 0.174 0.857
2010.0342 44.66 -110.75 0.014 0.173 1.095 0.148 0.135 0.677
2010.0616 44.66 -110.75 -0.055 -0.138 1.442 0.152 0.138 0.693
2010.0890 44.66 -110.75 -0.297 0.514 -0.025 0.180 0.166 0.819
2010.1164 44.66 -110.75 -0.205 0.216 -1.593 0.186 0.172 0.846
2010.1438 44.66 -110.75 -0.018 0.092 -0.866 0.180 0.165 0.819
2010.1712 44.66 -110.75 -0.364 -0.045 -3.734 0.172 0.157 0.784
2010.1986 44.66 -110.75 -0.370 -0.145 -3.427 0.165 0.150 0.752
2010.2260 44.66 -110.75 -0.512 -0.033 -2.160 0.181 0.165 0.820
2010.2534 44.66 -110.75 -0.205 0.036 -3.236 0.187 0.169 0.847
2010.2808 44.66 -110.75 -0.331 -0.098 -2.546 0.145 0.130 0.659
2010.3082 44.66 -110.75 -0.267 0.030 -1.942 0.152 0.136 0.688
2010.3356 44.66 -110.75 0.052 -0.282 -3.118 0.140 0.124 0.635
2010.3630 44.66 -110.75 -0.144 -0.291 -3.929 0.149 0.132 0.674
2010.3904 44.66 -110.75 -0.148 0.261 -2.475 0.156 0.130 0.692
2010.4178 44.66 -110.75 0.253 0.235 -3.217 0.158 0.140 0.715
2010.4452 44.66 -110.75 0.066 0.480 -4.311 0.140 0.124 0.639
2010.4726 44.66 -110.75 -0.093 0.343 -3.078 0.127 0.111 0.580
2010.5000 44.66 -110.75 0.131 0.545 -3.447 0.142 0.126 0.647
2010.5274 44.66 -110.75 -0.036 0.225 -0.471 0.215 0.198 0.975
2010.5548 44.66 -110.75 0.052 0.486 -0.721 0.140 0.127 0.638
2010.5822 44.66 -110.75 -0.034 0.652 0.104 0.127 0.115 0.580
2010.6096 44.66 -110.75 -0.224 0.485 0.628 0.162 0.149 0.735
2010.6370 44.66 -110.75 -0.422 0.661 -0.068 0.145 0.133 0.662
2010.6644 44.66 -110.75 -0.311 0.408 0.379 0.136 0.124 0.623
2010.6918 44.66 -110.75 -0.313 0.417 -0.391 0.162 0.150 0.738
2010.7192 44.66 -110.75 0.084 0.427 -0.664 0.151 0.139 0.689
2010.7466 44.66 -110.75 0.237 0.236 0.119 0.174 0.161 0.792
2010.7740 44.66 -110.75 -0.053 0.825 2.406 0.144 0.132 0.660
2010.8014 44.66 -110.75 -0.118 0.688 0.622 0.137 0.125 0.626
2010.8288 44.66 -110.75 -0.103 0.255 0.893 0.155 0.143 0.707
2010.8562 44.66 -110.75 -0.186 0.300 0.705 0.153 0.140 0.696
2010.8836 44.66 -110.75 -0.004 0.617 -0.698 0.143 0.130 0.652
2010.9110 44.66 -110.75 0.022 0.819 -0.572 0.155 0.142 0.706
2010.9384 44.66 -110.75 0.119 0.499 -1.499 0.161 0.148 0.731
2010.9658 44.66 -110.75 0.044 0.402 -1.636 0.176 0.162 0.798
2010.9932 44.66 -110.75 0.036 0.384 0.234 0.160 0.108 0.666
2011.1027 44.66 -110.75 0.172 -0.394 -6.489 0.153 0.126 0.682
2011.1301 44.66 -110.75 0.671 -0.168 -0.852 0.211 0.193 0.953
2011.1575 44.66 -110.75 0.524 -0.613 -4.292 0.145 0.129 0.657
2011.1849 44.66 -110.75 0.447 -0.550 -6.370 0.118 0.103 0.539
2011.2123 44.66 -110.75 -0.021 -0.491 -7.298 0.179 0.165 0.814
2011.2397 44.66 -110.75 0.226 -0.478 -7.280 0.185 0.171 0.841
2011.2671 44.66 -110.75 0.422 -0.889 -5.960 0.152 0.139 0.692
2011.2945 44.66 -110.75 0.364 -0.366 -7.646 0.175 0.161 0.794
2011.3219 44.66 -110.75 0.418 -0.355 -7.276 0.164 0.152 0.747
2011.3493 44.66 -110.75 0.353 -0.277 -8.709 0.149 0.136 0.678
2011.3767 44.66 -110.75 0.539 -0.290 -9.765 0.172 0.159 0.782
2011.4041 44.66 -110.75 0.603 0.018 -11.202 0.154 0.140 0.700
2011.4315 44.66 -110.75 0.425 -0.023 -10.035 0.165 0.137 0.731
2011.5137 44.66 -110.75 0.367 0.482 -6.587 0.147 0.128 0.663
2011.5411 44.66 -110.75 0.051 0.612 -6.129 0.151 0.137 0.688
2011.5685 44.66 -110.75 0.118 0.324 -3.821 0.149 0.134 0.678
2011.5959 44.66 -110.75 0.168 0.430 -3.814 0.159 0.143 0.720
2011.6233 44.66 -110.75 0.016 0.497 -4.627 0.160 0.143 0.724
2011.6507 44.66 -110.75 -0.069 0.606 -3.236 0.184 0.169 0.835
2011.6781 44.66 -110.75 0.271 0.365 -2.817 0.171 0.157 0.776
2011.7055 44.66 -110.75 0.180 0.500 -2.362 0.171 0.157 0.776
2011.7329 44.66 -110.75 0.170 0.443 -0.172 0.196 0.181 0.888
2011.7603 44.66 -110.75 -0.077 0.729 -1.218 0.169 0.156 0.769
2011.7877 44.66 -110.75 -0.116 0.686 -1.079 0.179 0.166 0.814
2011.8151 44.66 -110.75 0.059 0.451 -4.449 0.177 0.162 0.801
2011.8425 44.66 -110.75 -0.071 0.403 -2.047 0.190 0.176 0.860
2011.8699 44.66 -110.75 0.122 1.583 -0.799 0.188 0.165 0.839
2011.9521 44.66 -110.75 0.163 0.528 -1.802 0.137 0.101 0.590
2011.9795 44.66 -110.75 0.013 0.594 -1.592 0.156 0.139 0.700
2012.0068 44.66 -110.75 0.029 0.445 -1.414 0.146 0.128 0.654
2012.0342 44.66 -110.75 0.060 0.064 -1.510 0.174 0.151 0.772
2012.0616 44.66 -110.75 0.372 0.177 -0.776 0.153 0.132 0.678
2012.0890 44.66 -110.75 0.391 -0.236 -2.469 0.152 0.129 0.670
2012.1164 44.66 -110.75 0.389 -0.248 -4.448 0.150 0.125 0.660
2012.1438 44.66 -110.75 0.504 -0.382 -3.669 0.155 0.129 0.679
2012.1712 44.66 -110.75 0.637 -0.316 -5.054 0.150 0.122 0.657
2012.1986 44.66 -110.75 0.474 -0.347 -4.297 0.137 0.110 0.596
2012.2260 44.66 -110.75 0.831 -0.419 -6.114 0.138 0.112 0.602
2012.2534 44.66 -110.75 0.693 -0.488 -5.479 0.135 0.108 0.584
2012.2808 44.66 -110.75 0.888 -0.543 -7.236 0.126 0.100 0.545
2012.3082 44.66 -110.75 0.892 -0.282 -5.418 0.163 0.110 0.672
2012.3904 44.66 -110.75 1.343 -0.694 -3.961 0.160 0.124 0.693
2012.4178 44.66 -110.75 1.232 -0.059 -5.944 0.116 0.091 0.504
2012.4452 44.66 -110.75 1.124 -0.242 -5.066 0.115 0.091 0.501
2012.4726 44.66 -110.75 0.994 -0.134 -2.361 0.124 0.098 0.536
2012.5000 44.66 -110.75 0.927 -0.003 -1.865 0.119 0.093 0.515
2012.5274 44.66 -110.75 0.601 -0.440 -1.557 0.125 0.099 0.543
2012.5548 44.66 -110.75 0.464 -0.239 -0.864 0.125 0.099 0.542
2012.5822 44.66 -110.75 0.228 -0.284 -0.050 0.131 0.106 0.570
2012.6096 44.66 -110.75 0.611 -0.080 1.942 0.129 0.106 0.563
2012.6370 44.66 -110.75 0.353 0.237 1.920 0.119 0.098 0.523
2012.6644 44.66 -110.75 -0.065 -0.094 3.159 0.129 0.108 0.568
2012.6918 44.66 -110.75 0.090 0.320 1.873 0.132 0.112 0.584
2012.7192 44.66 -110.75 -0.138 -0.015 2.074 0.156 0.137 0.694
2012.7466 44.66 -110.75 -0.225 0.079 0.981 0.127 0.090 0.543
2012.8562 44.66 -110.75 0.479 0.278 4.548 0.163 0.143 0.729
2012.8836 44.66 -110.75 0.410 -0.237 1.071 0.150 0.137 0.681
2012.9110 44.66 -110.75 0.738 -0.016 1.838 0.143 0.130 0.648
2012.9384 44.66 -110.75 0.551 -0.366 0.942 0.141 0.126 0.637
2012.9658 44.66 -110.75 0.651 -0.614 0.357 0.152 0.141 0.693
2012.9918 44.66 -110.75 0.476 -0.162 0.997 0.078 0.070 0.362
2013.0178 44.66 -110.75 0.256 -0.517 0.187 0.091 0.082 0.417
2013.0452 44.66 -110.75 0.526 -0.525 0.476 0.090 0.082 0.416
2013.0726 44.66 -110.75 0.508 -0.951 2.232 0.084 0.075 0.387
2013.1000 44.66 -110.75 0.546 -0.772 1.892 0.086 0.077 0.396
2013.1274 44.66 -110.75 0.760 -0.698 0.811 0.080 0.072 0.372
2013.1548 44.66 -110.75 0.636 -0.911 1.376 0.079 0.065 0.358
2013.2644 44.66 -110.75 0.862 -0.522 -1.361 0.100 0.051 0.394
2013.2918 44.66 -110.75 0.850 -0.434 -1.214 0.082 0.074 0.380
2013.3192 44.66 -110.75 0.906 -0.097 -0.832 0.090 0.082 0.415
2013.3466 44.66 -110.75 0.801 -0.597 -2.523 0.092 0.084 0.425
2013.3740 44.66 -110.75 0.758 -0.223 -2.001 0.080 0.072 0.370
2013.4014 44.66 -110.75 0.837 0.002 -2.292 0.082 0.075 0.381
2013.4288 44.66 -110.75 1.362 -0.105 -2.488 0.073 0.066 0.342
2013.4562 44.66 -110.75 0.950 0.515 -2.288 0.075 0.067 0.349
2013.4836 44.66 -110.75 0.766 0.142 -0.310 0.076 0.069 0.355
2013.5110 44.66 -110.75 0.778 0.639 -1.340 0.085 0.077 0.393
2013.5384 44.66 -110.75 0.801 0.791 0.598 0.085 0.074 0.390
2013.5658 44.66 -110.75 0.848 0.207 1.641 0.087 0.079 0.404
2013.7575 44.66 -110.75 0.387 0.740 1.557 0.085 0.075 0.392
2013.7849 44.66 -110.75 0.350 0.511 1.806 0.087 0.077 0.400
2013.8123 44.66 -110.75 0.127 0.466 1.798 0.080 0.071 0.369
2013.8397 44.66 -110.75 0.472 0.546 3.164 0.081 0.072 0.373
2013.8671 44.66 -110.75 0.336 0.485 1.918 0.087 0.076 0.398
2013.8945 44.66 -110.75 0.243 0.564 2.076 0.080 0.071 0.371
2013.9219 44.66 -110.75 0.392 0.279 0.387 0.072 0.064 0.337
2013.9493 44.66 -110.75 0.356 0.624 0.645 0.077 0.068 0.354
2013.9767 44.66 -110.75 0.454 0.427 -0.657 0.078 0.069 0.360
2014.0041 44.66 -110.75 0.600 0.368 0.905 0.075 0.066 0.348
2014.0315 44.66 -110.75 0.724 0.745 -0.266 0.078 0.069 0.360
2014.1685 44.66 -110.75 0.979 0.340 -1.192 0.082 0.073 0.380
2014.1959 44.66 -110.75 0.984 0.049 -4.706 0.082 0.074 0.380
2014.2233 44.66 -110.75 0.992 0.047 -2.437 0.078 0.070 0.363
2014.2507 44.66 -110.75 0.891 0.220 -4.153 0.072 0.064 0.335
2014.2781 44.66 -110.75 1.043 0.096 -3.730 0.076 0.068 0.353
2014.3055 44.66 -110.75 0.802 0.054 -2.530 0.073 0.065 0.340
2014.3329 44.66 -110.75 0.998 0.369 -2.664 0.061 0.053 0.287
2014.3603 44.66 -110.75 0.722 0.467 -3.977 0.068 0.061 0.320
2014.3877 44.66 -110.75 0.855 0.311 -4.040 0.069 0.061 0.320
2014.4151 44.66 -110.75 0.844 0.531 -4.841 0.068 0.060 0.319
2014.4425 44.66 -110.75 0.847 0.923 -4.842 0.072 0.064 0.336
2014.4699 44.66 -110.75 1.259 0.514 -3.998 0.072 0.063 0.335
2014.5795 44.66 -110.75 0.539 0.686 -1.799 0.067 0.053 0.309
2014.6068 44.66 -110.75 0.463 0.882 0.589 0.065 0.056 0.301
2014.6342 44.66 -110.75 0.821 0.757 -1.120 0.059 0.051 0.279
2014.6616 44.66 -110.75 0.683 1.186 -0.240 0.065 0.057 0.304
2014.6890 44.66 -110.75 0.920 0.929 1.153 0.063 0.055 0.297
2014.7164 44.66 -110.75 0.542 1.007 -0.809 0.062 0.054 0.291
2014.7438 44.66 -110.75 0.586 0.877 -1.027 0.067 0.059 0.312
2014.7712 44.66 -110.75 0.653 1.234 1.137 0.066 0.058 0.309
2014.7986 44.66 -110.75 0.515 1.269 0.858 0.060 0.051 0.280
2014.8260 44.66 -110.75 0.542 0.885 0.737 0.060 0.051 0.280
2014.8534 44.66 -110.75 0.604 1.034 0.233 0.063 0.054 0.294
2014.8808 44.66 -110.75 0.680 1.157 -1.804 0.063 0.054 0.294
2014.9082 44.66 -110.75 0.789 0.902 -2.336 0.064 0.055 0.299
2015.0452 44.66 -110.75 1.059 0.526 -1.708 0.050 0.040 0.235
2015.0726 44.66 -110.75 1.057 0.478 -4.373 0.054 0.043 0.248
2015.1000 44.66 -110.75 1.009 0.563 -4.917 0.048 0.039 0.229
2015.1274 44.66 -110.75 0.999 0.076 -3.353 0.045 0.036 0.215
2015.1548 44.66 -110.75 0.979 0.698 -4.984 0.052 0.041 0.241
2015.1822 44.66 -110.75 0.821 0.331 -2.071 0.049 0.039 0.230
2015.2096 44.66 -110.75 1.010 0.288 -2.180 0.064 0.051 0.292
2015.2370 44.66 -110.75 0.940 0.006 -3.286 0.068 0.058 0.313
2015.2644 44.66 -110.75 1.378 0.516 -5.933 0.060 0.052 0.282
2015.2918 44.66 -110.75 1.231 0.092 -0.868 0.061 0.052 0.285
2015.3192 44.66 -110.75 0.792 0.111 -2.534 0.058 0.050 0.276
2015.3466 44.66 -110.75 0.768 0.505 -1.075 0.063 0.055 0.295
2015.4836 44.66 -110.75 0.197 1.183 -0.629 0.061 0.046 0.280
2015.5110 44.66 -110.75 0.425 1.475 -0.328 0.058 0.046 0.270
2015.5384 44.66 -110.75 0.307 1.012 0.865 0.063 0.052 0.292
2015.5658 44.66 -110.75 0.408 0.741 2.965 0.063 0.054 0.292
2015.5932 44.66 -110.75 0.365 0.656 2.058 0.065 0.056 0.300
2015.6205 44.66 -110.75 0.376 0.868 1.750 0.063 0.054 0.293
2015.6479 44.66 -110.75 0.222 1.239 1.828 0.061 0.052 0.285
2015.6753 44.66 -110.75 0.467 1.066 3.606 0.059 0.050 0.276
2015.7027 44.66 -110.75 0.185 0.847 4.062 0.064 0.055 0.297
2015.7301 44.66 -110.75 0.314 0.842 6.095 0.064 0.055 0.298
2015.9493 44.66 -110.75 0.388 1.330 0.593 0.062 0.054 0.292
2015.9767 44.66 -110.75 0.582 0.838 0.254 0.065 0.056 0.300
2016.0041 44.66 -110.75 0.606 0.817 -0.923 0.059 0.051 0.275
2016.0315 44.66 -110.75 0.757 0.773 -1.716 0.056 0.048 0.264
2016.0589 44.66 -110.75 0.726 0.616 -0.100 0.057 0.050 0.270
2016.0863 44.66 -110.75 0.505 0.879 -1.228 0.052 0.045 0.250
2016.1137 44.66 -110.75 0.384 0.807 -3.216 0.058 0.050 0.274
2016.1411 44.66 -110.75 0.265 0.431 -2.676 0.068 0.059 0.315
2016.1685 44.66 -110.75 0.411 -0.021 -2.052 0.073 0.064 0.335
2016.1959 44.66 -110.75 0.447 -0.112 -5.439 0.071 0.064 0.332
2016.2233 44.66 -110.75 0.723 -0.482 -2.203 0.072 0.066 0.336
2016.2507 44.66 -110.75 0.870 -0.320 -2.482 0.061 0.052 0.286
2016.3603 44.66 -110.75 0.553 0.376 -0.782 0.056 0.049 0.267
2016.3877 44.66 -110.75 0.802 0.554 -0.501 0.066 0.058 0.306
2016.4151 44.66 -110.75 0.676 0.730 -1.166 0.065 0.056 0.301
2016.4425 44.66 -110.75 0.594 1.255 2.176 0.069 0.061 0.320
2016.4699 44.66 -110.75 0.448 0.882 1.487 0.068 0.059 0.313
