2002.5877 40.85 -117.73 -0.050 -0.356 -1.114 0.114 0.098 0.522
2002.6151 40.85 -117.73 -0.170 -0.548 -0.012 0.109 0.095 0.500
2002.6425 40.85 -117.73 -0.127 -0.140 1.053 0.111 0.096 0.509
2002.6699 40.85 -117.73 -0.193 -0.196 3.115 0.097 0.083 0.445
2002.6973 40.85 -117.73 -0.231 0.040 2.196 0.166 0.079 0.630
2002.7247 40.85 -117.73 -0.362 0.207 3.926 0.104 0.090 0.472
2002.7521 40.85 -117.73 -0.395 0.175 4.137 0.096 0.084 0.441
2002.7795 40.85 -117.73 -0.533 0.103 4.015 0.111 0.098 0.512
2002.8068 40.85 -117.73 -0.362 0.136 5.732 0.099 0.086 0.454
2002.8342 40.85 -117.73 -0.549 0.146 3.478 0.098 0.085 0.449
2002.8616 40.85 -117.73 -0.459 0.167 2.706 0.102 0.076 0.448
2002.8890 40.85 -117.73 -0.634 -0.043 0.497 0.099 0.086 0.453
2002.9164 40.85 -117.73 -0.685 -0.232 2.493 0.107 0.090 0.486
2003.0260 40.85 -117.73 -0.633 -0.481 0.056 0.121 0.103 0.551
2003.0534 40.85 -117.73 -0.582 0.315 -3.319 0.195 0.169 0.874
2003.0808 40.85 -117.73 0.073 -1.127 -1.456 0.175 0.144 0.782
2003.1082 40.85 -117.73 -0.132 -0.784 -3.084 0.102 0.085 0.468
2003.1356 40.85 -117.73 -0.059 -0.666 -2.795 0.095 0.079 0.437
2003.1630 40.85 -117.73 0.198 -0.297 -2.588 0.101 0.085 0.461
2003.1904 40.85 -117.73 0.541 -0.449 -2.336 0.118 0.097 0.535
2003.2178 40.85 -117.73 -0.054 -0.404 -1.869 0.099 0.083 0.455
2003.2452 40.85 -117.73 0.255 -0.519 -4.034 0.097 0.082 0.444
2003.2726 40.85 -117.73 0.255 -0.822 -1.793 0.094 0.080 0.434
2003.3000 40.85 -117.73 0.292 -0.847 -3.087 0.092 0.079 0.424
2003.3274 40.85 -117.73 0.046 -0.556 -3.002 0.120 0.103 0.546
2003.3548 40.85 -117.73 -0.178 -0.828 -3.685 0.130 0.114 0.593
2003.3822 40.85 -117.73 0.245 -0.229 -2.265 0.120 0.100 0.544
2003.5192 40.85 -117.73 -0.119 -0.410 1.368 0.124 0.110 0.565
2003.5466 40.85 -117.73 -0.376 -0.835 0.287 0.137 0.123 0.620
2003.5740 40.85 -117.73 -0.653 -0.891 0.657 0.158 0.143 0.717
2003.6014 40.85 -117.73 -0.614 -0.732 1.295 0.137 0.122 0.620
2003.6288 40.85 -117.73 -0.629 -1.123 2.298 0.130 0.115 0.591
2003.6562 40.85 -117.73 -0.921 -0.553 3.575 0.139 0.124 0.630
2003.6836 40.85 -117.73 -0.805 -0.682 2.763 0.137 0.123 0.621
2003.7110 40.85 -117.73 -0.702 -0.468 2.583 0.109 0.094 0.494
2003.7384 40.85 -117.73 -0.688 -0.432 3.486 0.131 0.115 0.591
2003.7658 40.85 -117.73 -0.854 -0.001 2.637 0.120 0.106 0.544
2003.7932 40.85 -117.73 -0.867 -0.256 3.078 0.134 0.118 0.604
2003.8205 40.85 -117.73 -0.696 -0.022 5.099 0.145 0.124 0.646
2003.8479 40.85 -117.73 -0.937 0.315 2.833 0.128 0.106 0.569
2003.8753 40.85 -117.73 -0.655 0.109 3.606 0.134 0.117 0.600
2003.9027 40.85 -117.73 -0.708 0.217 0.375 0.123 0.104 0.551
2003.9301 40.85 -117.73 -0.511 -0.235 0.618 0.128 0.109 0.571
2003.9575 40.85 -117.73 -0.270 -0.493 0.702 0.143 0.124 0.636
2003.9849 40.85 -117.73 -0.154 -0.325 -0.390 0.136 0.116 0.604
2004.0123 40.85 -117.73 -0.333 -0.495 -0.496 0.146 0.124 0.646
2004.0397 40.85 -117.73 -0.301 -0.533 -1.026 0.125 0.101 0.555
2004.0945 40.85 -117.73 -0.015 -0.073 -2.685 0.116 0.094 0.519
2004.1219 40.85 -117.73 -0.103 -0.379 -1.739 0.123 0.102 0.544
2004.1493 40.85 -117.73 -0.061 -0.962 -3.286 0.145 0.120 0.635
2004.1767 40.85 -117.73 -0.210 -0.430 -3.921 0.154 0.128 0.673
2004.2041 40.85 -117.73 -0.048 -0.955 -2.117 0.127 0.103 0.554
2004.2315 40.85 -117.73 -0.238 -0.522 -1.120 0.129 0.104 0.562
2004.2589 40.85 -117.73 -0.099 -0.386 -0.701 0.133 0.107 0.579
2004.2863 40.85 -117.73 -0.122 -0.533 -3.660 0.134 0.107 0.580
2004.3137 40.85 -117.73 0.007 -0.391 -2.948 0.127 0.101 0.553
2004.3411 40.85 -117.73 0.198 -0.583 -2.412 0.139 0.111 0.602
2004.3685 40.85 -117.73 -0.060 -0.351 -0.907 0.135 0.107 0.585
2004.3959 40.85 -117.73 0.242 -0.434 0.803 0.119 0.094 0.519
2004.4233 40.85 -117.73 0.383 0.012 0.475 0.114 0.090 0.499
2004.4507 40.85 -117.73 0.087 -0.497 -0.043 0.102 0.080 0.445
2004.4781 40.85 -117.73 0.093 -0.235 0.282 0.112 0.087 0.485
2004.5055 40.85 -117.73 0.045 -0.196 1.895 0.109 0.085 0.475
2004.5329 40.85 -117.73 -0.036 -0.211 3.349 0.103 0.081 0.452
2004.5603 40.85 -117.73 -0.177 -0.332 3.413 0.106 0.083 0.462
2004.5877 40.85 -117.73 -0.314 -0.318 2.179 0.107 0.084 0.468
2004.6151 40.85 -117.73 -0.387 -0.169 2.467 0.118 0.092 0.513
2004.6425 40.85 -117.73 -0.263 0.037 3.003 0.101 0.079 0.444
2004.6699 40.85 -117.73 -0.248 -0.178 2.402 0.101 0.080 0.445
2004.6973 40.85 -117.73 -0.384 0.069 1.704 0.095 0.075 0.421
2004.7247 40.85 -117.73 -0.377 0.257 4.674 0.108 0.085 0.475
2004.7521 40.85 -117.73 -0.456 0.108 2.245 0.104 0.082 0.460
2004.7795 40.85 -117.73 -0.503 0.121 2.363 0.101 0.080 0.446
2004.8068 40.85 -117.73 -0.525 0.240 3.460 0.112 0.087 0.488
2004.8342 40.85 -117.73 -0.523 0.317 0.441 0.111 0.086 0.481
2004.8616 40.85 -117.73 -0.577 -0.162 1.504 0.098 0.078 0.434
2004.8890 40.85 -117.73 -0.747 0.039 2.252 0.098 0.077 0.432
2004.9164 40.85 -117.73 -0.641 0.198 1.787 0.107 0.084 0.466
2004.9438 40.85 -117.73 -0.479 0.353 -1.034 0.118 0.094 0.520
2004.9712 40.85 -117.73 -0.523 0.030 -0.674 0.107 0.084 0.465
2004.9973 40.85 -117.73 -0.510 0.228 -2.007 0.103 0.082 0.455
2005.0233 40.85 -117.73 -0.647 0.056 -2.212 0.119 0.095 0.516
2005.0507 40.85 -117.73 -0.861 0.286 -4.897 0.172 0.141 0.742
2005.0781 40.85 -117.73 -0.656 0.031 -4.794 0.132 0.107 0.573
2005.1055 40.85 -117.73 -0.659 -0.263 -3.988 0.131 0.106 0.570
2005.1329 40.85 -117.73 -0.715 0.078 -3.943 0.134 0.110 0.584
2005.1603 40.85 -117.73 -0.788 0.039 -1.511 0.120 0.098 0.527
2005.1877 40.85 -117.73 -0.755 -0.125 -2.920 0.122 0.097 0.531
2005.2151 40.85 -117.73 -0.700 0.155 -1.528 0.115 0.092 0.505
2005.2425 40.85 -117.73 -0.604 0.055 -2.271 0.111 0.090 0.488
2005.2699 40.85 -117.73 -0.461 0.101 -3.963 0.118 0.096 0.518
2005.2973 40.85 -117.73 -0.541 0.392 -1.928 0.124 0.101 0.546
2005.3247 40.85 -117.73 -0.464 0.128 -2.492 0.131 0.107 0.575
2005.3521 40.85 -117.73 -0.434 0.143 -4.410 0.058 0.048 0.280
2005.3795 40.85 -117.73 -0.341 -0.136 -3.690 0.123 0.101 0.542
2005.4068 40.85 -117.73 -0.560 -0.228 -3.616 0.113 0.092 0.501
2005.4342 40.85 -117.73 -0.422 -0.138 -3.775 0.129 0.106 0.573
2005.4616 40.85 -117.73 -0.299 -0.205 -2.334 0.117 0.097 0.520
2005.4890 40.85 -117.73 -0.364 -0.475 -1.541 0.111 0.092 0.495
2005.5164 40.85 -117.73 -0.428 -0.075 -1.605 0.111 0.092 0.494
2005.5438 40.85 -117.73 -0.630 -0.318 -0.375 0.120 0.100 0.534
2005.5712 40.85 -117.73 -0.603 -0.016 1.586 0.130 0.110 0.578
2005.5986 40.85 -117.73 -0.669 -0.340 -0.216 0.133 0.112 0.591
2005.6260 40.85 -117.73 -0.724 0.214 2.510 0.118 0.099 0.527
2005.6534 40.85 -117.73 -0.755 0.281 0.371 0.124 0.105 0.553
2005.6808 40.85 -117.73 -0.930 0.255 1.299 0.122 0.103 0.544
2005.7082 40.85 -117.73 -0.871 0.236 -0.044 0.146 0.126 0.652
2005.7356 40.85 -117.73 -0.841 0.344 2.537 0.129 0.111 0.577
2005.7630 40.85 -117.73 -0.812 0.308 0.117 0.129 0.112 0.579
2005.7904 40.85 -117.73 -0.606 0.211 1.834 0.122 0.104 0.546
2005.8178 40.85 -117.73 -0.732 0.146 3.885 0.124 0.108 0.559
2005.8452 40.85 -117.73 -0.552 0.357 4.084 0.134 0.116 0.600
2005.8726 40.85 -117.73 -0.535 -0.081 2.145 0.116 0.100 0.522
2005.9000 40.85 -117.73 -0.399 -0.144 0.825 0.113 0.097 0.511
2005.9274 40.85 -117.73 -0.374 0.263 -0.154 0.120 0.097 0.534
2005.9548 40.85 -117.73 -0.415 -0.270 -2.289 0.117 0.097 0.548
2005.9822 40.85 -117.73 -0.222 -0.834 -0.784 0.113 0.094 0.511
2006.0096 40.85 -117.73 -0.221 -0.910 -1.610 0.122 0.103 0.548
2006.0370 40.85 -117.73 -0.353 -0.413 -1.937 0.152 0.131 0.682
2006.0644 40.85 -117.73 -0.102 -0.507 -3.708 0.155 0.134 0.694
2006.0918 40.85 -117.73 0.116 -0.181 -4.610 0.153 0.134 0.689
2006.1192 40.85 -117.73 0.316 -0.301 -5.389 0.172 0.153 0.774
2006.1466 40.85 -117.73 0.368 -0.218 -4.421 0.136 0.120 0.616
2006.1740 40.85 -117.73 0.288 -0.023 -6.607 0.152 0.136 0.685
2006.2014 40.85 -117.73 0.050 -0.440 -7.203 0.119 0.104 0.540
2006.2288 40.85 -117.73 0.020 -0.562 -5.855 0.153 0.137 0.691
2006.2562 40.85 -117.73 0.042 -0.718 -7.617 0.143 0.129 0.648
2006.2836 40.85 -117.73 -0.076 -0.850 -6.968 0.140 0.126 0.636
2006.3110 40.85 -117.73 0.089 -0.226 -7.258 0.150 0.135 0.677
2006.3384 40.85 -117.73 -0.149 -0.563 -5.995 0.136 0.123 0.616
2006.3658 40.85 -117.73 0.111 -0.433 -4.341 0.150 0.136 0.681
2006.3932 40.85 -117.73 0.131 -0.248 -4.573 0.148 0.134 0.671
2006.4205 40.85 -117.73 -0.073 -0.107 -5.621 0.148 0.134 0.674
2006.4479 40.85 -117.73 0.079 -0.411 -4.675 0.164 0.144 0.737
2006.4753 40.85 -117.73 0.148 -0.581 -1.031 0.165 0.149 0.749
2006.5027 40.85 -117.73 -0.282 -0.673 -0.982 0.171 0.156 0.777
2006.5301 40.85 -117.73 -0.515 -0.323 -2.132 0.202 0.186 0.917
2006.5575 40.85 -117.73 -0.491 -0.068 -1.631 0.162 0.147 0.735
2006.5849 40.85 -117.73 -0.619 -0.042 -1.715 0.166 0.152 0.755
2006.6123 40.85 -117.73 -0.531 -0.531 -1.310 0.203 0.188 0.921
2006.6397 40.85 -117.73 -0.706 -0.184 -0.597 0.173 0.159 0.785
2006.6671 40.85 -117.73 -0.710 -0.409 -0.337 0.158 0.144 0.717
2006.6945 40.85 -117.73 -0.893 -0.395 -0.455 0.200 0.184 0.908
2006.7219 40.85 -117.73 -0.728 -0.291 3.101 0.189 0.171 0.855
2006.7493 40.85 -117.73 -0.611 -0.113 2.802 0.225 0.205 1.014
2006.7767 40.85 -117.73 -0.876 0.116 2.382 0.195 0.178 0.881
2006.8041 40.85 -117.73 -0.720 0.158 0.479 0.158 0.143 0.715
2006.8315 40.85 -117.73 -0.648 0.080 0.379 0.183 0.167 0.827
2006.8589 40.85 -117.73 -0.369 -0.135 0.425 0.178 0.162 0.805
2006.8863 40.85 -117.73 -0.278 -0.278 -0.071 0.171 0.155 0.774
2006.9137 40.85 -117.73 -0.248 -0.271 -0.477 0.166 0.149 0.753
2006.9411 40.85 -117.73 -0.039 -0.382 -1.189 0.164 0.147 0.741
2006.9685 40.85 -117.73 -0.196 -0.234 -0.729 0.164 0.144 0.738
2006.9959 40.85 -117.73 -0.209 -0.198 -3.885 0.163 0.141 0.733
2007.0233 40.85 -117.73 -0.179 -0.227 -1.929 0.152 0.130 0.684
2007.0507 40.85 -117.73 0.108 0.093 -1.411 0.159 0.136 0.711
2007.0781 40.85 -117.73 0.231 0.188 -2.108 0.162 0.144 0.730
2007.1055 40.85 -117.73 0.202 0.054 -1.240 0.145 0.128 0.655
2007.1329 40.85 -117.73 0.231 -0.435 -1.441 0.158 0.140 0.712
2007.1603 40.85 -117.73 0.274 -0.340 -4.015 0.150 0.134 0.679
2007.1877 40.85 -117.73 -0.017 -0.066 -1.512 0.192 0.175 0.869
2007.2151 40.85 -117.73 0.024 -0.256 -2.360 0.171 0.156 0.777
2007.2425 40.85 -117.73 0.307 -0.084 -2.818 0.165 0.150 0.747
2007.2699 40.85 -117.73 0.361 0.021 -1.686 0.132 0.117 0.601
2007.2973 40.85 -117.73 0.327 -0.248 -2.645 0.125 0.110 0.569
2007.3247 40.85 -117.73 0.536 -0.098 -2.858 0.152 0.137 0.689
2007.3521 40.85 -117.73 0.664 -0.654 -2.734 0.166 0.151 0.752
2007.3795 40.85 -117.73 0.383 -0.236 -3.322 0.174 0.159 0.788
2007.4068 40.85 -117.73 0.362 -0.268 -0.715 0.145 0.131 0.661
2007.4342 40.85 -117.73 0.745 0.148 -2.173 0.139 0.125 0.634
2007.4616 40.85 -117.73 0.381 -0.050 -2.610 0.182 0.166 0.823
2007.4890 40.85 -117.73 0.140 0.068 -1.251 0.141 0.125 0.637
2007.5164 40.85 -117.73 0.113 -0.184 -1.869 0.148 0.133 0.671
2007.5438 40.85 -117.73 -0.260 -0.321 -0.930 0.143 0.129 0.652
2007.5712 40.85 -117.73 -0.398 -0.276 -0.253 0.147 0.132 0.669
2007.5986 40.85 -117.73 -0.449 -0.345 1.343 0.180 0.163 0.814
2007.6260 40.85 -117.73 -0.304 -0.210 2.590 0.147 0.132 0.669
2007.6534 40.85 -117.73 -0.574 -0.282 1.689 0.150 0.134 0.679
2007.6808 40.85 -117.73 -0.636 -0.723 2.515 0.158 0.140 0.714
2007.7082 40.85 -117.73 -0.519 -0.277 1.831 0.118 0.102 0.538
2007.7356 40.85 -117.73 -0.604 -0.097 3.807 0.162 0.144 0.732
2007.7630 40.85 -117.73 -0.446 0.214 5.838 0.126 0.108 0.572
2007.7904 40.85 -117.73 -0.188 0.163 3.150 0.159 0.142 0.720
2007.8178 40.85 -117.73 -0.370 0.271 3.475 0.183 0.165 0.825
2007.8452 40.85 -117.73 -0.319 0.431 2.592 0.150 0.133 0.679
2007.8726 40.85 -117.73 -0.190 0.249 1.192 0.174 0.155 0.786
2007.9000 40.85 -117.73 -0.256 0.045 0.558 0.186 0.160 0.828
2007.9274 40.85 -117.73 -0.057 0.034 0.464 0.180 0.162 0.815
2007.9548 40.85 -117.73 -0.162 -0.202 -0.428 0.136 0.121 0.618
2007.9822 40.85 -117.73 -0.144 -0.186 -0.006 0.166 0.150 0.754
2008.0096 40.85 -117.73 -0.073 -0.130 -0.407 0.146 0.132 0.664
2008.0370 40.85 -117.73 0.090 -0.344 -0.850 0.150 0.136 0.683
2008.0644 40.85 -117.73 -0.077 0.171 -1.549 0.172 0.158 0.782
2008.0918 40.85 -117.73 0.180 -0.170 -3.608 0.139 0.125 0.634
2008.1192 40.85 -117.73 0.160 0.144 -2.739 0.162 0.148 0.738
2008.1466 40.85 -117.73 0.195 0.426 -1.899 0.188 0.173 0.854
2008.1740 40.85 -117.73 0.025 0.103 -5.246 0.165 0.151 0.750
2008.2014 40.85 -117.73 0.038 -0.599 -2.977 0.176 0.163 0.800
2008.2288 40.85 -117.73 0.294 0.465 -3.238 0.206 0.187 0.937
2008.2562 40.85 -117.73 0.228 -0.402 -2.798 0.192 0.175 0.872
2008.2836 40.85 -117.73 0.071 -0.487 -1.901 0.231 0.211 1.045
2008.3110 40.85 -117.73 0.470 -0.285 -1.978 0.238 0.218 1.077
2008.3384 40.85 -117.73 0.624 0.104 -1.790 0.176 0.161 0.800
2008.3658 40.85 -117.73 0.666 -0.087 -2.174 0.180 0.164 0.818
2008.3932 40.85 -117.73 0.633 -0.069 -1.724 0.165 0.148 0.747
2008.4205 40.85 -117.73 0.314 0.108 -3.477 0.144 0.129 0.654
2008.4479 40.85 -117.73 0.386 0.096 -2.106 0.146 0.131 0.662
2008.4753 40.85 -117.73 0.326 0.091 0.227 0.142 0.127 0.644
2008.5027 40.85 -117.73 0.107 -0.178 1.984 0.174 0.155 0.783
2008.5301 40.85 -117.73 0.013 -0.502 2.433 0.215 0.193 0.971
2008.5575 40.85 -117.73 -0.216 -0.107 1.001 0.142 0.124 0.640
2008.5849 40.85 -117.73 -0.443 -0.169 2.242 0.159 0.142 0.716
2008.6123 40.85 -117.73 -0.249 -0.175 2.759 0.134 0.117 0.604
2008.6397 40.85 -117.73 -0.220 -0.015 1.228 0.146 0.129 0.659
2008.6671 40.85 -117.73 -0.231 0.097 1.021 0.140 0.124 0.634
2008.6945 40.85 -117.73 -0.237 0.506 1.653 0.136 0.119 0.614
2008.7219 40.85 -117.73 -0.390 0.408 2.376 0.155 0.139 0.702
2008.7493 40.85 -117.73 -0.312 0.374 3.336 0.141 0.126 0.638
2008.7767 40.85 -117.73 -0.171 0.423 2.449 0.163 0.148 0.739
2008.8041 40.85 -117.73 -0.292 0.277 3.771 0.164 0.149 0.744
2008.8315 40.85 -117.73 -0.432 0.410 3.276 0.186 0.169 0.841
2008.8589 40.85 -117.73 -0.298 0.147 3.081 0.216 0.198 0.980
2008.8863 40.85 -117.73 -0.238 0.019 1.627 0.207 0.190 0.941
2008.9137 40.85 -117.73 -0.239 0.072 0.951 0.197 0.181 0.896
2008.9411 40.85 -117.73 -0.230 -0.020 2.142 0.207 0.189 0.940
2008.9685 40.85 -117.73 -0.057 -0.105 1.626 0.194 0.176 0.879
2008.9945 40.85 -117.73 -0.051 0.020 -0.299 0.164 0.150 0.745
2009.0205 40.85 -117.73 0.092 0.002 1.705 0.160 0.148 0.732
2009.0479 40.85 -117.73 -0.021 0.146 -1.193 0.161 0.148 0.734
2009.0753 40.85 -117.73 -0.150 -0.047 -3.164 0.155 0.141 0.706
2009.1027 40.85 -117.73 0.080 -0.171 1.285 0.192 0.177 0.874
2009.1301 40.85 -117.73 0.022 -0.330 -0.199 0.153 0.140 0.700
2009.1575 40.85 -117.73 0.001 -0.287 -0.842 0.156 0.142 0.714
2009.1849 40.85 -117.73 0.478 -0.531 -0.384 0.178 0.165 0.812
2009.2123 40.85 -117.73 0.259 0.145 1.614 0.155 0.138 0.703
2009.2397 40.85 -117.73 0.265 -0.299 1.036 0.174 0.160 0.792
2009.2671 40.85 -117.73 0.626 0.083 1.350 0.146 0.133 0.666
2009.2945 40.85 -117.73 0.392 0.251 -0.928 0.150 0.136 0.681
2009.3219 40.85 -117.73 0.728 -0.065 -0.754 0.156 0.142 0.711
2009.3493 40.85 -117.73 0.667 -0.029 -1.632 0.144 0.130 0.654
2009.3767 40.85 -117.73 0.460 0.526 -0.940 0.151 0.136 0.687
2009.4041 40.85 -117.73 0.582 -0.102 0.108 0.134 0.119 0.609
2009.4315 40.85 -117.73 0.478 0.213 -1.172 0.153 0.138 0.694
2009.4589 40.85 -117.73 0.500 0.373 -1.628 0.131 0.115 0.593
2009.4863 40.85 -117.73 0.321 -0.062 -1.484 0.144 0.127 0.651
2009.5137 40.85 -117.73 0.229 -0.119 0.631 0.139 0.120 0.626
2009.5411 40.85 -117.73 0.211 -0.145 0.908 0.170 0.150 0.765
2009.5685 40.85 -117.73 0.054 -0.038 1.290 0.183 0.161 0.823
2009.5959 40.85 -117.73 -0.127 -0.163 3.106 0.160 0.140 0.724
2009.6233 40.85 -117.73 -0.028 -0.322 3.270 0.165 0.147 0.746
2009.6507 40.85 -117.73 -0.133 -0.201 4.911 0.159 0.141 0.719
2009.6781 40.85 -117.73 -0.067 -0.059 4.527 0.170 0.152 0.767
2009.7055 40.85 -117.73 -0.258 0.104 3.742 0.175 0.158 0.792
2009.7329 40.85 -117.73 -0.330 0.287 4.466 0.169 0.152 0.766
2009.7603 40.85 -117.73 -0.210 0.496 6.301 0.193 0.174 0.872
2009.7877 40.85 -117.73 -0.212 0.548 4.037 0.178 0.161 0.805
2009.8151 40.85 -117.73 -0.163 0.647 3.596 0.190 0.173 0.862
2009.8425 40.85 -117.73 -0.050 0.468 2.401 0.173 0.157 0.786
2009.8699 40.85 -117.73 -0.065 0.320 0.814 0.166 0.150 0.752
2009.8973 40.85 -117.73 0.005 0.239 1.383 0.155 0.140 0.705
2009.9247 40.85 -117.73 0.001 0.263 -0.593 0.156 0.138 0.707
2009.9521 40.85 -117.73 -0.271 0.506 -1.105 0.145 0.131 0.661
2009.9795 40.85 -117.73 -0.069 0.092 -1.297 0.150 0.134 0.680
2010.0068 40.85 -117.73 0.003 0.163 -0.811 0.188 0.171 0.851
2010.0342 40.85 -117.73 0.182 0.217 0.016 0.147 0.133 0.671
2010.0616 40.85 -117.73 0.045 0.014 0.267 0.151 0.136 0.687
2010.0890 40.85 -117.73 0.017 0.352 0.915 0.179 0.164 0.814
2010.1164 40.85 -117.73 -0.151 0.169 -1.648 0.185 0.169 0.840
2010.1438 40.85 -117.73 -0.116 0.342 -2.118 0.179 0.162 0.812
2010.1712 40.85 -117.73 -0.034 0.473 -3.902 0.171 0.155 0.777
2010.1986 40.85 -117.73 0.007 0.162 -1.521 0.164 0.148 0.745
2010.2260 40.85 -117.73 0.043 0.074 -0.881 0.180 0.162 0.813
2010.2534 40.85 -117.73 -0.075 -0.098 -1.091 0.186 0.166 0.839
2010.2808 40.85 -117.73 0.024 0.007 -1.565 0.144 0.127 0.653
2010.3082 40.85 -117.73 0.096 0.266 -1.897 0.151 0.134 0.681
2010.3356 40.85 -117.73 0.046 -0.047 -1.974 0.139 0.121 0.628
2010.3630 40.85 -117.73 0.179 -0.097 -2.463 0.148 0.128 0.666
2010.3904 40.85 -117.73 0.121 -0.348 -1.062 0.154 0.126 0.680
2010.4178 40.85 -117.73 0.596 -0.157 -0.206 0.157 0.136 0.706
2010.4452 40.85 -117.73 0.411 -0.014 -1.371 0.139 0.121 0.632
2010.4726 40.85 -117.73 0.490 0.044 -1.928 0.126 0.109 0.573
2010.5000 40.85 -117.73 0.373 0.330 -0.025 0.141 0.123 0.640
2010.5274 40.85 -117.73 0.236 -0.073 1.667 0.214 0.196 0.968
2010.5548 40.85 -117.73 -0.004 0.235 0.173 0.139 0.125 0.633
2010.5822 40.85 -117.73 -0.083 0.302 0.151 0.126 0.113 0.575
2010.6096 40.85 -117.73 -0.413 0.442 -0.954 0.161 0.146 0.729
2010.6370 40.85 -117.73 -0.386 0.402 0.726 0.144 0.131 0.656
2010.6644 40.85 -117.73 -0.256 0.126 2.326 0.136 0.122 0.618
2010.6918 40.85 -117.73 -0.425 0.221 2.699 0.161 0.147 0.732
2010.7192 40.85 -117.73 -0.145 0.559 0.541 0.150 0.137 0.684
2010.7466 40.85 -117.73 -0.134 0.391 -0.607 0.173 0.159 0.786
2010.7740 40.85 -117.73 -0.413 0.783 3.644 0.144 0.130 0.654
2010.8014 40.85 -117.73 -0.405 0.378 2.415 0.137 0.123 0.621
2010.8288 40.85 -117.73 -0.309 -0.191 -0.197 0.154 0.141 0.702
2010.8562 40.85 -117.73 -0.193 0.053 0.355 0.152 0.138 0.690
2010.8836 40.85 -117.73 -0.209 0.164 0.864 0.142 0.128 0.646
2010.9110 40.85 -117.73 -0.009 0.332 0.373 0.154 0.140 0.700
2010.9384 40.85 -117.73 0.028 0.183 -2.386 0.160 0.145 0.725
2010.9658 40.85 -117.73 -0.028 0.163 -1.768 0.175 0.159 0.792
2010.9932 40.85 -117.73 -0.034 0.144 -1.843 0.157 0.104 0.650
2011.1027 40.85 -117.73 0.206 0.261 -5.490 0.151 0.122 0.671
2011.1301 40.85 -117.73 0.455 0.071 -2.510 0.210 0.189 0.944
2011.1575 40.85 -117.73 0.254 -0.148 -4.933 0.144 0.127 0.650
2011.1849 40.85 -117.73 0.037 -0.012 -6.153 0.117 0.100 0.533
2011.2123 40.85 -117.73 -0.026 0.090 -5.879 0.178 0.162 0.806
2011.2397 40.85 -117.73 0.215 -0.116 -5.229 0.185 0.168 0.834
2011.2671 40.85 -117.73 0.172 -0.258 -4.726 0.151 0.136 0.686
2011.2945 40.85 -117.73 0.522 0.166 -4.638 0.174 0.159 0.787
2011.3219 40.85 -117.73 0.336 0.027 -4.867 0.163 0.149 0.740
2011.3493 40.85 -117.73 0.807 0.138 -6.215 0.148 0.134 0.672
2011.3767 40.85 -117.73 0.597 -0.013 -6.566 0.171 0.156 0.775
2011.4041 40.85 -117.73 0.591 0.097 -7.559 0.153 0.137 0.693
2011.4315 40.85 -117.73 0.687 -0.252 -7.124 0.164 0.134 0.721
2011.5137 40.85 -117.73 0.175 0.216 -4.687 0.146 0.125 0.655
2011.5411 40.85 -117.73 0.268 0.309 -3.278 0.150 0.134 0.681
2011.5685 40.85 -117.73 0.122 0.071 -1.715 0.148 0.131 0.671
2011.5959 40.85 -117.73 0.026 0.213 -2.562 0.158 0.140 0.712
2011.6233 40.85 -117.73 -0.286 0.394 -2.800 0.159 0.140 0.716
2011.6507 40.85 -117.73 -0.249 0.475 -1.371 0.183 0.165 0.827
2011.6781 40.85 -117.73 -0.092 0.324 -1.548 0.170 0.154 0.769
2011.7055 40.85 -117.73 -0.243 0.232 -3.255 0.170 0.154 0.769
2011.7329 40.85 -117.73 -0.310 0.404 -0.033 0.195 0.178 0.880
2011.7603 40.85 -117.73 -0.081 0.571 -0.271 0.168 0.153 0.762
2011.7877 40.85 -117.73 -0.027 0.384 -0.323 0.178 0.163 0.808
2011.8151 40.85 -117.73 -0.468 0.307 -0.824 0.176 0.160 0.794
2011.8425 40.85 -117.73 -0.401 0.040 -0.834 0.189 0.173 0.853
2011.8699 40.85 -117.73 0.060 -0.302 2.224 0.187 0.163 0.832
2011.9521 40.85 -117.73 -0.012 0.318 -1.841 0.135 0.098 0.579
2011.9795 40.85 -117.73 -0.175 0.322 0.135 0.155 0.136 0.695
2012.0068 40.85 -117.73 0.013 0.368 -0.518 0.145 0.126 0.648
2012.0342 40.85 -117.73 0.206 0.431 0.300 0.173 0.149 0.765
2012.0616 40.85 -117.73 0.388 0.147 -1.309 0.152 0.130 0.673
2012.0890 40.85 -117.73 0.270 0.234 -1.574 0.151 0.127 0.665
2012.1164 40.85 -117.73 0.520 0.402 -1.978 0.149 0.124 0.653
2012.1438 40.85 -117.73 0.285 -0.009 -2.233 0.154 0.127 0.675
2012.1712 40.85 -117.73 0.524 0.123 -2.395 0.149 0.121 0.649
2012.1986 40.85 -117.73 0.270 -0.048 -0.458 0.135 0.108 0.592
2012.2260 40.85 -117.73 0.489 -0.237 -0.759 0.137 0.111 0.596
2012.2534 40.85 -117.73 0.947 -0.149 -0.310 0.133 0.107 0.580
2012.2808 40.85 -117.73 0.793 0.035 -2.980 0.124 0.099 0.543
2012.3082 40.85 -117.73 0.576 -0.128 -1.716 0.160 0.103 0.658
2012.3904 40.85 -117.73 0.395 -0.743 -4.860 0.158 0.121 0.684
2012.4178 40.85 -117.73 0.674 -0.131 -0.645 0.115 0.091 0.500
2012.4452 40.85 -117.73 0.734 -0.400 -2.255 0.114 0.090 0.497
2012.4726 40.85 -117.73 0.668 -0.375 -0.041 0.122 0.097 0.533
2012.5000 40.85 -117.73 0.599 -0.142 0.942 0.117 0.092 0.511
2012.5274 40.85 -117.73 0.465 -0.391 -0.478 0.124 0.098 0.538
2012.5548 40.85 -117.73 0.313 -0.245 -0.457 0.123 0.099 0.537
2012.5822 40.85 -117.73 0.050 -0.163 0.297 0.130 0.104 0.567
2012.6096 40.85 -117.73 -0.088 -0.309 1.834 0.127 0.105 0.558
2012.6370 40.85 -117.73 -0.159 -0.047 2.364 0.118 0.097 0.519
2012.6644 40.85 -117.73 -0.275 -0.110 2.727 0.128 0.106 0.564
2012.6918 40.85 -117.73 -0.268 -0.183 2.984 0.131 0.111 0.580
2012.7192 40.85 -117.73 -0.357 -0.231 1.858 0.154 0.136 0.688
2012.7466 40.85 -117.73 -0.135 0.173 0.656 0.125 0.088 0.533
2012.8562 40.85 -117.73 0.022 -0.587 3.143 0.162 0.142 0.722
2012.8836 40.85 -117.73 0.037 -0.098 1.327 0.149 0.136 0.675
2012.9110 40.85 -117.73 0.091 -0.400 1.619 0.142 0.129 0.642
2012.9384 40.85 -117.73 0.004 -0.377 0.753 0.140 0.123 0.630
2012.9658 40.85 -117.73 0.340 -0.621 -1.843 0.152 0.139 0.688
2012.9918 40.85 -117.73 0.207 0.023 -2.034 0.078 0.068 0.359
2013.0178 40.85 -117.73 0.084 -0.342 -2.231 0.090 0.081 0.414
2013.0452 40.85 -117.73 0.234 -0.728 -0.603 0.090 0.080 0.413
2013.0726 40.85 -117.73 0.369 -0.635 -1.116 0.083 0.074 0.384
2013.1000 40.85 -117.73 0.490 -0.659 -1.021 0.085 0.076 0.393
2013.1274 40.85 -117.73 0.313 -0.075 -1.901 0.080 0.070 0.369
2013.1548 40.85 -117.73 0.570 -0.669 -0.878 0.078 0.064 0.355
2013.2644 40.85 -117.73 0.799 -0.131 0.235 0.097 0.048 0.379
2013.2918 40.85 -117.73 0.990 -0.116 0.692 0.082 0.072 0.377
2013.3192 40.85 -117.73 0.915 -0.123 1.673 0.089 0.080 0.412
2013.3466 40.85 -117.73 0.892 -0.052 -2.075 0.091 0.083 0.422
2013.3740 40.85 -117.73 0.630 0.085 1.478 0.079 0.071 0.368
2013.4014 40.85 -117.73 0.699 0.170 2.284 0.081 0.073 0.378
2013.4288 40.85 -117.73 0.980 -0.306 0.223 0.073 0.064 0.340
2013.4562 40.85 -117.73 0.650 0.053 1.229 0.074 0.065 0.346
2013.4836 40.85 -117.73 0.839 -0.075 1.520 0.076 0.067 0.352
2013.5110 40.85 -117.73 0.716 -0.226 0.402 0.084 0.076 0.390
2013.5384 40.85 -117.73 -0.004 -0.117 2.207 0.085 0.072 0.386
2013.5658 40.85 -117.73 0.195 -0.099 1.742 0.087 0.077 0.401
2013.7575 40.85 -117.73 0.066 0.512 5.019 0.085 0.073 0.387
2013.7849 40.85 -117.73 -0.050 0.994 2.440 0.087 0.075 0.396
2013.8123 40.85 -117.73 0.106 0.801 4.507 0.080 0.069 0.365
2013.8397 40.85 -117.73 0.130 0.542 3.734 0.080 0.070 0.369
2013.8671 40.85 -117.73 0.120 0.265 3.684 0.086 0.074 0.394
2013.8945 40.85 -117.73 0.167 0.743 3.056 0.080 0.069 0.366
2013.9219 40.85 -117.73 0.253 0.378 -0.132 0.072 0.062 0.333
2013.9493 40.85 -117.73 0.042 0.734 1.858 0.076 0.066 0.350
2013.9767 40.85 -117.73 0.126 0.477 2.090 0.077 0.066 0.356
2014.0041 40.85 -117.73 0.232 0.458 3.754 0.074 0.064 0.344
2014.0315 40.85 -117.73 0.371 0.790 3.652 0.077 0.067 0.355
2014.1685 40.85 -117.73 0.652 0.428 4.695 0.082 0.071 0.376
2014.1959 40.85 -117.73 0.778 0.099 3.554 0.082 0.073 0.377
2014.2233 40.85 -117.73 0.727 0.266 2.716 0.078 0.069 0.360
2014.2507 40.85 -117.73 0.766 0.082 3.733 0.071 0.063 0.333
2014.2781 40.85 -117.73 0.742 0.096 2.094 0.076 0.067 0.351
2014.3055 40.85 -117.73 0.772 0.561 2.065 0.073 0.064 0.338
2014.3329 40.85 -117.73 0.835 0.438 1.374 0.060 0.052 0.285
2014.3603 40.85 -117.73 1.024 0.691 1.159 0.068 0.060 0.317
2014.3877 40.85 -117.73 1.115 0.341 1.312 0.068 0.060 0.318
2014.4151 40.85 -117.73 0.947 0.558 1.583 0.068 0.059 0.317
2014.4425 40.85 -117.73 0.486 0.552 1.447 0.072 0.063 0.334
2014.4699 40.85 -117.73 0.658 0.050 3.424 0.072 0.062 0.332
2014.5795 40.85 -117.73 0.194 0.195 1.866 0.066 0.051 0.305
2014.6068 40.85 -117.73 0.112 0.455 2.343 0.064 0.054 0.298
2014.6342 40.85 -117.73 -0.009 0.052 2.072 0.059 0.049 0.276
2014.6616 40.85 -117.73 -0.019 0.787 3.558 0.065 0.055 0.301
2014.6890 40.85 -117.73 0.181 0.586 4.093 0.063 0.054 0.294
2014.7164 40.85 -117.73 0.098 0.876 2.869 0.062 0.053 0.289
2014.7438 40.85 -117.73 0.137 0.561 2.020 0.066 0.058 0.309
2014.7712 40.85 -117.73 0.331 0.543 4.369 0.066 0.057 0.306
2014.7986 40.85 -117.73 0.085 0.621 3.768 0.059 0.050 0.278
2014.8260 40.85 -117.73 0.178 0.374 4.902 0.059 0.050 0.277
2014.8534 40.85 -117.73 0.414 0.841 5.122 0.063 0.052 0.291
2014.8808 40.85 -117.73 0.397 0.523 1.751 0.063 0.053 0.291
2014.9082 40.85 -117.73 0.312 0.546 1.712 0.064 0.053 0.296
2015.0452 40.85 -117.73 0.551 0.287 0.954 0.049 0.038 0.233
2015.0726 40.85 -117.73 0.439 0.079 0.331 0.053 0.040 0.245
2015.1000 40.85 -117.73 0.566 0.641 0.456 0.048 0.037 0.226
2015.1274 40.85 -117.73 0.457 0.055 0.569 0.044 0.035 0.214
2015.1548 40.85 -117.73 0.273 0.296 0.326 0.051 0.039 0.238
2015.1822 40.85 -117.73 0.290 0.139 0.474 0.048 0.037 0.228
2015.2096 40.85 -117.73 0.586 -0.154 2.096 0.063 0.050 0.287
2015.2370 40.85 -117.73 0.604 0.724 1.393 0.068 0.057 0.311
2015.2644 40.85 -117.73 0.692 0.061 2.760 0.060 0.051 0.279
2015.2918 40.85 -117.73 0.682 0.482 2.849 0.060 0.051 0.283
2015.3192 40.85 -117.73 0.901 0.555 3.109 0.058 0.049 0.273
2015.3466 40.85 -117.73 0.636 0.174 3.719 0.063 0.053 0.293
2015.4836 40.85 -117.73 0.111 0.229 4.103 0.060 0.044 0.274
2015.5110 40.85 -117.73 0.178 0.798 4.803 0.057 0.045 0.265
2015.5384 40.85 -117.73 0.120 0.223 3.720 0.062 0.050 0.288
2015.5658 40.85 -117.73 0.062 0.009 4.673 0.062 0.052 0.289
2015.5932 40.85 -117.73 -0.051 0.263 4.449 0.064 0.054 0.297
2015.6205 40.85 -117.73 0.098 0.342 3.755 0.063 0.052 0.290
2015.6479 40.85 -117.73 -0.071 0.609 4.900 0.061 0.051 0.282
2015.6753 40.85 -117.73 -0.021 0.383 6.197 0.059 0.048 0.273
2015.7027 40.85 -117.73 -0.443 0.613 5.952 0.063 0.053 0.294
2015.7301 40.85 -117.73 -0.356 0.033 7.638 0.064 0.053 0.295
2015.9493 40.85 -117.73 0.310 1.413 3.154 0.061 0.052 0.288
2015.9767 40.85 -117.73 0.366 0.760 2.106 0.064 0.055 0.297
2016.0041 40.85 -117.73 0.451 1.086 -0.544 0.058 0.049 0.272
2016.0315 40.85 -117.73 0.761 0.462 0.082 0.056 0.047 0.261
2016.0589 40.85 -117.73 0.768 0.288 -0.366 0.057 0.048 0.267
2016.0863 40.85 -117.73 0.367 0.495 0.066 0.052 0.044 0.247
2016.1137 40.85 -117.73 0.415 0.813 -0.554 0.058 0.049 0.270
2016.1411 40.85 -117.73 0.373 0.542 -1.528 0.068 0.057 0.311
2016.1685 40.85 -117.73 0.171 0.182 -2.354 0.072 0.063 0.332
2016.1959 40.85 -117.73 0.314 -0.224 -2.466 0.071 0.063 0.329
2016.2233 40.85 -117.73 0.765 0.046 -1.702 0.071 0.065 0.334
2016.2507 40.85 -117.73 0.574 -0.294 0.215 0.061 0.051 0.283
2016.3603 40.85 -117.73 0.518 0.209 2.477 0.056 0.048 0.265
2016.3877 40.85 -117.73 0.863 0.194 3.386 0.065 0.056 0.303
2016.4151 40.85 -117.73 0.810 0.234 1.482 0.064 0.055 0.298
2016.4425 40.85 -117.73 0.672 0.556 5.185 0.069 0.059 0.317
2016.4699 40.85 -117.73 0.652 0.557 2.390 0.067 0.058 0.310
