2002.5877 37.26 -109.31 -17.80773660556494 9.87615659761162
2002.6151 37.26 -109.31 -10.15470976121384 9.61634199673685
2002.6425 37.26 -109.31 -25.99618709884855 9.82442933302394
2002.6699 37.26 -109.31 -10.11250261279702 8.23926688205346
2002.6973 37.26 -109.31 -8.38584890737745 12.91663980576524
2002.7247 37.26 -109.31 -14.04068142378264 9.33268847266343
2002.7521 37.26 -109.31 -4.39447866492490 8.54672409487649
2002.7795 37.26 -109.31 -16.74527926862518 9.77305053848823
2002.8068 37.26 -109.31 -15.39755245144370 8.86246418089821
2002.8342 37.26 -109.31 -13.33218261964468 8.70463705914196
2002.8616 37.26 -109.31 -3.93308130386914 8.24380241673710
2002.8890 37.26 -109.31 -10.84129344231110 8.84952759772099
2002.9164 37.26 -109.31 -0.29947304702780 9.13009730192961
2003.0260 37.26 -109.31 9.30827934107984 10.19118568155030
2003.0534 37.26 -109.31 28.33141437702356 17.92248724483786
2003.0808 37.26 -109.31 27.57233197122244 14.74869707123113
2003.1082 37.26 -109.31 21.67371512298226 8.17083720077867
2003.1356 37.26 -109.31 5.25613706900480 7.51569514351385
2003.1630 37.26 -109.31 20.23255449566684 8.19414308427471
2003.1904 37.26 -109.31 21.46627397978576 9.57939079385372
2003.2178 37.26 -109.31 30.58549653975492 8.08442593947963
2003.2452 37.26 -109.31 22.34728700136049 8.04875347240526
2003.2726 37.26 -109.31 37.52860081419180 7.82649637845854
2003.3000 37.26 -109.31 36.69817091806485 7.68887596848690
2003.3274 37.26 -109.31 17.84916442252263 10.33021313570165
2003.3548 37.26 -109.31 23.58143636355775 11.77905476866353
2003.3822 37.26 -109.31 32.20314389892667 9.93622465613645
2003.5192 37.26 -109.31 -7.53061116106451 11.52051585951516
2003.5466 37.26 -109.31 -15.71130867959186 13.16820660763733
2003.5740 37.26 -109.31 -12.94090795579051 15.80015092979121
2003.6014 37.26 -109.31 -2.85528407144186 13.20800838174000
2003.6288 37.26 -109.31 -27.47806002159045 12.12056689411759
2003.6562 37.26 -109.31 2.41214697396753 13.26830857485522
2003.6836 37.26 -109.31 -10.47613542041342 13.33091822105098
2003.7110 37.26 -109.31 -4.89505184316948 9.80453448497076
2003.7384 37.26 -109.31 4.05360083342609 12.46447476132654
2003.7658 37.26 -109.31 9.33603199910244 11.34172239744625
2003.7932 37.26 -109.31 -5.83341780916113 12.92242756483624
2003.8205 37.26 -109.31 -11.43623682414659 13.69985332278520
2003.8479 37.26 -109.31 -6.01193896841144 11.53856040119976
2003.8753 37.26 -109.31 -11.35496653229070 12.76659943316331
2003.9027 37.26 -109.31 -9.87148541854693 11.16131954387460
2003.9301 37.26 -109.31 -20.38458978354230 11.94665348517601
2003.9575 37.26 -109.31 -8.81518878775795 13.92512272528138
2003.9849 37.26 -109.31 -26.39462743868579 12.99318462533595
2004.0123 37.26 -109.31 -10.07902225751511 13.95356285756276
2004.0397 37.26 -109.31 -24.74281814351864 10.53030817731977
2004.0945 37.26 -109.31 27.70437363205509 9.81866237067374
2004.1219 37.26 -109.31 12.54966545367736 11.41700605772270
2004.1493 37.26 -109.31 21.42903836355602 13.61931534861832
2004.1767 37.26 -109.31 28.04494625200751 15.01705960237004
2004.2041 37.26 -109.31 16.56718076656896 11.74400325720570
2004.2315 37.26 -109.31 43.23799950133289 11.92833843278778
2004.2589 37.26 -109.31 38.05362382576478 12.27284300491693
2004.2863 37.26 -109.31 13.27999349968649 12.34584203701201
2004.3137 37.26 -109.31 12.42423024523131 11.65557679315817
2004.3411 37.26 -109.31 18.85358700173076 12.93551989684316
2004.3685 37.26 -109.31 -16.12444168769558 12.15819301898712
2004.3959 37.26 -109.31 -23.22130014167607 10.44363844036208
2004.4233 37.26 -109.31 -5.90038967513658 9.98507074807847
2004.4507 37.26 -109.31 -26.94611813818674 8.94415900805988
2004.4781 37.26 -109.31 -10.89605153209861 9.95717023023058
2004.5055 37.26 -109.31 -11.62432649042726 9.65263792906957
2004.5329 37.26 -109.31 -25.07765752624909 9.00822896825346
2004.5603 37.26 -109.31 -2.03134295042646 9.35887414365847
2004.5877 37.26 -109.31 -2.06889791420487 9.37461375418993
2004.6151 37.26 -109.31 7.45718379033133 10.39617523192815
2004.6425 37.26 -109.31 15.28304491321276 8.64856284124538
2004.6699 37.26 -109.31 12.45528621011281 8.62269411693066
2004.6973 37.26 -109.31 6.61339330229048 8.00571017537040
2004.7247 37.26 -109.31 22.91873989950467 9.36721556297793
2004.7521 37.26 -109.31 0.44848380537701 8.87756014172179
2004.7795 37.26 -109.31 1.03824414739723 8.73492377497842
2004.8068 37.26 -109.31 -6.76977197847114 9.87655013754363
2004.8342 37.26 -109.31 3.39069772858912 9.77617865486315
2004.8616 37.26 -109.31 -11.36796973422397 8.39577789342504
2004.8890 37.26 -109.31 -10.35514070858003 8.44410781536590
2004.9164 37.26 -109.31 -3.90541699644755 9.39074670363478
2004.9438 37.26 -109.31 -7.17134271341608 10.13272005703332
2004.9712 37.26 -109.31 3.72686975101070 9.56019722888034
2004.9973 37.26 -109.31 11.43643369123725 9.03136178318176
2005.0233 37.26 -109.31 23.14877554734678 10.96054400001483
2005.0507 37.26 -109.31 19.17782284762449 17.28048830939550
2005.0781 37.26 -109.31 33.76549793200689 12.56005302833704
2005.1055 37.26 -109.31 9.53134659564703 12.41625615554360
2005.1329 37.26 -109.31 22.71214873975436 12.73478510104864
2005.1603 37.26 -109.31 53.86481980653846 11.04607034845318
2005.1877 37.26 -109.31 28.16639348462490 10.88950286797005
2005.2151 37.26 -109.31 5.44092550773153 10.00397580577927
2005.2425 37.26 -109.31 30.72852674819540 9.86429162811287
2005.2699 37.26 -109.31 22.32801582993286 10.65941133832292
2005.2973 37.26 -109.31 17.95172176322511 11.35644608622713
2005.3247 37.26 -109.31 27.10025608056489 11.98717526801236
2005.3521 37.26 -109.31 38.20842289146753 4.23419117856361
2005.3795 37.26 -109.31 10.73256199189947 11.11954741230338
2005.4068 37.26 -109.31 17.59417365704211 9.99264176613141
2005.4342 37.26 -109.31 0.82722006925949 11.45412312053826
2005.4616 37.26 -109.31 -1.05467612971553 10.51495096647558
2005.4890 37.26 -109.31 -1.81952694126734 9.94945358784003
2005.5164 37.26 -109.31 13.01412546494080 9.89234153483358
2005.5438 37.26 -109.31 2.13459942287169 10.96645018841761
2005.5712 37.26 -109.31 11.39574341564606 12.09917001128487
2005.5986 37.26 -109.31 16.51436588373145 12.38687242068839
2005.6260 37.26 -109.31 16.92533327854073 10.78231611609875
2005.6534 37.26 -109.31 17.01524211686072 11.54329032575578
2005.6808 37.26 -109.31 14.53609548415848 11.25499458146169
2005.7082 37.26 -109.31 8.61719381679503 14.10419396982474
2005.7356 37.26 -109.31 5.80292182714619 12.21904906451097
2005.7630 37.26 -109.31 10.51670541483838 12.23726560982440
2005.7904 37.26 -109.31 1.44134390006979 11.27947817091150
2005.8178 37.26 -109.31 3.37360363267828 11.69179950618737
2005.8452 37.26 -109.31 3.47147601348664 12.49998822627935
2005.8726 37.26 -109.31 -2.91692350940714 10.73978469500322
2005.9000 37.26 -109.31 0.76037273621413 10.37092843406834
2005.9274 37.26 -109.31 1.17691910913121 10.09244894497959
2005.9548 37.26 -109.31 5.32053409359261 8.67812393306857
2005.9822 37.26 -109.31 1.88843096106935 9.41869581318875
2006.0096 37.26 -109.31 -0.06611546801272 10.86466200500995
2006.0370 37.26 -109.31 4.47084978595574 14.09591206427066
2006.0644 37.26 -109.31 15.26199832408275 14.24735445954951
2006.0918 37.26 -109.31 3.39420116891524 14.37666082374080
2006.1192 37.26 -109.31 23.77865564506665 16.85531454902888
2006.1466 37.26 -109.31 24.27234288886407 12.80834552228134
2006.1740 37.26 -109.31 18.01434582855232 14.99384155719389
2006.2014 37.26 -109.31 2.98065296500826 11.08825924566286
2006.2288 37.26 -109.31 4.55614416056867 15.11176382624359
2006.2562 37.26 -109.31 -7.47024601820928 14.27624088695160
2006.2836 37.26 -109.31 5.01480442485212 13.81939640792927
2006.3110 37.26 -109.31 -49.59693633920909 14.87342605480635
2006.3384 37.26 -109.31 -0.53295589857977 13.39857304785728
2006.3658 37.26 -109.31 -5.49309670094166 14.96578090938882
2006.3932 37.26 -109.31 14.65055933130149 14.63638948196247
2006.4205 37.26 -109.31 1.69388964412371 14.57380620875448
2006.4479 37.26 -109.31 -16.18786544572566 15.49680341439909
2006.4753 37.26 -109.31 0.00042981773988 16.16135529845327
2006.5027 37.26 -109.31 13.83680234492709 16.92582852022815
2006.5301 37.26 -109.31 -2.19509861019889 20.64109299798280
2006.5575 37.26 -109.31 0.03815469775201 16.03498400194677
2006.5849 37.26 -109.31 7.26331875873479 16.54876208839150
2006.6123 37.26 -109.31 9.74504846906654 21.40708740926058
2006.6397 37.26 -109.31 -1.70023432973909 17.69546298889312
2006.6671 37.26 -109.31 20.11354717727991 15.69935291652051
2006.6945 37.26 -109.31 4.21720425639948 20.70284900523246
2006.7219 37.26 -109.31 -11.88175750519954 18.69865801237001
2006.7493 37.26 -109.31 -1.24034907656381 22.87025547780923
2006.7767 37.26 -109.31 9.10058774392416 19.90749716268507
2006.8041 37.26 -109.31 21.53240210425538 15.58857897782761
2006.8315 37.26 -109.31 -3.19599992060053 18.60194721473497
2006.8589 37.26 -109.31 14.67466543854187 17.91816785689521
2006.8863 37.26 -109.31 4.74605361057412 16.95257171678687
2006.9137 37.26 -109.31 -17.79085842697177 16.21391994832162
2006.9411 37.26 -109.31 -5.70447683978813 15.84504203898511
2006.9685 37.26 -109.31 2.60303625656199 15.45331783945315
2006.9959 37.26 -109.31 15.60717742848638 14.96988051598470
2007.0233 37.26 -109.31 -2.64902414703822 13.56763756893655
2007.0507 37.26 -109.31 5.30997494019414 14.47726624218046
2007.0781 37.26 -109.31 37.79627265324631 15.47523868313198
2007.1055 37.26 -109.31 27.08900515285452 13.58539306530130
2007.1329 37.26 -109.31 20.21518721720253 15.01677642700651
2007.1603 37.26 -109.31 27.29623389119841 14.29042229399134
2007.1877 37.26 -109.31 7.30143899854743 19.56408563898321
2007.2151 37.26 -109.31 18.31157482210391 17.25680284075596
2007.2425 37.26 -109.31 25.66147555007871 16.51458574691885
2007.2699 37.26 -109.31 14.44127477025721 12.34996072665131
2007.2973 37.26 -109.31 4.30714272211380 11.56614972428469
2007.3247 37.26 -109.31 -6.43160418133675 14.87128938224225
2007.3521 37.26 -109.31 -16.29922623382614 16.56964759074428
2007.3795 37.26 -109.31 -31.89558586189804 17.58532129771712
2007.4068 37.26 -109.31 -19.14901355838669 14.11864398396525
2007.4342 37.26 -109.31 -3.84735841753281 13.32367799898270
2007.4616 37.26 -109.31 -10.78239911976994 18.56547365627302
2007.4890 37.26 -109.31 5.01418480999943 13.34478359245681
2007.5164 37.26 -109.31 -1.44810164779388 14.37745222355015
2007.5438 37.26 -109.31 -3.83020990241912 13.78529791184867
2007.5712 37.26 -109.31 9.48780290774229 14.16918024745920
2007.5986 37.26 -109.31 -1.79504624514101 17.85568294106119
2007.6260 37.26 -109.31 14.10639185494781 14.04659717468506
2007.6534 37.26 -109.31 7.27512501378039 14.35417595080145
2007.6808 37.26 -109.31 -7.42738098984504 14.97933457921886
2007.7082 37.26 -109.31 -4.08340697525575 10.26044505916163
2007.7356 37.26 -109.31 -2.05226990936869 15.38626652798291
2007.7630 37.26 -109.31 -15.09442518309470 10.99016032653452
2007.7904 37.26 -109.31 -15.02181108412200 15.35632623867474
2007.8178 37.26 -109.31 -0.35508940573898 18.13077467014498
2007.8452 37.26 -109.31 -18.96915649473507 14.05918280143403
2007.8726 37.26 -109.31 -16.53369414895994 16.65518725451698
2007.9000 37.26 -109.31 -11.38883989094927 17.52945644388687
2007.9274 37.26 -109.31 3.93557545603703 17.46890197575224
2007.9548 37.26 -109.31 1.43147710110012 12.73783444391879
2007.9822 37.26 -109.31 4.62757263759200 16.14699100727237
2008.0096 37.26 -109.31 -4.69767710703794 14.04236262956440
2008.0370 37.26 -109.31 6.23234980780973 14.70259072931347
2008.0644 37.26 -109.31 29.60422179017410 17.35295227709708
2008.0918 37.26 -109.31 15.19029864047952 13.08441933296802
2008.1192 37.26 -109.31 64.54725338056687 16.01576344663518
2008.1466 37.26 -109.31 38.56432636450041 18.95766926211719
2008.1740 37.26 -109.31 37.12727146382412 16.33694347731300
2008.2014 37.26 -109.31 52.26177158893725 18.01669043484328
2008.2288 37.26 -109.31 30.69875261606776 19.90927394585391
2008.2562 37.26 -109.31 21.01213767787002 18.93022885393586
2008.2836 37.26 -109.31 -12.69025595436135 22.81884139034479
2008.3110 37.26 -109.31 8.00314009989977 23.87872978432295
2008.3384 37.26 -109.31 13.99376754012871 17.51504966447591
2008.3658 37.26 -109.31 8.16501404496329 17.68949506590598
2008.3932 37.26 -109.31 4.79352874363857 15.66920964949092
2008.4205 37.26 -109.31 -18.93751633757098 13.66039596539409
2008.4479 37.26 -109.31 4.72910421294816 14.17687062960650
2008.4753 37.26 -109.31 -2.19443460840256 13.58880871173748
2008.5027 37.26 -109.31 -13.59203390434145 16.81493403573288
2008.5301 37.26 -109.31 -2.68931531189888 20.80293353762642
2008.5575 37.26 -109.31 -4.05680357615531 13.02148824432427
2008.5849 37.26 -109.31 0.49884855796378 15.61270071326224
2008.6123 37.26 -109.31 -4.08169694591595 12.38362156634035
2008.6397 37.26 -109.31 -8.39571970565637 13.85915517526587
2008.6671 37.26 -109.31 1.04124379183214 13.14454766335932
2008.6945 37.26 -109.31 6.59825279235915 12.65847753877079
2008.7219 37.26 -109.31 11.52308013461773 15.08996393392538
2008.7493 37.26 -109.31 -9.73359683893587 13.49479977519178
2008.7767 37.26 -109.31 0.77731660724226 16.27683305793255
2008.8041 37.26 -109.31 -2.45475600761170 16.44288771033860
2008.8315 37.26 -109.31 -2.65456851601746 18.42483145395107
2008.8589 37.26 -109.31 -7.88992772379375 21.58026996662239
2008.8863 37.26 -109.31 -13.78290798436733 20.68590724347555
2008.9137 37.26 -109.31 -9.04437445790820 19.81323628448101
2008.9411 37.26 -109.31 -12.27779966814328 20.38593198255917
2008.9685 37.26 -109.31 2.92721907913543 18.97814185775639
2008.9945 37.26 -109.31 10.05757300980757 16.14582657995905
2009.0205 37.26 -109.31 14.96380537794688 16.06284592348109
2009.0479 37.26 -109.31 23.19820641332987 16.06944911727218
2009.0753 37.26 -109.31 16.82622354077107 15.10238295093278
2009.1027 37.26 -109.31 21.01181188901097 19.27497798344981
2009.1301 37.26 -109.31 11.04684426157917 14.96723541140654
2009.1575 37.26 -109.31 29.43040468686712 15.09450992335594
2009.1849 37.26 -109.31 11.46051201138001 18.14168057623896
2009.2123 37.26 -109.31 6.50638556199210 14.75929315853003
2009.2397 37.26 -109.31 -8.38987197816239 17.33986891178305
2009.2671 37.26 -109.31 3.37988554326289 14.32091316832228
2009.2945 37.26 -109.31 8.09681929519498 14.75657087292269
2009.3219 37.26 -109.31 25.30332979417812 15.34165096706755
2009.3493 37.26 -109.31 12.26675405371685 13.92248450294646
2009.3767 37.26 -109.31 18.63938912394314 14.66121907043065
2009.4041 37.26 -109.31 5.22904083129467 12.60000830627406
2009.4315 37.26 -109.31 -3.51050183765841 14.95889988074458
2009.4589 37.26 -109.31 16.25314328814233 12.16531494958135
2009.4863 37.26 -109.31 -0.74781970858777 13.54309070778645
2009.5137 37.26 -109.31 11.04873209556697 12.64157715881970
2009.5411 37.26 -109.31 0.83131403200771 15.91263959848285
2009.5685 37.26 -109.31 9.57198754308054 17.06132090199736
2009.5959 37.26 -109.31 -23.44440374717330 14.76384298455655
2009.6233 37.26 -109.31 -24.51703181122012 15.74710575549271
2009.6507 37.26 -109.31 -26.88379373058232 15.20808483987715
2009.6781 37.26 -109.31 -20.40394478311705 16.53132870086350
2009.7055 37.26 -109.31 14.33951100138001 17.41210739479084
2009.7329 37.26 -109.31 -21.11418797804477 16.59290634194470
2009.7603 37.26 -109.31 -40.36412225535183 19.01328398110402
2009.7877 37.26 -109.31 -20.09063728113192 17.49121641481909
2009.8151 37.26 -109.31 -10.05343044763557 19.03986241839222
2009.8425 37.26 -109.31 -19.77254472210301 17.10939158675884
2009.8699 37.26 -109.31 -28.60884941857148 16.25337699062852
2009.8973 37.26 -109.31 -2.23674378960823 15.10516314412347
2009.9247 37.26 -109.31 7.48279578398851 14.57872077713971
2009.9521 37.26 -109.31 4.57192050288170 13.85487686388843
2009.9795 37.26 -109.31 1.45950174219682 14.24150012005236
2010.0068 37.26 -109.31 -2.36542713086923 18.71008094117326
2010.0342 37.26 -109.31 -2.35721400274492 14.07994383255983
2010.0616 37.26 -109.31 26.39646574779042 14.54535959509183
2010.0890 37.26 -109.31 20.54418365538502 17.99293016063410
2010.1164 37.26 -109.31 12.34805927590942 18.59974913517900
2010.1438 37.26 -109.31 3.28184528138109 17.52939653190936
2010.1712 37.26 -109.31 84.90937487326741 16.70776627722981
2010.1986 37.26 -109.31 66.81780716009136 15.97879454570541
2010.2260 37.26 -109.31 40.55406056514261 17.55737104280122
2010.2534 37.26 -109.31 29.64976023962298 17.99261846364521
2010.2808 37.26 -109.31 4.09147441273008 13.46609071826837
2010.3082 37.26 -109.31 -9.26528480688622 14.27916573041404
2010.3356 37.26 -109.31 -4.59728227530231 12.54547567059080
2010.3630 37.26 -109.31 -19.75682031953979 13.44208669652684
2010.3904 37.26 -109.31 -6.92156546997731 13.43615834624819
2010.4178 37.26 -109.31 -0.70577946009549 14.39929325454936
2010.4452 37.26 -109.31 -23.91543045706879 12.49065968261774
2010.4726 37.26 -109.31 -21.29764483287918 11.05522254444275
2010.5000 37.26 -109.31 12.61280900183783 12.86740748075993
2010.5274 37.26 -109.31 16.76418861748210 21.82693722703072
2010.5548 37.26 -109.31 11.48655968028122 13.42821676762219
2010.5822 37.26 -109.31 33.87288054508298 11.99190479667756
2010.6096 37.26 -109.31 15.26798394936976 16.14781875171049
2010.6370 37.26 -109.31 23.28342081792954 14.16040076484579
2010.6644 37.26 -109.31 25.70322265904918 13.12560438979656
2010.6918 37.26 -109.31 21.33456826400672 16.27729562209627
2010.7192 37.26 -109.31 10.18785407996941 15.06936312951694
2010.7466 37.26 -109.31 -1.22016334834708 17.88024351506422
2010.7740 37.26 -109.31 -1.88423123175369 13.85940286195149
2010.8014 37.26 -109.31 0.62499803094717 13.29895925887736
2010.8288 37.26 -109.31 -11.47386753962225 15.50733844139337
2010.8562 37.26 -109.31 17.86035637063098 15.12239941310279
2010.8836 37.26 -109.31 4.88327643335526 13.71429516397366
2010.9110 37.26 -109.31 10.47303944774215 15.31116503234360
2010.9384 37.26 -109.31 13.92360098055545 15.99008114449022
2010.9658 37.26 -109.31 14.02691070371383 17.76728614952322
2010.9932 37.26 -109.31 10.52716203581530 12.57213391237222
2011.1027 37.26 -109.31 30.74708605843771 12.65683105359251
2011.1301 37.26 -109.31 -23.33397134665331 21.04424181157505
2011.1575 37.26 -109.31 10.52511317486632 13.42322944076027
2011.1849 37.26 -109.31 -10.81052150677238 10.21142096268492
2011.2123 37.26 -109.31 24.66514934200481 17.86576125009434
2011.2397 37.26 -109.31 20.89231572651491 18.81072379653821
2011.2671 37.26 -109.31 27.89133067241903 14.79532487016374
2011.2945 37.26 -109.31 11.00212286489495 17.66479696241777
2011.3219 37.26 -109.31 17.21539042778541 16.47194734085770
2011.3493 37.26 -109.31 9.94005640047972 14.48988877548403
2011.3767 37.26 -109.31 24.28497472711067 17.34097020442643
2011.4041 37.26 -109.31 22.15061001425930 14.88693598305265
2011.4315 37.26 -109.31 -10.44660478719518 14.54105103939429
2011.5137 37.26 -109.31 10.70394117994610 13.26975046170301
2011.5411 37.26 -109.31 22.93389869680567 14.47870406812423
2011.5685 37.26 -109.31 -2.65415999068609 13.94091193789837
2011.5959 37.26 -109.31 11.88703943397113 15.16025588070860
2011.6233 37.26 -109.31 5.49720642046652 14.99783437572466
2011.6507 37.26 -109.31 23.33172441987085 18.41668579067969
2011.6781 37.26 -109.31 8.11405225906713 17.07833501801230
2011.7055 37.26 -109.31 24.82552148552581 17.18472329764928
2011.7329 37.26 -109.31 7.82478109420812 20.23616298722873
2011.7603 37.26 -109.31 3.94225063239257 17.13393932052042
2011.7877 37.26 -109.31 7.84964661863111 18.39131049299628
2011.8151 37.26 -109.31 18.43616566106645 17.92920219756277
2011.8425 37.26 -109.31 -3.79685805454533 19.74599695884775
2011.8699 37.26 -109.31 12.25979698678654 18.23326749496516
2011.9521 37.26 -109.31 -10.36917874299160 11.03831987920268
2011.9795 37.26 -109.31 3.73110934118346 15.50613524066993
2012.0068 37.26 -109.31 20.54139486539894 14.22528807897990
2012.0342 37.26 -109.31 12.63592993459303 17.18616173939186
2012.0616 37.26 -109.31 -7.42168421057719 14.90281298528384
2012.0890 37.26 -109.31 9.38349729755644 14.63391603325925
2012.1164 37.26 -109.31 25.12077123203111 14.13015538533348
2012.1438 37.26 -109.31 16.11707477228624 14.73274288265815
2012.1712 37.26 -109.31 27.61870939422168 13.74775668261653
2012.1986 37.26 -109.31 32.35065145776024 12.42388245735178
2012.2260 37.26 -109.31 28.38834816035884 12.81297768976713
2012.2534 37.26 -109.31 22.17161323901909 12.48794557782279
2012.2808 37.26 -109.31 8.65904428349457 11.62369847517342
2012.3082 37.26 -109.31 15.19344575925075 12.93001949464201
2012.3904 37.26 -109.31 -40.51394307031867 13.49305452688651
2012.4178 37.26 -109.31 -23.41270006457268 10.49735721695536
2012.4452 37.26 -109.31 -30.54756310170803 10.32222953722645
2012.4726 37.26 -109.31 -38.51137282390746 11.29638345091283
2012.5000 37.26 -109.31 -25.84517844766948 10.62084895582844
2012.5274 37.26 -109.31 -22.71673762351677 11.35472322898658
2012.5548 37.26 -109.31 -28.11094811983763 11.34609821374578
2012.5822 37.26 -109.31 -10.02770670712746 12.22572733460020
2012.6096 37.26 -109.31 -15.39000548802123 12.13769167119573
2012.6370 37.26 -109.31 -4.77183027040702 11.09435954434463
2012.6644 37.26 -109.31 -9.96952068349040 12.30056549082998
2012.6918 37.26 -109.31 -5.95797098182591 12.73404066484263
2012.7192 37.26 -109.31 -4.86485458142761 15.71209206602211
2012.7466 37.26 -109.31 4.80931673997177 10.26224260549752
2012.8562 37.26 -109.31 -48.92456144709688 16.14522168967792
2012.8836 37.26 -109.31 -43.65261398855957 15.27875650164982
2012.9110 37.26 -109.31 -36.69185591727778 14.41769438893074
2012.9384 37.26 -109.31 -47.54879247798480 13.48011075274405
2012.9658 37.26 -109.31 -54.73799684691668 15.74071794530664
2012.9918 37.26 -109.31 -30.16738573250451 7.26410990396328
2013.0178 37.26 -109.31 -20.70639545533915 8.81701738195828
2013.0452 37.26 -109.31 -23.57748857266658 8.72124186194284
2013.0726 37.26 -109.31 -35.88122372055400 7.94409591300656
2013.1000 37.26 -109.31 -30.71721437950985 8.17637902351293
2013.1274 37.26 -109.31 -34.48253194629685 7.45387399249567
2013.1548 37.26 -109.31 -12.11767608500393 6.68989385182728
2013.2644 37.26 -109.31 -3.03378957360284 7.42638203985181
2013.2918 37.26 -109.31 -2.63390784478794 7.72973080750518
2013.3192 37.26 -109.31 -17.42474373026078 8.70819854585224
2013.3466 37.26 -109.31 -13.87415007554608 8.98680844450832
2013.3740 37.26 -109.31 -5.69008869952562 7.52983168900733
2013.4014 37.26 -109.31 -28.95516228578926 7.81499081568057
2013.4288 37.26 -109.31 -9.82709575221338 6.68895754814710
2013.4562 37.26 -109.31 -6.44625726782531 6.79834744285743
2013.4836 37.26 -109.31 -9.53956568029997 7.04440449462267
2013.5110 37.26 -109.31 3.25242721220573 8.12851177967610
2013.5384 37.26 -109.31 -18.59128780382003 7.73232023524634
2013.5658 37.26 -109.31 -38.89898422483151 8.27524857443588
2013.7575 37.26 -109.31 -34.48538884031879 7.63470182145392
2013.7849 37.26 -109.31 -33.04435881796883 8.05405241220856
2013.8123 37.26 -109.31 -50.87896779161655 7.30643560836127
2013.8397 37.26 -109.31 -38.51432716515055 7.43846396804459
2013.8671 37.26 -109.31 -27.83053328303285 7.90968798159764
2013.8945 37.26 -109.31 -58.07665117536263 7.39760422275404
2013.9219 37.26 -109.31 -16.10220601974739 6.40131804607184
2013.9493 37.26 -109.31 -7.58965960353073 6.96579419843402
2013.9767 37.26 -109.31 -9.51795071420841 6.92258570809461
2014.0041 37.26 -109.31 2.44313653345463 6.71380383424444
2014.0315 37.26 -109.31 6.67385722560786 7.10013060515228
2014.1685 37.26 -109.31 4.07874738225007 7.40827136085596
2014.1959 37.26 -109.31 18.31333802825167 7.87476513534010
2014.2233 37.26 -109.31 -13.61899339201455 7.36756504301731
2014.2507 37.26 -109.31 -17.62367677332862 6.65439992420290
2014.2781 37.26 -109.31 3.59533106813023 7.12164020521959
2014.3055 37.26 -109.31 -21.98644472600472 6.77695201821699
2014.3329 37.26 -109.31 -13.68977769591196 5.32542028637603
2014.3603 37.26 -109.31 -25.96850458124464 6.26680040985910
2014.3877 37.26 -109.31 -5.84010286360975 6.28233087878528
2014.4151 37.26 -109.31 -12.35713466285097 6.18900654398345
2014.4425 37.26 -109.31 -14.66629631050061 6.64204615457440
2014.4699 37.26 -109.31 -16.83527695756765 6.50364120541200
2014.5795 37.26 -109.31 -5.26269497007090 5.16521908435959
2014.6068 37.26 -109.31 -28.88031311152989 5.67442491160848
2014.6342 37.26 -109.31 -18.47194264649712 4.99172813005169
2014.6616 37.26 -109.31 -11.68367948481456 5.79246967096818
2014.6890 37.26 -109.31 -31.01020267649742 5.63797411582569
2014.7164 37.26 -109.31 -9.75199997928166 5.49863168976048
2014.7438 37.26 -109.31 0.56880310478088 6.11740661031584
2014.7712 37.26 -109.31 -26.44427839503578 6.04060828338875
2014.7986 37.26 -109.31 -26.59875482213402 5.17908468643301
2014.8260 37.26 -109.31 -42.81945707699243 5.12713695510989
2014.8534 37.26 -109.31 -43.78300694631904 5.48424349576422
2014.8808 37.26 -109.31 -36.56364162781643 5.50310005022272
2014.9082 37.26 -109.31 -29.19720368991531 5.63801450529110
2015.0452 37.26 -109.31 -50.89159738591062 3.88988198080113
2015.0726 37.26 -109.31 14.12136883835806 4.41245893044000
2015.1000 37.26 -109.31 7.23039853778846 3.77317580229502
2015.1274 37.26 -109.31 -12.45258099084107 3.47123779413781
2015.1548 37.26 -109.31 11.15870089155855 4.23911793500800
2015.1822 37.26 -109.31 -14.48481095400134 3.88778539220090
2015.2096 37.26 -109.31 -2.25317869457337 5.70285791930597
2015.2370 37.26 -109.31 -9.30303269685803 6.28490913708090
2015.2644 37.26 -109.31 26.60250616532672 5.40674264451483
2015.2918 37.26 -109.31 -49.78837436303830 5.30962115079265
2015.3192 37.26 -109.31 -11.01955635466573 5.09620891996655
2015.3466 37.26 -109.31 -18.68749546568028 5.61093526761635
2015.4836 37.26 -109.31 -55.87527353018642 4.58620615129824
2015.5110 37.26 -109.31 -11.08285876660648 4.53897945441168
2015.5384 37.26 -109.31 7.56136338568160 5.17826462949118
2015.5658 37.26 -109.31 -23.67339210386804 5.53838416621674
2015.5932 37.26 -109.31 -24.43243988080132 5.87115293298147
2015.6205 37.26 -109.31 -9.10256028238615 5.52593497068400
2015.6479 37.26 -109.31 -4.10648773304129 5.40271804334306
2015.6753 37.26 -109.31 -24.93061831328289 5.04171936702617
2015.7027 37.26 -109.31 -21.01286881873250 5.75448107236158
2015.7301 37.26 -109.31 -28.22733636077426 5.63425113580088
2015.9493 37.26 -109.31 0.28828744128348 5.36480125309182
2015.9767 37.26 -109.31 -36.35744616345963 5.94083814606578
2016.0041 37.26 -109.31 -27.01359873831480 5.23154499892390
2016.0315 37.26 -109.31 -0.37684113005231 4.95916192278251
2016.0589 37.26 -109.31 -13.43479061907836 5.06747524194540
2016.0863 37.26 -109.31 10.08112631618574 4.41636963385019
2016.1137 37.26 -109.31 11.40260181168119 5.18562256232950
2016.1411 37.26 -109.31 6.91805041823923 6.42913927034030
2016.1685 37.26 -109.31 1.44344656975893 7.13378872181223
2016.1959 37.26 -109.31 15.99489326754879 7.04245868057772
2016.2233 37.26 -109.31 -17.19262099592902 7.20622694883319
2016.2507 37.26 -109.31 -7.87218200422307 5.34540770100525
2016.3603 37.26 -109.31 -7.86884227937133 5.02644386326599
2016.3877 37.26 -109.31 -12.83003981024941 6.20895814902996
2016.4151 37.26 -109.31 -20.08664249538570 6.00285115146003
2016.4425 37.26 -109.31 -33.48196863657952 6.62158796784737
2016.4699 37.26 -109.31 -30.55463047289815 6.47099971339131
