2002.5877 48.10 1.12 -16.05289334532049 10.47786664232698
2002.6151 48.10 1.12 -2.65211834389596 10.20209093444724
2002.6425 48.10 1.12 -5.39628935357035 10.42781178481518
2002.6699 48.10 1.12 7.15053966086828 8.70204176006129
2002.6973 48.10 1.12 -1.76423092099616 14.31112455342489
2002.7247 48.10 1.12 15.36842133912681 9.95942613533017
2002.7521 48.10 1.12 -3.62155455839153 9.07554558187009
2002.7795 48.10 1.12 5.41908479147854 10.33641708185450
2002.8068 48.10 1.12 6.55832601595483 9.45361399403609
2002.8342 48.10 1.12 -11.57849392767870 9.25078151730371
2002.8616 48.10 1.12 13.36901846068876 8.94211422045447
2002.8890 48.10 1.12 18.96374432436653 9.42796361497666
2002.9164 48.10 1.12 52.36027625727584 9.74315674844968
2003.0260 48.10 1.12 50.20299323516904 10.84894058281219
2003.0534 48.10 1.12 39.99841062702422 19.11222595131537
2003.0808 48.10 1.12 58.69615690691624 15.76123751874076
2003.1082 48.10 1.12 50.23034089091644 8.72315968164866
2003.1356 48.10 1.12 56.67459649024572 8.03898740623874
2003.1630 48.10 1.12 55.48992214519551 8.74379265055517
2003.1904 48.10 1.12 64.93518934366925 10.24538553093547
2003.2178 48.10 1.12 37.83073735609005 8.61037063737015
2003.2452 48.10 1.12 26.75023753396567 8.54702357236371
2003.2726 48.10 1.12 0.29934816642665 8.31473026886305
2003.3000 48.10 1.12 3.35593061074684 8.15178273872593
2003.3274 48.10 1.12 18.63423238422380 10.93502946329588
2003.3548 48.10 1.12 16.83765702469525 12.42294810741213
2003.3822 48.10 1.12 -3.98748677737623 10.66734664634007
2003.5192 48.10 1.12 15.14174741625115 12.13337772088205
2003.5466 48.10 1.12 10.45225073911653 13.83723808625977
2003.5740 48.10 1.12 23.83948606235527 16.56933663871857
2003.6014 48.10 1.12 18.60100557415435 13.89285758685576
2003.6288 48.10 1.12 6.80212138499371 12.78589119346366
2003.6562 48.10 1.12 -6.21700622351394 14.00819938607383
2003.6836 48.10 1.12 8.24001375326385 14.02181293251504
2003.7110 48.10 1.12 -13.10934447718414 10.37633612438523
2003.7384 48.10 1.12 -15.91340967415385 13.14049090940125
2003.7658 48.10 1.12 -2.54318395879442 11.95814156979522
2003.7932 48.10 1.12 -14.89430539729708 13.60671609926780
2003.8205 48.10 1.12 -48.89622976585373 14.49182299860640
2003.8479 48.10 1.12 -10.59538806668303 12.32686197928444
2003.8753 48.10 1.12 -23.60567007646826 13.47703100052371
2003.9027 48.10 1.12 -24.58962491666165 11.88801258007220
2003.9301 48.10 1.12 -16.51762197335701 12.65708721549752
2003.9575 48.10 1.12 2.09294674382973 14.65399848014950
2003.9849 48.10 1.12 -4.49778137961826 13.71273819234135
2004.0123 48.10 1.12 3.75650009514680 14.73532563739220
2004.0397 48.10 1.12 27.85847144841797 11.45755319212709
2004.0945 48.10 1.12 41.19697520254817 10.65461172288237
2004.1219 48.10 1.12 17.81103308999924 12.14973282144615
2004.1493 48.10 1.12 -3.62637588776390 14.47046323988135
2004.1767 48.10 1.12 -2.69806950403727 15.85707360555935
2004.2041 48.10 1.12 27.28376910532293 12.50593326147040
2004.2315 48.10 1.12 23.64224712927306 12.70671079065331
2004.2589 48.10 1.12 12.59186573341424 13.08954813732920
2004.2863 48.10 1.12 41.60940184094154 13.17519377329755
2004.3137 48.10 1.12 39.04784334853906 12.45733308538688
2004.3411 48.10 1.12 8.14845528469511 13.80530424825481
2004.3685 48.10 1.12 -4.70847652874240 13.06726356996145
2004.3959 48.10 1.12 -5.92238367384852 11.28733755191364
2004.4233 48.10 1.12 -0.53813164556981 10.81039168435956
2004.4507 48.10 1.12 1.52713563544456 9.66413270191284
2004.4781 48.10 1.12 -5.28895310032703 10.74245947432838
2004.5055 48.10 1.12 -0.29215490824685 10.42498146449283
2004.5329 48.10 1.12 6.20291297824893 9.75557067869942
2004.5603 48.10 1.12 -14.24804253191516 10.12291714531112
2004.5877 48.10 1.12 -14.25654055954702 10.17265235995483
2004.6151 48.10 1.12 -17.65600129982214 11.26132409357473
2004.6425 48.10 1.12 -5.40228089662360 9.39992791756432
2004.6699 48.10 1.12 -6.46780219678303 9.38405986490051
2004.6973 48.10 1.12 -8.62411992126390 8.71928359825736
2004.7247 48.10 1.12 -4.40641237790301 10.18504698162791
2004.7521 48.10 1.12 -4.27384391886513 9.66573205509150
2004.7795 48.10 1.12 -9.61333011977436 9.49193023108561
2004.8068 48.10 1.12 -17.58463479974090 10.70109522841112
2004.8342 48.10 1.12 0.43840465689308 10.58131668773365
2004.8616 48.10 1.12 -6.52140304016503 9.12397462925277
2004.8890 48.10 1.12 -1.65769326827503 9.15486879391428
2004.9164 48.10 1.12 6.66653139475728 10.14267181268251
2004.9438 48.10 1.12 -10.57855469060575 10.97389049957231
2004.9712 48.10 1.12 6.01297532488239 10.27256658360385
2004.9973 48.10 1.12 5.97603594436549 9.75832269586390
2005.0233 48.10 1.12 25.38477305344163 11.69245181504019
2005.0507 48.10 1.12 49.18378431680735 18.13576660508427
2005.0781 48.10 1.12 -10.61156124148571 13.31197109496621
2005.1055 48.10 1.12 -28.45611303226173 13.16250059628168
2005.1329 48.10 1.12 -8.53469968840953 13.49152990179995
2005.1603 48.10 1.12 21.25310362221986 11.78555441146614
2005.1877 48.10 1.12 11.25019617632770 11.70561530012077
2005.2151 48.10 1.12 -9.28433795052606 10.81116667762833
2005.2425 48.10 1.12 5.89931518234796 10.56602190691149
2005.2699 48.10 1.12 3.26193240925452 11.39396189990840
2005.2973 48.10 1.12 9.13123587582931 12.11725826773200
2005.3247 48.10 1.12 8.21616575299277 12.80019559946635
2005.3521 48.10 1.12 -17.74491458442978 4.51393955643298
2005.3795 48.10 1.12 20.21981883117055 11.87842146953498
2005.4068 48.10 1.12 -3.53951156610680 10.70894482644129
2005.4342 48.10 1.12 -9.27698400959779 12.27275003222507
2005.4616 48.10 1.12 -27.63518773431456 11.24318775503518
2005.4890 48.10 1.12 -37.51291625318063 10.64015655691921
2005.5164 48.10 1.12 -25.53019893223368 10.56612220680279
2005.5438 48.10 1.12 -16.75008082203050 11.67006017974224
2005.5712 48.10 1.12 -6.26355348298711 12.85356053029129
2005.5986 48.10 1.12 -13.20238656919881 13.14563505781792
2005.6260 48.10 1.12 -19.49700946941714 11.46466744384183
2005.6534 48.10 1.12 -30.41764510891095 12.24911929237131
2005.6808 48.10 1.12 -16.95454029751300 11.95015616151874
2005.7082 48.10 1.12 -33.22419187652844 14.88982678689310
2005.7356 48.10 1.12 -19.52413078441759 12.91047410511267
2005.7630 48.10 1.12 -24.72104609453022 12.92796747076599
2005.7904 48.10 1.12 -33.61355692850877 11.93846456623748
2005.8178 48.10 1.12 -6.23668928865780 12.36064044779293
2005.8452 48.10 1.12 -5.11090680646216 13.21952903577107
2005.8726 48.10 1.12 4.35881635536075 11.36257034465606
2005.9000 48.10 1.12 -23.72887727021665 10.98921022348084
2005.9274 48.10 1.12 -16.27662028863861 10.92400357545124
2005.9548 48.10 1.12 -45.51969809926408 9.19947399301310
2005.9822 48.10 1.12 -25.33914557209367 10.10039710328470
2006.0096 48.10 1.12 -28.49343151616722 11.56547964350186
2006.0370 48.10 1.12 -18.87297236005147 14.94191774854974
2006.0644 48.10 1.12 8.74581410541943 15.09336852495871
2006.0918 48.10 1.12 0.65886487698424 15.19881184168192
2006.1192 48.10 1.12 -9.14058181027257 17.73957453022740
2006.1466 48.10 1.12 10.04601641668227 13.51672415032438
2006.1740 48.10 1.12 14.48802975501104 15.75185396812715
2006.2014 48.10 1.12 27.09683404383382 11.69658920832659
2006.2288 48.10 1.12 52.18862942596694 15.82195342849071
2006.2562 48.10 1.12 -9.62798890638248 14.95645642513107
2006.2836 48.10 1.12 2.35954186029707 14.48763491998282
2006.3110 48.10 1.12 8.16481108994953 15.56294309756478
2006.3384 48.10 1.12 -13.92189247878230 14.02647390261858
2006.3658 48.10 1.12 -43.21949682389452 15.66338798233877
2006.3932 48.10 1.12 -14.51170781781405 15.31909136061413
2006.4205 48.10 1.12 -17.38130380837076 15.27003875995916
2006.4479 48.10 1.12 -10.41192805365978 16.32166098565023
2006.4753 48.10 1.12 -25.94819676052297 16.93880467955607
2006.5027 48.10 1.12 -36.92244767060468 17.70342918800091
2006.5301 48.10 1.12 -15.59134033094564 21.52686575877734
2006.5575 48.10 1.12 -21.87983504352731 16.76579737510719
2006.5849 48.10 1.12 -35.09384006505331 17.29444161197904
2006.6123 48.10 1.12 -10.19790373050293 22.27263062750840
2006.6397 48.10 1.12 -5.40154633211231 18.45807990770199
2006.6671 48.10 1.12 -24.32158444987834 16.41778819492108
2006.6945 48.10 1.12 -20.26661913512542 21.60676850519060
2006.7219 48.10 1.12 -13.13695404967751 19.57761679650699
2006.7493 48.10 1.12 -35.56588318117561 23.93658851588821
2006.7767 48.10 1.12 -15.81426203656751 20.80511477054419
2006.8041 48.10 1.12 -15.24145314823087 16.33018969536299
2006.8315 48.10 1.12 -24.93193623632382 19.45212898626553
2006.8589 48.10 1.12 -24.26380388014941 18.75456913032528
2006.8863 48.10 1.12 -26.60800421680078 17.76764614742170
2006.9137 48.10 1.12 -14.92044307805381 17.04255417159874
2006.9411 48.10 1.12 -5.72928841219712 16.66404864204521
2006.9685 48.10 1.12 -18.60424240575602 16.29910415809946
2006.9959 48.10 1.12 0.70617372708337 15.85193175841204
2007.0233 48.10 1.12 23.12346421188916 14.41696613568761
2007.0507 48.10 1.12 8.62432456408591 15.32857381215702
2007.0781 48.10 1.12 -4.15816265225818 16.28098384760195
2007.1055 48.10 1.12 13.06629481773154 14.30508813177962
2007.1329 48.10 1.12 8.88261770192082 15.80214978803214
2007.1603 48.10 1.12 21.62590395572672 15.02843640974027
2007.1877 48.10 1.12 45.23438078616837 20.46449384703457
2007.2151 48.10 1.12 11.62532363738418 18.06295785221341
2007.2425 48.10 1.12 35.81123616004169 17.27573342961119
2007.2699 48.10 1.12 0.15650981710534 12.99678761133867
2007.2973 48.10 1.12 -1.59425214265785 12.17709523607449
2007.3247 48.10 1.12 -5.51433440823002 15.59076133299217
2007.3521 48.10 1.12 -0.01858894073198 17.32913867561388
2007.3795 48.10 1.12 -3.21632146134824 18.37422457085589
2007.4068 48.10 1.12 -8.08389309146751 14.79084105728711
2007.4342 48.10 1.12 -11.41337630072903 13.98480817422343
2007.4616 48.10 1.12 -1.60915439186388 19.39041046025580
2007.4890 48.10 1.12 25.92514916230786 14.02765129501618
2007.5164 48.10 1.12 37.05826357633570 15.06412640987686
2007.5438 48.10 1.12 35.36002412289874 14.46315825369223
2007.5712 48.10 1.12 -4.68244867380309 14.87379497234157
2007.5986 48.10 1.12 28.43874302053727 18.69936328068681
2007.6260 48.10 1.12 25.07875958752733 14.75908508466434
2007.6534 48.10 1.12 14.68463511371158 15.07513483508178
2007.6808 48.10 1.12 17.89329363545147 15.76364662547354
2007.7082 48.10 1.12 -21.19663446897341 10.88427784423167
2007.7356 48.10 1.12 -19.08040440829315 16.19859710451609
2007.7630 48.10 1.12 -18.53336070173988 11.66474417376444
2007.7904 48.10 1.12 -28.45383806139094 16.12012217843590
2007.8178 48.10 1.12 -39.48679339983314 18.97958360106895
2007.8452 48.10 1.12 -17.03860587664268 14.77547392619106
2007.8726 48.10 1.12 -14.92550756106142 17.48175727856119
2007.9000 48.10 1.12 -2.88733207637252 18.48050383998889
2007.9274 48.10 1.12 6.74910840557700 18.28056105265080
2007.9548 48.10 1.12 -8.43052287432142 13.36581254702239
2007.9822 48.10 1.12 -14.02580984640793 16.86698586420776
2008.0096 48.10 1.12 9.40192205455218 14.68233759595683
2008.0370 48.10 1.12 19.72479837709117 15.33596298450697
2008.0644 48.10 1.12 15.93659080434770 18.06511211941956
2008.0918 48.10 1.12 -0.74499490955910 13.70796691005397
2008.1192 48.10 1.12 -14.08368379461319 16.68629733786940
2008.1466 48.10 1.12 -33.85493494810964 19.72004537643115
2008.1740 48.10 1.12 -9.03248453555459 17.01735857223577
2008.2014 48.10 1.12 13.75832796225728 18.72298713305456
2008.2288 48.10 1.12 -2.70653819621866 20.80772973795479
2008.2562 48.10 1.12 30.81585481611720 19.72273004080691
2008.2836 48.10 1.12 34.03062490726577 23.77804267724737
2008.3110 48.10 1.12 10.82014218445818 24.85965718603446
2008.3384 48.10 1.12 25.37506902388191 18.25113617187809
2008.3658 48.10 1.12 8.61640578810164 18.46335088354763
2008.3932 48.10 1.12 0.83053144613240 16.41401589359612
2008.4205 48.10 1.12 35.56538590720626 14.35759634955579
2008.4479 48.10 1.12 2.62211768031070 14.83737402911332
2008.4753 48.10 1.12 28.55382218831304 14.24460693140827
2008.5027 48.10 1.12 22.86318575743247 17.63406433565005
2008.5301 48.10 1.12 14.30600215848322 21.80982321649728
2008.5575 48.10 1.12 -13.40903496218365 13.76387622980067
2008.5849 48.10 1.12 -6.92596102477529 16.34347888489190
2008.6123 48.10 1.12 -7.36813533602400 13.05463681518270
2008.6397 48.10 1.12 -6.77766841962858 14.56472543683356
2008.6671 48.10 1.12 -12.53047326788222 13.83842299902882
2008.6945 48.10 1.12 -4.60779725930890 13.31878345555907
2008.7219 48.10 1.12 -17.68935926351041 15.79766403670226
2008.7493 48.10 1.12 -14.16960656816597 14.13223602538621
2008.7767 48.10 1.12 -4.78107819237317 16.96463155989219
2008.8041 48.10 1.12 5.46860195413113 17.11799368861375
2008.8315 48.10 1.12 9.26896665348393 19.19617276348426
2008.8589 48.10 1.12 -2.98685948180493 22.45125866743941
2008.8863 48.10 1.12 -21.61288895237053 21.53349821643932
2008.9137 48.10 1.12 18.69510141430871 20.58591264376601
2008.9411 48.10 1.12 -7.10164062595833 21.23100707807635
2008.9685 48.10 1.12 -3.45033469053078 19.81320717612872
2008.9945 48.10 1.12 -26.57946964430974 16.79140056111800
2009.0205 48.10 1.12 2.52261106942279 16.67043002740841
2009.0479 48.10 1.12 -1.38659980295925 16.67359044239214
2009.0753 48.10 1.12 -0.72966063306941 15.72309408323850
2009.1027 48.10 1.12 18.07742710869489 19.98382342361867
2009.1301 48.10 1.12 -15.63596517024094 15.57516480624481
2009.1575 48.10 1.12 -16.99975123355211 15.73175708297876
2009.1849 48.10 1.12 -1.32870853536435 18.79146513631747
2009.2123 48.10 1.12 -6.48561076929285 15.44182129983891
2009.2397 48.10 1.12 7.69344972566548 18.01444900810046
2009.2671 48.10 1.12 -0.56637457866174 14.89797139111992
2009.2945 48.10 1.12 -9.79191486403796 15.35092921968743
2009.3219 48.10 1.12 -0.21034612163259 15.98032110613226
2009.3493 48.10 1.12 15.47504243263583 14.53131777817921
2009.3767 48.10 1.12 -22.87858234293134 15.31149843377811
2009.4041 48.10 1.12 -11.70361455751564 13.19946564961661
2009.4315 48.10 1.12 -11.37272904450418 15.60697311188049
2009.4589 48.10 1.12 -8.79334214372999 12.78852174961308
2009.4863 48.10 1.12 -36.24210049556869 14.23589484700299
2009.5137 48.10 1.12 -35.97578759323073 13.34953675990151
2009.5411 48.10 1.12 -28.68810636143829 16.73386821241166
2009.5685 48.10 1.12 -20.25015024706727 17.96738205435240
2009.5959 48.10 1.12 -18.40160388393005 15.57167923351248
2009.6233 48.10 1.12 -21.03332757961224 16.52668465188960
2009.6507 48.10 1.12 3.27692609337307 15.94912836407237
2009.6781 48.10 1.12 -19.50292292835397 17.27776933097036
2009.7055 48.10 1.12 -39.26034430786454 18.15362642979063
2009.7329 48.10 1.12 -29.06491934211950 17.31950408613661
2009.7603 48.10 1.12 -35.03987892947497 19.82641862124822
2009.7877 48.10 1.12 -8.66657076265903 18.23670046411854
2009.8151 48.10 1.12 -31.60970569992331 19.80635718983154
2009.8425 48.10 1.12 -21.82910998629567 17.82566061341537
2009.8699 48.10 1.12 -23.65669297760531 16.93850906115361
2009.8973 48.10 1.12 -9.05803898150735 15.74791881621672
2009.9247 48.10 1.12 -36.17752683326795 15.27680637832666
2009.9521 48.10 1.12 -14.96534550387296 14.47507843175840
2009.9795 48.10 1.12 -42.32592500847612 14.89894360939675
2010.0068 48.10 1.12 -23.09889405053188 19.44099157157214
2010.0342 48.10 1.12 -20.67087981514944 14.70816187074062
2010.0616 48.10 1.12 -6.99952534361665 15.20282529657305
2010.0890 48.10 1.12 2.59742336944044 18.67937821101660
2010.1164 48.10 1.12 0.60463086905910 19.32298330263142
2010.1438 48.10 1.12 14.02442117990621 18.27759411990417
2010.1712 48.10 1.12 7.54642105250282 17.42717441376763
2010.1986 48.10 1.12 6.59655697308895 16.68080321045385
2010.2260 48.10 1.12 -8.03108263790286 18.33494806356169
2010.2534 48.10 1.12 -7.48993115136547 18.83133589012527
2010.2808 48.10 1.12 19.38146420295998 14.15046154543547
2010.3082 48.10 1.12 -11.16350237291730 14.98426855557479
2010.3356 48.10 1.12 -33.87913065276503 13.23726974311282
2010.3630 48.10 1.12 -6.37974316353190 14.21911090155316
2010.3904 48.10 1.12 -4.43669114729308 14.42133597242742
2010.4178 48.10 1.12 -5.23679437610375 15.23854531026969
2010.4452 48.10 1.12 -11.47340821905402 13.21477151464012
2010.4726 48.10 1.12 -1.65052693071686 11.72528259794454
2010.5000 48.10 1.12 -4.84530210981907 13.57863572583650
2010.5274 48.10 1.12 -20.19386780437177 22.70033045326223
2010.5548 48.10 1.12 -10.18199870227387 14.04827652715912
2010.5822 48.10 1.12 -6.04464848519660 12.55573142346607
2010.6096 48.10 1.12 -29.17741806133070 16.82680854545585
2010.6370 48.10 1.12 -12.38372045210571 14.77905688482001
2010.6644 48.10 1.12 -15.15177354963057 13.71072145840810
2010.6918 48.10 1.12 3.43710885376356 16.94109416281452
2010.7192 48.10 1.12 -30.91986932810308 15.70077375925199
2010.7466 48.10 1.12 -9.44375795355623 18.61866522690589
2010.7740 48.10 1.12 -31.11709702500233 14.49918612786719
2010.8014 48.10 1.12 -15.04511143851602 13.90391484333942
2010.8288 48.10 1.12 -50.09658241819579 16.16229967954641
2010.8562 48.10 1.12 -0.05291447273875 15.78901524324934
2010.8836 48.10 1.12 -11.89126054893497 14.36730676029975
2010.9110 48.10 1.12 8.37622178982926 16.00549365561969
2010.9384 48.10 1.12 -22.00288101099712 16.70874258394092
2010.9658 48.10 1.12 3.74245904126721 18.56734903409837
2010.9932 48.10 1.12 -5.66488624172109 13.62919716013191
2011.1027 48.10 1.12 -11.34305868042314 13.58614589386606
2011.1301 48.10 1.12 -5.85397129866551 22.07380646962211
2011.1575 48.10 1.12 -5.59807072640453 14.16473072609582
2011.1849 48.10 1.12 -18.26610055760509 10.82781797058368
2011.2123 48.10 1.12 -4.37357003597893 18.71761609664552
2011.2397 48.10 1.12 12.57148027650737 19.68297795887412
2011.2671 48.10 1.12 -32.14222402245824 15.53286771360989
2011.2945 48.10 1.12 -27.81567953055407 18.48348423815966
2011.3219 48.10 1.12 6.28890590263701 17.23330582607980
2011.3493 48.10 1.12 -20.14898909776420 15.18594651131596
2011.3767 48.10 1.12 -42.87581812138929 18.14169137080451
2011.4041 48.10 1.12 -42.94025933410880 15.62541260932745
2011.4315 48.10 1.12 -27.94823920536666 15.40092785948966
2011.5137 48.10 1.12 -18.87707178558545 14.04747833403979
2011.5411 48.10 1.12 -13.28407283956759 15.23639581321585
2011.5685 48.10 1.12 -10.87637353216444 14.70701753500211
2011.5959 48.10 1.12 -28.78849264154061 15.95376903778803
2011.6233 48.10 1.12 -41.84871437723784 15.82416610883752
2011.6507 48.10 1.12 -13.95277744882470 19.33104145981236
2011.6781 48.10 1.12 -11.93940162109648 17.91530812071096
2011.7055 48.10 1.12 -4.82559035350756 18.00776203609921
2011.7329 48.10 1.12 13.75418414880899 21.15519632191263
2011.7603 48.10 1.12 -12.87661143606302 17.92921753861547
2011.7877 48.10 1.12 3.90026898627519 19.20941215941070
2011.8151 48.10 1.12 -18.24319566989988 18.75425541076769
2011.8425 48.10 1.12 -2.79167526160381 20.60749086208485
2011.8699 48.10 1.12 -0.08697844171405 19.04092002986665
2011.9521 48.10 1.12 -7.34602717618433 11.83514774641919
2011.9795 48.10 1.12 -19.43703329722767 16.15883678126870
2012.0068 48.10 1.12 -5.51377823660902 14.87018822521248
2012.0342 48.10 1.12 -13.15294338847324 18.01677594465376
2012.0616 48.10 1.12 7.18365808811448 15.55705069708527
2012.0890 48.10 1.12 -8.72342542185341 15.28864500274997
2012.1164 48.10 1.12 -20.80479332266605 14.86094170149047
2012.1438 48.10 1.12 -10.66494436303048 15.39785522277770
2012.1712 48.10 1.12 23.49829950877287 14.48894903509520
2012.1986 48.10 1.12 -12.14074562864156 12.98557997010762
2012.2260 48.10 1.12 -13.97738903594109 13.42793160144119
2012.2534 48.10 1.12 -24.38846451406485 13.02754387627807
2012.2808 48.10 1.12 -7.41926745807316 12.07522417178089
2012.3082 48.10 1.12 -16.35448302536112 14.05576612379925
2012.3904 48.10 1.12 24.64406710881685 14.32239033480606
2012.4178 48.10 1.12 -18.40338751279509 10.95141477010224
2012.4452 48.10 1.12 -28.99504944575993 10.77231010694327
2012.4726 48.10 1.12 -7.10694859525821 11.75170659009737
2012.5000 48.10 1.12 -3.26018802340032 11.08282937084163
2012.5274 48.10 1.12 -27.19952191403898 11.87521990192976
2012.5548 48.10 1.12 -22.58080258162836 11.87851595446032
2012.5822 48.10 1.12 -10.89402052233083 12.71773640841321
2012.6096 48.10 1.12 -15.66161825021667 12.69812514648634
2012.6370 48.10 1.12 -15.18872178823647 11.57879677280813
2012.6644 48.10 1.12 -0.07697872332621 12.83347819122029
2012.6918 48.10 1.12 -19.93388529432489 13.28956786576006
2012.7192 48.10 1.12 -10.47019194579133 16.41723018915615
2012.7466 48.10 1.12 -20.49430366656936 10.90587273041541
2012.8562 48.10 1.12 -7.53297886715480 16.86548658348698
2012.8836 48.10 1.12 6.56936748855617 15.94380878980196
2012.9110 48.10 1.12 13.77854654535067 15.04463389952774
2012.9384 48.10 1.12 14.37980585529909 14.19357102416870
2012.9658 48.10 1.12 32.86400281168071 16.40015166768401
2012.9918 48.10 1.12 35.36581750779373 7.60921301591419
2013.0178 48.10 1.12 47.10151240054851 9.21805667951041
2013.0452 48.10 1.12 38.27682282985972 9.12755324876994
2013.0726 48.10 1.12 30.00058746631641 8.31991982569041
2013.1000 48.10 1.12 2.58588910972915 8.56489031034169
2013.1274 48.10 1.12 18.69820287812298 7.83216904863146
2013.1548 48.10 1.12 20.15505360688609 7.06803333394658
2013.2644 48.10 1.12 9.53513232734372 8.30865035811810
2013.2918 48.10 1.12 -3.96810725633382 8.11439954266736
2013.3192 48.10 1.12 -4.06494502707247 9.11350118352950
2013.3466 48.10 1.12 1.16618363441081 9.39446510203608
2013.3740 48.10 1.12 -13.87916816519231 7.87458716820088
2013.4014 48.10 1.12 -6.61545157899177 8.17457822937443
2013.4288 48.10 1.12 10.73362177367194 7.01926958147424
2013.4562 48.10 1.12 -12.16265702837810 7.14504122371776
2013.4836 48.10 1.12 27.01994795858288 7.39019258974551
2013.5110 48.10 1.12 -3.08604830464045 8.51015482055360
2013.5384 48.10 1.12 -22.30617689517077 8.18505337365463
2013.5658 48.10 1.12 -14.88987125140116 8.67487590987438
2013.7575 48.10 1.12 19.43810172304681 8.10944380350391
2013.7849 48.10 1.12 -6.32542658684537 8.51840481928212
2013.8123 48.10 1.12 14.00672885118921 7.74439603258824
2013.8397 48.10 1.12 19.34622610416757 7.88553407930892
2013.8671 48.10 1.12 37.86453136532612 8.40484887512151
2013.8945 48.10 1.12 -13.41979652017748 7.86979276981188
2013.9219 48.10 1.12 -15.73468166587678 6.81670455225612
2013.9493 48.10 1.12 -5.23011382798768 7.42892490806739
2013.9767 48.10 1.12 3.57192448983454 7.38017999365215
2014.0041 48.10 1.12 -8.47636031148382 7.15583567126298
2014.0315 48.10 1.12 20.39534694440404 7.59368612218203
2014.1685 48.10 1.12 87.17387770782311 7.87326572595185
2014.1959 48.10 1.12 35.06052661340595 8.25672291139861
2014.2233 48.10 1.12 10.84093023610220 7.72900660235456
2014.2507 48.10 1.12 30.64078229853999 6.96922484466384
2014.2781 48.10 1.12 45.09397914893674 7.44457727086972
2014.3055 48.10 1.12 26.88723442904935 7.08264863139547
2014.3329 48.10 1.12 -7.08892184515696 5.58852679824298
2014.3603 48.10 1.12 28.31194167050780 6.55868587808460
2014.3877 48.10 1.12 30.37582904620467 6.57925782578122
2014.4151 48.10 1.12 -9.79852617668696 6.49965028227248
2014.4425 48.10 1.12 38.10546528414604 6.98017515199912
2014.4699 48.10 1.12 -47.72072706739804 6.85766472882042
2014.5795 48.10 1.12 -10.83917459730718 5.44316461666769
2014.6068 48.10 1.12 10.50016726241155 6.01644747613916
2014.6342 48.10 1.12 32.67308069022536 5.30312353390345
2014.6616 48.10 1.12 15.31432949035234 6.12921500694492
2014.6890 48.10 1.12 -0.29415761993562 5.96152357038894
2014.7164 48.10 1.12 -7.08548908529953 5.81376317709064
2014.7438 48.10 1.12 33.13981974428073 6.45752080952212
2014.7712 48.10 1.12 62.08463204663421 6.38366108397808
2014.7986 48.10 1.12 29.79137897265249 5.49247394485099
2014.8260 48.10 1.12 14.33701469221308 5.44642783191551
2014.8534 48.10 1.12 43.34652697255799 5.82587903361839
2014.8808 48.10 1.12 25.53215982785951 5.84244096409963
2014.9082 48.10 1.12 22.54885245083757 5.97757067374123
2015.0452 48.10 1.12 37.27651838840712 4.15033829410787
2015.0726 48.10 1.12 17.63221076884824 4.80730926102996
2015.1000 48.10 1.12 28.15767458539206 4.03361799873963
2015.1274 48.10 1.12 23.06459825923941 3.71376731668984
2015.1548 48.10 1.12 22.90548147177566 4.62229579222346
2015.1822 48.10 1.12 16.66600523477912 4.20777223749279
2015.2096 48.10 1.12 14.53962496306942 6.13150131531031
2015.2370 48.10 1.12 -7.74820965959524 6.64401628315937
2015.2644 48.10 1.12 14.41369212676175 5.68521281931690
2015.2918 48.10 1.12 -29.63693554487558 5.59118605697677
2015.3192 48.10 1.12 31.55754964839148 5.36781261225548
2015.3466 48.10 1.12 28.53616703827375 5.93428741452713
2015.4836 48.10 1.12 -12.13378990454036 4.93697409141988
2015.5110 48.10 1.12 17.87074896186437 4.86009445755207
2015.5384 48.10 1.12 6.76175229281760 5.56254340885450
2015.5658 48.10 1.12 -11.67465683709426 5.89814392053898
2015.5932 48.10 1.12 -4.92507477089389 6.24435060950815
2015.6205 48.10 1.12 6.42989277715777 5.88905554904119
2015.6479 48.10 1.12 -16.28513274107497 5.75528742529268
2015.6753 48.10 1.12 6.05050487355070 5.39132405857613
2015.7027 48.10 1.12 8.85387856685891 6.12444343829963
2015.7301 48.10 1.12 15.06837964741431 6.00857377117458
2015.9493 48.10 1.12 2.28450971632418 5.70698269279725
2015.9767 48.10 1.12 15.67099483816721 6.31514761990128
2016.0041 48.10 1.12 15.27180245986785 5.58007843810897
2016.0315 48.10 1.12 30.53752686154392 5.30667453505738
2016.0589 48.10 1.12 55.79029922712690 5.42592060358760
2016.0863 48.10 1.12 22.32746274703046 4.69681137991177
2016.1137 48.10 1.12 30.12923064528281 5.55751455755017
2016.1411 48.10 1.12 52.89651043931323 6.87517961502653
2016.1685 48.10 1.12 48.79522271425439 7.55683006965808
2016.1959 48.10 1.12 18.29078134631420 7.40231634890873
2016.2233 48.10 1.12 -4.38225508157248 7.52262680766847
2016.2507 48.10 1.12 58.61127988947536 5.68477222537247
2016.3603 48.10 1.12 17.14410415966124 5.33770457523010
2016.3877 48.10 1.12 45.56395061796064 6.58776833635360
2016.4151 48.10 1.12 19.28701666998726 6.38326081623164
2016.4425 48.10 1.12 28.53035388526257 7.02451284924466
2016.4699 48.10 1.12 46.24138437820076 6.86788444629631
