2002.5877 -39.58 -71.47 0.110 0.534 -0.203 0.114 0.097 0.518
2002.6151 -39.58 -71.47 0.528 -0.027 -3.529 0.109 0.094 0.496
2002.6425 -39.58 -71.47 0.211 0.537 -2.934 0.111 0.096 0.505
2002.6699 -39.58 -71.47 0.226 -0.061 -4.847 0.097 0.083 0.442
2002.6973 -39.58 -71.47 -0.294 0.164 -2.897 0.165 0.078 0.623
2002.7247 -39.58 -71.47 -0.002 0.468 -4.347 0.103 0.089 0.468
2002.7521 -39.58 -71.47 0.005 0.008 -2.794 0.096 0.083 0.437
2002.7795 -39.58 -71.47 -0.357 0.203 -2.013 0.111 0.097 0.508
2002.8068 -39.58 -71.47 -0.104 -0.049 -2.615 0.099 0.086 0.450
2002.8342 -39.58 -71.47 -0.005 0.131 -3.840 0.098 0.084 0.445
2002.8616 -39.58 -71.47 -0.221 0.012 -0.627 0.101 0.076 0.442
2002.8890 -39.58 -71.47 -0.338 0.354 -2.160 0.099 0.085 0.449
2002.9164 -39.58 -71.47 -0.090 0.277 -2.496 0.106 0.090 0.481
2003.0260 -39.58 -71.47 0.016 0.163 -0.592 0.120 0.102 0.546
2003.0534 -39.58 -71.47 0.099 -0.448 -0.746 0.194 0.167 0.868
2003.0808 -39.58 -71.47 0.121 0.138 1.869 0.174 0.143 0.776
2003.1082 -39.58 -71.47 0.266 0.288 4.103 0.102 0.084 0.464
2003.1356 -39.58 -71.47 0.515 0.455 2.815 0.095 0.078 0.433
2003.1630 -39.58 -71.47 -0.006 0.094 3.507 0.100 0.084 0.457
2003.1904 -39.58 -71.47 -0.050 0.170 3.230 0.118 0.096 0.531
2003.2178 -39.58 -71.47 0.250 -0.140 4.636 0.099 0.083 0.451
2003.2452 -39.58 -71.47 0.366 0.364 2.095 0.096 0.082 0.441
2003.2726 -39.58 -71.47 0.297 0.705 1.736 0.094 0.080 0.430
2003.3000 -39.58 -71.47 0.061 0.854 3.878 0.092 0.078 0.421
2003.3274 -39.58 -71.47 0.136 0.886 2.834 0.119 0.102 0.542
2003.3548 -39.58 -71.47 0.046 0.911 3.020 0.130 0.114 0.589
2003.3822 -39.58 -71.47 -0.092 1.090 1.179 0.120 0.099 0.540
2003.5192 -39.58 -71.47 0.174 0.256 0.071 0.124 0.109 0.561
2003.5466 -39.58 -71.47 0.015 0.506 -0.912 0.136 0.122 0.617
2003.5740 -39.58 -71.47 0.175 -0.199 -2.650 0.158 0.143 0.714
2003.6014 -39.58 -71.47 -0.095 0.026 -1.026 0.137 0.122 0.617
2003.6288 -39.58 -71.47 -0.069 0.060 0.600 0.130 0.115 0.588
2003.6562 -39.58 -71.47 0.010 -0.287 0.607 0.139 0.123 0.627
2003.6836 -39.58 -71.47 -0.203 -0.008 0.806 0.137 0.122 0.617
2003.7110 -39.58 -71.47 -0.219 0.081 0.376 0.108 0.094 0.490
2003.7384 -39.58 -71.47 -0.598 0.516 -0.321 0.130 0.115 0.587
2003.7658 -39.58 -71.47 -0.536 0.261 -1.511 0.120 0.105 0.541
2003.7932 -39.58 -71.47 -0.548 0.483 -3.337 0.134 0.118 0.600
2003.8205 -39.58 -71.47 -0.507 0.655 -0.828 0.145 0.124 0.643
2003.8479 -39.58 -71.47 -0.735 -0.214 -1.338 0.128 0.105 0.565
2003.8753 -39.58 -71.47 -0.494 -0.122 -1.036 0.134 0.116 0.597
2003.9027 -39.58 -71.47 -0.701 -0.224 1.546 0.123 0.104 0.547
2003.9301 -39.58 -71.47 -0.591 -0.052 -0.578 0.128 0.108 0.568
2003.9575 -39.58 -71.47 -0.724 -0.304 0.629 0.142 0.123 0.633
2003.9849 -39.58 -71.47 -0.703 -0.195 2.275 0.136 0.115 0.601
2004.0123 -39.58 -71.47 -0.608 -0.082 0.451 0.146 0.123 0.643
2004.0397 -39.58 -71.47 -0.346 -0.273 3.986 0.124 0.100 0.550
2004.0945 -39.58 -71.47 0.202 0.115 2.110 0.116 0.093 0.514
2004.1219 -39.58 -71.47 0.038 0.254 2.207 0.123 0.101 0.541
2004.1493 -39.58 -71.47 -0.116 0.396 4.671 0.145 0.119 0.631
2004.1767 -39.58 -71.47 -0.025 0.574 4.689 0.154 0.128 0.670
2004.2041 -39.58 -71.47 0.177 1.018 4.615 0.126 0.102 0.551
2004.2315 -39.58 -71.47 0.154 0.770 2.184 0.128 0.104 0.558
2004.2589 -39.58 -71.47 0.045 0.684 1.323 0.133 0.106 0.576
2004.2863 -39.58 -71.47 0.355 0.277 2.036 0.133 0.106 0.577
2004.3137 -39.58 -71.47 0.298 0.179 -1.776 0.127 0.101 0.549
2004.3411 -39.58 -71.47 0.444 0.209 -0.480 0.139 0.110 0.598
2004.3685 -39.58 -71.47 0.163 -0.132 -0.129 0.135 0.106 0.581
2004.3959 -39.58 -71.47 -0.048 -0.009 -0.177 0.118 0.093 0.515
2004.4233 -39.58 -71.47 -0.014 -0.206 -1.600 0.114 0.089 0.495
2004.4507 -39.58 -71.47 0.129 0.118 0.515 0.101 0.079 0.441
2004.4781 -39.58 -71.47 0.029 0.140 1.614 0.111 0.087 0.481
2004.5055 -39.58 -71.47 -0.156 0.260 -1.224 0.109 0.085 0.471
2004.5329 -39.58 -71.47 -0.025 -0.052 -1.074 0.103 0.080 0.448
2004.5603 -39.58 -71.47 -0.269 0.273 -1.115 0.106 0.082 0.458
2004.5877 -39.58 -71.47 -0.265 0.229 -3.221 0.107 0.083 0.464
2004.6151 -39.58 -71.47 -0.265 0.603 -2.477 0.118 0.091 0.509
2004.6425 -39.58 -71.47 -0.153 0.648 -2.277 0.100 0.079 0.440
2004.6699 -39.58 -71.47 -0.149 0.507 -1.987 0.101 0.079 0.441
2004.6973 -39.58 -71.47 -0.106 0.551 -4.540 0.095 0.074 0.417
2004.7247 -39.58 -71.47 -0.095 0.201 -4.635 0.108 0.084 0.471
2004.7521 -39.58 -71.47 -0.125 -0.072 -1.766 0.104 0.082 0.456
2004.7795 -39.58 -71.47 -0.348 0.072 -0.947 0.101 0.079 0.442
2004.8068 -39.58 -71.47 -0.283 0.137 -2.297 0.112 0.087 0.484
2004.8342 -39.58 -71.47 -0.376 0.199 -0.471 0.110 0.085 0.477
2004.8616 -39.58 -71.47 -0.577 0.556 0.607 0.098 0.077 0.429
2004.8890 -39.58 -71.47 -0.374 0.025 -0.612 0.098 0.077 0.428
2004.9164 -39.58 -71.47 -0.294 -0.049 -0.226 0.106 0.083 0.462
2004.9438 -39.58 -71.47 -0.409 0.005 -0.631 0.118 0.093 0.516
2004.9712 -39.58 -71.47 -0.649 0.424 0.925 0.106 0.083 0.461
2004.9973 -39.58 -71.47 -0.645 0.138 3.230 0.103 0.081 0.451
2005.0233 -39.58 -71.47 -0.350 0.361 2.288 0.118 0.094 0.513
2005.0507 -39.58 -71.47 -0.195 -0.021 2.985 0.171 0.141 0.739
2005.0781 -39.58 -71.47 -0.203 0.236 3.067 0.131 0.106 0.569
2005.1055 -39.58 -71.47 -0.118 0.378 3.720 0.130 0.106 0.567
2005.1329 -39.58 -71.47 -0.027 0.414 4.086 0.133 0.109 0.581
2005.1603 -39.58 -71.47 0.118 0.694 3.292 0.120 0.097 0.524
2005.1877 -39.58 -71.47 0.002 0.582 4.572 0.121 0.096 0.527
2005.2151 -39.58 -71.47 0.229 0.591 5.052 0.115 0.091 0.501
2005.2425 -39.58 -71.47 0.272 0.327 2.707 0.110 0.089 0.484
2005.2699 -39.58 -71.47 -0.039 0.559 3.719 0.117 0.095 0.515
2005.2973 -39.58 -71.47 0.011 0.691 4.740 0.124 0.101 0.542
2005.3247 -39.58 -71.47 0.219 0.434 3.797 0.130 0.106 0.571
2005.3521 -39.58 -71.47 -0.098 0.707 4.198 0.058 0.048 0.276
2005.3795 -39.58 -71.47 -0.066 0.378 2.571 0.122 0.100 0.538
2005.4068 -39.58 -71.47 0.133 0.200 -0.924 0.113 0.092 0.497
2005.4342 -39.58 -71.47 -0.229 0.188 0.705 0.129 0.106 0.569
2005.4616 -39.58 -71.47 -0.038 -0.181 -1.685 0.117 0.096 0.517
2005.4890 -39.58 -71.47 -0.155 -0.041 -1.812 0.111 0.091 0.491
2005.5164 -39.58 -71.47 0.039 0.121 -2.630 0.111 0.091 0.491
2005.5438 -39.58 -71.47 -0.165 0.139 -1.595 0.120 0.100 0.530
2005.5712 -39.58 -71.47 -0.020 0.159 -2.352 0.130 0.109 0.575
2005.5986 -39.58 -71.47 0.082 0.333 -4.517 0.133 0.112 0.587
2005.6260 -39.58 -71.47 -0.078 0.069 -4.736 0.118 0.099 0.523
2005.6534 -39.58 -71.47 0.088 -0.198 -5.012 0.124 0.104 0.549
2005.6808 -39.58 -71.47 0.001 -0.064 -5.496 0.122 0.103 0.541
2005.7082 -39.58 -71.47 0.018 -0.200 -4.429 0.146 0.126 0.648
2005.7356 -39.58 -71.47 -0.154 -0.068 -3.631 0.129 0.110 0.573
2005.7630 -39.58 -71.47 -0.234 0.031 -1.361 0.129 0.111 0.576
2005.7904 -39.58 -71.47 -0.512 -0.141 -2.708 0.121 0.104 0.542
2005.8178 -39.58 -71.47 -0.059 -0.038 -1.154 0.124 0.107 0.556
2005.8452 -39.58 -71.47 -0.070 -0.336 0.096 0.133 0.115 0.596
2005.8726 -39.58 -71.47 -0.266 0.068 -0.176 0.116 0.099 0.519
2005.9000 -39.58 -71.47 -0.316 0.252 -1.257 0.113 0.097 0.508
2005.9274 -39.58 -71.47 0.007 0.223 -1.379 0.120 0.096 0.529
2005.9548 -39.58 -71.47 -0.166 -0.082 -1.609 0.117 0.096 0.544
2005.9822 -39.58 -71.47 0.118 -0.120 -1.653 0.113 0.093 0.507
2006.0096 -39.58 -71.47 -0.213 0.005 -0.377 0.122 0.103 0.544
2006.0370 -39.58 -71.47 -0.178 0.213 -2.462 0.152 0.130 0.678
2006.0644 -39.58 -71.47 -0.192 0.268 -0.841 0.154 0.133 0.690
2006.0918 -39.58 -71.47 -0.281 0.069 1.313 0.153 0.133 0.685
2006.1192 -39.58 -71.47 -0.011 -0.109 2.464 0.172 0.152 0.770
2006.1466 -39.58 -71.47 0.170 0.027 1.770 0.136 0.119 0.612
2006.1740 -39.58 -71.47 0.117 0.324 3.278 0.152 0.135 0.682
2006.2014 -39.58 -71.47 0.061 0.405 3.563 0.119 0.104 0.537
2006.2288 -39.58 -71.47 0.316 0.308 2.211 0.152 0.137 0.687
2006.2562 -39.58 -71.47 0.081 0.557 4.161 0.143 0.128 0.645
2006.2836 -39.58 -71.47 0.283 0.868 2.325 0.140 0.126 0.633
2006.3110 -39.58 -71.47 0.309 0.321 1.859 0.149 0.134 0.674
2006.3384 -39.58 -71.47 0.175 0.816 2.127 0.135 0.122 0.613
2006.3658 -39.58 -71.47 0.378 0.182 1.563 0.150 0.136 0.678
2006.3932 -39.58 -71.47 0.091 0.450 2.314 0.148 0.133 0.668
2006.4205 -39.58 -71.47 0.265 0.335 1.047 0.148 0.134 0.671
2006.4479 -39.58 -71.47 0.453 -0.264 -2.045 0.164 0.143 0.733
2006.4753 -39.58 -71.47 0.260 -0.216 -3.315 0.165 0.148 0.745
2006.5027 -39.58 -71.47 0.218 -0.354 -3.672 0.171 0.155 0.773
2006.5301 -39.58 -71.47 0.448 -0.500 -5.055 0.202 0.185 0.913
2006.5575 -39.58 -71.47 0.014 -0.452 -4.462 0.161 0.147 0.732
2006.5849 -39.58 -71.47 0.200 -0.442 -3.677 0.166 0.151 0.752
2006.6123 -39.58 -71.47 -0.029 -0.523 -3.611 0.203 0.188 0.918
2006.6397 -39.58 -71.47 -0.140 -0.124 -3.394 0.173 0.158 0.782
2006.6671 -39.58 -71.47 -0.331 -0.256 -1.801 0.157 0.143 0.714
2006.6945 -39.58 -71.47 -0.105 -0.525 -1.507 0.200 0.183 0.904
2006.7219 -39.58 -71.47 -0.172 0.019 -1.192 0.189 0.170 0.852
2006.7493 -39.58 -71.47 -0.231 -0.011 -0.845 0.224 0.204 1.010
2006.7767 -39.58 -71.47 0.018 0.402 -1.848 0.194 0.177 0.878
2006.8041 -39.58 -71.47 0.023 0.407 -0.394 0.157 0.142 0.712
2006.8315 -39.58 -71.47 0.168 0.232 0.832 0.182 0.166 0.824
2006.8589 -39.58 -71.47 -0.158 0.141 -1.915 0.178 0.161 0.802
2006.8863 -39.58 -71.47 0.058 0.171 -0.915 0.171 0.154 0.771
2006.9137 -39.58 -71.47 -0.247 -0.405 -1.313 0.166 0.148 0.750
2006.9411 -39.58 -71.47 -0.278 -0.253 -0.392 0.164 0.146 0.737
2006.9685 -39.58 -71.47 -0.349 -0.048 0.073 0.163 0.143 0.734
2006.9959 -39.58 -71.47 -0.401 0.065 -0.159 0.163 0.140 0.729
2007.0233 -39.58 -71.47 -0.102 0.101 -0.508 0.152 0.129 0.680
2007.0507 -39.58 -71.47 0.168 -0.330 2.634 0.158 0.135 0.707
2007.0781 -39.58 -71.47 0.407 -0.066 2.356 0.161 0.143 0.727
2007.1055 -39.58 -71.47 0.522 -0.049 2.904 0.144 0.127 0.651
2007.1329 -39.58 -71.47 0.632 -0.214 3.369 0.157 0.139 0.708
2007.1603 -39.58 -71.47 0.534 0.572 2.483 0.149 0.133 0.675
2007.1877 -39.58 -71.47 0.616 0.057 4.076 0.192 0.174 0.865
2007.2151 -39.58 -71.47 0.374 0.649 2.768 0.171 0.155 0.773
2007.2425 -39.58 -71.47 0.460 0.802 1.942 0.164 0.149 0.744
2007.2699 -39.58 -71.47 0.633 0.784 2.752 0.132 0.117 0.598
2007.2973 -39.58 -71.47 0.444 1.107 1.060 0.125 0.110 0.565
2007.3247 -39.58 -71.47 0.677 0.510 -0.638 0.152 0.136 0.686
2007.3521 -39.58 -71.47 0.478 0.563 0.733 0.165 0.150 0.749
2007.3795 -39.58 -71.47 0.324 0.296 -0.236 0.173 0.158 0.785
2007.4068 -39.58 -71.47 0.302 -0.128 1.000 0.145 0.131 0.658
2007.4342 -39.58 -71.47 0.136 -0.136 1.241 0.139 0.124 0.630
2007.4616 -39.58 -71.47 0.116 -0.345 -0.967 0.181 0.166 0.820
2007.4890 -39.58 -71.47 0.036 -0.593 -0.242 0.140 0.124 0.634
2007.5164 -39.58 -71.47 0.227 -0.529 0.707 0.148 0.133 0.668
2007.5438 -39.58 -71.47 0.171 -0.232 1.259 0.143 0.128 0.648
2007.5712 -39.58 -71.47 0.012 -0.488 -0.830 0.147 0.131 0.666
2007.5986 -39.58 -71.47 -0.047 0.124 2.660 0.180 0.162 0.811
2007.6260 -39.58 -71.47 0.581 -0.075 0.367 0.147 0.131 0.665
2007.6534 -39.58 -71.47 0.103 0.052 -0.016 0.150 0.133 0.676
2007.6808 -39.58 -71.47 -0.379 0.188 1.858 0.158 0.139 0.710
2007.7082 -39.58 -71.47 -0.112 0.385 0.589 0.118 0.101 0.535
2007.7356 -39.58 -71.47 -0.260 0.352 0.114 0.162 0.143 0.728
2007.7630 -39.58 -71.47 0.033 -0.007 -1.314 0.126 0.107 0.568
2007.7904 -39.58 -71.47 -0.054 0.226 -1.326 0.159 0.142 0.717
2007.8178 -39.58 -71.47 -0.366 0.014 -3.421 0.182 0.164 0.822
2007.8452 -39.58 -71.47 -0.565 -0.187 0.044 0.149 0.132 0.675
2007.8726 -39.58 -71.47 -0.410 0.236 -0.203 0.173 0.154 0.783
2007.9000 -39.58 -71.47 -0.476 -0.454 -1.135 0.185 0.159 0.824
2007.9274 -39.58 -71.47 -0.404 -0.001 0.536 0.179 0.162 0.812
2007.9548 -39.58 -71.47 -0.747 -0.164 1.636 0.135 0.121 0.615
2007.9822 -39.58 -71.47 -0.044 -0.344 1.740 0.166 0.149 0.751
2008.0096 -39.58 -71.47 -0.318 -0.479 5.145 0.146 0.131 0.661
2008.0370 -39.58 -71.47 -0.152 -0.230 5.785 0.150 0.136 0.680
2008.0644 -39.58 -71.47 0.003 0.371 5.555 0.172 0.157 0.779
2008.0918 -39.58 -71.47 0.010 0.512 4.077 0.139 0.124 0.631
2008.1192 -39.58 -71.47 0.179 0.421 5.030 0.162 0.147 0.735
2008.1466 -39.58 -71.47 0.316 0.322 4.542 0.187 0.172 0.851
2008.1740 -39.58 -71.47 0.661 0.164 3.959 0.164 0.150 0.747
2008.2014 -39.58 -71.47 0.516 0.611 3.837 0.175 0.162 0.797
2008.2288 -39.58 -71.47 0.474 0.747 2.556 0.206 0.186 0.933
2008.2562 -39.58 -71.47 0.358 0.287 3.401 0.192 0.174 0.869
2008.2836 -39.58 -71.47 0.466 0.131 5.001 0.230 0.209 1.042
2008.3110 -39.58 -71.47 0.065 0.032 3.909 0.237 0.217 1.073
2008.3384 -39.58 -71.47 0.112 -0.081 4.577 0.176 0.160 0.797
2008.3658 -39.58 -71.47 0.186 -0.137 3.791 0.180 0.163 0.814
2008.3932 -39.58 -71.47 0.136 -0.235 1.083 0.164 0.147 0.744
2008.4205 -39.58 -71.47 0.534 -0.299 -0.180 0.144 0.128 0.651
2008.4479 -39.58 -71.47 0.420 -0.384 1.873 0.146 0.131 0.659
2008.4753 -39.58 -71.47 0.478 -0.267 1.854 0.142 0.126 0.641
2008.5027 -39.58 -71.47 0.123 -0.066 0.088 0.173 0.154 0.780
2008.5301 -39.58 -71.47 0.031 0.061 -1.736 0.215 0.192 0.967
2008.5575 -39.58 -71.47 0.153 -0.004 0.099 0.142 0.123 0.636
2008.5849 -39.58 -71.47 0.230 -0.160 -1.380 0.158 0.141 0.713
2008.6123 -39.58 -71.47 0.204 -0.299 -2.520 0.133 0.116 0.601
2008.6397 -39.58 -71.47 0.336 -0.179 -2.791 0.146 0.128 0.656
2008.6671 -39.58 -71.47 -0.118 0.134 -3.057 0.140 0.123 0.630
2008.6945 -39.58 -71.47 -0.020 0.387 -2.593 0.136 0.118 0.611
2008.7219 -39.58 -71.47 0.113 -0.277 -3.884 0.155 0.138 0.699
2008.7493 -39.58 -71.47 0.100 0.155 -1.660 0.141 0.125 0.635
2008.7767 -39.58 -71.47 0.124 -0.112 -2.582 0.163 0.147 0.736
2008.8041 -39.58 -71.47 -0.063 -0.320 -1.575 0.164 0.149 0.741
2008.8315 -39.58 -71.47 -0.191 -0.153 -0.186 0.185 0.168 0.837
2008.8589 -39.58 -71.47 -0.027 -0.003 0.236 0.216 0.197 0.976
2008.8863 -39.58 -71.47 -0.250 -0.030 0.929 0.207 0.189 0.937
2008.9137 -39.58 -71.47 -0.222 0.039 0.332 0.197 0.180 0.893
2008.9411 -39.58 -71.47 -0.011 -0.228 1.621 0.207 0.188 0.936
2008.9685 -39.58 -71.47 -0.049 0.056 2.987 0.193 0.175 0.876
2008.9945 -39.58 -71.47 0.178 0.210 4.036 0.163 0.149 0.742
2009.0205 -39.58 -71.47 -0.005 0.267 3.853 0.160 0.147 0.729
2009.0479 -39.58 -71.47 -0.123 0.389 2.703 0.161 0.147 0.731
2009.0753 -39.58 -71.47 0.199 0.046 5.352 0.155 0.141 0.703
2009.1027 -39.58 -71.47 -0.042 0.153 5.982 0.192 0.176 0.871
2009.1301 -39.58 -71.47 -0.137 -0.016 5.287 0.153 0.139 0.697
2009.1575 -39.58 -71.47 0.241 -0.018 4.024 0.156 0.142 0.711
2009.1849 -39.58 -71.47 0.120 -0.000 5.115 0.178 0.164 0.810
2009.2123 -39.58 -71.47 0.458 0.093 5.206 0.155 0.137 0.700
2009.2397 -39.58 -71.47 0.303 0.390 4.710 0.174 0.159 0.789
2009.2671 -39.58 -71.47 0.188 -0.153 4.592 0.146 0.132 0.663
2009.2945 -39.58 -71.47 0.411 -0.132 4.029 0.149 0.136 0.679
2009.3219 -39.58 -71.47 0.214 -0.412 3.236 0.156 0.142 0.708
2009.3493 -39.58 -71.47 0.195 -0.157 5.842 0.144 0.129 0.651
2009.3767 -39.58 -71.47 0.147 -0.103 3.052 0.151 0.136 0.684
2009.4041 -39.58 -71.47 0.142 -0.124 2.489 0.134 0.119 0.606
2009.4315 -39.58 -71.47 0.199 -0.119 3.039 0.153 0.137 0.691
2009.4589 -39.58 -71.47 0.263 0.104 2.079 0.130 0.115 0.590
2009.4863 -39.58 -71.47 0.292 0.115 1.408 0.144 0.127 0.648
2009.5137 -39.58 -71.47 0.382 -0.180 0.036 0.139 0.119 0.622
2009.5411 -39.58 -71.47 0.206 -0.132 -1.403 0.169 0.149 0.761
2009.5685 -39.58 -71.47 0.224 -0.479 0.047 0.182 0.159 0.819
2009.5959 -39.58 -71.47 0.318 -0.345 0.702 0.160 0.139 0.720
2009.6233 -39.58 -71.47 -0.022 -0.614 -2.510 0.165 0.146 0.742
2009.6507 -39.58 -71.47 0.139 -0.827 -4.468 0.159 0.140 0.715
2009.6781 -39.58 -71.47 -0.011 -0.887 -4.711 0.169 0.151 0.763
2009.7055 -39.58 -71.47 0.176 -0.858 -3.160 0.175 0.158 0.789
2009.7329 -39.58 -71.47 0.271 -0.664 -1.850 0.169 0.152 0.763
2009.7603 -39.58 -71.47 -0.014 -0.452 -0.442 0.192 0.173 0.869
2009.7877 -39.58 -71.47 -0.081 -0.062 -1.151 0.177 0.160 0.802
2009.8151 -39.58 -71.47 0.190 -0.383 -1.536 0.190 0.172 0.858
2009.8425 -39.58 -71.47 0.215 -0.320 -0.751 0.173 0.156 0.783
2009.8699 -39.58 -71.47 -0.071 -0.233 -0.881 0.165 0.149 0.749
2009.8973 -39.58 -71.47 0.010 0.196 -1.655 0.155 0.140 0.702
2009.9247 -39.58 -71.47 -0.063 0.325 -1.657 0.156 0.137 0.704
2009.9521 -39.58 -71.47 0.190 -0.111 -0.681 0.145 0.130 0.658
2009.9795 -39.58 -71.47 0.208 0.073 0.237 0.149 0.134 0.677
2010.0068 -39.58 -71.47 0.365 -0.309 -1.171 0.187 0.170 0.848
2010.0342 -39.58 -71.47 0.434 -0.193 -1.209 0.147 0.132 0.668
2010.0616 -39.58 -71.47 0.424 -0.192 0.551 0.151 0.135 0.684
2010.0890 -39.58 -71.47 0.246 -0.000 0.892 0.179 0.163 0.811
2010.1164 -39.58 -71.47 0.122 0.620 0.143 0.185 0.169 0.837
2010.1438 -39.58 -71.47 0.113 0.503 0.595 0.179 0.161 0.809
2010.1712 -39.58 -71.47 0.204 0.186 3.569 0.171 0.154 0.774
2010.1986 -39.58 -71.47 -0.085 0.088 1.923 0.164 0.147 0.742
2010.2260 -39.58 -71.47 -0.007 -0.029 1.210 0.179 0.161 0.810
2010.2534 -39.58 -71.47 0.214 0.342 1.158 0.185 0.166 0.836
2010.2808 -39.58 -71.47 0.125 0.434 0.356 0.144 0.127 0.649
2010.3082 -39.58 -71.47 -0.099 0.278 0.725 0.150 0.133 0.678
2010.3356 -39.58 -71.47 -0.219 0.495 0.275 0.139 0.120 0.625
2010.3630 -39.58 -71.47 -0.140 0.397 1.707 0.147 0.127 0.662
2010.3904 -39.58 -71.47 -0.133 0.054 0.667 0.154 0.124 0.676
2010.4178 -39.58 -71.47 -0.478 0.015 0.394 0.157 0.135 0.703
2010.4452 -39.58 -71.47 -0.660 0.116 1.726 0.139 0.120 0.628
2010.4726 -39.58 -71.47 -0.302 -0.106 -0.129 0.126 0.108 0.570
2010.5000 -39.58 -71.47 -0.534 -0.027 -0.382 0.141 0.123 0.636
2010.5274 -39.58 -71.47 -0.272 -0.243 -3.418 0.214 0.195 0.965
2010.5548 -39.58 -71.47 -0.437 -0.421 -3.601 0.139 0.124 0.630
2010.5822 -39.58 -71.47 -0.442 -0.503 -3.813 0.126 0.112 0.572
2010.6096 -39.58 -71.47 -0.559 -0.576 -2.469 0.160 0.146 0.726
2010.6370 -39.58 -71.47 -0.718 -0.520 -0.998 0.144 0.130 0.653
2010.6644 -39.58 -71.47 -0.513 -0.385 -2.337 0.136 0.122 0.615
2010.6918 -39.58 -71.47 -0.399 -0.174 -1.471 0.161 0.147 0.730
2010.7192 -39.58 -71.47 -0.733 -0.105 -0.131 0.150 0.136 0.681
2010.7466 -39.58 -71.47 -0.719 0.446 -1.275 0.173 0.158 0.783
2010.7740 -39.58 -71.47 -0.521 -0.184 -0.904 0.143 0.129 0.650
2010.8014 -39.58 -71.47 -0.496 -0.107 -2.150 0.136 0.123 0.618
2010.8288 -39.58 -71.47 -0.497 -0.207 -1.835 0.154 0.140 0.699
2010.8562 -39.58 -71.47 -0.822 -0.074 -1.493 0.152 0.137 0.687
2010.8836 -39.58 -71.47 -0.852 -0.246 -1.088 0.142 0.127 0.643
2010.9110 -39.58 -71.47 -0.774 -0.216 0.529 0.154 0.139 0.697
2010.9384 -39.58 -71.47 -0.694 -0.314 -0.744 0.160 0.144 0.722
2010.9658 -39.58 -71.47 -0.881 -0.230 -0.894 0.175 0.158 0.788
2010.9932 -39.58 -71.47 -0.620 -0.513 -0.361 0.156 0.102 0.645
2011.1027 -39.58 -71.47 -0.275 -0.145 4.363 0.151 0.120 0.666
2011.1301 -39.58 -71.47 -0.119 -0.216 3.083 0.209 0.188 0.940
2011.1575 -39.58 -71.47 -0.004 0.134 2.344 0.144 0.126 0.647
2011.1849 -39.58 -71.47 -0.048 0.215 1.956 0.117 0.100 0.529
2011.2123 -39.58 -71.47 -0.240 0.161 3.260 0.178 0.161 0.803
2011.2397 -39.58 -71.47 -0.166 0.647 3.221 0.184 0.167 0.831
2011.2671 -39.58 -71.47 -0.098 0.171 2.921 0.151 0.135 0.683
2011.2945 -39.58 -71.47 -0.208 -0.052 1.429 0.174 0.158 0.784
2011.3219 -39.58 -71.47 -0.079 0.068 1.563 0.163 0.148 0.737
2011.3493 -39.58 -71.47 0.070 0.168 -0.265 0.148 0.133 0.669
2011.3767 -39.58 -71.47 -0.073 -0.004 -1.149 0.171 0.155 0.772
2011.4041 -39.58 -71.47 -0.296 0.296 -1.814 0.153 0.137 0.690
2011.4315 -39.58 -71.47 -0.554 0.234 -3.277 0.163 0.133 0.717
2011.5137 -39.58 -71.47 -0.435 -0.748 3.239 0.146 0.124 0.651
2011.5411 -39.58 -71.47 -0.617 -0.844 2.421 0.150 0.133 0.677
2011.5685 -39.58 -71.47 -0.530 -0.525 0.562 0.148 0.130 0.667
2011.5959 -39.58 -71.47 -0.282 -0.722 0.187 0.157 0.139 0.708
2011.6233 -39.58 -71.47 -0.089 -1.099 1.475 0.158 0.139 0.712
2011.6507 -39.58 -71.47 -0.029 -0.704 0.565 0.183 0.164 0.823
2011.6781 -39.58 -71.47 -0.281 -0.428 -2.276 0.170 0.153 0.766
2011.7055 -39.58 -71.47 -0.454 -0.198 -1.400 0.170 0.153 0.766
2011.7329 -39.58 -71.47 -0.485 -0.308 -0.418 0.195 0.177 0.877
2011.7603 -39.58 -71.47 -0.373 -0.513 -3.366 0.168 0.153 0.759
2011.7877 -39.58 -71.47 -0.914 -0.289 -3.198 0.178 0.162 0.804
2011.8151 -39.58 -71.47 -0.601 -0.097 -0.891 0.176 0.159 0.791
2011.8425 -39.58 -71.47 -0.513 -0.451 -2.590 0.189 0.172 0.850
2011.8699 -39.58 -71.47 -0.554 -0.308 -2.853 0.187 0.162 0.829
2011.9521 -39.58 -71.47 -0.289 -0.462 3.574 0.134 0.097 0.574
2011.9795 -39.58 -71.47 -0.621 -0.515 2.933 0.155 0.136 0.691
2012.0068 -39.58 -71.47 -0.426 -0.594 4.293 0.145 0.126 0.646
2012.0342 -39.58 -71.47 -0.210 -0.219 5.653 0.173 0.148 0.763
2012.0616 -39.58 -71.47 -0.265 -0.380 4.076 0.151 0.130 0.670
2012.0890 -39.58 -71.47 0.053 -0.270 3.604 0.150 0.127 0.662
2012.1164 -39.58 -71.47 0.005 -0.134 3.711 0.148 0.123 0.650
2012.1438 -39.58 -71.47 0.016 -0.324 0.947 0.153 0.127 0.670
2012.1712 -39.58 -71.47 -0.006 -0.516 2.719 0.148 0.120 0.647
2012.1986 -39.58 -71.47 -0.087 -0.279 3.664 0.135 0.108 0.588
2012.2260 -39.58 -71.47 0.145 -0.109 1.670 0.136 0.110 0.594
2012.2534 -39.58 -71.47 -0.033 0.134 2.749 0.133 0.107 0.577
2012.2808 -39.58 -71.47 0.013 -0.216 1.080 0.124 0.099 0.539
2012.3082 -39.58 -71.47 0.179 0.281 0.705 0.159 0.101 0.653
2012.3904 -39.58 -71.47 -0.065 -0.459 2.760 0.158 0.120 0.681
2012.4178 -39.58 -71.47 -0.031 -0.725 1.021 0.114 0.091 0.498
2012.4452 -39.58 -71.47 0.003 -0.675 2.263 0.114 0.090 0.494
2012.4726 -39.58 -71.47 0.030 -0.466 1.100 0.122 0.097 0.530
2012.5000 -39.58 -71.47 -0.085 -0.657 -0.603 0.117 0.092 0.508
2012.5274 -39.58 -71.47 0.000 -0.791 -0.738 0.123 0.098 0.536
2012.5548 -39.58 -71.47 -0.194 -0.829 0.169 0.123 0.098 0.535
2012.5822 -39.58 -71.47 -0.205 -0.478 0.324 0.129 0.105 0.563
2012.6096 -39.58 -71.47 -0.387 -0.167 -1.054 0.127 0.104 0.556
2012.6370 -39.58 -71.47 -0.630 -0.253 -2.335 0.117 0.097 0.517
2012.6644 -39.58 -71.47 -0.369 -0.491 -1.382 0.128 0.106 0.561
2012.6918 -39.58 -71.47 -0.676 -0.380 -0.653 0.130 0.111 0.577
2012.7192 -39.58 -71.47 -0.801 -0.355 -1.266 0.154 0.135 0.686
2012.7466 -39.58 -71.47 -0.577 -0.707 -1.742 0.125 0.088 0.528
2012.8562 -39.58 -71.47 -1.004 -0.291 2.059 0.162 0.141 0.720
2012.8836 -39.58 -71.47 -0.509 -0.205 1.207 0.149 0.135 0.672
2012.9110 -39.58 -71.47 -0.535 -0.370 2.137 0.142 0.128 0.640
2012.9384 -39.58 -71.47 -0.621 -0.405 1.307 0.139 0.122 0.627
2012.9658 -39.58 -71.47 -0.319 -0.215 2.304 0.151 0.138 0.685
2012.9918 -39.58 -71.47 -0.187 -0.474 1.161 0.078 0.068 0.356
2013.0178 -39.58 -71.47 -0.155 -0.997 1.598 0.090 0.080 0.411
2013.0452 -39.58 -71.47 -0.134 -1.126 1.623 0.090 0.080 0.410
2013.0726 -39.58 -71.47 -0.286 -0.850 4.448 0.083 0.074 0.381
2013.1000 -39.58 -71.47 -0.063 -0.523 2.146 0.085 0.076 0.390
2013.1274 -39.58 -71.47 0.159 -0.591 2.512 0.080 0.070 0.366
2013.1548 -39.58 -71.47 0.175 -0.575 2.817 0.078 0.063 0.352
2013.2644 -39.58 -71.47 0.281 -0.148 1.353 0.097 0.047 0.377
2013.2918 -39.58 -71.47 0.277 -0.001 2.144 0.082 0.072 0.374
2013.3192 -39.58 -71.47 0.385 -0.044 -0.600 0.089 0.080 0.409
2013.3466 -39.58 -71.47 0.056 0.049 1.086 0.091 0.083 0.419
2013.3740 -39.58 -71.47 0.138 0.144 1.649 0.079 0.071 0.365
2013.4014 -39.58 -71.47 0.091 -0.177 2.637 0.081 0.073 0.375
2013.4288 -39.58 -71.47 -0.072 0.127 0.258 0.073 0.064 0.337
2013.4562 -39.58 -71.47 -0.086 -0.380 -0.253 0.074 0.065 0.343
2013.4836 -39.58 -71.47 -0.060 -0.079 1.137 0.076 0.067 0.349
2013.5110 -39.58 -71.47 -0.093 -0.009 -0.825 0.084 0.075 0.387
2013.5384 -39.58 -71.47 -0.289 -0.451 -2.473 0.085 0.072 0.383
2013.5658 -39.58 -71.47 -0.027 -0.223 -1.461 0.087 0.077 0.398
2013.7575 -39.58 -71.47 -0.079 -0.197 -4.361 0.084 0.072 0.384
2013.7849 -39.58 -71.47 -0.328 0.041 -1.938 0.086 0.075 0.393
2013.8123 -39.58 -71.47 -0.280 0.169 0.333 0.079 0.068 0.362
2013.8397 -39.58 -71.47 -0.184 -0.237 -2.411 0.080 0.069 0.366
2013.8671 -39.58 -71.47 0.009 0.007 -2.053 0.086 0.074 0.390
2013.8945 -39.58 -71.47 -0.263 0.049 -1.704 0.080 0.069 0.363
2013.9219 -39.58 -71.47 -0.164 -0.299 1.352 0.072 0.061 0.329
2013.9493 -39.58 -71.47 -0.311 -0.507 2.941 0.076 0.065 0.347
2013.9767 -39.58 -71.47 -0.205 -0.120 1.215 0.077 0.066 0.352
2014.0041 -39.58 -71.47 -0.457 -0.477 2.884 0.074 0.064 0.341
2014.0315 -39.58 -71.47 -0.404 -0.339 3.100 0.077 0.066 0.351
2014.1685 -39.58 -71.47 0.488 -0.632 4.829 0.082 0.070 0.372
2014.1959 -39.58 -71.47 0.471 -0.637 2.168 0.082 0.072 0.374
2014.2233 -39.58 -71.47 0.493 -0.579 4.414 0.078 0.069 0.357
2014.2507 -39.58 -71.47 0.537 -0.208 3.159 0.071 0.063 0.330
2014.2781 -39.58 -71.47 0.356 0.046 -0.488 0.075 0.067 0.348
2014.3055 -39.58 -71.47 0.347 0.239 0.120 0.073 0.064 0.335
2014.3329 -39.58 -71.47 0.223 0.055 0.511 0.060 0.052 0.282
2014.3603 -39.58 -71.47 0.293 0.439 -1.133 0.068 0.059 0.314
2014.3877 -39.58 -71.47 0.405 -0.355 -1.461 0.068 0.060 0.315
2014.4151 -39.58 -71.47 0.441 0.122 -4.835 0.068 0.059 0.314
2014.4425 -39.58 -71.47 0.698 -0.279 -4.403 0.072 0.063 0.331
2014.4699 -39.58 -71.47 0.488 -0.273 -7.823 0.072 0.062 0.329
2014.5795 -39.58 -71.47 0.239 -0.007 -5.856 0.066 0.051 0.301
2014.6068 -39.58 -71.47 0.144 -0.455 -7.238 0.064 0.054 0.295
2014.6342 -39.58 -71.47 -0.172 -0.052 -6.584 0.059 0.049 0.272
2014.6616 -39.58 -71.47 0.185 0.036 -4.916 0.065 0.055 0.298
2014.6890 -39.58 -71.47 0.237 0.326 -7.318 0.063 0.054 0.291
2014.7164 -39.58 -71.47 0.086 0.068 -5.989 0.062 0.053 0.285
2014.7438 -39.58 -71.47 -0.082 0.115 -4.652 0.066 0.057 0.306
2014.7712 -39.58 -71.47 -0.056 0.358 -5.305 0.066 0.057 0.303
2014.7986 -39.58 -71.47 0.029 0.541 -3.304 0.059 0.050 0.274
2014.8260 -39.58 -71.47 -0.068 0.180 -2.927 0.059 0.050 0.273
2014.8534 -39.58 -71.47 -0.030 0.457 -5.189 0.062 0.052 0.287
2014.8808 -39.58 -71.47 -0.224 0.000 -4.306 0.063 0.052 0.288
2014.9082 -39.58 -71.47 -0.078 0.245 -3.036 0.064 0.053 0.293
2015.0452 -39.58 -71.47 0.154 0.019 -1.473 0.049 0.038 0.229
2015.0726 -39.58 -71.47 -0.047 -0.268 -1.462 0.053 0.040 0.241
2015.1000 -39.58 -71.47 0.095 -0.139 0.014 0.048 0.037 0.222
2015.1274 -39.58 -71.47 0.292 0.115 1.051 0.044 0.035 0.209
2015.1548 -39.58 -71.47 0.283 0.089 1.116 0.051 0.039 0.234
2015.1822 -39.58 -71.47 0.462 -0.047 -0.419 0.048 0.037 0.224
2015.2096 -39.58 -71.47 0.794 -0.175 -0.463 0.063 0.050 0.283
2015.2370 -39.58 -71.47 0.627 0.718 0.666 0.068 0.056 0.307
2015.2644 -39.58 -71.47 0.454 -0.002 1.855 0.060 0.051 0.276
2015.2918 -39.58 -71.47 0.779 0.098 -0.682 0.060 0.051 0.279
2015.3192 -39.58 -71.47 0.649 0.347 -0.531 0.058 0.049 0.270
2015.3466 -39.58 -71.47 0.439 0.147 -1.055 0.063 0.053 0.289
2015.4836 -39.58 -71.47 0.198 -0.733 -5.217 0.060 0.044 0.269
2015.5110 -39.58 -71.47 0.202 -0.528 -3.484 0.057 0.044 0.261
2015.5384 -39.58 -71.47 0.203 0.058 -4.696 0.062 0.050 0.284
2015.5658 -39.58 -71.47 0.293 0.187 -4.606 0.062 0.052 0.285
2015.5932 -39.58 -71.47 0.318 -0.162 -4.324 0.064 0.054 0.294
2015.6205 -39.58 -71.47 0.337 -0.231 -5.520 0.062 0.052 0.286
2015.6479 -39.58 -71.47 0.375 -0.468 -5.918 0.061 0.051 0.278
2015.6753 -39.58 -71.47 0.117 -0.098 -5.214 0.059 0.048 0.269
2015.7027 -39.58 -71.47 0.115 -0.105 -4.638 0.063 0.053 0.290
2015.7301 -39.58 -71.47 0.371 -0.107 -4.243 0.064 0.053 0.291
2015.9493 -39.58 -71.47 -0.031 -0.001 -4.721 0.061 0.052 0.285
2015.9767 -39.58 -71.47 0.075 -0.035 -3.031 0.064 0.055 0.294
2016.0041 -39.58 -71.47 0.001 0.214 -4.566 0.058 0.049 0.269
2016.0315 -39.58 -71.47 0.428 0.478 -4.568 0.056 0.046 0.257
2016.0589 -39.58 -71.47 0.578 0.481 -2.003 0.057 0.048 0.263
2016.0863 -39.58 -71.47 0.794 0.136 -2.526 0.052 0.044 0.244
2016.1137 -39.58 -71.47 0.804 -0.145 -1.743 0.058 0.048 0.267
2016.1411 -39.58 -71.47 0.662 0.571 -0.468 0.068 0.057 0.307
2016.1685 -39.58 -71.47 1.026 0.340 -0.892 0.072 0.062 0.329
2016.1959 -39.58 -71.47 1.133 0.648 -1.777 0.071 0.063 0.326
2016.2233 -39.58 -71.47 1.093 0.870 2.069 0.071 0.065 0.331
2016.2507 -39.58 -71.47 1.358 0.087 -4.180 0.061 0.050 0.279
2016.3603 -39.58 -71.47 1.631 0.809 0.379 0.056 0.048 0.261
2016.3877 -39.58 -71.47 1.080 0.739 -6.990 0.065 0.056 0.299
2016.4151 -39.58 -71.47 1.221 0.318 -6.888 0.064 0.054 0.294
2016.4425 -39.58 -71.47 1.065 -0.043 -5.291 0.069 0.059 0.313
2016.4699 -39.58 -71.47 1.125 -0.214 -2.840 0.067 0.058 0.307
