2002.5877 42.05 -82.60 0.078 0.482 2.931 0.115 0.099 0.523
2002.6151 42.05 -82.60 0.133 0.354 5.020 0.110 0.096 0.501
2002.6425 42.05 -82.60 0.019 -0.124 1.093 0.112 0.098 0.510
2002.6699 42.05 -82.60 -0.205 -0.121 2.861 0.097 0.084 0.446
2002.6973 42.05 -82.60 -0.299 -0.539 0.843 0.167 0.081 0.634
2002.7247 42.05 -82.60 -0.306 -0.306 3.413 0.104 0.091 0.473
2002.7521 42.05 -82.60 -0.627 0.577 2.401 0.096 0.085 0.442
2002.7795 42.05 -82.60 -0.753 -0.047 2.902 0.112 0.099 0.513
2002.8068 42.05 -82.60 -0.733 0.020 2.477 0.100 0.087 0.455
2002.8342 42.05 -82.60 -1.282 0.389 0.196 0.098 0.086 0.450
2002.8616 42.05 -82.60 -1.350 0.041 2.976 0.102 0.078 0.449
2002.8890 42.05 -82.60 -1.205 0.381 1.439 0.100 0.087 0.454
2002.9164 42.05 -82.60 -1.312 0.167 2.294 0.107 0.091 0.486
2003.0260 42.05 -82.60 -1.213 0.602 3.027 0.121 0.104 0.552
2003.0534 42.05 -82.60 -1.648 0.058 6.591 0.195 0.171 0.877
2003.0808 42.05 -82.60 -0.976 0.260 3.151 0.176 0.146 0.785
2003.1082 42.05 -82.60 -1.164 0.608 2.291 0.102 0.086 0.469
2003.1356 42.05 -82.60 -1.529 0.138 0.556 0.095 0.080 0.438
2003.1630 42.05 -82.60 -1.317 -0.021 -0.330 0.101 0.085 0.462
2003.1904 42.05 -82.60 -0.989 0.011 1.346 0.119 0.098 0.537
2003.2178 42.05 -82.60 -0.756 -0.034 2.165 0.099 0.084 0.455
2003.2452 42.05 -82.60 -0.680 -0.137 1.161 0.097 0.083 0.445
2003.2726 42.05 -82.60 -0.851 0.052 2.526 0.095 0.081 0.435
2003.3000 42.05 -82.60 -0.899 0.115 3.921 0.092 0.080 0.425
2003.3274 42.05 -82.60 -0.502 0.385 1.136 0.120 0.104 0.547
2003.3548 42.05 -82.60 -1.123 0.331 0.227 0.131 0.115 0.594
2003.3822 42.05 -82.60 -0.767 -0.300 1.223 0.120 0.101 0.546
2003.5192 42.05 -82.60 -1.287 0.105 2.533 0.124 0.111 0.566
2003.5466 42.05 -82.60 -1.036 0.312 1.887 0.137 0.123 0.622
2003.5740 42.05 -82.60 -1.282 0.252 2.566 0.159 0.144 0.718
2003.6014 42.05 -82.60 -1.050 0.584 1.965 0.137 0.123 0.622
2003.6288 42.05 -82.60 -1.416 0.549 2.653 0.130 0.116 0.592
2003.6562 42.05 -82.60 -1.331 0.716 3.335 0.140 0.125 0.632
2003.6836 42.05 -82.60 -1.716 0.755 3.238 0.137 0.123 0.622
2003.7110 42.05 -82.60 -1.475 0.248 2.328 0.109 0.095 0.495
2003.7384 42.05 -82.60 -1.340 0.329 2.748 0.131 0.116 0.592
2003.7658 42.05 -82.60 -1.667 0.052 3.240 0.120 0.107 0.545
2003.7932 42.05 -82.60 -1.537 0.667 4.223 0.134 0.119 0.605
2003.8205 42.05 -82.60 -1.519 0.933 0.747 0.146 0.125 0.648
2003.8479 42.05 -82.60 -1.337 0.085 1.717 0.129 0.107 0.571
2003.8753 42.05 -82.60 -1.270 0.262 4.102 0.134 0.117 0.601
2003.9027 42.05 -82.60 -1.494 0.248 -1.207 0.124 0.105 0.553
2003.9301 42.05 -82.60 -1.386 0.505 1.632 0.128 0.110 0.573
2003.9575 42.05 -82.60 -1.266 0.570 -0.275 0.143 0.124 0.638
2003.9849 42.05 -82.60 -1.186 0.231 0.461 0.136 0.117 0.605
2004.0123 42.05 -82.60 -1.225 0.381 2.112 0.146 0.125 0.648
2004.0397 42.05 -82.60 -1.186 0.716 1.222 0.125 0.103 0.558
2004.0945 42.05 -82.60 -1.236 0.179 -2.938 0.117 0.096 0.521
2004.1219 42.05 -82.60 -1.215 0.050 -1.279 0.124 0.103 0.546
2004.1493 42.05 -82.60 -1.308 -0.377 -0.203 0.145 0.120 0.637
2004.1767 42.05 -82.60 -1.039 -0.006 0.704 0.155 0.129 0.675
2004.2041 42.05 -82.60 -0.753 0.460 0.980 0.127 0.104 0.555
2004.2315 42.05 -82.60 -0.965 -0.114 0.325 0.129 0.105 0.563
2004.2589 42.05 -82.60 -0.713 -0.565 0.874 0.134 0.108 0.581
2004.2863 42.05 -82.60 -0.535 -0.181 -0.514 0.134 0.108 0.582
2004.3137 42.05 -82.60 -0.545 -0.101 -2.852 0.128 0.102 0.554
2004.3411 42.05 -82.60 -0.398 -0.437 -2.096 0.140 0.111 0.603
2004.3685 42.05 -82.60 -0.267 -0.618 -0.760 0.136 0.108 0.587
2004.3959 42.05 -82.60 -0.187 -0.607 -2.331 0.119 0.095 0.521
2004.4233 42.05 -82.60 -0.177 -0.247 -2.922 0.115 0.091 0.501
2004.4507 42.05 -82.60 -0.238 -0.514 -2.860 0.102 0.081 0.446
2004.4781 42.05 -82.60 -0.028 -0.486 -1.177 0.112 0.088 0.486
2004.5055 42.05 -82.60 -0.295 -0.298 -2.319 0.109 0.086 0.476
2004.5329 42.05 -82.60 -0.322 -0.416 -1.067 0.104 0.082 0.453
2004.5603 42.05 -82.60 -0.240 -0.170 -0.983 0.107 0.084 0.463
2004.5877 42.05 -82.60 -0.374 0.090 -1.845 0.108 0.085 0.469
2004.6151 42.05 -82.60 -0.231 -0.058 -1.173 0.119 0.093 0.515
2004.6425 42.05 -82.60 -0.230 0.283 -0.625 0.101 0.080 0.445
2004.6699 42.05 -82.60 -0.407 0.410 -1.112 0.101 0.081 0.447
2004.6973 42.05 -82.60 -0.366 0.802 -1.099 0.095 0.076 0.422
2004.7247 42.05 -82.60 -0.569 0.331 -0.591 0.109 0.086 0.477
2004.7521 42.05 -82.60 -0.699 0.273 0.845 0.105 0.084 0.462
2004.7795 42.05 -82.60 -0.810 0.151 1.503 0.102 0.081 0.447
2004.8068 42.05 -82.60 -0.947 0.387 1.377 0.113 0.088 0.490
2004.8342 42.05 -82.60 -0.883 -0.122 0.390 0.111 0.087 0.483
2004.8616 42.05 -82.60 -1.062 0.213 1.060 0.099 0.079 0.435
2004.8890 42.05 -82.60 -1.181 -0.144 -0.130 0.098 0.078 0.433
2004.9164 42.05 -82.60 -1.043 0.112 -0.030 0.107 0.085 0.467
2004.9438 42.05 -82.60 -0.954 -0.578 -1.092 0.119 0.095 0.522
2004.9712 42.05 -82.60 -0.683 0.077 -2.250 0.107 0.085 0.466
2004.9973 42.05 -82.60 -0.918 -0.289 -2.746 0.104 0.083 0.456
2005.0233 42.05 -82.60 -0.877 -0.117 -5.161 0.119 0.095 0.517
2005.0507 42.05 -82.60 -0.898 -0.229 -3.438 0.172 0.142 0.744
2005.0781 42.05 -82.60 -0.702 -0.402 -2.244 0.132 0.107 0.574
2005.1055 42.05 -82.60 -0.768 0.245 -2.331 0.131 0.107 0.571
2005.1329 42.05 -82.60 -0.774 0.032 -4.052 0.134 0.110 0.585
2005.1603 42.05 -82.60 -0.792 -0.229 -3.479 0.121 0.098 0.528
2005.1877 42.05 -82.60 -0.370 -0.347 -2.432 0.122 0.098 0.532
2005.2151 42.05 -82.60 -0.414 -0.470 -3.426 0.115 0.093 0.507
2005.2425 42.05 -82.60 -0.534 -0.313 -2.066 0.111 0.091 0.489
2005.2699 42.05 -82.60 -0.410 -0.614 -3.165 0.118 0.097 0.520
2005.2973 42.05 -82.60 -0.363 -0.449 -0.781 0.125 0.102 0.547
2005.3247 42.05 -82.60 -0.292 0.182 -2.956 0.131 0.108 0.576
2005.3521 42.05 -82.60 -0.130 -0.059 -1.855 0.058 0.049 0.280
2005.3795 42.05 -82.60 -0.101 -0.537 -2.118 0.123 0.102 0.543
2005.4068 42.05 -82.60 -0.276 -0.330 -2.385 0.113 0.093 0.502
2005.4342 42.05 -82.60 -0.205 -0.606 -0.988 0.130 0.107 0.575
2005.4616 42.05 -82.60 -0.129 -0.384 0.627 0.118 0.098 0.522
2005.4890 42.05 -82.60 -0.181 -0.186 2.816 0.112 0.093 0.496
2005.5164 42.05 -82.60 -0.150 0.002 1.974 0.111 0.093 0.496
2005.5438 42.05 -82.60 -0.494 0.375 1.563 0.120 0.101 0.535
2005.5712 42.05 -82.60 -0.678 0.271 1.609 0.131 0.110 0.580
2005.5986 42.05 -82.60 -0.465 0.069 1.624 0.133 0.113 0.592
2005.6260 42.05 -82.60 -0.655 0.050 1.764 0.118 0.100 0.528
2005.6534 42.05 -82.60 -0.712 -0.204 2.790 0.124 0.106 0.554
2005.6808 42.05 -82.60 -0.585 0.473 2.950 0.122 0.104 0.546
2005.7082 42.05 -82.60 -0.643 0.056 4.964 0.147 0.127 0.654
2005.7356 42.05 -82.60 -0.670 0.115 4.307 0.129 0.112 0.578
2005.7630 42.05 -82.60 -0.711 0.353 3.626 0.130 0.112 0.580
2005.7904 42.05 -82.60 -0.389 0.379 2.896 0.122 0.105 0.547
2005.8178 42.05 -82.60 -0.760 0.627 2.620 0.125 0.108 0.560
2005.8452 42.05 -82.60 -0.681 0.996 3.064 0.134 0.116 0.601
2005.8726 42.05 -82.60 -0.650 0.736 4.334 0.116 0.101 0.523
2005.9000 42.05 -82.60 -0.547 0.478 2.379 0.114 0.098 0.512
2005.9274 42.05 -82.60 -0.389 0.518 -1.212 0.121 0.098 0.537
2005.9548 42.05 -82.60 -0.730 0.338 0.802 0.117 0.099 0.550
2005.9822 42.05 -82.60 -0.667 0.631 1.418 0.113 0.095 0.512
2006.0096 42.05 -82.60 -0.490 0.203 3.055 0.122 0.104 0.549
2006.0370 42.05 -82.60 -0.579 0.271 2.083 0.153 0.133 0.684
2006.0644 42.05 -82.60 -0.411 0.307 -0.068 0.155 0.135 0.696
2006.0918 42.05 -82.60 -0.473 0.266 0.752 0.154 0.135 0.690
2006.1192 42.05 -82.60 -0.411 0.262 -1.338 0.173 0.154 0.776
2006.1466 42.05 -82.60 -0.145 0.048 0.348 0.137 0.121 0.617
2006.1740 42.05 -82.60 -0.271 -0.098 -0.085 0.152 0.136 0.687
2006.2014 42.05 -82.60 -0.058 -0.059 -1.151 0.119 0.105 0.541
2006.2288 42.05 -82.60 -0.200 -0.276 0.009 0.153 0.138 0.692
2006.2562 42.05 -82.60 -0.260 -0.146 -1.223 0.143 0.130 0.649
2006.2836 42.05 -82.60 -0.113 -0.183 0.546 0.141 0.127 0.637
2006.3110 42.05 -82.60 -0.280 -0.159 -0.340 0.150 0.136 0.678
2006.3384 42.05 -82.60 -0.605 -0.031 0.176 0.136 0.123 0.617
2006.3658 42.05 -82.60 -0.477 -0.413 1.730 0.150 0.137 0.682
2006.3932 42.05 -82.60 -0.206 -0.191 -1.043 0.148 0.135 0.672
2006.4205 42.05 -82.60 0.048 0.139 -0.572 0.149 0.135 0.676
2006.4479 42.05 -82.60 0.004 -0.057 1.475 0.164 0.145 0.739
2006.4753 42.05 -82.60 -0.238 0.571 -1.137 0.165 0.150 0.751
2006.5027 42.05 -82.60 -0.295 0.710 1.718 0.171 0.157 0.778
2006.5301 42.05 -82.60 -0.466 0.496 1.592 0.203 0.187 0.919
2006.5575 42.05 -82.60 -0.403 0.387 -0.273 0.162 0.148 0.736
2006.5849 42.05 -82.60 -0.244 0.427 1.005 0.166 0.152 0.756
2006.6123 42.05 -82.60 -0.151 0.567 3.330 0.203 0.189 0.923
2006.6397 42.05 -82.60 -0.274 0.228 2.799 0.173 0.160 0.787
2006.6671 42.05 -82.60 -0.430 0.712 2.416 0.158 0.145 0.718
2006.6945 42.05 -82.60 -0.848 0.612 3.653 0.201 0.185 0.909
2006.7219 42.05 -82.60 -0.844 0.395 1.194 0.189 0.172 0.857
2006.7493 42.05 -82.60 -0.784 0.481 2.758 0.225 0.206 1.016
2006.7767 42.05 -82.60 -0.647 1.020 2.461 0.195 0.179 0.883
2006.8041 42.05 -82.60 -0.640 0.467 0.610 0.158 0.144 0.716
2006.8315 42.05 -82.60 -0.422 1.042 2.883 0.183 0.168 0.829
2006.8589 42.05 -82.60 -0.873 0.834 -1.471 0.178 0.163 0.807
2006.8863 42.05 -82.60 -0.780 0.638 0.740 0.171 0.156 0.776
2006.9137 42.05 -82.60 -0.538 0.768 0.092 0.167 0.150 0.755
2006.9411 42.05 -82.60 -0.735 0.229 -0.073 0.164 0.148 0.743
2006.9685 42.05 -82.60 -0.528 0.344 -0.352 0.164 0.145 0.740
2006.9959 42.05 -82.60 -0.763 0.014 0.134 0.164 0.142 0.736
2007.0233 42.05 -82.60 -0.587 0.061 -1.199 0.153 0.131 0.686
2007.0507 42.05 -82.60 -0.717 -0.177 -0.750 0.159 0.137 0.713
2007.0781 42.05 -82.60 -0.737 -0.312 -1.650 0.162 0.145 0.732
2007.1055 42.05 -82.60 -0.245 -0.375 0.068 0.145 0.129 0.657
2007.1329 42.05 -82.60 -0.295 -0.319 0.736 0.158 0.141 0.714
2007.1603 42.05 -82.60 -0.386 -0.422 -1.179 0.150 0.135 0.680
2007.1877 42.05 -82.60 -0.447 -0.366 4.323 0.192 0.176 0.871
2007.2151 42.05 -82.60 -0.558 -0.314 -1.948 0.172 0.157 0.778
2007.2425 42.05 -82.60 -0.632 -0.330 -1.936 0.165 0.151 0.749
2007.2699 42.05 -82.60 -0.112 -0.334 -0.137 0.133 0.118 0.603
2007.2973 42.05 -82.60 -0.074 -0.307 -1.104 0.125 0.111 0.570
2007.3247 42.05 -82.60 -0.037 -0.242 -0.592 0.152 0.138 0.691
2007.3521 42.05 -82.60 0.286 -0.165 -0.294 0.166 0.152 0.753
2007.3795 42.05 -82.60 0.068 -0.115 -0.621 0.174 0.160 0.789
2007.4068 42.05 -82.60 0.168 -0.126 -0.825 0.146 0.132 0.662
2007.4342 42.05 -82.60 0.408 -0.186 0.222 0.140 0.126 0.635
2007.4616 42.05 -82.60 0.015 -0.306 0.772 0.182 0.167 0.825
2007.4890 42.05 -82.60 0.195 -0.121 1.707 0.141 0.126 0.639
2007.5164 42.05 -82.60 -0.046 0.112 4.858 0.148 0.134 0.673
2007.5438 42.05 -82.60 -0.146 0.118 3.424 0.144 0.130 0.653
2007.5712 42.05 -82.60 -0.156 0.069 4.159 0.148 0.133 0.671
2007.5986 42.05 -82.60 -0.219 0.066 5.059 0.180 0.164 0.816
2007.6260 42.05 -82.60 -0.207 0.025 5.229 0.148 0.133 0.670
2007.6534 42.05 -82.60 -0.350 -0.157 3.373 0.150 0.135 0.681
2007.6808 42.05 -82.60 -0.425 0.020 5.860 0.158 0.141 0.716
2007.7082 42.05 -82.60 -0.364 0.234 5.680 0.119 0.103 0.540
2007.7356 42.05 -82.60 -0.456 0.803 3.900 0.162 0.145 0.734
2007.7630 42.05 -82.60 -0.493 0.258 4.292 0.127 0.109 0.574
2007.7904 42.05 -82.60 -0.158 0.028 4.833 0.160 0.143 0.722
2007.8178 42.05 -82.60 -0.510 0.090 3.477 0.183 0.166 0.827
2007.8452 42.05 -82.60 -0.509 0.162 4.125 0.150 0.134 0.680
2007.8726 42.05 -82.60 -0.354 -0.180 6.969 0.174 0.156 0.788
2007.9000 42.05 -82.60 -0.622 0.249 5.395 0.186 0.161 0.830
2007.9274 42.05 -82.60 -0.611 0.289 1.643 0.180 0.163 0.817
2007.9548 42.05 -82.60 -0.859 0.296 1.948 0.136 0.122 0.619
2007.9822 42.05 -82.60 -0.784 0.264 1.974 0.166 0.151 0.755
2008.0096 42.05 -82.60 -0.898 0.121 2.073 0.146 0.133 0.665
2008.0370 42.05 -82.60 -0.488 -0.001 1.600 0.150 0.137 0.684
2008.0644 42.05 -82.60 -0.353 -0.210 1.585 0.172 0.159 0.784
2008.0918 42.05 -82.60 -0.267 -0.081 0.200 0.139 0.126 0.636
2008.1192 42.05 -82.60 -0.388 0.028 0.258 0.162 0.149 0.739
2008.1466 42.05 -82.60 -0.284 -0.034 -0.614 0.188 0.174 0.856
2008.1740 42.05 -82.60 -0.224 0.092 -2.980 0.165 0.152 0.751
2008.2014 42.05 -82.60 -0.335 0.438 -1.900 0.176 0.163 0.801
2008.2288 42.05 -82.60 -0.095 0.437 -2.730 0.207 0.188 0.939
2008.2562 42.05 -82.60 -0.301 0.041 -1.228 0.192 0.176 0.874
2008.2836 42.05 -82.60 0.036 -0.190 -2.676 0.231 0.212 1.047
2008.3110 42.05 -82.60 0.026 -0.132 -2.105 0.238 0.219 1.079
2008.3384 42.05 -82.60 0.303 -0.093 -3.405 0.176 0.162 0.801
2008.3658 42.05 -82.60 0.380 -0.348 -2.504 0.181 0.164 0.819
2008.3932 42.05 -82.60 0.084 -0.453 -2.687 0.165 0.149 0.749
2008.4205 42.05 -82.60 -0.183 -0.376 0.200 0.145 0.129 0.656
2008.4479 42.05 -82.60 0.330 -0.825 -0.327 0.146 0.132 0.663
2008.4753 42.05 -82.60 0.552 -0.737 1.899 0.142 0.128 0.645
2008.5027 42.05 -82.60 0.518 -0.303 0.318 0.174 0.156 0.786
2008.5301 42.05 -82.60 0.353 0.046 1.250 0.216 0.194 0.974
2008.5575 42.05 -82.60 0.127 -0.060 0.982 0.142 0.124 0.641
2008.5849 42.05 -82.60 0.100 0.167 2.270 0.159 0.143 0.718
2008.6123 42.05 -82.60 0.303 0.544 1.427 0.134 0.118 0.606
2008.6397 42.05 -82.60 0.246 0.115 -0.170 0.146 0.130 0.661
2008.6671 42.05 -82.60 -0.060 0.009 1.574 0.141 0.124 0.635
2008.6945 42.05 -82.60 -0.080 -0.048 0.670 0.136 0.120 0.615
2008.7219 42.05 -82.60 -0.095 -0.314 -0.380 0.156 0.140 0.704
2008.7493 42.05 -82.60 0.143 -0.288 0.916 0.141 0.127 0.639
2008.7767 42.05 -82.60 0.136 -0.170 2.200 0.163 0.149 0.741
2008.8041 42.05 -82.60 -0.186 -0.088 0.852 0.164 0.150 0.745
2008.8315 42.05 -82.60 0.030 0.244 2.831 0.186 0.170 0.842
2008.8589 42.05 -82.60 0.101 0.071 2.850 0.216 0.199 0.982
2008.8863 42.05 -82.60 0.011 0.211 1.732 0.208 0.190 0.942
2008.9137 42.05 -82.60 0.061 0.340 0.087 0.198 0.182 0.898
2008.9411 42.05 -82.60 0.097 0.307 1.531 0.207 0.190 0.941
2008.9685 42.05 -82.60 -0.099 0.169 -0.730 0.194 0.177 0.882
2008.9945 42.05 -82.60 0.154 0.169 -0.134 0.164 0.150 0.746
2009.0205 42.05 -82.60 0.470 -0.098 0.128 0.161 0.148 0.733
2009.0479 42.05 -82.60 0.164 -0.005 -0.524 0.161 0.148 0.735
2009.0753 42.05 -82.60 0.177 -0.033 -0.780 0.155 0.142 0.707
2009.1027 42.05 -82.60 -0.023 0.085 -0.458 0.192 0.177 0.875
2009.1301 42.05 -82.60 0.166 -0.141 -2.801 0.154 0.141 0.701
2009.1575 42.05 -82.60 0.292 -0.016 -1.535 0.157 0.143 0.715
2009.1849 42.05 -82.60 0.141 -0.134 -1.060 0.178 0.166 0.813
2009.2123 42.05 -82.60 0.176 -0.398 -2.351 0.156 0.139 0.704
2009.2397 42.05 -82.60 0.240 -0.546 -3.539 0.174 0.160 0.794
2009.2671 42.05 -82.60 0.464 -0.744 -3.671 0.146 0.134 0.667
2009.2945 42.05 -82.60 0.419 -0.754 -1.834 0.150 0.137 0.682
2009.3219 42.05 -82.60 0.314 -0.601 -0.866 0.157 0.143 0.712
2009.3493 42.05 -82.60 0.695 -1.026 -3.485 0.144 0.130 0.655
2009.3767 42.05 -82.60 0.693 -1.098 -2.202 0.152 0.137 0.688
2009.4041 42.05 -82.60 0.817 -0.778 -3.387 0.134 0.120 0.610
2009.4315 42.05 -82.60 0.661 -0.640 -2.503 0.153 0.139 0.695
2009.4589 42.05 -82.60 0.778 -0.336 -0.111 0.131 0.116 0.594
2009.4863 42.05 -82.60 0.792 -0.044 -1.249 0.144 0.128 0.653
2009.5137 42.05 -82.60 0.672 0.050 -2.705 0.139 0.121 0.628
2009.5411 42.05 -82.60 0.678 0.023 -1.899 0.170 0.151 0.767
2009.5685 42.05 -82.60 0.529 -0.236 -2.550 0.183 0.162 0.826
2009.5959 42.05 -82.60 0.519 -0.122 -1.525 0.161 0.141 0.726
2009.6233 42.05 -82.60 0.582 0.297 -1.832 0.166 0.148 0.748
2009.6507 42.05 -82.60 0.363 -0.114 -2.462 0.160 0.142 0.720
2009.6781 42.05 -82.60 0.263 0.101 -0.689 0.170 0.153 0.768
2009.7055 42.05 -82.60 0.508 -0.202 1.156 0.175 0.159 0.794
2009.7329 42.05 -82.60 -0.043 0.224 2.014 0.169 0.153 0.767
2009.7603 42.05 -82.60 0.059 0.382 0.879 0.193 0.175 0.874
2009.7877 42.05 -82.60 -0.251 0.015 1.084 0.178 0.162 0.807
2009.8151 42.05 -82.60 -0.172 -0.178 -0.595 0.191 0.174 0.863
2009.8425 42.05 -82.60 -0.110 0.027 -1.068 0.174 0.158 0.787
2009.8699 42.05 -82.60 -0.117 -0.229 0.431 0.166 0.151 0.753
2009.8973 42.05 -82.60 -0.031 -0.281 2.992 0.155 0.141 0.706
2009.9247 42.05 -82.60 -0.022 0.034 -0.292 0.157 0.139 0.709
2009.9521 42.05 -82.60 -0.251 -0.208 -1.175 0.146 0.131 0.663
2009.9795 42.05 -82.60 -0.023 -0.182 -1.501 0.150 0.135 0.681
2010.0068 42.05 -82.60 0.027 -0.372 -1.018 0.188 0.172 0.853
2010.0342 42.05 -82.60 0.123 -0.573 -0.322 0.148 0.133 0.672
2010.0616 42.05 -82.60 -0.066 -0.223 -0.158 0.152 0.137 0.688
2010.0890 42.05 -82.60 -0.260 -0.505 -2.636 0.180 0.165 0.815
2010.1164 42.05 -82.60 -0.150 -0.494 -2.129 0.185 0.170 0.842
2010.1438 42.05 -82.60 -0.259 -0.484 -3.480 0.179 0.163 0.814
2010.1712 42.05 -82.60 0.011 -0.662 -1.891 0.172 0.155 0.779
2010.1986 42.05 -82.60 0.170 -0.457 -2.546 0.165 0.149 0.747
2010.2260 42.05 -82.60 0.144 -0.780 -2.182 0.180 0.163 0.815
2010.2534 42.05 -82.60 -0.041 -1.032 -0.989 0.186 0.167 0.841
2010.2808 42.05 -82.60 -0.079 -0.714 -2.226 0.144 0.128 0.654
2010.3082 42.05 -82.60 -0.125 -0.715 1.879 0.151 0.135 0.683
2010.3356 42.05 -82.60 -0.110 -0.659 1.030 0.139 0.122 0.630
2010.3630 42.05 -82.60 0.001 -0.419 0.195 0.148 0.130 0.668
2010.3904 42.05 -82.60 -0.135 -0.531 -0.334 0.155 0.127 0.683
2010.4178 42.05 -82.60 0.017 -0.457 -1.743 0.157 0.137 0.709
2010.4452 42.05 -82.60 -0.109 -0.532 -2.408 0.140 0.122 0.633
2010.4726 42.05 -82.60 0.160 -0.492 1.213 0.127 0.110 0.575
2010.5000 42.05 -82.60 0.378 -0.431 0.772 0.142 0.124 0.641
2010.5274 42.05 -82.60 -0.008 -0.249 1.261 0.215 0.196 0.970
2010.5548 42.05 -82.60 0.481 -0.467 2.718 0.140 0.126 0.634
2010.5822 42.05 -82.60 0.221 -0.591 0.419 0.127 0.113 0.576
2010.6096 42.05 -82.60 0.247 -0.122 -0.975 0.161 0.147 0.730
2010.6370 42.05 -82.60 0.124 -0.507 -0.334 0.145 0.131 0.657
2010.6644 42.05 -82.60 0.152 0.031 1.292 0.136 0.123 0.619
2010.6918 42.05 -82.60 0.328 -0.012 2.943 0.161 0.148 0.734
2010.7192 42.05 -82.60 0.301 -0.194 0.516 0.151 0.138 0.685
2010.7466 42.05 -82.60 0.270 -0.172 1.863 0.174 0.160 0.787
2010.7740 42.05 -82.60 0.207 -0.282 0.808 0.144 0.130 0.655
2010.8014 42.05 -82.60 0.372 -0.284 3.032 0.137 0.124 0.622
2010.8288 42.05 -82.60 0.330 0.011 2.195 0.155 0.142 0.703
2010.8562 42.05 -82.60 0.169 -0.104 2.411 0.152 0.139 0.691
2010.8836 42.05 -82.60 0.294 0.106 1.864 0.143 0.129 0.648
2010.9110 42.05 -82.60 0.202 -0.095 0.286 0.155 0.141 0.701
2010.9384 42.05 -82.60 0.125 -0.113 -0.431 0.160 0.146 0.726
2010.9658 42.05 -82.60 0.130 -0.313 -0.048 0.175 0.160 0.793
2010.9932 42.05 -82.60 0.087 -0.309 0.115 0.158 0.105 0.654
2011.1027 42.05 -82.60 -0.087 -0.306 1.693 0.152 0.123 0.674
2011.1301 42.05 -82.60 -0.178 0.173 1.100 0.210 0.190 0.947
2011.1575 42.05 -82.60 -0.047 -0.511 2.369 0.144 0.127 0.652
2011.1849 42.05 -82.60 -0.241 -0.264 -2.138 0.118 0.101 0.534
2011.2123 42.05 -82.60 0.224 -0.414 -1.696 0.179 0.163 0.808
2011.2397 42.05 -82.60 0.290 -0.234 0.063 0.185 0.169 0.836
2011.2671 42.05 -82.60 0.209 -0.038 -0.946 0.152 0.137 0.687
2011.2945 42.05 -82.60 0.358 -0.642 -2.999 0.174 0.160 0.789
2011.3219 42.05 -82.60 0.192 -0.469 -3.165 0.163 0.150 0.742
2011.3493 42.05 -82.60 0.413 -0.567 -2.386 0.148 0.135 0.674
2011.3767 42.05 -82.60 0.544 -0.534 -3.507 0.171 0.157 0.777
2011.4041 42.05 -82.60 0.553 -0.648 -5.394 0.153 0.138 0.695
2011.4315 42.05 -82.60 0.693 -0.610 -3.772 0.164 0.135 0.724
2011.5137 42.05 -82.60 0.783 -0.911 -1.529 0.146 0.126 0.657
2011.5411 42.05 -82.60 0.640 -0.902 -0.802 0.151 0.135 0.683
2011.5685 42.05 -82.60 0.533 -0.613 1.141 0.149 0.132 0.672
2011.5959 42.05 -82.60 0.643 -0.455 -0.463 0.158 0.141 0.714
2011.6233 42.05 -82.60 0.517 -0.690 0.452 0.159 0.141 0.718
2011.6507 42.05 -82.60 0.464 -0.235 0.163 0.184 0.166 0.829
2011.6781 42.05 -82.60 0.647 0.221 -0.924 0.171 0.155 0.771
2011.7055 42.05 -82.60 0.270 0.424 1.078 0.171 0.155 0.771
2011.7329 42.05 -82.60 -0.011 0.573 0.815 0.195 0.179 0.882
2011.7603 42.05 -82.60 -0.351 0.582 -0.643 0.169 0.154 0.764
2011.7877 42.05 -82.60 0.079 0.207 2.097 0.179 0.164 0.809
2011.8151 42.05 -82.60 0.416 0.188 1.305 0.176 0.161 0.795
2011.8425 42.05 -82.60 0.232 0.153 -0.737 0.189 0.174 0.854
2011.8699 42.05 -82.60 0.299 -0.227 -0.787 0.187 0.164 0.834
2011.9521 42.05 -82.60 0.158 0.187 -3.604 0.136 0.099 0.581
2011.9795 42.05 -82.60 0.120 0.515 -2.375 0.155 0.137 0.696
2012.0068 42.05 -82.60 0.154 0.095 -1.701 0.146 0.127 0.650
2012.0342 42.05 -82.60 0.275 0.125 -1.807 0.173 0.150 0.766
2012.0616 42.05 -82.60 0.077 -0.019 -1.727 0.152 0.131 0.674
2012.0890 42.05 -82.60 0.286 -0.014 -2.324 0.151 0.128 0.666
2012.1164 42.05 -82.60 0.129 -0.221 -4.233 0.149 0.125 0.654
2012.1438 42.05 -82.60 -0.049 -0.167 -1.243 0.154 0.127 0.676
2012.1712 42.05 -82.60 0.245 -0.361 -2.432 0.149 0.122 0.651
2012.1986 42.05 -82.60 0.179 -0.130 -3.145 0.136 0.109 0.592
2012.2260 42.05 -82.60 0.488 -0.417 -1.565 0.137 0.111 0.597
2012.2534 42.05 -82.60 0.915 -0.062 -2.227 0.134 0.107 0.581
2012.2808 42.05 -82.60 0.676 -0.387 -0.951 0.125 0.099 0.543
2012.3082 42.05 -82.60 0.580 -0.189 1.037 0.161 0.105 0.663
2012.3904 42.05 -82.60 0.728 -0.096 2.965 0.159 0.122 0.686
2012.4178 42.05 -82.60 0.911 -0.105 0.793 0.115 0.091 0.500
2012.4452 42.05 -82.60 0.809 -0.106 1.170 0.114 0.090 0.497
2012.4726 42.05 -82.60 0.714 0.045 1.919 0.123 0.097 0.533
2012.5000 42.05 -82.60 0.963 0.056 2.251 0.118 0.092 0.511
2012.5274 42.05 -82.60 1.062 0.268 3.650 0.124 0.099 0.538
2012.5548 42.05 -82.60 0.702 0.212 2.793 0.124 0.099 0.538
2012.5822 42.05 -82.60 0.634 0.530 2.886 0.130 0.105 0.567
2012.6096 42.05 -82.60 0.260 0.477 3.709 0.128 0.105 0.559
2012.6370 42.05 -82.60 0.197 0.543 3.449 0.118 0.097 0.520
2012.6644 42.05 -82.60 0.266 0.427 5.137 0.128 0.107 0.564
2012.6918 42.05 -82.60 0.049 0.328 3.432 0.131 0.112 0.580
2012.7192 42.05 -82.60 -0.267 0.549 6.213 0.155 0.136 0.689
2012.7466 42.05 -82.60 0.062 0.198 5.002 0.126 0.089 0.535
2012.8562 42.05 -82.60 -0.289 0.786 3.871 0.163 0.142 0.724
2012.8836 42.05 -82.60 -0.016 0.821 4.415 0.149 0.136 0.676
2012.9110 42.05 -82.60 -0.024 0.725 5.190 0.142 0.129 0.643
2012.9384 42.05 -82.60 -0.110 1.236 5.107 0.140 0.124 0.632
2012.9658 42.05 -82.60 0.113 0.697 4.735 0.152 0.139 0.689
2012.9918 42.05 -82.60 -0.097 1.030 2.790 0.078 0.069 0.359
2013.0178 42.05 -82.60 -0.232 0.613 2.974 0.090 0.081 0.414
2013.0452 42.05 -82.60 -0.282 0.682 3.646 0.090 0.081 0.413
2013.0726 42.05 -82.60 -0.076 0.987 2.388 0.083 0.074 0.383
2013.1000 42.05 -82.60 0.039 0.699 0.661 0.086 0.076 0.393
2013.1274 42.05 -82.60 0.088 0.515 2.026 0.080 0.071 0.369
2013.1548 42.05 -82.60 0.101 0.536 2.845 0.079 0.064 0.355
2013.2644 42.05 -82.60 0.314 0.246 0.309 0.099 0.049 0.384
2013.2918 42.05 -82.60 0.495 0.570 2.044 0.082 0.073 0.377
2013.3192 42.05 -82.60 0.216 0.099 -0.105 0.090 0.081 0.412
2013.3466 42.05 -82.60 0.285 0.356 -3.390 0.092 0.083 0.422
2013.3740 42.05 -82.60 0.341 0.323 -1.254 0.079 0.072 0.368
2013.4014 42.05 -82.60 0.560 0.207 0.542 0.082 0.074 0.378
2013.4288 42.05 -82.60 0.736 -0.033 -0.744 0.073 0.065 0.339
2013.4562 42.05 -82.60 0.462 0.225 -4.007 0.075 0.066 0.345
2013.4836 42.05 -82.60 0.635 0.712 -1.414 0.076 0.068 0.352
2013.5110 42.05 -82.60 0.493 0.493 -3.495 0.085 0.076 0.390
2013.5384 42.05 -82.60 0.228 0.347 -2.411 0.085 0.073 0.386
2013.5658 42.05 -82.60 0.426 1.076 -1.192 0.087 0.078 0.401
2013.7575 42.05 -82.60 0.088 0.421 0.662 0.085 0.073 0.388
2013.7849 42.05 -82.60 0.215 0.230 0.928 0.087 0.076 0.396
2013.8123 42.05 -82.60 0.328 0.215 0.528 0.080 0.069 0.365
2013.8397 42.05 -82.60 0.306 0.308 0.756 0.081 0.071 0.369
2013.8671 42.05 -82.60 0.517 0.422 0.589 0.086 0.075 0.394
2013.8945 42.05 -82.60 0.642 0.405 -1.439 0.080 0.070 0.366
2013.9219 42.05 -82.60 0.402 0.553 0.563 0.072 0.062 0.333
2013.9493 42.05 -82.60 0.245 0.737 -0.020 0.076 0.066 0.350
2013.9767 42.05 -82.60 0.438 0.296 1.660 0.077 0.067 0.356
2014.0041 42.05 -82.60 0.348 0.582 1.794 0.075 0.065 0.344
2014.0315 42.05 -82.60 0.313 0.563 -1.029 0.078 0.067 0.355
2014.1685 42.05 -82.60 0.564 0.183 -0.802 0.082 0.071 0.376
2014.1959 42.05 -82.60 0.516 0.253 -2.544 0.082 0.073 0.377
2014.2233 42.05 -82.60 0.564 0.343 -1.315 0.078 0.069 0.360
2014.2507 42.05 -82.60 0.548 0.335 -1.980 0.072 0.063 0.332
2014.2781 42.05 -82.60 0.596 0.430 -2.669 0.076 0.067 0.350
2014.3055 42.05 -82.60 0.684 0.208 -2.853 0.073 0.064 0.337
2014.3329 42.05 -82.60 0.769 0.213 -3.831 0.061 0.053 0.284
2014.3603 42.05 -82.60 1.095 0.242 -2.076 0.068 0.060 0.317
2014.3877 42.05 -82.60 1.114 -0.012 -4.156 0.068 0.060 0.317
2014.4151 42.05 -82.60 1.362 -0.480 -2.891 0.068 0.060 0.316
2014.4425 42.05 -82.60 1.088 -0.220 -1.447 0.072 0.063 0.333
2014.4699 42.05 -82.60 1.097 -0.662 -2.001 0.072 0.063 0.332
2014.5795 42.05 -82.60 1.371 0.086 -1.442 0.067 0.052 0.304
2014.6068 42.05 -82.60 1.078 -0.136 -3.270 0.064 0.055 0.297
2014.6342 42.05 -82.60 0.980 0.214 -1.689 0.059 0.050 0.275
2014.6616 42.05 -82.60 0.959 -0.107 -2.888 0.065 0.056 0.301
2014.6890 42.05 -82.60 1.086 -0.052 -4.245 0.063 0.055 0.293
2014.7164 42.05 -82.60 1.254 -0.293 -3.132 0.062 0.053 0.288
2014.7438 42.05 -82.60 1.400 0.105 -1.785 0.067 0.058 0.309
2014.7712 42.05 -82.60 1.613 -0.233 0.569 0.066 0.057 0.305
2014.7986 42.05 -82.60 1.121 0.187 -1.940 0.060 0.051 0.277
2014.8260 42.05 -82.60 1.426 -0.228 -0.895 0.060 0.050 0.276
2014.8534 42.05 -82.60 1.306 -0.111 -2.829 0.063 0.053 0.290
2014.8808 42.05 -82.60 1.492 -0.075 -3.135 0.063 0.053 0.291
2014.9082 42.05 -82.60 1.331 -0.055 -3.439 0.064 0.054 0.296
2015.0452 42.05 -82.60 1.069 0.079 -2.453 0.050 0.039 0.232
2015.0726 42.05 -82.60 1.153 -0.397 -3.631 0.054 0.041 0.244
2015.1000 42.05 -82.60 1.326 -0.737 -4.334 0.048 0.038 0.225
2015.1274 42.05 -82.60 1.133 -0.165 -2.321 0.045 0.035 0.212
2015.1548 42.05 -82.60 1.087 -0.263 -4.890 0.052 0.040 0.237
2015.1822 42.05 -82.60 0.852 -0.291 -3.514 0.049 0.038 0.226
2015.2096 42.05 -82.60 0.909 0.279 -3.320 0.064 0.051 0.287
2015.2370 42.05 -82.60 1.246 -0.396 -0.442 0.068 0.057 0.310
2015.2644 42.05 -82.60 1.405 -0.720 -1.467 0.060 0.051 0.279
2015.2918 42.05 -82.60 1.062 -0.113 -1.816 0.061 0.051 0.282
2015.3192 42.05 -82.60 1.320 -0.078 -0.849 0.058 0.050 0.272
2015.3466 42.05 -82.60 1.210 -0.360 0.241 0.063 0.054 0.292
2015.4836 42.05 -82.60 1.379 -0.230 -5.758 0.061 0.045 0.274
2015.5110 42.05 -82.60 1.403 -0.223 -5.771 0.057 0.045 0.265
2015.5384 42.05 -82.60 1.317 -0.473 -4.764 0.063 0.051 0.288
2015.5658 42.05 -82.60 1.395 -0.068 -2.502 0.062 0.053 0.288
2015.5932 42.05 -82.60 1.151 0.252 -3.274 0.065 0.055 0.297
2015.6205 42.05 -82.60 1.398 0.065 -2.720 0.063 0.053 0.289
2015.6479 42.05 -82.60 1.466 0.001 -3.274 0.061 0.051 0.281
2015.6753 42.05 -82.60 1.303 -0.088 -1.948 0.059 0.049 0.273
2015.7027 42.05 -82.60 0.973 -0.319 0.542 0.064 0.054 0.293
2015.7301 42.05 -82.60 1.213 0.065 1.086 0.064 0.054 0.294
2015.9493 42.05 -82.60 1.038 0.012 -4.765 0.062 0.053 0.288
2015.9767 42.05 -82.60 0.897 -0.180 -1.953 0.064 0.055 0.297
2016.0041 42.05 -82.60 0.968 -0.509 -4.929 0.059 0.050 0.272
2016.0315 42.05 -82.60 1.254 -0.153 -4.568 0.056 0.047 0.260
2016.0589 42.05 -82.60 1.002 -0.190 -5.471 0.057 0.048 0.266
2016.0863 42.05 -82.60 1.038 -1.039 -4.175 0.052 0.044 0.246
2016.1137 42.05 -82.60 1.034 -0.826 -5.458 0.058 0.049 0.270
2016.1411 42.05 -82.60 1.099 -0.504 -2.004 0.068 0.058 0.310
2016.1685 42.05 -82.60 1.018 -1.204 -3.841 0.073 0.063 0.332
2016.1959 42.05 -82.60 1.409 -0.568 -0.354 0.071 0.064 0.329
2016.2233 42.05 -82.60 1.579 -0.694 -1.873 0.072 0.065 0.333
2016.2507 42.05 -82.60 1.584 -0.169 -1.842 0.061 0.051 0.282
2016.3603 42.05 -82.60 1.359 -0.187 -1.539 0.056 0.048 0.264
2016.3877 42.05 -82.60 1.637 0.095 -3.968 0.066 0.057 0.302
2016.4151 42.05 -82.60 1.708 -0.317 -1.416 0.065 0.055 0.297
2016.4425 42.05 -82.60 1.569 -0.274 -2.470 0.069 0.060 0.316
2016.4699 42.05 -82.60 1.549 -0.043 -1.620 0.068 0.058 0.310
