2002.5877 50.76 5.68 0.155 -0.698 0.496 0.116 0.105 0.542
2002.6151 50.76 5.68 0.078 -0.285 2.379 0.111 0.101 0.518
2002.6425 50.76 5.68 0.251 -0.459 0.255 0.113 0.103 0.528
2002.6699 50.76 5.68 0.251 -0.652 0.014 0.098 0.088 0.462
2002.6973 50.76 5.68 0.383 -1.243 2.865 0.179 0.097 0.699
2002.7247 50.76 5.68 0.351 -1.021 -1.052 0.105 0.097 0.491
2002.7521 50.76 5.68 0.364 -0.913 0.306 0.097 0.090 0.458
2002.7795 50.76 5.68 0.276 -0.987 -1.504 0.113 0.104 0.529
2002.8068 50.76 5.68 0.145 -0.996 -2.495 0.101 0.092 0.472
2002.8342 50.76 5.68 -0.037 -0.354 -3.277 0.099 0.091 0.467
2002.8616 50.76 5.68 -0.051 -0.380 -3.296 0.105 0.086 0.478
2002.8890 50.76 5.68 -0.549 -0.469 -3.504 0.101 0.092 0.472
2002.9164 50.76 5.68 -0.631 -0.438 -4.545 0.109 0.097 0.507
2003.0260 50.76 5.68 0.171 -0.349 -5.232 0.123 0.111 0.573
2003.0534 50.76 5.68 -0.463 0.165 -2.534 0.198 0.181 0.907
2003.0808 50.76 5.68 -1.232 -0.098 -6.457 0.179 0.157 0.817
2003.1082 50.76 5.68 -0.166 -0.283 -4.807 0.104 0.092 0.489
2003.1356 50.76 5.68 -0.341 0.090 -3.272 0.097 0.086 0.457
2003.1630 50.76 5.68 -0.657 -0.260 -4.405 0.103 0.091 0.482
2003.1904 50.76 5.68 -0.367 -0.113 -5.750 0.121 0.106 0.561
2003.2178 50.76 5.68 -0.063 -0.230 -3.576 0.101 0.090 0.474
2003.2452 50.76 5.68 -0.187 -0.402 -4.314 0.098 0.088 0.463
2003.2726 50.76 5.68 -0.289 -0.266 -5.032 0.096 0.086 0.452
2003.3000 50.76 5.68 -0.184 -0.333 -5.407 0.094 0.084 0.442
2003.3274 50.76 5.68 -0.192 -0.216 -4.463 0.122 0.110 0.566
2003.3548 50.76 5.68 -0.014 -0.217 -4.082 0.132 0.121 0.612
2003.3822 50.76 5.68 -0.261 -0.239 -2.014 0.122 0.110 0.571
2003.5192 50.76 5.68 0.192 -0.329 -1.718 0.126 0.116 0.583
2003.5466 50.76 5.68 0.047 -0.748 1.017 0.138 0.129 0.639
2003.5740 50.76 5.68 0.226 -0.591 1.044 0.160 0.150 0.736
2003.6014 50.76 5.68 0.306 -1.125 0.893 0.139 0.129 0.639
2003.6288 50.76 5.68 0.324 -0.835 2.178 0.132 0.122 0.610
2003.6562 50.76 5.68 0.512 -0.955 2.961 0.141 0.131 0.651
2003.6836 50.76 5.68 0.441 -1.083 1.924 0.139 0.129 0.639
2003.7110 50.76 5.68 0.501 -1.108 3.917 0.110 0.100 0.513
2003.7384 50.76 5.68 0.465 -1.427 2.701 0.133 0.122 0.610
2003.7658 50.76 5.68 0.249 -0.921 2.643 0.122 0.112 0.563
2003.7932 50.76 5.68 0.320 -0.795 3.925 0.136 0.125 0.623
2003.8205 50.76 5.68 0.257 -1.014 3.819 0.148 0.132 0.671
2003.8479 50.76 5.68 0.056 -0.858 3.066 0.131 0.116 0.597
2003.8753 50.76 5.68 0.202 -0.679 2.244 0.136 0.124 0.621
2003.9027 50.76 5.68 -0.038 -0.457 2.499 0.126 0.113 0.575
2003.9301 50.76 5.68 -0.212 -0.387 0.508 0.131 0.117 0.594
2003.9575 50.76 5.68 0.259 -0.249 -0.216 0.145 0.131 0.658
2003.9849 50.76 5.68 0.210 -0.138 -1.664 0.139 0.123 0.626
2004.0123 50.76 5.68 -0.184 -0.321 -1.709 0.149 0.132 0.671
2004.0397 50.76 5.68 -0.069 -0.557 -2.646 0.127 0.115 0.590
2004.0945 50.76 5.68 -0.090 -0.491 -4.050 0.119 0.106 0.550
2004.1219 50.76 5.68 0.035 0.138 -4.120 0.126 0.110 0.570
2004.1493 50.76 5.68 -0.040 0.058 -3.511 0.148 0.129 0.664
2004.1767 50.76 5.68 -0.345 0.186 -3.036 0.158 0.136 0.700
2004.2041 50.76 5.68 -0.005 -0.108 -1.409 0.130 0.112 0.581
2004.2315 50.76 5.68 -0.144 -0.296 -0.906 0.132 0.114 0.590
2004.2589 50.76 5.68 -0.174 0.009 -3.135 0.137 0.117 0.610
2004.2863 50.76 5.68 -0.227 -0.239 -1.899 0.137 0.117 0.612
2004.3137 50.76 5.68 -0.588 0.153 -0.438 0.131 0.112 0.583
2004.3411 50.76 5.68 -0.533 -0.217 -1.361 0.143 0.121 0.634
2004.3685 50.76 5.68 -0.262 -0.012 -4.447 0.139 0.119 0.620
2004.3959 50.76 5.68 0.167 -0.334 -3.174 0.122 0.106 0.552
2004.4233 50.76 5.68 -0.062 -0.035 -2.135 0.117 0.102 0.532
2004.4507 50.76 5.68 -0.153 0.056 -0.884 0.104 0.090 0.473
2004.4781 50.76 5.68 0.198 -0.368 -1.401 0.115 0.098 0.516
2004.5055 50.76 5.68 0.203 -0.365 -1.246 0.112 0.096 0.505
2004.5329 50.76 5.68 0.145 -0.389 0.364 0.106 0.091 0.482
2004.5603 50.76 5.68 0.129 -0.720 1.538 0.109 0.093 0.492
2004.5877 50.76 5.68 0.206 -0.947 0.992 0.110 0.095 0.499
2004.6151 50.76 5.68 0.325 -0.837 2.358 0.121 0.104 0.547
2004.6425 50.76 5.68 -0.003 -0.952 3.510 0.103 0.090 0.473
2004.6699 50.76 5.68 0.128 -0.967 1.745 0.103 0.090 0.475
2004.6973 50.76 5.68 0.245 -0.788 1.452 0.097 0.085 0.449
2004.7247 50.76 5.68 0.281 -0.601 1.084 0.111 0.097 0.507
2004.7521 50.76 5.68 0.184 -0.757 0.699 0.107 0.094 0.491
2004.7795 50.76 5.68 0.397 -0.716 1.066 0.104 0.090 0.476
2004.8068 50.76 5.68 0.380 -0.527 0.335 0.115 0.099 0.520
2004.8342 50.76 5.68 0.086 -0.377 1.232 0.114 0.097 0.513
2004.8616 50.76 5.68 0.176 -0.378 -0.108 0.101 0.088 0.463
2004.8890 50.76 5.68 0.178 -0.289 -2.443 0.100 0.087 0.460
2004.9164 50.76 5.68 0.211 -0.352 -1.281 0.109 0.094 0.496
2004.9438 50.76 5.68 0.264 -0.139 -0.151 0.121 0.106 0.553
2004.9712 50.76 5.68 0.430 -0.387 -0.840 0.109 0.093 0.493
2004.9973 50.76 5.68 0.097 -0.181 -0.209 0.106 0.092 0.484
2005.0233 50.76 5.68 0.286 -0.202 -2.817 0.122 0.104 0.544
2005.0507 50.76 5.68 0.301 -0.755 -1.912 0.176 0.149 0.769
2005.0781 50.76 5.68 0.031 0.094 -1.207 0.135 0.115 0.599
2005.1055 50.76 5.68 -0.188 0.528 -1.599 0.134 0.115 0.596
2005.1329 50.76 5.68 0.102 0.314 -0.856 0.137 0.118 0.610
2005.1603 50.76 5.68 -0.377 0.568 -1.146 0.123 0.107 0.554
2005.1877 50.76 5.68 -0.187 0.450 -2.062 0.125 0.108 0.562
2005.2151 50.76 5.68 -0.126 0.447 -2.732 0.118 0.103 0.536
2005.2425 50.76 5.68 0.017 0.745 -2.047 0.113 0.099 0.515
2005.2699 50.76 5.68 -0.097 0.624 -2.893 0.120 0.105 0.545
2005.2973 50.76 5.68 -0.074 0.409 -3.267 0.127 0.111 0.573
2005.3247 50.76 5.68 -0.368 0.539 -4.049 0.134 0.117 0.603
2005.3521 50.76 5.68 0.032 0.602 -0.768 0.059 0.052 0.294
2005.3795 50.76 5.68 -0.025 0.219 -2.547 0.126 0.110 0.569
2005.4068 50.76 5.68 0.210 0.001 -1.819 0.115 0.101 0.527
2005.4342 50.76 5.68 0.188 0.320 -1.655 0.132 0.116 0.602
2005.4616 50.76 5.68 0.350 -0.055 0.382 0.120 0.105 0.546
2005.4890 50.76 5.68 0.508 0.179 1.720 0.114 0.100 0.520
2005.5164 50.76 5.68 0.435 -0.039 1.442 0.113 0.100 0.519
2005.5438 50.76 5.68 0.312 -0.336 2.025 0.123 0.108 0.558
2005.5712 50.76 5.68 0.113 -0.004 0.942 0.133 0.118 0.603
2005.5986 50.76 5.68 0.204 -0.008 1.970 0.136 0.121 0.615
2005.6260 50.76 5.68 0.229 -0.091 1.802 0.120 0.107 0.550
2005.6534 50.76 5.68 0.121 -0.123 2.230 0.127 0.113 0.576
2005.6808 50.76 5.68 -0.046 -0.186 2.284 0.124 0.111 0.567
2005.7082 50.76 5.68 0.166 -0.225 2.142 0.149 0.134 0.675
2005.7356 50.76 5.68 0.252 -0.299 1.742 0.131 0.118 0.598
2005.7630 50.76 5.68 0.092 -0.413 1.184 0.132 0.119 0.600
2005.7904 50.76 5.68 0.081 -0.418 0.307 0.124 0.111 0.567
2005.8178 50.76 5.68 0.344 -0.950 -1.270 0.127 0.114 0.580
2005.8452 50.76 5.68 0.437 -0.913 -3.420 0.136 0.123 0.622
2005.8726 50.76 5.68 0.526 -0.610 -1.737 0.118 0.107 0.542
2005.9000 50.76 5.68 0.157 -0.678 -0.963 0.115 0.104 0.531
2005.9274 50.76 5.68 -0.159 -0.297 -0.136 0.123 0.108 0.566
2005.9548 50.76 5.68 0.218 -0.051 -0.585 0.119 0.104 0.571
2005.9822 50.76 5.68 0.214 -0.062 0.805 0.115 0.102 0.535
2006.0096 50.76 5.68 -0.138 0.088 -0.620 0.124 0.111 0.571
2006.0370 50.76 5.68 -0.096 -0.121 0.005 0.155 0.140 0.708
2006.0644 50.76 5.68 -0.300 -0.091 0.522 0.157 0.143 0.720
2006.0918 50.76 5.68 -0.107 0.016 -1.349 0.156 0.142 0.712
2006.1192 50.76 5.68 -0.247 0.607 -1.330 0.175 0.161 0.797
2006.1466 50.76 5.68 -0.126 0.179 -1.943 0.138 0.127 0.636
2006.1740 50.76 5.68 -0.435 0.910 -5.683 0.154 0.142 0.705
2006.2014 50.76 5.68 -0.703 0.614 -3.026 0.121 0.111 0.558
2006.2288 50.76 5.68 -0.564 0.420 -3.548 0.155 0.143 0.709
2006.2562 50.76 5.68 -0.258 0.258 -3.653 0.145 0.135 0.665
2006.2836 50.76 5.68 -0.563 0.783 -2.574 0.142 0.132 0.653
2006.3110 50.76 5.68 -0.422 0.387 -2.185 0.151 0.141 0.695
2006.3384 50.76 5.68 -0.267 0.649 -1.664 0.137 0.128 0.632
2006.3658 50.76 5.68 -0.207 0.350 0.697 0.152 0.142 0.698
2006.3932 50.76 5.68 -0.038 0.231 -0.298 0.149 0.140 0.688
2006.4205 50.76 5.68 -0.129 0.626 -0.390 0.150 0.140 0.693
2006.4479 50.76 5.68 -0.421 0.405 -1.454 0.167 0.152 0.762
2006.4753 50.76 5.68 -0.065 0.345 -1.515 0.167 0.156 0.769
2006.5027 50.76 5.68 -0.143 -0.032 1.842 0.173 0.162 0.796
2006.5301 50.76 5.68 0.087 -0.222 2.331 0.204 0.193 0.937
2006.5575 50.76 5.68 0.049 -0.291 4.134 0.163 0.154 0.753
2006.5849 50.76 5.68 0.276 -0.047 3.823 0.168 0.158 0.773
2006.6123 50.76 5.68 -0.134 -0.360 1.624 0.205 0.195 0.939
2006.6397 50.76 5.68 -0.128 -0.654 0.443 0.175 0.165 0.803
2006.6671 50.76 5.68 0.196 -0.535 0.053 0.159 0.150 0.735
2006.6945 50.76 5.68 0.227 -0.481 -0.007 0.202 0.191 0.928
2006.7219 50.76 5.68 0.108 -0.391 0.343 0.191 0.179 0.877
2006.7493 50.76 5.68 0.134 -0.283 0.403 0.227 0.214 1.039
2006.7767 50.76 5.68 0.281 -0.727 0.432 0.197 0.186 0.902
2006.8041 50.76 5.68 0.367 -0.976 1.160 0.160 0.149 0.734
2006.8315 50.76 5.68 0.585 -0.944 0.840 0.185 0.174 0.847
2006.8589 50.76 5.68 0.473 -0.664 1.009 0.180 0.169 0.825
2006.8863 50.76 5.68 0.436 -0.205 -0.107 0.173 0.162 0.794
2006.9137 50.76 5.68 0.242 -0.215 0.045 0.169 0.157 0.774
2006.9411 50.76 5.68 -0.025 -0.146 -0.909 0.166 0.154 0.762
2006.9685 50.76 5.68 0.232 -0.078 0.598 0.166 0.152 0.761
2006.9959 50.76 5.68 0.342 -0.253 0.957 0.166 0.150 0.760
2007.0233 50.76 5.68 0.208 -0.262 -2.114 0.155 0.139 0.711
2007.0507 50.76 5.68 0.679 0.103 -2.441 0.162 0.145 0.738
2007.0781 50.76 5.68 0.297 0.466 -2.498 0.164 0.151 0.752
2007.1055 50.76 5.68 0.243 -0.007 -1.793 0.147 0.135 0.675
2007.1329 50.76 5.68 0.404 0.210 -3.604 0.160 0.147 0.733
2007.1603 50.76 5.68 0.173 0.204 -3.119 0.152 0.141 0.698
2007.1877 50.76 5.68 -0.405 -0.105 -4.724 0.194 0.183 0.889
2007.2151 50.76 5.68 -0.051 0.416 -2.172 0.173 0.163 0.796
2007.2425 50.76 5.68 -0.273 0.522 -2.739 0.167 0.156 0.765
2007.2699 50.76 5.68 0.009 0.152 -0.341 0.134 0.124 0.620
2007.2973 50.76 5.68 -0.090 0.173 -0.575 0.127 0.117 0.587
2007.3247 50.76 5.68 0.055 0.026 0.775 0.154 0.143 0.707
2007.3521 50.76 5.68 -0.162 0.147 -0.683 0.168 0.157 0.770
2007.3795 50.76 5.68 -0.138 0.064 -0.636 0.176 0.165 0.806
2007.4068 50.76 5.68 0.077 0.129 -0.353 0.147 0.137 0.679
2007.4342 50.76 5.68 -0.072 0.118 0.042 0.141 0.131 0.651
2007.4616 50.76 5.68 -0.011 -0.039 -0.004 0.184 0.173 0.842
2007.4890 50.76 5.68 0.171 -0.013 -1.164 0.143 0.131 0.656
2007.5164 50.76 5.68 0.078 -0.231 -3.332 0.150 0.139 0.689
2007.5438 50.76 5.68 0.142 -0.605 -1.704 0.145 0.135 0.670
2007.5712 50.76 5.68 0.159 -0.996 -2.048 0.149 0.139 0.688
2007.5986 50.76 5.68 0.316 -0.839 -1.353 0.182 0.170 0.835
2007.6260 50.76 5.68 -0.111 -0.663 0.390 0.149 0.138 0.688
2007.6534 50.76 5.68 0.060 -1.000 1.239 0.152 0.141 0.699
2007.6808 50.76 5.68 -0.142 -0.692 2.044 0.160 0.148 0.735
2007.7082 50.76 5.68 0.320 -0.734 2.480 0.120 0.109 0.559
2007.7356 50.76 5.68 0.692 -0.908 2.711 0.165 0.151 0.754
2007.7630 50.76 5.68 0.414 -0.491 0.604 0.128 0.116 0.595
2007.7904 50.76 5.68 0.498 -0.356 2.222 0.161 0.149 0.741
2007.8178 50.76 5.68 0.404 -0.324 3.449 0.185 0.172 0.846
2007.8452 50.76 5.68 1.023 -0.156 1.417 0.152 0.140 0.699
2007.8726 50.76 5.68 0.273 0.041 0.593 0.176 0.163 0.808
2007.9000 50.76 5.68 0.106 -0.293 -0.592 0.190 0.170 0.857
2007.9274 50.76 5.68 0.444 -0.555 -1.371 0.182 0.170 0.836
2007.9548 50.76 5.68 0.188 -0.282 -1.148 0.137 0.127 0.636
2007.9822 50.76 5.68 0.099 0.301 -2.074 0.168 0.157 0.773
2008.0096 50.76 5.68 0.152 -0.213 -2.545 0.148 0.138 0.682
2008.0370 50.76 5.68 -0.032 -0.527 -2.419 0.151 0.142 0.699
2008.0644 50.76 5.68 0.324 0.020 -1.428 0.174 0.164 0.799
2008.0918 50.76 5.68 0.186 -0.208 -1.820 0.141 0.131 0.652
2008.1192 50.76 5.68 0.697 0.071 -2.285 0.164 0.154 0.755
2008.1466 50.76 5.68 0.573 -0.096 -2.073 0.190 0.179 0.872
2008.1740 50.76 5.68 0.648 0.277 -2.549 0.166 0.157 0.767
2008.2014 50.76 5.68 0.312 0.055 -1.867 0.177 0.168 0.816
2008.2288 50.76 5.68 0.049 1.435 -2.193 0.209 0.195 0.960
2008.2562 50.76 5.68 0.096 0.012 -3.239 0.194 0.182 0.892
2008.2836 50.76 5.68 -0.223 0.379 -2.076 0.233 0.219 1.069
2008.3110 50.76 5.68 -0.226 0.583 -0.539 0.240 0.226 1.100
2008.3384 50.76 5.68 -0.001 0.413 -0.485 0.178 0.167 0.818
2008.3658 50.76 5.68 0.345 0.412 -0.201 0.183 0.170 0.838
2008.3932 50.76 5.68 -0.125 0.407 -0.902 0.167 0.155 0.768
2008.4205 50.76 5.68 -0.051 -0.011 -2.620 0.146 0.135 0.673
2008.4479 50.76 5.68 -0.302 -0.265 -0.963 0.148 0.137 0.680
2008.4753 50.76 5.68 -0.083 -0.211 -0.659 0.144 0.133 0.662
2008.5027 50.76 5.68 0.013 -0.458 -0.348 0.176 0.162 0.805
2008.5301 50.76 5.68 -0.021 -0.856 -0.381 0.219 0.202 0.997
2008.5575 50.76 5.68 0.219 -0.334 0.859 0.144 0.131 0.662
2008.5849 50.76 5.68 0.125 -0.663 1.920 0.161 0.149 0.735
2008.6123 50.76 5.68 0.222 -0.535 1.776 0.136 0.124 0.625
2008.6397 50.76 5.68 -0.005 -0.566 1.215 0.148 0.136 0.680
2008.6671 50.76 5.68 0.045 -0.745 2.445 0.142 0.130 0.654
2008.6945 50.76 5.68 0.182 -0.502 2.240 0.138 0.126 0.634
2008.7219 50.76 5.68 0.046 -0.432 3.224 0.157 0.145 0.721
2008.7493 50.76 5.68 0.262 -0.537 2.258 0.143 0.132 0.657
2008.7767 50.76 5.68 0.575 -0.713 1.974 0.165 0.154 0.757
2008.8041 50.76 5.68 0.127 -0.155 0.724 0.166 0.155 0.761
2008.8315 50.76 5.68 0.404 -0.302 0.936 0.188 0.175 0.860
2008.8589 50.76 5.68 0.191 -0.486 1.493 0.219 0.205 1.001
2008.8863 50.76 5.68 0.501 -0.347 -0.046 0.210 0.197 0.961
2008.9137 50.76 5.68 0.281 -0.379 -0.767 0.200 0.187 0.915
2008.9411 50.76 5.68 0.053 -0.203 -2.322 0.209 0.196 0.961
2008.9685 50.76 5.68 -0.109 -0.398 -1.559 0.196 0.184 0.900
2008.9945 50.76 5.68 0.081 -0.217 -0.079 0.165 0.155 0.762
2009.0205 50.76 5.68 0.264 -0.409 0.622 0.162 0.153 0.748
2009.0479 50.76 5.68 0.341 -0.726 -0.287 0.163 0.153 0.749
2009.0753 50.76 5.68 0.135 -0.038 0.560 0.157 0.147 0.723
2009.1027 50.76 5.68 -0.144 0.091 -0.896 0.194 0.183 0.891
2009.1301 50.76 5.68 -0.310 0.910 2.275 0.155 0.145 0.716
2009.1575 50.76 5.68 -0.247 0.321 -0.274 0.158 0.148 0.731
2009.1849 50.76 5.68 -0.063 0.100 -2.168 0.180 0.170 0.828
2009.2123 50.76 5.68 -0.095 0.860 0.051 0.158 0.145 0.723
2009.2397 50.76 5.68 -0.228 0.897 -1.027 0.176 0.165 0.809
2009.2671 50.76 5.68 -0.213 0.588 -0.773 0.148 0.138 0.681
2009.2945 50.76 5.68 -0.210 0.576 -0.945 0.151 0.141 0.697
2009.3219 50.76 5.68 -0.174 0.322 -1.249 0.158 0.148 0.728
2009.3493 50.76 5.68 -0.303 0.467 -0.796 0.146 0.135 0.671
2009.3767 50.76 5.68 -0.194 0.460 2.407 0.153 0.142 0.705
2009.4041 50.76 5.68 -0.240 0.401 1.461 0.136 0.125 0.627
2009.4315 50.76 5.68 0.062 -0.001 -0.354 0.155 0.144 0.711
2009.4589 50.76 5.68 0.121 -0.183 -0.311 0.133 0.122 0.612
2009.4863 50.76 5.68 0.056 0.168 1.076 0.146 0.134 0.671
2009.5137 50.76 5.68 0.209 -0.206 1.580 0.141 0.127 0.648
2009.5411 50.76 5.68 0.076 -0.322 2.640 0.172 0.158 0.789
2009.5685 50.76 5.68 -0.246 -0.156 4.080 0.186 0.170 0.849
2009.5959 50.76 5.68 0.009 -0.311 3.866 0.163 0.148 0.748
2009.6233 50.76 5.68 0.301 -0.420 3.146 0.168 0.154 0.768
2009.6507 50.76 5.68 0.156 -0.459 3.344 0.162 0.148 0.740
2009.6781 50.76 5.68 0.497 -0.387 3.360 0.172 0.159 0.787
2009.7055 50.76 5.68 0.451 -0.307 2.496 0.177 0.165 0.812
2009.7329 50.76 5.68 0.513 -0.284 4.180 0.171 0.159 0.785
2009.7603 50.76 5.68 0.828 0.067 3.118 0.195 0.181 0.893
2009.7877 50.76 5.68 0.650 -0.479 2.563 0.180 0.167 0.825
2009.8151 50.76 5.68 0.410 0.002 1.833 0.193 0.180 0.881
2009.8425 50.76 5.68 0.461 -0.081 0.709 0.175 0.164 0.804
2009.8699 50.76 5.68 0.345 -0.112 0.393 0.168 0.156 0.770
2009.8973 50.76 5.68 0.589 -0.368 0.634 0.157 0.146 0.722
2009.9247 50.76 5.68 0.399 -0.111 1.850 0.159 0.145 0.729
2009.9521 50.76 5.68 0.383 0.139 0.312 0.147 0.137 0.679
2009.9795 50.76 5.68 0.002 -0.002 -0.808 0.152 0.141 0.699
2010.0068 50.76 5.68 0.284 0.178 0.598 0.190 0.177 0.870
2010.0342 50.76 5.68 -0.123 0.815 -1.191 0.149 0.139 0.689
2010.0616 50.76 5.68 -0.107 0.453 -2.599 0.153 0.142 0.705
2010.0890 50.76 5.68 -0.184 0.419 -1.797 0.181 0.170 0.831
2010.1164 50.76 5.68 -0.299 0.482 -1.059 0.187 0.175 0.858
2010.1438 50.76 5.68 -0.577 0.493 -1.702 0.181 0.169 0.832
2010.1712 50.76 5.68 -0.446 0.459 -3.840 0.174 0.161 0.797
2010.1986 50.76 5.68 -0.062 0.679 -1.836 0.167 0.155 0.765
2010.2260 50.76 5.68 0.053 0.567 -3.460 0.182 0.169 0.834
2010.2534 50.76 5.68 0.132 0.657 -2.956 0.188 0.174 0.862
2010.2808 50.76 5.68 -0.022 0.557 -2.046 0.146 0.134 0.673
2010.3082 50.76 5.68 -0.097 0.327 -2.557 0.153 0.140 0.702
2010.3356 50.76 5.68 0.499 0.280 -1.653 0.141 0.128 0.650
2010.3630 50.76 5.68 -0.041 0.484 -1.489 0.150 0.136 0.689
2010.3904 50.76 5.68 0.056 0.443 0.772 0.158 0.138 0.714
2010.4178 50.76 5.68 0.003 0.316 0.513 0.160 0.145 0.731
2010.4452 50.76 5.68 -0.036 0.281 0.078 0.142 0.129 0.654
2010.4726 50.76 5.68 0.078 0.462 1.054 0.129 0.116 0.595
2010.5000 50.76 5.68 0.233 0.591 0.065 0.144 0.131 0.661
2010.5274 50.76 5.68 0.308 0.217 2.127 0.217 0.203 0.989
2010.5548 50.76 5.68 0.106 0.112 3.683 0.141 0.131 0.650
2010.5822 50.76 5.68 -0.129 0.483 2.650 0.128 0.118 0.592
2010.6096 50.76 5.68 0.006 0.310 2.733 0.163 0.152 0.746
2010.6370 50.76 5.68 -0.039 -0.046 -0.046 0.146 0.136 0.673
2010.6644 50.76 5.68 0.241 -0.023 -0.233 0.137 0.128 0.634
2010.6918 50.76 5.68 0.245 -0.147 1.861 0.163 0.153 0.749
2010.7192 50.76 5.68 0.212 -0.335 1.729 0.152 0.142 0.700
2010.7466 50.76 5.68 -0.094 -0.291 1.238 0.175 0.165 0.803
2010.7740 50.76 5.68 0.262 -0.264 1.619 0.145 0.135 0.671
2010.8014 50.76 5.68 0.265 -0.017 0.188 0.138 0.129 0.638
2010.8288 50.76 5.68 0.185 -0.049 1.106 0.156 0.146 0.718
2010.8562 50.76 5.68 0.032 -0.130 -2.193 0.154 0.144 0.707
2010.8836 50.76 5.68 -0.065 -0.044 -2.061 0.144 0.134 0.664
2010.9110 50.76 5.68 -0.281 0.443 -2.032 0.156 0.146 0.718
2010.9384 50.76 5.68 -0.227 0.602 -3.291 0.162 0.151 0.743
2010.9658 50.76 5.68 -0.292 0.404 -3.287 0.177 0.166 0.810
2010.9932 50.76 5.68 -0.561 1.045 -3.763 0.165 0.118 0.702
2011.1027 50.76 5.68 0.004 0.548 -3.837 0.155 0.133 0.705
2011.1301 50.76 5.68 -0.002 1.129 -2.301 0.212 0.198 0.969
2011.1575 50.76 5.68 -0.210 0.716 -2.987 0.146 0.134 0.672
2011.1849 50.76 5.68 -0.322 0.642 -0.283 0.119 0.107 0.553
2011.2123 50.76 5.68 -0.357 0.570 -1.926 0.181 0.169 0.827
2011.2397 50.76 5.68 0.253 0.566 -0.092 0.187 0.175 0.855
2011.2671 50.76 5.68 0.038 0.483 -0.379 0.153 0.143 0.705
2011.2945 50.76 5.68 -0.269 0.870 1.442 0.176 0.165 0.806
2011.3219 50.76 5.68 0.025 0.757 -0.729 0.165 0.155 0.759
2011.3493 50.76 5.68 -0.039 0.739 1.252 0.150 0.140 0.690
2011.3767 50.76 5.68 -0.231 0.918 2.230 0.173 0.163 0.794
2011.4041 50.76 5.68 0.248 1.082 0.518 0.155 0.144 0.713
2011.4315 50.76 5.68 0.209 0.691 1.251 0.168 0.143 0.751
2011.5137 50.76 5.68 0.120 0.462 1.308 0.149 0.133 0.679
2011.5411 50.76 5.68 0.216 0.162 1.944 0.153 0.141 0.701
2011.5685 50.76 5.68 -0.046 0.172 -0.183 0.151 0.138 0.692
2011.5959 50.76 5.68 0.175 0.305 0.880 0.160 0.147 0.733
2011.6233 50.76 5.68 0.395 0.071 0.473 0.161 0.148 0.739
2011.6507 50.76 5.68 0.325 0.081 -0.172 0.186 0.173 0.849
2011.6781 50.76 5.68 0.055 0.029 2.424 0.173 0.161 0.790
2011.7055 50.76 5.68 0.331 -0.348 1.498 0.172 0.161 0.789
2011.7329 50.76 5.68 0.387 -0.252 1.166 0.197 0.185 0.901
2011.7603 50.76 5.68 0.244 0.277 3.031 0.170 0.160 0.781
2011.7877 50.76 5.68 0.489 0.115 3.105 0.180 0.170 0.826
2011.8151 50.76 5.68 0.257 -0.198 1.631 0.178 0.166 0.813
2011.8425 50.76 5.68 0.423 0.120 2.941 0.191 0.179 0.871
2011.8699 50.76 5.68 0.416 -0.226 6.373 0.191 0.169 0.853
2011.9521 50.76 5.68 0.236 0.215 -2.187 0.140 0.109 0.614
2011.9795 50.76 5.68 0.053 0.594 -1.589 0.158 0.141 0.710
2012.0068 50.76 5.68 0.356 0.306 -1.383 0.148 0.131 0.665
2012.0342 50.76 5.68 0.056 1.093 1.134 0.176 0.154 0.786
2012.0616 50.76 5.68 0.042 0.765 -0.180 0.155 0.134 0.690
2012.0890 50.76 5.68 -0.017 0.917 1.726 0.154 0.132 0.683
2012.1164 50.76 5.68 -0.011 0.975 1.266 0.152 0.128 0.673
2012.1438 50.76 5.68 0.043 1.051 1.002 0.158 0.132 0.693
2012.1712 50.76 5.68 -0.258 0.849 1.613 0.153 0.126 0.672
2012.1986 50.76 5.68 -0.334 1.224 0.686 0.140 0.113 0.611
2012.2260 50.76 5.68 -0.149 0.700 -0.301 0.141 0.114 0.615
2012.2534 50.76 5.68 0.135 0.628 -0.063 0.137 0.110 0.597
2012.2808 50.76 5.68 0.055 0.773 2.133 0.128 0.102 0.558
2012.3082 50.76 5.68 0.077 0.870 1.001 0.168 0.118 0.710
2012.3904 50.76 5.68 -0.432 0.477 -0.743 0.164 0.131 0.719
2012.4178 50.76 5.68 -0.093 0.258 0.517 0.118 0.094 0.517
2012.4452 50.76 5.68 -0.094 0.193 -0.823 0.118 0.093 0.515
2012.4726 50.76 5.68 -0.125 0.040 -0.204 0.126 0.100 0.550
2012.5000 50.76 5.68 -0.055 -0.101 -0.193 0.121 0.096 0.529
2012.5274 50.76 5.68 -0.058 -0.195 0.424 0.127 0.102 0.556
2012.5548 50.76 5.68 -0.003 0.070 2.160 0.127 0.102 0.556
2012.5822 50.76 5.68 -0.108 -0.072 3.196 0.133 0.108 0.582
2012.6096 50.76 5.68 0.137 -0.096 3.643 0.131 0.107 0.575
2012.6370 50.76 5.68 0.081 -0.597 3.198 0.121 0.100 0.534
2012.6644 50.76 5.68 0.122 -0.767 3.978 0.131 0.110 0.579
2012.6918 50.76 5.68 0.166 -0.115 3.356 0.134 0.114 0.594
2012.7192 50.76 5.68 0.226 -0.332 3.825 0.157 0.139 0.704
2012.7466 50.76 5.68 0.239 -0.235 2.196 0.130 0.096 0.563
2012.8562 50.76 5.68 -0.051 -0.226 1.830 0.165 0.145 0.739
2012.8836 50.76 5.68 0.175 -0.654 -1.534 0.151 0.140 0.690
2012.9110 50.76 5.68 0.219 -0.354 0.003 0.144 0.133 0.658
2012.9384 50.76 5.68 0.095 -0.240 -0.313 0.142 0.130 0.651
2012.9658 50.76 5.68 -0.330 -0.134 -0.144 0.153 0.144 0.703
2012.9918 50.76 5.68 -0.422 -0.240 -3.005 0.079 0.071 0.371
2013.0178 50.76 5.68 -0.146 -0.095 -1.249 0.091 0.084 0.426
2013.0452 50.76 5.68 -0.395 0.054 -0.175 0.091 0.083 0.425
2013.0726 50.76 5.68 -0.775 -0.232 -1.748 0.084 0.077 0.396
2013.1000 50.76 5.68 -0.240 0.496 -0.549 0.086 0.079 0.405
2013.1274 50.76 5.68 -0.610 0.657 -0.649 0.081 0.074 0.382
2013.1548 50.76 5.68 -0.298 0.318 -1.042 0.080 0.067 0.370
2013.2644 50.76 5.68 -0.485 0.917 -2.498 0.104 0.060 0.419
2013.2918 50.76 5.68 -0.334 0.997 -2.376 0.083 0.076 0.390
2013.3192 50.76 5.68 -0.343 1.237 -3.189 0.090 0.084 0.424
2013.3466 50.76 5.68 -0.586 0.619 -0.943 0.092 0.086 0.434
2013.3740 50.76 5.68 -0.784 0.844 -1.274 0.080 0.074 0.379
2013.4014 50.76 5.68 -0.837 0.609 -2.702 0.082 0.077 0.390
2013.4288 50.76 5.68 -0.983 0.875 -1.420 0.074 0.068 0.352
2013.4562 50.76 5.68 -0.978 0.740 -0.173 0.075 0.069 0.358
2013.4836 50.76 5.68 -0.969 0.502 -1.374 0.076 0.070 0.364
2013.5110 50.76 5.68 -0.576 0.318 1.766 0.085 0.079 0.402
2013.5384 50.76 5.68 -0.389 0.419 5.085 0.086 0.077 0.401
2013.5658 50.76 5.68 -0.305 0.275 6.561 0.088 0.081 0.413
2013.7575 50.76 5.68 -0.248 0.040 2.548 0.086 0.077 0.403
2013.7849 50.76 5.68 0.371 -0.200 3.051 0.088 0.080 0.411
2013.8123 50.76 5.68 -0.133 -0.583 1.657 0.081 0.073 0.380
2013.8397 50.76 5.68 0.376 -0.101 0.320 0.081 0.074 0.384
2013.8671 50.76 5.68 -0.179 0.022 0.221 0.087 0.079 0.409
2013.8945 50.76 5.68 -0.106 0.194 1.534 0.081 0.074 0.382
2013.9219 50.76 5.68 0.028 0.048 1.450 0.073 0.066 0.348
2013.9493 50.76 5.68 0.050 0.177 -0.042 0.077 0.070 0.366
2013.9767 50.76 5.68 -0.051 -0.020 1.255 0.078 0.071 0.371
2014.0041 50.76 5.68 -0.163 0.275 0.576 0.075 0.069 0.359
2014.0315 50.76 5.68 -0.195 -0.205 -0.437 0.078 0.072 0.371
2014.1685 50.76 5.68 -0.618 0.023 -2.493 0.083 0.075 0.391
2014.1959 50.76 5.68 -0.781 0.474 -0.336 0.082 0.076 0.389
2014.2233 50.76 5.68 -0.605 0.975 -0.117 0.079 0.072 0.372
2014.2507 50.76 5.68 -0.297 0.299 -0.035 0.072 0.066 0.345
2014.2781 50.76 5.68 -0.246 0.438 0.917 0.076 0.070 0.362
2014.3055 50.76 5.68 -0.030 0.661 0.196 0.073 0.067 0.350
2014.3329 50.76 5.68 -0.214 0.645 1.675 0.061 0.055 0.297
2014.3603 50.76 5.68 -0.166 0.496 2.387 0.069 0.062 0.329
2014.3877 50.76 5.68 -0.478 0.392 2.541 0.069 0.063 0.330
2014.4151 50.76 5.68 -0.328 0.445 2.891 0.069 0.062 0.329
2014.4425 50.76 5.68 -0.078 -0.023 3.813 0.073 0.066 0.346
2014.4699 50.76 5.68 -0.033 0.510 4.026 0.073 0.066 0.346
2014.5795 50.76 5.68 -0.441 0.122 1.871 0.068 0.055 0.320
2014.6068 50.76 5.68 -0.605 -0.241 4.225 0.065 0.058 0.311
2014.6342 50.76 5.68 -0.603 -0.387 4.562 0.060 0.053 0.290
2014.6616 50.76 5.68 -0.228 0.003 4.445 0.065 0.059 0.314
2014.6890 50.76 5.68 -0.346 -0.162 3.086 0.064 0.057 0.307
2014.7164 50.76 5.68 -0.343 0.052 4.175 0.062 0.056 0.302
2014.7438 50.76 5.68 -0.034 -0.814 4.062 0.067 0.061 0.322
2014.7712 50.76 5.68 0.088 -1.107 2.189 0.067 0.060 0.319
2014.7986 50.76 5.68 0.160 -0.182 1.565 0.060 0.053 0.291
2014.8260 50.76 5.68 -0.042 -0.677 1.769 0.060 0.053 0.290
2014.8534 50.76 5.68 -0.041 -0.677 1.107 0.063 0.056 0.304
2014.8808 50.76 5.68 -0.190 -0.018 2.611 0.064 0.056 0.305
2014.9082 50.76 5.68 -0.262 -0.241 0.884 0.065 0.057 0.310
2015.0452 50.76 5.68 -0.255 0.016 -2.651 0.050 0.042 0.246
2015.0726 50.76 5.68 -0.279 0.508 -0.235 0.054 0.046 0.261
2015.1000 50.76 5.68 -0.670 0.518 -1.280 0.048 0.040 0.240
2015.1274 50.76 5.68 -0.513 0.367 -1.165 0.045 0.038 0.227
2015.1548 50.76 5.68 -0.445 0.204 1.527 0.052 0.044 0.254
2015.1822 50.76 5.68 -0.634 0.989 -0.482 0.049 0.042 0.242
2015.2096 50.76 5.68 -0.490 1.102 1.544 0.065 0.055 0.306
2015.2370 50.76 5.68 -0.405 0.598 -0.808 0.069 0.061 0.324
2015.2644 50.76 5.68 -0.369 0.269 -0.023 0.061 0.053 0.292
2015.2918 50.76 5.68 -0.216 1.106 2.602 0.061 0.054 0.295
2015.3192 50.76 5.68 -0.431 0.858 0.148 0.059 0.052 0.286
2015.3466 50.76 5.68 -0.509 0.656 1.274 0.064 0.057 0.306
2015.4836 50.76 5.68 -0.077 0.617 3.471 0.062 0.049 0.295
2015.5110 50.76 5.68 -0.069 0.131 1.055 0.058 0.049 0.281
2015.5384 50.76 5.68 0.160 -0.097 3.698 0.063 0.055 0.305
2015.5658 50.76 5.68 -0.006 -0.021 3.869 0.063 0.056 0.303
2015.5932 50.76 5.68 0.398 -0.282 5.337 0.065 0.058 0.311
2015.6205 50.76 5.68 0.088 -0.522 4.805 0.063 0.056 0.304
2015.6479 50.76 5.68 0.310 -0.322 5.940 0.061 0.054 0.296
2015.6753 50.76 5.68 0.375 -0.310 4.652 0.060 0.052 0.288
2015.7027 50.76 5.68 0.080 -0.440 3.726 0.064 0.057 0.308
2015.7301 50.76 5.68 0.027 -0.346 0.135 0.065 0.057 0.310
2015.9493 50.76 5.68 0.232 0.082 2.333 0.062 0.056 0.303
2015.9767 50.76 5.68 0.374 0.181 -0.130 0.065 0.059 0.312
2016.0041 50.76 5.68 0.038 -0.288 1.784 0.059 0.053 0.287
2016.0315 50.76 5.68 -0.291 -0.405 -0.107 0.056 0.051 0.275
2016.0589 50.76 5.68 -0.196 -0.164 0.977 0.057 0.052 0.281
2016.0863 50.76 5.68 0.312 0.295 -0.249 0.052 0.047 0.260
2016.1137 50.76 5.68 -0.093 0.348 0.226 0.058 0.053 0.285
2016.1411 50.76 5.68 -0.280 0.421 -0.200 0.069 0.062 0.327
2016.1685 50.76 5.68 -0.421 0.741 -3.145 0.073 0.067 0.347
2016.1959 50.76 5.68 -0.649 1.167 -0.361 0.072 0.066 0.342
2016.2233 50.76 5.68 -0.429 0.712 -1.295 0.072 0.068 0.345
2016.2507 50.76 5.68 -0.269 0.513 -0.518 0.061 0.055 0.298
2016.3603 50.76 5.68 -0.066 0.709 -0.682 0.056 0.051 0.278
2016.3877 50.76 5.68 -0.186 0.577 -0.153 0.066 0.060 0.317
2016.4151 50.76 5.68 -0.573 0.616 -1.667 0.065 0.059 0.312
2016.4425 50.76 5.68 -0.578 0.508 -4.095 0.069 0.063 0.330
2016.4699 50.76 5.68 -0.217 0.533 -3.898 0.068 0.062 0.324
