2002.5877 38.93 140.83 -0.021 -0.755 -4.843 0.114 0.097 0.520
2002.6151 38.93 140.83 -0.335 0.746 1.400 0.109 0.093 0.498
2002.6425 38.93 140.83 -0.171 -0.804 -3.511 0.111 0.095 0.507
2002.6699 38.93 140.83 -0.081 -0.274 -4.595 0.096 0.082 0.444
2002.6973 38.93 140.83 -0.524 -0.658 -2.485 0.165 0.077 0.624
2002.7247 38.93 140.83 -0.239 -0.358 -2.370 0.103 0.089 0.470
2002.7521 38.93 140.83 -0.364 0.018 -1.608 0.096 0.083 0.440
2002.7795 38.93 140.83 -0.265 -0.761 -0.893 0.111 0.096 0.510
2002.8068 38.93 140.83 -0.227 -1.009 -1.882 0.099 0.085 0.453
2002.8342 38.93 140.83 -0.138 -0.815 -0.197 0.098 0.084 0.448
2002.8616 38.93 140.83 -0.381 -0.246 -1.142 0.101 0.075 0.445
2002.8890 38.93 140.83 -0.129 -0.380 -2.260 0.099 0.084 0.452
2002.9164 38.93 140.83 -0.124 -1.407 -3.408 0.106 0.089 0.483
2003.0260 38.93 140.83 0.144 -0.316 -0.995 0.120 0.101 0.548
2003.0534 38.93 140.83 0.072 -0.281 -3.041 0.194 0.166 0.868
2003.0808 38.93 140.83 0.182 -0.480 -4.948 0.174 0.142 0.776
2003.1082 38.93 140.83 0.027 -0.438 -4.873 0.102 0.083 0.467
2003.1356 38.93 140.83 0.126 -0.747 -7.164 0.094 0.077 0.435
2003.1630 38.93 140.83 0.013 -0.703 -4.992 0.100 0.083 0.460
2003.1904 38.93 140.83 0.200 -0.687 -5.546 0.118 0.096 0.532
2003.2178 38.93 140.83 -0.030 -0.824 -4.392 0.099 0.082 0.453
2003.2452 38.93 140.83 -0.165 -0.291 -2.147 0.096 0.081 0.443
2003.2726 38.93 140.83 -0.197 -0.082 -2.184 0.094 0.079 0.433
2003.3000 38.93 140.83 -0.151 -0.306 1.265 0.092 0.078 0.424
2003.3274 38.93 140.83 -0.204 -0.154 2.161 0.119 0.102 0.544
2003.3548 38.93 140.83 0.172 -0.484 1.117 0.130 0.113 0.591
2003.3822 38.93 140.83 0.025 -0.342 -0.180 0.119 0.098 0.542
2003.5192 38.93 140.83 -0.467 -0.049 -0.807 0.124 0.109 0.563
2003.5466 38.93 140.83 -0.446 0.022 -1.260 0.136 0.121 0.619
2003.5740 38.93 140.83 -0.473 -0.063 -0.787 0.158 0.142 0.715
2003.6014 38.93 140.83 -0.492 -0.204 -2.414 0.136 0.121 0.619
2003.6288 38.93 140.83 -0.425 -0.746 -2.498 0.130 0.114 0.589
2003.6562 38.93 140.83 -0.353 -0.458 -3.609 0.139 0.122 0.628
2003.6836 38.93 140.83 -0.338 -0.625 -1.147 0.137 0.121 0.619
2003.7110 38.93 140.83 -0.223 -0.721 -1.352 0.108 0.093 0.493
2003.7384 38.93 140.83 -0.308 -1.041 -1.921 0.130 0.114 0.589
2003.7658 38.93 140.83 -0.091 -0.663 -1.166 0.120 0.105 0.543
2003.7932 38.93 140.83 -0.147 -0.006 -0.406 0.133 0.117 0.602
2003.8205 38.93 140.83 -0.284 -0.674 -1.102 0.145 0.123 0.644
2003.8479 38.93 140.83 0.024 -0.581 -1.764 0.128 0.105 0.567
2003.8753 38.93 140.83 -0.123 -0.673 -1.977 0.133 0.115 0.598
2003.9027 38.93 140.83 0.031 -0.734 -3.474 0.123 0.103 0.549
2003.9301 38.93 140.83 -0.041 -0.242 -3.219 0.128 0.108 0.570
2003.9575 38.93 140.83 -0.264 0.111 -2.352 0.142 0.122 0.635
2003.9849 38.93 140.83 0.039 -0.355 -0.019 0.135 0.115 0.602
2004.0123 38.93 140.83 -0.015 -0.716 -3.350 0.145 0.123 0.644
2004.0397 38.93 140.83 0.088 -1.028 -4.467 0.124 0.099 0.551
2004.0945 38.93 140.83 0.090 -0.658 -2.841 0.116 0.093 0.516
2004.1219 38.93 140.83 -0.017 -0.674 -3.977 0.123 0.101 0.543
2004.1493 38.93 140.83 0.283 -0.961 -4.101 0.144 0.118 0.633
2004.1767 38.93 140.83 0.123 -0.877 -4.541 0.153 0.127 0.671
2004.2041 38.93 140.83 0.291 -0.429 -2.978 0.126 0.102 0.552
2004.2315 38.93 140.83 0.172 -0.748 -5.150 0.128 0.103 0.560
2004.2589 38.93 140.83 0.303 -0.475 -4.912 0.132 0.106 0.578
2004.2863 38.93 140.83 0.296 -0.630 -1.864 0.133 0.106 0.579
2004.3137 38.93 140.83 0.475 -0.615 -0.552 0.127 0.100 0.551
2004.3411 38.93 140.83 0.221 -0.531 0.756 0.139 0.109 0.600
2004.3685 38.93 140.83 0.347 -0.459 -3.526 0.134 0.105 0.583
2004.3959 38.93 140.83 0.273 -0.447 -3.231 0.118 0.093 0.517
2004.4233 38.93 140.83 0.134 -0.587 -0.430 0.114 0.089 0.497
2004.4507 38.93 140.83 0.366 -0.285 0.369 0.101 0.078 0.443
2004.4781 38.93 140.83 0.049 -0.521 0.090 0.111 0.086 0.483
2004.5055 38.93 140.83 0.239 -0.556 -0.419 0.108 0.084 0.473
2004.5329 38.93 140.83 -0.279 -0.698 -2.659 0.103 0.080 0.450
2004.5603 38.93 140.83 -0.127 -0.384 -1.135 0.106 0.081 0.461
2004.5877 38.93 140.83 -0.203 -0.307 -3.159 0.107 0.082 0.466
2004.6151 38.93 140.83 0.189 -0.270 -2.711 0.117 0.091 0.511
2004.6425 38.93 140.83 -0.154 -0.233 -1.025 0.100 0.078 0.442
2004.6699 38.93 140.83 -0.318 -0.272 -1.227 0.100 0.078 0.443
2004.6973 38.93 140.83 -0.344 -0.389 0.036 0.094 0.074 0.419
2004.7247 38.93 140.83 -0.260 -0.339 -1.717 0.108 0.084 0.473
2004.7521 38.93 140.83 -0.264 -0.467 -1.801 0.104 0.081 0.458
2004.7795 38.93 140.83 -0.378 -0.469 -3.306 0.101 0.078 0.444
2004.8068 38.93 140.83 -0.287 -0.405 -2.317 0.112 0.086 0.486
2004.8342 38.93 140.83 -0.319 -0.833 -3.391 0.110 0.085 0.479
2004.8616 38.93 140.83 -0.207 -0.755 -0.038 0.098 0.076 0.432
2004.8890 38.93 140.83 -0.347 -0.714 -0.624 0.097 0.076 0.431
2004.9164 38.93 140.83 -0.015 -0.148 -0.534 0.106 0.083 0.464
2004.9438 38.93 140.83 -0.020 -0.369 -0.995 0.117 0.092 0.518
2004.9712 38.93 140.83 -0.010 -0.716 -0.803 0.106 0.083 0.464
2004.9973 38.93 140.83 0.016 -0.726 -2.905 0.103 0.081 0.453
2005.0233 38.93 140.83 0.073 -0.262 -0.958 0.118 0.094 0.515
2005.0507 38.93 140.83 0.305 -0.510 -3.142 0.171 0.141 0.741
2005.0781 38.93 140.83 0.077 -0.460 -2.789 0.131 0.106 0.571
2005.1055 38.93 140.83 0.058 -0.830 -3.815 0.130 0.105 0.569
2005.1329 38.93 140.83 -0.191 -0.665 -4.634 0.133 0.109 0.583
2005.1603 38.93 140.83 -0.079 -0.316 -4.818 0.120 0.096 0.526
2005.1877 38.93 140.83 -0.046 -0.529 -3.281 0.121 0.095 0.529
2005.2151 38.93 140.83 0.063 -0.409 -3.858 0.114 0.090 0.503
2005.2425 38.93 140.83 0.231 -0.461 -3.707 0.110 0.088 0.487
2005.2699 38.93 140.83 0.250 -0.261 -4.430 0.117 0.095 0.517
2005.2973 38.93 140.83 0.254 -0.552 -3.342 0.124 0.100 0.544
2005.3247 38.93 140.83 0.404 -0.751 -1.690 0.130 0.106 0.572
2005.3521 38.93 140.83 0.433 -0.553 -0.825 0.058 0.047 0.281
2005.3795 38.93 140.83 0.355 -0.402 -0.969 0.122 0.099 0.540
2005.4068 38.93 140.83 0.108 -0.538 -0.767 0.112 0.091 0.499
2005.4342 38.93 140.83 0.257 -0.498 1.504 0.129 0.105 0.571
2005.4616 38.93 140.83 0.189 -0.337 -0.038 0.117 0.095 0.519
2005.4890 38.93 140.83 0.058 -0.007 0.792 0.111 0.091 0.494
2005.5164 38.93 140.83 -0.244 -0.259 -0.190 0.110 0.091 0.493
2005.5438 38.93 140.83 -0.092 -0.284 -0.145 0.119 0.099 0.532
2005.5712 38.93 140.83 -0.219 -0.343 -0.915 0.130 0.108 0.576
2005.5986 38.93 140.83 0.017 -0.103 0.091 0.132 0.111 0.589
2005.6260 38.93 140.83 -0.150 -0.160 -1.977 0.118 0.098 0.525
2005.6534 38.93 140.83 0.011 -0.229 -2.673 0.124 0.104 0.551
2005.6808 38.93 140.83 -0.354 0.021 -1.313 0.121 0.102 0.543
2005.7082 38.93 140.83 -0.198 0.120 -1.496 0.146 0.125 0.650
2005.7356 38.93 140.83 -0.165 -0.150 -1.642 0.128 0.110 0.575
2005.7630 38.93 140.83 -0.087 -0.478 -0.373 0.129 0.110 0.577
2005.7904 38.93 140.83 -0.023 -0.441 -0.652 0.121 0.103 0.544
2005.8178 38.93 140.83 -0.242 -0.148 -1.471 0.124 0.106 0.558
2005.8452 38.93 140.83 -0.009 -0.010 -0.277 0.133 0.114 0.598
2005.8726 38.93 140.83 0.020 -0.424 -0.899 0.116 0.099 0.521
2005.9000 38.93 140.83 0.001 -0.544 -0.513 0.113 0.096 0.510
2005.9274 38.93 140.83 0.110 -0.348 -1.214 0.119 0.095 0.531
2005.9548 38.93 140.83 0.003 -0.349 -1.561 0.116 0.095 0.544
2005.9822 38.93 140.83 -0.090 -0.464 -1.314 0.112 0.092 0.509
2006.0096 38.93 140.83 0.091 -0.468 -3.469 0.121 0.102 0.546
2006.0370 38.93 140.83 0.140 -0.200 -6.155 0.152 0.130 0.679
2006.0644 38.93 140.83 0.228 -0.635 -4.985 0.154 0.132 0.691
2006.0918 38.93 140.83 0.129 -0.638 -5.588 0.153 0.132 0.686
2006.1192 38.93 140.83 0.070 -0.759 -4.981 0.172 0.151 0.771
2006.1466 38.93 140.83 0.127 -0.533 -3.659 0.136 0.118 0.614
2006.1740 38.93 140.83 0.142 -0.231 -4.538 0.152 0.134 0.683
2006.2014 38.93 140.83 0.039 -0.278 -4.626 0.119 0.103 0.539
2006.2288 38.93 140.83 0.049 -0.242 -5.792 0.152 0.136 0.689
2006.2562 38.93 140.83 0.326 -0.516 -7.271 0.143 0.128 0.646
2006.2836 38.93 140.83 0.322 -1.039 -4.166 0.140 0.125 0.634
2006.3110 38.93 140.83 0.401 -0.436 -3.249 0.149 0.134 0.675
2006.3384 38.93 140.83 0.326 -0.650 -1.070 0.135 0.121 0.615
2006.3658 38.93 140.83 0.415 -0.251 -1.164 0.150 0.135 0.679
2006.3932 38.93 140.83 0.387 -0.565 1.427 0.147 0.133 0.669
2006.4205 38.93 140.83 0.225 -0.573 -1.239 0.148 0.133 0.673
2006.4479 38.93 140.83 0.106 -0.427 -0.753 0.163 0.142 0.734
2006.4753 38.93 140.83 0.038 -0.100 2.322 0.165 0.148 0.746
2006.5027 38.93 140.83 -0.369 0.408 0.724 0.171 0.154 0.774
2006.5301 38.93 140.83 -0.001 0.110 -0.680 0.202 0.184 0.914
2006.5575 38.93 140.83 0.215 0.211 -1.698 0.161 0.146 0.733
2006.5849 38.93 140.83 0.069 -0.277 -4.602 0.166 0.150 0.753
2006.6123 38.93 140.83 0.025 -0.122 -4.014 0.203 0.187 0.919
2006.6397 38.93 140.83 0.135 -0.503 -2.502 0.173 0.158 0.783
2006.6671 38.93 140.83 -0.040 -0.548 -2.631 0.157 0.142 0.715
2006.6945 38.93 140.83 0.075 -0.771 -1.217 0.200 0.183 0.905
2006.7219 38.93 140.83 0.052 -0.542 -0.377 0.189 0.170 0.852
2006.7493 38.93 140.83 -0.209 -0.768 -1.285 0.224 0.203 1.010
2006.7767 38.93 140.83 -0.049 -0.716 -3.187 0.194 0.177 0.879
2006.8041 38.93 140.83 -0.160 -0.807 -0.337 0.157 0.141 0.713
2006.8315 38.93 140.83 -0.117 -0.410 2.713 0.182 0.165 0.824
2006.8589 38.93 140.83 0.035 -0.493 0.140 0.178 0.160 0.803
2006.8863 38.93 140.83 0.018 -0.119 -1.303 0.170 0.153 0.771
2006.9137 38.93 140.83 0.154 -0.087 -0.647 0.166 0.148 0.750
2006.9411 38.93 140.83 0.052 0.415 -2.092 0.163 0.145 0.738
2006.9685 38.93 140.83 0.218 0.090 -4.035 0.163 0.142 0.735
2006.9959 38.93 140.83 0.035 -0.144 -4.779 0.163 0.139 0.730
2007.0233 38.93 140.83 -0.006 -0.233 -4.790 0.152 0.128 0.680
2007.0507 38.93 140.83 -0.094 -0.054 -3.792 0.158 0.134 0.708
2007.0781 38.93 140.83 0.106 -0.164 -3.754 0.161 0.143 0.728
2007.1055 38.93 140.83 0.095 -0.295 -3.153 0.144 0.127 0.653
2007.1329 38.93 140.83 -0.122 0.035 -3.730 0.157 0.138 0.709
2007.1603 38.93 140.83 0.044 -0.703 -6.733 0.149 0.132 0.677
2007.1877 38.93 140.83 0.083 -0.855 -7.636 0.192 0.174 0.866
2007.2151 38.93 140.83 0.465 -0.796 -7.205 0.171 0.154 0.774
2007.2425 38.93 140.83 0.414 -0.939 -6.089 0.164 0.149 0.745
2007.2699 38.93 140.83 0.286 -0.528 -4.197 0.132 0.116 0.600
2007.2973 38.93 140.83 0.338 -0.009 -2.091 0.125 0.109 0.567
2007.3247 38.93 140.83 0.211 -0.270 -0.508 0.151 0.136 0.687
2007.3521 38.93 140.83 0.387 -0.069 -0.304 0.165 0.150 0.750
2007.3795 38.93 140.83 0.210 -0.672 -0.271 0.173 0.157 0.785
2007.4068 38.93 140.83 0.572 -0.083 -1.569 0.145 0.130 0.659
2007.4342 38.93 140.83 -0.065 -0.223 1.531 0.139 0.124 0.632
2007.4616 38.93 140.83 0.287 0.568 0.258 0.181 0.165 0.820
2007.4890 38.93 140.83 0.036 -0.131 -1.445 0.140 0.124 0.635
2007.5164 38.93 140.83 -0.044 -0.574 -1.008 0.147 0.132 0.669
2007.5438 38.93 140.83 -0.055 -0.244 -0.950 0.143 0.127 0.650
2007.5712 38.93 140.83 -0.389 -0.365 -0.897 0.147 0.131 0.667
2007.5986 38.93 140.83 -0.219 -0.451 -0.501 0.180 0.161 0.811
2007.6260 38.93 140.83 -0.353 -0.512 -1.000 0.147 0.130 0.667
2007.6534 38.93 140.83 -0.225 -0.561 0.192 0.149 0.132 0.677
2007.6808 38.93 140.83 -0.295 -0.643 -0.947 0.157 0.139 0.711
2007.7082 38.93 140.83 -0.221 -0.276 -0.089 0.118 0.100 0.536
2007.7356 38.93 140.83 -0.111 -0.102 0.859 0.162 0.142 0.729
2007.7630 38.93 140.83 -0.398 -0.039 0.958 0.126 0.107 0.570
2007.7904 38.93 140.83 -0.011 0.172 -0.546 0.159 0.141 0.718
2007.8178 38.93 140.83 -0.111 0.151 -0.922 0.182 0.164 0.823
2007.8452 38.93 140.83 -0.112 -0.451 -1.013 0.149 0.132 0.676
2007.8726 38.93 140.83 0.007 0.063 -1.573 0.173 0.154 0.783
2007.9000 38.93 140.83 0.030 -0.356 -1.374 0.185 0.159 0.825
2007.9274 38.93 140.83 0.099 -0.673 -0.836 0.179 0.161 0.812
2007.9548 38.93 140.83 0.133 -0.321 -0.248 0.135 0.120 0.616
2007.9822 38.93 140.83 0.144 0.093 -1.238 0.166 0.149 0.752
2008.0096 38.93 140.83 -0.162 -0.054 -1.726 0.145 0.131 0.662
2008.0370 38.93 140.83 0.251 0.016 -1.983 0.149 0.135 0.681
2008.0644 38.93 140.83 0.369 -0.405 -4.026 0.172 0.157 0.780
2008.0918 38.93 140.83 0.112 -0.315 -3.151 0.139 0.124 0.633
2008.1192 38.93 140.83 0.335 -0.456 -2.065 0.162 0.147 0.736
2008.1466 38.93 140.83 0.241 -0.761 -3.592 0.187 0.172 0.852
2008.1740 38.93 140.83 0.366 -0.377 -3.290 0.164 0.149 0.748
2008.2014 38.93 140.83 0.221 -0.638 -2.581 0.175 0.161 0.798
2008.2288 38.93 140.83 0.181 -0.299 -6.457 0.206 0.185 0.933
2008.2562 38.93 140.83 0.270 -0.426 -3.004 0.191 0.174 0.869
2008.2836 38.93 140.83 0.266 -0.661 -3.209 0.230 0.209 1.041
2008.3110 38.93 140.83 0.111 -0.775 -1.632 0.237 0.216 1.073
2008.3384 38.93 140.83 0.279 -0.251 -1.080 0.176 0.159 0.797
2008.3658 38.93 140.83 0.278 -0.418 -3.929 0.180 0.162 0.815
2008.3932 38.93 140.83 0.290 -0.634 -1.063 0.164 0.146 0.744
2008.4205 38.93 140.83 0.138 -0.430 0.226 0.144 0.127 0.652
2008.4479 38.93 140.83 0.018 -0.538 0.261 0.146 0.130 0.660
2008.4753 38.93 140.83 -0.096 -0.315 0.883 0.142 0.126 0.642
2008.5027 38.93 140.83 -0.538 -0.078 1.595 0.173 0.153 0.781
2008.5301 38.93 140.83 -0.167 -0.036 2.547 0.215 0.191 0.967
2008.5575 38.93 140.83 -0.146 -0.242 0.446 0.141 0.122 0.637
2008.5849 38.93 140.83 -0.295 -0.098 -0.817 0.158 0.141 0.714
2008.6123 38.93 140.83 -0.144 -0.073 -1.176 0.133 0.116 0.602
2008.6397 38.93 140.83 -0.149 -0.233 -0.072 0.146 0.128 0.657
2008.6671 38.93 140.83 -0.560 -0.004 -0.050 0.140 0.122 0.632
2008.6945 38.93 140.83 -0.105 -0.255 -0.680 0.135 0.118 0.612
2008.7219 38.93 140.83 -0.368 -0.126 -1.473 0.155 0.138 0.700
2008.7493 38.93 140.83 -0.186 -0.202 -0.226 0.140 0.125 0.637
2008.7767 38.93 140.83 -0.274 -0.250 0.149 0.163 0.147 0.737
2008.8041 38.93 140.83 -0.023 -0.235 -1.543 0.164 0.148 0.742
2008.8315 38.93 140.83 -0.083 -0.523 -1.541 0.185 0.167 0.838
2008.8589 38.93 140.83 -0.048 -0.568 -1.057 0.216 0.196 0.976
2008.8863 38.93 140.83 0.189 -0.493 -0.950 0.207 0.188 0.938
2008.9137 38.93 140.83 0.073 -0.275 -1.155 0.197 0.180 0.893
2008.9411 38.93 140.83 0.129 -0.033 -1.072 0.207 0.187 0.936
2008.9685 38.93 140.83 0.140 -0.651 -0.116 0.193 0.175 0.877
2008.9945 38.93 140.83 0.214 -0.240 -0.426 0.163 0.148 0.744
2009.0205 38.93 140.83 0.162 -0.213 -2.976 0.160 0.147 0.731
2009.0479 38.93 140.83 0.167 0.062 -2.194 0.161 0.147 0.733
2009.0753 38.93 140.83 0.203 0.178 -2.366 0.154 0.140 0.705
2009.1027 38.93 140.83 0.340 0.011 -4.398 0.191 0.175 0.871
2009.1301 38.93 140.83 0.156 0.224 -4.824 0.153 0.139 0.698
2009.1575 38.93 140.83 0.226 -0.097 -5.939 0.156 0.141 0.712
2009.1849 38.93 140.83 0.245 -0.469 -6.453 0.178 0.164 0.811
2009.2123 38.93 140.83 0.438 -0.209 -5.358 0.155 0.137 0.700
2009.2397 38.93 140.83 0.500 -0.086 -5.697 0.174 0.158 0.790
2009.2671 38.93 140.83 0.372 -0.392 -3.461 0.146 0.132 0.665
2009.2945 38.93 140.83 0.388 -0.792 -3.318 0.149 0.135 0.680
2009.3219 38.93 140.83 0.409 -0.961 -2.066 0.156 0.141 0.709
2009.3493 38.93 140.83 0.284 -0.554 -2.393 0.143 0.129 0.653
2009.3767 38.93 140.83 0.278 -0.511 -2.237 0.151 0.135 0.685
2009.4041 38.93 140.83 0.471 -0.539 -1.017 0.134 0.118 0.608
2009.4315 38.93 140.83 0.332 -0.698 0.674 0.152 0.137 0.692
2009.4589 38.93 140.83 0.550 -0.337 0.705 0.130 0.114 0.592
2009.4863 38.93 140.83 0.271 -0.460 0.391 0.143 0.126 0.649
2009.5137 38.93 140.83 -0.115 -0.213 -2.540 0.138 0.118 0.624
2009.5411 38.93 140.83 -0.069 0.105 -1.441 0.169 0.148 0.762
2009.5685 38.93 140.83 -0.231 0.041 -3.133 0.182 0.159 0.820
2009.5959 38.93 140.83 0.091 -0.167 -0.450 0.160 0.138 0.721
2009.6233 38.93 140.83 -0.155 -0.245 -1.328 0.165 0.145 0.743
2009.6507 38.93 140.83 0.269 -0.664 -3.121 0.159 0.140 0.716
2009.6781 38.93 140.83 0.316 -0.676 -3.369 0.169 0.151 0.764
2009.7055 38.93 140.83 0.226 -0.884 -1.337 0.175 0.157 0.790
2009.7329 38.93 140.83 0.086 -0.649 -2.853 0.169 0.151 0.764
2009.7603 38.93 140.83 0.183 -0.556 -1.314 0.192 0.173 0.869
2009.7877 38.93 140.83 0.343 -0.506 -1.624 0.177 0.160 0.803
2009.8151 38.93 140.83 0.109 -0.705 -0.778 0.190 0.172 0.859
2009.8425 38.93 140.83 0.164 0.099 -1.976 0.173 0.156 0.783
2009.8699 38.93 140.83 0.111 -0.031 -2.241 0.165 0.149 0.750
2009.8973 38.93 140.83 0.121 -0.023 -3.178 0.155 0.139 0.703
2009.9247 38.93 140.83 0.004 -0.091 -4.508 0.156 0.136 0.705
2009.9521 38.93 140.83 -0.007 -0.504 -2.435 0.145 0.129 0.660
2009.9795 38.93 140.83 0.411 -0.184 -0.830 0.149 0.133 0.678
2010.0068 38.93 140.83 0.065 -0.581 -1.134 0.187 0.170 0.849
2010.0342 38.93 140.83 0.107 -0.557 -2.955 0.147 0.131 0.669
2010.0616 38.93 140.83 -0.172 -0.641 -3.629 0.151 0.135 0.685
2010.0890 38.93 140.83 0.401 -0.403 -4.655 0.179 0.163 0.812
2010.1164 38.93 140.83 0.220 -0.306 -5.983 0.185 0.168 0.838
2010.1438 38.93 140.83 0.329 -0.554 -6.111 0.179 0.161 0.810
2010.1712 38.93 140.83 0.100 -0.906 -7.674 0.171 0.153 0.775
2010.1986 38.93 140.83 0.120 -0.623 -6.825 0.164 0.147 0.743
2010.2260 38.93 140.83 0.372 -0.621 -4.085 0.179 0.161 0.811
2010.2534 38.93 140.83 0.366 -0.204 -4.184 0.185 0.165 0.837
2010.2808 38.93 140.83 0.728 -0.602 -4.409 0.144 0.126 0.651
2010.3082 38.93 140.83 0.526 -0.778 -3.083 0.150 0.132 0.679
2010.3356 38.93 140.83 0.700 -0.663 -3.409 0.138 0.119 0.626
2010.3630 38.93 140.83 0.625 -0.550 -2.030 0.147 0.127 0.663
2010.3904 38.93 140.83 0.368 -0.415 -2.047 0.153 0.124 0.676
2010.4178 38.93 140.83 0.184 -0.416 -0.734 0.156 0.134 0.703
2010.4452 38.93 140.83 0.316 -0.265 0.660 0.139 0.120 0.629
2010.4726 38.93 140.83 0.328 -0.031 0.396 0.126 0.107 0.571
2010.5000 38.93 140.83 0.247 0.032 -1.091 0.141 0.122 0.637
2010.5274 38.93 140.83 -0.323 -0.186 -0.768 0.214 0.194 0.965
2010.5548 38.93 140.83 0.082 -0.115 -3.149 0.139 0.124 0.631
2010.5822 38.93 140.83 -0.050 -0.270 -1.673 0.126 0.112 0.574
2010.6096 38.93 140.83 0.137 0.032 -2.857 0.160 0.145 0.727
2010.6370 38.93 140.83 0.215 -0.196 -2.262 0.144 0.129 0.655
2010.6644 38.93 140.83 0.018 -0.565 -3.154 0.135 0.121 0.617
2010.6918 38.93 140.83 -0.128 -0.701 -0.682 0.161 0.146 0.731
2010.7192 38.93 140.83 -0.090 -0.838 -1.898 0.150 0.136 0.683
2010.7466 38.93 140.83 -0.122 -0.747 -2.437 0.173 0.158 0.784
2010.7740 38.93 140.83 -0.078 -1.505 -2.477 0.143 0.128 0.652
2010.8014 38.93 140.83 -0.137 -0.905 -0.909 0.136 0.122 0.620
2010.8288 38.93 140.83 -0.083 -0.812 -1.976 0.154 0.140 0.700
2010.8562 38.93 140.83 0.141 -1.013 -0.219 0.152 0.137 0.689
2010.8836 38.93 140.83 0.061 -0.669 0.307 0.142 0.127 0.645
2010.9110 38.93 140.83 0.048 -0.508 -1.717 0.154 0.139 0.698
2010.9384 38.93 140.83 -0.048 -0.001 -0.099 0.160 0.144 0.723
2010.9658 38.93 140.83 -0.118 -0.199 -2.485 0.175 0.158 0.789
2010.9932 38.93 140.83 0.059 0.004 -2.634 0.156 0.102 0.645
2011.1027 38.93 140.83 0.235 -0.903 -3.551 0.151 0.120 0.667
2011.1301 38.93 140.83 0.071 -0.463 -2.842 0.209 0.187 0.941
2011.1575 38.93 140.83 -0.024 -0.706 -4.230 0.143 0.125 0.648
2011.1849 38.93 140.83 0.455 -0.252 -2.279 0.117 0.099 0.531
2011.2123 38.93 140.83 0.336 -0.120 5.425 0.178 0.160 0.803
2011.2397 38.93 140.83 0.281 0.359 7.036 0.184 0.166 0.831
2011.2671 38.93 140.83 0.446 0.288 6.640 0.151 0.135 0.684
2011.2945 38.93 140.83 0.339 0.635 7.126 0.173 0.157 0.785
2011.3219 38.93 140.83 0.464 0.488 8.486 0.163 0.148 0.738
2011.3493 38.93 140.83 0.491 0.254 9.895 0.148 0.132 0.670
2011.3767 38.93 140.83 0.278 0.532 10.052 0.171 0.155 0.773
2011.4041 38.93 140.83 0.271 0.903 9.314 0.153 0.136 0.691
2011.4315 38.93 140.83 0.261 1.128 8.424 0.163 0.132 0.718
2011.5137 38.93 140.83 0.049 1.048 7.659 0.145 0.124 0.652
2011.5411 38.93 140.83 -0.238 0.782 8.921 0.150 0.133 0.679
2011.5685 38.93 140.83 -0.236 0.649 7.391 0.148 0.129 0.668
2011.5959 38.93 140.83 -0.425 0.479 7.574 0.157 0.139 0.709
2011.6233 38.93 140.83 -0.339 0.392 7.669 0.158 0.138 0.713
2011.6507 38.93 140.83 -0.384 0.551 6.450 0.183 0.164 0.824
2011.6781 38.93 140.83 -0.241 0.837 8.522 0.170 0.152 0.767
2011.7055 38.93 140.83 -0.099 0.548 6.353 0.170 0.153 0.766
2011.7329 38.93 140.83 -0.370 0.646 6.548 0.194 0.177 0.877
2011.7603 38.93 140.83 -0.174 0.269 5.217 0.168 0.152 0.760
2011.7877 38.93 140.83 -0.186 0.602 5.206 0.178 0.162 0.805
2011.8151 38.93 140.83 -0.254 0.797 6.660 0.175 0.158 0.791
2011.8425 38.93 140.83 -0.168 0.684 4.246 0.188 0.172 0.850
2011.8699 38.93 140.83 -0.145 0.597 7.225 0.186 0.162 0.830
2011.9521 38.93 140.83 -0.359 1.162 5.756 0.134 0.096 0.577
2011.9795 38.93 140.83 -0.191 0.759 5.933 0.155 0.135 0.693
2012.0068 38.93 140.83 0.036 0.441 6.778 0.145 0.125 0.647
2012.0342 38.93 140.83 -0.144 0.557 4.949 0.172 0.148 0.762
2012.0616 38.93 140.83 0.041 0.621 5.384 0.151 0.129 0.672
2012.0890 38.93 140.83 0.173 0.428 3.168 0.150 0.126 0.664
2012.1164 38.93 140.83 0.098 0.584 2.605 0.148 0.123 0.651
2012.1438 38.93 140.83 0.103 0.644 2.077 0.153 0.126 0.673
2012.1712 38.93 140.83 0.632 0.454 1.485 0.148 0.120 0.648
2012.1986 38.93 140.83 -0.024 0.153 0.303 0.135 0.107 0.591
2012.2260 38.93 140.83 -0.109 0.562 0.495 0.136 0.110 0.595
2012.2534 38.93 140.83 -0.033 0.705 3.026 0.132 0.107 0.579
2012.2808 38.93 140.83 -0.061 0.556 5.012 0.124 0.099 0.543
2012.3082 38.93 140.83 -0.086 0.640 4.149 0.159 0.101 0.651
2012.3904 38.93 140.83 -0.127 0.600 6.311 0.157 0.120 0.680
2012.4178 38.93 140.83 -0.153 0.802 5.531 0.114 0.091 0.500
2012.4452 38.93 140.83 -0.253 0.296 7.259 0.113 0.089 0.497
2012.4726 38.93 140.83 -0.448 0.501 6.692 0.122 0.096 0.533
2012.5000 38.93 140.83 -0.449 0.587 6.752 0.117 0.091 0.511
2012.5274 38.93 140.83 -0.356 0.716 5.717 0.123 0.098 0.538
2012.5548 38.93 140.83 -0.465 0.658 6.614 0.123 0.098 0.537
2012.5822 38.93 140.83 -0.261 0.554 4.205 0.129 0.104 0.566
2012.6096 38.93 140.83 0.052 0.858 4.878 0.127 0.104 0.558
2012.6370 38.93 140.83 -0.332 0.794 5.793 0.117 0.096 0.519
2012.6644 38.93 140.83 -0.336 0.574 3.972 0.127 0.106 0.563
2012.6918 38.93 140.83 -0.174 0.910 4.125 0.130 0.110 0.579
2012.7192 38.93 140.83 -0.071 0.745 5.934 0.154 0.135 0.686
2012.7466 38.93 140.83 -0.454 0.827 6.790 0.124 0.087 0.529
2012.8562 38.93 140.83 -0.078 0.973 7.417 0.162 0.141 0.720
2012.8836 38.93 140.83 -0.148 0.722 5.668 0.149 0.135 0.673
2012.9110 38.93 140.83 -0.193 1.078 9.449 0.141 0.128 0.641
2012.9384 38.93 140.83 -0.062 0.753 6.515 0.139 0.122 0.628
2012.9658 38.93 140.83 -0.137 0.953 7.407 0.151 0.137 0.687
2012.9918 38.93 140.83 -0.212 0.951 4.174 0.077 0.068 0.360
2013.0178 38.93 140.83 -0.189 0.832 4.292 0.090 0.080 0.414
2013.0452 38.93 140.83 -0.022 0.849 4.173 0.090 0.079 0.413
2013.0726 38.93 140.83 0.078 0.430 4.477 0.083 0.073 0.385
2013.1000 38.93 140.83 0.006 0.409 3.797 0.085 0.075 0.393
2013.1274 38.93 140.83 -0.000 0.582 2.771 0.080 0.069 0.370
2013.1548 38.93 140.83 0.035 0.548 3.690 0.078 0.063 0.356
2013.2644 38.93 140.83 0.031 0.430 0.124 0.096 0.047 0.376
2013.2918 38.93 140.83 0.114 0.290 2.723 0.081 0.072 0.378
2013.3192 38.93 140.83 0.281 -0.171 2.542 0.089 0.080 0.413
2013.3466 38.93 140.83 0.299 0.641 4.423 0.091 0.082 0.423
2013.3740 38.93 140.83 0.181 0.654 4.758 0.079 0.070 0.369
2013.4014 38.93 140.83 0.179 0.378 6.964 0.081 0.073 0.379
2013.4288 38.93 140.83 0.071 0.707 6.829 0.073 0.064 0.341
2013.4562 38.93 140.83 -0.008 0.934 6.718 0.074 0.065 0.347
2013.4836 38.93 140.83 -0.165 0.991 6.374 0.075 0.067 0.353
2013.5110 38.93 140.83 -0.131 0.306 5.744 0.084 0.075 0.391
2013.5384 38.93 140.83 0.024 0.902 6.858 0.084 0.072 0.386
2013.5658 38.93 140.83 0.195 0.324 6.229 0.087 0.077 0.401
2013.7575 38.93 140.83 0.055 1.328 4.870 0.084 0.072 0.387
2013.7849 38.93 140.83 -0.009 0.845 1.995 0.086 0.074 0.396
2013.8123 38.93 140.83 -0.127 0.791 2.692 0.079 0.068 0.366
2013.8397 38.93 140.83 -0.273 0.933 4.113 0.080 0.069 0.369
2013.8671 38.93 140.83 -0.175 0.517 6.089 0.086 0.073 0.393
2013.8945 38.93 140.83 -0.275 1.007 5.961 0.080 0.068 0.366
2013.9219 38.93 140.83 -0.070 1.742 6.444 0.072 0.061 0.333
2013.9493 38.93 140.83 -0.106 0.878 6.705 0.076 0.065 0.350
2013.9767 38.93 140.83 0.022 0.850 3.980 0.077 0.065 0.356
2014.0041 38.93 140.83 -0.072 0.864 4.586 0.074 0.063 0.344
2014.0315 38.93 140.83 -0.018 1.285 3.628 0.077 0.065 0.355
2014.1685 38.93 140.83 0.134 0.934 -0.560 0.082 0.069 0.376
2014.1959 38.93 140.83 0.294 0.855 -0.143 0.081 0.072 0.378
2014.2233 38.93 140.83 0.217 0.604 0.605 0.078 0.068 0.361
2014.2507 38.93 140.83 0.083 0.464 -0.237 0.071 0.062 0.334
2014.2781 38.93 140.83 -0.015 0.792 0.311 0.075 0.066 0.352
2014.3055 38.93 140.83 0.181 0.658 3.200 0.072 0.063 0.339
2014.3329 38.93 140.83 0.216 0.631 3.552 0.060 0.052 0.287
2014.3603 38.93 140.83 0.299 0.821 4.797 0.068 0.059 0.319
2014.3877 38.93 140.83 0.074 0.614 5.720 0.068 0.059 0.320
2014.4151 38.93 140.83 -0.012 0.963 4.696 0.068 0.058 0.318
2014.4425 38.93 140.83 0.032 0.869 4.072 0.072 0.062 0.335
2014.4699 38.93 140.83 -0.216 1.236 3.294 0.071 0.061 0.334
2014.5795 38.93 140.83 -0.044 1.355 3.654 0.066 0.051 0.306
2014.6068 38.93 140.83 -0.283 1.509 3.757 0.064 0.054 0.299
2014.6342 38.93 140.83 -0.276 1.247 0.282 0.059 0.049 0.278
2014.6616 38.93 140.83 -0.446 1.198 1.698 0.064 0.055 0.303
2014.6890 38.93 140.83 -0.392 1.168 2.252 0.063 0.053 0.296
2014.7164 38.93 140.83 -0.382 0.845 4.015 0.061 0.052 0.290
2014.7438 38.93 140.83 -0.306 0.816 3.872 0.066 0.057 0.311
2014.7712 38.93 140.83 -0.388 0.971 4.780 0.066 0.056 0.308
2014.7986 38.93 140.83 -0.334 0.638 3.567 0.059 0.049 0.280
2014.8260 38.93 140.83 -0.202 0.622 3.901 0.059 0.049 0.279
2014.8534 38.93 140.83 -0.237 1.290 5.771 0.062 0.052 0.292
2014.8808 38.93 140.83 -0.280 0.891 5.436 0.062 0.052 0.293
2014.9082 38.93 140.83 0.212 1.163 5.471 0.064 0.053 0.298
2015.0452 38.93 140.83 -0.260 1.213 3.079 0.049 0.038 0.236
2015.0726 38.93 140.83 -0.353 0.953 3.109 0.053 0.040 0.247
2015.1000 38.93 140.83 -0.375 0.979 2.805 0.047 0.037 0.229
2015.1274 38.93 140.83 -0.165 0.885 1.376 0.044 0.034 0.217
2015.1548 38.93 140.83 -0.234 0.949 -0.522 0.051 0.038 0.240
2015.1822 38.93 140.83 -0.316 1.511 -1.203 0.048 0.037 0.230
2015.2096 38.93 140.83 -0.106 0.913 -1.032 0.063 0.049 0.288
2015.2370 38.93 140.83 -0.137 1.303 -0.431 0.068 0.056 0.312
2015.2644 38.93 140.83 0.223 0.840 2.126 0.060 0.050 0.281
2015.2918 38.93 140.83 -0.202 0.772 2.344 0.060 0.050 0.285
2015.3192 38.93 140.83 -0.091 1.057 2.282 0.058 0.049 0.276
2015.3466 38.93 140.83 0.077 1.211 3.699 0.063 0.052 0.294
2015.4836 38.93 140.83 -0.398 1.172 6.467 0.060 0.043 0.275
2015.5110 38.93 140.83 -0.071 1.356 4.661 0.057 0.044 0.267
2015.5384 38.93 140.83 -0.205 1.123 3.606 0.062 0.049 0.289
2015.5658 38.93 140.83 -0.426 1.220 5.889 0.062 0.051 0.290
2015.5932 38.93 140.83 -0.362 1.066 5.629 0.064 0.054 0.299
2015.6205 38.93 140.83 -0.401 1.160 2.825 0.062 0.051 0.291
2015.6479 38.93 140.83 -0.422 1.428 2.393 0.060 0.050 0.283
2015.6753 38.93 140.83 -0.797 1.321 2.126 0.058 0.047 0.275
2015.7027 38.93 140.83 -0.815 1.384 1.277 0.063 0.053 0.295
2015.7301 38.93 140.83 -0.636 0.999 2.914 0.064 0.052 0.296
2015.9493 38.93 140.83 -0.424 1.520 0.638 0.061 0.052 0.290
2015.9767 38.93 140.83 -0.351 0.740 0.571 0.064 0.054 0.299
2016.0041 38.93 140.83 -0.311 0.928 3.336 0.058 0.048 0.274
2016.0315 38.93 140.83 -0.078 1.335 2.383 0.055 0.046 0.263
2016.0589 38.93 140.83 -0.142 1.068 1.255 0.057 0.047 0.268
2016.0863 38.93 140.83 -0.072 1.320 0.062 0.052 0.043 0.250
2016.1137 38.93 140.83 -0.097 0.879 0.083 0.058 0.048 0.272
2016.1411 38.93 140.83 -0.146 1.030 -0.672 0.067 0.056 0.312
2016.1685 38.93 140.83 0.026 1.073 -4.284 0.072 0.062 0.333
2016.1959 38.93 140.83 -0.123 0.782 -1.607 0.071 0.062 0.331
2016.2233 38.93 140.83 0.149 0.263 2.001 0.071 0.064 0.336
2016.2507 38.93 140.83 0.268 0.486 -0.886 0.060 0.050 0.284
2016.3603 38.93 140.83 0.347 0.214 2.432 0.056 0.047 0.267
2016.3877 38.93 140.83 0.176 1.045 5.172 0.065 0.055 0.304
2016.4151 38.93 140.83 0.149 1.503 6.346 0.064 0.054 0.299
2016.4425 38.93 140.83 -0.053 1.218 5.539 0.068 0.058 0.318
2016.4699 38.93 140.83 -0.237 1.021 4.036 0.067 0.057 0.311
