2002.5877 37.24 -93.25 -9.71111260256782 9.87411001646395
2002.6151 37.24 -93.25 -2.40969737153082 9.61273381834580
2002.6425 37.24 -93.25 -9.98259783469983 9.81223172697474
2002.6699 37.24 -93.25 37.69059631380688 8.22330648133906
2002.6973 37.24 -93.25 4.06172898853855 12.94752380288225
2002.7247 37.24 -93.25 10.93602617932698 9.32738187087890
2002.7521 37.24 -93.25 -10.60048027014189 8.54246085190969
2002.7795 37.24 -93.25 -9.34578225640584 9.77340611523338
2002.8068 37.24 -93.25 -40.68182104540436 8.86675516388842
2002.8342 37.24 -93.25 -12.59391335480637 8.69154306290540
2002.8616 37.24 -93.25 -11.33548259205250 8.26623024456814
2002.8890 37.24 -93.25 -19.99075272756466 8.84676787580127
2002.9164 37.24 -93.25 -26.81544927027506 9.13977650799826
2003.0260 37.24 -93.25 -1.02369017853585 10.19563298081017
2003.0534 37.24 -93.25 -19.82621347666446 17.93126795447681
2003.0808 37.24 -93.25 -11.80957766357005 14.74250214164901
2003.1082 37.24 -93.25 -24.28298877632965 8.17296849485845
2003.1356 37.24 -93.25 19.85067097309945 7.51907531752652
2003.1630 37.24 -93.25 -13.08237395175964 8.18501797746364
2003.1904 37.24 -93.25 3.92304262355857 9.56345763739799
2003.2178 37.24 -93.25 5.03909435139857 8.08813149286301
2003.2452 37.24 -93.25 25.74060974966413 8.04416918406491
2003.2726 37.24 -93.25 9.87220571020093 7.82506237712986
2003.3000 37.24 -93.25 18.18519770463733 7.68604535878223
2003.3274 37.24 -93.25 37.89716614177455 10.33195874526348
2003.3548 37.24 -93.25 27.71702815804321 11.78110907674894
2003.3822 37.24 -93.25 39.03140431030624 9.93728580314349
2003.5192 37.24 -93.25 -5.33417798367765 11.51823561344342
2003.5466 37.24 -93.25 8.08520402850183 13.16546036036660
2003.5740 37.24 -93.25 -35.34207029280729 15.79698134120260
2003.6014 37.24 -93.25 -8.57292101715212 13.20453587878943
2003.6288 37.24 -93.25 -22.24498440188129 12.11966602218717
2003.6562 37.24 -93.25 -8.01128000296385 13.25646165297105
2003.6836 37.24 -93.25 9.60947619392419 13.33180940777032
2003.7110 37.24 -93.25 -11.38288441741117 9.80089386524876
2003.7384 37.24 -93.25 -13.61097948534049 12.46361669879781
2003.7658 37.24 -93.25 2.84158123863398 11.33964927300684
2003.7932 37.24 -93.25 -8.33005755445547 12.91990685598787
2003.8205 37.24 -93.25 -14.21524204048889 13.69454936590005
2003.8479 37.24 -93.25 -5.29329166450816 11.53517280638738
2003.8753 37.24 -93.25 -22.65053564130583 12.76181958248513
2003.9027 37.24 -93.25 17.69701218766372 11.16299544834669
2003.9301 37.24 -93.25 -15.34091545925133 11.94668221864619
2003.9575 37.24 -93.25 13.26615417453343 13.92131913602613
2003.9849 37.24 -93.25 4.40400710008086 12.99040018618877
2004.0123 37.24 -93.25 24.72893840261165 13.95094851947106
2004.0397 37.24 -93.25 6.41491567255799 10.52549213721500
2004.0945 37.24 -93.25 10.27485827984071 9.81528894271585
2004.1219 37.24 -93.25 18.72290839055782 11.41652376287940
2004.1493 37.24 -93.25 12.88705398182856 13.62352966398092
2004.1767 37.24 -93.25 46.86207470300205 15.01639587228271
2004.2041 37.24 -93.25 32.60698953168080 11.74156569790039
2004.2315 37.24 -93.25 18.22740158570626 11.92292641825740
2004.2589 37.24 -93.25 19.17713617497251 12.26929205488471
2004.2863 37.24 -93.25 21.09171865876669 12.34348561565998
2004.3137 37.24 -93.25 36.82192144676586 11.65422599940491
2004.3411 37.24 -93.25 43.95729473572241 12.93557370111542
2004.3685 37.24 -93.25 22.39294745971077 12.15548599101727
2004.3959 37.24 -93.25 10.77472623596866 10.44052863775405
2004.4233 37.24 -93.25 0.17032448582622 9.98138015364891
2004.4507 37.24 -93.25 6.62168951826758 8.94133785190645
2004.4781 37.24 -93.25 27.92787281681867 9.95524517854165
2004.5055 37.24 -93.25 8.55820815963294 9.65062546842279
2004.5329 37.24 -93.25 9.80330699427020 9.00437545057294
2004.5603 37.24 -93.25 11.77177742152587 9.35598891201507
2004.5877 37.24 -93.25 12.79598264516416 9.37243726484181
2004.6151 37.24 -93.25 21.14259002597460 10.39184574360032
2004.6425 37.24 -93.25 14.06579508077481 8.64603326014480
2004.6699 37.24 -93.25 20.42038232366530 8.62007875477631
2004.6973 37.24 -93.25 2.18480397235370 8.00153673923206
2004.7247 37.24 -93.25 -1.64891023936845 9.36521362176440
2004.7521 37.24 -93.25 -17.17941880681351 8.87414744335661
2004.7795 37.24 -93.25 -25.75673470917675 8.73221995963730
2004.8068 37.24 -93.25 -23.29215507699375 9.87391370562798
2004.8342 37.24 -93.25 9.57653631907633 9.77124066496976
2004.8616 37.24 -93.25 4.04379671714589 8.39276221823601
2004.8890 37.24 -93.25 0.24728655594504 8.44120646277403
2004.9164 37.24 -93.25 19.55253465950094 9.39150805776014
2004.9438 37.24 -93.25 40.99041734773273 10.13154096407470
2004.9712 37.24 -93.25 19.85889841549768 9.55590599476487
2004.9973 37.24 -93.25 13.42452082499821 9.02969579086137
2005.0233 37.24 -93.25 37.93729575025628 10.95859210169773
2005.0507 37.24 -93.25 52.51862751164927 17.27299026391113
2005.0781 37.24 -93.25 45.27228325061082 12.55924359148751
2005.1055 37.24 -93.25 19.27768668962091 12.41360840320391
2005.1329 37.24 -93.25 53.07847883279157 12.73849167601011
2005.1603 37.24 -93.25 25.78204544545018 11.04717751991899
2005.1877 37.24 -93.25 21.16099243723813 10.88646002189609
2005.2151 37.24 -93.25 22.68259689332964 10.00133277610039
2005.2425 37.24 -93.25 40.10990551099466 9.86189888501215
2005.2699 37.24 -93.25 34.28459842894429 10.65809687545382
2005.2973 37.24 -93.25 34.00384422491360 11.35172329640052
2005.3247 37.24 -93.25 21.35700718904459 11.98146556149805
2005.3521 37.24 -93.25 7.30726512961259 4.23145326592267
2005.3795 37.24 -93.25 12.76890692909982 11.11381233887904
2005.4068 37.24 -93.25 20.58510542975103 9.98798250372587
2005.4342 37.24 -93.25 17.06724540893196 11.44947183068880
2005.4616 37.24 -93.25 -1.01071748367409 10.51294933883320
2005.4890 37.24 -93.25 -15.16290219266610 9.94974770175183
2005.5164 37.24 -93.25 0.39058369939964 9.88807608812046
2005.5438 37.24 -93.25 -9.35038693957892 10.96389917765750
2005.5712 37.24 -93.25 -6.13856615428088 12.09760653699693
2005.5986 37.24 -93.25 -8.05031215154354 12.38479879428174
2005.6260 37.24 -93.25 3.34390176427165 10.77697892107853
2005.6534 37.24 -93.25 0.43182059108702 11.53937914068274
2005.6808 37.24 -93.25 -13.68504826224438 11.25376131321707
2005.7082 37.24 -93.25 3.33185309321022 14.10352056590153
2005.7356 37.24 -93.25 -11.47678693507902 12.21489693609825
2005.7630 37.24 -93.25 -18.52361649243643 12.23255423209762
2005.7904 37.24 -93.25 -8.59586833392647 11.27966178010709
2005.8178 37.24 -93.25 -11.39311757916257 11.68921257842967
2005.8452 37.24 -93.25 -16.42609062790078 12.50043941798454
2005.8726 37.24 -93.25 -10.69689621312492 10.73742428388536
2005.9000 37.24 -93.25 -0.86808367547786 10.36792681538414
2005.9274 37.24 -93.25 -7.54160876079004 10.09366762932228
2005.9548 37.24 -93.25 -27.79718329391379 8.67291666202812
2005.9822 37.24 -93.25 -25.59679282972730 9.41551688972224
2006.0096 37.24 -93.25 -3.14945295447620 10.86004387466069
2006.0370 37.24 -93.25 14.82685473455885 14.09582882251517
2006.0644 37.24 -93.25 11.68949769542574 14.24303251317597
2006.0918 37.24 -93.25 -8.87163502096690 14.37355701921000
2006.1192 37.24 -93.25 5.19643686383367 16.85333488984130
2006.1466 37.24 -93.25 -6.67864305496942 12.80485112920380
2006.1740 37.24 -93.25 -8.16585696155261 14.99152990103919
2006.2014 37.24 -93.25 -8.90574203901446 11.08458005823841
2006.2288 37.24 -93.25 -12.12785209980752 15.11307192577863
2006.2562 37.24 -93.25 -18.39125843294642 14.27312680683304
2006.2836 37.24 -93.25 -13.04098819993722 13.81580480921633
2006.3110 37.24 -93.25 -38.10356273587663 14.87082663090247
2006.3384 37.24 -93.25 -14.76903164938593 13.39703703171178
2006.3658 37.24 -93.25 14.14743385382046 14.95895323144368
2006.3932 37.24 -93.25 -11.58485577176732 14.63788453982800
2006.4205 37.24 -93.25 -16.08777901400809 14.56872174320353
2006.4479 37.24 -93.25 6.70038135035857 15.48915806884460
2006.4753 37.24 -93.25 -4.70918085924713 16.15956123227199
2006.5027 37.24 -93.25 2.50395980382537 16.92187269737248
2006.5301 37.24 -93.25 9.51065920775115 20.64095267296631
2006.5575 37.24 -93.25 -31.53201031520828 16.03111182108343
2006.5849 37.24 -93.25 -38.99561958962958 16.54622361802262
2006.6123 37.24 -93.25 -43.52131236816567 21.40773689700749
2006.6397 37.24 -93.25 -36.72183805548382 17.69119514837586
2006.6671 37.24 -93.25 -12.36888239035517 15.69994948278811
2006.6945 37.24 -93.25 -43.82579057843773 20.69299804962865
2006.7219 37.24 -93.25 -13.40143025766510 18.69745285408325
2006.7493 37.24 -93.25 -36.09853218186127 22.86425450384408
2006.7767 37.24 -93.25 -42.76754382787449 19.90301426376450
2006.8041 37.24 -93.25 -45.65744743669475 15.58657446669024
2006.8315 37.24 -93.25 -56.27659992363581 18.59680897088047
2006.8589 37.24 -93.25 -56.34116519171712 17.91471350048636
2006.8863 37.24 -93.25 -31.60377288597217 16.94877100226499
2006.9137 37.24 -93.25 -2.39357895765913 16.20941786109285
2006.9411 37.24 -93.25 -3.77843735823000 15.84180816257247
2006.9685 37.24 -93.25 -10.40232122765630 15.44985838461685
2006.9959 37.24 -93.25 11.12513408656134 14.96775997999764
2007.0233 37.24 -93.25 -4.65262114343414 13.56980849155254
2007.0507 37.24 -93.25 18.97672535682355 14.47406298641259
2007.0781 37.24 -93.25 15.01462784322674 15.47517155310809
2007.1055 37.24 -93.25 8.57803595230243 13.58230494195848
2007.1329 37.24 -93.25 38.04504375828071 15.01417420559778
2007.1603 37.24 -93.25 19.55732193330756 14.28757871775169
2007.1877 37.24 -93.25 -6.22292023998747 19.56424222626759
2007.2151 37.24 -93.25 -32.36076840178638 17.25274903537973
2007.2425 37.24 -93.25 18.35587203876304 16.51404105612432
2007.2699 37.24 -93.25 5.36057061410069 12.34737714068798
2007.2973 37.24 -93.25 2.93365662862471 11.56194327103251
2007.3247 37.24 -93.25 2.91072334113878 14.86842218954718
2007.3521 37.24 -93.25 -21.55613514456553 16.56793334605148
2007.3795 37.24 -93.25 -1.43891952417475 17.58424846700496
2007.4068 37.24 -93.25 6.44173033922382 14.11692123912427
2007.4342 37.24 -93.25 21.98249116189022 13.31824465495041
2007.4616 37.24 -93.25 14.66616888753603 18.56272923121231
2007.4890 37.24 -93.25 29.25991947729407 13.34096668362539
2007.5164 37.24 -93.25 3.88007113277172 14.37443614108278
2007.5438 37.24 -93.25 8.85099223178607 13.78176275549697
2007.5712 37.24 -93.25 7.07549251887671 14.16535696087825
2007.5986 37.24 -93.25 -2.57569088244792 17.85070972377858
2007.6260 37.24 -93.25 -10.14450061079370 14.04279555712894
2007.6534 37.24 -93.25 -13.07385316137506 14.35207748087536
2007.6808 37.24 -93.25 -23.48248414004942 14.98070623919488
2007.7082 37.24 -93.25 -32.92707861094384 10.25948920742674
2007.7356 37.24 -93.25 -38.48383760810664 15.38311532976520
2007.7630 37.24 -93.25 -37.36878929400758 10.98779415501907
2007.7904 37.24 -93.25 -14.25443494825002 15.35254961774100
2007.8178 37.24 -93.25 -38.36614005701804 18.12812231331378
2007.8452 37.24 -93.25 -27.33407626074543 14.05519008653612
2007.8726 37.24 -93.25 -19.92335829197781 16.65367636776297
2007.9000 37.24 -93.25 -10.17128733729437 17.52945547944138
2007.9274 37.24 -93.25 -34.39480615304282 17.46550903886507
2007.9548 37.24 -93.25 3.96506317030939 12.73512562074645
2007.9822 37.24 -93.25 -0.38502956618911 16.14270045539947
2008.0096 37.24 -93.25 -9.93336385404015 14.03962508976648
2008.0370 37.24 -93.25 2.18414536085066 14.69884001552840
2008.0644 37.24 -93.25 1.34900415149644 17.35085165793848
2008.0918 37.24 -93.25 1.52550285069192 13.08229421727885
2008.1192 37.24 -93.25 3.46889107618232 16.01094420675680
2008.1466 37.24 -93.25 7.77880282878810 18.95521829700060
2008.1740 37.24 -93.25 4.06608581732947 16.33465523750734
2008.2014 37.24 -93.25 4.42058651284038 18.01350875402825
2008.2288 37.24 -93.25 36.02058772774082 19.90854588453694
2008.2562 37.24 -93.25 18.92926599095449 18.92666083483619
2008.2836 37.24 -93.25 29.69115825243829 22.81865709882564
2008.3110 37.24 -93.25 -1.89500043420919 23.87633226471516
2008.3384 37.24 -93.25 15.58107462452411 17.51415744316489
2008.3658 37.24 -93.25 13.52546961938336 17.68650034749929
2008.3932 37.24 -93.25 18.26618855627951 15.66625519789477
2008.4205 37.24 -93.25 14.35748624588678 13.65758170719986
2008.4479 37.24 -93.25 30.35797122006734 14.17529111751457
2008.4753 37.24 -93.25 54.82125416057767 13.58593889563224
2008.5027 37.24 -93.25 42.84334517783771 16.80989086541570
2008.5301 37.24 -93.25 26.12131581002382 20.80243940794379
2008.5575 37.24 -93.25 12.16325864943799 13.01671996082377
2008.5849 37.24 -93.25 43.90950154074791 15.61360681220991
2008.6123 37.24 -93.25 20.75436437235687 12.37856178476683
2008.6397 37.24 -93.25 9.31702218120052 13.85641151200003
2008.6671 37.24 -93.25 -8.38944620846542 13.14365290380253
2008.6945 37.24 -93.25 16.88318210704911 12.65441083095565
2008.7219 37.24 -93.25 14.12132314885010 15.08939432891533
2008.7493 37.24 -93.25 8.63937103393915 13.49209700742516
2008.7767 37.24 -93.25 0.54094229904733 16.27386318898708
2008.8041 37.24 -93.25 -10.59976701411656 16.44016285326072
2008.8315 37.24 -93.25 -16.38017944884661 18.42010162636543
2008.8589 37.24 -93.25 -13.95593856956736 21.57768719458677
2008.8863 37.24 -93.25 -17.28982519107401 20.68257200520821
2008.9137 37.24 -93.25 -15.87211863516303 19.80975164782210
2008.9411 37.24 -93.25 -17.55977413489457 20.38317476114084
2008.9685 37.24 -93.25 -21.55291266242672 18.98185338761229
2008.9945 37.24 -93.25 18.65059013121813 16.14314047284511
2009.0205 37.24 -93.25 10.45701630795726 16.06156768093039
2009.0479 37.24 -93.25 -15.73917203146537 16.06774835403786
2009.0753 37.24 -93.25 -4.53475451256328 15.09924931836095
2009.1027 37.24 -93.25 15.84494787397824 19.27109938650421
2009.1301 37.24 -93.25 18.44568730748179 14.96515988284979
2009.1575 37.24 -93.25 15.19035419270864 15.09252835179049
2009.1849 37.24 -93.25 12.43668520221318 18.13812430573974
2009.2123 37.24 -93.25 19.75196427003036 14.75067862055603
2009.2397 37.24 -93.25 8.99279385286796 17.33738161686286
2009.2671 37.24 -93.25 13.12524173090280 14.31673315704669
2009.2945 37.24 -93.25 20.46845049851676 14.75287849396482
2009.3219 37.24 -93.25 24.40788240231644 15.34176214743095
2009.3493 37.24 -93.25 30.81099558279105 13.91955350727436
2009.3767 37.24 -93.25 57.26403925780557 14.65600402759810
2009.4041 37.24 -93.25 19.03483818967446 12.59729061950289
2009.4315 37.24 -93.25 24.45080976199176 14.95419345272718
2009.4589 37.24 -93.25 14.80882944137422 12.16441390249347
2009.4863 37.24 -93.25 10.89407072847463 13.53998575118452
2009.5137 37.24 -93.25 1.39352484565742 12.63537168386465
2009.5411 37.24 -93.25 18.16343130115159 15.90734403712941
2009.5685 37.24 -93.25 13.02271371422519 17.05942744153760
2009.5959 37.24 -93.25 10.91000294518582 14.76050079955138
2009.6233 37.24 -93.25 -14.30165210131398 15.74350584122774
2009.6507 37.24 -93.25 -9.99705081468755 15.20380702658832
2009.6781 37.24 -93.25 10.79907339887934 16.52795963842823
2009.7055 37.24 -93.25 7.52055149017462 17.40913304337647
2009.7329 37.24 -93.25 10.02774996399574 16.59164855653484
2009.7603 37.24 -93.25 4.17347966155945 19.01138868394511
2009.7877 37.24 -93.25 19.04187494503138 17.48774256091543
2009.8151 37.24 -93.25 -7.45588581119273 19.03821412908952
2009.8425 37.24 -93.25 9.50946082913405 17.10858259776411
2009.8699 37.24 -93.25 19.46022163504099 16.25286281672497
2009.8973 37.24 -93.25 10.54733025381301 15.10004486457244
2009.9247 37.24 -93.25 38.67119206915390 14.56295729196052
2009.9521 37.24 -93.25 23.17983148997961 13.84919413800902
2009.9795 37.24 -93.25 14.93363967156280 14.23922330141313
2010.0068 37.24 -93.25 27.09846798879718 18.70622619128203
2010.0342 37.24 -93.25 12.60429097052101 14.07946745093898
2010.0616 37.24 -93.25 9.47858009907898 14.54499046072020
2010.0890 37.24 -93.25 27.81456437664260 17.98968346430534
2010.1164 37.24 -93.25 18.21576556237803 18.59629590491414
2010.1438 37.24 -93.25 -0.39661027537509 17.52656572229470
2010.1712 37.24 -93.25 11.00570339662597 16.70659832125286
2010.1986 37.24 -93.25 -10.45126926099415 15.97678984644802
2010.2260 37.24 -93.25 23.16749036831506 17.55754621523767
2010.2534 37.24 -93.25 38.06953428502141 17.99176719307182
2010.2808 37.24 -93.25 11.54313785941341 13.46277892068076
2010.3082 37.24 -93.25 12.67541606630936 14.27908940773211
2010.3356 37.24 -93.25 10.21164925468682 12.54387434798346
2010.3630 37.24 -93.25 3.46373691864082 13.44072725042366
2010.3904 37.24 -93.25 27.52576271182336 13.42885100877932
2010.4178 37.24 -93.25 44.99269217027247 14.39780587136739
2010.4452 37.24 -93.25 23.01134306608492 12.49064640588463
2010.4726 37.24 -93.25 -9.49860841278626 11.05100063163338
2010.5000 37.24 -93.25 -4.89904525317103 12.86267843509121
2010.5274 37.24 -93.25 -32.24628673990228 21.82558537584674
2010.5548 37.24 -93.25 -8.34251282881039 13.42673909584108
2010.5822 37.24 -93.25 -12.71532361300205 11.98772947100689
2010.6096 37.24 -93.25 -13.37803763489614 16.14662373331657
2010.6370 37.24 -93.25 -14.67901342237903 14.15773962970504
2010.6644 37.24 -93.25 -6.33717460692773 13.12365955118760
2010.6918 37.24 -93.25 -3.48606669440851 16.27415846617307
2010.7192 37.24 -93.25 -3.49134573920136 15.06634200558226
2010.7466 37.24 -93.25 -2.98955687841070 17.87957368806174
2010.7740 37.24 -93.25 -30.64283153368565 13.85808110721700
2010.8014 37.24 -93.25 -0.22804934720235 13.29588925721627
2010.8288 37.24 -93.25 -17.14973141321310 15.50354108238825
2010.8562 37.24 -93.25 -36.10574239394055 15.12204241594324
2010.8836 37.24 -93.25 -25.50021216823599 13.71283696996178
2010.9110 37.24 -93.25 -3.60655066057195 15.30964732534487
2010.9384 37.24 -93.25 -4.64511082415873 15.98781787023100
2010.9658 37.24 -93.25 -21.48291868700420 17.76150802481692
2010.9932 37.24 -93.25 -11.38342897742634 12.56917535934065
2011.1027 37.24 -93.25 -6.90976236478589 12.65286202104138
2011.1301 37.24 -93.25 12.73670154345295 21.04063468052324
2011.1575 37.24 -93.25 32.30712401975637 13.42188787170579
2011.1849 37.24 -93.25 18.32275639525345 10.21377329061785
2011.2123 37.24 -93.25 13.36593915756542 17.86208002443781
2011.2397 37.24 -93.25 33.04551057299694 18.80491914221745
2011.2671 37.24 -93.25 -10.73267830846393 14.79579501031193
2011.2945 37.24 -93.25 9.62580711578942 17.66201919485225
2011.3219 37.24 -93.25 5.14541924950198 16.46962819290810
2011.3493 37.24 -93.25 18.13566039836905 14.48638648726833
2011.3767 37.24 -93.25 41.32243218455129 17.33883254539354
2011.4041 37.24 -93.25 32.91499743613709 14.88586456766555
2011.4315 37.24 -93.25 19.20422037317023 14.53134524792678
2011.5137 37.24 -93.25 8.51183584038803 13.26485569211508
2011.5411 37.24 -93.25 23.95520201156251 14.47689005680154
2011.5685 37.24 -93.25 12.62257259146515 13.93948630265667
2011.5959 37.24 -93.25 5.27807442436229 15.15743931885356
2011.6233 37.24 -93.25 3.41686131945080 14.99430912211907
2011.6507 37.24 -93.25 9.99212560265590 18.41303986545260
2011.6781 37.24 -93.25 -24.28810537409682 17.07763226888642
2011.7055 37.24 -93.25 -23.87900149548232 17.18193068105394
2011.7329 37.24 -93.25 -66.45955087306771 20.23407255741591
2011.7603 37.24 -93.25 -30.69793712706025 17.13012407348896
2011.7877 37.24 -93.25 -38.58046320788304 18.38929797420485
2011.8151 37.24 -93.25 -45.93996556961785 17.92738929966999
2011.8425 37.24 -93.25 -56.44993413226072 19.74884999830615
2011.8699 37.24 -93.25 -27.01423992736414 18.22912842819417
2011.9521 37.24 -93.25 0.27306767529237 11.05243556113233
2011.9795 37.24 -93.25 -23.46524642548911 15.49327724858412
2012.0068 37.24 -93.25 0.27700064728572 14.22957075059731
2012.0342 37.24 -93.25 -6.48547893539416 17.19523678987805
2012.0616 37.24 -93.25 -8.65943925408351 14.88908392353929
2012.0890 37.24 -93.25 15.58503614621244 14.62049046535336
2012.1164 37.24 -93.25 4.77488735689088 14.14473214289323
2012.1438 37.24 -93.25 -12.82801903428451 14.71097585219140
2012.1712 37.24 -93.25 18.15086405783485 13.75906620337396
2012.1986 37.24 -93.25 7.85655314707071 12.40585010564196
2012.2260 37.24 -93.25 3.83569298081017 12.82845026614806
2012.2534 37.24 -93.25 7.53047035921807 12.48516272050603
2012.2808 37.24 -93.25 0.69330146756547 11.60567789960124
2012.3082 37.24 -93.25 -9.07937231861255 12.88526410519263
2012.3904 37.24 -93.25 -30.43546497571148 13.47935691731708
2012.4178 37.24 -93.25 -51.43742538311988 10.50234075787997
2012.4452 37.24 -93.25 -19.04467261085851 10.31997387778477
2012.4726 37.24 -93.25 -55.87820743435019 11.27961263294729
2012.5000 37.24 -93.25 -44.83193306284058 10.60924753296096
2012.5274 37.24 -93.25 -41.27082551337867 11.35992800855190
2012.5548 37.24 -93.25 -41.35226469409814 11.35417091231493
2012.5822 37.24 -93.25 -44.70485129496574 12.20620871299885
2012.6096 37.24 -93.25 -54.65665469223787 12.14450630955725
2012.6370 37.24 -93.25 -51.86464133882411 11.09052646306836
2012.6644 37.24 -93.25 -31.39834264024609 12.29297110130131
2012.6918 37.24 -93.25 -35.88257922694019 12.73407535468888
2012.7192 37.24 -93.25 -34.71994806725582 15.72066352517677
2012.7466 37.24 -93.25 -38.43880043195467 10.28675223994742
2012.8562 37.24 -93.25 -57.86319263356219 16.15941666827518
2012.8836 37.24 -93.25 -48.14180264546634 15.29029344526398
2012.9110 37.24 -93.25 -36.49232539100659 14.42187407271116
2012.9384 37.24 -93.25 -42.38374130102690 13.47522031263951
2012.9658 37.24 -93.25 1.34233984261345 15.73339719206803
2012.9918 37.24 -93.25 -23.84193518198316 7.26151594213838
2013.0178 37.24 -93.25 -35.54241547249147 8.81038923233364
2013.0452 37.24 -93.25 -13.53451298771403 8.71675070710853
2013.0726 37.24 -93.25 -33.16793609538215 7.94196674527445
2013.1000 37.24 -93.25 -19.77091187889448 8.17199191771206
2013.1274 37.24 -93.25 13.15264207055491 7.45132097087860
2013.1548 37.24 -93.25 -3.08680902404545 6.68665340330474
2013.2644 37.24 -93.25 2.93145817745277 7.44960612325682
2013.2918 37.24 -93.25 -11.83145597115570 7.72713184576253
2013.3192 37.24 -93.25 9.71003172541588 8.70563229509382
2013.3466 37.24 -93.25 24.22006298087562 8.98236773718530
2013.3740 37.24 -93.25 2.05422717251934 7.52640533342065
2013.4014 37.24 -93.25 13.98366505950811 7.81316265788988
2013.4288 37.24 -93.25 4.91460304721534 6.68674654719788
2013.4562 37.24 -93.25 7.54291397837700 6.79562320125232
2013.4836 37.24 -93.25 13.28558841882534 7.04157965599632
2013.5110 37.24 -93.25 -3.37022767945544 8.12427401685165
2013.5384 37.24 -93.25 -2.52112429473006 7.72810471450618
2013.5658 37.24 -93.25 -41.39592222777610 8.27026296422712
2013.7575 37.24 -93.25 -23.43244702036425 7.63294777809578
2013.7849 37.24 -93.25 -25.30270332031570 8.05146642270300
2013.8123 37.24 -93.25 -44.09387049318310 7.30354059217696
2013.8397 37.24 -93.25 -38.05941261966395 7.43469822750051
2013.8671 37.24 -93.25 -12.85593770813618 7.90602259389484
2013.8945 37.24 -93.25 -19.48598383554758 7.39441567005021
2013.9219 37.24 -93.25 -10.02283799661203 6.40064224194566
2013.9493 37.24 -93.25 -18.09197406542635 6.96125231812252
2013.9767 37.24 -93.25 -22.96230527210841 6.91768421333448
2014.0041 37.24 -93.25 -39.84762892861757 6.71076747782462
2014.0315 37.24 -93.25 1.53122872249364 7.09702190626063
2014.1685 37.24 -93.25 33.61654323601864 7.40560015271394
2014.1959 37.24 -93.25 2.71256832199320 7.87087609498085
2014.2233 37.24 -93.25 19.46808168742899 7.36458240909311
2014.2507 37.24 -93.25 1.85454252128982 6.64978424445999
2014.2781 37.24 -93.25 -3.41407503532544 7.12138040710544
2014.3055 37.24 -93.25 -13.09588837010934 6.77421663036909
2014.3329 37.24 -93.25 -22.90711997043154 5.32306005527268
2014.3603 37.24 -93.25 -26.11653360590082 6.26222456631461
2014.3877 37.24 -93.25 -3.43649582371733 6.27837700683334
2014.4151 37.24 -93.25 11.63940548393450 6.18653490339538
2014.4425 37.24 -93.25 48.30749899023683 6.63819383552088
2014.4699 37.24 -93.25 31.10794900853702 6.49980570946154
2014.5795 37.24 -93.25 9.53631254159426 5.16585202743428
2014.6068 37.24 -93.25 -4.10670514548939 5.67083506672582
2014.6342 37.24 -93.25 -2.11167017031821 4.98790031596124
2014.6616 37.24 -93.25 -17.30845678178650 5.78867859066591
2014.6890 37.24 -93.25 -12.17919936086652 5.63400323131339
2014.7164 37.24 -93.25 -13.99692891608866 5.49636378091536
2014.7438 37.24 -93.25 -25.02553389300513 6.11175925122986
2014.7712 37.24 -93.25 -37.91890093089194 6.03793197064230
2014.7986 37.24 -93.25 1.67875520751232 5.17582548063069
2014.8260 37.24 -93.25 -29.35661624895045 5.12282281900374
2014.8534 37.24 -93.25 -14.97082088758397 5.48110786207188
2014.8808 37.24 -93.25 -22.15646764748000 5.50199574349882
2014.9082 37.24 -93.25 2.39622592813471 5.63589770407326
2015.0452 37.24 -93.25 25.31939455733194 3.87934588368444
2015.0726 37.24 -93.25 10.04532261784721 4.39518905594837
2015.1000 37.24 -93.25 40.50471145946225 3.76466489539851
2015.1274 37.24 -93.25 23.65536360330400 3.46326825927150
2015.1548 37.24 -93.25 9.44039580250722 4.22419551048274
2015.1822 37.24 -93.25 5.84338685496272 3.87329898352130
2015.2096 37.24 -93.25 31.95598810751759 5.71253355013686
2015.2370 37.24 -93.25 15.86496972091203 6.27555703661352
2015.2644 37.24 -93.25 -22.21721559323361 5.40925178814725
2015.2918 37.24 -93.25 36.57907855052620 5.30928552149556
2015.3192 37.24 -93.25 6.55084695168402 5.09246135606384
2015.3466 37.24 -93.25 1.16795867179661 5.60559025866466
2015.4836 37.24 -93.25 24.93199165948491 4.58379412278754
2015.5110 37.24 -93.25 23.91636831744970 4.54384267328503
2015.5384 37.24 -93.25 26.68421336360914 5.17389909489165
2015.5658 37.24 -93.25 15.47735020162431 5.53290473809855
2015.5932 37.24 -93.25 15.91719248451146 5.87003133446527
2015.6205 37.24 -93.25 25.89327621308682 5.52055153535893
2015.6479 37.24 -93.25 23.19362604686280 5.39977838152075
2015.6753 37.24 -93.25 -1.82436426054541 5.03789287146298
2015.7027 37.24 -93.25 -2.34918152232610 5.75075843357431
2015.7301 37.24 -93.25 -13.55188390604163 5.63012778838120
2015.9493 37.24 -93.25 22.27554035820233 5.36343532161320
2015.9767 37.24 -93.25 29.11620545677630 5.93659089029573
2016.0041 37.24 -93.25 52.44739350696589 5.22813532875974
2016.0315 37.24 -93.25 19.44749047648268 4.95584707628106
2016.0589 37.24 -93.25 26.02099449861857 5.06289444722337
2016.0863 37.24 -93.25 -14.81970485961027 4.41113521785713
2016.1137 37.24 -93.25 10.51056310483262 5.18097248123923
2016.1411 37.24 -93.25 16.87999937513338 6.42725097365614
2016.1685 37.24 -93.25 26.69368726040307 7.12921275298573
2016.1959 37.24 -93.25 -16.63480306671855 7.03989624612336
2016.2233 37.24 -93.25 -46.04783698617248 7.20398786548475
2016.2507 37.24 -93.25 -11.69411896655074 5.34464146658478
2016.3603 37.24 -93.25 8.65638787430544 5.02334104497949
2016.3877 37.24 -93.25 2.34385981163228 6.20524394320384
2016.4151 37.24 -93.25 24.73715565416976 6.00011366864438
2016.4425 37.24 -93.25 -15.17404695663140 6.61862996592037
2016.4699 37.24 -93.25 -15.62132586571349 6.46532574886401
