2002.5877 35.53 136.90 42.62810116862185 9.77329107646363
2002.6151 35.53 136.90 -28.36654573491109 9.51221182297170
2002.6425 35.53 136.90 -2.62366251937881 9.71800730196238
2002.6699 35.53 136.90 -11.95698647117545 8.14842477415673
2002.6973 35.53 136.90 -33.67097313943692 12.90642230383820
2002.7247 35.53 136.90 2.70299599192944 9.22571677574754
2002.7521 35.53 136.90 -31.06579622316257 8.44812826194270
2002.7795 35.53 136.90 -17.07999683115309 9.67054294938397
2002.8068 35.53 136.90 7.67272643687465 8.76352132480248
2002.8342 35.53 136.90 -13.48674975642096 8.60321816701991
2002.8616 35.53 136.90 -10.47488995331351 8.16207370160242
2002.8890 35.53 136.90 -14.31036489299105 8.75398820945024
2002.9164 35.53 136.90 21.69647357091496 9.05323455145274
2003.0260 35.53 136.90 7.49253094152209 10.08531877331613
2003.0534 35.53 136.90 50.55774303956124 17.74539889618067
2003.0808 35.53 136.90 16.56110134955032 14.60817326406798
2003.1082 35.53 136.90 20.41898721708750 8.07538331764788
2003.1356 35.53 136.90 25.89892711909937 7.42693220086760
2003.1630 35.53 136.90 31.01889523855079 8.09970906362300
2003.1904 35.53 136.90 8.14968916514957 9.48383150749794
2003.2178 35.53 136.90 14.72211346211389 7.99906958823648
2003.2452 35.53 136.90 15.40052064301826 7.96217960465727
2003.2726 35.53 136.90 16.07348928537603 7.74510480800283
2003.3000 35.53 136.90 7.20554248032002 7.60791676850121
2003.3274 35.53 136.90 27.49102050020450 10.23617023095700
2003.3548 35.53 136.90 -12.44858920237600 11.66548744602626
2003.3822 35.53 136.90 -6.89832842610456 9.82519498168852
2003.5192 35.53 136.90 -15.04992451585447 11.41831156885049
2003.5466 35.53 136.90 -8.25419018240041 13.05853662226108
2003.5740 35.53 136.90 -14.23435391209507 15.66955486570492
2003.6014 35.53 136.90 4.73757459970713 13.09730459407844
2003.6288 35.53 136.90 7.93581374164468 12.01556672350731
2003.6562 35.53 136.90 -19.34207356753892 13.14849058290690
2003.6836 35.53 136.90 -23.35513887486651 13.22265557496814
2003.7110 35.53 136.90 -27.43255307642037 9.71496307890538
2003.7384 35.53 136.90 -4.66529814267754 12.35914556230889
2003.7658 35.53 136.90 -14.77729752803114 11.24505992043418
2003.7932 35.53 136.90 -28.67539271634392 12.81153615601975
2003.8205 35.53 136.90 2.53462644745050 13.57825225316544
2003.8479 35.53 136.90 -18.79544345265849 11.43637095793049
2003.8753 35.53 136.90 19.73456805824985 12.65937004404157
2003.9027 35.53 136.90 19.45886462230616 11.06159006638231
2003.9301 35.53 136.90 4.91651848475628 11.83966284914941
2003.9575 35.53 136.90 4.78841323051416 13.82015173739488
2003.9849 35.53 136.90 35.22128106003280 12.88912205214925
2004.0123 35.53 136.90 29.99341318295200 13.84665512088611
2004.0397 35.53 136.90 13.02246031716658 10.41370734853074
2004.0945 35.53 136.90 0.29824407941509 9.71304946955032
2004.1219 35.53 136.90 0.46985831585129 11.32434689196363
2004.1493 35.53 136.90 11.57200069639153 13.51279762677894
2004.1767 35.53 136.90 26.11871543588991 14.91280720419667
2004.2041 35.53 136.90 -22.90281209009748 11.64997533257651
2004.2315 35.53 136.90 -4.91478419571941 11.83008662151675
2004.2589 35.53 136.90 2.21181218486953 12.17795673899110
2004.2863 35.53 136.90 -13.15707302621422 12.24886131133117
2004.3137 35.53 136.90 17.04353536952029 11.56595600509798
2004.3411 35.53 136.90 -11.34670544731168 12.84425009034551
2004.3685 35.53 136.90 -2.06897117520808 12.05425783422990
2004.3959 35.53 136.90 15.65286304777752 10.34412190100505
2004.4233 35.53 136.90 23.60447703245735 9.89020649205782
2004.4507 35.53 136.90 3.39723968025368 8.86184489408371
2004.4781 35.53 136.90 12.27079002515509 9.86578820784472
2004.5055 35.53 136.90 6.81132150123787 9.56438096360226
2004.5329 35.53 136.90 5.38451977693169 8.92133947059415
2004.5603 35.53 136.90 -15.01819521044956 9.27056568480728
2004.5877 35.53 136.90 -19.87696472210592 9.27799571264046
2004.6151 35.53 136.90 -32.84834701407640 10.29524511226732
2004.6425 35.53 136.90 -21.06054008343992 8.55968613215150
2004.6699 35.53 136.90 -29.51976839531775 8.53113167906768
2004.6973 35.53 136.90 -21.12131857599526 7.91433609443520
2004.7247 35.53 136.90 -18.05075334993859 9.27046055724132
2004.7521 35.53 136.90 -14.67530754050032 8.78228923021697
2004.7795 35.53 136.90 -2.67335480452513 8.64421699371315
2004.8068 35.53 136.90 -12.02806911086515 9.78135915883200
2004.8342 35.53 136.90 -1.58171388103731 9.68282127418174
2004.8616 35.53 136.90 1.59989730719584 8.30882302354287
2004.8890 35.53 136.90 4.94086169686849 8.35798457776681
2004.9164 35.53 136.90 1.95369860533865 9.30333483879432
2004.9438 35.53 136.90 30.69469698114607 10.00767517847860
2004.9712 35.53 136.90 5.68882017735177 9.47641087365423
2004.9973 35.53 136.90 -17.32451635744883 8.94445141684403
2005.0233 35.53 136.90 3.31478251631865 10.87558026445378
2005.0507 35.53 136.90 12.22498276129564 17.17739241898886
2005.0781 35.53 136.90 6.98178253008176 12.47301343352069
2005.1055 35.53 136.90 17.81713615913151 12.32273296285553
2005.1329 35.53 136.90 17.81655890126670 12.64435947904239
2005.1603 35.53 136.90 20.57205993777095 10.95407126787579
2005.1877 35.53 136.90 7.75991976119785 10.79292773203868
2005.2151 35.53 136.90 11.41448790370714 9.90070303093949
2005.2425 35.53 136.90 26.31834591643640 9.77547631386329
2005.2699 35.53 136.90 19.44333959988509 10.56459732373575
2005.2973 35.53 136.90 17.49457978383620 11.25853318047519
2005.3247 35.53 136.90 17.82172419529021 11.87792698067297
2005.3521 35.53 136.90 1.94276619306897 4.17510800514627
2005.3795 35.53 136.90 -18.41224926088650 11.01809877600614
2005.4068 35.53 136.90 -7.82818547482891 9.89478836379626
2005.4342 35.53 136.90 -7.44562776992424 11.34072880045182
2005.4616 35.53 136.90 0.59141462996797 10.41237528226153
2005.4890 35.53 136.90 -23.21020880530041 9.85776280132717
2005.5164 35.53 136.90 5.34408762150681 9.79955566000049
2005.5438 35.53 136.90 -2.67951210123541 10.86687955411334
2005.5712 35.53 136.90 -5.79854070724931 11.99050185399070
2005.5986 35.53 136.90 -12.30639563319116 12.28149144668521
2005.6260 35.53 136.90 -13.67799071986713 10.68508599764444
2005.6534 35.53 136.90 -0.76466176474670 11.43938050283999
2005.6808 35.53 136.90 -11.98578286586639 11.15455019283033
2005.7082 35.53 136.90 -24.24581443569949 13.98636356144947
2005.7356 35.53 136.90 -22.70033641934104 12.11257931744220
2005.7630 35.53 136.90 -18.27540545604189 12.13153412446102
2005.7904 35.53 136.90 -29.38191668269733 11.18087892136405
2005.8178 35.53 136.90 -27.09601220529412 11.59145667286720
2005.8452 35.53 136.90 -35.18183251386950 12.39085164745609
2005.8726 35.53 136.90 -21.42412711358087 10.64564865760533
2005.9000 35.53 136.90 -7.04011943025739 10.27890664009583
2005.9274 35.53 136.90 -3.24589638136006 9.96588720555952
2005.9548 35.53 136.90 -8.66997897380827 8.54801723397002
2005.9822 35.53 136.90 11.64843699131987 9.31184157784846
2006.0096 35.53 136.90 20.38829044892678 10.75399804737063
2006.0370 35.53 136.90 -5.24984973589095 13.97036904964233
2006.0644 35.53 136.90 14.90066763363567 14.10573459117699
2006.0918 35.53 136.90 15.57349201990179 14.25029726678446
2006.1192 35.53 136.90 32.39928899292178 16.71588375140652
2006.1466 35.53 136.90 21.04518655029582 12.69052513332087
2006.1740 35.53 136.90 2.55345063722735 14.86915325949191
2006.2014 35.53 136.90 23.63295958376354 10.98995541676401
2006.2288 35.53 136.90 6.36207671598903 14.98040583475523
2006.2562 35.53 136.90 25.32520288446074 14.16583403359899
2006.2836 35.53 136.90 14.36162163431032 13.70491386626596
2006.3110 35.53 136.90 21.98299629724970 14.75577200793962
2006.3384 35.53 136.90 14.93154705720842 13.29213785861006
2006.3658 35.53 136.90 1.41926679415927 14.84510953738021
2006.3932 35.53 136.90 7.31052409600859 14.52143230971071
2006.4205 35.53 136.90 -2.68821012552560 14.45066141163202
2006.4479 35.53 136.90 -3.56263775626134 15.37017650471135
2006.4753 35.53 136.90 33.68782801090827 16.04048038578176
2006.5027 35.53 136.90 -5.95767707605314 16.79026182934093
2006.5301 35.53 136.90 2.67392485875259 20.49056361992554
2006.5575 35.53 136.90 23.06642549221849 15.90736436830976
2006.5849 35.53 136.90 -6.32945770943158 16.42513073175122
2006.6123 35.53 136.90 0.99915063423468 21.26375617342041
2006.6397 35.53 136.90 -6.67590131636514 17.56112975709496
2006.6671 35.53 136.90 -4.98091021467998 15.57890046805776
2006.6945 35.53 136.90 -15.04941821460444 20.54394311020442
2006.7219 35.53 136.90 1.83460314480963 18.55397895228258
2006.7493 35.53 136.90 -18.60061925088558 22.69416311078733
2006.7767 35.53 136.90 -16.73588861357731 19.75744865059665
2006.8041 35.53 136.90 -16.33975693985666 15.45994285391901
2006.8315 35.53 136.90 -10.53093053623302 18.45036129141801
2006.8589 35.53 136.90 -24.58201092971046 17.77363804375322
2006.8863 35.53 136.90 -4.48404916132774 16.81359497580449
2006.9137 35.53 136.90 -1.05028730077965 16.07661714504954
2006.9411 35.53 136.90 -15.53248630765745 15.70581034457836
2006.9685 35.53 136.90 -13.96329138505363 15.31379403659910
2006.9959 35.53 136.90 -0.24933373123297 14.82905589257464
2007.0233 35.53 136.90 6.69622774392629 13.43596256580683
2007.0507 35.53 136.90 -17.04544987482475 14.33725555422646
2007.0781 35.53 136.90 -0.55668644492283 15.34525366086936
2007.1055 35.53 136.90 -8.56307342955162 13.46305554247499
2007.1329 35.53 136.90 3.03149524940554 14.88327360754730
2007.1603 35.53 136.90 13.33013947059963 14.16626241261074
2007.1877 35.53 136.90 25.65783275057554 19.41204987858273
2007.2151 35.53 136.90 -26.63457364959583 17.11734513065348
2007.2425 35.53 136.90 16.35418322518108 16.38332305712647
2007.2699 35.53 136.90 -27.44071774960602 12.24040389190649
2007.2973 35.53 136.90 -26.05040844332662 11.47086112301885
2007.3247 35.53 136.90 -14.96655837793057 14.74698519348922
2007.3521 35.53 136.90 -7.59980126207923 16.44694076504643
2007.3795 35.53 136.90 -3.53384939740009 17.44831344590913
2007.4068 35.53 136.90 0.98810230366431 14.00263434752554
2007.4342 35.53 136.90 1.31507047093754 13.21044149474417
2007.4616 35.53 136.90 69.54794310929989 18.41694118758955
2007.4890 35.53 136.90 23.22941566787206 13.22895215414821
2007.5164 35.53 136.90 17.38541753628594 14.25881936101006
2007.5438 35.53 136.90 2.98368615501388 13.67335031329121
2007.5712 35.53 136.90 -0.28947544705734 14.05478189889656
2007.5986 35.53 136.90 3.17542969630479 17.71153377778537
2007.6260 35.53 136.90 -22.69763950083798 13.92929993720784
2007.6534 35.53 136.90 -8.28344441526994 14.23417566156141
2007.6808 35.53 136.90 5.79763160061547 14.84765567591965
2007.7082 35.53 136.90 -28.55507878479701 10.16075980280158
2007.7356 35.53 136.90 -29.28892267383144 15.24749203010267
2007.7630 35.53 136.90 -31.71765474822288 10.88301628055303
2007.7904 35.53 136.90 -42.45470058455757 15.23043969387130
2007.8178 35.53 136.90 -39.21546847254088 17.98625962421655
2007.8452 35.53 136.90 -19.62926646341360 13.94037903283789
2007.8726 35.53 136.90 6.17166676538693 16.51598236981872
2007.9000 35.53 136.90 -26.41571929640871 17.39534413067686
2007.9274 35.53 136.90 -25.15865910354716 17.32182586776580
2007.9548 35.53 136.90 -6.14382483198354 12.63582067033856
2007.9822 35.53 136.90 -17.89289979279064 16.01661505935805
2008.0096 35.53 136.90 -4.67322403804455 13.93224592712990
2008.0370 35.53 136.90 -16.34205453451684 14.58946528244109
2008.0644 35.53 136.90 2.01548850226769 17.22484021368200
2008.0918 35.53 136.90 21.51499838612214 12.98159310366226
2008.1192 35.53 136.90 2.45663124929517 15.89028036161536
2008.1466 35.53 136.90 10.73948701548446 18.82130415710339
2008.1740 35.53 136.90 -5.05723816183767 16.21711401721961
2008.2014 35.53 136.90 8.76640541582518 17.88127911916490
2008.2288 35.53 136.90 25.32484392916466 19.75459625599669
2008.2562 35.53 136.90 -2.16232266217101 18.79041787391139
2008.2836 35.53 136.90 18.70887493133133 22.65395353958243
2008.3110 35.53 136.90 3.10831795971716 23.71265054322764
2008.3384 35.53 136.90 2.69169789340816 17.38259966003374
2008.3658 35.53 136.90 12.82508957953546 17.55353276819804
2008.3932 35.53 136.90 3.78159763540190 15.54187736303162
2008.4205 35.53 136.90 12.84825471598869 13.54946458886813
2008.4479 35.53 136.90 -9.57291368823041 14.06606373216225
2008.4753 35.53 136.90 2.02446686618424 13.47908128498588
2008.5027 35.53 136.90 -6.67039832960451 16.67820867737479
2008.5301 35.53 136.90 11.45999370076582 20.63434762789232
2008.5575 35.53 136.90 -8.12429394971946 12.90176906938617
2008.5849 35.53 136.90 -27.64029361399988 15.49095176563737
2008.6123 35.53 136.90 -4.95258627062890 12.27622209788160
2008.6397 35.53 136.90 8.28095213255986 13.74528471483643
2008.6671 35.53 136.90 5.52525700328573 13.03320832439390
2008.6945 35.53 136.90 -30.15091231922120 12.55048908010481
2008.7219 35.53 136.90 7.42552127129431 14.97018209923566
2008.7493 35.53 136.90 -11.61131605237971 13.38934129453884
2008.7767 35.53 136.90 -10.80207438136863 16.15335015799524
2008.8041 35.53 136.90 -12.78652126359819 16.32757621447577
2008.8315 35.53 136.90 11.53652687823654 18.28742948752533
2008.8589 35.53 136.90 -25.12391876607992 21.42470467910346
2008.8863 35.53 136.90 -10.16147805470921 20.53850736381322
2008.9137 35.53 136.90 -14.57051409607316 19.67200407353182
2008.9411 35.53 136.90 -11.26967563324822 20.23849648914101
2008.9685 35.53 136.90 2.18757860594188 18.83543812141855
2008.9945 35.53 136.90 -5.48205187530253 16.03077291798603
2009.0205 35.53 136.90 -5.88120693720621 15.95497212849214
2009.0479 35.53 136.90 -8.39012165033675 15.96241927279943
2009.0753 35.53 136.90 -6.22979103104592 14.99477910666716
2009.1027 35.53 136.90 -29.19397113184591 19.15010618874231
2009.1301 35.53 136.90 -3.88084863545739 14.86623717472289
2009.1575 35.53 136.90 -0.97544447839637 14.98481040464552
2009.1849 35.53 136.90 35.57146986493184 18.01586854906954
2009.2123 35.53 136.90 -4.25409984896080 14.65450222103092
2009.2397 35.53 136.90 6.76688667543899 17.22115563422204
2009.2671 35.53 136.90 1.41551519759960 14.22002539071985
2009.2945 35.53 136.90 20.77738637397446 14.65426318796952
2009.3219 35.53 136.90 23.73750556054920 15.23108696745586
2009.3493 35.53 136.90 31.39676232145019 13.82040036033581
2009.3767 35.53 136.90 10.88928359749157 14.55408505974681
2009.4041 35.53 136.90 7.25457939614841 12.50413008834983
2009.4315 35.53 136.90 2.07275981930954 14.84786593379142
2009.4589 35.53 136.90 -1.89829592552966 12.06825804385807
2009.4863 35.53 136.90 18.57741121119189 13.42676885761158
2009.5137 35.53 136.90 -15.05238328187217 12.52937539386984
2009.5411 35.53 136.90 7.47078353123858 15.78310414956587
2009.5685 35.53 136.90 10.34329274596532 16.91925091494998
2009.5959 35.53 136.90 -9.83411678642837 14.63940180192342
2009.6233 35.53 136.90 -10.62717141338138 15.61742824896068
2009.6507 35.53 136.90 -6.22861589789583 15.08974745065651
2009.6781 35.53 136.90 -1.09303977356089 16.40800867548603
2009.7055 35.53 136.90 0.42285908455845 17.28384579664736
2009.7329 35.53 136.90 -26.18018422152320 16.47188015727976
2009.7603 35.53 136.90 -9.71826570840953 18.87986776141421
2009.7877 35.53 136.90 -14.94761156828863 17.36616726148640
2009.8151 35.53 136.90 -10.86947626435463 18.90513894745202
2009.8425 35.53 136.90 -22.84746844815163 16.98756290185706
2009.8699 35.53 136.90 -2.02683174846902 16.13658822123075
2009.8973 35.53 136.90 7.19935354333173 14.99373106032281
2009.9247 35.53 136.90 -12.06540268044551 14.45429377957763
2009.9521 35.53 136.90 5.53752777560697 13.75023504690672
2009.9795 35.53 136.90 4.68487844754362 14.13271568764133
2010.0068 35.53 136.90 -6.54157568704844 18.58318290613537
2010.0342 35.53 136.90 6.67432261325613 13.97790939657230
2010.0616 35.53 136.90 19.51343020760811 14.43763335023759
2010.0890 35.53 136.90 10.84762417577314 17.87526756152739
2010.1164 35.53 136.90 -26.68291549833302 18.47755109141949
2010.1438 35.53 136.90 18.42047406550202 17.40628607568860
2010.1712 35.53 136.90 -18.92882953569348 16.58719366247195
2010.1986 35.53 136.90 -8.01623265093800 15.86173004370081
2010.2260 35.53 136.90 29.72221147869981 17.42562139897879
2010.2534 35.53 136.90 28.92726934257371 17.85780578294433
2010.2808 35.53 136.90 38.11560647305682 13.36167962984492
2010.3082 35.53 136.90 24.20526637761461 14.16493246090112
2010.3356 35.53 136.90 17.64303397896041 12.43640947681083
2010.3630 35.53 136.90 12.46081307501342 13.31811022233078
2010.3904 35.53 136.90 23.93368746458525 13.29223803776417
2010.4178 35.53 136.90 28.57804148511309 14.26430911187509
2010.4452 35.53 136.90 15.93396885591903 12.37447057560147
2010.4726 35.53 136.90 50.50538714831601 10.94154896008323
2010.5000 35.53 136.90 34.74493014223637 12.74822905705527
2010.5274 35.53 136.90 0.61357578329363 21.66806939415777
2010.5548 35.53 136.90 6.76345877976025 13.32551309744061
2010.5822 35.53 136.90 10.49059861946185 11.89609294640813
2010.6096 35.53 136.90 4.48957684860200 16.02984941333688
2010.6370 35.53 136.90 -9.73843432471354 14.05078579351015
2010.6644 35.53 136.90 -15.93565728691117 13.02678579119567
2010.6918 35.53 136.90 -15.26224783262757 16.15441475392583
2010.7192 35.53 136.90 6.92686188868453 14.95891331800004
2010.7466 35.53 136.90 -23.55029307349191 17.74388392741677
2010.7740 35.53 136.90 11.32110511876475 13.74961736715686
2010.8014 35.53 136.90 -1.15643357601102 13.19537994664163
2010.8288 35.53 136.90 23.31940836705301 15.39306594578453
2010.8562 35.53 136.90 7.20006315897487 15.01200865914426
2010.8836 35.53 136.90 -10.18472962541492 13.60577095513390
2010.9110 35.53 136.90 7.94941679109049 15.19389304372022
2010.9384 35.53 136.90 -32.75955588842491 15.86127375958444
2010.9658 35.53 136.90 7.16773499737325 17.62017766096033
2010.9932 35.53 136.90 12.76337735348746 12.45015751452276
2011.1027 35.53 136.90 10.58958621677458 12.51669589942136
2011.1301 35.53 136.90 10.46651604316295 20.87248080186485
2011.1575 35.53 136.90 25.86693544593098 13.30279926241421
2011.1849 35.53 136.90 26.94826919075858 10.12023070791086
2011.2123 35.53 136.90 9.64506776543463 17.71506541589202
2011.2397 35.53 136.90 -16.74265526128450 18.65977789856536
2011.2671 35.53 136.90 -14.47183504561708 14.66970292031690
2011.2945 35.53 136.90 20.07688481401768 17.52601249462408
2011.3219 35.53 136.90 2.36814987370117 16.34174726855629
2011.3493 35.53 136.90 2.99130163029275 14.36229164349053
2011.3767 35.53 136.90 12.19956522731920 17.20144370872093
2011.4041 35.53 136.90 6.69065379151561 14.75701244148054
2011.4315 35.53 136.90 13.05200512884619 14.40112349509072
2011.5137 35.53 136.90 7.64300071642651 13.14412003392986
2011.5411 35.53 136.90 20.10202063931319 14.35094023606532
2011.5685 35.53 136.90 -9.95523099590789 13.82028357189566
2011.5959 35.53 136.90 -2.54789557268018 15.02650644054984
2011.6233 35.53 136.90 -28.82196867009863 14.85877458328885
2011.6507 35.53 136.90 -24.69985005964184 18.26780476778166
2011.6781 35.53 136.90 -5.11367201896539 16.93909510500059
2011.7055 35.53 136.90 -14.53118401601790 17.05161447619066
2011.7329 35.53 136.90 -32.31782600253028 20.07681810983354
2011.7603 35.53 136.90 -18.46339942161126 16.99182201400459
2011.7877 35.53 136.90 -15.54775171505640 18.24987393443904
2011.8151 35.53 136.90 -24.06013867697289 17.79576368325145
2011.8425 35.53 136.90 -16.39803183260320 19.60020463190224
2011.8699 35.53 136.90 1.02362983089025 18.10131336741577
2011.9521 35.53 136.90 -14.47819941628569 10.94546271381429
2011.9795 35.53 136.90 -19.16278195895712 15.38660450388051
2012.0068 35.53 136.90 -4.08309645545749 14.11506245785185
2012.0342 35.53 136.90 11.68710827468168 17.04524545782380
2012.0616 35.53 136.90 -2.53992736076055 14.78724630962409
2012.0890 35.53 136.90 7.57934007859963 14.50575632482487
2012.1164 35.53 136.90 1.76491437133110 14.01224225382594
2012.1438 35.53 136.90 21.72535322497301 14.61378122167883
2012.1712 35.53 136.90 43.15021994785878 13.62792883001552
2012.1986 35.53 136.90 44.67375504475097 12.33759115352681
2012.2260 35.53 136.90 12.25200620944421 12.72066063401760
2012.2534 35.53 136.90 12.48335209955257 12.40144713817187
2012.2808 35.53 136.90 14.81497855928981 11.55701214559322
2012.3082 35.53 136.90 32.43713587464651 12.82954166132441
2012.3904 35.53 136.90 -0.62482893991245 13.40782420891709
2012.4178 35.53 136.90 -13.91900654550861 10.42255142029149
2012.4452 35.53 136.90 -5.25716890404744 10.24701872448564
2012.4726 35.53 136.90 3.75134461268720 11.21993951693034
2012.5000 35.53 136.90 12.77479137346582 10.55128601301367
2012.5274 35.53 136.90 -3.15159278860037 11.28689519848622
2012.5548 35.53 136.90 -9.99629407265242 11.26443720743965
2012.5822 35.53 136.90 -6.50910375289110 12.13685351691766
2012.6096 35.53 136.90 -8.78135651695707 12.03573513850155
2012.6370 35.53 136.90 -18.19738569946956 11.00780678353844
2012.6644 35.53 136.90 -12.83458329755209 12.20219529485209
2012.6918 35.53 136.90 -33.84198693074423 12.63679505147327
2012.7192 35.53 136.90 -19.71534028507103 15.59241320977308
2012.7466 35.53 136.90 -19.49078839481717 10.09573202801423
2012.8562 35.53 136.90 -27.43241477085887 16.01289734371856
2012.8836 35.53 136.90 -31.10428750239199 15.16655450428349
2012.9110 35.53 136.90 -41.37010621314975 14.30771081299451
2012.9384 35.53 136.90 -37.51581365806327 13.36252860121464
2012.9658 35.53 136.90 -4.74322000189114 15.62466503841147
2012.9918 35.53 136.90 -4.80450543060939 7.20538488057157
2013.0178 35.53 136.90 -23.33282320252444 8.74723745314153
2013.0452 35.53 136.90 2.70358541792323 8.65122254095177
2013.0726 35.53 136.90 -13.61285458603598 7.87688468695104
2013.1000 35.53 136.90 0.64573325728169 8.11139561688763
2013.1274 35.53 136.90 -8.01010814588182 7.38964275819802
2013.1548 35.53 136.90 -11.34680879537080 6.62776274899867
2013.2644 35.53 136.90 28.05141405562885 7.30471735602038
2013.2918 35.53 136.90 38.67598328934324 7.66213921825231
2013.3192 35.53 136.90 31.72487435417349 8.64080656061154
2013.3466 35.53 136.90 42.49061388730036 8.91299904682439
2013.3740 35.53 136.90 3.71539822132148 7.46833980713917
2013.4014 35.53 136.90 16.46027092729231 7.75378472892503
2013.4288 35.53 136.90 3.36747860251611 6.63024296364065
2013.4562 35.53 136.90 -5.46010509498583 6.73735788213196
2013.4836 35.53 136.90 -10.91182267490639 6.98408602441302
2013.5110 35.53 136.90 34.33866967033187 8.06303963032221
2013.5384 35.53 136.90 24.04432736819317 7.65537572801766
2013.5658 35.53 136.90 -15.90399543831834 8.20574698632961
2013.7575 35.53 136.90 -33.20280630571386 7.55744077216122
2013.7849 35.53 136.90 -19.84279474704078 7.97555477420038
2013.8123 35.53 136.90 -7.73385981161737 7.23229541515565
2013.8397 35.53 136.90 -34.03910598211064 7.36184533201869
2013.8671 35.53 136.90 -1.91492926128577 7.83912193916275
2013.8945 35.53 136.90 -25.92764442611334 7.31671504293678
2013.9219 35.53 136.90 -22.43128382582832 6.32726588785900
2013.9493 35.53 136.90 0.82484714997988 6.88597441692066
2013.9767 35.53 136.90 -16.36761572339492 6.83790924291283
2014.0041 35.53 136.90 4.38399348749600 6.63675944145440
2014.0315 35.53 136.90 1.78763505623897 7.01472033585080
2014.1685 35.53 136.90 6.86598322065582 7.32801352397688
2014.1959 35.53 136.90 23.20931806069800 7.80589123062435
2014.2233 35.53 136.90 18.66009984203856 7.30294621074445
2014.2507 35.53 136.90 20.29211189697913 6.59978340303768
2014.2781 35.53 136.90 0.80758614120916 7.06833868210077
2014.3055 35.53 136.90 -43.44539107999652 6.72605968181287
2014.3329 35.53 136.90 -27.25066734669582 5.28090006210355
2014.3603 35.53 136.90 -20.20255004911213 6.21429235969776
2014.3877 35.53 136.90 32.81814745831878 6.23001057535768
2014.4151 35.53 136.90 0.41599508450637 6.13703918204101
2014.4425 35.53 136.90 5.84890282792487 6.58530820285169
2014.4699 35.53 136.90 -7.87845539852014 6.44526194820020
2014.5795 35.53 136.90 -6.98873878368958 5.09608468255292
2014.6068 35.53 136.90 18.75476191508788 5.61494580405592
2014.6342 35.53 136.90 20.47666445913388 4.93776294713840
2014.6616 35.53 136.90 -18.15554540573614 5.73304198908943
2014.6890 35.53 136.90 -4.95928149441768 5.58154029599483
2014.7164 35.53 136.90 -11.88849192019984 5.44375587175700
2014.7438 35.53 136.90 -37.97858033181114 6.05641106417995
2014.7712 35.53 136.90 -43.82563029906976 5.97973875722601
2014.7986 35.53 136.90 -17.09805668520126 5.12390142803374
2014.8260 35.53 136.90 0.20697764710852 5.07358649744119
2014.8534 35.53 136.90 -18.70975816029965 5.42566090435985
2014.8808 35.53 136.90 0.49931750701339 5.43920175651196
2014.9082 35.53 136.90 -10.99234727100964 5.57212336364832
2015.0452 35.53 136.90 3.09828456135552 3.85371904717018
2015.0726 35.53 136.90 37.68747864873502 4.38404494332688
2015.1000 35.53 136.90 19.64850663987570 3.73335260082939
2015.1274 35.53 136.90 24.42850459838602 3.43234270945829
2015.1548 35.53 136.90 30.74987528465561 4.20739829128045
2015.1822 35.53 136.90 -5.52492868130536 3.85676312556925
2015.2096 35.53 136.90 3.71320894622780 5.61064554687475
2015.2370 35.53 136.90 -16.30727502308532 6.25634231514068
2015.2644 35.53 136.90 21.42661255260895 5.34201199540308
2015.2918 35.53 136.90 35.66102750887491 5.25187226064161
2015.3192 35.53 136.90 28.10882498012259 5.04276943492594
2015.3466 35.53 136.90 5.69784398314851 5.55951377351985
2015.4836 35.53 136.90 20.50257063466597 4.51409804106926
2015.5110 35.53 136.90 -13.71664787753307 4.48247004152089
2015.5384 35.53 136.90 9.09614907128657 5.11645338347479
2015.5658 35.53 136.90 21.25339870752034 5.47665007507216
2015.5932 35.53 136.90 -8.07400547838022 5.80913082133410
2015.6205 35.53 136.90 -4.07480867562230 5.46241813692099
2015.6479 35.53 136.90 -1.09594841445726 5.34446059960152
2015.6753 35.53 136.90 -6.46257977344247 4.98259886706108
2015.7027 35.53 136.90 -19.93339162166191 5.69066357989767
2015.7301 35.53 136.90 -3.20008560047112 5.57052755545246
2015.9493 35.53 136.90 9.36575117691078 5.29965393607871
2015.9767 35.53 136.90 -10.80182659583641 5.88115766674317
2016.0041 35.53 136.90 13.71866930716475 5.17825832679385
2016.0315 35.53 136.90 -15.13592211663487 4.90605063067493
2016.0589 35.53 136.90 1.60144800903867 5.01255809515557
2016.0863 35.53 136.90 -2.48510006311677 4.36446729806318
2016.1137 35.53 136.90 14.37456440205858 5.12978505332712
2016.1411 35.53 136.90 -1.34214025430571 6.37099586782580
2016.1685 35.53 136.90 28.47207104433021 7.07163576677165
2016.1959 35.53 136.90 35.90513618173819 6.98516944493543
2016.2233 35.53 136.90 20.89912576990137 7.15479425089842
2016.2507 35.53 136.90 12.89197078530464 5.28443815302235
2016.3603 35.53 136.90 1.00518246311435 4.97562840592499
2016.3877 35.53 136.90 -1.42142148003650 6.14545612154057
2016.4151 35.53 136.90 -22.00909482993609 5.93883686604991
2016.4425 35.53 136.90 10.04116570154448 6.55143740008937
2016.4699 35.53 136.90 10.41409981769117 6.39873320635659
