2002.5877 52.25 -2.20 0.563 -1.206 -1.245 0.117 0.106 0.544
2002.6151 52.25 -2.20 0.516 -1.044 -0.063 0.111 0.102 0.520
2002.6425 52.25 -2.20 0.551 -0.842 -1.804 0.114 0.104 0.530
2002.6699 52.25 -2.20 0.602 -0.338 1.732 0.099 0.089 0.464
2002.6973 52.25 -2.20 0.327 -1.186 1.028 0.179 0.103 0.703
2002.7247 52.25 -2.20 0.210 -0.982 -1.957 0.105 0.097 0.493
2002.7521 52.25 -2.20 0.086 -0.854 -2.059 0.097 0.090 0.459
2002.7795 52.25 -2.20 0.147 -0.747 -2.488 0.113 0.104 0.531
2002.8068 52.25 -2.20 -0.061 -1.060 -4.552 0.101 0.093 0.475
2002.8342 52.25 -2.20 0.146 -1.115 -5.680 0.100 0.092 0.468
2002.8616 52.25 -2.20 -0.077 -0.691 -4.236 0.105 0.088 0.481
2002.8890 52.25 -2.20 -0.203 -0.810 -6.458 0.101 0.093 0.474
2002.9164 52.25 -2.20 -0.286 -0.448 -5.794 0.109 0.098 0.509
2003.0260 52.25 -2.20 0.299 -0.140 -6.347 0.123 0.112 0.576
2003.0534 52.25 -2.20 0.500 -0.634 -5.322 0.199 0.183 0.911
2003.0808 52.25 -2.20 -0.417 -0.082 -5.246 0.180 0.159 0.822
2003.1082 52.25 -2.20 0.134 0.151 -5.309 0.104 0.093 0.493
2003.1356 52.25 -2.20 0.349 -0.314 -3.896 0.097 0.086 0.460
2003.1630 52.25 -2.20 0.498 -0.013 -4.238 0.103 0.092 0.485
2003.1904 52.25 -2.20 0.267 0.110 -3.681 0.121 0.107 0.564
2003.2178 52.25 -2.20 0.224 -0.520 -3.570 0.101 0.091 0.477
2003.2452 52.25 -2.20 0.133 -0.347 -3.651 0.099 0.089 0.465
2003.2726 52.25 -2.20 -0.110 -0.397 -0.913 0.096 0.087 0.454
2003.3000 52.25 -2.20 -0.169 -0.188 -0.698 0.094 0.085 0.444
2003.3274 52.25 -2.20 -0.085 -0.209 -0.235 0.122 0.111 0.569
2003.3548 52.25 -2.20 0.307 -0.247 -0.630 0.133 0.122 0.615
2003.3822 52.25 -2.20 0.665 -0.650 0.198 0.123 0.111 0.575
2003.5192 52.25 -2.20 0.361 -0.591 -1.123 0.126 0.117 0.585
2003.5466 52.25 -2.20 0.175 -0.977 0.721 0.139 0.130 0.641
2003.5740 52.25 -2.20 0.229 -1.019 -2.375 0.161 0.151 0.739
2003.6014 52.25 -2.20 0.381 -0.790 0.242 0.139 0.130 0.641
2003.6288 52.25 -2.20 0.247 -0.944 2.230 0.132 0.123 0.613
2003.6562 52.25 -2.20 0.399 -1.334 0.007 0.142 0.132 0.654
2003.6836 52.25 -2.20 0.186 -0.978 0.095 0.139 0.130 0.642
2003.7110 52.25 -2.20 0.299 -1.238 0.937 0.111 0.101 0.515
2003.7384 52.25 -2.20 0.445 -0.999 0.545 0.133 0.123 0.613
2003.7658 52.25 -2.20 0.146 -1.188 1.327 0.122 0.113 0.565
2003.7932 52.25 -2.20 0.449 -1.104 1.312 0.136 0.126 0.626
2003.8205 52.25 -2.20 0.368 -1.132 0.696 0.148 0.134 0.675
2003.8479 52.25 -2.20 0.191 -1.068 -0.092 0.132 0.118 0.602
2003.8753 52.25 -2.20 0.049 -1.028 -1.271 0.136 0.125 0.625
2003.9027 52.25 -2.20 -0.096 -1.341 0.137 0.126 0.114 0.580
2003.9301 52.25 -2.20 -0.042 -0.708 -0.571 0.131 0.118 0.599
2003.9575 52.25 -2.20 -0.188 -0.697 -0.629 0.146 0.132 0.662
2003.9849 52.25 -2.20 -0.112 -0.589 -1.708 0.139 0.125 0.631
2004.0123 52.25 -2.20 -0.060 -0.637 -4.386 0.150 0.134 0.676
2004.0397 52.25 -2.20 -0.308 -0.356 -3.980 0.128 0.116 0.595
2004.0945 52.25 -2.20 -0.138 0.030 -5.468 0.119 0.108 0.555
2004.1219 52.25 -2.20 0.316 0.189 -2.272 0.127 0.112 0.575
2004.1493 52.25 -2.20 0.044 0.053 -0.211 0.149 0.131 0.670
2004.1767 52.25 -2.20 -0.215 -0.119 -1.296 0.158 0.138 0.705
2004.2041 52.25 -2.20 0.334 0.100 -1.695 0.130 0.114 0.587
2004.2315 52.25 -2.20 0.081 -0.193 -0.590 0.133 0.116 0.596
2004.2589 52.25 -2.20 -0.194 -0.307 -1.921 0.137 0.120 0.616
2004.2863 52.25 -2.20 0.014 0.291 -1.114 0.138 0.120 0.618
2004.3137 52.25 -2.20 0.181 -0.325 -0.108 0.131 0.114 0.590
2004.3411 52.25 -2.20 -0.104 -0.313 -0.102 0.144 0.124 0.641
2004.3685 52.25 -2.20 -0.117 0.269 -1.844 0.139 0.122 0.627
2004.3959 52.25 -2.20 -0.212 -0.193 -1.878 0.122 0.108 0.558
2004.4233 52.25 -2.20 0.173 -0.100 -1.125 0.118 0.104 0.537
2004.4507 52.25 -2.20 0.488 0.139 -0.093 0.105 0.092 0.479
2004.4781 52.25 -2.20 0.294 -0.321 -1.262 0.115 0.100 0.522
2004.5055 52.25 -2.20 0.320 -0.124 -1.258 0.112 0.098 0.511
2004.5329 52.25 -2.20 0.153 -0.255 -0.251 0.106 0.093 0.487
2004.5603 52.25 -2.20 0.235 -0.506 0.825 0.109 0.095 0.498
2004.5877 52.25 -2.20 0.287 -0.580 0.032 0.111 0.097 0.505
2004.6151 52.25 -2.20 0.528 -0.404 -0.437 0.122 0.106 0.553
2004.6425 52.25 -2.20 0.296 -0.692 -0.057 0.104 0.092 0.478
2004.6699 52.25 -2.20 0.134 -0.691 0.692 0.104 0.092 0.480
2004.6973 52.25 -2.20 0.287 -0.880 -0.927 0.097 0.087 0.453
2004.7247 52.25 -2.20 0.477 -0.975 -0.975 0.112 0.099 0.513
2004.7521 52.25 -2.20 0.277 -0.701 -1.148 0.107 0.095 0.496
2004.7795 52.25 -2.20 0.298 -0.857 -1.254 0.104 0.092 0.481
2004.8068 52.25 -2.20 0.251 -0.901 -1.534 0.116 0.101 0.526
2004.8342 52.25 -2.20 -0.058 -0.839 -1.266 0.114 0.100 0.519
2004.8616 52.25 -2.20 0.210 -0.686 -4.341 0.101 0.090 0.467
2004.8890 52.25 -2.20 0.246 -0.382 -2.752 0.101 0.089 0.465
2004.9164 52.25 -2.20 0.265 -0.694 -3.270 0.110 0.096 0.501
2004.9438 52.25 -2.20 0.235 -0.455 -1.609 0.121 0.108 0.558
2004.9712 52.25 -2.20 0.291 0.016 -3.182 0.110 0.095 0.498
2004.9973 52.25 -2.20 -0.141 -0.329 -2.562 0.106 0.094 0.489
2005.0233 52.25 -2.20 0.101 -0.305 -2.636 0.123 0.106 0.549
2005.0507 52.25 -2.20 0.287 -0.183 -5.433 0.177 0.151 0.775
2005.0781 52.25 -2.20 -0.006 0.188 -2.236 0.136 0.117 0.605
2005.1055 52.25 -2.20 -0.049 -0.376 -0.613 0.135 0.117 0.602
2005.1329 52.25 -2.20 0.072 -0.318 -2.515 0.138 0.120 0.616
2005.1603 52.25 -2.20 0.158 0.524 -0.219 0.124 0.108 0.560
2005.1877 52.25 -2.20 0.009 0.135 -1.044 0.125 0.110 0.568
2005.2151 52.25 -2.20 0.255 0.024 -1.956 0.118 0.105 0.542
2005.2425 52.25 -2.20 0.275 0.232 -1.039 0.114 0.100 0.519
2005.2699 52.25 -2.20 0.456 0.202 -0.162 0.121 0.107 0.550
2005.2973 52.25 -2.20 0.370 0.534 -2.179 0.128 0.112 0.578
2005.3247 52.25 -2.20 0.265 -0.244 0.367 0.135 0.119 0.608
2005.3521 52.25 -2.20 0.155 -0.552 -0.923 0.059 0.052 0.296
2005.3795 52.25 -2.20 0.245 0.280 -0.452 0.126 0.112 0.573
2005.4068 52.25 -2.20 0.319 -0.025 -0.264 0.116 0.103 0.531
2005.4342 52.25 -2.20 0.409 -0.073 0.377 0.133 0.118 0.607
2005.4616 52.25 -2.20 0.405 -0.276 0.020 0.120 0.107 0.551
2005.4890 52.25 -2.20 0.695 -0.267 1.587 0.114 0.102 0.524
2005.5164 52.25 -2.20 0.637 -0.132 1.408 0.114 0.101 0.523
2005.5438 52.25 -2.20 0.519 -0.098 1.610 0.123 0.110 0.562
2005.5712 52.25 -2.20 0.351 -0.138 1.630 0.133 0.119 0.607
2005.5986 52.25 -2.20 0.186 -0.050 1.218 0.136 0.122 0.620
2005.6260 52.25 -2.20 0.441 -0.344 0.371 0.121 0.108 0.554
2005.6534 52.25 -2.20 0.177 -0.838 0.255 0.127 0.114 0.580
2005.6808 52.25 -2.20 0.340 -0.563 -0.318 0.125 0.112 0.571
2005.7082 52.25 -2.20 0.408 -0.764 0.271 0.150 0.135 0.679
2005.7356 52.25 -2.20 0.415 -0.935 0.463 0.132 0.119 0.602
2005.7630 52.25 -2.20 -0.081 -0.693 -0.454 0.132 0.120 0.604
2005.7904 52.25 -2.20 0.105 -0.791 -1.062 0.124 0.113 0.570
2005.8178 52.25 -2.20 0.061 -0.522 -3.451 0.127 0.116 0.583
2005.8452 52.25 -2.20 0.146 -0.617 -3.520 0.136 0.124 0.625
2005.8726 52.25 -2.20 0.005 -0.745 -3.733 0.118 0.108 0.545
2005.9000 52.25 -2.20 0.087 -0.328 -1.778 0.116 0.105 0.535
2005.9274 52.25 -2.20 0.006 -0.645 -2.327 0.123 0.110 0.570
2005.9548 52.25 -2.20 -0.115 -0.231 -1.980 0.120 0.105 0.574
2005.9822 52.25 -2.20 0.098 -0.411 -0.592 0.116 0.104 0.539
2006.0096 52.25 -2.20 0.184 -0.317 -1.309 0.125 0.113 0.575
2006.0370 52.25 -2.20 -0.076 -0.181 -1.867 0.155 0.142 0.712
2006.0644 52.25 -2.20 -0.039 -0.294 -2.412 0.158 0.144 0.724
2006.0918 52.25 -2.20 -0.030 -0.018 -2.727 0.156 0.143 0.716
2006.1192 52.25 -2.20 0.137 0.259 -0.037 0.176 0.162 0.801
2006.1466 52.25 -2.20 0.078 0.431 -3.626 0.139 0.128 0.639
2006.1740 52.25 -2.20 -0.127 0.635 -1.211 0.155 0.143 0.708
2006.2014 52.25 -2.20 -0.077 0.307 -2.367 0.121 0.112 0.561
2006.2288 52.25 -2.20 0.036 0.575 -2.366 0.155 0.144 0.712
2006.2562 52.25 -2.20 -0.221 0.068 -2.536 0.145 0.136 0.667
2006.2836 52.25 -2.20 -0.145 0.326 0.064 0.142 0.133 0.656
2006.3110 52.25 -2.20 0.036 0.143 1.945 0.152 0.142 0.698
2006.3384 52.25 -2.20 0.158 0.222 1.918 0.137 0.129 0.635
2006.3658 52.25 -2.20 0.212 0.191 0.846 0.152 0.143 0.701
2006.3932 52.25 -2.20 0.196 -0.094 0.621 0.150 0.141 0.691
2006.4205 52.25 -2.20 0.532 0.255 2.487 0.151 0.141 0.695
2006.4479 52.25 -2.20 0.373 0.143 2.021 0.167 0.154 0.766
2006.4753 52.25 -2.20 0.314 0.168 2.333 0.168 0.157 0.772
2006.5027 52.25 -2.20 0.236 -0.304 2.064 0.173 0.163 0.799
2006.5301 52.25 -2.20 0.353 -0.163 1.778 0.205 0.194 0.940
2006.5575 52.25 -2.20 0.537 -0.731 3.788 0.164 0.155 0.755
2006.5849 52.25 -2.20 0.328 -0.796 2.752 0.168 0.159 0.776
2006.6123 52.25 -2.20 0.074 -0.225 1.539 0.205 0.196 0.942
2006.6397 52.25 -2.20 0.204 -0.604 -1.229 0.175 0.166 0.805
2006.6671 52.25 -2.20 0.253 -0.451 -0.221 0.160 0.151 0.737
2006.6945 52.25 -2.20 0.064 -0.942 -0.102 0.203 0.193 0.931
2006.7219 52.25 -2.20 0.208 -0.470 -0.727 0.192 0.180 0.880
2006.7493 52.25 -2.20 0.550 -0.989 -1.135 0.228 0.215 1.042
2006.7767 52.25 -2.20 0.279 -0.787 -0.064 0.197 0.187 0.905
2006.8041 52.25 -2.20 0.379 -1.168 -1.130 0.160 0.150 0.736
2006.8315 52.25 -2.20 0.433 -1.246 -3.648 0.185 0.175 0.849
2006.8589 52.25 -2.20 0.324 -0.466 -0.535 0.180 0.170 0.828
2006.8863 52.25 -2.20 0.276 -0.127 -1.873 0.173 0.163 0.796
2006.9137 52.25 -2.20 0.159 -0.583 -2.270 0.169 0.158 0.777
2006.9411 52.25 -2.20 0.036 -0.190 -2.413 0.166 0.155 0.765
2006.9685 52.25 -2.20 0.367 -0.041 -1.229 0.167 0.153 0.765
2006.9959 52.25 -2.20 0.079 -0.002 -1.474 0.167 0.152 0.764
2007.0233 52.25 -2.20 -0.058 0.014 -4.487 0.156 0.141 0.715
2007.0507 52.25 -2.20 0.362 0.339 -3.247 0.162 0.147 0.742
2007.0781 52.25 -2.20 0.260 0.680 -1.403 0.164 0.153 0.755
2007.1055 52.25 -2.20 0.019 0.022 -3.160 0.147 0.136 0.678
2007.1329 52.25 -2.20 0.215 0.272 -2.641 0.160 0.148 0.737
2007.1603 52.25 -2.20 0.186 0.205 -1.858 0.152 0.141 0.701
2007.1877 52.25 -2.20 0.349 0.379 -3.731 0.195 0.183 0.892
2007.2151 52.25 -2.20 0.358 0.165 -1.270 0.174 0.164 0.799
2007.2425 52.25 -2.20 0.144 0.878 0.587 0.167 0.157 0.768
2007.2699 52.25 -2.20 0.250 0.380 1.612 0.135 0.125 0.623
2007.2973 52.25 -2.20 0.113 0.216 1.175 0.127 0.117 0.589
2007.3247 52.25 -2.20 0.045 0.082 0.523 0.154 0.144 0.710
2007.3521 52.25 -2.20 0.157 0.025 1.126 0.168 0.158 0.773
2007.3795 52.25 -2.20 0.084 0.030 1.868 0.176 0.166 0.809
2007.4068 52.25 -2.20 0.117 0.017 0.797 0.147 0.138 0.681
2007.4342 52.25 -2.20 0.471 0.179 2.276 0.141 0.132 0.654
2007.4616 52.25 -2.20 0.156 0.392 1.931 0.184 0.174 0.844
2007.4890 52.25 -2.20 0.492 0.067 -0.962 0.143 0.132 0.659
2007.5164 52.25 -2.20 0.463 0.306 -1.137 0.150 0.140 0.692
2007.5438 52.25 -2.20 0.184 -0.271 -2.292 0.146 0.136 0.672
2007.5712 52.25 -2.20 0.196 -0.099 -3.437 0.150 0.139 0.691
2007.5986 52.25 -2.20 0.310 -0.215 -2.755 0.183 0.171 0.838
2007.6260 52.25 -2.20 0.183 -0.701 -0.935 0.150 0.139 0.691
2007.6534 52.25 -2.20 0.020 -0.769 -1.719 0.152 0.141 0.702
2007.6808 52.25 -2.20 0.121 -1.061 -0.200 0.161 0.149 0.738
2007.7082 52.25 -2.20 0.192 -1.109 -0.194 0.121 0.109 0.562
2007.7356 52.25 -2.20 0.307 -0.736 -0.340 0.165 0.152 0.758
2007.7630 52.25 -2.20 0.155 -0.565 -0.345 0.129 0.117 0.598
2007.7904 52.25 -2.20 0.252 -0.660 -0.216 0.162 0.150 0.744
2007.8178 52.25 -2.20 -0.008 -0.402 0.243 0.185 0.173 0.849
2007.8452 52.25 -2.20 0.145 -0.237 0.628 0.152 0.141 0.702
2007.8726 52.25 -2.20 0.020 -0.595 -2.016 0.177 0.164 0.811
2007.9000 52.25 -2.20 -0.265 -0.419 -3.500 0.190 0.172 0.862
2007.9274 52.25 -2.20 0.231 -0.288 -5.276 0.182 0.171 0.839
2007.9548 52.25 -2.20 -0.010 -0.243 -3.710 0.138 0.128 0.638
2007.9822 52.25 -2.20 0.122 0.092 -3.864 0.168 0.158 0.776
2008.0096 52.25 -2.20 0.378 -0.018 -2.554 0.148 0.138 0.684
2008.0370 52.25 -2.20 0.198 0.155 -3.930 0.152 0.143 0.701
2008.0644 52.25 -2.20 0.154 -0.358 -2.923 0.174 0.165 0.802
2008.0918 52.25 -2.20 0.190 0.155 -2.587 0.141 0.132 0.655
2008.1192 52.25 -2.20 0.577 -0.115 -2.110 0.164 0.155 0.757
2008.1466 52.25 -2.20 0.264 -0.292 -1.915 0.190 0.180 0.875
2008.1740 52.25 -2.20 0.401 0.372 -1.440 0.167 0.157 0.769
2008.2014 52.25 -2.20 0.476 0.266 0.443 0.178 0.169 0.818
2008.2288 52.25 -2.20 0.397 0.359 1.135 0.209 0.196 0.963
2008.2562 52.25 -2.20 0.100 0.515 -1.704 0.195 0.183 0.895
2008.2836 52.25 -2.20 0.031 0.176 0.676 0.234 0.220 1.072
2008.3110 52.25 -2.20 0.454 0.126 -0.609 0.241 0.227 1.104
2008.3384 52.25 -2.20 0.808 0.035 -1.905 0.178 0.168 0.821
2008.3658 52.25 -2.20 0.333 0.117 1.414 0.183 0.171 0.841
2008.3932 52.25 -2.20 0.069 0.280 0.198 0.167 0.156 0.771
2008.4205 52.25 -2.20 0.222 0.336 -0.660 0.147 0.136 0.676
2008.4479 52.25 -2.20 0.015 0.045 -0.517 0.148 0.138 0.683
2008.4753 52.25 -2.20 0.137 -0.377 0.203 0.144 0.134 0.665
2008.5027 52.25 -2.20 0.154 -0.439 -0.304 0.177 0.163 0.808
2008.5301 52.25 -2.20 0.079 -0.010 -2.192 0.219 0.203 1.000
2008.5575 52.25 -2.20 0.357 0.011 2.117 0.145 0.132 0.665
2008.5849 52.25 -2.20 0.148 -0.524 0.949 0.161 0.149 0.738
2008.6123 52.25 -2.20 0.045 -0.582 0.931 0.136 0.125 0.628
2008.6397 52.25 -2.20 0.090 -0.369 0.845 0.149 0.137 0.683
2008.6671 52.25 -2.20 0.117 -0.428 0.818 0.143 0.131 0.657
2008.6945 52.25 -2.20 0.208 -0.680 -0.796 0.139 0.127 0.638
2008.7219 52.25 -2.20 0.110 -0.581 0.588 0.158 0.146 0.724
2008.7493 52.25 -2.20 0.163 -0.365 -0.305 0.143 0.133 0.659
2008.7767 52.25 -2.20 0.155 -0.639 -1.644 0.166 0.155 0.760
2008.8041 52.25 -2.20 -0.140 -0.408 -0.082 0.166 0.156 0.764
2008.8315 52.25 -2.20 0.033 -0.522 -1.498 0.188 0.176 0.863
2008.8589 52.25 -2.20 -0.066 -0.440 -1.308 0.219 0.206 1.004
2008.8863 52.25 -2.20 0.142 -0.443 -2.323 0.210 0.198 0.965
2008.9137 52.25 -2.20 -0.308 0.069 0.197 0.200 0.188 0.918
2008.9411 52.25 -2.20 -0.220 -0.181 -1.827 0.210 0.197 0.964
2008.9685 52.25 -2.20 -0.178 -0.089 -1.631 0.197 0.185 0.904
2008.9945 52.25 -2.20 -0.034 -0.384 -0.331 0.166 0.156 0.765
2009.0205 52.25 -2.20 0.051 -0.205 -1.839 0.162 0.153 0.750
2009.0479 52.25 -2.20 -0.378 0.253 -2.459 0.163 0.154 0.752
2009.0753 52.25 -2.20 -0.182 0.205 1.327 0.157 0.148 0.725
2009.1027 52.25 -2.20 0.016 -0.155 -0.649 0.194 0.184 0.894
2009.1301 52.25 -2.20 0.209 0.261 2.355 0.155 0.146 0.718
2009.1575 52.25 -2.20 0.089 0.480 0.690 0.159 0.149 0.734
2009.1849 52.25 -2.20 0.127 0.814 -0.289 0.180 0.171 0.830
2009.2123 52.25 -2.20 0.133 0.304 1.634 0.158 0.146 0.726
2009.2397 52.25 -2.20 0.055 0.064 1.357 0.176 0.166 0.812
2009.2671 52.25 -2.20 0.244 0.138 0.653 0.148 0.139 0.684
2009.2945 52.25 -2.20 0.149 0.338 -0.164 0.152 0.142 0.700
2009.3219 52.25 -2.20 -0.152 0.249 0.133 0.158 0.149 0.731
2009.3493 52.25 -2.20 0.196 0.506 2.472 0.146 0.136 0.674
2009.3767 52.25 -2.20 0.349 -0.242 2.756 0.154 0.143 0.707
2009.4041 52.25 -2.20 0.278 0.276 4.317 0.136 0.126 0.630
2009.4315 52.25 -2.20 0.057 0.153 2.219 0.155 0.145 0.714
2009.4589 52.25 -2.20 0.318 -0.031 0.134 0.133 0.122 0.615
2009.4863 52.25 -2.20 0.416 -0.216 0.826 0.146 0.135 0.674
2009.5137 52.25 -2.20 0.583 0.006 0.229 0.142 0.128 0.652
2009.5411 52.25 -2.20 0.201 -0.160 1.785 0.173 0.159 0.792
2009.5685 52.25 -2.20 0.163 -0.260 3.334 0.186 0.171 0.853
2009.5959 52.25 -2.20 0.295 -0.146 1.809 0.164 0.150 0.751
2009.6233 52.25 -2.20 0.047 -0.284 1.971 0.168 0.155 0.771
2009.6507 52.25 -2.20 0.202 -0.368 1.050 0.162 0.149 0.743
2009.6781 52.25 -2.20 0.383 -0.624 0.520 0.172 0.160 0.790
2009.7055 52.25 -2.20 0.193 -0.624 1.254 0.178 0.166 0.814
2009.7329 52.25 -2.20 0.404 -0.396 0.699 0.172 0.160 0.788
2009.7603 52.25 -2.20 0.051 -0.593 0.779 0.196 0.183 0.896
2009.7877 52.25 -2.20 0.368 -0.599 0.066 0.180 0.168 0.828
2009.8151 52.25 -2.20 0.292 -0.450 -0.515 0.193 0.181 0.884
2009.8425 52.25 -2.20 0.066 -0.470 0.282 0.176 0.164 0.807
2009.8699 52.25 -2.20 -0.099 -0.329 0.340 0.168 0.157 0.773
2009.8973 52.25 -2.20 0.141 -0.263 -2.505 0.157 0.147 0.725
2009.9247 52.25 -2.20 -0.019 -0.213 -1.826 0.159 0.146 0.732
2009.9521 52.25 -2.20 0.048 0.127 0.060 0.148 0.137 0.682
2009.9795 52.25 -2.20 0.060 0.019 -2.878 0.152 0.141 0.702
2010.0068 52.25 -2.20 -0.080 0.270 -2.498 0.190 0.178 0.873
2010.0342 52.25 -2.20 -0.008 0.273 -0.219 0.150 0.139 0.692
2010.0616 52.25 -2.20 0.028 0.478 -2.547 0.154 0.143 0.708
2010.0890 52.25 -2.20 0.047 0.489 -0.468 0.182 0.171 0.834
2010.1164 52.25 -2.20 -0.009 0.629 0.193 0.188 0.176 0.861
2010.1438 52.25 -2.20 -0.487 0.294 -0.705 0.182 0.170 0.835
2010.1712 52.25 -2.20 -0.656 0.685 -4.178 0.174 0.162 0.800
2010.1986 52.25 -2.20 -0.164 0.343 -1.325 0.167 0.156 0.768
2010.2260 52.25 -2.20 -0.031 0.360 -0.927 0.182 0.170 0.837
2010.2534 52.25 -2.20 -0.130 0.268 -0.067 0.189 0.175 0.865
2010.2808 52.25 -2.20 0.223 0.304 1.037 0.147 0.135 0.676
2010.3082 52.25 -2.20 -0.297 0.189 -0.802 0.153 0.141 0.705
2010.3356 52.25 -2.20 0.190 -0.081 0.117 0.142 0.129 0.653
2010.3630 52.25 -2.20 0.190 0.130 2.092 0.151 0.138 0.693
2010.3904 52.25 -2.20 0.355 0.133 1.984 0.158 0.140 0.720
2010.4178 52.25 -2.20 0.247 -0.088 3.277 0.160 0.146 0.735
2010.4452 52.25 -2.20 0.002 0.210 2.577 0.142 0.130 0.657
2010.4726 52.25 -2.20 0.057 0.090 3.335 0.129 0.117 0.598
2010.5000 52.25 -2.20 0.171 0.209 2.622 0.144 0.132 0.664
2010.5274 52.25 -2.20 -0.016 0.211 1.611 0.217 0.204 0.993
2010.5548 52.25 -2.20 0.152 -0.236 2.865 0.142 0.132 0.653
2010.5822 52.25 -2.20 -0.270 0.165 5.375 0.128 0.119 0.594
2010.6096 52.25 -2.20 -0.201 -0.040 2.211 0.163 0.153 0.749
2010.6370 52.25 -2.20 -0.069 -0.009 1.030 0.146 0.137 0.676
2010.6644 52.25 -2.20 -0.123 -0.071 1.658 0.138 0.128 0.637
2010.6918 52.25 -2.20 -0.086 -0.495 0.065 0.163 0.154 0.751
2010.7192 52.25 -2.20 -0.010 -0.540 0.368 0.153 0.143 0.703
2010.7466 52.25 -2.20 -0.311 -0.392 0.188 0.176 0.166 0.806
2010.7740 52.25 -2.20 0.040 0.001 0.500 0.146 0.136 0.674
2010.8014 52.25 -2.20 -0.216 -0.281 0.080 0.139 0.129 0.640
2010.8288 52.25 -2.20 -0.034 0.117 0.736 0.157 0.147 0.721
2010.8562 52.25 -2.20 0.133 -0.174 0.925 0.154 0.145 0.710
2010.8836 52.25 -2.20 -0.295 0.189 -1.653 0.144 0.135 0.667
2010.9110 52.25 -2.20 -0.319 0.458 0.059 0.157 0.147 0.720
2010.9384 52.25 -2.20 -0.158 0.527 -3.570 0.162 0.152 0.746
2010.9658 52.25 -2.20 -0.550 0.416 -2.577 0.177 0.167 0.813
2010.9932 52.25 -2.20 -0.435 0.790 -1.058 0.166 0.121 0.709
2011.1027 52.25 -2.20 -0.119 0.773 -1.217 0.156 0.135 0.710
2011.1301 52.25 -2.20 -0.104 0.678 -0.468 0.213 0.199 0.972
2011.1575 52.25 -2.20 0.057 0.825 -0.986 0.147 0.135 0.675
2011.1849 52.25 -2.20 -0.248 0.482 1.452 0.120 0.108 0.556
2011.2123 52.25 -2.20 -0.073 0.641 1.844 0.181 0.170 0.830
2011.2397 52.25 -2.20 0.090 0.613 1.962 0.187 0.176 0.857
2011.2671 52.25 -2.20 0.264 1.077 2.249 0.153 0.144 0.708
2011.2945 52.25 -2.20 0.207 0.311 3.849 0.176 0.166 0.809
2011.3219 52.25 -2.20 0.259 0.901 3.766 0.165 0.156 0.761
2011.3493 52.25 -2.20 0.013 0.982 3.418 0.150 0.141 0.693
2011.3767 52.25 -2.20 -0.019 0.797 5.060 0.173 0.164 0.796
2011.4041 52.25 -2.20 0.361 0.493 4.755 0.155 0.145 0.715
2011.4315 52.25 -2.20 0.157 0.650 2.779 0.169 0.145 0.756
2011.5137 52.25 -2.20 0.509 0.444 1.492 0.149 0.134 0.683
2011.5411 52.25 -2.20 0.057 0.132 2.116 0.153 0.142 0.704
2011.5685 52.25 -2.20 0.012 0.265 2.833 0.151 0.139 0.695
2011.5959 52.25 -2.20 0.155 0.188 3.784 0.160 0.149 0.736
2011.6233 52.25 -2.20 -0.149 0.170 2.511 0.162 0.149 0.742
2011.6507 52.25 -2.20 0.077 0.141 3.233 0.186 0.174 0.852
2011.6781 52.25 -2.20 0.097 0.045 3.957 0.173 0.162 0.793
2011.7055 52.25 -2.20 0.166 -0.173 2.718 0.173 0.162 0.792
2011.7329 52.25 -2.20 0.461 -0.299 2.575 0.197 0.186 0.903
2011.7603 52.25 -2.20 0.174 -0.052 3.857 0.171 0.161 0.783
2011.7877 52.25 -2.20 0.086 -0.188 5.249 0.181 0.170 0.829
2011.8151 52.25 -2.20 0.203 -0.007 1.894 0.178 0.167 0.816
2011.8425 52.25 -2.20 -0.146 -0.251 1.773 0.191 0.180 0.874
2011.8699 52.25 -2.20 -0.057 -0.325 0.432 0.191 0.169 0.857
2011.9521 52.25 -2.20 -0.267 0.538 -0.298 0.142 0.111 0.624
2011.9795 52.25 -2.20 -0.262 0.493 0.850 0.158 0.142 0.713
2012.0068 52.25 -2.20 -0.150 0.542 0.240 0.149 0.131 0.668
2012.0342 52.25 -2.20 0.028 0.393 2.517 0.177 0.155 0.789
2012.0616 52.25 -2.20 0.005 0.340 0.973 0.156 0.135 0.693
2012.0890 52.25 -2.20 0.092 0.454 2.505 0.155 0.132 0.686
2012.1164 52.25 -2.20 0.211 0.564 3.835 0.153 0.129 0.677
2012.1438 52.25 -2.20 -0.014 0.787 4.246 0.159 0.133 0.697
2012.1712 52.25 -2.20 -0.001 0.591 2.172 0.154 0.127 0.676
2012.1986 52.25 -2.20 0.089 0.984 4.186 0.140 0.114 0.616
2012.2260 52.25 -2.20 -0.108 0.774 2.242 0.142 0.115 0.619
2012.2534 52.25 -2.20 0.096 0.706 2.850 0.138 0.111 0.601
2012.2808 52.25 -2.20 0.301 0.510 2.784 0.129 0.103 0.562
2012.3082 52.25 -2.20 0.439 0.753 4.169 0.169 0.122 0.718
2012.3904 52.25 -2.20 -0.214 0.438 1.668 0.165 0.134 0.727
2012.4178 52.25 -2.20 -0.017 0.779 0.914 0.119 0.095 0.522
2012.4452 52.25 -2.20 -0.099 0.545 0.178 0.118 0.095 0.519
2012.4726 52.25 -2.20 -0.014 0.096 0.951 0.127 0.101 0.555
2012.5000 52.25 -2.20 0.071 0.030 0.317 0.122 0.097 0.534
2012.5274 52.25 -2.20 -0.104 -0.107 1.195 0.128 0.103 0.560
2012.5548 52.25 -2.20 0.004 0.113 4.084 0.128 0.103 0.560
2012.5822 52.25 -2.20 -0.119 0.046 3.307 0.134 0.109 0.586
2012.6096 52.25 -2.20 -0.083 0.105 3.278 0.132 0.108 0.577
2012.6370 52.25 -2.20 0.048 -0.153 1.503 0.122 0.100 0.537
2012.6644 52.25 -2.20 -0.172 -0.076 0.672 0.132 0.110 0.582
2012.6918 52.25 -2.20 -0.077 -0.169 2.673 0.134 0.115 0.597
2012.7192 52.25 -2.20 -0.024 -0.251 1.496 0.158 0.139 0.706
2012.7466 52.25 -2.20 -0.248 0.183 0.879 0.131 0.099 0.569
2012.8562 52.25 -2.20 -0.661 -0.417 -3.510 0.166 0.146 0.741
2012.8836 52.25 -2.20 -0.378 0.232 -0.609 0.151 0.141 0.692
2012.9110 52.25 -2.20 -0.490 -0.294 -2.690 0.144 0.134 0.659
2012.9384 52.25 -2.20 -0.428 0.092 -1.660 0.142 0.131 0.654
2012.9658 52.25 -2.20 -0.454 0.657 -2.996 0.154 0.144 0.705
2012.9918 52.25 -2.20 -0.615 0.615 -3.087 0.079 0.072 0.373
2013.0178 52.25 -2.20 -0.328 0.703 -2.607 0.091 0.084 0.427
2013.0452 52.25 -2.20 -0.377 0.873 -2.909 0.091 0.084 0.427
2013.0726 52.25 -2.20 -0.634 0.733 -1.336 0.084 0.078 0.397
2013.1000 52.25 -2.20 -0.368 0.536 -1.138 0.086 0.080 0.407
2013.1274 52.25 -2.20 -0.287 0.588 0.050 0.081 0.074 0.383
2013.1548 52.25 -2.20 -0.202 0.822 0.407 0.081 0.068 0.373
2013.2644 52.25 -2.20 -0.253 0.849 -0.010 0.106 0.061 0.429
2013.2918 52.25 -2.20 -0.317 0.580 0.385 0.083 0.077 0.391
2013.3192 52.25 -2.20 -0.185 0.620 2.310 0.090 0.085 0.426
2013.3466 52.25 -2.20 -0.461 0.467 2.227 0.093 0.087 0.436
2013.3740 52.25 -2.20 -0.302 0.562 1.303 0.080 0.075 0.381
2013.4014 52.25 -2.20 -0.502 0.804 0.008 0.082 0.077 0.391
2013.4288 52.25 -2.20 -0.693 0.550 1.167 0.074 0.068 0.353
2013.4562 52.25 -2.20 -0.588 0.051 2.146 0.075 0.069 0.360
2013.4836 52.25 -2.20 -0.380 0.838 2.751 0.077 0.071 0.366
2013.5110 52.25 -2.20 -0.573 0.310 4.203 0.085 0.080 0.404
2013.5384 52.25 -2.20 -0.631 0.462 2.450 0.086 0.077 0.403
2013.5658 52.25 -2.20 -0.499 -0.067 4.031 0.088 0.082 0.415
2013.7575 52.25 -2.20 -0.623 -0.332 1.658 0.086 0.078 0.405
2013.7849 52.25 -2.20 -0.563 -0.057 1.057 0.088 0.080 0.413
2013.8123 52.25 -2.20 -0.393 -0.275 -0.532 0.081 0.074 0.382
2013.8397 52.25 -2.20 -0.281 -0.115 0.121 0.082 0.075 0.386
2013.8671 52.25 -2.20 -0.444 0.091 -0.898 0.088 0.080 0.412
2013.8945 52.25 -2.20 -0.508 0.065 1.496 0.081 0.074 0.384
2013.9219 52.25 -2.20 -0.367 0.189 -1.473 0.073 0.066 0.349
2013.9493 52.25 -2.20 -0.130 -0.049 -1.624 0.077 0.071 0.367
2013.9767 52.25 -2.20 -0.177 0.151 -2.131 0.078 0.072 0.373
2014.0041 52.25 -2.20 -0.356 0.403 -1.210 0.076 0.069 0.361
2014.0315 52.25 -2.20 -0.338 0.690 -2.063 0.078 0.072 0.373
2014.1685 52.25 -2.20 -0.809 0.865 -0.306 0.083 0.076 0.394
2014.1959 52.25 -2.20 -0.446 1.021 -1.446 0.083 0.077 0.391
2014.2233 52.25 -2.20 -0.316 0.533 -0.446 0.079 0.073 0.374
2014.2507 52.25 -2.20 -0.509 0.960 1.224 0.072 0.066 0.346
2014.2781 52.25 -2.20 -0.493 1.120 0.336 0.077 0.070 0.364
2014.3055 52.25 -2.20 -0.179 0.998 1.923 0.074 0.068 0.352
2014.3329 52.25 -2.20 -0.187 0.873 2.204 0.061 0.055 0.299
2014.3603 52.25 -2.20 -0.272 0.943 3.696 0.069 0.063 0.331
2014.3877 52.25 -2.20 -0.184 0.493 3.884 0.069 0.063 0.332
2014.4151 52.25 -2.20 -0.323 0.549 2.971 0.069 0.063 0.331
2014.4425 52.25 -2.20 -0.440 1.019 2.216 0.073 0.067 0.348
2014.4699 52.25 -2.20 -0.560 0.322 2.707 0.073 0.066 0.348
2014.5795 52.25 -2.20 -0.631 0.352 3.754 0.069 0.055 0.323
2014.6068 52.25 -2.20 -0.747 0.000 1.449 0.065 0.059 0.313
2014.6342 52.25 -2.20 -0.523 0.440 4.118 0.060 0.053 0.291
2014.6616 52.25 -2.20 -0.787 0.153 2.471 0.066 0.059 0.316
2014.6890 52.25 -2.20 -0.673 -0.044 2.365 0.064 0.058 0.309
2014.7164 52.25 -2.20 -0.342 -0.735 2.423 0.063 0.057 0.303
2014.7438 52.25 -2.20 -0.637 -0.158 3.429 0.067 0.061 0.324
2014.7712 52.25 -2.20 -0.389 0.501 1.754 0.067 0.061 0.321
2014.7986 52.25 -2.20 -0.565 -0.037 2.162 0.060 0.054 0.293
2014.8260 52.25 -2.20 -0.567 0.144 -1.101 0.060 0.054 0.292
2014.8534 52.25 -2.20 -0.611 0.305 0.498 0.064 0.057 0.306
2014.8808 52.25 -2.20 -0.655 0.056 -0.340 0.064 0.057 0.307
2014.9082 52.25 -2.20 -0.781 0.204 -0.719 0.065 0.058 0.312
2015.0452 52.25 -2.20 -0.706 0.863 -1.009 0.050 0.042 0.249
2015.0726 52.25 -2.20 -0.873 0.761 1.585 0.055 0.046 0.265
2015.1000 52.25 -2.20 -1.161 1.009 0.518 0.049 0.041 0.242
2015.1274 52.25 -2.20 -0.883 0.663 -0.248 0.045 0.038 0.229
2015.1548 52.25 -2.20 -0.659 0.464 -0.818 0.053 0.044 0.257
2015.1822 52.25 -2.20 -0.726 0.866 3.080 0.049 0.041 0.245
2015.2096 52.25 -2.20 -0.597 0.903 2.639 0.065 0.056 0.306
2015.2370 52.25 -2.20 -0.432 0.778 3.819 0.069 0.061 0.328
2015.2644 52.25 -2.20 -0.424 0.936 0.181 0.061 0.054 0.293
2015.2918 52.25 -2.20 -0.119 0.269 3.623 0.061 0.055 0.297
2015.3192 52.25 -2.20 -0.268 0.941 3.076 0.059 0.053 0.287
2015.3466 52.25 -2.20 -0.562 0.759 1.575 0.064 0.057 0.308
2015.4836 52.25 -2.20 -0.122 0.757 3.566 0.062 0.050 0.296
2015.5110 52.25 -2.20 -0.249 0.725 1.223 0.059 0.049 0.284
2015.5384 52.25 -2.20 -0.125 0.295 4.022 0.064 0.056 0.307
2015.5658 52.25 -2.20 -0.214 -0.207 1.478 0.063 0.057 0.305
2015.5932 52.25 -2.20 -0.234 -0.176 3.825 0.065 0.059 0.313
2015.6205 52.25 -2.20 -0.263 0.099 3.917 0.064 0.057 0.306
2015.6479 52.25 -2.20 -0.240 0.055 3.984 0.062 0.055 0.298
2015.6753 52.25 -2.20 -0.447 0.227 2.989 0.060 0.053 0.290
2015.7027 52.25 -2.20 -0.148 0.297 3.039 0.065 0.058 0.310
2015.7301 52.25 -2.20 -0.421 0.213 -0.969 0.065 0.058 0.312
2015.9493 52.25 -2.20 -0.637 -0.076 -0.328 0.062 0.057 0.304
2015.9767 52.25 -2.20 -0.221 -0.237 -3.664 0.065 0.059 0.314
2016.0041 52.25 -2.20 -0.574 0.197 -1.020 0.059 0.054 0.289
2016.0315 52.25 -2.20 -0.423 0.260 0.248 0.056 0.051 0.277
2016.0589 52.25 -2.20 -0.617 0.938 -0.121 0.058 0.052 0.283
2016.0863 52.25 -2.20 -0.118 0.623 -0.864 0.052 0.047 0.262
2016.1137 52.25 -2.20 -0.472 1.012 -0.069 0.059 0.053 0.287
2016.1411 52.25 -2.20 -0.732 1.790 0.635 0.069 0.063 0.329
2016.1685 52.25 -2.20 -0.802 1.371 0.235 0.073 0.068 0.349
2016.1959 52.25 -2.20 -0.686 1.480 1.845 0.072 0.067 0.344
2016.2233 52.25 -2.20 -0.417 0.472 3.054 0.072 0.068 0.346
2016.2507 52.25 -2.20 -0.498 0.755 -1.287 0.062 0.055 0.300
2016.3603 52.25 -2.20 -0.465 1.322 3.626 0.057 0.052 0.279
2016.3877 52.25 -2.20 -0.310 1.188 1.943 0.066 0.060 0.318
2016.4151 52.25 -2.20 -0.365 0.903 1.072 0.065 0.059 0.314
2016.4425 52.25 -2.20 -0.419 0.939 0.799 0.070 0.064 0.332
2016.4699 52.25 -2.20 -0.149 0.985 0.199 0.068 0.062 0.326
