2002.5877 41.95 -88.72 0.327 0.352 2.878 0.115 0.099 0.523
2002.6151 41.95 -88.72 0.208 -0.342 3.228 0.110 0.096 0.501
2002.6425 41.95 -88.72 0.105 0.083 3.507 0.112 0.097 0.510
2002.6699 41.95 -88.72 0.093 -0.200 3.054 0.097 0.084 0.446
2002.6973 41.95 -88.72 -0.049 -0.369 1.073 0.169 0.080 0.639
2002.7247 41.95 -88.72 0.053 -0.393 2.265 0.104 0.091 0.473
2002.7521 41.95 -88.72 -0.145 -0.238 5.029 0.096 0.085 0.442
2002.7795 41.95 -88.72 -0.345 -0.236 3.173 0.112 0.099 0.513
2002.8068 41.95 -88.72 -0.302 0.074 3.741 0.100 0.087 0.455
2002.8342 41.95 -88.72 -0.568 0.063 2.140 0.098 0.086 0.450
2002.8616 41.95 -88.72 -0.830 -0.112 2.475 0.102 0.078 0.448
2002.8890 41.95 -88.72 -0.629 0.030 1.745 0.100 0.086 0.454
2002.9164 41.95 -88.72 -0.688 0.184 1.777 0.107 0.091 0.487
2003.0260 41.95 -88.72 -0.839 0.190 4.459 0.121 0.104 0.552
2003.0534 41.95 -88.72 -0.988 -0.592 1.539 0.195 0.171 0.876
2003.0808 41.95 -88.72 -0.530 -0.429 3.137 0.175 0.146 0.785
2003.1082 41.95 -88.72 -0.645 -0.212 2.345 0.102 0.086 0.469
2003.1356 41.95 -88.72 -1.008 -0.177 0.351 0.095 0.080 0.437
2003.1630 41.95 -88.72 -0.743 -0.320 -0.049 0.101 0.085 0.462
2003.1904 41.95 -88.72 -0.727 -0.610 0.717 0.119 0.098 0.537
2003.2178 41.95 -88.72 -0.458 -0.588 2.127 0.099 0.084 0.455
2003.2452 41.95 -88.72 -0.290 -0.740 0.092 0.097 0.083 0.445
2003.2726 41.95 -88.72 -0.571 -0.748 2.938 0.095 0.081 0.434
2003.3000 41.95 -88.72 -0.410 -0.804 2.773 0.092 0.079 0.425
2003.3274 41.95 -88.72 -0.564 -0.841 2.341 0.120 0.104 0.547
2003.3548 41.95 -88.72 -0.717 -0.470 0.835 0.131 0.115 0.594
2003.3822 41.95 -88.72 -0.573 -0.631 -2.722 0.120 0.101 0.546
2003.5192 41.95 -88.72 -0.708 -0.038 0.413 0.124 0.111 0.566
2003.5466 41.95 -88.72 -0.759 -0.247 1.105 0.137 0.123 0.621
2003.5740 41.95 -88.72 -1.008 0.270 2.702 0.159 0.144 0.718
2003.6014 41.95 -88.72 -0.793 0.410 2.811 0.137 0.123 0.621
2003.6288 41.95 -88.72 -0.895 0.511 3.423 0.130 0.116 0.592
2003.6562 41.95 -88.72 -0.824 0.538 6.033 0.140 0.124 0.632
2003.6836 41.95 -88.72 -1.247 0.328 6.643 0.137 0.123 0.622
2003.7110 41.95 -88.72 -1.302 0.093 4.629 0.109 0.095 0.495
2003.7384 41.95 -88.72 -1.367 0.335 4.426 0.131 0.116 0.592
2003.7658 41.95 -88.72 -1.637 -0.234 4.376 0.120 0.107 0.545
2003.7932 41.95 -88.72 -1.461 0.203 5.869 0.134 0.119 0.605
2003.8205 41.95 -88.72 -1.328 0.576 4.220 0.146 0.125 0.648
2003.8479 41.95 -88.72 -1.351 -0.047 1.553 0.129 0.107 0.570
2003.8753 41.95 -88.72 -1.369 0.263 2.970 0.134 0.117 0.602
2003.9027 41.95 -88.72 -1.066 0.639 2.113 0.124 0.105 0.552
2003.9301 41.95 -88.72 -1.134 0.196 2.312 0.128 0.110 0.572
2003.9575 41.95 -88.72 -1.015 0.314 1.552 0.143 0.124 0.638
2003.9849 41.95 -88.72 -0.973 0.421 0.937 0.136 0.117 0.605
2004.0123 41.95 -88.72 -1.100 0.160 2.390 0.146 0.125 0.648
2004.0397 41.95 -88.72 -1.044 0.306 2.673 0.125 0.103 0.557
2004.0945 41.95 -88.72 -0.847 0.610 -0.875 0.117 0.095 0.521
2004.1219 41.95 -88.72 -0.803 0.180 0.638 0.124 0.103 0.545
2004.1493 41.95 -88.72 -0.818 -0.174 -0.138 0.145 0.120 0.637
2004.1767 41.95 -88.72 -0.773 -0.442 1.107 0.155 0.129 0.675
2004.2041 41.95 -88.72 -0.600 -0.342 1.044 0.127 0.104 0.555
2004.2315 41.95 -88.72 -0.566 -0.140 0.933 0.129 0.105 0.563
2004.2589 41.95 -88.72 -0.389 -0.154 0.228 0.134 0.108 0.581
2004.2863 41.95 -88.72 -0.497 -0.191 -1.594 0.134 0.108 0.582
2004.3137 41.95 -88.72 -0.352 -0.107 -1.189 0.128 0.102 0.554
2004.3411 41.95 -88.72 -0.348 0.068 -0.360 0.140 0.111 0.603
2004.3685 41.95 -88.72 -0.352 -0.304 -2.455 0.135 0.108 0.587
2004.3959 41.95 -88.72 0.059 0.148 -2.358 0.119 0.095 0.521
2004.4233 41.95 -88.72 0.060 0.366 -3.492 0.115 0.091 0.501
2004.4507 41.95 -88.72 -0.199 0.143 -3.420 0.102 0.080 0.446
2004.4781 41.95 -88.72 0.007 -0.026 -2.809 0.112 0.088 0.486
2004.5055 41.95 -88.72 -0.159 0.319 -2.750 0.109 0.086 0.476
2004.5329 41.95 -88.72 -0.175 0.161 -1.778 0.104 0.082 0.453
2004.5603 41.95 -88.72 -0.076 0.316 -0.882 0.107 0.084 0.463
2004.5877 41.95 -88.72 -0.198 0.270 -1.239 0.108 0.085 0.469
2004.6151 41.95 -88.72 -0.090 0.117 -0.960 0.119 0.093 0.515
2004.6425 41.95 -88.72 -0.204 0.124 0.162 0.101 0.080 0.445
2004.6699 41.95 -88.72 -0.273 0.147 0.368 0.101 0.081 0.447
2004.6973 41.95 -88.72 -0.373 0.327 1.890 0.095 0.076 0.422
2004.7247 41.95 -88.72 -0.311 0.255 0.987 0.109 0.086 0.477
2004.7521 41.95 -88.72 -0.456 -0.113 1.426 0.105 0.083 0.462
2004.7795 41.95 -88.72 -0.620 0.080 3.362 0.102 0.081 0.447
2004.8068 41.95 -88.72 -0.747 0.049 3.381 0.113 0.088 0.490
2004.8342 41.95 -88.72 -0.874 -0.218 -0.323 0.111 0.087 0.483
2004.8616 41.95 -88.72 -0.949 0.012 1.268 0.099 0.078 0.435
2004.8890 41.95 -88.72 -0.997 0.064 1.568 0.098 0.078 0.433
2004.9164 41.95 -88.72 -1.033 -0.035 -0.642 0.107 0.085 0.467
2004.9438 41.95 -88.72 -0.882 0.109 -2.931 0.118 0.095 0.522
2004.9712 41.95 -88.72 -0.909 0.319 -1.129 0.107 0.085 0.466
2004.9973 41.95 -88.72 -0.822 0.148 -2.954 0.104 0.083 0.456
2005.0233 41.95 -88.72 -0.885 0.488 -3.624 0.119 0.095 0.517
2005.0507 41.95 -88.72 -0.792 0.183 -3.848 0.172 0.142 0.743
2005.0781 41.95 -88.72 -0.734 0.111 -1.572 0.132 0.107 0.574
2005.1055 41.95 -88.72 -0.551 0.058 -1.066 0.131 0.107 0.571
2005.1329 41.95 -88.72 -0.534 -0.010 -1.605 0.134 0.110 0.585
2005.1603 41.95 -88.72 -0.437 0.213 -3.623 0.121 0.098 0.528
2005.1877 41.95 -88.72 -0.307 -0.026 -3.395 0.122 0.098 0.532
2005.2151 41.95 -88.72 -0.165 -0.133 -3.402 0.115 0.092 0.506
2005.2425 41.95 -88.72 -0.358 -0.898 -3.477 0.111 0.090 0.489
2005.2699 41.95 -88.72 -0.429 -0.365 -3.405 0.118 0.097 0.520
2005.2973 41.95 -88.72 -0.445 -0.752 -1.730 0.125 0.102 0.547
2005.3247 41.95 -88.72 -0.386 -0.478 -0.077 0.131 0.108 0.576
2005.3521 41.95 -88.72 -0.246 -0.189 -0.763 0.058 0.049 0.280
2005.3795 41.95 -88.72 0.029 -0.074 -3.055 0.123 0.102 0.543
2005.4068 41.95 -88.72 -0.149 -0.097 -2.091 0.113 0.093 0.502
2005.4342 41.95 -88.72 -0.172 -0.345 -3.343 0.130 0.107 0.575
2005.4616 41.95 -88.72 -0.175 -0.505 -1.536 0.118 0.098 0.522
2005.4890 41.95 -88.72 -0.025 -0.440 1.006 0.112 0.093 0.496
2005.5164 41.95 -88.72 -0.076 -0.203 1.993 0.111 0.093 0.495
2005.5438 41.95 -88.72 -0.297 0.120 2.143 0.120 0.101 0.535
2005.5712 41.95 -88.72 -0.367 0.158 1.935 0.131 0.110 0.580
2005.5986 41.95 -88.72 -0.185 0.291 1.229 0.133 0.113 0.592
2005.6260 41.95 -88.72 -0.380 -0.004 0.963 0.118 0.100 0.528
2005.6534 41.95 -88.72 -0.318 0.006 2.667 0.124 0.106 0.554
2005.6808 41.95 -88.72 -0.381 -0.216 4.621 0.122 0.104 0.546
2005.7082 41.95 -88.72 -0.390 -0.334 5.314 0.147 0.127 0.654
2005.7356 41.95 -88.72 -0.508 -0.121 5.297 0.129 0.112 0.578
2005.7630 41.95 -88.72 -0.425 -0.365 5.845 0.130 0.112 0.580
2005.7904 41.95 -88.72 -0.055 -0.346 4.082 0.122 0.105 0.547
2005.8178 41.95 -88.72 -0.447 -0.022 5.373 0.125 0.108 0.560
2005.8452 41.95 -88.72 -0.356 -0.037 6.523 0.134 0.116 0.601
2005.8726 41.95 -88.72 -0.177 0.010 6.951 0.116 0.101 0.523
2005.9000 41.95 -88.72 -0.101 0.253 5.597 0.114 0.098 0.512
2005.9274 41.95 -88.72 -0.063 0.163 2.244 0.120 0.098 0.536
2005.9548 41.95 -88.72 -0.247 0.190 1.291 0.117 0.099 0.550
2005.9822 41.95 -88.72 -0.002 0.331 4.249 0.113 0.095 0.512
2006.0096 41.95 -88.72 0.140 0.086 2.533 0.122 0.104 0.549
2006.0370 41.95 -88.72 -0.001 -0.180 1.991 0.153 0.132 0.684
2006.0644 41.95 -88.72 -0.034 0.187 0.627 0.155 0.135 0.696
2006.0918 41.95 -88.72 -0.071 -0.156 0.632 0.154 0.135 0.690
2006.1192 41.95 -88.72 0.196 -0.077 0.285 0.173 0.154 0.776
2006.1466 41.95 -88.72 0.228 -0.210 0.715 0.137 0.121 0.617
2006.1740 41.95 -88.72 0.107 -0.067 0.089 0.152 0.136 0.686
2006.2014 41.95 -88.72 0.031 -0.088 -0.267 0.119 0.105 0.541
2006.2288 41.95 -88.72 0.076 -0.391 0.680 0.153 0.138 0.692
2006.2562 41.95 -88.72 -0.070 -0.426 0.993 0.143 0.130 0.649
2006.2836 41.95 -88.72 0.081 -0.498 0.053 0.141 0.127 0.637
2006.3110 41.95 -88.72 -0.150 -0.511 0.542 0.150 0.136 0.678
2006.3384 41.95 -88.72 -0.273 -0.279 0.672 0.136 0.123 0.617
2006.3658 41.95 -88.72 0.134 -0.372 0.105 0.150 0.137 0.682
2006.3932 41.95 -88.72 0.080 0.110 -0.220 0.148 0.135 0.672
2006.4205 41.95 -88.72 0.150 -0.175 0.913 0.149 0.135 0.676
2006.4479 41.95 -88.72 0.205 -0.272 -0.561 0.164 0.145 0.739
2006.4753 41.95 -88.72 0.116 0.421 0.806 0.165 0.150 0.750
2006.5027 41.95 -88.72 0.163 0.480 1.793 0.171 0.156 0.778
2006.5301 41.95 -88.72 -0.004 0.520 1.599 0.203 0.187 0.918
2006.5575 41.95 -88.72 -0.071 0.995 2.207 0.162 0.148 0.736
2006.5849 41.95 -88.72 -0.255 0.710 2.749 0.166 0.152 0.756
2006.6123 41.95 -88.72 0.014 -0.012 4.577 0.203 0.189 0.923
2006.6397 41.95 -88.72 -0.178 0.116 3.638 0.173 0.160 0.787
2006.6671 41.95 -88.72 -0.233 0.104 4.657 0.158 0.144 0.718
2006.6945 41.95 -88.72 -0.492 -0.090 6.828 0.201 0.185 0.909
2006.7219 41.95 -88.72 -0.607 0.110 3.192 0.189 0.172 0.857
2006.7493 41.95 -88.72 -0.603 0.237 4.930 0.225 0.206 1.016
2006.7767 41.95 -88.72 -0.494 0.194 6.580 0.195 0.179 0.883
2006.8041 41.95 -88.72 -0.423 0.247 3.621 0.158 0.144 0.716
2006.8315 41.95 -88.72 -0.625 0.374 5.514 0.183 0.168 0.828
2006.8589 41.95 -88.72 -0.548 1.040 4.559 0.178 0.163 0.807
2006.8863 41.95 -88.72 -0.619 0.532 3.387 0.171 0.156 0.775
2006.9137 41.95 -88.72 -0.507 0.357 2.482 0.167 0.150 0.755
2006.9411 41.95 -88.72 -0.619 0.596 0.136 0.164 0.148 0.743
2006.9685 41.95 -88.72 -0.619 0.770 1.484 0.164 0.145 0.739
2006.9959 41.95 -88.72 -0.753 0.273 0.259 0.164 0.142 0.735
2007.0233 41.95 -88.72 -0.601 0.606 0.146 0.153 0.131 0.686
2007.0507 41.95 -88.72 -0.824 0.460 -0.468 0.159 0.137 0.713
2007.0781 41.95 -88.72 -0.630 0.419 -1.440 0.162 0.145 0.732
2007.1055 41.95 -88.72 -0.464 -0.039 -0.187 0.145 0.129 0.656
2007.1329 41.95 -88.72 -0.301 -0.275 -0.029 0.158 0.141 0.714
2007.1603 41.95 -88.72 -0.290 -0.090 -1.047 0.150 0.135 0.680
2007.1877 41.95 -88.72 -0.119 -0.441 -1.049 0.192 0.176 0.870
2007.2151 41.95 -88.72 -0.247 -0.124 -1.504 0.172 0.157 0.778
2007.2425 41.95 -88.72 -0.519 -0.409 -2.224 0.165 0.151 0.749
2007.2699 41.95 -88.72 -0.072 -0.403 -0.695 0.133 0.118 0.603
2007.2973 41.95 -88.72 -0.053 -0.171 -1.570 0.125 0.111 0.570
2007.3247 41.95 -88.72 0.067 -0.270 -1.506 0.152 0.138 0.690
2007.3521 41.95 -88.72 -0.112 -0.087 -0.832 0.166 0.152 0.753
2007.3795 41.95 -88.72 -0.155 -0.298 -2.448 0.174 0.160 0.789
2007.4068 41.95 -88.72 0.006 -0.062 -1.823 0.146 0.132 0.662
2007.4342 41.95 -88.72 0.216 -0.291 -2.218 0.140 0.126 0.635
2007.4616 41.95 -88.72 0.143 -0.230 -0.281 0.182 0.167 0.825
2007.4890 41.95 -88.72 -0.291 -0.222 -0.523 0.141 0.126 0.639
2007.5164 41.95 -88.72 -0.445 -0.295 1.728 0.148 0.134 0.672
2007.5438 41.95 -88.72 -0.511 -0.113 3.150 0.144 0.130 0.653
2007.5712 41.95 -88.72 -0.122 -0.214 4.012 0.148 0.133 0.670
2007.5986 41.95 -88.72 -0.468 -0.217 4.087 0.180 0.164 0.816
2007.6260 41.95 -88.72 -0.137 -0.108 4.669 0.148 0.132 0.670
2007.6534 41.95 -88.72 -0.099 -0.233 1.941 0.150 0.135 0.681
2007.6808 41.95 -88.72 -0.162 -0.571 3.907 0.158 0.141 0.716
2007.7082 41.95 -88.72 -0.274 -0.275 4.451 0.119 0.103 0.540
2007.7356 41.95 -88.72 -0.251 0.142 6.079 0.162 0.145 0.734
2007.7630 41.95 -88.72 -0.161 0.238 3.778 0.126 0.109 0.574
2007.7904 41.95 -88.72 0.109 -0.427 2.615 0.160 0.143 0.722
2007.8178 41.95 -88.72 -0.033 -0.248 1.456 0.183 0.166 0.827
2007.8452 41.95 -88.72 -0.084 -0.229 2.369 0.150 0.134 0.680
2007.8726 41.95 -88.72 -0.046 -0.676 1.301 0.174 0.156 0.788
2007.9000 41.95 -88.72 -0.014 -0.082 3.851 0.186 0.161 0.830
2007.9274 41.95 -88.72 -0.013 0.165 2.389 0.180 0.163 0.817
2007.9548 41.95 -88.72 -0.205 0.009 1.661 0.136 0.122 0.619
2007.9822 41.95 -88.72 -0.242 -0.135 0.793 0.166 0.151 0.755
2008.0096 41.95 -88.72 -0.325 0.164 2.052 0.146 0.132 0.665
2008.0370 41.95 -88.72 -0.051 -0.079 0.566 0.150 0.137 0.684
2008.0644 41.95 -88.72 0.012 -0.090 0.189 0.172 0.159 0.784
2008.0918 41.95 -88.72 -0.055 -0.437 -0.310 0.139 0.126 0.635
2008.1192 41.95 -88.72 -0.031 -0.548 -2.192 0.162 0.149 0.739
2008.1466 41.95 -88.72 -0.070 -0.178 -0.793 0.188 0.174 0.856
2008.1740 41.95 -88.72 -0.043 -0.547 -1.087 0.165 0.151 0.751
2008.2014 41.95 -88.72 -0.244 -0.503 0.886 0.176 0.163 0.801
2008.2288 41.95 -88.72 -0.370 -1.283 -1.005 0.207 0.188 0.939
2008.2562 41.95 -88.72 -0.276 -0.283 -0.153 0.192 0.176 0.874
2008.2836 41.95 -88.72 -0.083 -0.316 -4.280 0.231 0.211 1.047
2008.3110 41.95 -88.72 0.036 -0.723 -4.127 0.238 0.219 1.079
2008.3384 41.95 -88.72 0.241 -0.236 -3.574 0.176 0.162 0.801
2008.3658 41.95 -88.72 0.051 -0.399 -3.283 0.181 0.164 0.819
2008.3932 41.95 -88.72 0.021 -0.433 -4.584 0.165 0.148 0.749
2008.4205 41.95 -88.72 -0.038 -0.775 -1.928 0.145 0.129 0.656
2008.4479 41.95 -88.72 0.444 -0.866 -3.643 0.146 0.132 0.663
2008.4753 41.95 -88.72 0.372 -0.916 -2.194 0.142 0.128 0.645
2008.5027 41.95 -88.72 0.409 -0.184 -0.606 0.174 0.156 0.785
2008.5301 41.95 -88.72 0.172 0.098 1.095 0.216 0.194 0.973
2008.5575 41.95 -88.72 0.043 -0.049 0.193 0.142 0.124 0.641
2008.5849 41.95 -88.72 0.193 0.195 0.861 0.159 0.143 0.718
2008.6123 41.95 -88.72 0.349 0.205 1.186 0.134 0.118 0.606
2008.6397 41.95 -88.72 0.072 0.163 0.518 0.146 0.130 0.661
2008.6671 41.95 -88.72 -0.144 0.203 1.292 0.141 0.124 0.635
2008.6945 41.95 -88.72 -0.469 -0.151 -0.325 0.136 0.120 0.615
2008.7219 41.95 -88.72 -0.722 0.081 -0.771 0.156 0.140 0.703
2008.7493 41.95 -88.72 -0.655 -0.099 0.494 0.141 0.126 0.639
2008.7767 41.95 -88.72 -0.217 -0.292 1.597 0.163 0.149 0.741
2008.8041 41.95 -88.72 -0.543 -0.164 1.370 0.164 0.150 0.745
2008.8315 41.95 -88.72 -0.324 -0.208 2.680 0.186 0.169 0.842
2008.8589 41.95 -88.72 -0.349 -0.140 2.054 0.216 0.199 0.981
2008.8863 41.95 -88.72 -0.165 -0.341 0.988 0.208 0.190 0.942
2008.9137 41.95 -88.72 -0.441 -0.033 1.088 0.198 0.182 0.898
2008.9411 41.95 -88.72 -0.144 0.168 1.340 0.207 0.190 0.941
2008.9685 41.95 -88.72 -0.262 0.242 -0.845 0.194 0.177 0.881
2008.9945 41.95 -88.72 -0.003 -0.049 0.534 0.164 0.150 0.746
2009.0205 41.95 -88.72 -0.244 0.107 -1.348 0.161 0.148 0.733
2009.0479 41.95 -88.72 -0.049 -0.046 -1.396 0.161 0.148 0.735
2009.0753 41.95 -88.72 0.128 -0.220 -1.460 0.155 0.142 0.707
2009.1027 41.95 -88.72 0.057 -0.058 -0.623 0.192 0.177 0.875
2009.1301 41.95 -88.72 0.003 -0.278 -2.772 0.154 0.141 0.701
2009.1575 41.95 -88.72 0.112 -0.084 -1.516 0.157 0.143 0.715
2009.1849 41.95 -88.72 0.157 -0.571 -2.187 0.178 0.165 0.813
2009.2123 41.95 -88.72 0.054 -0.612 -4.281 0.156 0.139 0.704
2009.2397 41.95 -88.72 0.158 0.040 -4.242 0.174 0.160 0.793
2009.2671 41.95 -88.72 0.096 -0.639 -3.705 0.146 0.134 0.667
2009.2945 41.95 -88.72 0.247 -0.890 -3.822 0.150 0.137 0.682
2009.3219 41.95 -88.72 0.219 -0.523 -3.178 0.156 0.143 0.712
2009.3493 41.95 -88.72 -0.037 -0.263 -4.953 0.144 0.130 0.655
2009.3767 41.95 -88.72 0.136 -0.631 -5.737 0.152 0.137 0.688
2009.4041 41.95 -88.72 0.277 -0.147 -4.583 0.134 0.120 0.610
2009.4315 41.95 -88.72 0.271 -0.320 -5.142 0.153 0.139 0.695
2009.4589 41.95 -88.72 0.272 0.308 -2.613 0.131 0.116 0.594
2009.4863 41.95 -88.72 0.436 0.493 -3.474 0.144 0.128 0.653
2009.5137 41.95 -88.72 0.299 0.598 -2.623 0.139 0.121 0.627
2009.5411 41.95 -88.72 0.355 0.420 -3.301 0.170 0.150 0.767
2009.5685 41.95 -88.72 0.212 0.409 -3.546 0.183 0.162 0.826
2009.5959 41.95 -88.72 0.074 0.324 -3.384 0.161 0.141 0.726
2009.6233 41.95 -88.72 0.023 0.605 -1.162 0.166 0.147 0.748
2009.6507 41.95 -88.72 -0.151 0.330 -3.333 0.160 0.142 0.720
2009.6781 41.95 -88.72 0.291 0.072 -1.231 0.170 0.153 0.768
2009.7055 41.95 -88.72 -0.014 -0.032 -0.437 0.175 0.159 0.794
2009.7329 41.95 -88.72 -0.480 0.047 2.423 0.169 0.153 0.767
2009.7603 41.95 -88.72 -0.373 0.058 0.442 0.193 0.175 0.873
2009.7877 41.95 -88.72 -0.676 -0.206 -0.496 0.178 0.162 0.807
2009.8151 41.95 -88.72 -0.700 -0.238 -1.329 0.191 0.174 0.863
2009.8425 41.95 -88.72 -0.809 -0.183 -2.018 0.174 0.158 0.787
2009.8699 41.95 -88.72 -0.687 -0.203 -1.612 0.166 0.151 0.753
2009.8973 41.95 -88.72 -0.626 -0.382 -0.466 0.155 0.141 0.706
2009.9247 41.95 -88.72 -0.400 -0.086 -1.087 0.157 0.139 0.708
2009.9521 41.95 -88.72 -0.571 -0.161 -2.795 0.146 0.131 0.662
2009.9795 41.95 -88.72 -0.778 0.104 -3.873 0.150 0.135 0.681
2010.0068 41.95 -88.72 -0.451 -0.076 -3.596 0.188 0.172 0.853
2010.0342 41.95 -88.72 -0.281 -0.111 -2.836 0.148 0.133 0.672
2010.0616 41.95 -88.72 -0.231 -0.067 -2.020 0.151 0.137 0.688
2010.0890 41.95 -88.72 -0.371 -0.197 -4.033 0.180 0.165 0.815
2010.1164 41.95 -88.72 -0.504 -0.200 -4.309 0.185 0.170 0.841
2010.1438 41.95 -88.72 -0.370 -0.180 -4.795 0.179 0.163 0.814
2010.1712 41.95 -88.72 0.015 -0.950 -4.873 0.172 0.155 0.779
2010.1986 41.95 -88.72 -0.230 -0.657 -3.768 0.165 0.149 0.747
2010.2260 41.95 -88.72 -0.381 -0.693 -3.782 0.180 0.163 0.815
2010.2534 41.95 -88.72 -0.110 -0.650 -5.927 0.186 0.167 0.841
2010.2808 41.95 -88.72 -0.504 -0.512 -3.063 0.144 0.128 0.654
2010.3082 41.95 -88.72 -0.406 -0.860 -1.224 0.151 0.134 0.683
2010.3356 41.95 -88.72 -0.422 -0.674 -0.756 0.139 0.122 0.630
2010.3630 41.95 -88.72 -0.327 -0.312 -0.483 0.148 0.129 0.668
2010.3904 41.95 -88.72 -0.603 -0.327 -2.877 0.155 0.127 0.683
2010.4178 41.95 -88.72 -0.390 -0.231 -2.488 0.157 0.137 0.708
2010.4452 41.95 -88.72 -0.489 -0.302 -3.165 0.140 0.122 0.633
2010.4726 41.95 -88.72 -0.407 -0.633 -2.823 0.127 0.109 0.575
2010.5000 41.95 -88.72 -0.093 -0.583 -2.773 0.142 0.124 0.641
2010.5274 41.95 -88.72 -0.053 -0.458 -0.820 0.215 0.196 0.970
2010.5548 41.95 -88.72 0.111 -0.889 -1.849 0.140 0.126 0.634
2010.5822 41.95 -88.72 0.030 -0.572 -3.346 0.127 0.113 0.576
2010.6096 41.95 -88.72 0.075 -0.282 -0.986 0.161 0.147 0.731
2010.6370 41.95 -88.72 0.154 -0.412 -3.396 0.145 0.131 0.657
2010.6644 41.95 -88.72 0.168 -0.395 -0.900 0.136 0.123 0.619
2010.6918 41.95 -88.72 0.272 -0.382 -0.477 0.161 0.148 0.734
2010.7192 41.95 -88.72 0.080 -0.227 -0.756 0.151 0.138 0.685
2010.7466 41.95 -88.72 0.221 -0.508 -2.329 0.174 0.160 0.787
2010.7740 41.95 -88.72 0.024 -0.297 -1.140 0.144 0.130 0.655
2010.8014 41.95 -88.72 0.107 -0.548 2.187 0.137 0.124 0.622
2010.8288 41.95 -88.72 0.203 -0.700 -1.536 0.155 0.142 0.703
2010.8562 41.95 -88.72 0.115 -0.384 0.850 0.152 0.139 0.691
2010.8836 41.95 -88.72 0.147 -0.605 0.332 0.143 0.129 0.647
2010.9110 41.95 -88.72 -0.096 -0.476 -0.915 0.155 0.141 0.701
2010.9384 41.95 -88.72 0.137 -0.382 -0.992 0.160 0.146 0.726
2010.9658 41.95 -88.72 0.139 -0.322 -1.400 0.175 0.160 0.793
2010.9932 41.95 -88.72 0.199 -0.456 -2.510 0.158 0.104 0.656
2011.1027 41.95 -88.72 0.273 -0.982 -1.514 0.152 0.123 0.674
2011.1301 41.95 -88.72 0.076 -0.509 -2.715 0.210 0.190 0.947
2011.1575 41.95 -88.72 0.224 -0.951 -1.815 0.144 0.127 0.652
2011.1849 41.95 -88.72 -0.078 -0.846 -1.518 0.118 0.101 0.534
2011.2123 41.95 -88.72 0.116 -0.894 -1.886 0.179 0.162 0.808
2011.2397 41.95 -88.72 0.347 -0.983 -2.284 0.185 0.169 0.836
2011.2671 41.95 -88.72 0.561 -0.987 -0.050 0.152 0.137 0.687
2011.2945 41.95 -88.72 0.486 -0.880 -5.043 0.174 0.159 0.789
2011.3219 41.95 -88.72 0.086 -0.715 -3.915 0.163 0.150 0.742
2011.3493 41.95 -88.72 0.191 -0.723 -3.545 0.148 0.135 0.673
2011.3767 41.95 -88.72 0.366 -0.591 -2.851 0.171 0.157 0.777
2011.4041 41.95 -88.72 0.644 -0.501 -5.712 0.153 0.138 0.695
2011.4315 41.95 -88.72 0.591 -0.423 -4.872 0.164 0.135 0.723
2011.5137 41.95 -88.72 0.719 -0.758 -4.183 0.146 0.126 0.657
2011.5411 41.95 -88.72 0.713 -0.589 -3.978 0.151 0.135 0.682
2011.5685 41.95 -88.72 0.607 -0.648 -0.755 0.149 0.132 0.672
2011.5959 41.95 -88.72 0.860 -0.393 -0.421 0.158 0.141 0.714
2011.6233 41.95 -88.72 0.572 -0.613 -1.318 0.159 0.141 0.718
2011.6507 41.95 -88.72 0.713 -0.533 0.078 0.184 0.166 0.829
2011.6781 41.95 -88.72 0.630 0.095 -0.880 0.171 0.155 0.771
2011.7055 41.95 -88.72 0.506 0.025 1.629 0.171 0.155 0.770
2011.7329 41.95 -88.72 0.407 0.149 3.084 0.195 0.179 0.882
2011.7603 41.95 -88.72 0.244 -0.039 0.971 0.169 0.154 0.764
2011.7877 41.95 -88.72 0.277 -0.088 1.815 0.179 0.164 0.809
2011.8151 41.95 -88.72 0.505 -0.007 2.349 0.176 0.160 0.795
2011.8425 41.95 -88.72 0.445 0.464 1.021 0.189 0.174 0.855
2011.8699 41.95 -88.72 0.332 0.146 -2.732 0.187 0.163 0.834
2011.9521 41.95 -88.72 0.052 0.420 -2.162 0.136 0.099 0.582
2011.9795 41.95 -88.72 -0.337 0.531 -0.482 0.155 0.138 0.695
2012.0068 41.95 -88.72 0.042 0.363 0.249 0.146 0.127 0.650
2012.0342 41.95 -88.72 0.128 0.421 -0.617 0.173 0.150 0.767
2012.0616 41.95 -88.72 0.073 0.013 -1.358 0.152 0.131 0.674
2012.0890 41.95 -88.72 0.170 0.051 -1.709 0.151 0.128 0.666
2012.1164 41.95 -88.72 0.089 0.213 -3.210 0.149 0.124 0.655
2012.1438 41.95 -88.72 -0.062 -0.124 -1.790 0.154 0.128 0.674
2012.1712 41.95 -88.72 0.142 -0.205 -2.917 0.149 0.121 0.652
2012.1986 41.95 -88.72 0.130 0.033 -0.380 0.136 0.109 0.591
2012.2260 41.95 -88.72 0.386 -0.235 -2.299 0.137 0.111 0.598
2012.2534 41.95 -88.72 0.541 -0.113 -0.660 0.134 0.107 0.581
2012.2808 41.95 -88.72 0.478 -0.542 -0.611 0.125 0.100 0.542
2012.3082 41.95 -88.72 0.455 -0.605 0.392 0.161 0.105 0.662
2012.3904 41.95 -88.72 0.795 -0.535 2.325 0.159 0.121 0.686
2012.4178 41.95 -88.72 1.122 -0.336 0.470 0.115 0.091 0.501
2012.4452 41.95 -88.72 1.051 -0.343 1.106 0.114 0.090 0.497
2012.4726 41.95 -88.72 0.996 -0.011 1.397 0.123 0.097 0.532
2012.5000 41.95 -88.72 1.244 0.098 2.312 0.118 0.092 0.511
2012.5274 41.95 -88.72 1.013 -0.056 3.395 0.124 0.098 0.539
2012.5548 41.95 -88.72 1.213 0.185 3.803 0.124 0.098 0.539
2012.5822 41.95 -88.72 0.959 0.359 5.240 0.130 0.105 0.566
2012.6096 41.95 -88.72 0.639 0.509 5.134 0.128 0.105 0.560
2012.6370 41.95 -88.72 0.429 0.604 6.169 0.118 0.097 0.520
2012.6644 41.95 -88.72 0.463 0.223 5.758 0.128 0.107 0.564
2012.6918 41.95 -88.72 -0.045 0.350 5.090 0.131 0.112 0.581
2012.7192 41.95 -88.72 -0.301 0.051 5.579 0.155 0.136 0.690
2012.7466 41.95 -88.72 0.092 0.138 6.692 0.126 0.089 0.534
2012.8562 41.95 -88.72 -0.280 0.790 6.319 0.163 0.142 0.725
2012.8836 41.95 -88.72 -0.012 0.279 6.402 0.149 0.136 0.677
2012.9110 41.95 -88.72 0.260 0.418 6.352 0.142 0.129 0.644
2012.9384 41.95 -88.72 0.218 0.209 7.925 0.140 0.124 0.632
2012.9658 41.95 -88.72 0.498 0.428 6.729 0.152 0.139 0.688
2012.9918 41.95 -88.72 0.226 0.549 4.843 0.078 0.069 0.359
2013.0178 41.95 -88.72 -0.072 0.654 3.492 0.090 0.081 0.414
2013.0452 41.95 -88.72 -0.011 0.391 4.593 0.090 0.081 0.413
2013.0726 41.95 -88.72 0.046 0.276 4.309 0.083 0.074 0.384
2013.1000 41.95 -88.72 0.047 0.424 2.552 0.086 0.076 0.393
2013.1274 41.95 -88.72 0.395 -0.017 1.811 0.080 0.071 0.369
2013.1548 41.95 -88.72 0.286 0.307 2.712 0.079 0.064 0.355
2013.2644 41.95 -88.72 0.390 0.210 0.582 0.099 0.049 0.386
2013.2918 41.95 -88.72 0.474 -0.482 0.518 0.082 0.073 0.377
2013.3192 41.95 -88.72 0.225 0.263 -1.204 0.090 0.081 0.412
2013.3466 41.95 -88.72 0.320 0.137 -1.660 0.092 0.083 0.422
2013.3740 41.95 -88.72 0.420 -0.291 0.409 0.079 0.071 0.368
2013.4014 41.95 -88.72 0.417 -0.361 -3.009 0.082 0.074 0.378
2013.4288 41.95 -88.72 0.311 -0.260 -2.345 0.073 0.065 0.339
2013.4562 41.95 -88.72 0.313 -0.022 -3.597 0.075 0.066 0.345
2013.4836 41.95 -88.72 0.488 -0.127 -0.418 0.076 0.068 0.352
2013.5110 41.95 -88.72 0.190 0.288 -0.948 0.085 0.076 0.390
2013.5384 41.95 -88.72 0.148 0.211 -0.829 0.085 0.073 0.387
2013.5658 41.95 -88.72 0.214 -0.075 -0.801 0.087 0.078 0.401
2013.7575 41.95 -88.72 0.437 0.332 1.900 0.085 0.073 0.388
2013.7849 41.95 -88.72 0.517 0.477 3.256 0.087 0.076 0.396
2013.8123 41.95 -88.72 0.535 0.552 2.460 0.080 0.069 0.365
2013.8397 41.95 -88.72 0.548 0.788 3.113 0.081 0.070 0.369
2013.8671 41.95 -88.72 0.668 0.601 2.285 0.086 0.075 0.394
2013.8945 41.95 -88.72 0.551 0.482 1.146 0.080 0.070 0.367
2013.9219 41.95 -88.72 0.478 -0.128 2.009 0.072 0.062 0.333
2013.9493 41.95 -88.72 0.285 0.269 1.606 0.076 0.066 0.350
2013.9767 41.95 -88.72 0.302 -0.147 -1.093 0.077 0.067 0.356
2014.0041 41.95 -88.72 0.300 0.529 -1.194 0.075 0.065 0.344
2014.0315 41.95 -88.72 0.343 0.496 -0.376 0.078 0.067 0.355
2014.1685 41.95 -88.72 0.462 0.333 -0.791 0.082 0.071 0.376
2014.1959 41.95 -88.72 0.580 0.653 0.653 0.082 0.073 0.377
2014.2233 41.95 -88.72 0.589 0.050 -0.880 0.078 0.069 0.360
2014.2507 41.95 -88.72 0.542 0.359 -0.643 0.072 0.063 0.332
2014.2781 41.95 -88.72 0.465 0.332 -0.762 0.076 0.067 0.350
2014.3055 41.95 -88.72 0.541 0.225 -1.907 0.073 0.064 0.338
2014.3329 41.95 -88.72 0.795 0.224 -1.827 0.061 0.052 0.284
2014.3603 41.95 -88.72 1.034 0.147 -3.605 0.068 0.060 0.317
2014.3877 41.95 -88.72 1.122 0.375 -2.490 0.068 0.060 0.317
2014.4151 41.95 -88.72 1.050 0.292 -4.112 0.068 0.059 0.316
2014.4425 41.95 -88.72 1.045 0.068 -2.513 0.072 0.063 0.333
2014.4699 41.95 -88.72 1.410 0.741 -1.033 0.072 0.062 0.332
2014.5795 41.95 -88.72 1.174 0.696 0.033 0.067 0.052 0.305
2014.6068 41.95 -88.72 0.915 0.683 -0.891 0.064 0.055 0.298
2014.6342 41.95 -88.72 0.788 0.530 -0.830 0.059 0.050 0.275
2014.6616 41.95 -88.72 0.770 0.495 -1.619 0.065 0.056 0.301
2014.6890 41.95 -88.72 0.974 0.763 -1.311 0.063 0.054 0.294
2014.7164 41.95 -88.72 0.824 0.189 -1.852 0.062 0.053 0.288
2014.7438 41.95 -88.72 1.033 0.203 0.335 0.067 0.058 0.309
2014.7712 41.95 -88.72 0.749 0.325 0.882 0.066 0.057 0.306
2014.7986 41.95 -88.72 0.808 0.286 -0.329 0.060 0.050 0.277
2014.8260 41.95 -88.72 0.850 0.752 0.432 0.060 0.050 0.276
2014.8534 41.95 -88.72 0.979 0.777 -1.995 0.063 0.053 0.290
2014.8808 41.95 -88.72 1.140 0.592 -1.425 0.063 0.053 0.291
2014.9082 41.95 -88.72 1.121 0.678 -1.817 0.064 0.054 0.296
2015.0452 41.95 -88.72 1.027 0.634 -2.108 0.050 0.039 0.232
2015.0726 41.95 -88.72 1.065 1.305 -2.918 0.054 0.041 0.245
2015.1000 41.95 -88.72 1.029 0.641 -4.089 0.048 0.038 0.226
2015.1274 41.95 -88.72 0.966 0.465 -2.346 0.045 0.035 0.212
2015.1548 41.95 -88.72 0.798 0.783 -3.478 0.052 0.040 0.237
2015.1822 41.95 -88.72 0.871 0.518 -2.225 0.049 0.038 0.227
2015.2096 41.95 -88.72 0.535 0.338 -1.787 0.064 0.050 0.286
2015.2370 41.95 -88.72 0.683 0.426 -2.731 0.068 0.057 0.310
2015.2644 41.95 -88.72 0.696 0.701 -1.133 0.060 0.051 0.278
2015.2918 41.95 -88.72 0.964 0.057 -2.818 0.061 0.051 0.282
2015.3192 41.95 -88.72 0.916 0.158 -0.791 0.058 0.050 0.273
2015.3466 41.95 -88.72 0.885 0.297 0.676 0.063 0.053 0.292
2015.4836 41.95 -88.72 0.948 1.091 -4.527 0.061 0.045 0.274
2015.5110 41.95 -88.72 0.508 0.879 -4.859 0.058 0.045 0.265
2015.5384 41.95 -88.72 0.561 0.972 -3.553 0.063 0.051 0.288
2015.5658 41.95 -88.72 0.680 1.021 -0.338 0.062 0.053 0.288
2015.5932 41.95 -88.72 0.534 1.070 -1.292 0.065 0.055 0.297
2015.6205 41.95 -88.72 0.723 0.974 -0.257 0.063 0.053 0.289
2015.6479 41.95 -88.72 0.883 0.605 -0.873 0.061 0.051 0.281
2015.6753 41.95 -88.72 0.592 0.806 0.100 0.059 0.049 0.273
2015.7027 41.95 -88.72 0.800 0.542 1.476 0.064 0.054 0.293
2015.7301 41.95 -88.72 0.597 0.820 3.575 0.064 0.053 0.294
2015.9493 41.95 -88.72 0.352 0.951 -6.193 0.062 0.053 0.288
2015.9767 41.95 -88.72 0.618 0.671 -3.286 0.064 0.055 0.297
2016.0041 41.95 -88.72 0.368 0.780 -5.655 0.059 0.050 0.272
2016.0315 41.95 -88.72 0.686 1.126 -3.308 0.056 0.047 0.260
2016.0589 41.95 -88.72 0.688 0.920 -5.428 0.057 0.048 0.266
2016.0863 41.95 -88.72 0.616 0.883 -6.155 0.052 0.044 0.246
2016.1137 41.95 -88.72 0.667 0.423 -5.806 0.058 0.049 0.270
2016.1411 41.95 -88.72 0.656 -0.794 -4.700 0.068 0.058 0.310
2016.1685 41.95 -88.72 0.722 0.211 -0.469 0.073 0.063 0.332
2016.1959 41.95 -88.72 0.795 0.053 -2.479 0.071 0.063 0.329
2016.2233 41.95 -88.72 1.156 0.356 -1.480 0.072 0.065 0.334
2016.2507 41.95 -88.72 1.250 0.556 -0.668 0.061 0.051 0.282
2016.3603 41.95 -88.72 1.047 0.614 -1.436 0.056 0.048 0.264
2016.3877 41.95 -88.72 1.164 1.126 -1.821 0.066 0.057 0.303
2016.4151 41.95 -88.72 1.272 0.523 -0.588 0.065 0.055 0.298
2016.4425 41.95 -88.72 1.068 0.879 -0.053 0.069 0.060 0.316
2016.4699 41.95 -88.72 1.104 0.815 0.310 0.068 0.058 0.310
