2002.5877 36.12 -96.98 -59.99462669076063 9.81555518605856
2002.6151 36.12 -96.98 -58.94651544357123 9.54266924103934
2002.6425 36.12 -96.98 -34.57540744186066 9.73852604342305
2002.6699 36.12 -96.98 -18.00036647543998 8.17082729643024
2002.6973 36.12 -96.98 -4.20335187925219 12.78250116859050
2002.7247 36.12 -96.98 -18.92515718474708 9.26176691628942
2002.7521 36.12 -96.98 -15.29388166458650 8.47849562257090
2002.7795 36.12 -96.98 13.95186759325033 9.71446439712615
2002.8068 36.12 -96.98 17.42560223130544 8.80745298732778
2002.8342 36.12 -96.98 -15.34290029157545 8.62753251187892
2002.8616 36.12 -96.98 -7.10223213233072 8.21007624311814
2002.8890 36.12 -96.98 -18.99410342134165 8.78421118415824
2002.9164 36.12 -96.98 -20.73654900199961 9.07136055089272
2003.0260 36.12 -96.98 2.98273467935267 10.12210611426678
2003.0534 36.12 -96.98 -33.75976982523115 17.81072489130426
2003.0808 36.12 -96.98 -3.05352094369744 14.65960250018860
2003.1082 36.12 -96.98 -18.47993394603904 8.10998619217910
2003.1356 36.12 -96.98 -2.96534042015286 7.45652633169835
2003.1630 36.12 -96.98 -18.38499063690897 8.13434656453756
2003.1904 36.12 -96.98 1.93572476154158 9.50344690069191
2003.2178 36.12 -96.98 -9.05825141013430 8.02741330234246
2003.2452 36.12 -96.98 6.30900854749056 7.99308105994714
2003.2726 36.12 -96.98 23.39717902712580 7.77413386057377
2003.3000 36.12 -96.98 24.40011252801144 7.63517936934068
2003.3274 36.12 -96.98 18.40739369867947 10.26453056615235
2003.3548 36.12 -96.98 -1.43967884289984 11.70824900121689
2003.3822 36.12 -96.98 20.56361984612643 9.85061528794870
2003.5192 36.12 -96.98 5.94826429850241 11.45308445219597
2003.5466 36.12 -96.98 -6.15556234209979 13.09428646238725
2003.5740 36.12 -96.98 -19.48289010352989 15.71517924944420
2003.6014 36.12 -96.98 -23.13450670702909 13.13343094399198
2003.6288 36.12 -96.98 -32.71537654610886 12.05190591694803
2003.6562 36.12 -96.98 -53.49195484791784 13.18585478635016
2003.6836 36.12 -96.98 -26.65676317826498 13.26044651702300
2003.7110 36.12 -96.98 -28.09469680986310 9.74363045055697
2003.7384 36.12 -96.98 -29.31559612313096 12.40021399545512
2003.7658 36.12 -96.98 -4.43975540278304 11.27653308135456
2003.7932 36.12 -96.98 -32.84434457858247 12.84914624605005
2003.8205 36.12 -96.98 -28.89634732063056 13.61635828323557
2003.8479 36.12 -96.98 -27.12605784958746 11.46543311610991
2003.8753 36.12 -96.98 -46.64599232179730 12.69307450615311
2003.9027 36.12 -96.98 -19.43251191350389 11.09600849967944
2003.9301 36.12 -96.98 -10.87618997747080 11.88353241596396
2003.9575 36.12 -96.98 -1.61392887454263 13.85002198416552
2003.9849 36.12 -96.98 -5.57145320592503 12.92075193483904
2004.0123 36.12 -96.98 -3.62320604793381 13.87847613083863
2004.0397 36.12 -96.98 -10.43222393717355 10.44987894951504
2004.0945 36.12 -96.98 -35.89767845753700 9.74494963229177
2004.1219 36.12 -96.98 0.89514018656016 11.35792881380322
2004.1493 36.12 -96.98 -7.34195113007760 13.55666988695520
2004.1767 36.12 -96.98 0.33473489416511 14.94744122798983
2004.2041 36.12 -96.98 -6.63713899973577 11.68167226407875
2004.2315 36.12 -96.98 3.50696029812826 11.86250667012795
2004.2589 36.12 -96.98 0.52800586313818 12.20817624655427
2004.2863 36.12 -96.98 7.33031724896826 12.28173498750425
2004.3137 36.12 -96.98 4.92665935639246 11.59512661861762
2004.3411 36.12 -96.98 14.99686559743908 12.87793808843685
2004.3685 36.12 -96.98 7.25965776605306 12.08896783366721
2004.3959 36.12 -96.98 -1.93284674745494 10.37748328727333
2004.4233 36.12 -96.98 -2.32791117403135 9.91890364998547
2004.4507 36.12 -96.98 1.50972927687422 8.88847485857396
2004.4781 36.12 -96.98 -9.13817021435406 9.89735950890076
2004.5055 36.12 -96.98 -7.37571258622114 9.59190259235171
2004.5329 36.12 -96.98 3.27843170486525 8.94868987423953
2004.5603 36.12 -96.98 -21.79062888739736 9.29941202691813
2004.5877 36.12 -96.98 -3.24388646558374 9.31342853980467
2004.6151 36.12 -96.98 -13.91826544002243 10.32595032721875
2004.6425 36.12 -96.98 -1.18463495057966 8.58749586132268
2004.6699 36.12 -96.98 -15.39958596015382 8.56131524795161
2004.6973 36.12 -96.98 -39.69471526682473 7.94341456859897
2004.7247 36.12 -96.98 -31.45139364791756 9.30226502741820
2004.7521 36.12 -96.98 -28.07181272167468 8.81049572409121
2004.7795 36.12 -96.98 -15.37742069592117 8.67229321925252
2004.8068 36.12 -96.98 -5.83862628917122 9.81293640984863
2004.8342 36.12 -96.98 7.91487170611359 9.71130176350018
2004.8616 36.12 -96.98 9.69399485981835 8.33669121416740
2004.8890 36.12 -96.98 16.09343135537175 8.38723699719808
2004.9164 36.12 -96.98 23.53504339612813 9.33365998332522
2004.9438 36.12 -96.98 12.72850194083463 10.05591763025820
2004.9712 36.12 -96.98 -1.12560073424720 9.50220693471150
2004.9973 36.12 -96.98 8.44166188049850 8.97730907262067
2005.0233 36.12 -96.98 22.00072057845308 10.90291635981757
2005.0507 36.12 -96.98 19.07888795965412 17.21163935276761
2005.0781 36.12 -96.98 16.88065475757535 12.50241559064237
2005.1055 36.12 -96.98 21.15975048325834 12.35509284480189
2005.1329 36.12 -96.98 26.32160449216677 12.67909348511045
2005.1603 36.12 -96.98 16.30619620421799 10.99101170732788
2005.1877 36.12 -96.98 12.90820879186934 10.82484574314603
2005.2151 36.12 -96.98 11.66733469489291 9.93889839048487
2005.2425 36.12 -96.98 39.67777641726099 9.80311583865372
2005.2699 36.12 -96.98 37.73291216493479 10.59701232292717
2005.2973 36.12 -96.98 27.03297529831079 11.28935597126823
2005.3247 36.12 -96.98 13.47185983938722 11.91335366004652
2005.3521 36.12 -96.98 7.10164859471622 4.19506282927856
2005.3795 36.12 -96.98 8.56153372573208 11.04571416240290
2005.4068 36.12 -96.98 8.06989791700520 9.92435207166418
2005.4342 36.12 -96.98 10.77001171258116 11.37815902836379
2005.4616 36.12 -96.98 8.55112446400768 10.45103731449983
2005.4890 36.12 -96.98 -1.98384369173183 9.88799826538565
2005.5164 36.12 -96.98 -0.11335481301738 9.82938021117312
2005.5438 36.12 -96.98 -18.80315896741881 10.90017990725701
2005.5712 36.12 -96.98 -26.05863451605887 12.03039667306295
2005.5986 36.12 -96.98 -17.98254462823753 12.31121653228550
2005.6260 36.12 -96.98 -22.42973470143933 10.71388022616591
2005.6534 36.12 -96.98 -10.13147572821652 11.47437822451648
2005.6808 36.12 -96.98 -20.95822235941058 11.18965186270903
2005.7082 36.12 -96.98 -0.46515083078298 14.02859887984364
2005.7356 36.12 -96.98 -8.59316420369849 12.14847860064816
2005.7630 36.12 -96.98 9.43118216299173 12.16642684686476
2005.7904 36.12 -96.98 -7.61341321927163 11.21235672958933
2005.8178 36.12 -96.98 -25.83357089013417 11.62829445650492
2005.8452 36.12 -96.98 -21.42423441142262 12.43296624229584
2005.8726 36.12 -96.98 -15.28664227601270 10.67603323383712
2005.9000 36.12 -96.98 -6.27212758179043 10.30343101182818
2005.9274 36.12 -96.98 -3.46352357729002 10.01747703624091
2005.9548 36.12 -96.98 -25.97798659138940 8.58701408114639
2005.9822 36.12 -96.98 -14.82932694882464 9.35110699110785
2006.0096 36.12 -96.98 -19.35173823896595 10.79125077696347
2006.0370 36.12 -96.98 -15.75019321263341 14.00744751553473
2006.0644 36.12 -96.98 -24.89569732597396 14.16047979767725
2006.0918 36.12 -96.98 -19.46076899548598 14.29469201908965
2006.1192 36.12 -96.98 -29.27819704050471 16.76025110340023
2006.1466 36.12 -96.98 -21.65671404767785 12.73434285001422
2006.1740 36.12 -96.98 -8.94914697512346 14.91193424838429
2006.2014 36.12 -96.98 -25.71482127955708 11.02053515211910
2006.2288 36.12 -96.98 -14.36372066066574 15.03358900951213
2006.2562 36.12 -96.98 -1.47963667788567 14.20462253299957
2006.2836 36.12 -96.98 -38.82397401743102 13.74450212797579
2006.3110 36.12 -96.98 -22.10534973157156 14.79656071593502
2006.3384 36.12 -96.98 6.22609991274766 13.32393193693816
2006.3658 36.12 -96.98 11.55078466089984 14.88574128292993
2006.3932 36.12 -96.98 21.05366304638034 14.55825856611263
2006.4205 36.12 -96.98 -1.84655931320426 14.49335191854550
2006.4479 36.12 -96.98 19.57656600253874 15.40865430440228
2006.4753 36.12 -96.98 10.04910465501852 16.06806358215087
2006.5027 36.12 -96.98 -9.01600700482376 16.83411739141930
2006.5301 36.12 -96.98 -19.85951301767280 20.53855591232146
2006.5575 36.12 -96.98 -33.65743647569759 15.95212395091711
2006.5849 36.12 -96.98 -28.83740247304507 16.46626067435215
2006.6123 36.12 -96.98 -32.47369709806673 21.31238349323424
2006.6397 36.12 -96.98 -29.73429645469765 17.60603899636433
2006.6671 36.12 -96.98 -23.88570745013092 15.61840044873974
2006.6945 36.12 -96.98 -16.59035592002781 20.59567992937006
2006.7219 36.12 -96.98 -59.81950945860317 18.60023256878449
2006.7493 36.12 -96.98 -42.11659163968762 22.74834678347725
2006.7767 36.12 -96.98 -44.53702496882987 19.80669341574561
2006.8041 36.12 -96.98 -29.78366608834450 15.50294498662796
2006.8315 36.12 -96.98 -40.98570902647684 18.50320489290277
2006.8589 36.12 -96.98 -38.31266910350980 17.82341465391906
2006.8863 36.12 -96.98 -42.04743963097334 16.86241322375805
2006.9137 36.12 -96.98 -25.74484590941321 16.12235235632511
2006.9411 36.12 -96.98 -42.11585193260758 15.75614358090956
2006.9685 36.12 -96.98 -11.71363136506956 15.35905216902546
2006.9959 36.12 -96.98 -9.30887278551375 14.87912056949256
2007.0233 36.12 -96.98 -24.62334300295620 13.48186510139923
2007.0507 36.12 -96.98 -3.86341897933580 14.38665158926032
2007.0781 36.12 -96.98 -25.71713204597781 15.39032847829687
2007.1055 36.12 -96.98 -22.82762004077093 13.50543254393178
2007.1329 36.12 -96.98 -9.85936471070950 14.92840260799656
2007.1603 36.12 -96.98 -16.82138775368038 14.20854900722525
2007.1877 36.12 -96.98 -4.84800103735700 19.46458927732672
2007.2151 36.12 -96.98 -24.88679500401784 17.16483197289454
2007.2425 36.12 -96.98 13.42548198412777 16.42370437576883
2007.2699 36.12 -96.98 18.85217546927504 12.28228209918734
2007.2973 36.12 -96.98 38.53109416036410 11.50092517933371
2007.3247 36.12 -96.98 34.52151648612745 14.78854926493645
2007.3521 36.12 -96.98 22.06766419112862 16.48597565923064
2007.3795 36.12 -96.98 53.37058294271026 17.49567872825731
2007.4068 36.12 -96.98 20.54100452529675 14.03980285447932
2007.4342 36.12 -96.98 44.25845483899955 13.25271604180888
2007.4616 36.12 -96.98 61.95629619463586 18.46527310049470
2007.4890 36.12 -96.98 67.08991484990001 13.27142440098341
2007.5164 36.12 -96.98 34.88421805353474 14.29861643563865
2007.5438 36.12 -96.98 41.55496081018889 13.71268659928478
2007.5712 36.12 -96.98 13.35889805194465 14.09490296317740
2007.5986 36.12 -96.98 18.56088196304729 17.75558879736380
2007.6260 36.12 -96.98 -5.74158748071192 13.97035101423215
2007.6534 36.12 -96.98 -9.33336842497171 14.27213253779641
2007.6808 36.12 -96.98 -8.84220448899184 14.89994049360235
2007.7082 36.12 -96.98 -13.29142183824193 10.19325842797897
2007.7356 36.12 -96.98 -8.27913792293939 15.29551349371939
2007.7630 36.12 -96.98 -17.22926475750404 10.91822002110604
2007.7904 36.12 -96.98 2.45659645951354 15.27059073796179
2007.8178 36.12 -96.98 7.77661630325545 18.03630867345456
2007.8452 36.12 -96.98 24.76603611723121 13.97586540391317
2007.8726 36.12 -96.98 11.06332926000294 16.56140689202287
2007.9000 36.12 -96.98 16.64970450302105 17.43871521210924
2007.9274 36.12 -96.98 -4.12486784872546 17.37302940571746
2007.9548 36.12 -96.98 16.99924602214123 12.66914670931583
2007.9822 36.12 -96.98 16.22160202259020 16.06174437068027
2008.0096 36.12 -96.98 25.27065953766445 13.97111212751642
2008.0370 36.12 -96.98 5.58115995546554 14.62833182930960
2008.0644 36.12 -96.98 4.97202516698348 17.27143247329999
2008.0918 36.12 -96.98 35.50349100916495 13.01460411214837
2008.1192 36.12 -96.98 24.13185941684469 15.93490005837066
2008.1466 36.12 -96.98 30.21855833963108 18.86911040513277
2008.1740 36.12 -96.98 35.20411963077657 16.25665683706156
2008.2014 36.12 -96.98 31.13137933491950 17.93270321604501
2008.2288 36.12 -96.98 50.98373500699084 19.80552207991104
2008.2562 36.12 -96.98 14.49019179211105 18.83483135272699
2008.2836 36.12 -96.98 29.49069993919394 22.71933271686536
2008.3110 36.12 -96.98 29.01335966373363 23.76868002523788
2008.3384 36.12 -96.98 36.25616422595661 17.42700082061405
2008.3658 36.12 -96.98 42.84472845165405 17.60063856302703
2008.3932 36.12 -96.98 26.80955053600924 15.58686855282574
2008.4205 36.12 -96.98 36.82675174790779 13.58688691292774
2008.4479 36.12 -96.98 44.44568134044072 14.10118292594566
2008.4753 36.12 -96.98 62.83977879990116 13.51708835449259
2008.5027 36.12 -96.98 42.33403445106028 16.72429322924783
2008.5301 36.12 -96.98 -22.93334315019206 20.69331226453500
2008.5575 36.12 -96.98 22.29416758438497 12.94448112197668
2008.5849 36.12 -96.98 -14.59838207081586 15.52795951536081
2008.6123 36.12 -96.98 -1.49856324449797 12.31142993647116
2008.6397 36.12 -96.98 13.79141836112178 13.78513132259954
2008.6671 36.12 -96.98 12.16666537523744 13.07182654629745
2008.6945 36.12 -96.98 22.04481416503162 12.58850987881475
2008.7219 36.12 -96.98 31.58711357386947 15.01094784052181
2008.7493 36.12 -96.98 8.51174855189227 13.42342288384333
2008.7767 36.12 -96.98 32.50685285096828 16.19862407165999
2008.8041 36.12 -96.98 19.46471721063024 16.36622146038363
2008.8315 36.12 -96.98 24.89571879914665 18.33276168183821
2008.8589 36.12 -96.98 17.17283128074406 21.47626138441810
2008.8863 36.12 -96.98 36.33004204433291 20.59000002432748
2008.9137 36.12 -96.98 28.82317180647102 19.72426787685778
2008.9411 36.12 -96.98 -7.43009275481953 20.28947712873267
2008.9685 36.12 -96.98 12.74371118985791 18.89180391188041
2008.9945 36.12 -96.98 7.86116471521570 16.07292824156273
2009.0205 36.12 -96.98 0.92453074719192 15.99525854158456
2009.0479 36.12 -96.98 -3.44891299865935 15.99887341036112
2009.0753 36.12 -96.98 13.65192065043496 15.03345587493618
2009.1027 36.12 -96.98 24.99075016294138 19.18816797112941
2009.1301 36.12 -96.98 17.15581556537192 14.90042641134232
2009.1575 36.12 -96.98 10.45367827937134 15.02585897397601
2009.1849 36.12 -96.98 42.06064464551719 18.05781240872392
2009.2123 36.12 -96.98 39.45130363423821 14.68323171641377
2009.2397 36.12 -96.98 41.09666178530826 17.26143963945604
2009.2671 36.12 -96.98 39.40572445293918 14.25262899266842
2009.2945 36.12 -96.98 41.29345580576443 14.68617198122684
2009.3219 36.12 -96.98 23.22074802513212 15.27141860542842
2009.3493 36.12 -96.98 57.86304089238303 13.85563807313984
2009.3767 36.12 -96.98 61.58045698487624 14.58646354140998
2009.4041 36.12 -96.98 54.76729190467015 12.53731783450158
2009.4315 36.12 -96.98 34.20996148358392 14.88271253256504
2009.4589 36.12 -96.98 10.96926116059122 12.10200157425714
2009.4863 36.12 -96.98 -15.06293134440967 13.46488540950100
2009.5137 36.12 -96.98 -9.46355713252215 12.56391991981597
2009.5411 36.12 -96.98 8.76586158825913 15.82555848430808
2009.5685 36.12 -96.98 10.84197592794857 16.96743128746548
2009.5959 36.12 -96.98 4.03677559430965 14.68119753017870
2009.6233 36.12 -96.98 -19.62247880022772 15.66245468391574
2009.6507 36.12 -96.98 4.99201289554581 15.12409669329679
2009.6781 36.12 -96.98 -6.63837524567266 16.44927610746696
2009.7055 36.12 -96.98 13.61515654188275 17.32907060085847
2009.7329 36.12 -96.98 14.25571622614975 16.51305429740436
2009.7603 36.12 -96.98 18.67109731556656 18.92649648485670
2009.7877 36.12 -96.98 -8.26808039210816 17.41088333434829
2009.8151 36.12 -96.98 35.01150900911465 18.95311641394991
2009.8425 36.12 -96.98 14.84304706628508 17.02953000974913
2009.8699 36.12 -96.98 6.71488317985384 16.17644273363828
2009.8973 36.12 -96.98 8.06131766812104 15.03317216080049
2009.9247 36.12 -96.98 20.66315637971573 14.49112838319176
2009.9521 36.12 -96.98 17.26890293176224 13.78224124724674
2009.9795 36.12 -96.98 -9.49847281990671 14.16947947403370
2010.0068 36.12 -96.98 20.10186699173017 18.62963582733196
2010.0342 36.12 -96.98 5.39471902227895 14.01419840688939
2010.0616 36.12 -96.98 8.86795429776790 14.47608470555137
2010.0890 36.12 -96.98 11.69324551252675 17.91598921667751
2010.1164 36.12 -96.98 8.36568148177552 18.51512333551867
2010.1438 36.12 -96.98 21.47033149647631 17.44638334288158
2010.1712 36.12 -96.98 72.28716236198801 16.62856846082777
2010.1986 36.12 -96.98 36.51789862592310 15.90782695633918
2010.2260 36.12 -96.98 66.50441228673097 17.47195949412523
2010.2534 36.12 -96.98 42.18696899638495 17.90176206872948
2010.2808 36.12 -96.98 40.65211364432959 13.39574874809161
2010.3082 36.12 -96.98 30.18787475743881 14.20655363291773
2010.3356 36.12 -96.98 17.81805297888234 12.47475605782654
2010.3630 36.12 -96.98 28.97910487367658 13.35841124752337
2010.3904 36.12 -96.98 52.98070374639189 13.33857353730799
2010.4178 36.12 -96.98 40.91406095094849 14.30975873210713
2010.4452 36.12 -96.98 32.99249660662047 12.41511794440879
2010.4726 36.12 -96.98 29.30754254549857 10.97701239094594
2010.5000 36.12 -96.98 17.19183421068277 12.78976654535161
2010.5274 36.12 -96.98 24.78929007241084 21.71835287962799
2010.5548 36.12 -96.98 23.11754467669803 13.35948361729172
2010.5822 36.12 -96.98 -9.20103076400411 11.92537253134275
2010.6096 36.12 -96.98 -2.19440355264892 16.07705391049025
2010.6370 36.12 -96.98 -24.36480573564511 14.08559691075705
2010.6644 36.12 -96.98 4.14460180556727 13.05964062508775
2010.6918 36.12 -96.98 -16.48674115247397 16.19660509881714
2010.7192 36.12 -96.98 4.43852805546500 14.99484620778289
2010.7466 36.12 -96.98 -15.38329032035725 17.79494080695400
2010.7740 36.12 -96.98 -25.18833599378703 13.78365035889936
2010.8014 36.12 -96.98 3.21678683685890 13.23299681966492
2010.8288 36.12 -96.98 -1.51016266286045 15.42966563637203
2010.8562 36.12 -96.98 -2.74390043098894 15.04949349492753
2010.8836 36.12 -96.98 10.97475253432516 13.64564124740764
2010.9110 36.12 -96.98 17.52930608788926 15.23341720739943
2010.9384 36.12 -96.98 15.15192903071060 15.90513604036384
2010.9658 36.12 -96.98 2.61822222201935 17.67123849420330
2010.9932 36.12 -96.98 7.37700971118713 12.49066475365305
2011.1027 36.12 -96.98 -17.25521494252863 12.56559153236451
2011.1301 36.12 -96.98 -37.01958355776492 20.93158516179694
2011.1575 36.12 -96.98 -24.02810245624279 13.34957183690347
2011.1849 36.12 -96.98 -24.95525255567938 10.14477655227856
2011.2123 36.12 -96.98 -28.89062908968601 17.76272643972649
2011.2397 36.12 -96.98 -2.10937151290489 18.71060547894784
2011.2671 36.12 -96.98 17.03225755342879 14.71426377911632
2011.2945 36.12 -96.98 15.49792054406585 17.56813667370932
2011.3219 36.12 -96.98 27.00693205024113 16.38398694396690
2011.3493 36.12 -96.98 36.61419232948524 14.40545170516903
2011.3767 36.12 -96.98 58.55885091978296 17.25077497932811
2011.4041 36.12 -96.98 16.86848492512082 14.80369660586152
2011.4315 36.12 -96.98 9.47168980332628 14.44528975002756
2011.5137 36.12 -96.98 -7.65468890466528 13.18614337809589
2011.5411 36.12 -96.98 -8.24337961945001 14.39458417977527
2011.5685 36.12 -96.98 -22.51145623333011 13.86117584937506
2011.5959 36.12 -96.98 -26.25070944068963 15.07459341522963
2011.6233 36.12 -96.98 -30.37882349286581 14.90722210429621
2011.6507 36.12 -96.98 -22.75571262587647 18.31909996060480
2011.6781 36.12 -96.98 -47.00426827594973 16.98860688908358
2011.7055 36.12 -96.98 -61.12125690156105 17.09610972285835
2011.7329 36.12 -96.98 -57.25506806785613 20.13196868308581
2011.7603 36.12 -96.98 -47.87013263035986 17.04126411133795
2011.7877 36.12 -96.98 -22.37035318465511 18.30058126325888
2011.8151 36.12 -96.98 -20.58885622378879 17.84451019156700
2011.8425 36.12 -96.98 -31.21937996097251 19.65694468309859
2011.8699 36.12 -96.98 -5.83336943913961 18.15239368284809
2011.9521 36.12 -96.98 19.42321076686475 10.99005682341999
2011.9795 36.12 -96.98 17.41580377914346 15.40712041631968
2012.0068 36.12 -96.98 10.55170866737586 14.15712138574629
2012.0342 36.12 -96.98 20.15204102328397 17.12543576469837
2012.0616 36.12 -96.98 11.53527214035873 14.81395803495904
2012.0890 36.12 -96.98 3.81442456748567 14.53723436631415
2012.1164 36.12 -96.98 12.52079871673791 14.08098678795954
2012.1438 36.12 -96.98 0.82081967418913 14.62347163175925
2012.1712 36.12 -96.98 -22.85850575336287 13.69237778065333
2012.1986 36.12 -96.98 2.70823027876510 12.34566151650117
2012.2260 36.12 -96.98 8.67952744623068 12.78468833838881
2012.2534 36.12 -96.98 25.86998293022658 12.43179613150472
2012.2808 36.12 -96.98 25.72592184570811 11.54930542771881
2012.3082 36.12 -96.98 26.36261958882171 12.84467969732237
2012.3904 36.12 -96.98 12.94332016298370 13.44865719112346
2012.4178 36.12 -96.98 15.80238484165799 10.46122608480706
2012.4452 36.12 -96.98 5.97426115521988 10.26915094774274
2012.4726 36.12 -96.98 6.89601678395487 11.22157783587504
2012.5000 36.12 -96.98 14.23144246227404 10.55695001731048
2012.5274 36.12 -96.98 1.87095193510749 11.32715570274413
2012.5548 36.12 -96.98 20.21337412737197 11.31481927580508
2012.5822 36.12 -96.98 -44.83177873380886 12.13335738559146
2012.6096 36.12 -96.98 -45.06180875297019 12.08428201645408
2012.6370 36.12 -96.98 -44.07270881962424 11.03620013734802
2012.6644 36.12 -96.98 -30.34865865299699 12.22604341187678
2012.6918 36.12 -96.98 -58.78213736184477 12.67492906043328
2012.7192 36.12 -96.98 -47.31923297513934 15.65274882406518
2012.7466 36.12 -96.98 -36.33898290347155 10.17392655312941
2012.8562 36.12 -96.98 -37.29395702492968 16.08118081543794
2012.8836 36.12 -96.98 -30.04118369407169 15.22205359593309
2012.9110 36.12 -96.98 -18.37357243749515 14.35069514271153
2012.9384 36.12 -96.98 -1.00599733127747 13.40289836683052
2012.9658 36.12 -96.98 -30.18676533367164 15.65823389170798
2012.9918 36.12 -96.98 -20.57991169854077 7.22515454453854
2013.0178 36.12 -96.98 -23.45527659766770 8.76827762322142
2013.0452 36.12 -96.98 -35.20997374445296 8.67079218365182
2013.0726 36.12 -96.98 -25.77022042983875 7.89835407276765
2013.1000 36.12 -96.98 -38.07170222497717 8.13249734830428
2013.1274 36.12 -96.98 -40.21232110530459 7.40969129751525
2013.1548 36.12 -96.98 -20.99287546098259 6.64514939706168
2013.2644 36.12 -96.98 -19.98900287585488 7.35420691009085
2013.2918 36.12 -96.98 26.82306544598602 7.68523437162778
2013.3192 36.12 -96.98 25.60962536134722 8.66157898449924
2013.3466 36.12 -96.98 2.96782408633835 8.93864197557283
2013.3740 36.12 -96.98 24.83110043965794 7.48796481121042
2013.4014 36.12 -96.98 20.05664380444052 7.77231456428272
2013.4288 36.12 -96.98 34.78478985130427 6.65149502894761
2013.4562 36.12 -96.98 50.25469209282765 6.75710130388122
2013.4836 36.12 -96.98 28.80083450211358 7.00480606175326
2013.5110 36.12 -96.98 21.97870360737897 8.08426730307314
2013.5384 36.12 -96.98 -15.34507402701164 7.68078861111519
2013.5658 36.12 -96.98 -19.80561937154776 8.22858309521608
2013.7575 36.12 -96.98 -23.06769875766978 7.58301401718338
2013.7849 36.12 -96.98 -26.72423486198887 8.00465390204062
2013.8123 36.12 -96.98 -14.81936208712723 7.25911170897675
2013.8397 36.12 -96.98 -1.57008259193298 7.38611058726522
2013.8671 36.12 -96.98 -0.43901874028499 7.85938140488176
2013.8945 36.12 -96.98 -7.95444957912239 7.34558465417684
2013.9219 36.12 -96.98 1.97916837646098 6.35310075534579
2013.9493 36.12 -96.98 -6.58015246970492 6.91175963960443
2013.9767 36.12 -96.98 15.67063851899419 6.86484927510304
2014.0041 36.12 -96.98 5.11585729385384 6.66017752659149
2014.0315 36.12 -96.98 7.89684539536277 7.04363822088153
2014.1685 36.12 -96.98 -29.08212016541094 7.35562231558059
2014.1959 36.12 -96.98 3.79394018276681 7.82814261595171
2014.2233 36.12 -96.98 2.55490904797042 7.32538398636048
2014.2507 36.12 -96.98 5.75954152242837 6.61746162127769
2014.2781 36.12 -96.98 5.11794258402822 7.08868802316569
2014.3055 36.12 -96.98 -3.13277224633702 6.74237488580006
2014.3329 36.12 -96.98 -9.92798877997164 5.29551210888285
2014.3603 36.12 -96.98 -6.93505659222963 6.23068310236025
2014.3877 36.12 -96.98 13.74356617733021 6.24778004587939
2014.4151 36.12 -96.98 1.20789775810796 6.15491713258729
2014.4425 36.12 -96.98 -10.83202071351342 6.60275230307407
2014.4699 36.12 -96.98 -7.14319957184552 6.46413999577046
2014.5795 36.12 -96.98 -18.62718880736469 5.11798800442642
2014.6068 36.12 -96.98 -13.07355503398675 5.63493916288372
2014.6342 36.12 -96.98 -38.79918632050541 4.95499973021127
2014.6616 36.12 -96.98 -47.67226429711668 5.75211838810094
2014.6890 36.12 -96.98 -41.32327843347743 5.60044374126492
2014.7164 36.12 -96.98 -30.62308556898663 5.46090013227990
2014.7438 36.12 -96.98 -31.65341488369623 6.07710237767484
2014.7712 36.12 -96.98 -26.91471940977512 5.99955756594472
2014.7986 36.12 -96.98 -30.42985024563699 5.14175125904341
2014.8260 36.12 -96.98 -26.09439197899999 5.09145536658575
2014.8534 36.12 -96.98 -29.56777359058196 5.44423345033901
2014.8808 36.12 -96.98 -21.78312091151953 5.45861781420957
2014.9082 36.12 -96.98 -13.95449971704253 5.59526087565429
2015.0452 36.12 -96.98 -35.84094762445805 3.86252471082060
2015.0726 36.12 -96.98 -11.83633234750486 4.38955168376907
2015.1000 36.12 -96.98 -13.55761521984079 3.74383603851882
2015.1274 36.12 -96.98 -27.22646742076928 3.44237131038061
2015.1548 36.12 -96.98 -13.56322729443747 4.21445331009376
2015.1822 36.12 -96.98 6.02844496717718 3.86289095201430
2015.2096 36.12 -96.98 -22.53279832117706 5.64228380281037
2015.2370 36.12 -96.98 -39.46752452749745 6.26090973108719
2015.2644 36.12 -96.98 -2.08075337434397 5.36455950718110
2015.2918 36.12 -96.98 -31.23869658771181 5.27063057534339
2015.3192 36.12 -96.98 6.16710033371649 5.06121525217894
2015.3466 36.12 -96.98 4.99431403942779 5.57510320021240
2015.4836 36.12 -96.98 7.30108297031441 4.53022797687168
2015.5110 36.12 -96.98 21.53874705778341 4.48800170581237
2015.5384 36.12 -96.98 9.79255995693288 5.13437867197601
2015.5658 36.12 -96.98 7.49749601818062 5.49334831160275
2015.5932 36.12 -96.98 -7.39604386419495 5.83082877785712
2015.6205 36.12 -96.98 -1.10327144354682 5.48452698643435
2015.6479 36.12 -96.98 -20.32188268133880 5.36273084806563
2015.6753 36.12 -96.98 -19.26953708725555 5.00215010746587
2015.7027 36.12 -96.98 -12.35097620699153 5.71143976235334
2015.7301 36.12 -96.98 -20.02900589835889 5.58996123195536
2015.9493 36.12 -96.98 13.82215764973492 5.32770212788291
2015.9767 36.12 -96.98 12.01753271901901 5.89926000152928
2016.0041 36.12 -96.98 24.86974844359901 5.19501675238000
2016.0315 36.12 -96.98 21.41861973488664 4.92447516362055
2016.0589 36.12 -96.98 22.93122571877885 5.02917668873721
2016.0863 36.12 -96.98 33.57842624377652 4.37899596864794
2016.1137 36.12 -96.98 31.59999718242857 5.14578963104931
2016.1411 36.12 -96.98 -20.00203181850139 6.39074004190594
2016.1685 36.12 -96.98 11.65184461817528 7.09133049519030
2016.1959 36.12 -96.98 1.48643217262518 7.00359858036593
2016.2233 36.12 -96.98 29.68221077712686 7.17176059684789
2016.2507 36.12 -96.98 -13.48710728022639 5.30181696067327
2016.3603 36.12 -96.98 17.60805425864843 4.98821753982100
2016.3877 36.12 -96.98 4.76347652454794 6.16532132876636
2016.4151 36.12 -96.98 23.31051807139314 5.96021223685138
2016.4425 36.12 -96.98 18.75500331643925 6.57429827366367
2016.4699 36.12 -96.98 3.24910015266540 6.42286905725918
