2002.5877 50.63 -105.05 -0.957 -1.053 3.614 0.117 0.105 0.539
2002.6151 50.63 -105.05 -0.901 -0.790 3.956 0.111 0.101 0.516
2002.6425 50.63 -105.05 -0.731 -0.467 4.992 0.114 0.103 0.526
2002.6699 50.63 -105.05 -0.718 -0.097 5.873 0.099 0.088 0.460
2002.6973 50.63 -105.05 -0.956 -0.343 5.063 0.178 0.098 0.690
2002.7247 50.63 -105.05 -0.843 -0.184 3.455 0.105 0.097 0.489
2002.7521 50.63 -105.05 -0.788 -0.052 3.710 0.098 0.089 0.455
2002.7795 50.63 -105.05 -0.853 -0.214 4.057 0.113 0.103 0.527
2002.8068 50.63 -105.05 -1.000 0.123 5.540 0.101 0.092 0.470
2002.8342 50.63 -105.05 -1.298 -0.136 6.530 0.100 0.091 0.464
2002.8616 50.63 -105.05 -1.114 -0.231 5.942 0.105 0.086 0.475
2002.8890 50.63 -105.05 -1.189 -0.385 5.833 0.101 0.092 0.469
2002.9164 50.63 -105.05 -1.194 -0.525 6.641 0.109 0.097 0.504
2003.0260 50.63 -105.05 -0.695 -0.450 7.252 0.123 0.111 0.571
2003.0534 50.63 -105.05 -1.018 -0.178 7.135 0.198 0.181 0.905
2003.0808 50.63 -105.05 -0.454 -0.903 1.600 0.179 0.157 0.816
2003.1082 50.63 -105.05 -0.956 -0.694 4.997 0.104 0.092 0.487
2003.1356 50.63 -105.05 -0.654 -0.586 4.733 0.097 0.085 0.455
2003.1630 50.63 -105.05 -1.178 -0.789 2.741 0.103 0.091 0.479
2003.1904 50.63 -105.05 -0.921 -0.766 1.853 0.121 0.106 0.558
2003.2178 50.63 -105.05 -1.050 -0.767 2.499 0.101 0.090 0.472
2003.2452 50.63 -105.05 -0.987 -1.067 2.059 0.099 0.088 0.460
2003.2726 50.63 -105.05 -1.023 -0.936 0.381 0.096 0.086 0.449
2003.3000 50.63 -105.05 -1.033 -1.254 1.211 0.094 0.084 0.439
2003.3274 50.63 -105.05 -0.802 -0.943 -0.478 0.122 0.110 0.564
2003.3548 50.63 -105.05 -0.974 -0.845 2.559 0.133 0.121 0.610
2003.3822 50.63 -105.05 -1.047 -0.838 2.323 0.123 0.110 0.570
2003.5192 50.63 -105.05 -1.068 -0.537 6.237 0.126 0.116 0.581
2003.5466 50.63 -105.05 -0.824 -0.339 3.888 0.139 0.129 0.637
2003.5740 50.63 -105.05 -0.865 -0.557 5.721 0.161 0.150 0.735
2003.6014 50.63 -105.05 -0.729 -0.487 6.432 0.139 0.129 0.637
2003.6288 50.63 -105.05 -0.917 -0.597 7.697 0.132 0.122 0.608
2003.6562 50.63 -105.05 -1.039 -0.719 10.110 0.141 0.131 0.649
2003.6836 50.63 -105.05 -0.834 -0.623 10.233 0.139 0.129 0.638
2003.7110 50.63 -105.05 -1.105 -0.482 8.188 0.111 0.100 0.510
2003.7384 50.63 -105.05 -1.137 -0.556 7.481 0.133 0.122 0.608
2003.7658 50.63 -105.05 -1.224 -0.701 7.529 0.122 0.112 0.561
2003.7932 50.63 -105.05 -1.099 -0.596 10.152 0.136 0.125 0.621
2003.8205 50.63 -105.05 -0.514 -0.595 10.647 0.148 0.132 0.669
2003.8479 50.63 -105.05 -1.028 -0.457 7.403 0.132 0.116 0.595
2003.8753 50.63 -105.05 -0.848 -0.623 6.631 0.136 0.123 0.620
2003.9027 50.63 -105.05 -1.092 -0.482 8.128 0.126 0.113 0.573
2003.9301 50.63 -105.05 -0.938 -0.466 6.797 0.131 0.117 0.592
2003.9575 50.63 -105.05 -0.985 -0.325 6.038 0.146 0.131 0.656
2003.9849 50.63 -105.05 -0.913 -0.397 6.154 0.139 0.123 0.625
2004.0123 50.63 -105.05 -1.082 -0.764 4.547 0.149 0.132 0.669
2004.0397 50.63 -105.05 -0.980 -0.621 6.953 0.128 0.114 0.588
2004.0945 50.63 -105.05 -0.981 -0.829 4.527 0.119 0.106 0.548
2004.1219 50.63 -105.05 -1.036 -0.595 4.629 0.127 0.110 0.568
2004.1493 50.63 -105.05 -1.038 -0.485 6.913 0.149 0.129 0.662
2004.1767 50.63 -105.05 -1.355 -0.619 4.559 0.158 0.136 0.698
2004.2041 50.63 -105.05 -1.023 -0.702 6.001 0.130 0.112 0.579
2004.2315 50.63 -105.05 -1.027 -1.091 3.890 0.132 0.113 0.588
2004.2589 50.63 -105.05 -0.949 -0.726 4.212 0.137 0.117 0.608
2004.2863 50.63 -105.05 -0.858 -0.763 4.711 0.138 0.117 0.609
2004.3137 50.63 -105.05 -1.228 -0.930 5.251 0.131 0.111 0.581
2004.3411 50.63 -105.05 -0.829 -0.704 2.550 0.144 0.121 0.632
2004.3685 50.63 -105.05 -0.548 -0.315 2.293 0.139 0.119 0.618
2004.3959 50.63 -105.05 -0.764 -0.470 3.491 0.122 0.106 0.550
2004.4233 50.63 -105.05 -0.872 -0.428 3.225 0.117 0.101 0.529
2004.4507 50.63 -105.05 -0.873 -0.237 0.990 0.105 0.089 0.471
2004.4781 50.63 -105.05 -0.612 -0.051 1.444 0.115 0.098 0.514
2004.5055 50.63 -105.05 -0.622 -0.015 2.054 0.112 0.096 0.503
2004.5329 50.63 -105.05 -0.811 0.067 3.981 0.106 0.091 0.479
2004.5603 50.63 -105.05 -0.792 -0.084 3.972 0.109 0.093 0.490
2004.5877 50.63 -105.05 -0.613 0.162 5.144 0.111 0.094 0.497
2004.6151 50.63 -105.05 -0.336 0.292 3.476 0.122 0.104 0.545
2004.6425 50.63 -105.05 -0.553 -0.050 4.962 0.104 0.090 0.471
2004.6699 50.63 -105.05 -0.587 0.173 5.672 0.104 0.090 0.473
2004.6973 50.63 -105.05 -0.385 0.109 5.492 0.097 0.085 0.447
2004.7247 50.63 -105.05 -0.566 0.085 4.800 0.112 0.096 0.505
2004.7521 50.63 -105.05 -0.529 0.107 5.118 0.107 0.093 0.488
2004.7795 50.63 -105.05 -0.527 -0.033 4.901 0.104 0.090 0.473
2004.8068 50.63 -105.05 -0.644 0.230 3.167 0.116 0.099 0.518
2004.8342 50.63 -105.05 -0.706 0.165 2.933 0.114 0.097 0.511
2004.8616 50.63 -105.05 -0.628 0.000 5.322 0.101 0.088 0.460
2004.8890 50.63 -105.05 -0.811 -0.056 3.959 0.101 0.087 0.458
2004.9164 50.63 -105.05 -0.589 -0.035 4.244 0.110 0.094 0.493
2004.9438 50.63 -105.05 -0.577 -0.150 3.031 0.121 0.105 0.551
2004.9712 50.63 -105.05 -0.582 0.005 3.619 0.110 0.093 0.490
2004.9973 50.63 -105.05 -0.570 -0.100 2.202 0.106 0.092 0.481
2005.0233 50.63 -105.05 -0.473 -0.007 1.480 0.122 0.103 0.541
2005.0507 50.63 -105.05 -0.589 -0.241 2.707 0.176 0.149 0.768
2005.0781 50.63 -105.05 -0.485 -0.209 2.580 0.135 0.115 0.597
2005.1055 50.63 -105.05 -0.288 -0.191 4.406 0.134 0.115 0.594
2005.1329 50.63 -105.05 -0.355 -0.091 1.689 0.137 0.118 0.608
2005.1603 50.63 -105.05 -0.268 -0.175 1.983 0.124 0.106 0.552
2005.1877 50.63 -105.05 -0.369 -0.043 2.335 0.125 0.107 0.560
2005.2151 50.63 -105.05 -0.416 -0.077 -0.003 0.118 0.102 0.534
2005.2425 50.63 -105.05 -0.271 0.169 -0.051 0.114 0.098 0.512
2005.2699 50.63 -105.05 -0.206 0.099 -1.377 0.121 0.105 0.543
2005.2973 50.63 -105.05 -0.239 -0.173 0.134 0.127 0.110 0.571
2005.3247 50.63 -105.05 -0.553 -0.243 1.850 0.134 0.116 0.601
2005.3521 50.63 -105.05 -0.258 -0.562 0.727 0.060 0.052 0.291
2005.3795 50.63 -105.05 -0.450 -0.146 2.040 0.126 0.110 0.567
2005.4068 50.63 -105.05 -0.282 -0.313 -0.139 0.116 0.101 0.525
2005.4342 50.63 -105.05 -0.253 -0.144 -1.235 0.132 0.116 0.600
2005.4616 50.63 -105.05 -0.449 -0.207 -1.728 0.120 0.105 0.544
2005.4890 50.63 -105.05 -0.502 0.068 -0.048 0.114 0.100 0.517
2005.5164 50.63 -105.05 -0.458 -0.062 -0.494 0.114 0.100 0.516
2005.5438 50.63 -105.05 -0.224 0.293 2.811 0.123 0.108 0.556
2005.5712 50.63 -105.05 -0.277 0.296 3.047 0.133 0.118 0.601
2005.5986 50.63 -105.05 -0.337 0.305 4.094 0.136 0.120 0.613
2005.6260 50.63 -105.05 -0.386 0.458 3.206 0.121 0.107 0.548
2005.6534 50.63 -105.05 -0.210 -0.008 2.481 0.127 0.112 0.574
2005.6808 50.63 -105.05 0.084 -0.018 1.329 0.125 0.111 0.565
2005.7082 50.63 -105.05 0.110 -0.004 2.987 0.149 0.134 0.673
2005.7356 50.63 -105.05 0.088 -0.111 1.371 0.132 0.118 0.596
2005.7630 50.63 -105.05 -0.033 -0.413 1.147 0.132 0.118 0.598
2005.7904 50.63 -105.05 -0.068 -0.209 2.497 0.124 0.111 0.565
2005.8178 50.63 -105.05 0.085 -0.290 3.125 0.127 0.114 0.578
2005.8452 50.63 -105.05 -0.228 0.056 3.198 0.136 0.123 0.620
2005.8726 50.63 -105.05 0.006 -0.222 4.468 0.118 0.106 0.540
2005.9000 50.63 -105.05 0.073 -0.190 3.736 0.116 0.104 0.529
2005.9274 50.63 -105.05 0.009 0.028 2.101 0.123 0.108 0.563
2005.9548 50.63 -105.05 -0.216 -0.218 3.414 0.120 0.104 0.569
2005.9822 50.63 -105.05 -0.055 -0.091 3.598 0.115 0.102 0.533
2006.0096 50.63 -105.05 0.018 -0.083 3.917 0.124 0.111 0.569
2006.0370 50.63 -105.05 0.058 -0.181 2.073 0.155 0.140 0.706
2006.0644 50.63 -105.05 0.041 -0.075 0.278 0.158 0.143 0.718
2006.0918 50.63 -105.05 0.167 0.005 0.411 0.156 0.142 0.711
2006.1192 50.63 -105.05 -0.035 -0.018 -0.946 0.175 0.161 0.796
2006.1466 50.63 -105.05 0.155 -0.427 -1.548 0.139 0.127 0.634
2006.1740 50.63 -105.05 0.164 -0.443 -0.124 0.154 0.142 0.703
2006.2014 50.63 -105.05 0.136 -0.416 -1.754 0.121 0.110 0.556
2006.2288 50.63 -105.05 0.028 -0.429 -1.313 0.155 0.143 0.708
2006.2562 50.63 -105.05 -0.071 -0.248 -0.471 0.145 0.135 0.663
2006.2836 50.63 -105.05 -0.130 -0.493 -1.340 0.142 0.132 0.651
2006.3110 50.63 -105.05 -0.052 -0.604 -1.990 0.152 0.141 0.693
2006.3384 50.63 -105.05 -0.190 -0.178 -0.987 0.137 0.128 0.631
2006.3658 50.63 -105.05 -0.098 -0.305 -1.086 0.152 0.142 0.696
2006.3932 50.63 -105.05 0.098 0.075 -3.211 0.150 0.140 0.687
2006.4205 50.63 -105.05 0.265 -0.469 -2.546 0.151 0.140 0.691
2006.4479 50.63 -105.05 0.258 -0.595 -0.870 0.167 0.152 0.760
2006.4753 50.63 -105.05 0.189 0.011 0.869 0.167 0.156 0.768
2006.5027 50.63 -105.05 0.234 -0.006 3.076 0.173 0.162 0.794
2006.5301 50.63 -105.05 0.416 -0.147 4.316 0.205 0.193 0.936
2006.5575 50.63 -105.05 0.439 -0.317 0.643 0.164 0.154 0.751
2006.5849 50.63 -105.05 0.792 -0.118 4.796 0.168 0.158 0.772
2006.6123 50.63 -105.05 0.071 -0.346 3.500 0.205 0.195 0.938
2006.6397 50.63 -105.05 0.193 -0.065 4.055 0.175 0.165 0.801
2006.6671 50.63 -105.05 0.101 -0.364 5.256 0.160 0.150 0.733
2006.6945 50.63 -105.05 -0.207 -0.605 6.571 0.203 0.191 0.927
2006.7219 50.63 -105.05 0.054 -0.589 4.122 0.192 0.179 0.876
2006.7493 50.63 -105.05 0.049 0.050 6.276 0.227 0.214 1.038
2006.7767 50.63 -105.05 0.169 -0.173 6.424 0.197 0.186 0.901
2006.8041 50.63 -105.05 0.244 -0.251 5.177 0.160 0.149 0.732
2006.8315 50.63 -105.05 0.176 -0.440 6.240 0.185 0.174 0.845
2006.8589 50.63 -105.05 0.158 -0.173 4.132 0.180 0.169 0.824
2006.8863 50.63 -105.05 0.328 -0.532 4.895 0.173 0.161 0.792
2006.9137 50.63 -105.05 0.390 -0.450 4.279 0.169 0.157 0.773
2006.9411 50.63 -105.05 0.413 -0.218 3.913 0.166 0.154 0.760
2006.9685 50.63 -105.05 0.512 -0.346 1.907 0.167 0.152 0.760
2006.9959 50.63 -105.05 0.317 -0.274 2.170 0.167 0.150 0.758
2007.0233 50.63 -105.05 0.193 -0.499 2.230 0.155 0.139 0.709
2007.0507 50.63 -105.05 0.200 -0.223 1.548 0.162 0.145 0.736
2007.0781 50.63 -105.05 0.152 -0.547 1.479 0.164 0.151 0.750
2007.1055 50.63 -105.05 0.353 -0.267 0.891 0.147 0.135 0.674
2007.1329 50.63 -105.05 0.510 -0.492 0.719 0.160 0.147 0.732
2007.1603 50.63 -105.05 0.297 -0.421 0.123 0.152 0.140 0.697
2007.1877 50.63 -105.05 0.119 -1.089 2.159 0.195 0.182 0.888
2007.2151 50.63 -105.05 0.170 -0.782 0.092 0.174 0.163 0.794
2007.2425 50.63 -105.05 0.051 -0.447 -0.422 0.167 0.156 0.764
2007.2699 50.63 -105.05 0.368 -0.637 -2.280 0.134 0.124 0.618
2007.2973 50.63 -105.05 0.272 -0.696 -0.523 0.127 0.116 0.585
2007.3247 50.63 -105.05 0.434 -0.879 -0.935 0.154 0.143 0.706
2007.3521 50.63 -105.05 0.453 -0.683 0.592 0.168 0.157 0.769
2007.3795 50.63 -105.05 0.380 -0.450 0.561 0.176 0.165 0.805
2007.4068 50.63 -105.05 0.343 -0.283 0.749 0.147 0.137 0.677
2007.4342 50.63 -105.05 0.246 -0.547 -0.583 0.141 0.131 0.650
2007.4616 50.63 -105.05 0.438 -0.384 -0.966 0.184 0.173 0.840
2007.4890 50.63 -105.05 0.375 -0.294 -1.343 0.143 0.131 0.654
2007.5164 50.63 -105.05 0.295 -0.678 0.723 0.150 0.139 0.688
2007.5438 50.63 -105.05 0.393 -0.360 2.742 0.146 0.135 0.668
2007.5712 50.63 -105.05 0.316 -0.307 3.800 0.150 0.139 0.686
2007.5986 50.63 -105.05 0.239 -0.125 3.413 0.182 0.170 0.833
2007.6260 50.63 -105.05 0.325 -0.108 4.392 0.150 0.138 0.686
2007.6534 50.63 -105.05 0.322 -0.262 3.955 0.152 0.140 0.697
2007.6808 50.63 -105.05 0.228 -0.326 4.557 0.160 0.147 0.734
2007.7082 50.63 -105.05 0.397 -0.469 5.807 0.121 0.108 0.557
2007.7356 50.63 -105.05 0.491 0.015 6.968 0.165 0.151 0.753
2007.7630 50.63 -105.05 0.518 0.128 4.635 0.129 0.116 0.593
2007.7904 50.63 -105.05 0.492 0.247 3.280 0.162 0.149 0.739
2007.8178 50.63 -105.05 0.446 0.266 3.022 0.185 0.172 0.845
2007.8452 50.63 -105.05 0.451 0.050 4.319 0.152 0.140 0.697
2007.8726 50.63 -105.05 0.526 -0.194 3.892 0.176 0.163 0.807
2007.9000 50.63 -105.05 0.377 -0.351 4.946 0.190 0.170 0.856
2007.9274 50.63 -105.05 0.596 -0.269 3.695 0.182 0.170 0.835
2007.9548 50.63 -105.05 0.613 -0.336 3.856 0.138 0.127 0.634
2007.9822 50.63 -105.05 0.643 0.026 3.029 0.168 0.157 0.772
2008.0096 50.63 -105.05 0.158 0.006 2.361 0.148 0.138 0.680
2008.0370 50.63 -105.05 0.436 -0.279 3.083 0.152 0.142 0.697
2008.0644 50.63 -105.05 0.461 -0.375 1.291 0.174 0.164 0.798
2008.0918 50.63 -105.05 0.529 0.004 1.909 0.141 0.131 0.650
2008.1192 50.63 -105.05 0.714 -0.162 0.209 0.164 0.154 0.753
2008.1466 50.63 -105.05 0.586 -0.152 0.981 0.190 0.179 0.871
2008.1740 50.63 -105.05 0.692 -0.288 -0.842 0.167 0.156 0.765
2008.2014 50.63 -105.05 0.561 -0.568 0.069 0.178 0.168 0.814
2008.2288 50.63 -105.05 0.385 0.231 -1.773 0.209 0.195 0.959
2008.2562 50.63 -105.05 0.476 -0.441 0.118 0.194 0.182 0.891
2008.2836 50.63 -105.05 0.520 -0.380 1.996 0.233 0.219 1.068
2008.3110 50.63 -105.05 0.605 -0.255 -0.850 0.240 0.226 1.099
2008.3384 50.63 -105.05 0.832 -0.056 -0.174 0.178 0.167 0.817
2008.3658 50.63 -105.05 0.962 -0.233 -1.289 0.183 0.170 0.836
2008.3932 50.63 -105.05 0.555 -0.220 -3.491 0.167 0.155 0.766
2008.4205 50.63 -105.05 0.245 -0.534 -0.767 0.147 0.135 0.672
2008.4479 50.63 -105.05 0.163 -0.163 -2.525 0.148 0.137 0.678
2008.4753 50.63 -105.05 0.034 -0.223 -1.871 0.144 0.133 0.660
2008.5027 50.63 -105.05 -0.100 -0.012 0.691 0.176 0.162 0.803
2008.5301 50.63 -105.05 0.383 -0.223 2.700 0.219 0.201 0.995
2008.5575 50.63 -105.05 0.066 -0.087 1.889 0.145 0.131 0.660
2008.5849 50.63 -105.05 0.196 0.119 3.238 0.161 0.148 0.734
2008.6123 50.63 -105.05 0.303 0.300 4.087 0.136 0.124 0.623
2008.6397 50.63 -105.05 0.147 0.236 2.508 0.149 0.136 0.678
2008.6671 50.63 -105.05 0.085 0.029 3.367 0.143 0.130 0.653
2008.6945 50.63 -105.05 0.010 0.061 3.581 0.138 0.126 0.633
2008.7219 50.63 -105.05 -0.011 0.301 3.262 0.158 0.145 0.720
2008.7493 50.63 -105.05 0.045 0.218 3.890 0.143 0.132 0.655
2008.7767 50.63 -105.05 0.140 0.022 3.095 0.165 0.154 0.755
2008.8041 50.63 -105.05 -0.006 0.431 3.720 0.166 0.155 0.760
2008.8315 50.63 -105.05 -0.089 -0.107 3.759 0.188 0.175 0.859
2008.8589 50.63 -105.05 0.074 0.145 3.864 0.219 0.205 1.000
2008.8863 50.63 -105.05 0.076 -0.012 2.551 0.210 0.197 0.960
2008.9137 50.63 -105.05 0.099 0.445 2.891 0.200 0.187 0.914
2008.9411 50.63 -105.05 0.201 0.129 3.249 0.210 0.196 0.960
2008.9685 50.63 -105.05 -0.043 0.080 3.079 0.196 0.183 0.899
2008.9945 50.63 -105.05 -0.067 -0.061 3.028 0.166 0.155 0.760
2009.0205 50.63 -105.05 0.033 0.446 0.332 0.162 0.153 0.746
2009.0479 50.63 -105.05 -0.182 -0.214 0.634 0.163 0.153 0.748
2009.0753 50.63 -105.05 0.045 -0.187 2.093 0.157 0.147 0.721
2009.1027 50.63 -105.05 -0.140 0.133 2.462 0.194 0.183 0.890
2009.1301 50.63 -105.05 0.005 0.428 3.177 0.155 0.145 0.714
2009.1575 50.63 -105.05 0.065 -0.165 2.321 0.158 0.148 0.730
2009.1849 50.63 -105.05 0.009 0.043 3.335 0.180 0.170 0.826
2009.2123 50.63 -105.05 -0.007 0.689 -0.883 0.158 0.145 0.721
2009.2397 50.63 -105.05 -0.222 0.664 -0.941 0.176 0.165 0.808
2009.2671 50.63 -105.05 -0.182 0.668 -0.572 0.148 0.138 0.680
2009.2945 50.63 -105.05 0.013 0.408 -2.520 0.152 0.141 0.696
2009.3219 50.63 -105.05 0.004 0.258 -1.323 0.158 0.148 0.727
2009.3493 50.63 -105.05 -0.270 -0.011 -3.550 0.146 0.135 0.669
2009.3767 50.63 -105.05 -0.016 0.202 -4.356 0.153 0.142 0.703
2009.4041 50.63 -105.05 -0.088 0.607 -3.097 0.136 0.125 0.625
2009.4315 50.63 -105.05 0.086 0.385 -3.074 0.155 0.144 0.710
2009.4589 50.63 -105.05 -0.004 0.125 -1.681 0.133 0.121 0.610
2009.4863 50.63 -105.05 0.111 -0.006 0.427 0.146 0.134 0.669
2009.5137 50.63 -105.05 0.275 0.618 0.666 0.142 0.127 0.646
2009.5411 50.63 -105.05 0.410 0.396 0.924 0.173 0.157 0.787
2009.5685 50.63 -105.05 0.121 0.389 2.302 0.186 0.169 0.848
2009.5959 50.63 -105.05 -0.052 1.015 4.110 0.163 0.148 0.746
2009.6233 50.63 -105.05 0.182 0.854 3.860 0.168 0.154 0.766
2009.6507 50.63 -105.05 0.062 0.849 3.811 0.162 0.148 0.738
2009.6781 50.63 -105.05 0.365 0.877 4.030 0.172 0.159 0.785
2009.7055 50.63 -105.05 0.207 0.686 2.755 0.178 0.165 0.810
2009.7329 50.63 -105.05 0.027 0.444 4.866 0.172 0.159 0.784
2009.7603 50.63 -105.05 0.006 0.445 5.280 0.195 0.181 0.891
2009.7877 50.63 -105.05 0.267 0.490 1.403 0.180 0.167 0.823
2009.8151 50.63 -105.05 -0.033 0.638 2.977 0.193 0.180 0.879
2009.8425 50.63 -105.05 -0.004 0.541 1.862 0.176 0.163 0.803
2009.8699 50.63 -105.05 -0.120 0.530 2.380 0.168 0.156 0.769
2009.8973 50.63 -105.05 -0.148 -0.042 1.996 0.157 0.146 0.720
2009.9247 50.63 -105.05 -0.007 0.042 0.779 0.159 0.145 0.727
2009.9521 50.63 -105.05 -0.206 0.213 1.196 0.147 0.136 0.678
2009.9795 50.63 -105.05 -0.254 0.204 1.108 0.152 0.140 0.697
2010.0068 50.63 -105.05 -0.156 -0.052 2.858 0.190 0.177 0.868
2010.0342 50.63 -105.05 -0.001 0.206 1.841 0.150 0.138 0.687
2010.0616 50.63 -105.05 -0.020 0.096 2.733 0.153 0.142 0.703
2010.0890 50.63 -105.05 -0.301 0.541 -0.448 0.182 0.170 0.830
2010.1164 50.63 -105.05 -0.219 0.410 -0.484 0.188 0.175 0.857
2010.1438 50.63 -105.05 -0.248 0.441 0.542 0.182 0.169 0.831
2010.1712 50.63 -105.05 -0.369 0.389 -1.074 0.174 0.161 0.796
2010.1986 50.63 -105.05 -0.163 0.247 -0.174 0.167 0.154 0.763
2010.2260 50.63 -105.05 -0.193 0.193 0.009 0.182 0.169 0.832
2010.2534 50.63 -105.05 -0.230 0.236 -0.402 0.189 0.174 0.860
2010.2808 50.63 -105.05 -0.291 0.077 0.624 0.147 0.134 0.671
2010.3082 50.63 -105.05 -0.134 -0.263 -0.693 0.153 0.140 0.700
2010.3356 50.63 -105.05 -0.159 -0.242 -1.107 0.141 0.128 0.648
2010.3630 50.63 -105.05 -0.259 -0.636 0.014 0.150 0.136 0.688
2010.3904 50.63 -105.05 -0.229 -0.051 -0.392 0.158 0.137 0.713
2010.4178 50.63 -105.05 -0.217 0.031 -3.908 0.160 0.145 0.729
2010.4452 50.63 -105.05 -0.171 0.147 -5.024 0.142 0.129 0.652
2010.4726 50.63 -105.05 -0.264 -0.123 -4.892 0.129 0.116 0.593
2010.5000 50.63 -105.05 -0.092 0.043 -4.998 0.144 0.130 0.659
2010.5274 50.63 -105.05 -0.013 0.166 -1.782 0.217 0.203 0.988
2010.5548 50.63 -105.05 0.053 -0.028 -2.763 0.141 0.130 0.648
2010.5822 50.63 -105.05 -0.308 0.394 -2.960 0.128 0.118 0.590
2010.6096 50.63 -105.05 -0.231 0.309 -2.917 0.163 0.152 0.745
2010.6370 50.63 -105.05 -0.203 0.416 -2.548 0.146 0.136 0.671
2010.6644 50.63 -105.05 0.004 0.414 -1.227 0.138 0.128 0.633
2010.6918 50.63 -105.05 -0.071 0.253 -2.781 0.163 0.153 0.747
2010.7192 50.63 -105.05 0.197 0.365 -3.211 0.152 0.142 0.699
2010.7466 50.63 -105.05 -0.033 0.275 -1.177 0.175 0.165 0.802
2010.7740 50.63 -105.05 0.013 0.470 -0.979 0.146 0.135 0.670
2010.8014 50.63 -105.05 -0.046 0.188 -1.167 0.138 0.129 0.636
2010.8288 50.63 -105.05 -0.013 0.320 -1.347 0.156 0.146 0.717
2010.8562 50.63 -105.05 0.007 0.276 -2.769 0.154 0.144 0.706
2010.8836 50.63 -105.05 0.099 0.345 -3.898 0.144 0.134 0.662
2010.9110 50.63 -105.05 0.118 0.970 -5.274 0.156 0.146 0.716
2010.9384 50.63 -105.05 0.185 0.369 -4.501 0.162 0.151 0.741
2010.9658 50.63 -105.05 0.099 0.524 -6.038 0.177 0.166 0.809
2010.9932 50.63 -105.05 -0.007 0.888 -4.392 0.165 0.118 0.696
2011.1027 50.63 -105.05 -0.005 -0.178 -8.884 0.156 0.133 0.703
2011.1301 50.63 -105.05 0.202 0.660 -7.690 0.213 0.198 0.967
2011.1575 50.63 -105.05 0.209 -0.100 -5.794 0.146 0.134 0.670
2011.1849 50.63 -105.05 -0.035 -0.276 -6.967 0.120 0.107 0.551
2011.2123 50.63 -105.05 -0.249 -0.297 -9.241 0.181 0.169 0.825
2011.2397 50.63 -105.05 -0.092 -0.165 -8.034 0.187 0.175 0.853
2011.2671 50.63 -105.05 -0.302 -0.116 -7.014 0.153 0.143 0.703
2011.2945 50.63 -105.05 -0.292 -0.235 -8.244 0.176 0.165 0.805
2011.3219 50.63 -105.05 -0.223 -0.068 -6.785 0.165 0.155 0.757
2011.3493 50.63 -105.05 -0.074 -0.048 -7.664 0.150 0.140 0.689
2011.3767 50.63 -105.05 -0.323 -0.036 -6.690 0.173 0.163 0.793
2011.4041 50.63 -105.05 -0.419 -0.151 -8.425 0.155 0.144 0.711
2011.4315 50.63 -105.05 -0.379 0.087 -8.155 0.168 0.143 0.749
2011.5137 50.63 -105.05 -0.522 0.429 -8.523 0.149 0.133 0.677
2011.5411 50.63 -105.05 -0.449 0.508 -8.108 0.153 0.141 0.700
2011.5685 50.63 -105.05 -0.180 0.149 -6.118 0.151 0.138 0.690
2011.5959 50.63 -105.05 -0.047 0.306 -6.971 0.160 0.147 0.732
2011.6233 50.63 -105.05 -0.053 0.185 -7.858 0.161 0.148 0.737
2011.6507 50.63 -105.05 -0.430 0.214 -5.591 0.186 0.173 0.848
2011.6781 50.63 -105.05 -0.094 0.066 -4.369 0.173 0.161 0.788
2011.7055 50.63 -105.05 -0.228 -0.056 -3.185 0.173 0.161 0.787
2011.7329 50.63 -105.05 -0.103 0.051 -2.744 0.197 0.185 0.899
2011.7603 50.63 -105.05 -0.056 0.248 -4.024 0.171 0.160 0.780
2011.7877 50.63 -105.05 -0.537 0.278 -1.307 0.181 0.169 0.825
2011.8151 50.63 -105.05 -0.085 -0.049 -3.510 0.178 0.166 0.811
2011.8425 50.63 -105.05 -0.340 0.007 -1.398 0.191 0.179 0.870
2011.8699 50.63 -105.05 -0.248 0.532 -4.912 0.191 0.169 0.851
2011.9521 50.63 -105.05 0.039 0.381 -2.783 0.141 0.108 0.615
2011.9795 50.63 -105.05 -0.250 0.087 -1.950 0.158 0.141 0.709
2012.0068 50.63 -105.05 -0.232 -0.030 -2.816 0.148 0.130 0.664
2012.0342 50.63 -105.05 0.084 -0.154 -2.017 0.177 0.155 0.784
2012.0616 50.63 -105.05 0.042 0.260 -2.386 0.155 0.134 0.688
2012.0890 50.63 -105.05 0.100 -0.067 -3.319 0.154 0.131 0.681
2012.1164 50.63 -105.05 0.046 0.010 -5.296 0.153 0.128 0.671
2012.1438 50.63 -105.05 0.208 -0.233 -1.914 0.158 0.132 0.691
2012.1712 50.63 -105.05 -0.327 -0.037 -4.488 0.153 0.126 0.670
2012.1986 50.63 -105.05 -0.086 -0.342 -6.163 0.140 0.113 0.609
2012.2260 50.63 -105.05 -0.023 -0.446 -4.519 0.141 0.114 0.613
2012.2534 50.63 -105.05 0.472 -0.264 -5.663 0.137 0.110 0.595
2012.2808 50.63 -105.05 0.248 -0.324 -5.380 0.128 0.102 0.556
2012.3082 50.63 -105.05 0.569 -0.362 -6.111 0.168 0.119 0.705
2012.3904 50.63 -105.05 0.640 -0.601 -6.489 0.164 0.131 0.716
2012.4178 50.63 -105.05 0.691 -0.140 -7.676 0.119 0.094 0.515
2012.4452 50.63 -105.05 0.596 -0.320 -7.060 0.118 0.093 0.513
2012.4726 50.63 -105.05 0.525 -0.192 -6.386 0.126 0.100 0.548
2012.5000 50.63 -105.05 0.543 -0.323 -6.801 0.121 0.096 0.527
2012.5274 50.63 -105.05 0.382 -0.230 -4.861 0.128 0.102 0.554
2012.5548 50.63 -105.05 0.625 -0.312 -4.330 0.127 0.102 0.554
2012.5822 50.63 -105.05 0.552 -0.185 -3.343 0.134 0.108 0.580
2012.6096 50.63 -105.05 0.649 0.164 -1.595 0.131 0.107 0.572
2012.6370 50.63 -105.05 0.379 0.158 -0.556 0.121 0.100 0.532
2012.6644 50.63 -105.05 0.423 0.353 0.239 0.131 0.110 0.577
2012.6918 50.63 -105.05 0.438 0.181 -0.663 0.134 0.114 0.592
2012.7192 50.63 -105.05 0.460 0.044 2.152 0.158 0.139 0.702
2012.7466 50.63 -105.05 0.676 0.077 0.295 0.131 0.096 0.563
2012.8562 50.63 -105.05 0.661 0.317 1.962 0.166 0.145 0.738
2012.8836 50.63 -105.05 0.823 -0.371 -0.386 0.151 0.140 0.688
2012.9110 50.63 -105.05 1.003 -0.015 -0.392 0.144 0.133 0.656
2012.9384 50.63 -105.05 0.844 -0.223 -2.067 0.142 0.130 0.649
2012.9658 50.63 -105.05 1.174 -0.261 -1.192 0.153 0.144 0.701
2012.9918 50.63 -105.05 0.800 0.268 -2.578 0.079 0.071 0.368
2013.0178 50.63 -105.05 0.668 0.066 -3.057 0.092 0.084 0.423
2013.0452 50.63 -105.05 0.715 -0.174 -1.644 0.091 0.083 0.423
2013.0726 50.63 -105.05 0.783 0.266 -1.346 0.085 0.077 0.393
2013.1000 50.63 -105.05 0.884 0.108 -3.470 0.087 0.079 0.402
2013.1274 50.63 -105.05 0.975 -0.123 -3.445 0.081 0.074 0.379
2013.1548 50.63 -105.05 1.216 0.063 -2.748 0.081 0.067 0.367
2013.2644 50.63 -105.05 1.087 -0.022 -4.201 0.105 0.059 0.418
2013.2918 50.63 -105.05 0.775 -0.232 -4.114 0.083 0.076 0.387
2013.3192 50.63 -105.05 0.992 -0.335 -5.013 0.091 0.084 0.422
2013.3466 50.63 -105.05 0.977 -0.004 -4.537 0.093 0.086 0.431
2013.3740 50.63 -105.05 0.971 -0.353 -5.789 0.080 0.074 0.377
2013.4014 50.63 -105.05 0.780 -0.010 -4.420 0.083 0.076 0.387
2013.4288 50.63 -105.05 0.646 -0.362 -5.127 0.074 0.067 0.349
2013.4562 50.63 -105.05 0.397 -0.059 -7.283 0.076 0.069 0.355
2013.4836 50.63 -105.05 0.479 0.227 -7.925 0.077 0.070 0.361
2013.5110 50.63 -105.05 0.716 0.184 -6.932 0.086 0.079 0.400
2013.5384 50.63 -105.05 0.682 0.420 -5.139 0.087 0.077 0.399
2013.5658 50.63 -105.05 0.772 0.488 -4.569 0.088 0.081 0.411
2013.7575 50.63 -105.05 0.412 0.596 -1.511 0.086 0.077 0.400
2013.7849 50.63 -105.05 0.308 0.254 -1.946 0.088 0.080 0.408
2013.8123 50.63 -105.05 -0.010 0.549 -1.542 0.081 0.073 0.377
2013.8397 50.63 -105.05 0.271 0.482 -0.079 0.082 0.074 0.381
2013.8671 50.63 -105.05 0.383 0.587 -1.567 0.088 0.079 0.407
2013.8945 50.63 -105.05 0.307 0.440 -3.853 0.081 0.074 0.379
2013.9219 50.63 -105.05 0.391 0.346 -3.083 0.073 0.066 0.344
2013.9493 50.63 -105.05 0.359 0.748 -4.908 0.077 0.070 0.363
2013.9767 50.63 -105.05 0.504 0.420 -4.487 0.079 0.071 0.368
2014.0041 50.63 -105.05 0.539 0.563 -3.753 0.076 0.069 0.356
2014.0315 50.63 -105.05 0.543 0.380 -4.115 0.079 0.072 0.368
2014.1685 50.63 -105.05 0.418 0.645 -2.836 0.083 0.075 0.389
2014.1959 50.63 -105.05 0.426 0.352 -3.365 0.083 0.076 0.386
2014.2233 50.63 -105.05 0.308 0.386 -5.404 0.079 0.072 0.370
2014.2507 50.63 -105.05 0.312 0.391 -3.490 0.073 0.066 0.342
2014.2781 50.63 -105.05 0.504 0.158 -4.104 0.077 0.070 0.360
2014.3055 50.63 -105.05 0.357 0.517 -5.408 0.074 0.067 0.347
2014.3329 50.63 -105.05 0.391 0.483 -6.698 0.062 0.055 0.293
2014.3603 50.63 -105.05 0.333 0.514 -5.797 0.069 0.062 0.326
2014.3877 50.63 -105.05 0.616 0.604 -6.340 0.069 0.063 0.327
2014.4151 50.63 -105.05 0.413 0.485 -6.969 0.069 0.062 0.326
2014.4425 50.63 -105.05 0.600 0.383 -7.456 0.073 0.066 0.343
2014.4699 50.63 -105.05 0.659 0.258 -6.287 0.073 0.065 0.343
2014.5795 50.63 -105.05 0.833 0.590 -5.151 0.069 0.055 0.317
2014.6068 50.63 -105.05 0.489 0.981 -5.420 0.065 0.058 0.308
2014.6342 50.63 -105.05 0.485 0.772 -5.236 0.060 0.053 0.286
2014.6616 50.63 -105.05 0.029 0.668 -5.582 0.066 0.059 0.311
2014.6890 50.63 -105.05 0.350 1.039 -2.985 0.064 0.057 0.304
2014.7164 50.63 -105.05 0.214 0.945 -4.283 0.063 0.056 0.298
2014.7438 50.63 -105.05 0.220 0.645 -4.596 0.068 0.061 0.319
2014.7712 50.63 -105.05 0.357 0.640 -4.093 0.067 0.060 0.316
2014.7986 50.63 -105.05 0.182 0.798 -3.877 0.061 0.053 0.287
2014.8260 50.63 -105.05 0.344 0.620 -3.141 0.061 0.053 0.287
2014.8534 50.63 -105.05 0.365 0.779 -3.404 0.064 0.056 0.301
2014.8808 50.63 -105.05 0.500 0.663 -5.441 0.064 0.056 0.302
2014.9082 50.63 -105.05 0.450 0.507 -4.692 0.066 0.057 0.307
2015.0452 50.63 -105.05 0.387 0.438 -4.379 0.051 0.041 0.242
2015.0726 50.63 -105.05 0.424 0.432 -5.055 0.055 0.046 0.257
2015.1000 50.63 -105.05 0.553 0.381 -5.898 0.049 0.040 0.235
2015.1274 50.63 -105.05 0.422 0.292 -4.900 0.046 0.038 0.222
2015.1548 50.63 -105.05 0.279 0.066 -7.333 0.053 0.044 0.250
2015.1822 50.63 -105.05 0.294 0.159 -6.271 0.050 0.041 0.238
2015.2096 50.63 -105.05 0.359 0.462 -4.446 0.066 0.054 0.302
2015.2370 50.63 -105.05 0.490 0.295 -5.249 0.069 0.060 0.321
2015.2644 50.63 -105.05 0.733 0.100 -5.596 0.061 0.053 0.289
2015.2918 50.63 -105.05 0.464 0.600 -4.689 0.062 0.054 0.292
2015.3192 50.63 -105.05 0.382 0.228 -4.264 0.059 0.052 0.282
2015.3466 50.63 -105.05 0.329 0.099 -3.836 0.064 0.057 0.303
2015.4836 50.63 -105.05 0.207 0.857 -2.569 0.063 0.049 0.291
2015.5110 50.63 -105.05 0.325 1.066 -3.571 0.059 0.048 0.278
2015.5384 50.63 -105.05 0.331 0.531 -2.073 0.064 0.055 0.301
2015.5658 50.63 -105.05 0.236 0.611 0.596 0.064 0.056 0.299
2015.5932 50.63 -105.05 0.345 0.701 -0.202 0.066 0.058 0.308
2015.6205 50.63 -105.05 0.451 0.730 -1.225 0.064 0.056 0.301
2015.6479 50.63 -105.05 0.254 1.019 -1.867 0.062 0.054 0.292
2015.6753 50.63 -105.05 0.450 0.847 -0.726 0.060 0.052 0.284
2015.7027 50.63 -105.05 0.170 0.678 0.663 0.065 0.057 0.304
2015.7301 50.63 -105.05 0.313 0.771 1.984 0.065 0.057 0.306
2015.9493 50.63 -105.05 0.037 1.252 -2.779 0.063 0.056 0.299
2015.9767 50.63 -105.05 0.512 0.770 -2.719 0.065 0.059 0.308
2016.0041 50.63 -105.05 0.358 1.043 -2.967 0.060 0.053 0.283
2016.0315 50.63 -105.05 0.578 0.249 -3.332 0.057 0.050 0.271
2016.0589 50.63 -105.05 0.611 0.765 -3.973 0.058 0.052 0.277
2016.0863 50.63 -105.05 0.458 0.957 -4.236 0.053 0.047 0.256
2016.1137 50.63 -105.05 0.432 0.821 -4.864 0.059 0.053 0.282
2016.1411 50.63 -105.05 0.229 0.338 -6.253 0.069 0.062 0.324
2016.1685 50.63 -105.05 0.349 0.243 -3.965 0.074 0.067 0.344
2016.1959 50.63 -105.05 0.437 -0.030 -4.166 0.072 0.066 0.339
2016.2233 50.63 -105.05 0.732 -0.542 -2.527 0.073 0.067 0.342
2016.2507 50.63 -105.05 0.734 0.236 -1.376 0.062 0.055 0.294
2016.3603 50.63 -105.05 0.386 0.445 0.362 0.057 0.051 0.274
2016.3877 50.63 -105.05 0.660 0.723 -0.323 0.067 0.060 0.313
2016.4151 50.63 -105.05 0.483 0.303 -1.652 0.066 0.058 0.309
2016.4425 50.63 -105.05 0.321 1.177 -3.342 0.070 0.063 0.327
2016.4699 50.63 -105.05 0.324 0.724 -3.347 0.069 0.062 0.321
