2002.5877 46.30 -120.02 11.59149351697044 10.39227996509795
2002.6151 46.30 -120.02 0.84310407192554 10.12322550920150
2002.6425 46.30 -120.02 -13.11757075834358 10.33693728238508
2002.6699 46.30 -120.02 -42.36577069627086 8.64214804915550
2002.6973 46.30 -120.02 -36.83620686767517 14.03900930414461
2002.7247 46.30 -120.02 -48.45812822829050 9.87057801686712
2002.7521 46.30 -120.02 -46.80159505826255 9.01043613484951
2002.7795 46.30 -120.02 -51.48179644654917 10.27101973577164
2002.8068 46.30 -120.02 -50.48091905803564 9.37629699175823
2002.8342 46.30 -120.02 -36.70029410467441 9.16895765732061
2002.8616 46.30 -120.02 -5.17747836836015 8.82200010504047
2002.8890 46.30 -120.02 -0.71067122025272 9.34489410016513
2002.9164 46.30 -120.02 3.75591851479308 9.64736022769844
2003.0260 46.30 -120.02 11.99895869352679 10.74378905551726
2003.0534 46.30 -120.02 2.13072141924934 18.91164491238544
2003.0808 46.30 -120.02 -35.11145998931241 15.59260272198571
2003.1082 46.30 -120.02 29.76471058088943 8.63352850854320
2003.1356 46.30 -120.02 23.97841808852704 7.94916111359224
2003.1630 46.30 -120.02 3.40428538524791 8.65751929324027
2003.1904 46.30 -120.02 24.28259645037102 10.13742652870255
2003.2178 46.30 -120.02 24.63005568188596 8.51804170092021
2003.2452 46.30 -120.02 32.50222558598910 8.46890673924567
2003.2726 46.30 -120.02 14.07257233058712 8.23867982910478
2003.3000 46.30 -120.02 34.00142290423533 8.08225486150891
2003.3274 46.30 -120.02 49.49487508879401 10.84686835511856
2003.3548 46.30 -120.02 52.56657199939630 12.32576496054638
2003.3822 46.30 -120.02 19.35127284778556 10.54623325141455
2003.5192 46.30 -120.02 -0.64589064407414 12.03868214686253
2003.5466 46.30 -120.02 -6.93663302625079 13.73138823684796
2003.5740 46.30 -120.02 -5.33290354069151 16.45004386987464
2003.6014 46.30 -120.02 -23.80186724445448 13.77979773064476
2003.6288 46.30 -120.02 -22.81379062763849 12.68434148818600
2003.6562 46.30 -120.02 -30.31359603118423 13.88950752089832
2003.6836 46.30 -120.02 -16.39649028981673 13.91111504255639
2003.7110 46.30 -120.02 -29.95184662656806 10.28257889057945
2003.7384 46.30 -120.02 -41.17404561619071 13.03268401688035
2003.7658 46.30 -120.02 -29.46067551347224 11.85752721609318
2003.7932 46.30 -120.02 -11.61136241438970 13.49416876987663
2003.8205 46.30 -120.02 -23.70999138120413 14.34646823993705
2003.8479 46.30 -120.02 -10.36112300432019 12.17391591534448
2003.8753 46.30 -120.02 -14.44997318937540 13.35090985249042
2003.9027 46.30 -120.02 24.90801720017666 11.76202533617718
2003.9301 46.30 -120.02 12.27995448448537 12.52623288943326
2003.9575 46.30 -120.02 34.80250379570358 14.52322982332926
2003.9849 46.30 -120.02 33.88144573977164 13.58045052984060
2004.0123 46.30 -120.02 29.29309085095100 14.59049021800849
2004.0397 46.30 -120.02 28.74022526158864 11.28825253232281
2004.0945 46.30 -120.02 31.78249262340835 10.50267506658451
2004.1219 46.30 -120.02 43.75718626412785 12.00853600771252
2004.1493 46.30 -120.02 44.07737655281186 14.30423365258184
2004.1767 46.30 -120.02 28.31451119583792 15.68953997240024
2004.2041 46.30 -120.02 12.51310289030694 12.35334278328591
2004.2315 46.30 -120.02 22.31011815452391 12.54936782167571
2004.2589 46.30 -120.02 23.07107347805056 12.92437064322242
2004.2863 46.30 -120.02 44.54587432361908 13.00053640676263
2004.3137 46.30 -120.02 33.19363361412876 12.28680086785409
2004.3411 46.30 -120.02 24.21197369186334 13.62362954100177
2004.3685 46.30 -120.02 14.27220050059816 12.88105073162846
2004.3959 46.30 -120.02 -13.15852199730922 11.11497824260604
2004.4233 46.30 -120.02 -5.59230198402174 10.63853929678102
2004.4507 46.30 -120.02 26.64723643385754 9.51683280277737
2004.4781 46.30 -120.02 11.73498744084929 10.57953344942934
2004.5055 46.30 -120.02 -3.43239801437651 10.26379781823747
2004.5329 46.30 -120.02 -12.96439412942174 9.60357381148568
2004.5603 46.30 -120.02 4.16183713281799 9.96500846023840
2004.5877 46.30 -120.02 5.51305039314781 10.01211541383950
2004.6151 46.30 -120.02 -31.67755592059401 11.08896668566650
2004.6425 46.30 -120.02 -33.28260487168510 9.25461565924224
2004.6699 46.30 -120.02 -7.85503103055597 9.23613496013856
2004.6973 46.30 -120.02 -1.09989737652190 8.58297595057924
2004.7247 46.30 -120.02 -18.71686218261392 10.02637037059882
2004.7521 46.30 -120.02 7.71275962760926 9.51442777636841
2004.7795 46.30 -120.02 11.86920104176806 9.34342925749439
2004.8068 46.30 -120.02 -13.01227576774365 10.53310779659692
2004.8342 46.30 -120.02 -6.58740033100348 10.41673862122481
2004.8616 46.30 -120.02 -7.99905969920218 8.98364255183020
2004.8890 46.30 -120.02 -5.54857559349195 9.01529945531748
2004.9164 46.30 -120.02 -18.13997054698213 9.98709839930244
2004.9438 46.30 -120.02 -8.65900562463761 10.80393069296552
2004.9712 46.30 -120.02 -7.97021491662973 10.12242234620162
2004.9973 46.30 -120.02 17.00870845357775 9.61380783379662
2005.0233 46.30 -120.02 27.94165955781504 11.53768348888996
2005.0507 46.30 -120.02 26.43180295551853 17.95349444651343
2005.0781 46.30 -120.02 18.54343085125214 13.15231007421171
2005.1055 46.30 -120.02 26.30405547194020 13.00947006311621
2005.1329 46.30 -120.02 -15.01473954403475 13.34226000000540
2005.1603 46.30 -120.02 -11.94466709220270 11.63586752975351
2005.1877 46.30 -120.02 -3.22192889518254 11.53778874592477
2005.2151 46.30 -120.02 -29.30557432957415 10.65060184958525
2005.2425 46.30 -120.02 -6.52866658040954 10.42868197662947
2005.2699 46.30 -120.02 -8.33134919325319 11.24943831051842
2005.2973 46.30 -120.02 -21.57002280392348 11.96796955206388
2005.3247 46.30 -120.02 -2.59790221239495 12.64194930643416
2005.3521 46.30 -120.02 1.42703960853382 4.48560707716163
2005.3795 46.30 -120.02 0.89216242033114 11.73149456757862
2005.4068 46.30 -120.02 9.52489953983422 10.57113629604771
2005.4342 46.30 -120.02 8.72402171901218 12.11919188593371
2005.4616 46.30 -120.02 -8.09271835593833 11.10693738214268
2005.4890 46.30 -120.02 -17.33356028941048 10.51146452609077
2005.5164 46.30 -120.02 -7.69799847617840 10.44127592124119
2005.5438 46.30 -120.02 -10.79489145365326 11.54133278578366
2005.5712 46.30 -120.02 -25.62759978405004 12.71780265443322
2005.5986 46.30 -120.02 -33.11968960918092 13.00880213365615
2005.6260 46.30 -120.02 -36.01135185342807 11.34008408488004
2005.6534 46.30 -120.02 -41.03338466167276 12.12108682695564
2005.6808 46.30 -120.02 -38.55612114939279 11.82529711659766
2005.7082 46.30 -120.02 -14.85576319648222 14.75550565415139
2005.7356 46.30 -120.02 -41.78967530342525 12.78969226587915
2005.7630 46.30 -120.02 -34.45403975421335 12.80870443181696
2005.7904 46.30 -120.02 -30.03162138763135 11.82275038746784
2005.8178 46.30 -120.02 -33.56728544046192 12.24725677221725
2005.8452 46.30 -120.02 -17.05060776262556 13.09667535847444
2005.8726 46.30 -120.02 7.77259501886564 11.25583867660692
2005.9000 46.30 -120.02 0.28605660210849 10.88228162770212
2005.9274 46.30 -120.02 3.74977219580685 10.77644149141930
2005.9548 46.30 -120.02 22.39328539946222 9.14548596321431
2005.9822 46.30 -120.02 13.29225422968445 9.98824262933836
2006.0096 46.30 -120.02 21.59687098475147 11.44353287799614
2006.0370 46.30 -120.02 38.54024709907482 14.79603691229390
2006.0644 46.30 -120.02 18.36415535185525 14.95139271787552
2006.0918 46.30 -120.02 37.61883303259201 15.06304834908071
2006.1192 46.30 -120.02 54.03340942940108 17.58945617184862
2006.1466 46.30 -120.02 18.65445544378992 13.40134511322916
2006.1740 46.30 -120.02 29.90057552732726 15.63064566135762
2006.2014 46.30 -120.02 31.05593648566046 11.59435068180285
2006.2288 46.30 -120.02 33.45080691678024 15.70706681267053
2006.2562 46.30 -120.02 41.78800062118526 14.84914582866802
2006.2836 46.30 -120.02 26.00772199491443 14.37856580611941
2006.3110 46.30 -120.02 33.08763032244136 15.45308721392438
2006.3384 46.30 -120.02 18.19542475568031 13.92090544672344
2006.3658 46.30 -120.02 -13.99151884769509 15.55478428238764
2006.3932 46.30 -120.02 -2.33391959670733 15.20838551855100
2006.4205 46.30 -120.02 21.18450277173492 15.16103505154188
2006.4479 46.30 -120.02 24.10009224155003 16.18438013173751
2006.4753 46.30 -120.02 19.62445152035359 16.81488828218727
2006.5027 46.30 -120.02 3.04508758951394 17.57758069177833
2006.5301 46.30 -120.02 4.46549031277631 21.37943683190267
2006.5575 46.30 -120.02 -19.51751363420522 16.64886084328197
2006.5849 46.30 -120.02 -2.95602987574548 17.17993185761468
2006.6123 46.30 -120.02 -1.42243546051574 22.13679956011277
2006.6397 46.30 -120.02 -31.53857265188789 18.33375920209504
2006.6671 46.30 -120.02 -25.35077650598975 16.30330105603935
2006.6945 46.30 -120.02 -35.17794553454218 21.45627697287048
2006.7219 46.30 -120.02 -59.16013457353373 19.44338410340070
2006.7493 46.30 -120.02 -32.47043573706625 23.75932671493200
2006.7767 46.30 -120.02 -34.19097775704778 20.66427441311451
2006.8041 46.30 -120.02 -41.62353351478425 16.21103566151652
2006.8315 46.30 -120.02 -24.49064507168451 19.32009972813877
2006.8589 46.30 -120.02 0.00983800943386 18.62170287693026
2006.8863 46.30 -120.02 -7.02358170444902 17.63969314209600
2006.9137 46.30 -120.02 16.21354603455225 16.91555262588220
2006.9411 46.30 -120.02 7.25271373527687 16.53657123187566
2006.9685 46.30 -120.02 28.46052534072808 16.15905902355604
2006.9959 46.30 -120.02 39.00151034022470 15.69956466088367
2007.0233 46.30 -120.02 31.91713119707486 14.27047175070997
2007.0507 46.30 -120.02 27.84493212572275 15.18348125074957
2007.0781 46.30 -120.02 16.28491998588650 16.15638340392401
2007.1055 46.30 -120.02 22.87978904479988 14.19274799432879
2007.1329 46.30 -120.02 28.42705562135245 15.67267012650817
2007.1603 46.30 -120.02 17.70936542583337 14.90948277316176
2007.1877 46.30 -120.02 12.74332577100754 20.32367573772995
2007.2151 46.30 -120.02 -3.81467496748311 17.93664503843171
2007.2425 46.30 -120.02 25.66781084051851 17.15740852426465
2007.2699 46.30 -120.02 22.05157636746154 12.89579684215458
2007.2973 46.30 -120.02 31.42854877463234 12.08100037536881
2007.3247 46.30 -120.02 12.56598671432297 15.47672393064733
2007.3521 46.30 -120.02 4.96039418768389 17.21086607927144
2007.3795 46.30 -120.02 2.90356255205863 18.25089712591945
2007.4068 46.30 -120.02 -1.28933954723649 14.68509017802319
2007.4342 46.30 -120.02 4.89023980202164 13.88104270046468
2007.4616 46.30 -120.02 11.65914895209924 19.25848766893438
2007.4890 46.30 -120.02 -4.50136070192374 13.92118438830442
2007.5164 46.30 -120.02 0.95264382006496 14.95514665181470
2007.5438 46.30 -120.02 -3.99553258047247 14.35889244025147
2007.5712 46.30 -120.02 2.85943936262285 14.76455421116199
2007.5986 46.30 -120.02 -29.68641244676322 18.56432099978711
2007.6260 46.30 -120.02 -25.60569869960150 14.64740648025551
2007.6534 46.30 -120.02 -41.48974759098810 14.95727979318378
2007.6808 46.30 -120.02 -57.32602899350209 15.63725021477206
2007.7082 46.30 -120.02 -44.87653843370269 10.78593541307825
2007.7356 46.30 -120.02 -39.96738253398981 16.06580129500698
2007.7630 46.30 -120.02 -45.66157199065724 11.55627845161168
2007.7904 46.30 -120.02 -32.69593267757804 15.99713908538499
2007.8178 46.30 -120.02 -41.57004704068281 18.84361518310910
2007.8452 46.30 -120.02 -29.13384295083809 14.65160998093532
2007.8726 46.30 -120.02 -27.15092550041613 17.34171897267831
2007.9000 46.30 -120.02 -22.79211068489474 18.29881782003008
2007.9274 46.30 -120.02 5.08705735485926 18.14604223754167
2007.9548 46.30 -120.02 12.87094509490318 13.26549337093188
2007.9822 46.30 -120.02 9.53629964210725 16.74640958538287
2008.0096 46.30 -120.02 23.42013320603667 14.57923897330052
2008.0370 46.30 -120.02 15.92562126721403 15.23670539452405
2008.0644 46.30 -120.02 23.89867906943883 17.95285914436377
2008.0918 46.30 -120.02 53.02583753521928 13.60677531643761
2008.1192 46.30 -120.02 53.35005529731969 16.57551054801361
2008.1466 46.30 -120.02 38.60023167092406 19.60163677522612
2008.1740 46.30 -120.02 52.26278919761148 16.90789974943497
2008.2014 46.30 -120.02 52.48018290010297 18.61481636274254
2008.2288 46.30 -120.02 53.64006505374015 20.65975599038228
2008.2562 46.30 -120.02 32.31217096588482 19.58971442796718
2008.2836 46.30 -120.02 24.55348232972487 23.62275731934381
2008.3110 46.30 -120.02 34.15039552881687 24.69670412037638
2008.3384 46.30 -120.02 13.56294995968803 18.13421349384235
2008.3658 46.30 -120.02 34.66317688906538 18.33766091179601
2008.3932 46.30 -120.02 1.11718271475004 16.29287091738297
2008.4205 46.30 -120.02 23.23947293679232 14.24301561348797
2008.4479 46.30 -120.02 26.99969360192968 14.72974224561473
2008.4753 46.30 -120.02 -17.66137296854334 14.13810415896058
2008.5027 46.30 -120.02 16.43264517881375 17.49434805836591
2008.5301 46.30 -120.02 -20.52920830321086 21.64104282192759
2008.5575 46.30 -120.02 -12.85699581096464 13.64355731281789
2008.5849 46.30 -120.02 10.72035583876728 16.22023128604706
2008.6123 46.30 -120.02 -8.54314690959604 12.94104404325553
2008.6397 46.30 -120.02 -14.90137023953837 14.44974146978135
2008.6671 46.30 -120.02 -18.04157132761802 13.72194569350710
2008.6945 46.30 -120.02 -14.16025570449966 13.21138300718668
2008.7219 46.30 -120.02 -30.58587596456132 15.67890065428997
2008.7493 46.30 -120.02 -29.03821079674194 14.02439483611517
2008.7767 46.30 -120.02 -13.43299251291843 16.85164089958876
2008.8041 46.30 -120.02 -23.35857841171680 17.00475879006141
2008.8315 46.30 -120.02 -31.55502182806047 19.06648724387372
2008.8589 46.30 -120.02 -1.33107751129248 22.30716626391179
2008.8863 46.30 -120.02 4.93419807204060 21.39110133002208
2008.9137 46.30 -120.02 3.51982332886994 20.45848851191820
2008.9411 46.30 -120.02 0.54334232256195 21.08672519144942
2008.9685 46.30 -120.02 13.83266768267109 19.67542446992276
2008.9945 46.30 -120.02 41.26369070712024 16.68172487403635
2009.0205 46.30 -120.02 52.11697365705965 16.57105632895063
2009.0479 46.30 -120.02 50.05567570550306 16.57734266391117
2009.0753 46.30 -120.02 57.76977772227666 15.62032486343878
2009.1027 46.30 -120.02 24.68064368946139 19.86373934535444
2009.1301 46.30 -120.02 20.35670291865233 15.47325761483842
2009.1575 46.30 -120.02 8.66373782956114 15.62961165347954
2009.1849 46.30 -120.02 16.02418252303577 18.68652511260611
2009.2123 46.30 -120.02 20.27570754890064 15.32481097987572
2009.2397 46.30 -120.02 12.59380243661512 17.90088706965425
2009.2671 46.30 -120.02 3.95939439138199 14.79967428733714
2009.2945 46.30 -120.02 26.67154232475106 15.25070623588329
2009.3219 46.30 -120.02 5.16319117139826 15.87530517272457
2009.3493 46.30 -120.02 24.52319467796186 14.43043194419293
2009.3767 46.30 -120.02 13.38513273387331 15.20196714955072
2009.4041 46.30 -120.02 5.36089748970719 13.10090937215508
2009.4315 46.30 -120.02 -8.03242312841372 15.49453143330491
2009.4589 46.30 -120.02 -1.29436848787877 12.68805369531884
2009.4863 46.30 -120.02 -8.38398084009462 14.11975718642908
2009.5137 46.30 -120.02 2.08846986245477 13.22811962619483
2009.5411 46.30 -120.02 -20.62098864312369 16.59576473152780
2009.5685 46.30 -120.02 -2.97888317280363 17.81325126730796
2009.5959 46.30 -120.02 -15.69505418365610 15.43518805497472
2009.6233 46.30 -120.02 -12.60281683907968 16.39968663151769
2009.6507 46.30 -120.02 -42.04456333956607 15.82227627632928
2009.6781 46.30 -120.02 -26.97370694029543 17.14521883299743
2009.7055 46.30 -120.02 -20.95734150668246 18.02898447096400
2009.7329 46.30 -120.02 -41.14024968518512 17.19423629887433
2009.7603 46.30 -120.02 -48.09504645933486 19.68862564084816
2009.7877 46.30 -120.02 -43.29265010258798 18.11108651496948
2009.8151 46.30 -120.02 -27.79819034298369 19.67378711711122
2009.8425 46.30 -120.02 -17.65521807829567 17.70517919734753
2009.8699 46.30 -120.02 9.29431455001508 16.82394775829300
2009.8973 46.30 -120.02 6.09853702147913 15.63918818904263
2009.9247 46.30 -120.02 -8.03115923548714 15.16067307373706
2009.9521 46.30 -120.02 5.26455409779722 14.37305648052190
2009.9795 46.30 -120.02 27.02011200623403 14.78847740542455
2010.0068 46.30 -120.02 15.50027003814034 19.31980320362249
2010.0342 46.30 -120.02 19.20782399476517 14.60530255282799
2010.0616 46.30 -120.02 8.72978155023516 15.09347549243160
2010.0890 46.30 -120.02 -21.05894047607778 18.56552126034345
2010.1164 46.30 -120.02 -11.58346043888701 19.19705212998882
2010.1438 46.30 -120.02 -10.20537557415140 18.14726912697720
2010.1712 46.30 -120.02 24.88032270115149 17.30290352522741
2010.1986 46.30 -120.02 29.81945826001865 16.56226729176140
2010.2260 46.30 -120.02 -12.58363739422138 18.19873550707280
2010.2534 46.30 -120.02 -2.66967180606204 18.68903583690835
2010.2808 46.30 -120.02 -8.42986342613945 14.03701048947128
2010.3082 46.30 -120.02 -9.99388155740347 14.86576732848567
2010.3356 46.30 -120.02 53.01984639307872 13.12579799471787
2010.3630 46.30 -120.02 -1.45244641067648 14.09433741934188
2010.3904 46.30 -120.02 -25.52512326676569 14.24399807935877
2010.4178 46.30 -120.02 -5.04515258047270 15.09804801993206
2010.4452 46.30 -120.02 -1.91265759548640 13.10080501108470
2010.4726 46.30 -120.02 -10.27529872812699 11.61052936091159
2010.5000 46.30 -120.02 -0.16776322689545 13.45879029873846
2010.5274 46.30 -120.02 -8.17499366558846 22.55407965363495
2010.5548 46.30 -120.02 -20.06855326148166 13.94441919122639
2010.5822 46.30 -120.02 -14.87888935996838 12.46016816598278
2010.6096 46.30 -120.02 -29.50624519818337 16.72191963718497
2010.6370 46.30 -120.02 -19.33885603990347 14.67469597838321
2010.6644 46.30 -120.02 -48.08200680665804 13.61615232561845
2010.6918 46.30 -120.02 -25.54554783208703 16.83533729374605
2010.7192 46.30 -120.02 -35.74850220715598 15.60036854906211
2010.7466 46.30 -120.02 -26.61241131622160 18.50094388451629
2010.7740 46.30 -120.02 -41.62641307189647 14.39347336500599
2010.8014 46.30 -120.02 -19.16855846674084 13.80471117617027
2010.8288 46.30 -120.02 0.47621604566247 16.05713773554394
2010.8562 46.30 -120.02 -10.85400473810563 15.67938192825872
2010.8836 46.30 -120.02 -14.63644038825032 14.26426929772983
2010.9110 46.30 -120.02 -2.92561532980916 15.89306852075581
2010.9384 46.30 -120.02 29.04829809509454 16.59373633362113
2010.9658 46.30 -120.02 35.91115628480072 18.43993634851743
2010.9932 46.30 -120.02 26.17152510863034 13.42488251013912
2011.1027 46.30 -120.02 45.93498273829113 13.42121437576989
2011.1301 46.30 -120.02 31.44992258721302 21.90941334270373
2011.1575 46.30 -120.02 23.43012402614007 14.04556908267373
2011.1849 46.30 -120.02 33.85006628482596 10.72786645256183
2011.2123 46.30 -120.02 16.42000995422363 18.58010091799412
2011.2397 46.30 -120.02 6.47889749776014 19.54221435536271
2011.2671 46.30 -120.02 33.79095849936171 15.41451647134273
2011.2945 46.30 -120.02 24.46640788464887 18.34872636375755
2011.3219 46.30 -120.02 22.37659349357915 17.11362914271071
2011.3493 46.30 -120.02 26.82140968752956 15.07767574915259
2011.3767 46.30 -120.02 47.66557577349203 18.01859522624398
2011.4041 46.30 -120.02 53.74134638495322 15.50841584558994
2011.4315 46.30 -120.02 43.79189765472337 15.23664812214274
2011.5137 46.30 -120.02 15.77662955099621 13.91494353870372
2011.5411 46.30 -120.02 -5.30976883649142 15.11518296557190
2011.5685 46.30 -120.02 -4.47495030683180 14.59011651145422
2011.5959 46.30 -120.02 -13.45391049360951 15.83194174580795
2011.6233 46.30 -120.02 -12.62725783860358 15.69181434351943
2011.6507 46.30 -120.02 -43.64684013838578 19.18420541788274
2011.6781 46.30 -120.02 -14.96248030642655 17.78192396529337
2011.7055 46.30 -120.02 -31.47790888830383 17.87801932008975
2011.7329 46.30 -120.02 -10.34344421619916 21.01201729405073
2011.7603 46.30 -120.02 -13.98116021999897 17.80247846123042
2011.7877 46.30 -120.02 -12.13846251164725 19.07982295894076
2011.8151 46.30 -120.02 -14.40081414832536 18.62705400855112
2011.8425 46.30 -120.02 16.87614596417988 20.46707622789881
2011.8699 46.30 -120.02 22.59182448682253 18.91201704430792
2011.9521 46.30 -120.02 4.98482858573520 11.64091511634996
2011.9795 46.30 -120.02 -18.20103429049187 16.04551068009578
2012.0068 46.30 -120.02 20.17079721057687 14.76559378605170
2012.0342 46.30 -120.02 -23.83064363023131 17.88575704728953
2012.0616 46.30 -120.02 10.62737606529971 15.44685693695119
2012.0890 46.30 -120.02 8.73871605077398 15.16687588090882
2012.1164 46.30 -120.02 9.07843937140293 14.74702892979939
2012.1438 46.30 -120.02 8.81837796627006 15.26633723659029
2012.1712 46.30 -120.02 -8.52481102835591 14.37044006497557
2012.1986 46.30 -120.02 50.84152842630018 12.87667747887678
2012.2260 46.30 -120.02 14.25257030433304 13.33597789958134
2012.2534 46.30 -120.02 23.06790142405665 12.93168798677065
2012.2808 46.30 -120.02 17.06043152302624 11.98152821287932
2012.3082 46.30 -120.02 27.43546786894727 13.87949912042190
2012.3904 46.30 -120.02 28.90786192110395 14.16360054960401
2012.4178 46.30 -120.02 8.85191048254886 10.86240389691232
2012.4452 46.30 -120.02 3.93408667230967 10.67163275189699
2012.4726 46.30 -120.02 -1.47575878358953 11.64743625103599
2012.5000 46.30 -120.02 0.83749893778475 10.98227805473153
2012.5274 46.30 -120.02 9.35809752540403 11.78817268896611
2012.5548 46.30 -120.02 4.60306353058447 11.79034848028313
2012.5822 46.30 -120.02 -9.80285084323096 12.61997950109355
2012.6096 46.30 -120.02 -11.30657724258772 12.61081899817057
2012.6370 46.30 -120.02 -17.87379045629116 11.49704157769786
2012.6644 46.30 -120.02 -33.41651100059656 12.74049475325232
2012.6918 46.30 -120.02 -19.47355072185327 13.20220249946498
2012.7192 46.30 -120.02 -20.76513965155772 16.32816150377549
2012.7466 46.30 -120.02 -32.35268736648482 10.76568771722637
2012.8562 46.30 -120.02 -1.38928150998896 16.75843850363590
2012.8836 46.30 -120.02 -2.68350000164689 15.84638763383939
2012.9110 46.30 -120.02 14.47694498600227 14.95429657976147
2012.9384 46.30 -120.02 21.96671824297082 14.08269303370310
2012.9658 46.30 -120.02 15.19583677602953 16.29157889778025
2012.9918 46.30 -120.02 34.84144683200291 7.55720173364988
2013.0178 46.30 -120.02 33.89406136587124 9.15580393828447
2013.0452 46.30 -120.02 1.56094885352157 9.06403377527312
2013.0726 46.30 -120.02 -10.79635317197808 8.26120090615404
2013.1000 46.30 -120.02 26.17414676136072 8.50792256106997
2013.1274 46.30 -120.02 20.94409700228671 7.77192976766848
2013.1548 46.30 -120.02 27.55991283884200 7.00117032318215
2013.2644 46.30 -120.02 -22.39705802876254 8.05913893427824
2013.2918 46.30 -120.02 13.93111235063785 8.05614544683970
2013.3192 46.30 -120.02 23.77357576716757 9.05047182770901
2013.3466 46.30 -120.02 6.82868716792303 9.33094559321370
2013.3740 46.30 -120.02 -2.48066414924697 7.82223563376077
2013.4014 46.30 -120.02 21.07525497066947 8.12286113965583
2013.4288 46.30 -120.02 9.39686615925804 6.97320593657692
2013.4562 46.30 -120.02 1.37450893465659 7.09271634129160
2013.4836 46.30 -120.02 -11.94308169476074 7.33829340681869
2013.5110 46.30 -120.02 19.37595180452009 8.45147091063446
2013.5384 46.30 -120.02 15.13154933204726 8.11378660076974
2013.5658 46.30 -120.02 0.45079135906193 8.61459113093579
2013.7575 46.30 -120.02 -33.41623117315891 8.03770475643151
2013.7849 46.30 -120.02 -54.04925241724112 8.44565800413350
2013.8123 46.30 -120.02 -33.51047874289819 7.67739025342536
2013.8397 46.30 -120.02 -48.44365855955225 7.81608280762440
2013.8671 46.30 -120.02 -61.98902980066359 8.33614608624365
2013.8945 46.30 -120.02 -33.37286660247903 7.80262666850778
2013.9219 46.30 -120.02 -27.27982592491993 6.75922864181249
2013.9493 46.30 -120.02 -13.20888729089158 7.36583324882750
2013.9767 46.30 -120.02 -7.21545115303643 7.31809469372423
2014.0041 46.30 -120.02 -6.77275686680749 7.09542780936846
2014.0315 46.30 -120.02 -7.59395785525902 7.51945215142810
2014.1685 46.30 -120.02 5.36485231106085 7.80317182331100
2014.1959 46.30 -120.02 12.00446148467730 8.19728597493803
2014.2233 46.30 -120.02 -0.75032931168414 7.67219447568863
2014.2507 46.30 -120.02 26.33727452859000 6.92015955094302
2014.2781 46.30 -120.02 9.30938853085058 7.39302265898562
2014.3055 46.30 -120.02 13.82223427535902 7.03026183089454
2014.3329 46.30 -120.02 -13.57152271641322 5.54983826196504
2014.3603 46.30 -120.02 0.67376539818220 6.50976627054838
2014.3877 46.30 -120.02 -4.61881602683585 6.53132457027941
2014.4151 46.30 -120.02 -11.48840070673074 6.45247305133923
2014.4425 46.30 -120.02 15.09374019064821 6.92677753136148
2014.4699 46.30 -120.02 11.25641939919496 6.80216979698765
2014.5795 46.30 -120.02 -13.81822794600415 5.38839068718796
2014.6068 46.30 -120.02 -42.97738120670267 5.96607039121893
2014.6342 46.30 -120.02 -54.99051290326898 5.25950177855067
2014.6616 46.30 -120.02 6.08240572205626 6.07897319823424
2014.6890 46.30 -120.02 -42.87655771074284 5.91354996475407
2014.7164 46.30 -120.02 -54.38995295016441 5.76773264580479
2014.7438 46.30 -120.02 -10.50435650845685 6.40935820501141
2014.7712 46.30 -120.02 -23.45735373360291 6.33250477243462
2014.7986 46.30 -120.02 -15.10587412304596 5.44637595710186
2014.8260 46.30 -120.02 -9.18664457960420 5.40092233948590
2014.8534 46.30 -120.02 -10.64498997051438 5.77343683873920
2014.8808 46.30 -120.02 11.32390878402439 5.78352704329083
2014.9082 46.30 -120.02 11.02262180221096 5.92106401430023
2015.0452 46.30 -120.02 9.41466228836441 4.13161208089205
2015.0726 46.30 -120.02 -3.32097119397197 4.77313409433366
2015.1000 46.30 -120.02 -0.37231198505094 4.01338593874931
2015.1274 46.30 -120.02 0.94712516907093 3.69413266153823
2015.1548 46.30 -120.02 -14.86112101764678 4.58598476035751
2015.1822 46.30 -120.02 11.82366521566886 4.18176694595962
2015.2096 46.30 -120.02 7.94602447628573 6.02533382655274
2015.2370 46.30 -120.02 -8.27690013020139 6.60118061122589
2015.2644 46.30 -120.02 -13.79449724323559 5.62924589817856
2015.2918 46.30 -120.02 -10.96785015480710 5.54164360353582
2015.3192 46.30 -120.02 -13.50135794167173 5.32872279533238
2015.3466 46.30 -120.02 -17.44930194794736 5.88711268147604
2015.4836 46.30 -120.02 -23.54817433273712 4.88058628130424
2015.5110 46.30 -120.02 -20.37551140410708 4.78881065118869
2015.5384 46.30 -120.02 -17.73057313709319 5.50463132484805
2015.5658 46.30 -120.02 -26.03132686120246 5.84283712332659
2015.5932 46.30 -120.02 -34.66746369686967 6.18795270934257
2015.6205 46.30 -120.02 -18.82698089940153 5.83312143537204
2015.6479 46.30 -120.02 -35.03194358892183 5.70190048580056
2015.6753 46.30 -120.02 -47.80751780638097 5.33874865611855
2015.7027 46.30 -120.02 -31.40423401374704 6.06887587830165
2015.7301 46.30 -120.02 -51.47445419135845 5.95084678947848
2015.9493 46.30 -120.02 19.79250189622605 5.66347280941907
2015.9767 46.30 -120.02 15.02045730843126 6.25537954238557
2016.0041 46.30 -120.02 13.92628157698562 5.52737852703567
2016.0315 46.30 -120.02 28.99317153844672 5.25593701542858
2016.0589 46.30 -120.02 28.30641615787666 5.37339347193106
2016.0863 46.30 -120.02 9.41158776053253 4.66199624294823
2016.1137 46.30 -120.02 15.01016907678743 5.50052802465201
2016.1411 46.30 -120.02 28.48802727944149 6.80041699170452
2016.1685 46.30 -120.02 24.61202969091392 7.48461498902579
2016.1959 46.30 -120.02 44.36226290896342 7.34550994895550
2016.2233 46.30 -120.02 12.25199881834633 7.47497942370449
2016.2507 46.30 -120.02 11.20571078815144 5.63557050975191
2016.3603 46.30 -120.02 -21.23978610235222 5.29133150351280
2016.3877 46.30 -120.02 -3.17758718757576 6.52927854293679
2016.4151 46.30 -120.02 -28.90693234410622 6.32836139525773
2016.4425 46.30 -120.02 -25.55018665926103 6.96345763465669
2016.4699 46.30 -120.02 -8.53650904794028 6.80904545765445
