2002.5877 49.20 15.88 0.417 -0.379 2.689 0.116 0.104 0.539
2002.6151 49.20 15.88 0.357 0.393 -0.574 0.111 0.100 0.516
2002.6425 49.20 15.88 0.326 -0.392 0.415 0.113 0.102 0.526
2002.6699 49.20 15.88 0.043 -0.291 2.307 0.098 0.088 0.460
2002.6973 49.20 15.88 0.028 -0.638 4.255 0.176 0.094 0.684
2002.7247 49.20 15.88 0.016 -0.818 1.070 0.105 0.096 0.489
2002.7521 49.20 15.88 -0.123 -0.455 0.255 0.097 0.089 0.456
2002.7795 49.20 15.88 -0.132 -0.684 1.455 0.113 0.103 0.527
2002.8068 49.20 15.88 -0.307 -0.745 -2.901 0.101 0.091 0.471
2002.8342 49.20 15.88 -0.006 -0.534 -4.801 0.099 0.090 0.465
2002.8616 49.20 15.88 0.167 -0.773 -2.545 0.104 0.085 0.473
2002.8890 49.20 15.88 -0.271 -1.125 -3.009 0.101 0.091 0.470
2002.9164 49.20 15.88 -0.226 -0.785 -4.618 0.108 0.096 0.504
2003.0260 49.20 15.88 0.156 -0.173 -4.270 0.123 0.110 0.570
2003.0534 49.20 15.88 0.128 0.024 -4.744 0.198 0.180 0.902
2003.0808 49.20 15.88 0.207 -0.515 -5.023 0.178 0.155 0.812
2003.1082 49.20 15.88 -0.249 -0.221 -4.728 0.104 0.091 0.487
2003.1356 49.20 15.88 0.055 -0.278 -6.430 0.097 0.084 0.455
2003.1630 49.20 15.88 -0.242 -0.161 -4.664 0.102 0.090 0.479
2003.1904 49.20 15.88 -0.050 -0.260 -6.750 0.121 0.104 0.557
2003.2178 49.20 15.88 0.241 -0.194 -3.874 0.101 0.089 0.472
2003.2452 49.20 15.88 0.154 0.013 -2.819 0.098 0.087 0.461
2003.2726 49.20 15.88 0.297 -0.054 -1.932 0.096 0.085 0.450
2003.3000 49.20 15.88 0.262 0.085 -1.555 0.093 0.083 0.440
2003.3274 49.20 15.88 0.213 0.124 -1.954 0.121 0.109 0.564
2003.3548 49.20 15.88 0.382 -0.066 0.582 0.132 0.120 0.610
2003.3822 49.20 15.88 0.422 0.061 1.398 0.122 0.108 0.569
2003.5192 49.20 15.88 0.447 -0.489 0.269 0.125 0.115 0.580
2003.5466 49.20 15.88 0.472 -0.346 2.786 0.138 0.128 0.636
2003.5740 49.20 15.88 0.366 -0.751 2.232 0.160 0.149 0.734
2003.6014 49.20 15.88 0.430 -0.357 3.340 0.138 0.128 0.636
2003.6288 49.20 15.88 0.169 -1.235 3.315 0.132 0.121 0.608
2003.6562 49.20 15.88 0.488 -0.871 5.051 0.141 0.130 0.649
2003.6836 49.20 15.88 0.479 -1.266 4.897 0.139 0.128 0.637
2003.7110 49.20 15.88 0.183 -0.660 4.587 0.110 0.099 0.510
2003.7384 49.20 15.88 0.085 -1.069 4.825 0.132 0.121 0.607
2003.7658 49.20 15.88 0.072 -0.769 5.047 0.122 0.111 0.560
2003.7932 49.20 15.88 0.190 -0.692 4.237 0.135 0.124 0.621
2003.8205 49.20 15.88 -0.141 -0.423 4.107 0.148 0.131 0.667
2003.8479 49.20 15.88 -0.331 -0.354 3.475 0.131 0.114 0.593
2003.8753 49.20 15.88 -0.250 -0.512 1.885 0.136 0.122 0.618
2003.9027 49.20 15.88 -0.256 -0.197 2.000 0.125 0.111 0.572
2003.9301 49.20 15.88 -0.396 -0.387 1.187 0.130 0.115 0.591
2003.9575 49.20 15.88 -0.323 -0.359 -0.316 0.145 0.129 0.654
2003.9849 49.20 15.88 -0.269 -0.209 -1.092 0.138 0.122 0.623
2004.0123 49.20 15.88 -0.361 -0.187 -0.824 0.149 0.130 0.667
2004.0397 49.20 15.88 -0.286 -0.652 -1.216 0.127 0.112 0.585
2004.0945 49.20 15.88 -0.082 -0.004 -3.310 0.119 0.104 0.546
2004.1219 49.20 15.88 -0.031 0.086 -3.194 0.126 0.109 0.566
2004.1493 49.20 15.88 -0.145 -0.280 -1.857 0.148 0.127 0.659
2004.1767 49.20 15.88 -0.305 0.245 -3.460 0.157 0.135 0.695
2004.2041 49.20 15.88 -0.152 0.215 -2.116 0.129 0.110 0.577
2004.2315 49.20 15.88 -0.135 0.705 -0.761 0.132 0.112 0.585
2004.2589 49.20 15.88 -0.237 0.259 -3.893 0.136 0.115 0.604
2004.2863 49.20 15.88 -0.237 0.410 -1.775 0.137 0.115 0.606
2004.3137 49.20 15.88 -0.466 0.990 -1.639 0.130 0.109 0.578
2004.3411 49.20 15.88 0.128 0.764 -0.289 0.143 0.119 0.628
2004.3685 49.20 15.88 -0.006 0.531 -0.220 0.138 0.116 0.614
2004.3959 49.20 15.88 0.185 0.151 -0.382 0.121 0.104 0.547
2004.4233 49.20 15.88 0.173 0.303 -1.149 0.117 0.099 0.526
2004.4507 49.20 15.88 -0.280 0.266 -1.985 0.104 0.088 0.469
2004.4781 49.20 15.88 0.135 -0.364 -0.840 0.114 0.096 0.511
2004.5055 49.20 15.88 0.027 -0.176 -0.577 0.112 0.094 0.500
2004.5329 49.20 15.88 0.027 -0.226 0.264 0.106 0.089 0.477
2004.5603 49.20 15.88 -0.077 -0.513 2.390 0.109 0.091 0.487
2004.5877 49.20 15.88 -0.152 -0.543 3.288 0.110 0.092 0.494
2004.6151 49.20 15.88 -0.063 0.407 3.180 0.121 0.102 0.541
2004.6425 49.20 15.88 -0.215 -0.386 3.672 0.103 0.088 0.469
2004.6699 49.20 15.88 -0.107 -0.580 3.689 0.103 0.088 0.471
2004.6973 49.20 15.88 -0.016 -0.467 2.768 0.097 0.083 0.445
2004.7247 49.20 15.88 -0.144 -0.693 2.321 0.111 0.095 0.502
2004.7521 49.20 15.88 -0.109 -0.742 2.996 0.106 0.092 0.486
2004.7795 49.20 15.88 0.035 -0.637 2.516 0.104 0.088 0.471
2004.8068 49.20 15.88 -0.067 -0.402 2.928 0.115 0.097 0.515
2004.8342 49.20 15.88 -0.290 -0.265 1.064 0.113 0.095 0.508
2004.8616 49.20 15.88 -0.174 -0.348 -0.177 0.100 0.086 0.458
2004.8890 49.20 15.88 -0.017 -0.178 -0.130 0.100 0.085 0.456
2004.9164 49.20 15.88 0.060 -0.009 -1.022 0.109 0.092 0.491
2004.9438 49.20 15.88 -0.069 -0.105 -0.660 0.121 0.104 0.548
2004.9712 49.20 15.88 0.043 0.081 -0.228 0.109 0.091 0.488
2004.9973 49.20 15.88 0.014 -0.124 -1.312 0.106 0.090 0.479
2005.0233 49.20 15.88 0.229 0.219 -0.939 0.121 0.102 0.539
2005.0507 49.20 15.88 0.118 0.077 -1.608 0.175 0.147 0.764
2005.0781 49.20 15.88 -0.113 0.468 -2.285 0.135 0.113 0.594
2005.1055 49.20 15.88 -0.195 0.531 -2.040 0.134 0.113 0.592
2005.1329 49.20 15.88 0.102 0.637 -0.982 0.137 0.116 0.606
2005.1603 49.20 15.88 -0.168 1.079 -2.538 0.123 0.105 0.550
2005.1877 49.20 15.88 -0.411 0.934 -3.641 0.124 0.105 0.557
2005.2151 49.20 15.88 0.129 1.027 -5.132 0.117 0.101 0.531
2005.2425 49.20 15.88 0.002 1.255 -4.624 0.113 0.097 0.510
2005.2699 49.20 15.88 -0.175 1.221 -3.008 0.120 0.103 0.541
2005.2973 49.20 15.88 -0.171 0.898 -5.062 0.127 0.109 0.569
2005.3247 49.20 15.88 -0.360 0.540 -2.298 0.134 0.115 0.598
2005.3521 49.20 15.88 -0.071 0.904 -3.634 0.059 0.051 0.294
2005.3795 49.20 15.88 -0.117 0.955 -3.046 0.125 0.108 0.564
2005.4068 49.20 15.88 -0.070 0.587 -0.641 0.115 0.100 0.523
2005.4342 49.20 15.88 -0.049 -0.053 -0.865 0.132 0.115 0.598
2005.4616 49.20 15.88 0.024 0.503 0.452 0.120 0.104 0.542
2005.4890 49.20 15.88 0.074 0.583 1.302 0.113 0.098 0.516
2005.5164 49.20 15.88 -0.204 0.202 0.529 0.113 0.098 0.515
2005.5438 49.20 15.88 -0.380 0.213 1.672 0.122 0.107 0.554
2005.5712 49.20 15.88 -0.459 -0.013 0.291 0.133 0.116 0.599
2005.5986 49.20 15.88 -0.292 0.327 -1.485 0.135 0.119 0.612
2005.6260 49.20 15.88 -0.287 0.117 0.341 0.120 0.106 0.546
2005.6534 49.20 15.88 -0.352 0.023 -1.196 0.126 0.111 0.572
2005.6808 49.20 15.88 -0.428 0.191 -0.282 0.124 0.109 0.564
2005.7082 49.20 15.88 -0.350 -0.240 -0.785 0.149 0.133 0.671
2005.7356 49.20 15.88 -0.508 -0.217 -0.551 0.131 0.117 0.595
2005.7630 49.20 15.88 -0.451 -0.179 -0.499 0.131 0.117 0.597
2005.7904 49.20 15.88 -0.496 -0.706 0.454 0.123 0.110 0.564
2005.8178 49.20 15.88 -0.540 -0.603 -0.994 0.126 0.113 0.577
2005.8452 49.20 15.88 -0.367 0.088 0.945 0.136 0.122 0.619
2005.8726 49.20 15.88 -0.373 -0.672 -0.605 0.118 0.105 0.539
2005.9000 49.20 15.88 -0.490 -0.452 0.380 0.115 0.103 0.529
2005.9274 49.20 15.88 -0.816 -0.157 -0.614 0.122 0.106 0.561
2005.9548 49.20 15.88 -0.758 0.155 -1.727 0.119 0.103 0.569
2005.9822 49.20 15.88 -0.569 0.305 -1.464 0.115 0.101 0.532
2006.0096 49.20 15.88 -0.619 0.243 -3.310 0.124 0.110 0.568
2006.0370 49.20 15.88 -0.734 0.200 -3.116 0.155 0.139 0.704
2006.0644 49.20 15.88 -0.579 0.491 -3.771 0.157 0.141 0.716
2006.0918 49.20 15.88 -0.477 0.262 -4.049 0.155 0.141 0.709
2006.1192 49.20 15.88 -0.678 0.490 -4.162 0.175 0.159 0.794
2006.1466 49.20 15.88 -0.536 0.702 -6.816 0.138 0.126 0.634
2006.1740 49.20 15.88 -0.839 0.355 -7.985 0.154 0.141 0.702
2006.2014 49.20 15.88 -0.770 0.748 -6.768 0.121 0.110 0.556
2006.2288 49.20 15.88 -0.795 0.543 -8.324 0.154 0.142 0.707
2006.2562 49.20 15.88 -0.587 0.333 -4.829 0.145 0.134 0.663
2006.2836 49.20 15.88 -0.639 0.745 -4.875 0.142 0.131 0.651
2006.3110 49.20 15.88 -0.708 1.050 -2.776 0.151 0.140 0.693
2006.3384 49.20 15.88 -0.799 0.873 -3.117 0.137 0.127 0.630
2006.3658 49.20 15.88 -0.574 0.915 -1.589 0.151 0.141 0.696
2006.3932 49.20 15.88 -0.279 0.700 -0.930 0.149 0.139 0.686
2006.4205 49.20 15.88 -0.499 0.631 -1.587 0.150 0.140 0.690
2006.4479 49.20 15.88 -0.748 0.511 -0.835 0.166 0.151 0.758
2006.4753 49.20 15.88 -0.451 0.255 0.946 0.167 0.155 0.767
2006.5027 49.20 15.88 -0.708 0.600 0.533 0.173 0.161 0.793
2006.5301 49.20 15.88 -0.695 0.605 1.273 0.204 0.192 0.934
2006.5575 49.20 15.88 -0.480 -0.016 4.308 0.163 0.153 0.751
2006.5849 49.20 15.88 -0.519 0.057 3.268 0.168 0.157 0.771
2006.6123 49.20 15.88 -0.578 0.209 0.499 0.205 0.194 0.937
2006.6397 49.20 15.88 -0.474 -0.014 -0.813 0.174 0.164 0.801
2006.6671 49.20 15.88 -0.363 -0.548 -0.265 0.159 0.149 0.732
2006.6945 49.20 15.88 -0.124 -0.222 -0.845 0.202 0.190 0.925
2006.7219 49.20 15.88 -0.393 -0.432 0.481 0.191 0.178 0.874
2006.7493 49.20 15.88 -0.270 -0.925 0.965 0.227 0.212 1.035
2006.7767 49.20 15.88 0.247 -0.255 3.441 0.197 0.184 0.899
2006.8041 49.20 15.88 -0.140 -0.572 2.525 0.159 0.148 0.731
2006.8315 49.20 15.88 0.056 -0.561 1.623 0.184 0.173 0.844
2006.8589 49.20 15.88 0.193 -0.116 1.948 0.180 0.168 0.823
2006.8863 49.20 15.88 -0.105 -0.132 0.397 0.173 0.160 0.791
2006.9137 49.20 15.88 0.149 -0.028 1.050 0.168 0.156 0.772
2006.9411 49.20 15.88 0.023 0.251 0.179 0.166 0.153 0.759
2006.9685 49.20 15.88 0.297 0.212 0.177 0.166 0.151 0.758
2006.9959 49.20 15.88 0.339 0.022 0.551 0.166 0.149 0.756
2007.0233 49.20 15.88 0.354 -0.109 -0.231 0.155 0.138 0.707
2007.0507 49.20 15.88 0.426 0.237 -1.654 0.161 0.144 0.734
2007.0781 49.20 15.88 0.473 0.400 -2.169 0.164 0.150 0.749
2007.1055 49.20 15.88 0.758 0.147 -1.576 0.146 0.134 0.673
2007.1329 49.20 15.88 0.354 0.463 -4.045 0.160 0.146 0.731
2007.1603 49.20 15.88 0.354 0.827 -3.983 0.151 0.139 0.696
2007.1877 49.20 15.88 0.290 0.686 -5.955 0.194 0.181 0.887
2007.2151 49.20 15.88 0.309 0.462 -4.303 0.173 0.162 0.793
2007.2425 49.20 15.88 0.191 0.944 -3.098 0.166 0.155 0.763
2007.2699 49.20 15.88 0.143 0.824 -0.867 0.134 0.123 0.618
2007.2973 49.20 15.88 0.141 0.891 0.404 0.126 0.116 0.584
2007.3247 49.20 15.88 0.361 1.186 0.472 0.153 0.142 0.705
2007.3521 49.20 15.88 0.259 0.681 0.564 0.167 0.156 0.768
2007.3795 49.20 15.88 0.357 0.588 1.336 0.175 0.164 0.804
2007.4068 49.20 15.88 0.152 0.471 2.057 0.147 0.136 0.677
2007.4342 49.20 15.88 0.269 0.431 3.149 0.141 0.130 0.649
2007.4616 49.20 15.88 0.058 0.490 3.284 0.183 0.172 0.839
2007.4890 49.20 15.88 0.094 -0.033 0.274 0.142 0.130 0.654
2007.5164 49.20 15.88 0.239 -0.360 0.853 0.149 0.138 0.687
2007.5438 49.20 15.88 0.391 -0.642 2.192 0.145 0.134 0.668
2007.5712 49.20 15.88 0.582 -0.722 2.923 0.149 0.138 0.686
2007.5986 49.20 15.88 0.736 -0.798 3.560 0.182 0.169 0.832
2007.6260 49.20 15.88 0.630 -0.892 3.349 0.149 0.137 0.686
2007.6534 49.20 15.88 0.405 -0.907 4.007 0.152 0.139 0.696
2007.6808 49.20 15.88 0.362 -1.009 3.411 0.160 0.146 0.732
2007.7082 49.20 15.88 0.443 -0.861 3.225 0.120 0.107 0.556
2007.7356 49.20 15.88 0.445 -0.649 3.717 0.164 0.150 0.751
2007.7630 49.20 15.88 0.094 -0.556 3.123 0.128 0.115 0.592
2007.7904 49.20 15.88 0.297 -0.665 1.963 0.161 0.148 0.738
2007.8178 49.20 15.88 0.102 -0.493 3.479 0.185 0.171 0.843
2007.8452 49.20 15.88 0.078 -0.408 1.245 0.151 0.139 0.696
2007.8726 49.20 15.88 0.148 -0.283 -1.253 0.176 0.162 0.805
2007.9000 49.20 15.88 0.015 -0.328 -1.562 0.189 0.168 0.852
2007.9274 49.20 15.88 0.340 -0.629 -0.494 0.182 0.169 0.833
2007.9548 49.20 15.88 0.157 -0.213 -1.768 0.137 0.126 0.634
2007.9822 49.20 15.88 -0.054 -0.214 -2.420 0.168 0.156 0.771
2008.0096 49.20 15.88 -0.089 -0.114 -1.375 0.147 0.137 0.679
2008.0370 49.20 15.88 0.120 0.093 -2.086 0.151 0.141 0.697
2008.0644 49.20 15.88 0.223 -0.393 -2.689 0.173 0.163 0.797
2008.0918 49.20 15.88 0.262 0.052 -0.933 0.141 0.130 0.650
2008.1192 49.20 15.88 0.332 -0.072 -0.430 0.163 0.153 0.753
2008.1466 49.20 15.88 0.608 0.151 0.022 0.189 0.178 0.870
2008.1740 49.20 15.88 0.671 0.712 -0.714 0.166 0.156 0.765
2008.2014 49.20 15.88 0.615 0.175 -0.577 0.177 0.167 0.814
2008.2288 49.20 15.88 0.140 0.133 -3.284 0.209 0.194 0.957
2008.2562 49.20 15.88 0.353 0.568 -0.941 0.194 0.181 0.889
2008.2836 49.20 15.88 0.151 0.342 -1.389 0.233 0.218 1.066
2008.3110 49.20 15.88 0.157 0.518 -0.093 0.240 0.225 1.097
2008.3384 49.20 15.88 0.461 0.650 -0.853 0.178 0.166 0.816
2008.3658 49.20 15.88 0.346 0.529 1.989 0.182 0.169 0.835
2008.3932 49.20 15.88 0.391 0.324 -1.554 0.167 0.154 0.765
2008.4205 49.20 15.88 -0.129 -0.027 -0.534 0.146 0.134 0.671
2008.4479 49.20 15.88 0.351 -0.264 0.057 0.148 0.136 0.678
2008.4753 49.20 15.88 0.214 -0.230 0.692 0.144 0.132 0.660
2008.5027 49.20 15.88 0.140 -0.397 2.562 0.176 0.161 0.802
2008.5301 49.20 15.88 -0.005 -0.472 1.879 0.218 0.200 0.993
2008.5575 49.20 15.88 0.055 -0.288 3.921 0.144 0.130 0.659
2008.5849 49.20 15.88 0.097 -0.418 3.870 0.161 0.147 0.733
2008.6123 49.20 15.88 -0.071 -0.545 4.077 0.136 0.123 0.622
2008.6397 49.20 15.88 -0.078 -0.618 3.128 0.148 0.135 0.677
2008.6671 49.20 15.88 0.007 -0.475 4.743 0.142 0.129 0.652
2008.6945 49.20 15.88 0.164 -0.453 3.399 0.138 0.125 0.632
2008.7219 49.20 15.88 -0.273 -0.330 3.314 0.157 0.144 0.719
2008.7493 49.20 15.88 -0.108 -0.648 3.920 0.142 0.131 0.654
2008.7767 49.20 15.88 0.148 -0.908 3.488 0.165 0.153 0.755
2008.8041 49.20 15.88 0.215 -0.614 3.624 0.166 0.154 0.759
2008.8315 49.20 15.88 0.128 -0.584 3.215 0.187 0.174 0.857
2008.8589 49.20 15.88 -0.007 -0.597 3.763 0.218 0.204 0.998
2008.8863 49.20 15.88 0.247 -0.832 3.717 0.210 0.196 0.958
2008.9137 49.20 15.88 -0.046 -0.448 1.313 0.199 0.186 0.912
2008.9411 49.20 15.88 -0.113 -0.635 0.505 0.209 0.195 0.958
2008.9685 49.20 15.88 -0.281 -0.489 1.361 0.196 0.182 0.898
2008.9945 49.20 15.88 0.091 -0.661 1.299 0.165 0.154 0.760
2009.0205 49.20 15.88 0.001 -0.268 0.110 0.162 0.152 0.746
2009.0479 49.20 15.88 0.015 -0.273 0.097 0.162 0.152 0.747
2009.0753 49.20 15.88 -0.412 -0.018 -0.382 0.156 0.146 0.721
2009.1027 49.20 15.88 -0.633 0.285 0.224 0.194 0.182 0.889
2009.1301 49.20 15.88 -0.342 0.906 -1.720 0.155 0.144 0.714
2009.1575 49.20 15.88 -0.015 0.634 -0.905 0.158 0.147 0.729
2009.1849 49.20 15.88 -0.421 0.279 -0.729 0.180 0.169 0.826
2009.2123 49.20 15.88 -0.078 0.450 -1.420 0.157 0.144 0.720
2009.2397 49.20 15.88 -0.290 0.442 -2.266 0.176 0.164 0.807
2009.2671 49.20 15.88 -0.381 0.277 -2.325 0.147 0.137 0.679
2009.2945 49.20 15.88 -0.150 0.437 -1.983 0.151 0.141 0.695
2009.3219 49.20 15.88 -0.434 0.173 -0.622 0.158 0.147 0.726
2009.3493 49.20 15.88 -0.342 0.580 0.726 0.145 0.134 0.669
2009.3767 49.20 15.88 -0.185 0.486 -0.145 0.153 0.141 0.702
2009.4041 49.20 15.88 -0.104 0.376 1.345 0.136 0.124 0.625
2009.4315 49.20 15.88 0.265 -0.067 1.821 0.155 0.143 0.709
2009.4589 49.20 15.88 0.285 0.152 3.629 0.132 0.121 0.609
2009.4863 49.20 15.88 0.065 -0.117 0.976 0.146 0.133 0.668
2009.5137 49.20 15.88 0.007 -0.161 1.523 0.141 0.126 0.645
2009.5411 49.20 15.88 0.223 0.021 2.863 0.172 0.156 0.785
2009.5685 49.20 15.88 0.184 0.370 1.833 0.185 0.168 0.845
2009.5959 49.20 15.88 0.417 0.060 2.565 0.163 0.147 0.744
2009.6233 49.20 15.88 0.075 -0.406 3.719 0.167 0.153 0.765
2009.6507 49.20 15.88 0.067 -0.752 3.004 0.161 0.147 0.737
2009.6781 49.20 15.88 0.013 -0.427 3.130 0.172 0.158 0.784
2009.7055 49.20 15.88 0.054 -0.372 3.090 0.177 0.164 0.809
2009.7329 49.20 15.88 -0.144 -0.248 2.922 0.171 0.158 0.782
2009.7603 49.20 15.88 0.119 -0.471 3.052 0.195 0.180 0.890
2009.7877 49.20 15.88 0.231 -0.244 4.494 0.180 0.166 0.822
2009.8151 49.20 15.88 0.163 -0.477 0.749 0.192 0.179 0.878
2009.8425 49.20 15.88 0.059 -0.358 2.608 0.175 0.162 0.802
2009.8699 49.20 15.88 -0.050 -0.356 2.429 0.167 0.155 0.768
2009.8973 49.20 15.88 0.384 -0.423 0.719 0.157 0.145 0.720
2009.9247 49.20 15.88 0.084 0.047 2.065 0.159 0.144 0.725
2009.9521 49.20 15.88 0.018 0.089 -0.282 0.147 0.136 0.677
2009.9795 49.20 15.88 -0.112 0.373 -0.513 0.151 0.139 0.696
2010.0068 49.20 15.88 0.021 0.018 -3.089 0.189 0.176 0.867
2010.0342 49.20 15.88 -0.160 0.378 -3.173 0.149 0.138 0.687
2010.0616 49.20 15.88 -0.086 0.403 -3.064 0.153 0.141 0.703
2010.0890 49.20 15.88 0.019 0.944 -3.505 0.181 0.169 0.829
2010.1164 49.20 15.88 -0.047 0.528 -2.649 0.187 0.174 0.856
2010.1438 49.20 15.88 -0.508 0.309 -4.429 0.181 0.168 0.829
2010.1712 49.20 15.88 -0.150 0.530 -5.788 0.173 0.160 0.794
2010.1986 49.20 15.88 0.306 0.661 -4.688 0.166 0.153 0.762
2010.2260 49.20 15.88 0.383 0.711 -3.376 0.182 0.168 0.831
2010.2534 49.20 15.88 -0.049 0.636 -1.538 0.188 0.173 0.859
2010.2808 49.20 15.88 0.097 0.710 -1.914 0.146 0.133 0.670
2010.3082 49.20 15.88 -0.071 0.618 -3.299 0.153 0.139 0.699
2010.3356 49.20 15.88 0.192 0.616 -1.345 0.141 0.127 0.647
2010.3630 49.20 15.88 -0.114 0.624 -1.394 0.150 0.135 0.686
2010.3904 49.20 15.88 -0.159 1.016 -1.624 0.157 0.136 0.709
2010.4178 49.20 15.88 -0.057 1.006 -0.283 0.159 0.143 0.728
2010.4452 49.20 15.88 -0.071 0.814 -1.337 0.141 0.128 0.651
2010.4726 49.20 15.88 0.118 0.756 -1.724 0.128 0.115 0.592
2010.5000 49.20 15.88 0.028 0.808 -0.849 0.143 0.129 0.658
2010.5274 49.20 15.88 0.407 -0.680 2.086 0.216 0.201 0.986
2010.5548 49.20 15.88 -0.178 0.449 1.610 0.141 0.130 0.648
2010.5822 49.20 15.88 -0.215 0.407 -0.377 0.128 0.117 0.590
2010.6096 49.20 15.88 -0.245 -0.053 -1.894 0.162 0.151 0.744
2010.6370 49.20 15.88 0.204 -0.650 -0.640 0.146 0.135 0.671
2010.6644 49.20 15.88 0.129 -0.515 0.506 0.137 0.127 0.632
2010.6918 49.20 15.88 0.201 -0.373 -0.444 0.163 0.152 0.747
2010.7192 49.20 15.88 0.149 -0.082 1.841 0.152 0.142 0.698
2010.7466 49.20 15.88 -0.250 -0.391 0.610 0.175 0.164 0.801
2010.7740 49.20 15.88 -0.064 -0.293 1.388 0.145 0.135 0.669
2010.8014 49.20 15.88 -0.288 -0.389 -0.747 0.138 0.128 0.636
2010.8288 49.20 15.88 -0.231 -0.073 0.959 0.156 0.145 0.716
2010.8562 49.20 15.88 -0.304 -0.129 -0.590 0.154 0.143 0.705
2010.8836 49.20 15.88 -0.427 -0.047 -1.132 0.144 0.133 0.662
2010.9110 49.20 15.88 -0.363 -0.180 -3.251 0.156 0.145 0.716
2010.9384 49.20 15.88 -0.424 -0.113 -5.324 0.162 0.150 0.741
2010.9658 49.20 15.88 -0.212 -0.077 -5.630 0.177 0.165 0.808
2010.9932 49.20 15.88 -0.407 0.427 -4.867 0.163 0.115 0.690
2011.1027 49.20 15.88 0.314 0.241 -3.382 0.155 0.131 0.699
2011.1301 49.20 15.88 0.363 0.340 -6.028 0.212 0.196 0.965
2011.1575 49.20 15.88 0.197 0.620 -3.646 0.146 0.133 0.669
2011.1849 49.20 15.88 0.155 0.613 -3.479 0.119 0.106 0.551
2011.2123 49.20 15.88 -0.055 0.680 -2.902 0.180 0.168 0.824
2011.2397 49.20 15.88 0.089 0.393 -3.933 0.186 0.174 0.852
2011.2671 49.20 15.88 0.327 0.991 -1.352 0.153 0.142 0.703
2011.2945 49.20 15.88 -0.233 1.186 -1.607 0.176 0.164 0.804
2011.3219 49.20 15.88 0.068 1.107 -0.981 0.165 0.154 0.756
2011.3493 49.20 15.88 0.119 1.141 -1.448 0.149 0.139 0.688
2011.3767 49.20 15.88 -0.001 1.408 1.670 0.173 0.162 0.792
2011.4041 49.20 15.88 0.246 0.589 1.182 0.155 0.143 0.710
2011.4315 49.20 15.88 0.145 0.843 1.600 0.167 0.141 0.746
2011.5137 49.20 15.88 0.202 0.318 0.339 0.148 0.132 0.676
2011.5411 49.20 15.88 0.257 0.295 -0.083 0.152 0.140 0.699
2011.5685 49.20 15.88 -0.062 0.044 0.580 0.150 0.137 0.689
2011.5959 49.20 15.88 0.222 0.063 0.435 0.160 0.146 0.730
2011.6233 49.20 15.88 0.243 -0.189 -0.342 0.161 0.147 0.736
2011.6507 49.20 15.88 0.348 -0.424 0.019 0.186 0.172 0.846
2011.6781 49.20 15.88 0.023 -0.578 1.914 0.172 0.160 0.787
2011.7055 49.20 15.88 0.369 -0.602 2.223 0.172 0.160 0.786
2011.7329 49.20 15.88 0.388 -0.494 0.220 0.197 0.184 0.898
2011.7603 49.20 15.88 0.230 -0.146 2.702 0.170 0.159 0.779
2011.7877 49.20 15.88 0.230 -0.650 2.825 0.180 0.169 0.824
2011.8151 49.20 15.88 0.365 -0.533 1.622 0.178 0.165 0.811
2011.8425 49.20 15.88 -0.005 -0.499 3.701 0.191 0.178 0.869
2011.8699 49.20 15.88 0.338 -0.333 2.883 0.190 0.168 0.850
2011.9521 49.20 15.88 0.202 -0.710 0.224 0.139 0.107 0.608
2011.9795 49.20 15.88 0.207 -0.397 0.873 0.157 0.140 0.709
2012.0068 49.20 15.88 0.682 -0.229 0.722 0.148 0.130 0.663
2012.0342 49.20 15.88 0.415 -0.305 -4.748 0.176 0.154 0.783
2012.0616 49.20 15.88 0.279 -0.082 -1.639 0.154 0.134 0.688
2012.0890 49.20 15.88 0.446 0.109 -1.581 0.154 0.131 0.680
2012.1164 49.20 15.88 0.193 0.367 0.121 0.152 0.128 0.670
2012.1438 49.20 15.88 -0.248 0.269 0.977 0.157 0.131 0.691
2012.1712 49.20 15.88 0.229 0.775 -0.565 0.152 0.125 0.668
2012.1986 49.20 15.88 0.012 0.325 -0.172 0.139 0.112 0.608
2012.2260 49.20 15.88 0.087 0.685 0.596 0.140 0.113 0.612
2012.2534 49.20 15.88 0.416 0.658 0.691 0.136 0.109 0.594
2012.2808 49.20 15.88 0.034 0.911 0.903 0.127 0.101 0.556
2012.3082 49.20 15.88 0.183 0.734 1.244 0.166 0.117 0.699
2012.3904 49.20 15.88 -0.167 0.470 1.003 0.163 0.129 0.712
2012.4178 49.20 15.88 0.277 0.681 2.402 0.118 0.093 0.514
2012.4452 49.20 15.88 0.296 0.417 -0.083 0.117 0.092 0.512
2012.4726 49.20 15.88 0.282 0.019 0.943 0.126 0.099 0.547
2012.5000 49.20 15.88 0.513 -0.147 3.402 0.120 0.095 0.526
2012.5274 49.20 15.88 0.411 -0.331 4.782 0.127 0.101 0.553
2012.5548 49.20 15.88 0.495 -0.243 4.769 0.126 0.101 0.553
2012.5822 49.20 15.88 0.271 -0.379 5.384 0.133 0.107 0.580
2012.6096 49.20 15.88 0.519 -0.228 5.079 0.130 0.107 0.572
2012.6370 49.20 15.88 0.334 -0.636 5.465 0.120 0.099 0.532
2012.6644 49.20 15.88 0.217 -0.288 5.743 0.131 0.109 0.577
2012.6918 49.20 15.88 0.150 -0.654 4.792 0.133 0.114 0.592
2012.7192 49.20 15.88 0.296 -0.575 3.409 0.157 0.139 0.701
2012.7466 49.20 15.88 0.103 -0.674 2.887 0.129 0.095 0.558
2012.8562 49.20 15.88 0.253 -0.632 1.693 0.165 0.145 0.737
2012.8836 49.20 15.88 0.124 -0.561 3.083 0.151 0.139 0.688
2012.9110 49.20 15.88 0.326 -0.560 1.355 0.143 0.133 0.656
2012.9384 49.20 15.88 0.192 -0.318 2.683 0.141 0.129 0.648
2012.9658 49.20 15.88 0.133 -0.357 0.715 0.153 0.143 0.701
2012.9918 49.20 15.88 -0.073 -0.372 -0.169 0.079 0.071 0.370
2013.0178 49.20 15.88 0.285 -0.142 0.106 0.091 0.083 0.425
2013.0452 49.20 15.88 0.201 -0.290 -2.278 0.091 0.083 0.424
2013.0726 49.20 15.88 -0.021 -0.018 -1.239 0.084 0.077 0.395
2013.1000 49.20 15.88 0.323 0.336 -2.677 0.086 0.079 0.404
2013.1274 49.20 15.88 0.140 0.388 -2.100 0.081 0.073 0.380
2013.1548 49.20 15.88 0.254 0.548 -2.529 0.080 0.067 0.368
2013.2644 49.20 15.88 -0.179 1.128 -4.563 0.103 0.057 0.414
2013.2918 49.20 15.88 0.044 0.806 -5.625 0.082 0.075 0.389
2013.3192 49.20 15.88 0.232 0.638 -1.691 0.090 0.083 0.423
2013.3466 49.20 15.88 -0.041 0.575 -1.922 0.092 0.086 0.433
2013.3740 49.20 15.88 -0.231 0.534 -1.210 0.080 0.074 0.379
2013.4014 49.20 15.88 -0.297 0.009 -2.821 0.082 0.076 0.389
2013.4288 49.20 15.88 -0.165 0.117 -3.516 0.074 0.067 0.351
2013.4562 49.20 15.88 -0.214 -0.143 -1.166 0.075 0.068 0.357
2013.4836 49.20 15.88 -0.015 0.149 -2.776 0.076 0.070 0.363
2013.5110 49.20 15.88 0.003 -0.269 0.537 0.085 0.079 0.401
2013.5384 49.20 15.88 -0.117 -0.143 2.570 0.086 0.076 0.400
2013.5658 49.20 15.88 -0.188 -0.219 0.969 0.088 0.080 0.412
2013.7575 49.20 15.88 -0.149 -0.527 3.375 0.086 0.077 0.402
2013.7849 49.20 15.88 0.220 -0.829 4.877 0.088 0.079 0.410
2013.8123 49.20 15.88 0.292 -0.692 3.282 0.080 0.072 0.378
2013.8397 49.20 15.88 0.110 -0.913 2.051 0.081 0.074 0.382
2013.8671 49.20 15.88 0.118 -0.393 2.348 0.087 0.078 0.408
2013.8945 49.20 15.88 0.123 -0.533 2.575 0.081 0.073 0.380
2013.9219 49.20 15.88 0.349 -0.566 0.713 0.073 0.065 0.346
2013.9493 49.20 15.88 0.287 0.001 0.899 0.077 0.070 0.364
2013.9767 49.20 15.88 0.579 -0.201 3.261 0.078 0.070 0.370
2014.0041 49.20 15.88 0.353 -0.097 -0.907 0.075 0.068 0.358
2014.0315 49.20 15.88 0.341 -0.179 -1.072 0.078 0.071 0.370
2014.1685 49.20 15.88 -0.092 0.301 -5.399 0.083 0.075 0.390
2014.1959 49.20 15.88 0.173 0.328 -2.128 0.082 0.075 0.388
2014.2233 49.20 15.88 0.078 0.400 -2.867 0.079 0.072 0.371
2014.2507 49.20 15.88 -0.009 0.364 -1.365 0.072 0.065 0.344
2014.2781 49.20 15.88 -0.073 0.917 -1.419 0.076 0.069 0.361
2014.3055 49.20 15.88 0.015 0.205 -0.754 0.073 0.066 0.349
2014.3329 49.20 15.88 -0.203 0.556 0.570 0.061 0.054 0.296
2014.3603 49.20 15.88 -0.190 0.597 0.089 0.069 0.062 0.328
2014.3877 49.20 15.88 -0.030 0.532 0.850 0.069 0.062 0.329
2014.4151 49.20 15.88 0.242 0.467 0.783 0.069 0.062 0.328
2014.4425 49.20 15.88 0.164 0.439 2.262 0.073 0.065 0.345
2014.4699 49.20 15.88 0.099 0.390 4.203 0.073 0.065 0.345
2014.5795 49.20 15.88 -0.213 -0.609 1.948 0.068 0.054 0.319
2014.6068 49.20 15.88 -0.155 -0.543 3.538 0.065 0.057 0.310
2014.6342 49.20 15.88 0.163 -0.119 3.485 0.060 0.052 0.289
2014.6616 49.20 15.88 -0.110 -0.884 1.350 0.065 0.058 0.313
2014.6890 49.20 15.88 -0.263 -0.749 3.093 0.064 0.057 0.306
2014.7164 49.20 15.88 -0.383 -0.596 1.799 0.062 0.055 0.301
2014.7438 49.20 15.88 -0.223 -1.319 1.637 0.067 0.060 0.321
2014.7712 49.20 15.88 -0.255 -0.971 3.682 0.066 0.060 0.318
2014.7986 49.20 15.88 -0.332 -0.927 0.657 0.060 0.053 0.290
2014.8260 49.20 15.88 -0.209 -0.775 2.251 0.060 0.052 0.289
2014.8534 49.20 15.88 -0.127 -0.790 2.385 0.063 0.055 0.303
2014.8808 49.20 15.88 -0.280 -0.842 -1.274 0.064 0.055 0.304
2014.9082 49.20 15.88 -0.335 -0.862 0.958 0.065 0.056 0.309
2015.0452 49.20 15.88 0.224 -0.295 -2.352 0.050 0.041 0.246
2015.0726 49.20 15.88 -0.091 0.296 -2.160 0.054 0.044 0.261
2015.1000 49.20 15.88 -0.181 0.533 -4.210 0.048 0.040 0.239
2015.1274 49.20 15.88 -0.015 0.342 -1.754 0.045 0.037 0.226
2015.1548 49.20 15.88 0.044 0.502 -2.253 0.052 0.043 0.253
2015.1822 49.20 15.88 -0.328 0.234 -2.783 0.049 0.040 0.242
2015.2096 49.20 15.88 -0.302 -0.157 1.024 0.065 0.054 0.302
2015.2370 49.20 15.88 -0.100 0.635 -0.123 0.069 0.059 0.323
2015.2644 49.20 15.88 0.088 0.117 -0.565 0.060 0.053 0.291
2015.2918 49.20 15.88 -0.044 0.405 0.406 0.061 0.053 0.294
2015.3192 49.20 15.88 0.120 0.621 0.867 0.059 0.052 0.285
2015.3466 49.20 15.88 0.079 0.664 -2.688 0.064 0.056 0.305
2015.4836 49.20 15.88 0.091 0.313 1.919 0.062 0.048 0.292
2015.5110 49.20 15.88 0.061 -0.060 1.231 0.058 0.048 0.280
2015.5384 49.20 15.88 0.130 -0.091 3.622 0.063 0.054 0.303
2015.5658 49.20 15.88 0.130 -0.318 2.116 0.063 0.055 0.302
2015.5932 49.20 15.88 0.125 -0.780 3.985 0.065 0.057 0.310
2015.6205 49.20 15.88 0.093 -0.566 5.946 0.063 0.055 0.303
2015.6479 49.20 15.88 -0.185 -0.417 5.556 0.061 0.054 0.295
2015.6753 49.20 15.88 0.040 -0.771 6.534 0.060 0.051 0.287
2015.7027 49.20 15.88 -0.115 -0.296 3.871 0.064 0.056 0.307
2015.7301 49.20 15.88 -0.445 -0.831 1.302 0.065 0.056 0.308
2015.9493 49.20 15.88 -0.006 -0.098 2.266 0.062 0.056 0.302
2015.9767 49.20 15.88 0.192 -0.439 1.199 0.065 0.058 0.310
2016.0041 49.20 15.88 0.175 -0.287 1.568 0.059 0.052 0.286
2016.0315 49.20 15.88 -0.200 -0.160 2.532 0.056 0.050 0.274
2016.0589 49.20 15.88 -0.098 -0.530 -0.364 0.057 0.051 0.280
2016.0863 49.20 15.88 0.240 -0.235 -0.713 0.052 0.046 0.260
2016.1137 49.20 15.88 -0.038 0.163 -1.121 0.058 0.052 0.284
2016.1411 49.20 15.88 -0.245 -0.136 0.153 0.069 0.061 0.325
2016.1685 49.20 15.88 -0.053 0.524 0.280 0.073 0.066 0.345
2016.1959 49.20 15.88 -0.276 0.697 -4.109 0.072 0.066 0.341
2016.2233 49.20 15.88 0.047 0.164 -2.362 0.072 0.067 0.344
2016.2507 49.20 15.88 0.012 0.685 -1.912 0.061 0.054 0.297
2016.3603 49.20 15.88 0.054 0.550 0.534 0.056 0.051 0.277
2016.3877 49.20 15.88 -0.135 0.560 -0.524 0.066 0.059 0.316
2016.4151 49.20 15.88 0.006 0.523 -1.874 0.065 0.058 0.311
2016.4425 49.20 15.88 -0.227 0.390 -5.072 0.069 0.062 0.329
2016.4699 49.20 15.88 -0.068 0.121 -2.894 0.068 0.061 0.323
