2002.5877 -77.03 163.19 0.20538505349684 12.08711195797853
2002.6151 -77.03 163.19 4.02414074974339 11.67327492059143
2002.6425 -77.03 163.19 -5.43540610057546 11.91278281387728
2002.6699 -77.03 163.19 -24.27492609455665 10.01701440061733
2002.6973 -77.03 163.19 -56.65985574371012 21.38532834253909
2002.7247 -77.03 163.19 -21.57449647290773 11.20687498940794
2002.7521 -77.03 163.19 -25.19345452958747 10.19380516698076
2002.7795 -77.03 163.19 0.49444192883485 11.68666879306619
2002.8068 -77.03 163.19 -0.98565943204632 10.68204609662068
2002.8342 -77.03 163.19 -1.77571606035782 10.49759439050231
2002.8616 -77.03 163.19 8.51281667031540 10.87636318678525
2002.8890 -77.03 163.19 6.65736487340565 10.73846559844668
2002.9164 -77.03 163.19 -2.57861037039658 11.21133186487468
2003.0260 -77.03 163.19 -10.87887333426180 12.38197509276920
2003.0534 -77.03 163.19 -2.06812289704180 21.55455972738292
2003.0808 -77.03 163.19 -14.92790090983109 18.35248475699667
2003.1082 -77.03 163.19 -10.40728140820781 10.15050820203472
2003.1356 -77.03 163.19 -8.43722139717432 9.37404029002779
2003.1630 -77.03 163.19 13.68600549476576 10.11686245244656
2003.1904 -77.03 163.19 1.02310878112557 12.02813723585139
2003.2178 -77.03 163.19 -9.29538310864130 9.97151300962587
2003.2452 -77.03 163.19 -2.98929970758559 9.82619508548209
2003.2726 -77.03 163.19 -14.82667065986747 9.54527589696358
2003.3000 -77.03 163.19 -24.03271074169215 9.33108574820790
2003.3274 -77.03 163.19 -23.50939965863257 12.46648449307540
2003.3548 -77.03 163.19 -17.31628703638217 14.04352821847575
2003.3822 -77.03 163.19 -7.27358031254994 12.14189543711394
2003.5192 -77.03 163.19 12.91093733960121 13.53989026635183
2003.5466 -77.03 163.19 15.02860676259104 15.34392328553420
2003.5740 -77.03 163.19 13.28008636016657 18.29017531081641
2003.6014 -77.03 163.19 13.93268391213704 15.42270684392055
2003.6288 -77.03 163.19 9.39440707192510 14.28310915615835
2003.6562 -77.03 163.19 -3.22256381178150 15.60540273357907
2003.6836 -77.03 163.19 1.44425609499374 15.59138589429977
2003.7110 -77.03 163.19 -6.10543304268383 11.71672644666508
2003.7384 -77.03 163.19 -13.01816168561008 14.71508311618423
2003.7658 -77.03 163.19 -5.08778884423468 13.39760616596980
2003.7932 -77.03 163.19 7.56939589298798 15.20876939333051
2003.8205 -77.03 163.19 -18.86295838372055 16.55873118002011
2003.8479 -77.03 163.19 -0.79241336977584 14.23386073891238
2003.8753 -77.03 163.19 14.70358986658181 15.23102787998765
2003.9027 -77.03 163.19 6.14556232174959 13.55545633991668
2003.9301 -77.03 163.19 12.80413041829656 14.44637947137456
2003.9575 -77.03 163.19 8.90394427887865 16.67444395426274
2003.9849 -77.03 163.19 22.46309029248052 15.67867801734574
2004.0123 -77.03 163.19 14.37685583132521 16.94658679006231
2004.0397 -77.03 163.19 1.33966411214186 12.96570559687239
2004.0945 -77.03 163.19 -14.22063394026456 12.16990339019430
2004.1219 -77.03 163.19 -28.21358539256905 14.11541311617909
2004.1493 -77.03 163.19 -28.51426354327789 16.85641976480181
2004.1767 -77.03 163.19 0.31172016853159 18.57616745028168
2004.2041 -77.03 163.19 -16.38188074878964 14.60958014739393
2004.2315 -77.03 163.19 -28.63558190670710 14.88693414860528
2004.2589 -77.03 163.19 -8.50076202463461 15.35620642430776
2004.2863 -77.03 163.19 10.90063235857757 15.49030056774077
2004.3137 -77.03 163.19 15.37539192752047 14.61858209949014
2004.3411 -77.03 163.19 22.25821426725945 16.32068351911983
2004.3685 -77.03 163.19 15.79905048844710 15.30800520281548
2004.3959 -77.03 163.19 27.75643555221892 13.11786385492965
2004.4233 -77.03 163.19 17.86136696551483 12.56637164451914
2004.4507 -77.03 163.19 4.92397439248272 11.32092969470202
2004.4781 -77.03 163.19 10.31769908807554 12.64880136560865
2004.5055 -77.03 163.19 10.19132561584919 12.23764825792053
2004.5329 -77.03 163.19 -1.37545121193165 11.40402511180877
2004.5603 -77.03 163.19 -3.02852580780210 11.89779029730428
2004.5877 -77.03 163.19 -15.78767450614412 11.94901565231651
2004.6151 -77.03 163.19 15.42783503575411 13.24038421800263
2004.6425 -77.03 163.19 -8.39749155553020 10.94456928589035
2004.6699 -77.03 163.19 -17.80662481522148 10.89836903066245
2004.6973 -77.03 163.19 -5.67512205489701 10.08202406417687
2004.7247 -77.03 163.19 3.77112927318890 11.88081333237685
2004.7521 -77.03 163.19 -11.11799224094925 11.20183739518858
2004.7795 -77.03 163.19 -2.45239507068714 11.06389456595425
2004.8068 -77.03 163.19 18.01285400888243 12.58535289175446
2004.8342 -77.03 163.19 7.43671956014644 12.45992069373219
2004.8616 -77.03 163.19 14.08128599861585 10.57955944136848
2004.8890 -77.03 163.19 13.09497821708858 10.65889898598375
2004.9164 -77.03 163.19 10.59204014732990 11.91323087930936
2004.9438 -77.03 163.19 7.16470094586147 12.74396883969354
2004.9712 -77.03 163.19 -8.87916317161764 12.08404196034548
2004.9973 -77.03 163.19 -15.30413667025678 11.34377281728669
2005.0233 -77.03 163.19 -11.90365480990869 13.80429696683848
2005.0507 -77.03 163.19 -31.49561361413323 21.63171388329115
2005.0781 -77.03 163.19 -23.08178960346765 15.71120611082976
2005.1055 -77.03 163.19 -29.12821598219908 15.47502060387946
2005.1329 -77.03 163.19 -28.48039193098263 15.81073551209136
2005.1603 -77.03 163.19 -11.14583287301537 13.75392200115014
2005.1877 -77.03 163.19 -24.08794670689090 13.67529359196698
2005.2151 -77.03 163.19 -12.31687155603472 12.54416224869684
2005.2425 -77.03 163.19 0.19008184828436 12.28485552875527
2005.2699 -77.03 163.19 5.40049716340327 13.26986522806856
2005.2973 -77.03 163.19 -2.82177404743851 14.13439580373979
2005.3247 -77.03 163.19 -13.42002536525647 14.92902723657167
2005.3521 -77.03 163.19 -1.68992066110119 5.22747344763519
2005.3795 -77.03 163.19 15.02199577390992 13.83423832016130
2005.4068 -77.03 163.19 5.20038994719670 12.45314981552046
2005.4342 -77.03 163.19 4.75695962214853 14.23287525188678
2005.4616 -77.03 163.19 6.46381816391440 13.04521616681532
2005.4890 -77.03 163.19 -4.90860311005416 12.34820194273378
2005.5164 -77.03 163.19 -8.48662895328976 12.23658914442301
2005.5438 -77.03 163.19 4.42329722477495 13.49429568522980
2005.5712 -77.03 163.19 -7.64895858068823 14.84597437516468
2005.5986 -77.03 163.19 -0.02255834912027 15.17386197578335
2005.6260 -77.03 163.19 -3.66778847677761 13.22710014283772
2005.6534 -77.03 163.19 -2.44493112273966 14.09592027348068
2005.6808 -77.03 163.19 22.30837437476401 13.72981762404434
2005.7082 -77.03 163.19 -7.54253820458968 17.02111721260314
2005.7356 -77.03 163.19 6.60362995613651 14.71502858896651
2005.7630 -77.03 163.19 20.30241063002261 14.72137359815919
2005.7904 -77.03 163.19 8.24684521912347 13.60998720374224
2005.8178 -77.03 163.19 -14.70033282206813 14.04399037091337
2005.8452 -77.03 163.19 -6.89091751719456 15.01439299462283
2005.8726 -77.03 163.19 -4.51174947787403 12.92328090332842
2005.9000 -77.03 163.19 -6.15494340892988 12.53541887461100
2005.9274 -77.03 163.19 0.97185169597387 12.63594532671867
2005.9548 -77.03 163.19 6.07879653917854 10.72594096514669
2005.9822 -77.03 163.19 4.08251365888059 11.70401674484817
2006.0096 -77.03 163.19 15.54199883444878 13.28052938165599
2006.0370 -77.03 163.19 4.06925104590927 17.02213477074375
2006.0644 -77.03 163.19 -5.16362035993994 17.14975338376039
2006.0918 -77.03 163.19 -9.58939495852232 17.18847931931042
2006.1192 -77.03 163.19 -10.32506509011524 19.95713151650059
2006.1466 -77.03 163.19 -14.56330375774828 15.21663538616296
2006.1740 -77.03 163.19 0.39247198034259 17.61972100822139
2006.2014 -77.03 163.19 -22.54993909061030 13.15379478904357
2006.2288 -77.03 163.19 0.02728753930388 17.61856033075020
2006.2562 -77.03 163.19 -7.38230102838693 16.58099979550668
2006.2836 -77.03 163.19 -2.34489997229640 16.04182707821345
2006.3110 -77.03 163.19 1.33860321039685 17.21188404001180
2006.3384 -77.03 163.19 -6.01381729638531 15.48266483846807
2006.3658 -77.03 163.19 -6.02417027530121 17.21039174335685
2006.3932 -77.03 163.19 -22.98297093643009 16.88415314138420
2006.4205 -77.03 163.19 -10.97681471034969 16.83494540266470
2006.4479 -77.03 163.19 -5.84821560618190 18.31695470783098
2006.4753 -77.03 163.19 6.48724784053616 18.69365516197264
2006.5027 -77.03 163.19 -2.18069340032589 19.42015395414711
2006.5301 -77.03 163.19 15.41789354676504 23.51157375099537
2006.5575 -77.03 163.19 10.03128493804740 18.36669169862389
2006.5849 -77.03 163.19 -0.13666991588496 18.96140371135140
2006.6123 -77.03 163.19 0.32063600320313 24.15968499616520
2006.6397 -77.03 163.19 9.41831984398837 20.12894691093811
2006.6671 -77.03 163.19 -4.25858049055808 18.03588901903717
2006.6945 -77.03 163.19 -7.07537596686187 23.57658704241184
2006.7219 -77.03 163.19 3.46659719273755 21.67368831728983
2006.7493 -77.03 163.19 -14.51199511898461 26.26467001684369
2006.7767 -77.03 163.19 -6.83844129005032 22.85693282895282
2006.8041 -77.03 163.19 -2.06519025589710 18.02350914590896
2006.8315 -77.03 163.19 4.53251090751336 21.39341760577485
2006.8589 -77.03 163.19 -14.79278958640667 20.68793616680509
2006.8863 -77.03 163.19 -4.58997538490902 19.66746202076876
2006.9137 -77.03 163.19 8.27349859205503 19.02024780885674
2006.9411 -77.03 163.19 5.23204319520744 18.60093637981966
2006.9685 -77.03 163.19 -17.17996135921689 18.41410772789242
2006.9959 -77.03 163.19 -15.41318902646475 18.10212420557679
2007.0233 -77.03 163.19 -15.51921484941355 16.50983449978482
2007.0507 -77.03 163.19 -7.15362827902480 17.54489362073830
2007.0781 -77.03 163.19 -2.29680709646566 18.24345041470846
2007.1055 -77.03 163.19 -13.41523606308858 16.05195850001865
2007.1329 -77.03 163.19 -13.89879423835301 17.73229857258573
2007.1603 -77.03 163.19 -6.71523240436658 16.79179138915032
2007.1877 -77.03 163.19 -12.64727763376776 22.61652718287661
2007.2151 -77.03 163.19 -13.01928376789375 19.93868877406817
2007.2425 -77.03 163.19 1.25851325489647 19.09177847094680
2007.2699 -77.03 163.19 -10.04902622002475 14.54121304535788
2007.2973 -77.03 163.19 -18.55653291044596 13.68569644038687
2007.3247 -77.03 163.19 -26.98760612792505 17.26438304670182
2007.3521 -77.03 163.19 -3.00837819209465 19.11896850779813
2007.3795 -77.03 163.19 5.47562697346802 20.19115657468118
2007.4068 -77.03 163.19 1.24774180351613 16.40766515774333
2007.4342 -77.03 163.19 4.80364815115629 15.55763631791512
2007.4616 -77.03 163.19 6.26340655479569 21.31759848182030
2007.4890 -77.03 163.19 -2.42713141977851 15.71881640147571
2007.5164 -77.03 163.19 -3.33986797406393 16.72354894377202
2007.5438 -77.03 163.19 5.54734541923594 16.10634054643679
2007.5712 -77.03 163.19 -1.97794486342700 16.57542784258623
2007.5986 -77.03 163.19 -12.44799924348646 20.77319937380598
2007.6260 -77.03 163.19 -37.13202683805501 16.50763120122769
2007.6534 -77.03 163.19 -14.84992692471229 16.90131181819527
2007.6808 -77.03 163.19 -5.52347436362540 17.72251075635013
2007.7082 -77.03 163.19 -12.87703867976542 12.47037920560597
2007.7356 -77.03 163.19 -24.36606836778377 18.26326903761204
2007.7630 -77.03 163.19 -5.26778079695663 13.33054290338398
2007.7904 -77.03 163.19 -5.79145955285464 18.02102822943887
2007.8178 -77.03 163.19 -0.97389125873688 21.08975223669643
2007.8452 -77.03 163.19 0.20036851247834 16.54325912160535
2007.8726 -77.03 163.19 5.80559108334146 19.53315776691452
2007.9000 -77.03 163.19 1.87447171809301 21.13370500000330
2007.9274 -77.03 163.19 -1.38067095040417 20.26085767700070
2007.9548 -77.03 163.19 -1.41261872956323 14.91993599356338
2007.9822 -77.03 163.19 5.38989465748634 18.67040745032282
2008.0096 -77.03 163.19 -8.00921132967783 16.24888410186912
2008.0370 -77.03 163.19 -17.95844169879914 16.88378410298899
2008.0644 -77.03 163.19 -21.59819199186169 19.74434828227425
2008.0918 -77.03 163.19 -2.48246047795819 15.20986661648481
2008.1192 -77.03 163.19 -13.92068165325975 18.29762367408868
2008.1466 -77.03 163.19 -29.07039172554721 21.55931844234334
2008.1740 -77.03 163.19 -17.10882571407114 18.67175720971078
2008.2014 -77.03 163.19 -24.64963203320644 20.40731636223153
2008.2288 -77.03 163.19 -14.10062653003823 22.98522797949130
2008.2562 -77.03 163.19 -2.36722429320982 21.68718957650686
2008.2836 -77.03 163.19 -18.36307990077045 26.16116089512470
2008.3110 -77.03 163.19 -6.73439808206685 27.27498392311092
2008.3384 -77.03 163.19 8.79972090154114 20.07248822096408
2008.3658 -77.03 163.19 7.31907690350737 20.42510104538443
2008.3932 -77.03 163.19 13.04442816475808 18.27186220101523
2008.4205 -77.03 163.19 5.31099722261773 16.08549603281570
2008.4479 -77.03 163.19 -0.68120636884574 16.57625047512240
2008.4753 -77.03 163.19 6.90850939144151 15.94283139319035
2008.5027 -77.03 163.19 -12.44440692073845 19.83499993704818
2008.5301 -77.03 163.19 -5.76539624648382 24.46914362932506
2008.5575 -77.03 163.19 -7.93374158644763 15.67762736278976
2008.5849 -77.03 163.19 -15.93033837460982 18.34594164387790
2008.6123 -77.03 163.19 -2.62672153268602 14.81190632219757
2008.6397 -77.03 163.19 -2.11318513055748 16.46356992753701
2008.6671 -77.03 163.19 -6.38952377893829 15.65176833402788
2008.6945 -77.03 163.19 -5.79425448467985 15.09588762085973
2008.7219 -77.03 163.19 1.33669316308703 17.69480856492216
2008.7493 -77.03 163.19 -11.10974689837794 15.82115167041887
2008.7767 -77.03 163.19 -16.34231962240269 18.79642562157267
2008.8041 -77.03 163.19 -2.15500301646499 18.92300926148615
2008.8315 -77.03 163.19 0.93618067014966 21.23179088334867
2008.8589 -77.03 163.19 -4.48286943348655 24.71126686242378
2008.8863 -77.03 163.19 -9.39222490197345 23.73686483022010
2008.9137 -77.03 163.19 -3.76356415013494 22.59805926721248
2008.9411 -77.03 163.19 -11.24923568995847 23.37563685012127
2008.9685 -77.03 163.19 -20.63864230935205 21.86910502727248
2008.9945 -77.03 163.19 -6.07921978557058 18.45020189822092
2009.0205 -77.03 163.19 -18.51722757194768 18.25755228154772
2009.0479 -77.03 163.19 -8.95171406645578 18.29698517960855
2009.0753 -77.03 163.19 -25.76459060604540 17.27272935183714
2009.1027 -77.03 163.19 -26.83850473436260 21.87730504649247
2009.1301 -77.03 163.19 -24.54882882983262 17.12962652764551
2009.1575 -77.03 163.19 -22.91331638028321 17.30742263552552
2009.1849 -77.03 163.19 -24.11885686821724 20.52425036356693
2009.2123 -77.03 163.19 3.06624847815260 17.29915337103251
2009.2397 -77.03 163.19 11.75103110061342 19.79771206321190
2009.2671 -77.03 163.19 7.88218094133445 16.41167598263438
2009.2945 -77.03 163.19 11.80336662601462 16.94992817477534
2009.3219 -77.03 163.19 16.44116582565228 17.63515113914966
2009.3493 -77.03 163.19 24.66509828637820 16.12239961066516
2009.3767 -77.03 163.19 28.41410366172184 17.04654369892281
2009.4041 -77.03 163.19 5.90269029136602 14.77024810512950
2009.4315 -77.03 163.19 8.50034378806810 17.37157691809007
2009.4589 -77.03 163.19 -6.41534453860440 14.42507572680448
2009.4863 -77.03 163.19 1.63271015734456 16.07993662296531
2009.5137 -77.03 163.19 -7.56225626836043 15.25856027738518
2009.5411 -77.03 163.19 -1.85811894625741 18.92453996215414
2009.5685 -77.03 163.19 -3.32909065020715 20.38015097662156
2009.5959 -77.03 163.19 -7.90218090530796 17.68901491936809
2009.6233 -77.03 163.19 4.29797962839311 18.64432929906387
2009.6507 -77.03 163.19 -0.83318793935366 17.97447555523964
2009.6781 -77.03 163.19 12.67729552477370 19.34116060399138
2009.7055 -77.03 163.19 8.84045988638132 20.21721639239542
2009.7329 -77.03 163.19 2.02524254391742 19.33130439679751
2009.7603 -77.03 163.19 9.31895110843323 22.07414395581207
2009.7877 -77.03 163.19 0.38955549436888 20.25805614585471
2009.8151 -77.03 163.19 7.60883078997988 21.91160723448144
2009.8425 -77.03 163.19 8.95992119330588 19.76560099746926
2009.8699 -77.03 163.19 7.47307842500449 18.77765197604731
2009.8973 -77.03 163.19 9.19293642916420 17.44827205185776
2009.9247 -77.03 163.19 -9.22374903031270 17.23491796399294
2009.9521 -77.03 163.19 0.16162584866180 16.09737861636343
2009.9795 -77.03 163.19 -13.39448335569680 16.58417647865456
2010.0068 -77.03 163.19 -23.14280211587384 21.46210060352475
2010.0342 -77.03 163.19 -21.01190194662999 16.35412333933115
2010.0616 -77.03 163.19 -34.76075951158325 16.90471760694174
2010.0890 -77.03 163.19 -5.52536785870419 20.58716068866988
2010.1164 -77.03 163.19 -22.84353030174378 21.29712593002935
2010.1438 -77.03 163.19 -10.72623530607811 20.27512685350701
2010.1712 -77.03 163.19 2.75408187126818 19.38849805301543
2010.1986 -77.03 163.19 0.88733368414098 18.58753293166184
2010.2260 -77.03 163.19 -11.23063426884974 20.40664261704535
2010.2534 -77.03 163.19 2.13289008934433 21.08591096302862
2010.2808 -77.03 163.19 -2.31086317287891 15.93599710336110
2010.3082 -77.03 163.19 -14.91027340965881 16.84867319588852
2010.3356 -77.03 163.19 -11.07722421080389 15.05863537099080
2010.3630 -77.03 163.19 -13.62030819912691 16.19139871642140
2010.3904 -77.03 163.19 0.71982848967323 16.90077215948980
2010.4178 -77.03 163.19 -1.35426600472761 17.39511137602145
2010.4452 -77.03 163.19 2.78196415591723 15.05172669014278
2010.4726 -77.03 163.19 11.82669556652991 13.43934548381799
2010.5000 -77.03 163.19 10.26577866137983 15.44845939887743
2010.5274 -77.03 163.19 13.17735899988055 25.16406041198154
2010.5548 -77.03 163.19 2.32980563481973 15.67800787747607
2010.5822 -77.03 163.19 9.85133296839524 14.03162912739244
2010.6096 -77.03 163.19 7.01373093694567 18.58604681490921
2010.6370 -77.03 163.19 13.88565860272417 16.37866331373559
2010.6644 -77.03 163.19 14.51695540107050 15.22423731897527
2010.6918 -77.03 163.19 3.34527900981842 18.66729789032580
2010.7192 -77.03 163.19 2.43171625887982 17.33276388647794
2010.7466 -77.03 163.19 -1.10343441855651 20.47123270914745
2010.7740 -77.03 163.19 -3.25084271543712 16.05315124972536
2010.8014 -77.03 163.19 3.33924584362695 15.41468434366438
2010.8288 -77.03 163.19 7.89638160286565 17.81429903877223
2010.8562 -77.03 163.19 -16.72096083025532 17.44442616157917
2010.8836 -77.03 163.19 -7.09914126538833 15.96113231521150
2010.9110 -77.03 163.19 6.13089645178684 17.70703291881236
2010.9384 -77.03 163.19 -3.64611386683121 18.49136786280967
2010.9658 -77.03 163.19 15.50607117082257 20.50336942283263
2010.9932 -77.03 163.19 19.78323508886387 17.65377865394246
2011.1027 -77.03 163.19 -9.86122722280663 15.98551955093068
2011.1301 -77.03 163.19 6.42441369953892 24.60591371976099
2011.1575 -77.03 163.19 -11.35690475081937 16.01301707312217
2011.1849 -77.03 163.19 -14.34213200730403 12.40117142048134
2011.2123 -77.03 163.19 -37.78376079734635 20.74014638623537
2011.2397 -77.03 163.19 -24.23212642504031 21.71330607310146
2011.2671 -77.03 163.19 -17.16218861122156 17.22687319109147
2011.2945 -77.03 163.19 -24.34601681845479 20.31858424140091
2011.3219 -77.03 163.19 5.02862549230959 18.92814125286482
2011.3493 -77.03 163.19 -1.76210011877168 16.76863765302519
2011.3767 -77.03 163.19 7.23717507061170 19.92367351117185
2011.4041 -77.03 163.19 4.50676180358865 17.33768551942975
2011.4315 -77.03 163.19 11.24359214653273 18.19420618689546
2011.5137 -77.03 163.19 -2.62192853893381 16.15034016769384
2011.5411 -77.03 163.19 2.05222651340042 17.02186487566198
2011.5685 -77.03 163.19 -5.38574648160428 16.57754051133340
2011.5959 -77.03 163.19 -6.46881768225058 17.89770933030798
2011.6233 -77.03 163.19 -17.40820669810356 17.84282868391003
2011.6507 -77.03 163.19 -9.96281574061785 21.51668826309886
2011.6781 -77.03 163.19 -18.58228644505492 19.89485256378125
2011.7055 -77.03 163.19 1.51567068630446 19.95061781558925
2011.7329 -77.03 163.19 -6.96629568555997 23.33802529920808
2011.7603 -77.03 163.19 12.63152743582591 19.79767277478277
2011.7877 -77.03 163.19 13.66775202588346 21.16565938328723
2011.8151 -77.03 163.19 -5.90090217055137 20.81489233348408
2011.8425 -77.03 163.19 15.51132449395108 22.82958002392139
2011.8699 -77.03 163.19 18.76083257058557 22.21436289115343
2011.9521 -77.03 163.19 11.83283153721900 14.62562886718296
2011.9795 -77.03 163.19 13.73218748811599 18.78911029548034
2012.0068 -77.03 163.19 3.42745019099920 17.49742768994572
2012.0342 -77.03 163.19 6.26943311951448 21.35906901384305
2012.0616 -77.03 163.19 -3.09121198754647 18.59221050346628
2012.0890 -77.03 163.19 -7.18061267320356 18.40475166196094
2012.1164 -77.03 163.19 -7.43286359948689 18.02196118682016
2012.1438 -77.03 163.19 -11.77196791613051 18.79762105167760
2012.1712 -77.03 163.19 -14.78455113373048 17.76914052648375
2012.1986 -77.03 163.19 -21.55932671738405 15.99110483846910
2012.2260 -77.03 163.19 -17.42844396408236 16.63417762681974
2012.2534 -77.03 163.19 -7.54250328610248 16.15505825629406
2012.2808 -77.03 163.19 5.56911585933193 15.01119408996587
2012.3082 -77.03 163.19 4.75617942062649 18.43150761431874
2012.3904 -77.03 163.19 17.02793312856123 17.44309217184292
2012.4178 -77.03 163.19 16.00954100055463 13.55822538709515
2012.4452 -77.03 163.19 -4.11015010392736 13.33569595403596
2012.4726 -77.03 163.19 8.42027059915368 14.62483333781544
2012.5000 -77.03 163.19 1.28718168997361 13.74714177206205
2012.5274 -77.03 163.19 12.85750219626955 14.78046121708056
2012.5548 -77.03 163.19 8.65414529879270 14.70417777435521
2012.5822 -77.03 163.19 5.28005458613526 15.75125558549532
2012.6096 -77.03 163.19 1.55805773317403 15.60108140255268
2012.6370 -77.03 163.19 5.96433694503802 14.11766313570525
2012.6644 -77.03 163.19 2.63836599067800 15.59431949258314
2012.6918 -77.03 163.19 12.36667494558980 15.97191283830079
2012.7192 -77.03 163.19 16.94530074247858 19.44210982652660
2012.7466 -77.03 163.19 24.74706063099784 13.81202176372521
2012.8562 -77.03 163.19 32.29088020271945 19.87174056728120
2012.8836 -77.03 163.19 19.03525818203462 17.87797793239933
2012.9110 -77.03 163.19 18.64298389265791 16.82754290402279
2012.9384 -77.03 163.19 23.56990550615144 15.88867509480260
2012.9658 -77.03 163.19 16.45402669476310 18.17059825308094
2012.9918 -77.03 163.19 0.83822237756834 8.71163470476728
2013.0178 -77.03 163.19 -14.06017034632843 10.43840872882876
2013.0452 -77.03 163.19 -23.95226084653157 10.38037534273173
2013.0726 -77.03 163.19 -17.79625857957471 9.42916251948786
2013.1000 -77.03 163.19 -9.28120809109098 9.70289622037078
2013.1274 -77.03 163.19 18.78595709060014 8.95125103954643
2013.1548 -77.03 163.19 7.63220270227311 8.57684423203807
2013.2644 -77.03 163.19 23.53590249029346 12.15547406335987
2013.2918 -77.03 163.19 23.62229752680726 9.16356793808283
2013.3192 -77.03 163.19 13.89480750355783 10.17706026024984
2013.3466 -77.03 163.19 30.61046261593662 10.41016574209547
2013.3740 -77.03 163.19 28.90669943570577 8.78096128900471
2013.4014 -77.03 163.19 9.45226615907800 9.11119122656030
2013.4288 -77.03 163.19 12.58408841784565 7.91985501566139
2013.4562 -77.03 163.19 31.12403061616699 8.09123045920241
2013.4836 -77.03 163.19 4.16561195426909 8.32307062462753
2013.5110 -77.03 163.19 3.47577040538073 9.54077654989720
2013.5384 -77.03 163.19 12.02864547171664 9.54362116576080
2013.5658 -77.03 163.19 5.08977823202182 9.78797053440149
2013.7575 -77.03 163.19 12.36896988514384 9.38651536331755
2013.7849 -77.03 163.19 -2.01503736596498 9.78679810244572
2013.8123 -77.03 163.19 7.68179615840773 8.88426285057390
2013.8397 -77.03 163.19 8.88922337234902 8.96019624526036
2013.8671 -77.03 163.19 -2.26703411342512 9.66154713586499
2013.8945 -77.03 163.19 -15.77856952775349 8.94121494713954
2013.9219 -77.03 163.19 5.92409287758507 7.78452470691331
2013.9493 -77.03 163.19 9.96093968881654 8.40678181556581
2013.9767 -77.03 163.19 -2.45817186441270 8.38716168272616
2014.0041 -77.03 163.19 16.97298977378913 8.13434323188095
2014.0315 -77.03 163.19 -12.59800840890097 8.57830939209492
2014.1685 -77.03 163.19 -9.64578507874778 8.99289273813407
2014.1959 -77.03 163.19 1.73443994340724 9.31239906111739
2014.2233 -77.03 163.19 -6.41767346116657 8.76799188854208
2014.2507 -77.03 163.19 20.57678883551652 7.93165365938742
2014.2781 -77.03 163.19 18.24303350396366 8.45369116323374
2014.3055 -77.03 163.19 17.61068377869663 8.06931694001544
2014.3329 -77.03 163.19 17.67874115466693 6.44454290705260
2014.3603 -77.03 163.19 18.87285136458012 7.49410962100121
2014.3877 -77.03 163.19 28.08620022654420 7.51902622238111
2014.4151 -77.03 163.19 28.67609326995604 7.46614654061788
2014.4425 -77.03 163.19 24.61088073413743 8.01365335409888
2014.4699 -77.03 163.19 53.31612706596725 7.91580129993669
2014.5795 -77.03 163.19 13.91602139461762 6.71339156340735
2014.6068 -77.03 163.19 15.22795729213846 6.98632471427959
2014.6342 -77.03 163.19 10.59811355035699 6.20914750860341
2014.6616 -77.03 163.19 -6.07212242587879 7.07441900216161
2014.6890 -77.03 163.19 12.49889323409966 6.86300604710353
2014.7164 -77.03 163.19 20.34076331870926 6.68978218458044
2014.7438 -77.03 163.19 18.06821908008660 7.39431237217494
2014.7712 -77.03 163.19 25.11184223389333 7.32878928023955
2014.7986 -77.03 163.19 22.12963365210540 6.40979334250669
2014.8260 -77.03 163.19 0.98942128825046 6.40926038696782
2014.8534 -77.03 163.19 9.62753207613226 6.87720204720908
2014.8808 -77.03 163.19 11.18063680041724 6.93893502769914
2014.9082 -77.03 163.19 14.47449307544713 7.15294486621487
2015.0452 -77.03 163.19 6.83929889876340 5.15167823310243
2015.0726 -77.03 163.19 8.35444801326486 6.02869490708389
2015.1000 -77.03 163.19 12.75180819558414 4.97816867152102
2015.1274 -77.03 163.19 22.63205736085620 4.57036974319189
2015.1548 -77.03 163.19 12.15446973991488 5.76096828134430
2015.1822 -77.03 163.19 12.23709494473409 5.22213868721404
2015.2096 -77.03 163.19 10.55527956125436 7.58627559825894
2015.2370 -77.03 163.19 12.48679517932386 8.03671471459703
2015.2644 -77.03 163.19 16.69632361908537 6.76693718611328
2015.2918 -77.03 163.19 16.51986084260372 6.63971295297636
2015.3192 -77.03 163.19 6.36318545195586 6.32854166588766
2015.3466 -77.03 163.19 4.30661306270096 6.93373288466077
2015.4836 -77.03 163.19 9.24897416949828 6.02843515992163
2015.5110 -77.03 163.19 5.56971601225925 5.92942837453538
2015.5384 -77.03 163.19 7.34507279230096 6.66334639593303
2015.5658 -77.03 163.19 -5.16880067599940 6.87396170762893
2015.5932 -77.03 163.19 15.44837458077550 7.29261357246562
2015.6205 -77.03 163.19 22.35747056133698 6.93341084389636
2015.6479 -77.03 163.19 -1.73632074377864 6.76374600368242
2015.6753 -77.03 163.19 2.13392181902090 6.41423748333499
2015.7027 -77.03 163.19 13.29892955403635 7.17098428555799
2015.7301 -77.03 163.19 19.61097474820099 7.09947658788075
2015.9493 -77.03 163.19 18.92864061803053 6.41219276055865
2015.9767 -77.03 163.19 5.83963706695384 7.20628966966129
2016.0041 -77.03 163.19 15.55327501684873 6.38553025313733
2016.0315 -77.03 163.19 18.20021306425479 6.05509017780425
2016.0589 -77.03 163.19 2.75875649147642 6.16829859152544
2016.0863 -77.03 163.19 2.46310891627457 5.34174316346920
2016.1137 -77.03 163.19 -1.40665143495850 6.29626122632159
2016.1411 -77.03 163.19 7.16157076074040 7.78402370609494
2016.1685 -77.03 163.19 18.14528857665863 8.47284425065336
2016.1959 -77.03 163.19 3.24443057611913 8.20937163244541
2016.2233 -77.03 163.19 -5.42857694992452 8.23994398696628
2016.2507 -77.03 163.19 -23.10588750513307 6.48306179444968
2016.3603 -77.03 163.19 -39.26760316261030 6.03502638996767
2016.3877 -77.03 163.19 32.14220135707391 7.51005172345602
2016.4151 -77.03 163.19 5.66856845015476 7.40737296663226
2016.4425 -77.03 163.19 27.37767113846578 8.02216355080919
2016.4699 -77.03 163.19 18.17090286259329 7.84591687656535
