2002.5877 49.41 14.68 -9.91611771883649 10.53279878600263
2002.6151 49.41 14.68 17.25127821834159 10.25969776217767
2002.6425 49.41 14.68 8.68789785595526 10.49163532617765
2002.6699 49.41 14.68 -15.11902661683884 8.75116730769271
2002.6973 49.41 14.68 -22.44327829580753 14.60732437348594
2002.7247 49.41 14.68 -13.24718229722652 10.01665162607222
2002.7521 49.41 14.68 -6.11381546407987 9.12303552680178
2002.7795 49.41 14.68 -22.69765257896170 10.38600046933901
2002.8068 49.41 14.68 6.33987730138363 9.51001686879430
2002.8342 49.41 14.68 28.23208598872154 9.30614461076488
2002.8616 49.41 14.68 16.35775427833031 9.03453797965078
2002.8890 49.41 14.68 11.42578819526855 9.48762473740506
2002.9164 49.41 14.68 15.13677418622457 9.81045366739737
2003.0260 49.41 14.68 -1.43757426440706 10.92111175668692
2003.0534 49.41 14.68 14.49986748523069 19.24274286229735
2003.0808 49.41 14.68 35.37379348643040 15.90306441480514
2003.1082 49.41 14.68 15.59195609720685 8.80043776792873
2003.1356 49.41 14.68 45.62485413480491 8.09593406576814
2003.1630 49.41 14.68 32.73230237848976 8.80326108725153
2003.1904 49.41 14.68 60.59381806494174 10.33176406646579
2003.2178 49.41 14.68 36.69312822712325 8.67298742326855
2003.2452 49.41 14.68 19.12894870243866 8.60703069842173
2003.2726 49.41 14.68 14.12560047587832 8.37377894910235
2003.3000 49.41 14.68 12.28945113609049 8.20904147299759
2003.3274 49.41 14.68 11.54616850251747 11.00632337350782
2003.3548 49.41 14.68 -7.67171012576432 12.49088101820604
2003.3822 49.41 14.68 -8.80971398316428 10.76860048467776
2003.5192 49.41 14.68 5.76788307108477 12.20804102616021
2003.5466 49.41 14.68 -8.14181708453456 13.91861536040819
2003.5740 49.41 14.68 1.57612982021430 16.66131875670596
2003.6014 49.41 14.68 -16.40631721845472 13.97283342418297
2003.6288 49.41 14.68 13.24088125835748 12.86346197010501
2003.6562 49.41 14.68 -23.88618894668546 14.09726464989284
2003.6836 49.41 14.68 -17.72087339310554 14.10599432541070
2003.7110 49.41 14.68 -16.41522880310491 10.44988172512304
2003.7384 49.41 14.68 -7.47110714213802 13.22700753442207
2003.7658 49.41 14.68 -26.24022174337238 12.03283942136962
2003.7932 49.41 14.68 -17.05328211085360 13.69129147409462
2003.8205 49.41 14.68 -37.34713784104905 14.60183153653100
2003.8479 49.41 14.68 -36.28704170465865 12.44786386913285
2003.8753 49.41 14.68 -17.35117196071921 13.57439915577125
2003.9027 49.41 14.68 -33.66459566995955 11.98539869407328
2003.9301 49.41 14.68 -24.40367946931432 12.75341075015901
2003.9575 49.41 14.68 -13.15856020721623 14.75720493062789
2003.9849 49.41 14.68 -17.10490307919530 13.82141581419965
2004.0123 49.41 14.68 -22.32410511867378 14.85987970252276
2004.0397 49.41 14.68 -9.05175688234796 11.58822800065071
2004.0945 49.41 14.68 6.61486564415370 10.76566515887204
2004.1219 49.41 14.68 -0.00439264248666 12.26278625332762
2004.1493 49.41 14.68 5.43977497951930 14.60071527306518
2004.1767 49.41 14.68 15.81202909925488 15.98683931155190
2004.2041 49.41 14.68 7.35091804957526 12.63236736147272
2004.2315 49.41 14.68 -3.38964319536022 12.83917064273530
2004.2589 49.41 14.68 18.45797072713349 13.22970103598597
2004.2863 49.41 14.68 1.54452538895763 13.31959900419194
2004.3137 49.41 14.68 1.64645769431869 12.59769314247164
2004.3411 49.41 14.68 2.68209272644615 13.95596947277862
2004.3685 49.41 14.68 -27.39041640978192 13.22636949393723
2004.3959 49.41 14.68 -2.19806594687237 11.42122374166985
2004.4233 49.41 14.68 4.81134831928784 10.94072087347726
2004.4507 49.41 14.68 9.14667665273586 9.78397386320081
2004.4781 49.41 14.68 6.20123383294020 10.87199354253949
2004.5055 49.41 14.68 -0.02427300490697 10.55271957503552
2004.5329 49.41 14.68 -4.22988273869420 9.87581884885328
2004.5603 49.41 14.68 -12.59611009064436 10.24869826920190
2004.5877 49.41 14.68 -19.03190445765825 10.29751236300848
2004.6151 49.41 14.68 -27.99335777659334 11.40228629552510
2004.6425 49.41 14.68 -17.78167558862247 9.51523486870575
2004.6699 49.41 14.68 -21.42764338822563 9.49935126971285
2004.6973 49.41 14.68 -21.12049751560626 8.81889606968614
2004.7247 49.41 14.68 -21.15596429747511 10.31126440009224
2004.7521 49.41 14.68 -21.42452499309043 9.78016467525554
2004.7795 49.41 14.68 -16.54642983161097 9.60908138713746
2004.8068 49.41 14.68 -31.97718960650048 10.83501690645712
2004.8342 49.41 14.68 -15.37678126557610 10.71380435243454
2004.8616 49.41 14.68 -13.59598809411639 9.23620048755939
2004.8890 49.41 14.68 -26.64750787958925 9.26527779286496
2004.9164 49.41 14.68 -16.13578428339215 10.26466860712428
2004.9438 49.41 14.68 -13.60609540782740 11.09470303690064
2004.9712 49.41 14.68 -23.40795131302969 10.39153369733400
2004.9973 49.41 14.68 3.76624378971839 9.87451284588762
2005.0233 49.41 14.68 -13.43911919706388 11.82024347436391
2005.0507 49.41 14.68 -15.85487278601704 18.28198224882530
2005.0781 49.41 14.68 -8.69976157906507 13.44011150118155
2005.1055 49.41 14.68 -8.39951505503663 13.29002777211607
2005.1329 49.41 14.68 -19.17511728343479 13.61916714302287
2005.1603 49.41 14.68 -12.04092668621574 11.90130036081908
2005.1877 49.41 14.68 4.48918375755292 11.84184028103768
2005.2151 49.41 14.68 20.32434830987699 10.93896675455650
2005.2425 49.41 14.68 10.21597542674603 10.67559784310640
2005.2699 49.41 14.68 -10.17573424366129 11.50319979995132
2005.2973 49.41 14.68 14.56569002759144 12.23482547389578
2005.3247 49.41 14.68 -8.52985670233095 12.92663488080617
2005.3521 49.41 14.68 6.53140154753637 4.53859888878355
2005.3795 49.41 14.68 -0.47871399105923 11.99482707309746
2005.4068 49.41 14.68 -12.03449803569101 10.81576968642084
2005.4342 49.41 14.68 3.93595118039314 12.38775185206710
2005.4616 49.41 14.68 -12.06166842417453 11.34742740994881
2005.4890 49.41 14.68 -23.48448775807026 10.74116814155599
2005.5164 49.41 14.68 -0.53072799793218 10.66679033321914
2005.5438 49.41 14.68 -5.86040142288731 11.77307209309800
2005.5712 49.41 14.68 -3.43444047262721 12.96284702071708
2005.5986 49.41 14.68 20.89050265330087 13.25706371183988
2005.6260 49.41 14.68 -0.15408064163367 11.56521818118747
2005.6534 49.41 14.68 19.41495256143275 12.34880695576364
2005.6808 49.41 14.68 4.71717521795429 12.04680164025596
2005.7082 49.41 14.68 9.66618595845801 14.99359550260375
2005.7356 49.41 14.68 0.09982871331275 13.00427480034596
2005.7630 49.41 14.68 13.47040734143691 13.02290678167520
2005.7904 49.41 14.68 1.43780489370775 12.02848785499309
2005.8178 49.41 14.68 5.43154613243591 12.45143017097320
2005.8452 49.41 14.68 -46.25333573163909 13.31338558565145
2005.8726 49.41 14.68 -6.70706000798989 11.45054596470488
2005.9000 49.41 14.68 -6.81880956969201 11.07471208700340
2005.9274 49.41 14.68 -5.83238167562517 11.02445303377328
2005.9548 49.41 14.68 -1.22445710015747 9.23879519878946
2005.9822 49.41 14.68 -3.23980575901039 10.18690578562014
2006.0096 49.41 14.68 7.70478577898746 11.65693197499897
2006.0370 49.41 14.68 18.94250240849214 15.04896682801959
2006.0644 49.41 14.68 27.75212215625520 15.20031792284393
2006.0918 49.41 14.68 23.38653503706261 15.29937633881775
2006.1192 49.41 14.68 20.91899349447970 17.85019408370728
2006.1466 49.41 14.68 42.62555373693032 13.60453216211558
2006.1740 49.41 14.68 38.39180602409857 15.84842431552350
2006.2014 49.41 14.68 34.64062753993731 11.77217300094800
2006.2288 49.41 14.68 54.66820790419830 15.91314435612697
2006.2562 49.41 14.68 20.16059593883414 15.04160397632268
2006.2836 49.41 14.68 18.58039160486708 14.56350252398260
2006.3110 49.41 14.68 -3.45896764595114 15.64254552973521
2006.3384 49.41 14.68 3.69174390012375 14.09936792980820
2006.3658 49.41 14.68 4.94337158874488 15.74481308448203
2006.3932 49.41 14.68 7.18712763483558 15.40022044500374
2006.4205 49.41 14.68 15.57636337966943 15.34775081037166
2006.4479 49.41 14.68 -3.24591422130863 16.43760173187466
2006.4753 49.41 14.68 -16.26757284863195 17.03958968998312
2006.5027 49.41 14.68 -5.63210300634757 17.80060184189283
2006.5301 49.41 14.68 -15.20395295296770 21.62763642337709
2006.5575 49.41 14.68 -18.72408879036553 16.85080213092816
2006.5849 49.41 14.68 -19.59881649661103 17.37826227967028
2006.6123 49.41 14.68 -4.68289971135340 22.37138132460190
2006.6397 49.41 14.68 3.18391759498827 18.54478670933622
2006.6671 49.41 14.68 8.82217272897536 16.49937750636630
2006.6945 49.41 14.68 16.13813418843647 21.71268798766505
2006.7219 49.41 14.68 -14.31145632001254 19.68995978906989
2006.7493 49.41 14.68 -3.83597799087269 24.06052814405587
2006.7767 49.41 14.68 -41.59032876741060 20.91277550883824
2006.8041 49.41 14.68 -27.34989752142207 16.41331616654465
2006.8315 49.41 14.68 -29.29769238007168 19.54754917922246
2006.8589 49.41 14.68 -22.31085273366373 18.85032570609756
2006.8863 49.41 14.68 -18.20017045874292 17.85797469522339
2006.9137 49.41 14.68 -30.53353059702505 17.14254520244966
2006.9411 49.41 14.68 -21.54762358299579 16.75921878621834
2006.9685 49.41 14.68 -15.36722194480229 16.40954528362310
2006.9959 49.41 14.68 -6.97859526081817 15.96430678726329
2007.0233 49.41 14.68 -9.24739212012030 14.52411965677986
2007.0507 49.41 14.68 -6.08691712821445 15.44383745946544
2007.0781 49.41 14.68 -7.61228089187783 16.37591959876101
2007.1055 49.41 14.68 5.55255932491017 14.39296439846982
2007.1329 49.41 14.68 12.27021543330660 15.89663326319201
2007.1603 49.41 14.68 23.07419604602473 15.11475620799915
2007.1877 49.41 14.68 47.93616291403556 20.57271732930480
2007.2151 49.41 14.68 39.80491670766230 18.16085606694091
2007.2425 49.41 14.68 11.28950931911203 17.37062214329050
2007.2699 49.41 14.68 4.46172434304590 13.07217770253738
2007.2973 49.41 14.68 -17.36830838981734 12.25526190775037
2007.3247 49.41 14.68 -17.28142382164445 15.67310671737103
2007.3521 49.41 14.68 -10.69614212282831 17.41522744885139
2007.3795 49.41 14.68 -5.90545728718367 18.46402522738524
2007.4068 49.41 14.68 -25.04219235314137 14.87076806191423
2007.4342 49.41 14.68 -25.06274708441418 14.06236419004339
2007.4616 49.41 14.68 -42.98354609486869 19.48406736667695
2007.4890 49.41 14.68 -8.26518195248488 14.10988015843772
2007.5164 49.41 14.68 -15.70835978704176 15.14394103189916
2007.5438 49.41 14.68 -21.40067543140674 14.54489301662242
2007.5712 49.41 14.68 -20.36764092014589 14.95725071646577
2007.5986 49.41 14.68 -28.53704540348591 18.80404577489946
2007.6260 49.41 14.68 -12.92960240319385 14.84347305676974
2007.6534 49.41 14.68 -14.84151423704743 15.16741820789279
2007.6808 49.41 14.68 0.23579907513781 15.85772545962119
2007.7082 49.41 14.68 -7.33974177344038 10.96335235646261
2007.7356 49.41 14.68 -15.97706342613062 16.29971339075496
2007.7630 49.41 14.68 -31.96525288395529 11.75141986051193
2007.7904 49.41 14.68 -1.40606964603690 16.20800494829971
2007.8178 49.41 14.68 -15.74186195733970 19.08059286757562
2007.8452 49.41 14.68 -5.42555261337321 14.85539637083991
2007.8726 49.41 14.68 12.99348170125974 17.57947191768348
2007.9000 49.41 14.68 3.08775258580978 18.61101995913072
2007.9274 49.41 14.68 8.95848034095871 18.37520736779357
2007.9548 49.41 14.68 12.23140539609264 13.44127027763086
2007.9822 49.41 14.68 5.17345465214673 16.95140664742975
2008.0096 49.41 14.68 -3.51100589468384 14.75990039729855
2008.0370 49.41 14.68 1.90671107867248 15.41341100864729
2008.0644 49.41 14.68 29.27637071693327 18.14570758926910
2008.0918 49.41 14.68 -0.77161667838904 13.78358866712552
2008.1192 49.41 14.68 1.39723530930888 16.76450504083053
2008.1466 49.41 14.68 -10.81739179269979 19.81018954617592
2008.1740 49.41 14.68 -19.20415422189583 17.09455612402892
2008.2014 49.41 14.68 5.73197611355586 18.79985156130136
2008.2288 49.41 14.68 19.64940938156087 20.91601864282164
2008.2562 49.41 14.68 -1.01656170867499 19.81747667021072
2008.2836 49.41 14.68 13.24052289366438 23.88705832716385
2008.3110 49.41 14.68 -11.42104003125291 24.97472539919056
2008.3384 49.41 14.68 -7.10142277751427 18.34413615230897
2008.3658 49.41 14.68 -35.01634179774605 18.55625256031259
2008.3932 49.41 14.68 16.21923276618615 16.50731279475784
2008.4205 49.41 14.68 -1.09589590336440 14.43903704503655
2008.4479 49.41 14.68 12.19679995474473 14.92112925548179
2008.4753 49.41 14.68 -4.84008466170482 14.32216135851765
2008.5027 49.41 14.68 -16.34554333636812 17.72558287150553
2008.5301 49.41 14.68 2.31657894024678 21.92529862888109
2008.5575 49.41 14.68 -24.78352182611101 13.85338562278377
2008.5849 49.41 14.68 -15.79138744178117 16.43228643550687
2008.6123 49.41 14.68 -17.46083329512125 13.13704580920273
2008.6397 49.41 14.68 -7.68892877603998 14.65144141024611
2008.6671 49.41 14.68 -23.32021175597731 13.92418292721757
2008.6945 49.41 14.68 -18.61437648328346 13.40793746003759
2008.7219 49.41 14.68 -19.03645726468970 15.88666701100055
2008.7493 49.41 14.68 -24.98032345344059 14.21093845841136
2008.7767 49.41 14.68 -9.41130532834410 17.04970070692591
2008.8041 49.41 14.68 -25.98699928477393 17.19981401682558
2008.8315 49.41 14.68 -21.83106515140549 19.29204998525195
2008.8589 49.41 14.68 -29.82467248397458 22.56344028855780
2008.8863 49.41 14.68 -42.12664344176092 21.64038504201336
2008.9137 49.41 14.68 -20.08519809545217 20.68294822950000
2008.9411 49.41 14.68 -15.52400158594591 21.33156953624069
2008.9685 49.41 14.68 -23.39634348723246 19.91022063802496
2008.9945 49.41 14.68 -10.16929043243794 16.86699076498110
2009.0205 49.41 14.68 -6.50007979111734 16.74510055848793
2009.0479 49.41 14.68 0.31154132198434 16.75802720418672
2009.0753 49.41 14.68 -3.75799351043107 15.79836004966811
2009.1027 49.41 14.68 -34.04785996347260 20.07611433036178
2009.1301 49.41 14.68 -14.38402742896666 15.65004932791448
2009.1575 49.41 14.68 -1.12869173440747 15.81197983782730
2009.1849 49.41 14.68 -3.73580425160264 18.87707538893776
2009.2123 49.41 14.68 12.04061020036572 15.53588663279432
2009.2397 49.41 14.68 10.58451406103419 18.09639832153984
2009.2671 49.41 14.68 18.52015796623697 14.96804280176500
2009.2945 49.41 14.68 4.38722642615671 15.42847500161202
2009.3219 49.41 14.68 -2.02119749769268 16.06162792334242
2009.3493 49.41 14.68 -20.76606981883176 14.60966284370521
2009.3767 49.41 14.68 14.27294241461609 15.39553442573422
2009.4041 49.41 14.68 0.16422943636234 13.27285465266568
2009.4315 49.41 14.68 -0.80564593725169 15.68795613029160
2009.4589 49.41 14.68 -38.68311303832080 12.86679628657017
2009.4863 49.41 14.68 0.85404383006570 14.32315848214644
2009.5137 49.41 14.68 -4.14659298805806 13.44695046840027
2009.5411 49.41 14.68 -5.71596462368128 16.83788463946401
2009.5685 49.41 14.68 -0.20412328682238 18.07760768376914
2009.5959 49.41 14.68 -5.19801817506117 15.67216880474876
2009.6233 49.41 14.68 -13.81829024411395 16.62992410563593
2009.6507 49.41 14.68 4.98377710341159 16.04433644953606
2009.6781 49.41 14.68 -20.44490895094111 17.36953957087253
2009.7055 49.41 14.68 -15.23582760273921 18.24440150339228
2009.7329 49.41 14.68 -23.92621087738483 17.40921730381304
2009.7603 49.41 14.68 -14.89620875614859 19.93025170789670
2009.7877 49.41 14.68 -46.91167153033865 18.32924157775216
2009.8151 49.41 14.68 -8.50525628204582 19.90277408344588
2009.8425 49.41 14.68 -27.41132952572239 17.91984339503826
2009.8699 49.41 14.68 -24.47315956287814 17.02812271156088
2009.8973 49.41 14.68 -5.16834745379375 15.82875573166851
2009.9247 49.41 14.68 -24.19138863113289 15.35775374527422
2009.9521 49.41 14.68 -2.40393650852354 14.55953994343263
2009.9795 49.41 14.68 -17.48104736463126 14.98295908735125
2010.0068 49.41 14.68 36.46884695761802 19.53486275434462
2010.0342 49.41 14.68 3.46789843298097 14.79058715048978
2010.0616 49.41 14.68 -9.82054616795432 15.28196685833252
2010.0890 49.41 14.68 14.40221048915467 18.76685166558288
2010.1164 49.41 14.68 12.36603999698474 19.41355775347234
2010.1438 49.41 14.68 24.17338267311469 18.37094281192800
2010.1712 49.41 14.68 41.80535480970669 17.51760073237249
2010.1986 49.41 14.68 27.79097341712954 16.77040647613009
2010.2260 49.41 14.68 13.26338989413786 18.42775226735477
2010.2534 49.41 14.68 -13.15151946691029 18.93773153287831
2010.2808 49.41 14.68 1.02694037896309 14.23703899400330
2010.3082 49.41 14.68 5.88946537042992 15.07210730312519
2010.3356 49.41 14.68 -8.30014399422228 13.32700925065703
2010.3630 49.41 14.68 -11.11600063340618 14.31412974527611
2010.3904 49.41 14.68 -0.42364966299105 14.55644894124391
2010.4178 49.41 14.68 -0.98639615986220 15.34462406157671
2010.4452 49.41 14.68 8.35663976227138 13.30601812679282
2010.4726 49.41 14.68 9.58902634987577 11.80714643421014
2010.5000 49.41 14.68 -15.67952365889812 13.66649101828115
2010.5274 49.41 14.68 5.16591641872081 22.81088707951109
2010.5548 49.41 14.68 -4.76703660929361 14.12194385567931
2010.5822 49.41 14.68 14.27020738116858 12.62765452564342
2010.6096 49.41 14.68 37.25237103428084 16.90738756919278
2010.6370 49.41 14.68 35.07601028572913 14.85885028779657
2010.6644 49.41 14.68 -3.97936863740135 13.78561182670111
2010.6918 49.41 14.68 29.26727913178625 17.02545010141363
2010.7192 49.41 14.68 -11.89754560544149 15.77984343079880
2010.7466 49.41 14.68 -0.52521275570777 18.70197271168782
2010.7740 49.41 14.68 -6.28325855099051 14.57809005201897
2010.8014 49.41 14.68 6.61463526298392 13.97529434735401
2010.8288 49.41 14.68 -4.31223446221174 16.24164108848449
2010.8562 49.41 14.68 -9.46004734525509 15.86549280795338
2010.8836 49.41 14.68 -19.68569507740896 14.44586301602956
2010.9110 49.41 14.68 13.32437087332855 16.08706315990813
2010.9384 49.41 14.68 9.82963969276395 16.79819171872249
2010.9658 49.41 14.68 30.21000332086719 18.65718117786561
2010.9932 49.41 14.68 -21.15383863078218 13.77809704441741
2011.1027 49.41 14.68 11.89144890895424 13.69968603713550
2011.1301 49.41 14.68 45.81727387776497 22.19177884713270
2011.1575 49.41 14.68 10.11488365989853 14.25282034728804
2011.1849 49.41 14.68 32.67307235119844 10.90745570107296
2011.2123 49.41 14.68 26.13154546648266 18.82148127565184
2011.2397 49.41 14.68 52.58585745147781 19.78526959517750
2011.2671 49.41 14.68 11.11477469503867 15.61653714362647
2011.2945 49.41 14.68 14.43761301548811 18.57662197003411
2011.3219 49.41 14.68 5.90425361268308 17.31693636052186
2011.3493 49.41 14.68 23.24424261724759 15.26490791367892
2011.3767 49.41 14.68 -26.69321503449315 18.23195460351829
2011.4041 49.41 14.68 -2.56679456112475 15.70762818299487
2011.4315 49.41 14.68 -17.92770458113738 15.51775546222216
2011.5137 49.41 14.68 -7.05573171996139 14.14434032465917
2011.5411 49.41 14.68 9.36048441474203 15.32078806216778
2011.5685 49.41 14.68 -10.94785915242287 14.80107446243501
2011.5959 49.41 14.68 -12.27714385174393 16.04359332124974
2011.6233 49.41 14.68 10.33186843093803 15.91783569172896
2011.6507 49.41 14.68 24.44844961991903 19.43552178844299
2011.6781 49.41 14.68 13.25398720966139 18.00997628153751
2011.7055 49.41 14.68 0.71776008136259 18.10298355206557
2011.7329 49.41 14.68 18.87336168420123 21.26093621948880
2011.7603 49.41 14.68 -14.76466533134477 18.01822388482569
2011.7877 49.41 14.68 13.52132198029941 19.29944864563868
2011.8151 49.41 14.68 2.88420554238586 18.84690390328538
2011.8425 49.41 14.68 -34.24790172350482 20.69924188889256
2011.8699 49.41 14.68 4.00492375486974 19.15413310835390
2011.9521 49.41 14.68 4.44983946088498 11.95135555340105
2011.9795 49.41 14.68 8.29031410724221 16.23717203405824
2012.0068 49.41 14.68 4.80602743059053 14.95166559821741
2012.0342 49.41 14.68 67.44601952503774 18.11864464674980
2012.0616 49.41 14.68 22.15203924136748 15.64512227248595
2012.0890 49.41 14.68 36.87669714468590 15.37858701413258
2012.1164 49.41 14.68 -2.25241795375840 14.94829892746115
2012.1438 49.41 14.68 -10.07146865205617 15.49229441136967
2012.1712 49.41 14.68 2.49396911362176 14.58364172463085
2012.1986 49.41 14.68 7.09890089129030 13.08152327436070
2012.2260 49.41 14.68 -12.51939455771181 13.50994253463330
2012.2534 49.41 14.68 8.97524336396949 13.11000831512360
2012.2808 49.41 14.68 -4.98686513231115 12.15606292664022
2012.3082 49.41 14.68 -10.44024242487355 14.24523129266451
2012.3904 49.41 14.68 -26.10888993841443 14.46440158193420
2012.4178 49.41 14.68 -25.91349581846424 11.02819882736463
2012.4452 49.41 14.68 -2.67406997851456 10.84976153483699
2012.4726 49.41 14.68 0.36178528112277 11.83911252474029
2012.5000 49.41 14.68 -23.96622723568964 11.16229538700358
2012.5274 49.41 14.68 -30.08171940853246 11.95898515235452
2012.5548 49.41 14.68 -17.63404844582628 11.96011922785214
2012.5822 49.41 14.68 -22.57202937542491 12.81444714015832
2012.6096 49.41 14.68 -11.71605446994525 12.76377674412983
2012.6370 49.41 14.68 -9.89321265174322 11.64799301093834
2012.6644 49.41 14.68 -19.78058720833911 12.90640261504025
2012.6918 49.41 14.68 -12.13073471065366 13.35410301037411
2012.7192 49.41 14.68 3.60791677406153 16.49189856029860
2012.7466 49.41 14.68 2.41986898183807 10.98084604848388
2012.8562 49.41 14.68 -7.40364193575712 16.93422068260277
2012.8836 49.41 14.68 -19.39636732004801 16.00436150328265
2012.9110 49.41 14.68 -11.39548545024144 15.10748942125812
2012.9384 49.41 14.68 -38.90423753698528 14.27098788255834
2012.9658 49.41 14.68 -15.04727425855891 16.47703653379337
2012.9918 49.41 14.68 -26.15118619052224 7.65471277081465
2013.0178 49.41 14.68 -11.03233223777976 9.26899749367444
2013.0452 49.41 14.68 18.88489066454274 9.17349061590943
2013.0726 49.41 14.68 2.07487421426326 8.36500230301015
2013.1000 49.41 14.68 18.12279664682080 8.61397305194115
2013.1274 49.41 14.68 15.23139618328277 7.87697949490838
2013.1548 49.41 14.68 15.10171482470976 7.12192323216077
2013.2644 49.41 14.68 20.91050524773670 8.40734927779609
2013.2918 49.41 14.68 24.02316452494680 8.16087684825322
2013.3192 49.41 14.68 -7.51995991120933 9.16304553792182
2013.3466 49.41 14.68 10.53575503409827 9.44281923135334
2013.3740 49.41 14.68 -4.90933624449816 7.91439643769206
2013.4014 49.41 14.68 23.58063997600280 8.21782454246397
2013.4288 49.41 14.68 20.66528977359351 7.05846026123011
2013.4562 49.41 14.68 21.36621743909245 7.18765886121200
2013.4836 49.41 14.68 49.24172064255417 7.42975262113569
2013.5110 49.41 14.68 23.48040149932167 8.55619968284502
2013.5384 49.41 14.68 3.82194260216406 8.23630578484688
2013.5658 49.41 14.68 26.57787731089532 8.72640171179343
2013.7575 49.41 14.68 -3.66541391068945 8.16650808145822
2013.7849 49.41 14.68 -8.99704636972805 8.57617119951856
2013.8123 49.41 14.68 6.81473337664689 7.79486003313270
2013.8397 49.41 14.68 3.52688915130639 7.93552208807035
2013.8671 49.41 14.68 -13.70318218673486 8.47038931722368
2013.8945 49.41 14.68 -4.50931600283540 7.92262426671427
2013.9219 49.41 14.68 16.11773838802972 6.85808397276124
2013.9493 49.41 14.68 -15.83679089819971 7.47819012584687
2013.9767 49.41 14.68 -11.79254117672628 7.42637529231743
2014.0041 49.41 14.68 18.84659985940154 7.20219292802405
2014.0315 49.41 14.68 21.37939893527562 7.64703587644853
2014.1685 49.41 14.68 52.88507690757766 7.92667869019601
2014.1959 49.41 14.68 19.48605447129446 8.30112707146031
2014.2233 49.41 14.68 14.34486218714814 7.77601594087370
2014.2507 49.41 14.68 11.91787285690846 7.01071756736614
2014.2781 49.41 14.68 12.41305105588793 7.48877670942557
2014.3055 49.41 14.68 15.71930423000527 7.12409453517306
2014.3329 49.41 14.68 -4.54941329115767 5.62531004868955
2014.3603 49.41 14.68 7.71267937956349 6.59417950694890
2014.3877 49.41 14.68 5.54110019930835 6.61753515301237
2014.4151 49.41 14.68 20.03255543598286 6.54064419470707
2014.4425 49.41 14.68 -2.27608860491200 7.02297367600929
2014.4699 49.41 14.68 -29.03429770154016 6.90229531389840
2014.5795 49.41 14.68 12.69302594287390 5.45957101654025
2014.6068 49.41 14.68 13.06871359735986 6.05795861579314
2014.6342 49.41 14.68 3.10671327793559 5.34387303891850
2014.6616 49.41 14.68 28.10235611062966 6.17182012653275
2014.6890 49.41 14.68 -1.63778893366262 5.99989760941323
2014.7164 49.41 14.68 9.39319045352635 5.85064920395243
2014.7438 49.41 14.68 40.86312509199947 6.49887954277186
2014.7712 49.41 14.68 -6.01619992024492 6.42382757286635
2014.7986 49.41 14.68 20.42171431607687 5.53070600537576
2014.8260 49.41 14.68 8.56510720301275 5.48844815069836
2014.8534 49.41 14.68 -0.97935322197157 5.86768080761299
2014.8808 49.41 14.68 32.79606361343847 5.87614423348843
2014.9082 49.41 14.68 15.45728791571067 6.01237415390397
2015.0452 49.41 14.68 26.47588417118877 4.19133292138941
2015.0726 49.41 14.68 15.60276891064709 4.88982055746114
2015.1000 49.41 14.68 30.72098471424262 4.07022599946024
2015.1274 49.41 14.68 9.06265500698268 3.74547790028786
2015.1548 49.41 14.68 36.82519816599705 4.69640983618155
2015.1822 49.41 14.68 25.21255814235851 4.26939499547735
2015.2096 49.41 14.68 8.23445770215871 6.14828325546092
2015.2370 49.41 14.68 -12.32911915592838 6.73042043046155
2015.2644 49.41 14.68 21.77650434992956 5.69631782252963
2015.2918 49.41 14.68 13.30384784500978 5.61576436935628
2015.3192 49.41 14.68 -7.36683580923548 5.40167112641578
2015.3466 49.41 14.68 31.18279048804830 5.97935551383632
2015.4836 49.41 14.68 1.90083574340294 4.97470078770674
2015.5110 49.41 14.68 1.15653814520096 4.88636107994833
2015.5384 49.41 14.68 -7.79448202672758 5.61088549515622
2015.5658 49.41 14.68 7.23320610065691 5.94265013735332
2015.5932 49.41 14.68 17.82640460513029 6.29065237512468
2015.6205 49.41 14.68 -8.60031645481224 5.93266905333898
2015.6479 49.41 14.68 6.26096414606494 5.79879659772097
2015.6753 49.41 14.68 -15.92485937122364 5.43577205313219
2015.7027 49.41 14.68 -14.93092150825060 6.16992850251212
2015.7301 49.41 14.68 -8.56096188043312 6.05586360745290
2015.9493 49.41 14.68 -11.08932041888146 5.74383070383103
2015.9767 49.41 14.68 -16.88609611671736 6.36123082208381
2016.0041 49.41 14.68 0.04473222053505 5.62275947110869
2016.0315 49.41 14.68 -15.20257608864404 5.34955412273807
2016.0589 49.41 14.68 39.09035307174433 5.46796470556159
2016.0863 49.41 14.68 34.09492369577957 4.72440613052012
2016.1137 49.41 14.68 31.27575241740207 5.60053629715283
2016.1411 49.41 14.68 12.62192965543898 6.93479062494890
2016.1685 49.41 14.68 -16.87350292704415 7.61390097585301
2016.1959 49.41 14.68 38.38425612492849 7.44527824363005
2016.2233 49.41 14.68 33.15624150392168 7.56103160837070
2016.2507 49.41 14.68 16.94519387959628 5.72844906245019
2016.3603 49.41 14.68 4.82022155103941 5.37375500700972
2016.3877 49.41 14.68 0.49204595052011 6.63092570293435
2016.4151 49.41 14.68 5.82297538174029 6.43235114788146
2016.4425 49.41 14.68 30.04712416954952 7.07151980191284
2016.4699 49.41 14.68 8.90554364787954 6.91569582689208
