2002.5877 -12.43 130.84 0.074 0.087 9.582 0.109 0.072 0.459
2002.6151 -12.43 130.84 0.380 -0.237 2.918 0.104 0.069 0.440
2002.6425 -12.43 130.84 0.121 -0.396 5.235 0.106 0.072 0.449
2002.6699 -12.43 130.84 0.507 -0.378 6.557 0.092 0.060 0.391
2002.6973 -12.43 130.84 0.915 0.014 -1.113 0.149 0.064 0.563
2002.7247 -12.43 130.84 0.701 0.019 6.345 0.099 0.068 0.421
2002.7521 -12.43 130.84 0.906 -0.096 7.035 0.092 0.063 0.393
2002.7795 -12.43 130.84 0.774 -0.649 6.914 0.106 0.072 0.450
2002.8068 -12.43 130.84 0.688 -0.731 8.673 0.095 0.065 0.405
2002.8342 -12.43 130.84 0.945 -1.193 6.552 0.094 0.064 0.399
2002.8616 -12.43 130.84 0.930 -0.309 5.681 0.095 0.056 0.394
2002.8890 -12.43 130.84 0.830 -0.567 8.402 0.095 0.065 0.404
2002.9164 -12.43 130.84 0.781 -0.621 4.714 0.101 0.066 0.427
2003.0260 -12.43 130.84 0.754 -0.264 0.698 0.114 0.073 0.478
2003.0534 -12.43 130.84 0.630 -0.263 -0.148 0.186 0.125 0.767
2003.0808 -12.43 130.84 0.977 -0.308 -1.793 0.165 0.102 0.677
2003.1082 -12.43 130.84 0.727 0.219 -0.320 0.096 0.060 0.406
2003.1356 -12.43 130.84 0.505 0.731 -1.850 0.089 0.055 0.380
2003.1630 -12.43 130.84 -0.223 0.098 -2.650 0.095 0.060 0.402
2003.1904 -12.43 130.84 -0.686 0.991 -5.270 0.111 0.068 0.463
2003.2178 -12.43 130.84 -0.291 0.613 -5.827 0.094 0.059 0.397
2003.2452 -12.43 130.84 -0.285 0.317 -2.887 0.092 0.059 0.390
2003.2726 -12.43 130.84 -0.436 0.478 -0.348 0.089 0.058 0.380
2003.3000 -12.43 130.84 -0.429 0.167 -1.293 0.087 0.057 0.373
2003.3274 -12.43 130.84 -0.497 0.312 -2.174 0.114 0.075 0.478
2003.3548 -12.43 130.84 0.009 0.007 -1.162 0.125 0.085 0.522
2003.3822 -12.43 130.84 0.289 -0.143 -1.044 0.113 0.071 0.472
2003.5192 -12.43 130.84 0.463 0.229 3.430 0.119 0.083 0.502
2003.5466 -12.43 130.84 0.568 -0.125 3.652 0.132 0.094 0.555
2003.5740 -12.43 130.84 0.528 -0.156 0.977 0.153 0.113 0.646
2003.6014 -12.43 130.84 0.554 -0.178 3.118 0.132 0.094 0.556
2003.6288 -12.43 130.84 0.615 -0.575 3.214 0.125 0.087 0.526
2003.6562 -12.43 130.84 0.973 -0.696 3.239 0.134 0.095 0.563
2003.6836 -12.43 130.84 0.664 -0.376 6.152 0.132 0.096 0.558
2003.7110 -12.43 130.84 0.854 -0.778 6.220 0.104 0.071 0.439
2003.7384 -12.43 130.84 0.849 -0.714 4.964 0.126 0.089 0.529
2003.7658 -12.43 130.84 0.689 -0.757 4.679 0.115 0.081 0.488
2003.7932 -12.43 130.84 0.695 -0.446 6.918 0.129 0.092 0.543
2003.8205 -12.43 130.84 0.986 -0.429 3.146 0.139 0.097 0.579
2003.8479 -12.43 130.84 0.902 -0.175 2.653 0.122 0.081 0.508
2003.8753 -12.43 130.84 0.721 -0.242 3.259 0.128 0.091 0.539
2003.9027 -12.43 130.84 0.818 -0.427 3.414 0.117 0.079 0.491
2003.9301 -12.43 130.84 0.715 -0.553 6.548 0.122 0.085 0.514
2003.9575 -12.43 130.84 0.497 -0.727 4.298 0.137 0.100 0.579
2003.9849 -12.43 130.84 0.445 0.165 -0.713 0.130 0.093 0.548
2004.0123 -12.43 130.84 0.146 0.160 0.606 0.140 0.099 0.586
2004.0397 -12.43 130.84 -0.149 0.046 -0.579 0.118 0.074 0.487
2004.0945 -12.43 130.84 -0.245 0.335 -2.646 0.110 0.069 0.457
2004.1219 -12.43 130.84 -0.841 0.545 -5.570 0.118 0.081 0.493
2004.1493 -12.43 130.84 -1.019 0.636 -6.040 0.138 0.097 0.578
2004.1767 -12.43 130.84 -1.336 0.902 -5.165 0.147 0.107 0.619
2004.2041 -12.43 130.84 -1.276 0.288 -5.555 0.120 0.083 0.504
2004.2315 -12.43 130.84 -0.930 0.761 -7.266 0.122 0.084 0.511
2004.2589 -12.43 130.84 -0.898 0.280 -6.204 0.126 0.087 0.527
2004.2863 -12.43 130.84 -0.981 0.347 -1.443 0.127 0.087 0.530
2004.3137 -12.43 130.84 -0.642 0.783 -2.651 0.121 0.083 0.505
2004.3411 -12.43 130.84 -0.706 0.489 -0.587 0.132 0.091 0.552
2004.3685 -12.43 130.84 -0.548 0.297 -0.176 0.128 0.085 0.529
2004.3959 -12.43 130.84 -0.571 0.574 -0.178 0.112 0.073 0.466
2004.4233 -12.43 130.84 -0.558 0.695 -3.236 0.108 0.070 0.448
2004.4507 -12.43 130.84 -0.485 -0.126 -2.424 0.096 0.063 0.402
2004.4781 -12.43 130.84 -0.181 -0.231 0.762 0.105 0.069 0.440
2004.5055 -12.43 130.84 -0.236 -0.173 1.738 0.103 0.067 0.429
2004.5329 -12.43 130.84 0.098 -0.182 3.068 0.097 0.063 0.406
2004.5603 -12.43 130.84 -0.141 -0.944 5.377 0.100 0.065 0.417
2004.5877 -12.43 130.84 -0.314 -0.551 4.049 0.101 0.065 0.421
2004.6151 -12.43 130.84 -0.092 -0.408 5.585 0.111 0.072 0.461
2004.6425 -12.43 130.84 -0.158 -0.501 5.898 0.095 0.060 0.396
2004.6699 -12.43 130.84 0.002 -0.437 4.652 0.095 0.060 0.397
2004.6973 -12.43 130.84 0.138 -0.046 4.963 0.089 0.056 0.375
2004.7247 -12.43 130.84 0.099 0.079 4.922 0.102 0.065 0.424
2004.7521 -12.43 130.84 0.461 -0.093 4.382 0.098 0.062 0.408
2004.7795 -12.43 130.84 0.496 -0.126 3.401 0.096 0.061 0.398
2004.8068 -12.43 130.84 0.340 -0.232 4.873 0.106 0.068 0.439
2004.8342 -12.43 130.84 0.561 -0.301 3.876 0.104 0.067 0.433
2004.8616 -12.43 130.84 0.650 -0.452 4.782 0.092 0.059 0.387
2004.8890 -12.43 130.84 0.606 -0.309 4.618 0.092 0.059 0.388
2004.9164 -12.43 130.84 0.514 -0.356 6.385 0.101 0.065 0.420
2004.9438 -12.43 130.84 0.748 -0.777 6.410 0.111 0.070 0.460
2004.9712 -12.43 130.84 0.459 -0.400 5.462 0.101 0.067 0.422
2004.9973 -12.43 130.84 0.237 -0.301 1.551 0.098 0.063 0.409
2005.0233 -12.43 130.84 0.015 0.029 0.349 0.113 0.077 0.473
2005.0507 -12.43 130.84 -0.389 0.547 -2.962 0.164 0.124 0.696
2005.0781 -12.43 130.84 -0.201 0.237 0.556 0.125 0.090 0.529
2005.1055 -12.43 130.84 -0.147 0.497 0.536 0.124 0.088 0.524
2005.1329 -12.43 130.84 -0.165 0.449 -0.665 0.128 0.091 0.537
2005.1603 -12.43 130.84 -0.275 0.507 -0.552 0.114 0.078 0.479
2005.1877 -12.43 130.84 0.010 0.992 -0.246 0.115 0.076 0.478
2005.2151 -12.43 130.84 -0.390 0.562 -1.585 0.108 0.070 0.450
2005.2425 -12.43 130.84 -0.392 0.889 -3.806 0.105 0.069 0.438
2005.2699 -12.43 130.84 -0.198 0.677 -2.377 0.112 0.075 0.467
2005.2973 -12.43 130.84 0.102 0.638 -2.107 0.118 0.079 0.491
2005.3247 -12.43 130.84 -0.329 0.101 -0.025 0.124 0.083 0.515
2005.3521 -12.43 130.84 0.037 0.186 2.551 0.055 0.035 0.250
2005.3795 -12.43 130.84 0.263 0.141 1.534 0.116 0.077 0.484
2005.4068 -12.43 130.84 0.188 0.015 0.681 0.107 0.070 0.446
2005.4342 -12.43 130.84 0.210 -0.174 4.387 0.123 0.080 0.508
2005.4616 -12.43 130.84 0.269 -0.236 2.992 0.111 0.073 0.464
2005.4890 -12.43 130.84 0.240 -0.540 4.906 0.106 0.069 0.441
2005.5164 -12.43 130.84 0.266 -0.139 4.273 0.105 0.069 0.440
2005.5438 -12.43 130.84 0.440 -0.295 3.402 0.114 0.077 0.477
2005.5712 -12.43 130.84 0.574 -0.346 5.724 0.124 0.084 0.518
2005.5986 -12.43 130.84 0.499 -0.293 5.471 0.127 0.087 0.529
2005.6260 -12.43 130.84 0.542 0.054 4.149 0.112 0.076 0.470
2005.6534 -12.43 130.84 0.599 -0.289 5.910 0.118 0.081 0.495
2005.6808 -12.43 130.84 0.469 -0.195 3.839 0.116 0.079 0.486
2005.7082 -12.43 130.84 0.774 -0.121 6.041 0.140 0.099 0.586
2005.7356 -12.43 130.84 0.602 -0.319 6.197 0.123 0.086 0.517
2005.7630 -12.43 130.84 0.680 -0.369 5.591 0.124 0.086 0.519
2005.7904 -12.43 130.84 1.050 -0.374 5.928 0.116 0.080 0.487
2005.8178 -12.43 130.84 1.104 -0.412 4.874 0.119 0.083 0.500
2005.8452 -12.43 130.84 1.000 -0.503 3.744 0.128 0.088 0.536
2005.8726 -12.43 130.84 0.771 -0.473 3.595 0.111 0.076 0.466
2005.9000 -12.43 130.84 0.860 -0.533 1.493 0.108 0.073 0.454
2005.9274 -12.43 130.84 0.795 -0.290 2.750 0.113 0.070 0.468
2005.9548 -12.43 130.84 0.981 -0.374 1.174 0.110 0.064 0.464
2005.9822 -12.43 130.84 1.104 -0.465 2.852 0.107 0.067 0.445
2006.0096 -12.43 130.84 0.455 -0.491 1.338 0.116 0.076 0.483
2006.0370 -12.43 130.84 0.168 -0.093 0.213 0.145 0.099 0.603
2006.0644 -12.43 130.84 -0.231 -0.051 -4.206 0.148 0.100 0.612
2006.0918 -12.43 130.84 -0.339 -0.396 -5.892 0.147 0.101 0.610
2006.1192 -12.43 130.84 -0.312 -0.085 -4.011 0.166 0.118 0.692
2006.1466 -12.43 130.84 -0.335 0.294 -3.622 0.131 0.091 0.547
2006.1740 -12.43 130.84 -0.360 0.451 -4.284 0.146 0.106 0.616
2006.2014 -12.43 130.84 -0.469 0.604 -5.317 0.114 0.079 0.480
2006.2288 -12.43 130.84 -0.573 0.758 -8.155 0.147 0.107 0.621
2006.2562 -12.43 130.84 -0.908 0.806 -9.668 0.138 0.102 0.585
2006.2836 -12.43 130.84 -0.729 0.644 -8.842 0.135 0.099 0.573
2006.3110 -12.43 130.84 -0.583 0.608 -8.846 0.144 0.107 0.611
2006.3384 -12.43 130.84 -0.687 0.450 -7.355 0.131 0.096 0.555
2006.3658 -12.43 130.84 -0.590 0.647 -5.118 0.145 0.107 0.614
2006.3932 -12.43 130.84 -0.573 0.056 -6.062 0.143 0.105 0.605
2006.4205 -12.43 130.84 -0.511 0.205 -3.105 0.143 0.104 0.605
2006.4479 -12.43 130.84 -0.689 -0.028 -0.078 0.157 0.110 0.656
2006.4753 -12.43 130.84 -0.330 -0.064 -0.056 0.159 0.116 0.671
2006.5027 -12.43 130.84 -0.231 0.036 0.667 0.165 0.121 0.696
2006.5301 -12.43 130.84 -0.735 0.295 3.191 0.196 0.148 0.829
2006.5575 -12.43 130.84 -0.232 -0.289 2.170 0.156 0.116 0.661
2006.5849 -12.43 130.84 -0.153 -0.164 2.014 0.161 0.119 0.679
2006.6123 -12.43 130.84 -0.111 -0.303 4.478 0.197 0.154 0.843
2006.6397 -12.43 130.84 0.074 -0.246 3.092 0.168 0.127 0.712
2006.6671 -12.43 130.84 -0.091 -0.357 6.072 0.153 0.113 0.645
2006.6945 -12.43 130.84 0.179 -0.069 2.544 0.194 0.148 0.823
2006.7219 -12.43 130.84 0.386 -0.480 5.415 0.183 0.133 0.767
2006.7493 -12.43 130.84 0.543 -0.099 7.038 0.217 0.162 0.914
2006.7767 -12.43 130.84 0.247 -0.630 5.657 0.189 0.142 0.797
2006.8041 -12.43 130.84 0.428 -0.308 5.589 0.152 0.111 0.641
2006.8315 -12.43 130.84 0.747 -0.504 5.739 0.177 0.132 0.746
2006.8589 -12.43 130.84 0.552 -0.204 4.843 0.172 0.127 0.724
2006.8863 -12.43 130.84 0.575 -0.469 5.771 0.165 0.120 0.692
2006.9137 -12.43 130.84 0.488 -0.460 7.263 0.160 0.114 0.669
2006.9411 -12.43 130.84 0.310 -0.183 6.119 0.158 0.111 0.658
2006.9685 -12.43 130.84 0.455 -0.408 5.932 0.157 0.108 0.651
2006.9959 -12.43 130.84 0.460 -0.395 5.194 0.156 0.104 0.645
2007.0233 -12.43 130.84 0.466 -0.236 2.068 0.145 0.095 0.599
2007.0507 -12.43 130.84 -0.066 -0.144 1.413 0.151 0.101 0.626
2007.0781 -12.43 130.84 -0.012 0.150 1.509 0.155 0.109 0.647
2007.1055 -12.43 130.84 -0.174 0.379 -1.572 0.139 0.096 0.579
2007.1329 -12.43 130.84 -0.195 0.409 -1.764 0.151 0.106 0.631
2007.1603 -12.43 130.84 -0.079 1.198 -2.123 0.144 0.101 0.602
2007.1877 -12.43 130.84 -0.455 0.594 -4.251 0.186 0.138 0.783
2007.2151 -12.43 130.84 -0.876 0.658 -4.780 0.166 0.122 0.698
2007.2425 -12.43 130.84 -0.783 0.835 -6.181 0.159 0.117 0.671
2007.2699 -12.43 130.84 -0.738 0.792 -5.038 0.127 0.088 0.534
2007.2973 -12.43 130.84 -0.564 0.557 -2.747 0.120 0.083 0.504
2007.3247 -12.43 130.84 -0.414 0.539 -2.299 0.146 0.106 0.616
2007.3521 -12.43 130.84 -0.241 0.465 -2.478 0.160 0.118 0.675
2007.3795 -12.43 130.84 -0.162 0.059 -1.807 0.168 0.125 0.710
2007.4068 -12.43 130.84 -0.074 0.302 -1.167 0.140 0.101 0.590
2007.4342 -12.43 130.84 -0.000 0.215 1.464 0.134 0.095 0.564
2007.4616 -12.43 130.84 -0.055 0.278 0.366 0.176 0.131 0.742
2007.4890 -12.43 130.84 0.034 0.048 -1.022 0.135 0.095 0.566
2007.5164 -12.43 130.84 -0.107 -0.294 1.847 0.142 0.102 0.599
2007.5438 -12.43 130.84 -0.032 -0.387 2.866 0.138 0.098 0.580
2007.5712 -12.43 130.84 -0.070 -0.631 2.904 0.142 0.101 0.595
2007.5986 -12.43 130.84 0.174 -0.400 3.479 0.174 0.126 0.728
2007.6260 -12.43 130.84 0.367 -0.599 2.412 0.142 0.099 0.593
2007.6534 -12.43 130.84 0.298 -0.552 4.354 0.144 0.101 0.603
2007.6808 -12.43 130.84 0.500 -0.353 4.993 0.152 0.105 0.632
2007.7082 -12.43 130.84 0.579 -0.591 4.069 0.112 0.073 0.470
2007.7356 -12.43 130.84 0.534 -0.352 4.386 0.156 0.108 0.647
2007.7630 -12.43 130.84 0.798 -0.187 2.863 0.120 0.078 0.500
2007.7904 -12.43 130.84 0.697 0.062 4.826 0.153 0.108 0.640
2007.8178 -12.43 130.84 0.768 -0.501 3.769 0.176 0.127 0.737
2007.8452 -12.43 130.84 0.828 -0.288 2.745 0.144 0.100 0.600
2007.8726 -12.43 130.84 1.110 -0.349 3.289 0.167 0.119 0.699
2007.9000 -12.43 130.84 0.974 -0.356 2.004 0.178 0.123 0.737
2007.9274 -12.43 130.84 1.092 -0.478 1.517 0.173 0.124 0.725
2007.9548 -12.43 130.84 0.818 -0.725 2.519 0.130 0.091 0.548
2007.9822 -12.43 130.84 0.503 -0.591 0.941 0.160 0.116 0.673
2008.0096 -12.43 130.84 0.435 0.109 -1.088 0.141 0.101 0.592
2008.0370 -12.43 130.84 0.237 0.073 -2.786 0.145 0.106 0.612
2008.0644 -12.43 130.84 0.151 0.325 -2.851 0.167 0.125 0.705
2008.0918 -12.43 130.84 -0.122 0.444 -3.539 0.134 0.094 0.563
2008.1192 -12.43 130.84 -0.099 0.054 -4.658 0.157 0.116 0.663
2008.1466 -12.43 130.84 0.036 0.552 -7.040 0.182 0.136 0.770
2008.1740 -12.43 130.84 -0.767 0.635 -8.904 0.159 0.118 0.673
2008.2014 -12.43 130.84 -0.800 0.668 -7.752 0.170 0.129 0.724
2008.2288 -12.43 130.84 -0.544 1.493 -6.594 0.199 0.142 0.830
2008.2562 -12.43 130.84 -0.237 0.937 -10.357 0.186 0.135 0.777
2008.2836 -12.43 130.84 -0.332 0.423 -7.956 0.223 0.162 0.931
2008.3110 -12.43 130.84 -0.109 0.373 -5.705 0.230 0.169 0.962
2008.3384 -12.43 130.84 0.170 0.698 -3.992 0.170 0.124 0.715
2008.3658 -12.43 130.84 -0.033 0.193 -2.047 0.174 0.125 0.728
2008.3932 -12.43 130.84 0.087 0.393 -2.859 0.159 0.111 0.660
2008.4205 -12.43 130.84 0.091 -0.020 -0.860 0.138 0.095 0.576
2008.4479 -12.43 130.84 0.373 -0.265 -2.339 0.141 0.099 0.588
2008.4753 -12.43 130.84 0.387 -0.441 0.284 0.137 0.096 0.571
2008.5027 -12.43 130.84 0.441 -0.337 0.279 0.167 0.117 0.693
2008.5301 -12.43 130.84 0.247 -0.766 3.682 0.207 0.145 0.857
2008.5575 -12.43 130.84 0.463 -0.439 5.351 0.136 0.090 0.561
2008.5849 -12.43 130.84 0.572 -0.529 2.784 0.153 0.109 0.638
2008.6123 -12.43 130.84 0.436 -0.389 5.211 0.128 0.087 0.532
2008.6397 -12.43 130.84 0.746 -0.289 2.035 0.140 0.097 0.583
2008.6671 -12.43 130.84 0.622 -0.261 3.495 0.134 0.092 0.559
2008.6945 -12.43 130.84 0.726 -0.349 2.417 0.130 0.089 0.543
2008.7219 -12.43 130.84 0.851 0.025 2.304 0.149 0.106 0.624
2008.7493 -12.43 130.84 0.556 -0.381 3.797 0.135 0.095 0.567
2008.7767 -12.43 130.84 0.889 -0.509 3.487 0.158 0.115 0.662
2008.8041 -12.43 130.84 0.931 -0.376 1.815 0.159 0.116 0.667
2008.8315 -12.43 130.84 1.051 -0.520 0.077 0.179 0.131 0.751
2008.8589 -12.43 130.84 1.110 -0.628 1.743 0.209 0.153 0.875
2008.8863 -12.43 130.84 1.003 -0.746 2.643 0.201 0.147 0.840
2008.9137 -12.43 130.84 1.142 -0.368 2.221 0.191 0.141 0.803
2008.9411 -12.43 130.84 1.388 0.080 1.344 0.200 0.145 0.837
2008.9685 -12.43 130.84 1.053 -0.484 -2.099 0.187 0.135 0.783
2008.9945 -12.43 130.84 0.478 0.106 -1.278 0.158 0.116 0.668
2009.0205 -12.43 130.84 0.235 0.446 -4.625 0.156 0.117 0.661
2009.0479 -12.43 130.84 -0.120 0.120 -5.876 0.156 0.117 0.663
2009.0753 -12.43 130.84 -0.878 0.354 -7.397 0.150 0.110 0.634
2009.1027 -12.43 130.84 -0.806 0.308 -9.392 0.186 0.140 0.788
2009.1301 -12.43 130.84 -1.028 0.806 -10.886 0.148 0.109 0.628
2009.1575 -12.43 130.84 -0.777 0.697 -9.168 0.151 0.110 0.638
2009.1849 -12.43 130.84 -0.861 0.117 -9.437 0.173 0.131 0.735
2009.2123 -12.43 130.84 -0.644 1.112 -8.080 0.149 0.106 0.628
2009.2397 -12.43 130.84 -0.667 0.498 -8.070 0.169 0.125 0.713
2009.2671 -12.43 130.84 -0.247 0.402 -5.512 0.141 0.104 0.598
2009.2945 -12.43 130.84 -0.320 0.487 -3.395 0.145 0.107 0.613
2009.3219 -12.43 130.84 0.176 0.485 -7.614 0.151 0.111 0.638
2009.3493 -12.43 130.84 0.213 0.082 -3.126 0.139 0.100 0.586
2009.3767 -12.43 130.84 -0.071 -0.178 -4.171 0.146 0.105 0.614
2009.4041 -12.43 130.84 0.073 -0.505 -1.875 0.129 0.091 0.542
2009.4315 -12.43 130.84 0.125 -0.188 0.324 0.147 0.107 0.621
2009.4589 -12.43 130.84 0.045 0.196 -0.346 0.125 0.087 0.526
2009.4863 -12.43 130.84 -0.165 -0.105 -2.050 0.138 0.096 0.577
2009.5137 -12.43 130.84 0.176 -0.045 1.639 0.133 0.089 0.552
2009.5411 -12.43 130.84 -0.004 -0.127 3.182 0.163 0.112 0.675
2009.5685 -12.43 130.84 -0.070 -0.272 2.551 0.175 0.120 0.725
2009.5959 -12.43 130.84 0.155 -0.651 3.776 0.154 0.104 0.637
2009.6233 -12.43 130.84 0.234 -0.517 6.186 0.159 0.111 0.662
2009.6507 -12.43 130.84 0.466 -0.728 3.865 0.153 0.107 0.638
2009.6781 -12.43 130.84 0.444 -0.437 5.133 0.163 0.117 0.684
2009.7055 -12.43 130.84 0.600 -0.628 4.653 0.169 0.123 0.710
2009.7329 -12.43 130.84 0.677 -0.685 4.556 0.163 0.118 0.684
2009.7603 -12.43 130.84 0.495 -0.520 3.853 0.186 0.135 0.779
2009.7877 -12.43 130.84 0.623 -0.625 5.297 0.172 0.125 0.720
2009.8151 -12.43 130.84 0.804 -0.508 5.273 0.184 0.135 0.772
2009.8425 -12.43 130.84 0.721 -0.516 6.492 0.167 0.122 0.704
2009.8699 -12.43 130.84 0.729 -0.308 4.764 0.160 0.117 0.673
2009.8973 -12.43 130.84 1.107 -0.582 6.329 0.150 0.109 0.630
2009.9247 -12.43 130.84 0.739 -0.280 5.858 0.150 0.104 0.625
2009.9521 -12.43 130.84 0.768 -0.285 2.240 0.140 0.100 0.589
2009.9795 -12.43 130.84 0.483 -0.140 0.787 0.144 0.102 0.605
2010.0068 -12.43 130.84 0.131 0.251 0.856 0.182 0.134 0.764
2010.0342 -12.43 130.84 -0.051 0.096 -1.424 0.142 0.101 0.598
2010.0616 -12.43 130.84 -0.066 0.196 -1.509 0.146 0.105 0.613
2010.0890 -12.43 130.84 -0.510 0.580 -1.792 0.174 0.129 0.732
2010.1164 -12.43 130.84 -0.340 0.246 -1.654 0.179 0.133 0.755
2010.1438 -12.43 130.84 -0.432 0.596 -0.469 0.173 0.125 0.726
2010.1712 -12.43 130.84 -0.655 0.926 -5.605 0.166 0.119 0.695
2010.1986 -12.43 130.84 -0.967 0.602 -3.863 0.159 0.114 0.666
2010.2260 -12.43 130.84 -0.466 0.791 -3.357 0.173 0.124 0.725
2010.2534 -12.43 130.84 -0.438 0.800 -4.276 0.179 0.127 0.745
2010.2808 -12.43 130.84 -0.633 0.815 -4.303 0.138 0.095 0.577
2010.3082 -12.43 130.84 -0.356 1.042 -4.110 0.145 0.101 0.605
2010.3356 -12.43 130.84 -0.667 0.447 -0.724 0.133 0.089 0.552
2010.3630 -12.43 130.84 -0.653 0.442 -1.744 0.141 0.094 0.584
2010.3904 -12.43 130.84 -0.086 0.572 -2.726 0.145 0.090 0.593
2010.4178 -12.43 130.84 -0.123 0.227 -1.110 0.150 0.099 0.618
2010.4452 -12.43 130.84 -0.124 -0.034 -0.204 0.133 0.087 0.551
2010.4726 -12.43 130.84 0.305 0.370 0.486 0.120 0.078 0.499
2010.5000 -12.43 130.84 0.117 0.290 -0.579 0.135 0.090 0.561
2010.5274 -12.43 130.84 0.192 0.245 0.534 0.207 0.154 0.870
2010.5548 -12.43 130.84 -0.068 -0.019 0.774 0.134 0.096 0.565
2010.5822 -12.43 130.84 0.287 0.119 -1.213 0.122 0.086 0.513
2010.6096 -12.43 130.84 0.274 -0.297 0.722 0.155 0.115 0.657
2010.6370 -12.43 130.84 0.676 -0.216 1.069 0.139 0.101 0.588
2010.6644 -12.43 130.84 0.607 -0.482 0.422 0.131 0.094 0.553
2010.6918 -12.43 130.84 0.744 -0.227 0.152 0.156 0.116 0.660
2010.7192 -12.43 130.84 0.834 -0.420 1.003 0.146 0.107 0.615
2010.7466 -12.43 130.84 0.838 -0.405 0.667 0.168 0.127 0.712
2010.7740 -12.43 130.84 0.857 0.115 0.055 0.138 0.099 0.582
2010.8014 -12.43 130.84 0.829 -0.306 -0.581 0.132 0.095 0.556
2010.8288 -12.43 130.84 1.129 -0.293 0.620 0.149 0.110 0.631
2010.8562 -12.43 130.84 1.178 -0.331 0.289 0.147 0.107 0.619
2010.8836 -12.43 130.84 0.990 -0.122 -0.901 0.137 0.097 0.576
2010.9110 -12.43 130.84 1.101 0.394 -2.378 0.149 0.108 0.626
2010.9384 -12.43 130.84 0.648 -0.257 -0.128 0.154 0.112 0.649
2010.9658 -12.43 130.84 0.516 0.118 -1.765 0.169 0.125 0.711
2010.9932 -12.43 130.84 0.776 0.333 -1.505 0.145 0.077 0.573
2011.1027 -12.43 130.84 -0.973 0.206 -8.749 0.142 0.087 0.583
2011.1301 -12.43 130.84 -1.199 0.796 -9.691 0.202 0.146 0.843
2011.1575 -12.43 130.84 -1.306 1.007 -13.535 0.138 0.094 0.573
2011.1849 -12.43 130.84 -1.779 0.844 -12.710 0.112 0.072 0.466
2011.2123 -12.43 130.84 -1.766 1.225 -13.679 0.172 0.124 0.719
2011.2397 -12.43 130.84 -1.824 1.142 -14.051 0.178 0.132 0.750
2011.2671 -12.43 130.84 -1.892 1.143 -15.399 0.146 0.104 0.611
2011.2945 -12.43 130.84 -1.741 1.196 -13.429 0.168 0.124 0.707
2011.3219 -12.43 130.84 -1.720 0.919 -10.390 0.158 0.116 0.664
2011.3493 -12.43 130.84 -1.375 0.939 -7.471 0.143 0.102 0.599
2011.3767 -12.43 130.84 -1.603 0.735 -7.342 0.165 0.122 0.696
2011.4041 -12.43 130.84 -1.367 0.531 -4.944 0.147 0.105 0.616
2011.4315 -12.43 130.84 -1.413 0.236 -4.235 0.155 0.101 0.637
2011.5137 -12.43 130.84 -1.219 0.191 -0.992 0.139 0.092 0.575
2011.5411 -12.43 130.84 -0.856 0.406 -1.571 0.145 0.101 0.602
2011.5685 -12.43 130.84 -0.816 -0.256 -1.427 0.142 0.097 0.590
2011.5959 -12.43 130.84 -0.584 -0.246 0.113 0.151 0.105 0.630
2011.6233 -12.43 130.84 -0.384 -0.111 0.957 0.152 0.104 0.631
2011.6507 -12.43 130.84 -0.598 0.230 0.671 0.177 0.127 0.737
2011.6781 -12.43 130.84 -0.348 0.456 0.999 0.164 0.119 0.687
2011.7055 -12.43 130.84 -0.297 0.193 0.737 0.164 0.120 0.689
2011.7329 -12.43 130.84 -0.321 -0.001 1.287 0.189 0.141 0.794
2011.7603 -12.43 130.84 -0.227 0.309 1.198 0.163 0.120 0.685
2011.7877 -12.43 130.84 -0.275 0.003 -0.804 0.173 0.129 0.728
2011.8151 -12.43 130.84 -0.466 0.054 -1.817 0.170 0.126 0.716
2011.8425 -12.43 130.84 0.253 -0.295 -1.727 0.183 0.139 0.774
2011.8699 -12.43 130.84 -0.080 -0.111 -1.505 0.180 0.128 0.751
2011.9521 -12.43 130.84 -0.218 0.342 -2.769 0.126 0.074 0.513
2011.9795 -12.43 130.84 0.051 -0.225 -4.972 0.149 0.109 0.627
2012.0068 -12.43 130.84 0.265 0.054 -5.475 0.140 0.099 0.585
2012.0342 -12.43 130.84 -0.094 -0.191 -3.035 0.166 0.119 0.695
2012.0616 -12.43 130.84 -0.381 0.304 -7.041 0.145 0.103 0.606
2012.0890 -12.43 130.84 -0.141 0.527 -10.361 0.144 0.101 0.599
2012.1164 -12.43 130.84 -0.311 0.449 -9.240 0.142 0.096 0.589
2012.1438 -12.43 130.84 -0.584 0.532 -7.975 0.146 0.100 0.605
2012.1712 -12.43 130.84 -0.804 0.589 -8.180 0.141 0.093 0.582
2012.1986 -12.43 130.84 -0.840 0.597 -12.589 0.128 0.085 0.530
2012.2260 -12.43 130.84 -1.336 1.094 -10.960 0.130 0.087 0.541
2012.2534 -12.43 130.84 -1.043 0.777 -10.462 0.126 0.086 0.525
2012.2808 -12.43 130.84 -1.379 0.507 -10.414 0.118 0.080 0.491
2012.3082 -12.43 130.84 -1.366 0.745 -4.976 0.147 0.075 0.577
2012.3904 -12.43 130.84 -0.840 -0.237 -3.513 0.149 0.091 0.607
2012.4178 -12.43 130.84 -0.749 0.433 -5.466 0.109 0.073 0.455
2012.4452 -12.43 130.84 -0.361 0.038 -4.182 0.108 0.071 0.450
2012.4726 -12.43 130.84 -0.311 -0.144 -3.158 0.116 0.078 0.481
2012.5000 -12.43 130.84 -0.234 -0.031 -3.329 0.111 0.073 0.460
2012.5274 -12.43 130.84 -0.155 -0.300 -2.892 0.117 0.078 0.487
2012.5548 -12.43 130.84 -0.249 -0.089 -2.780 0.117 0.078 0.487
2012.5822 -12.43 130.84 -0.466 0.082 0.940 0.123 0.084 0.511
2012.6096 -12.43 130.84 -0.236 0.031 1.350 0.121 0.084 0.508
2012.6370 -12.43 130.84 0.062 -0.133 1.352 0.112 0.077 0.471
2012.6644 -12.43 130.84 -0.289 -0.081 -1.644 0.122 0.086 0.512
2012.6918 -12.43 130.84 0.326 -0.024 1.665 0.125 0.089 0.527
2012.7192 -12.43 130.84 0.289 0.226 2.791 0.149 0.110 0.630
2012.7466 -12.43 130.84 -0.001 -0.155 1.179 0.116 0.067 0.471
2012.8562 -12.43 130.84 0.459 -0.239 2.606 0.156 0.113 0.656
2012.8836 -12.43 130.84 0.160 -0.642 4.959 0.144 0.108 0.612
2012.9110 -12.43 130.84 0.250 -0.579 4.874 0.137 0.102 0.581
2012.9384 -12.43 130.84 0.322 -0.437 4.795 0.134 0.094 0.561
2012.9658 -12.43 130.84 0.089 -0.449 2.746 0.147 0.110 0.622
2012.9918 -12.43 130.84 0.253 -0.397 0.551 0.075 0.055 0.329
2013.0178 -12.43 130.84 0.373 -0.583 1.378 0.087 0.065 0.379
2013.0452 -12.43 130.84 0.230 -0.157 -4.214 0.087 0.064 0.377
2013.0726 -12.43 130.84 0.169 -0.254 -3.529 0.080 0.059 0.351
2013.1000 -12.43 130.84 -0.096 -0.157 -1.120 0.082 0.061 0.359
2013.1274 -12.43 130.84 -0.014 0.224 -2.985 0.077 0.055 0.336
2013.1548 -12.43 130.84 -0.024 -0.103 -2.750 0.074 0.049 0.321
2013.2644 -12.43 130.84 -0.493 0.854 -8.534 0.087 0.038 0.341
2013.2918 -12.43 130.84 -0.146 0.499 -5.347 0.078 0.057 0.343
2013.3192 -12.43 130.84 -0.003 0.419 -5.894 0.086 0.064 0.377
2013.3466 -12.43 130.84 -0.199 0.234 -4.505 0.088 0.066 0.386
2013.3740 -12.43 130.84 0.086 0.200 -2.621 0.076 0.057 0.337
2013.4014 -12.43 130.84 0.094 -0.319 -2.952 0.079 0.059 0.346
2013.4288 -12.43 130.84 0.046 0.084 -3.967 0.070 0.051 0.310
2013.4562 -12.43 130.84 0.040 0.291 -3.135 0.071 0.051 0.315
2013.4836 -12.43 130.84 0.082 -0.117 -1.394 0.073 0.053 0.321
2013.5110 -12.43 130.84 0.059 -0.170 -2.377 0.081 0.060 0.356
2013.5384 -12.43 130.84 0.155 -0.288 -2.937 0.081 0.056 0.349
2013.5658 -12.43 130.84 -0.066 -0.497 2.633 0.084 0.061 0.364
2013.7575 -12.43 130.84 0.691 -0.470 1.934 0.081 0.055 0.347
2013.7849 -12.43 130.84 0.648 -0.432 2.219 0.083 0.058 0.357
2013.8123 -12.43 130.84 0.776 -0.519 2.866 0.076 0.053 0.330
2013.8397 -12.43 130.84 0.745 -0.551 3.012 0.077 0.054 0.333
2013.8671 -12.43 130.84 0.705 -0.838 1.940 0.082 0.056 0.353
2013.8945 -12.43 130.84 0.458 -0.239 1.441 0.076 0.053 0.331
2013.9219 -12.43 130.84 0.336 -0.413 -0.575 0.068 0.047 0.301
2013.9493 -12.43 130.84 -0.116 -0.314 -0.192 0.072 0.050 0.316
2013.9767 -12.43 130.84 0.076 -0.394 0.473 0.073 0.050 0.320
2014.0041 -12.43 130.84 0.155 -0.194 -0.790 0.071 0.049 0.310
2014.0315 -12.43 130.84 0.262 0.076 -1.471 0.074 0.051 0.320
2014.1685 -12.43 130.84 -1.429 0.875 -5.777 0.078 0.053 0.337
2014.1959 -12.43 130.84 -1.461 0.904 -5.865 0.079 0.057 0.343
2014.2233 -12.43 130.84 -1.067 0.470 -3.233 0.075 0.053 0.326
2014.2507 -12.43 130.84 -0.922 0.442 -3.488 0.069 0.049 0.303
2014.2781 -12.43 130.84 -0.823 0.641 -2.033 0.073 0.052 0.320
2014.3055 -12.43 130.84 -0.719 0.587 -1.584 0.070 0.050 0.309
2014.3329 -12.43 130.84 -0.665 0.102 -2.250 0.058 0.041 0.262
2014.3603 -12.43 130.84 -0.818 0.645 -0.529 0.065 0.047 0.291
2014.3877 -12.43 130.84 -0.639 0.214 0.426 0.065 0.047 0.291
2014.4151 -12.43 130.84 -0.391 0.115 -0.881 0.065 0.046 0.290
2014.4425 -12.43 130.84 -0.351 0.197 1.679 0.069 0.049 0.304
2014.4699 -12.43 130.84 -0.316 -0.311 -0.114 0.069 0.048 0.302
2014.5795 -12.43 130.84 -0.068 -0.477 2.330 0.062 0.038 0.272
2014.6068 -12.43 130.84 -0.166 -0.373 3.994 0.061 0.041 0.270
2014.6342 -12.43 130.84 0.079 -0.347 3.342 0.056 0.037 0.251
2014.6616 -12.43 130.84 0.162 -0.492 3.531 0.062 0.042 0.273
2014.6890 -12.43 130.84 0.306 -0.325 3.820 0.060 0.041 0.267
2014.7164 -12.43 130.84 0.316 -0.757 4.811 0.059 0.040 0.263
2014.7438 -12.43 130.84 0.345 -0.603 6.661 0.064 0.044 0.281
2014.7712 -12.43 130.84 0.284 -0.385 6.675 0.063 0.043 0.278
2014.7986 -12.43 130.84 0.517 -0.350 4.385 0.056 0.038 0.253
2014.8260 -12.43 130.84 0.349 -0.661 5.195 0.056 0.038 0.252
2014.8534 -12.43 130.84 0.368 -0.561 6.576 0.059 0.040 0.263
2014.8808 -12.43 130.84 0.260 -0.299 3.043 0.059 0.040 0.264
2014.9082 -12.43 130.84 0.372 -0.655 4.785 0.061 0.040 0.268
2015.0452 -12.43 130.84 -0.633 -0.301 -2.331 0.046 0.030 0.217
2015.0726 -12.43 130.84 -1.018 -0.530 -2.071 0.050 0.032 0.229
2015.1000 -12.43 130.84 -0.677 -0.246 -5.978 0.045 0.030 0.212
2015.1274 -12.43 130.84 -0.699 0.235 -3.603 0.042 0.028 0.202
2015.1548 -12.43 130.84 -0.790 0.384 -3.128 0.048 0.031 0.222
2015.1822 -12.43 130.84 -0.651 0.499 -2.856 0.045 0.030 0.214
2015.2096 -12.43 130.84 -0.443 0.525 -5.001 0.060 0.040 0.264
2015.2370 -12.43 130.84 -1.025 0.404 -4.199 0.065 0.045 0.286
2015.2644 -12.43 130.84 -0.579 0.414 -1.868 0.057 0.040 0.258
2015.2918 -12.43 130.84 -0.463 0.274 -0.556 0.057 0.040 0.259
2015.3192 -12.43 130.84 -0.457 0.208 -4.204 0.055 0.039 0.251
2015.3466 -12.43 130.84 -0.745 0.326 -1.081 0.060 0.041 0.267
2015.4836 -12.43 130.84 0.176 0.472 3.134 0.056 0.033 0.246
2015.5110 -12.43 130.84 0.002 -0.566 2.632 0.053 0.033 0.240
2015.5384 -12.43 130.84 -0.055 -1.211 6.628 0.058 0.036 0.257
2015.5658 -12.43 130.84 0.127 -0.797 9.100 0.059 0.039 0.260
2015.5932 -12.43 130.84 0.268 -0.403 5.188 0.061 0.040 0.268
2015.6205 -12.43 130.84 -0.125 -0.185 7.479 0.059 0.039 0.261
2015.6479 -12.43 130.84 -0.112 0.084 6.578 0.057 0.038 0.255
2015.6753 -12.43 130.84 0.042 -0.040 5.447 0.055 0.036 0.247
2015.7027 -12.43 130.84 0.137 -0.360 7.870 0.060 0.040 0.265
2015.7301 -12.43 130.84 0.386 -0.461 7.801 0.060 0.039 0.265
2015.9493 -12.43 130.84 0.348 -0.313 7.007 0.058 0.040 0.262
2015.9767 -12.43 130.84 -0.184 0.038 4.158 0.061 0.043 0.273
2016.0041 -12.43 130.84 -0.645 -0.499 0.680 0.055 0.039 0.252
2016.0315 -12.43 130.84 -0.613 -0.110 6.772 0.053 0.037 0.242
2016.0589 -12.43 130.84 -0.651 -0.123 3.671 0.054 0.038 0.247
2016.0863 -12.43 130.84 -0.871 -0.047 -0.840 0.049 0.034 0.229
2016.1137 -12.43 130.84 -0.783 0.308 -1.155 0.055 0.039 0.250
2016.1411 -12.43 130.84 -0.819 -0.132 -0.260 0.065 0.047 0.287
2016.1685 -12.43 130.84 -0.509 0.131 -0.270 0.069 0.052 0.308
2016.1959 -12.43 130.84 -0.688 0.407 -1.799 0.068 0.051 0.305
2016.2233 -12.43 130.84 -0.761 -0.517 -0.073 0.069 0.053 0.309
2016.2507 -12.43 130.84 -0.588 0.082 -0.929 0.057 0.039 0.258
2016.3603 -12.43 130.84 -0.382 0.183 8.462 0.053 0.036 0.241
2016.3877 -12.43 130.84 -0.350 -0.489 8.865 0.062 0.042 0.273
2016.4151 -12.43 130.84 -0.200 -0.443 13.294 0.061 0.041 0.268
2016.4425 -12.43 130.84 -0.085 0.080 8.072 0.065 0.044 0.284
2016.4699 -12.43 130.84 0.067 -0.020 6.129 0.064 0.043 0.279
