2002.5877 37.00 -121.80 -0.184 0.127 -0.427 0.113 0.095 0.515
2002.6151 37.00 -121.80 -0.459 -0.457 -1.547 0.108 0.092 0.493
2002.6425 37.00 -121.80 -0.533 -0.217 1.127 0.111 0.093 0.501
2002.6699 37.00 -121.80 -0.613 -0.493 0.847 0.096 0.081 0.439
2002.6973 37.00 -121.80 -0.359 -0.566 -0.047 0.162 0.075 0.615
2002.7247 37.00 -121.80 -0.762 -0.111 1.699 0.103 0.087 0.465
2002.7521 37.00 -121.80 -0.691 -0.759 0.630 0.095 0.081 0.435
2002.7795 37.00 -121.80 -0.911 -0.310 2.242 0.110 0.095 0.505
2002.8068 37.00 -121.80 -0.868 -0.716 1.950 0.099 0.083 0.448
2002.8342 37.00 -121.80 -0.908 -0.282 1.324 0.097 0.082 0.443
2002.8616 37.00 -121.80 -0.607 0.140 1.283 0.100 0.073 0.437
2002.8890 37.00 -121.80 -0.663 0.154 -1.606 0.099 0.083 0.447
2002.9164 37.00 -121.80 -0.932 -0.441 -1.371 0.106 0.087 0.477
2003.0260 37.00 -121.80 0.030 0.035 -0.464 0.120 0.099 0.542
2003.0534 37.00 -121.80 0.203 0.566 0.057 0.193 0.164 0.860
2003.0808 37.00 -121.80 0.337 -0.384 -3.827 0.173 0.140 0.769
2003.1082 37.00 -121.80 0.306 -0.245 -4.861 0.101 0.082 0.461
2003.1356 37.00 -121.80 0.465 -0.108 -3.427 0.094 0.076 0.430
2003.1630 37.00 -121.80 0.449 -0.065 -2.604 0.100 0.082 0.454
2003.1904 37.00 -121.80 0.478 0.211 -2.636 0.117 0.094 0.526
2003.2178 37.00 -121.80 0.395 0.136 -2.861 0.098 0.081 0.448
2003.2452 37.00 -121.80 0.438 0.229 -5.568 0.096 0.080 0.438
2003.2726 37.00 -121.80 0.492 -0.015 -3.301 0.093 0.078 0.428
2003.3000 37.00 -121.80 0.642 0.349 -5.155 0.091 0.076 0.419
2003.3274 37.00 -121.80 0.503 0.596 -5.526 0.119 0.100 0.539
2003.3548 37.00 -121.80 0.816 0.543 -3.470 0.129 0.111 0.586
2003.3822 37.00 -121.80 0.623 0.415 -2.694 0.119 0.096 0.535
2003.5192 37.00 -121.80 -0.028 0.232 0.488 0.123 0.107 0.558
2003.5466 37.00 -121.80 -0.203 -0.169 -2.819 0.136 0.120 0.614
2003.5740 37.00 -121.80 -0.596 -0.476 -1.213 0.158 0.141 0.710
2003.6014 37.00 -121.80 -0.530 -0.244 -0.738 0.136 0.120 0.614
2003.6288 37.00 -121.80 -0.733 -0.616 -1.842 0.129 0.113 0.584
2003.6562 37.00 -121.80 -0.653 -0.358 1.128 0.138 0.121 0.623
2003.6836 37.00 -121.80 -0.721 -0.460 0.212 0.136 0.120 0.614
2003.7110 37.00 -121.80 -0.579 -0.267 -1.013 0.108 0.092 0.488
2003.7384 37.00 -121.80 -0.748 -0.602 -0.275 0.130 0.113 0.584
2003.7658 37.00 -121.80 -0.863 0.010 1.235 0.119 0.104 0.539
2003.7932 37.00 -121.80 -0.847 -0.369 0.462 0.133 0.116 0.598
2003.8205 37.00 -121.80 -0.644 -0.372 2.549 0.144 0.122 0.639
2003.8479 37.00 -121.80 -0.829 -0.031 2.107 0.127 0.103 0.562
2003.8753 37.00 -121.80 -0.618 -0.154 2.285 0.133 0.114 0.594
2003.9027 37.00 -121.80 -0.723 0.043 0.297 0.122 0.102 0.544
2003.9301 37.00 -121.80 -0.623 -0.182 -0.575 0.127 0.107 0.565
2003.9575 37.00 -121.80 -0.302 -0.401 -0.469 0.142 0.121 0.630
2003.9849 37.00 -121.80 -0.243 -0.409 -0.024 0.135 0.114 0.598
2004.0123 37.00 -121.80 -0.089 -0.386 -1.105 0.145 0.122 0.640
2004.0397 37.00 -121.80 -0.021 -0.163 -1.161 0.124 0.097 0.545
2004.0945 37.00 -121.80 0.291 -0.073 -2.144 0.115 0.091 0.510
2004.1219 37.00 -121.80 0.534 0.073 -2.439 0.122 0.100 0.538
2004.1493 37.00 -121.80 0.264 -0.579 -4.461 0.144 0.117 0.628
2004.1767 37.00 -121.80 0.299 0.190 -4.125 0.153 0.126 0.667
2004.2041 37.00 -121.80 0.523 -0.096 -3.945 0.125 0.101 0.548
2004.2315 37.00 -121.80 0.314 0.180 -4.320 0.128 0.102 0.556
2004.2589 37.00 -121.80 0.544 0.373 -0.857 0.132 0.105 0.573
2004.2863 37.00 -121.80 0.662 0.566 -3.391 0.132 0.105 0.574
2004.3137 37.00 -121.80 0.672 0.326 -2.973 0.126 0.099 0.547
2004.3411 37.00 -121.80 0.732 0.512 -2.362 0.138 0.109 0.595
2004.3685 37.00 -121.80 0.501 0.297 -1.998 0.134 0.104 0.577
2004.3959 37.00 -121.80 0.412 -0.056 1.361 0.118 0.091 0.512
2004.4233 37.00 -121.80 0.234 0.293 2.265 0.113 0.087 0.492
2004.4507 37.00 -121.80 0.272 0.040 -0.417 0.101 0.077 0.438
2004.4781 37.00 -121.80 0.078 0.273 0.829 0.110 0.085 0.478
2004.5055 37.00 -121.80 0.228 0.074 1.623 0.108 0.083 0.468
2004.5329 37.00 -121.80 -0.326 -0.273 2.589 0.102 0.078 0.445
2004.5603 37.00 -121.80 -0.470 -0.508 2.498 0.105 0.080 0.456
2004.5877 37.00 -121.80 -0.415 -0.036 0.075 0.106 0.081 0.461
2004.6151 37.00 -121.80 -0.821 -0.348 0.958 0.117 0.089 0.505
2004.6425 37.00 -121.80 -0.853 -0.116 1.376 0.100 0.077 0.437
2004.6699 37.00 -121.80 -0.825 -0.172 0.369 0.100 0.077 0.438
2004.6973 37.00 -121.80 -0.771 0.080 0.345 0.094 0.072 0.414
2004.7247 37.00 -121.80 -0.664 -0.063 2.211 0.107 0.082 0.468
2004.7521 37.00 -121.80 -0.562 -0.119 0.043 0.103 0.079 0.452
2004.7795 37.00 -121.80 -0.745 -0.136 0.595 0.100 0.077 0.439
2004.8068 37.00 -121.80 -0.703 -0.138 1.132 0.111 0.085 0.481
2004.8342 37.00 -121.80 -0.604 0.130 -1.995 0.109 0.084 0.474
2004.8616 37.00 -121.80 -0.520 -0.163 -0.300 0.097 0.075 0.427
2004.8890 37.00 -121.80 -0.700 -0.223 -1.252 0.097 0.075 0.426
2004.9164 37.00 -121.80 -0.288 -0.175 0.422 0.105 0.081 0.459
2004.9438 37.00 -121.80 -0.243 0.052 -0.415 0.117 0.091 0.512
2004.9712 37.00 -121.80 -0.150 -0.244 -1.206 0.105 0.082 0.459
2004.9973 37.00 -121.80 -0.079 0.173 -1.417 0.102 0.080 0.448
2005.0233 37.00 -121.80 -0.039 0.303 -4.322 0.117 0.093 0.510
2005.0507 37.00 -121.80 0.251 0.705 -4.338 0.170 0.140 0.737
2005.0781 37.00 -121.80 0.086 0.586 -5.222 0.130 0.105 0.567
2005.1055 37.00 -121.80 0.207 0.336 -4.808 0.129 0.105 0.565
2005.1329 37.00 -121.80 -0.205 0.718 -5.605 0.133 0.108 0.579
2005.1603 37.00 -121.80 0.361 0.753 -4.892 0.119 0.095 0.521
2005.1877 37.00 -121.80 0.336 0.709 -4.789 0.120 0.094 0.524
2005.2151 37.00 -121.80 0.415 1.064 -2.603 0.114 0.089 0.497
2005.2425 37.00 -121.80 0.465 1.086 -5.533 0.109 0.087 0.482
2005.2699 37.00 -121.80 0.572 1.184 -5.057 0.117 0.094 0.512
2005.2973 37.00 -121.80 0.348 1.206 -2.903 0.123 0.099 0.539
2005.3247 37.00 -121.80 0.323 1.190 -3.291 0.130 0.104 0.567
2005.3521 37.00 -121.80 0.389 1.276 -4.476 0.057 0.046 0.276
2005.3795 37.00 -121.80 0.581 1.054 -3.779 0.122 0.098 0.535
2005.4068 37.00 -121.80 0.588 0.977 -4.071 0.112 0.090 0.494
2005.4342 37.00 -121.80 0.589 0.862 -4.681 0.128 0.103 0.565
2005.4616 37.00 -121.80 0.196 0.572 -3.520 0.116 0.094 0.514
2005.4890 37.00 -121.80 0.155 0.190 -3.715 0.110 0.089 0.489
2005.5164 37.00 -121.80 0.165 0.797 -2.300 0.110 0.089 0.488
2005.5438 37.00 -121.80 -0.159 0.320 -2.561 0.119 0.098 0.527
2005.5712 37.00 -121.80 -0.057 0.201 0.295 0.129 0.107 0.571
2005.5986 37.00 -121.80 -0.326 0.363 -2.519 0.132 0.110 0.584
2005.6260 37.00 -121.80 -0.406 0.310 -0.251 0.117 0.097 0.520
2005.6534 37.00 -121.80 -0.377 0.387 -1.900 0.123 0.103 0.546
2005.6808 37.00 -121.80 -0.704 0.158 -1.913 0.121 0.101 0.538
2005.7082 37.00 -121.80 -0.665 0.450 -1.713 0.145 0.124 0.645
2005.7356 37.00 -121.80 -0.632 0.127 -0.229 0.128 0.109 0.571
2005.7630 37.00 -121.80 -1.028 0.190 -2.490 0.128 0.109 0.573
2005.7904 37.00 -121.80 -0.484 0.105 -1.473 0.121 0.102 0.540
2005.8178 37.00 -121.80 -0.627 -0.125 0.667 0.124 0.105 0.553
2005.8452 37.00 -121.80 -0.495 -0.142 2.038 0.133 0.113 0.593
2005.8726 37.00 -121.80 -0.180 -0.105 1.213 0.115 0.098 0.516
2005.9000 37.00 -121.80 -0.513 -0.305 0.373 0.112 0.095 0.505
2005.9274 37.00 -121.80 -0.186 0.025 0.201 0.119 0.093 0.525
2005.9548 37.00 -121.80 0.157 -0.193 -2.042 0.116 0.093 0.537
2005.9822 37.00 -121.80 0.211 -0.732 -1.985 0.112 0.091 0.503
2006.0096 37.00 -121.80 0.396 -0.390 -1.991 0.121 0.101 0.540
2006.0370 37.00 -121.80 0.566 0.136 -2.368 0.151 0.128 0.674
2006.0644 37.00 -121.80 0.609 -0.010 -2.974 0.153 0.130 0.685
2006.0918 37.00 -121.80 0.643 0.220 -2.442 0.152 0.131 0.680
2006.1192 37.00 -121.80 0.703 0.484 -5.306 0.171 0.149 0.766
2006.1466 37.00 -121.80 0.701 0.456 -5.011 0.135 0.117 0.609
2006.1740 37.00 -121.80 0.800 0.837 -4.107 0.151 0.133 0.678
2006.2014 37.00 -121.80 0.991 0.491 -6.138 0.118 0.102 0.534
2006.2288 37.00 -121.80 1.251 0.705 -3.772 0.152 0.135 0.684
2006.2562 37.00 -121.80 0.956 0.795 -6.477 0.142 0.127 0.642
2006.2836 37.00 -121.80 1.246 0.611 -7.188 0.139 0.124 0.630
2006.3110 37.00 -121.80 1.340 0.823 -4.572 0.149 0.133 0.671
2006.3384 37.00 -121.80 1.216 1.030 -4.176 0.135 0.120 0.610
2006.3658 37.00 -121.80 0.814 0.836 -3.470 0.149 0.134 0.674
2006.3932 37.00 -121.80 0.899 1.053 -3.831 0.147 0.131 0.665
2006.4205 37.00 -121.80 0.916 1.316 -4.232 0.148 0.132 0.668
2006.4479 37.00 -121.80 0.689 0.714 -4.821 0.163 0.141 0.729
2006.4753 37.00 -121.80 0.350 0.066 -4.135 0.164 0.146 0.741
2006.5027 37.00 -121.80 0.147 0.154 -3.323 0.170 0.153 0.769
2006.5301 37.00 -121.80 0.171 -0.042 -1.685 0.201 0.183 0.909
2006.5575 37.00 -121.80 0.144 0.162 -1.388 0.161 0.145 0.728
2006.5849 37.00 -121.80 -0.278 0.071 -2.388 0.165 0.149 0.748
2006.6123 37.00 -121.80 -0.293 -0.345 -3.942 0.202 0.186 0.914
2006.6397 37.00 -121.80 -0.550 -0.056 -3.064 0.172 0.156 0.779
2006.6671 37.00 -121.80 -0.571 -0.288 -3.274 0.157 0.141 0.710
2006.6945 37.00 -121.80 -1.075 -0.273 -2.821 0.199 0.181 0.900
2006.7219 37.00 -121.80 -0.679 -0.603 0.396 0.188 0.168 0.847
2006.7493 37.00 -121.80 -0.742 -0.084 -0.099 0.224 0.201 1.004
2006.7767 37.00 -121.80 -0.772 -0.239 0.509 0.194 0.175 0.873
2006.8041 37.00 -121.80 -0.688 0.116 -0.707 0.157 0.140 0.708
2006.8315 37.00 -121.80 -0.780 -0.102 -0.341 0.182 0.164 0.819
2006.8589 37.00 -121.80 -0.834 -0.679 -1.577 0.177 0.159 0.798
2006.8863 37.00 -121.80 -0.309 -0.190 -1.259 0.170 0.152 0.766
2006.9137 37.00 -121.80 0.006 -0.247 -0.059 0.166 0.146 0.745
2006.9411 37.00 -121.80 -0.344 -0.393 -0.993 0.163 0.143 0.733
2006.9685 37.00 -121.80 -0.188 -0.489 -1.917 0.163 0.141 0.729
2006.9959 37.00 -121.80 0.013 0.094 -3.502 0.162 0.138 0.724
2007.0233 37.00 -121.80 0.018 -0.194 -1.345 0.151 0.127 0.674
2007.0507 37.00 -121.80 0.163 0.295 -1.142 0.157 0.133 0.702
2007.0781 37.00 -121.80 0.068 0.152 -1.508 0.161 0.141 0.722
2007.1055 37.00 -121.80 0.083 -0.003 -2.125 0.144 0.125 0.648
2007.1329 37.00 -121.80 0.412 0.274 -2.815 0.157 0.137 0.704
2007.1603 37.00 -121.80 0.408 0.463 -3.234 0.149 0.131 0.671
2007.1877 37.00 -121.80 0.656 0.835 -0.845 0.191 0.172 0.861
2007.2151 37.00 -121.80 0.565 0.381 -2.043 0.171 0.153 0.769
2007.2425 37.00 -121.80 0.601 0.552 -1.050 0.164 0.147 0.740
2007.2699 37.00 -121.80 0.776 0.800 -0.674 0.131 0.115 0.595
2007.2973 37.00 -121.80 0.811 0.776 -3.003 0.124 0.108 0.562
2007.3247 37.00 -121.80 0.651 0.660 -2.501 0.151 0.134 0.682
2007.3521 37.00 -121.80 0.825 0.446 -1.055 0.165 0.148 0.745
2007.3795 37.00 -121.80 0.502 0.185 -2.192 0.173 0.156 0.781
2007.4068 37.00 -121.80 0.676 0.237 0.448 0.145 0.129 0.655
2007.4342 37.00 -121.80 0.502 0.532 -0.692 0.138 0.122 0.627
2007.4616 37.00 -121.80 0.150 0.541 0.107 0.181 0.163 0.816
2007.4890 37.00 -121.80 0.087 0.373 -0.288 0.140 0.122 0.630
2007.5164 37.00 -121.80 -0.104 0.249 -1.102 0.147 0.131 0.665
2007.5438 37.00 -121.80 -0.349 -0.163 -0.828 0.143 0.126 0.645
2007.5712 37.00 -121.80 -0.344 -0.135 -0.862 0.147 0.129 0.662
2007.5986 37.00 -121.80 -0.551 -0.241 -0.430 0.179 0.160 0.806
2007.6260 37.00 -121.80 -0.603 -0.466 0.416 0.147 0.129 0.662
2007.6534 37.00 -121.80 -0.603 -0.381 0.557 0.149 0.131 0.672
2007.6808 37.00 -121.80 -1.042 -0.883 0.012 0.157 0.137 0.706
2007.7082 37.00 -121.80 -0.855 -0.379 0.620 0.117 0.099 0.531
2007.7356 37.00 -121.80 -0.757 -0.178 2.143 0.161 0.140 0.724
2007.7630 37.00 -121.80 -0.800 -0.399 4.495 0.125 0.105 0.564
2007.7904 37.00 -121.80 -0.569 -0.167 2.793 0.158 0.139 0.713
2007.8178 37.00 -121.80 -0.805 -0.226 1.032 0.182 0.162 0.817
2007.8452 37.00 -121.80 -0.615 0.004 1.575 0.149 0.130 0.672
2007.8726 37.00 -121.80 -0.319 0.066 1.000 0.173 0.152 0.778
2007.9000 37.00 -121.80 -0.452 -0.146 2.001 0.185 0.157 0.819
2007.9274 37.00 -121.80 -0.453 -0.334 0.692 0.179 0.159 0.807
2007.9548 37.00 -121.80 -0.231 -0.039 -0.203 0.135 0.119 0.612
2007.9822 37.00 -121.80 -0.208 -0.371 -0.028 0.165 0.147 0.747
2008.0096 37.00 -121.80 -0.234 -0.074 0.972 0.145 0.129 0.658
2008.0370 37.00 -121.80 0.126 0.138 -1.576 0.149 0.134 0.677
2008.0644 37.00 -121.80 0.097 0.057 -0.314 0.171 0.155 0.776
2008.0918 37.00 -121.80 0.225 0.187 -3.398 0.138 0.122 0.628
2008.1192 37.00 -121.80 0.430 0.520 0.358 0.161 0.146 0.732
2008.1466 37.00 -121.80 0.605 0.655 -1.161 0.187 0.170 0.847
2008.1740 37.00 -121.80 0.693 0.926 -3.418 0.164 0.148 0.743
2008.2014 37.00 -121.80 0.698 0.277 -4.186 0.175 0.160 0.794
2008.2288 37.00 -121.80 0.977 1.010 -0.368 0.205 0.184 0.928
2008.2562 37.00 -121.80 0.681 0.405 -2.345 0.191 0.172 0.864
2008.2836 37.00 -121.80 0.580 0.092 -0.991 0.229 0.207 1.036
2008.3110 37.00 -121.80 0.804 0.411 -1.007 0.237 0.214 1.068
2008.3384 37.00 -121.80 0.484 0.577 1.837 0.175 0.158 0.793
2008.3658 37.00 -121.80 0.669 0.368 -1.538 0.179 0.160 0.810
2008.3932 37.00 -121.80 0.580 0.431 -0.704 0.164 0.145 0.739
2008.4205 37.00 -121.80 0.423 0.673 -0.304 0.143 0.126 0.647
2008.4479 37.00 -121.80 0.411 0.349 -0.347 0.145 0.129 0.656
2008.4753 37.00 -121.80 0.114 0.491 1.031 0.141 0.124 0.637
2008.5027 37.00 -121.80 0.097 0.024 1.557 0.173 0.152 0.775
2008.5301 37.00 -121.80 -0.241 -0.835 0.316 0.214 0.189 0.961
2008.5575 37.00 -121.80 -0.408 0.216 0.440 0.141 0.120 0.632
2008.5849 37.00 -121.80 -0.353 -0.130 0.647 0.158 0.139 0.709
2008.6123 37.00 -121.80 -0.538 -0.321 0.980 0.133 0.114 0.597
2008.6397 37.00 -121.80 -0.617 -0.345 1.218 0.145 0.126 0.652
2008.6671 37.00 -121.80 -0.829 -0.047 0.550 0.139 0.121 0.627
2008.6945 37.00 -121.80 -1.008 0.146 1.128 0.135 0.116 0.607
2008.7219 37.00 -121.80 -1.046 -0.017 2.354 0.154 0.136 0.695
2008.7493 37.00 -121.80 -0.760 -0.054 2.502 0.140 0.123 0.632
2008.7767 37.00 -121.80 -0.766 -0.080 1.394 0.162 0.145 0.733
2008.8041 37.00 -121.80 -1.019 -0.395 1.383 0.163 0.147 0.738
2008.8315 37.00 -121.80 -0.964 -0.161 1.862 0.185 0.166 0.833
2008.8589 37.00 -121.80 -0.788 -0.512 2.696 0.215 0.194 0.971
2008.8863 37.00 -121.80 -0.737 -0.385 1.559 0.206 0.186 0.933
2008.9137 37.00 -121.80 -0.784 -0.155 1.815 0.196 0.178 0.889
2008.9411 37.00 -121.80 -0.662 -0.285 1.851 0.206 0.185 0.931
2008.9685 37.00 -121.80 -0.623 -0.372 1.305 0.193 0.173 0.872
2008.9945 37.00 -121.80 -0.325 -0.242 0.101 0.163 0.147 0.739
2009.0205 37.00 -121.80 -0.137 -0.053 2.994 0.160 0.145 0.727
2009.0479 37.00 -121.80 -0.194 -0.062 -0.242 0.160 0.146 0.729
2009.0753 37.00 -121.80 -0.061 0.010 -2.127 0.154 0.139 0.700
2009.1027 37.00 -121.80 0.139 -0.311 2.222 0.191 0.174 0.867
2009.1301 37.00 -121.80 0.145 -0.273 -0.290 0.153 0.138 0.694
2009.1575 37.00 -121.80 0.260 -0.238 -0.489 0.156 0.140 0.708
2009.1849 37.00 -121.80 0.496 -0.274 0.231 0.177 0.162 0.807
2009.2123 37.00 -121.80 0.544 -0.134 2.314 0.154 0.135 0.696
2009.2397 37.00 -121.80 0.701 0.105 0.950 0.173 0.157 0.786
2009.2671 37.00 -121.80 0.928 0.165 1.695 0.145 0.131 0.661
2009.2945 37.00 -121.80 0.911 0.667 0.809 0.149 0.134 0.676
2009.3219 37.00 -121.80 0.573 0.440 -0.284 0.155 0.140 0.705
2009.3493 37.00 -121.80 0.962 0.560 -0.768 0.143 0.127 0.648
2009.3767 37.00 -121.80 0.646 0.726 1.011 0.150 0.134 0.681
2009.4041 37.00 -121.80 0.567 0.500 0.927 0.133 0.117 0.603
2009.4315 37.00 -121.80 0.492 0.418 2.708 0.152 0.135 0.688
2009.4589 37.00 -121.80 0.349 0.742 1.361 0.130 0.113 0.587
2009.4863 37.00 -121.80 0.044 0.126 -0.181 0.143 0.124 0.644
2009.5137 37.00 -121.80 -0.089 -0.063 0.602 0.138 0.117 0.618
2009.5411 37.00 -121.80 -0.335 -0.315 1.942 0.168 0.146 0.757
2009.5685 37.00 -121.80 -0.236 -0.441 0.671 0.182 0.157 0.814
2009.5959 37.00 -121.80 -0.607 -0.533 2.064 0.159 0.137 0.715
2009.6233 37.00 -121.80 -0.512 -0.952 1.879 0.164 0.143 0.738
2009.6507 37.00 -121.80 -0.517 -0.728 4.065 0.158 0.138 0.711
2009.6781 37.00 -121.80 -0.612 -0.414 4.355 0.169 0.149 0.760
2009.7055 37.00 -121.80 -0.806 -0.429 2.583 0.174 0.156 0.785
2009.7329 37.00 -121.80 -0.978 -0.659 5.334 0.168 0.150 0.759
2009.7603 37.00 -121.80 -1.134 -0.920 3.722 0.192 0.171 0.864
2009.7877 37.00 -121.80 -0.834 -0.147 4.359 0.177 0.158 0.798
2009.8151 37.00 -121.80 -0.881 0.012 1.190 0.189 0.170 0.854
2009.8425 37.00 -121.80 -0.637 -0.205 0.783 0.172 0.154 0.779
2009.8699 37.00 -121.80 -0.755 -0.327 1.525 0.165 0.147 0.745
2009.8973 37.00 -121.80 -0.710 -0.271 1.448 0.154 0.138 0.698
2009.9247 37.00 -121.80 -0.736 -0.237 -0.126 0.155 0.135 0.700
2009.9521 37.00 -121.80 -0.516 0.339 -0.291 0.144 0.128 0.655
2009.9795 37.00 -121.80 -0.323 -0.117 0.037 0.149 0.132 0.674
2010.0068 37.00 -121.80 -0.019 -0.436 0.405 0.187 0.168 0.844
2010.0342 37.00 -121.80 -0.119 -0.188 2.125 0.147 0.130 0.665
2010.0616 37.00 -121.80 0.090 -0.304 1.015 0.150 0.133 0.680
2010.0890 37.00 -121.80 0.192 0.069 0.984 0.178 0.161 0.807
2010.1164 37.00 -121.80 0.125 0.473 0.598 0.184 0.167 0.834
2010.1438 37.00 -121.80 0.232 0.715 -0.542 0.178 0.159 0.805
2010.1712 37.00 -121.80 0.245 0.784 -4.186 0.171 0.152 0.770
2010.1986 37.00 -121.80 0.638 0.325 -4.520 0.164 0.145 0.739
2010.2260 37.00 -121.80 0.233 0.531 -2.958 0.179 0.159 0.806
2010.2534 37.00 -121.80 0.950 0.352 -1.588 0.185 0.163 0.831
2010.2808 37.00 -121.80 0.282 0.647 -0.076 0.143 0.125 0.646
2010.3082 37.00 -121.80 0.503 0.609 -1.266 0.150 0.131 0.674
2010.3356 37.00 -121.80 0.820 0.789 -1.610 0.138 0.118 0.621
2010.3630 37.00 -121.80 0.615 0.627 -1.936 0.147 0.125 0.657
2010.3904 37.00 -121.80 0.778 0.454 -0.670 0.153 0.121 0.670
2010.4178 37.00 -121.80 0.998 0.119 -2.019 0.156 0.133 0.698
2010.4452 37.00 -121.80 0.885 0.492 -1.111 0.138 0.118 0.624
2010.4726 37.00 -121.80 0.647 0.738 -0.599 0.125 0.105 0.566
2010.5000 37.00 -121.80 0.207 0.665 -1.246 0.140 0.120 0.632
2010.5274 37.00 -121.80 0.257 0.068 1.327 0.213 0.192 0.960
2010.5548 37.00 -121.80 -0.128 0.229 -0.688 0.139 0.122 0.627
2010.5822 37.00 -121.80 -0.209 0.137 -0.861 0.126 0.110 0.570
2010.6096 37.00 -121.80 -0.700 0.019 -0.359 0.160 0.144 0.723
2010.6370 37.00 -121.80 -0.613 0.230 -1.243 0.144 0.128 0.650
2010.6644 37.00 -121.80 -0.474 0.102 0.658 0.135 0.120 0.612
2010.6918 37.00 -121.80 -0.772 -0.213 -0.278 0.160 0.145 0.726
2010.7192 37.00 -121.80 -0.943 -0.123 0.235 0.150 0.135 0.678
2010.7466 37.00 -121.80 -0.705 0.183 -0.332 0.173 0.156 0.780
2010.7740 37.00 -121.80 -0.915 -0.243 3.275 0.143 0.127 0.648
2010.8014 37.00 -121.80 -0.952 -0.043 0.976 0.136 0.121 0.616
2010.8288 37.00 -121.80 -0.417 -0.579 -1.961 0.154 0.138 0.696
2010.8562 37.00 -121.80 -0.665 -0.521 -1.425 0.151 0.136 0.684
2010.8836 37.00 -121.80 -0.316 -0.097 0.477 0.141 0.125 0.640
2010.9110 37.00 -121.80 -0.220 -0.060 1.411 0.154 0.137 0.693
2010.9384 37.00 -121.80 0.331 0.136 0.158 0.159 0.142 0.718
2010.9658 37.00 -121.80 0.220 -0.036 -0.381 0.174 0.156 0.784
2010.9932 37.00 -121.80 0.143 0.038 -1.546 0.155 0.100 0.636
2011.1027 37.00 -121.80 0.327 0.416 -4.383 0.150 0.118 0.660
2011.1301 37.00 -121.80 0.415 0.455 -2.300 0.209 0.185 0.935
2011.1575 37.00 -121.80 0.462 0.481 -3.657 0.143 0.123 0.642
2011.1849 37.00 -121.80 0.827 0.833 -3.918 0.116 0.097 0.525
2011.2123 37.00 -121.80 0.779 0.831 -4.683 0.177 0.158 0.798
2011.2397 37.00 -121.80 0.956 0.988 -4.981 0.184 0.165 0.826
2011.2671 37.00 -121.80 1.086 0.717 -4.512 0.150 0.133 0.679
2011.2945 37.00 -121.80 1.016 0.741 -4.149 0.173 0.156 0.780
2011.3219 37.00 -121.80 1.040 0.881 -3.488 0.162 0.146 0.733
2011.3493 37.00 -121.80 0.811 0.744 -4.084 0.147 0.131 0.666
2011.3767 37.00 -121.80 1.086 0.827 -3.865 0.170 0.153 0.768
2011.4041 37.00 -121.80 0.965 1.021 -4.963 0.152 0.135 0.686
2011.4315 37.00 -121.80 1.087 0.291 -4.341 0.162 0.130 0.713
2011.5137 37.00 -121.80 0.482 0.465 -3.823 0.145 0.122 0.647
2011.5411 37.00 -121.80 0.280 0.495 -3.185 0.150 0.131 0.673
2011.5685 37.00 -121.80 0.215 -0.117 -2.308 0.147 0.128 0.662
2011.5959 37.00 -121.80 0.334 -0.067 -2.382 0.157 0.137 0.704
2011.6233 37.00 -121.80 -0.107 0.194 -2.640 0.158 0.137 0.708
2011.6507 37.00 -121.80 -0.450 0.358 -1.056 0.182 0.162 0.819
2011.6781 37.00 -121.80 -0.265 0.360 -2.102 0.169 0.151 0.761
2011.7055 37.00 -121.80 -0.600 0.046 -2.642 0.169 0.151 0.761
2011.7329 37.00 -121.80 -0.188 0.138 -1.044 0.194 0.175 0.872
2011.7603 37.00 -121.80 -0.484 0.070 -0.856 0.168 0.150 0.755
2011.7877 37.00 -121.80 -0.428 0.215 -2.822 0.178 0.160 0.801
2011.8151 37.00 -121.80 -0.655 0.137 -2.746 0.175 0.157 0.786
2011.8425 37.00 -121.80 -0.474 -0.356 -2.906 0.188 0.170 0.846
2011.8699 37.00 -121.80 -0.187 -0.500 -1.307 0.186 0.160 0.825
2011.9521 37.00 -121.80 -0.029 0.083 -0.488 0.134 0.095 0.571
2011.9795 37.00 -121.80 -0.372 -0.189 -0.370 0.154 0.134 0.689
2012.0068 37.00 -121.80 -0.254 0.085 -0.297 0.144 0.124 0.643
2012.0342 37.00 -121.80 -0.161 0.014 -0.034 0.172 0.147 0.758
2012.0616 37.00 -121.80 0.069 0.046 0.472 0.151 0.128 0.667
2012.0890 37.00 -121.80 0.297 0.033 -1.064 0.149 0.125 0.659
2012.1164 37.00 -121.80 0.368 0.456 -1.588 0.147 0.122 0.647
2012.1438 37.00 -121.80 0.325 -0.220 -1.731 0.152 0.125 0.668
2012.1712 37.00 -121.80 0.374 0.019 -1.191 0.147 0.119 0.643
2012.1986 37.00 -121.80 0.695 -0.098 -2.558 0.134 0.107 0.586
2012.2260 37.00 -121.80 0.472 -0.007 -0.467 0.136 0.110 0.591
2012.2534 37.00 -121.80 0.910 0.100 0.137 0.132 0.106 0.576
2012.2808 37.00 -121.80 0.950 0.389 -1.325 0.123 0.098 0.539
2012.3082 37.00 -121.80 0.860 0.286 -0.799 0.157 0.099 0.642
2012.3904 37.00 -121.80 0.943 -0.210 -2.659 0.156 0.119 0.674
2012.4178 37.00 -121.80 0.885 -0.002 0.199 0.113 0.090 0.497
2012.4452 37.00 -121.80 0.627 -0.215 -2.034 0.113 0.089 0.494
2012.4726 37.00 -121.80 0.611 -0.143 0.021 0.121 0.096 0.529
2012.5000 37.00 -121.80 0.338 -0.034 1.905 0.116 0.091 0.507
2012.5274 37.00 -121.80 -0.049 -0.205 0.053 0.122 0.097 0.534
2012.5548 37.00 -121.80 -0.030 -0.063 -1.809 0.122 0.098 0.533
2012.5822 37.00 -121.80 -0.117 -0.256 -0.428 0.128 0.103 0.562
2012.6096 37.00 -121.80 -0.278 -0.514 0.080 0.126 0.103 0.554
2012.6370 37.00 -121.80 -0.414 -0.420 0.612 0.117 0.096 0.515
2012.6644 37.00 -121.80 -0.463 -0.140 0.653 0.127 0.105 0.559
2012.6918 37.00 -121.80 -0.535 -0.576 0.974 0.130 0.110 0.575
2012.7192 37.00 -121.80 -0.792 -0.411 -0.441 0.153 0.133 0.682
2012.7466 37.00 -121.80 -0.815 -0.452 0.571 0.123 0.085 0.525
2012.8562 37.00 -121.80 -0.534 -0.964 3.135 0.161 0.139 0.716
2012.8836 37.00 -121.80 -0.635 -1.045 1.640 0.148 0.133 0.669
2012.9110 37.00 -121.80 0.067 -0.657 2.503 0.141 0.126 0.637
2012.9384 37.00 -121.80 0.279 -0.943 0.274 0.139 0.120 0.623
2012.9658 37.00 -121.80 0.170 -0.840 -0.637 0.151 0.136 0.682
2012.9918 37.00 -121.80 0.607 -0.453 -1.189 0.077 0.067 0.356
2013.0178 37.00 -121.80 0.680 -0.589 -1.272 0.089 0.079 0.411
2013.0452 37.00 -121.80 0.659 -0.465 -1.898 0.089 0.079 0.410
2013.0726 37.00 -121.80 0.514 -0.706 -0.465 0.083 0.072 0.381
2013.1000 37.00 -121.80 0.632 -0.653 -1.646 0.085 0.074 0.390
2013.1274 37.00 -121.80 0.668 -0.469 -1.630 0.079 0.069 0.366
2013.1548 37.00 -121.80 0.605 -0.700 -0.755 0.077 0.062 0.351
2013.2644 37.00 -121.80 1.211 -0.188 0.464 0.096 0.045 0.373
2013.2918 37.00 -121.80 0.949 0.074 2.094 0.081 0.071 0.374
2013.3192 37.00 -121.80 0.993 -0.187 2.155 0.089 0.079 0.409
2013.3466 37.00 -121.80 0.735 -0.186 -1.556 0.091 0.081 0.419
2013.3740 37.00 -121.80 0.835 -0.095 1.241 0.079 0.070 0.365
2013.4014 37.00 -121.80 0.900 -0.314 -0.112 0.081 0.072 0.375
2013.4288 37.00 -121.80 0.883 -0.211 0.182 0.072 0.063 0.337
2013.4562 37.00 -121.80 0.427 -0.266 1.329 0.074 0.064 0.343
2013.4836 37.00 -121.80 0.418 -0.523 1.874 0.075 0.066 0.349
2013.5110 37.00 -121.80 0.165 -0.215 -0.748 0.084 0.074 0.387
2013.5384 37.00 -121.80 0.248 -0.402 2.112 0.084 0.071 0.382
2013.5658 37.00 -121.80 0.256 -0.600 2.896 0.086 0.076 0.397
2013.7575 37.00 -121.80 -0.759 -0.891 6.541 0.084 0.070 0.382
2013.7849 37.00 -121.80 -0.780 -0.903 4.936 0.086 0.073 0.392
2013.8123 37.00 -121.80 -0.702 -0.506 5.324 0.079 0.067 0.361
2013.8397 37.00 -121.80 -0.736 -0.804 4.369 0.080 0.068 0.365
2013.8671 37.00 -121.80 -0.615 -0.790 5.287 0.085 0.072 0.388
2013.8945 37.00 -121.80 -0.527 -0.740 4.261 0.079 0.067 0.362
2013.9219 37.00 -121.80 -0.591 -0.661 1.248 0.071 0.060 0.329
2013.9493 37.00 -121.80 -0.397 -0.152 3.388 0.075 0.064 0.345
2013.9767 37.00 -121.80 -0.383 -0.345 1.963 0.076 0.064 0.351
2014.0041 37.00 -121.80 -0.470 -0.717 3.138 0.074 0.062 0.340
2014.0315 37.00 -121.80 -0.253 -0.161 5.068 0.077 0.064 0.350
2014.1685 37.00 -121.80 0.448 -0.792 4.057 0.081 0.068 0.371
2014.1959 37.00 -121.80 0.581 -0.780 2.925 0.081 0.071 0.374
2014.2233 37.00 -121.80 0.451 -0.424 4.151 0.077 0.067 0.357
2014.2507 37.00 -121.80 0.523 -0.614 3.013 0.071 0.062 0.330
2014.2781 37.00 -121.80 0.669 -0.239 1.280 0.075 0.066 0.348
2014.3055 37.00 -121.80 0.590 0.327 3.902 0.072 0.063 0.335
2014.3329 37.00 -121.80 0.679 -0.214 5.296 0.060 0.051 0.283
2014.3603 37.00 -121.80 0.350 -0.063 5.020 0.067 0.058 0.315
2014.3877 37.00 -121.80 0.303 0.161 3.656 0.068 0.058 0.316
2014.4151 37.00 -121.80 0.270 -0.051 4.519 0.067 0.058 0.314
2014.4425 37.00 -121.80 0.225 -0.008 3.778 0.071 0.061 0.331
2014.4699 37.00 -121.80 -0.006 -0.575 2.982 0.071 0.060 0.329
2014.5795 37.00 -121.80 -0.327 -0.349 3.326 0.066 0.050 0.301
2014.6068 37.00 -121.80 -0.718 -0.513 4.963 0.063 0.053 0.295
2014.6342 37.00 -121.80 -0.554 -0.493 2.162 0.058 0.048 0.273
2014.6616 37.00 -121.80 -0.675 -0.824 4.504 0.064 0.054 0.298
2014.6890 37.00 -121.80 -0.641 -0.348 5.869 0.062 0.053 0.291
2014.7164 37.00 -121.80 -0.799 -0.209 4.289 0.061 0.051 0.286
2014.7438 37.00 -121.80 -0.791 -0.310 1.529 0.066 0.056 0.307
2014.7712 37.00 -121.80 -0.811 -0.769 3.344 0.065 0.055 0.303
2014.7986 37.00 -121.80 -0.852 -0.779 4.778 0.059 0.049 0.275
2014.8260 37.00 -121.80 -0.680 -0.749 5.103 0.059 0.048 0.274
2014.8534 37.00 -121.80 -0.761 -0.508 6.215 0.062 0.051 0.288
2014.8808 37.00 -121.80 -0.511 -0.288 2.489 0.062 0.051 0.288
2014.9082 37.00 -121.80 -0.494 -0.091 3.597 0.063 0.052 0.293
2015.0452 37.00 -121.80 0.114 -0.441 4.551 0.049 0.037 0.230
2015.0726 37.00 -121.80 -0.034 -0.196 3.243 0.052 0.039 0.241
2015.1000 37.00 -121.80 0.255 0.327 5.232 0.047 0.036 0.224
2015.1274 37.00 -121.80 0.328 -0.188 2.703 0.044 0.034 0.211
2015.1548 37.00 -121.80 0.147 0.200 4.192 0.051 0.038 0.233
2015.1822 37.00 -121.80 0.229 0.055 2.286 0.048 0.036 0.224
2015.2096 37.00 -121.80 0.217 -0.022 3.679 0.063 0.048 0.284
2015.2370 37.00 -121.80 0.230 0.187 6.025 0.067 0.055 0.307
2015.2644 37.00 -121.80 0.641 0.057 3.459 0.059 0.049 0.278
2015.2918 37.00 -121.80 0.216 -0.817 6.622 0.060 0.050 0.280
2015.3192 37.00 -121.80 0.297 0.010 4.816 0.057 0.048 0.271
2015.3466 37.00 -121.80 0.223 -0.207 6.337 0.062 0.052 0.290
2015.4836 37.00 -121.80 -0.420 -0.474 5.039 0.059 0.042 0.270
2015.5110 37.00 -121.80 -0.316 -0.083 6.851 0.056 0.043 0.262
2015.5384 37.00 -121.80 -0.574 -0.634 5.387 0.062 0.048 0.284
2015.5658 37.00 -121.80 -0.595 -0.762 5.927 0.061 0.051 0.285
2015.5932 37.00 -121.80 -0.601 -1.046 6.485 0.064 0.053 0.294
2015.6205 37.00 -121.80 -0.631 -0.514 5.687 0.062 0.051 0.286
2015.6479 37.00 -121.80 -0.712 -0.445 6.174 0.060 0.049 0.278
2015.6753 37.00 -121.80 -0.927 -0.773 7.835 0.058 0.047 0.270
2015.7027 37.00 -121.80 -0.800 -0.079 5.689 0.063 0.052 0.290
2015.7301 37.00 -121.80 -1.040 -0.665 7.452 0.063 0.051 0.291
2015.9493 37.00 -121.80 -0.607 -0.220 8.399 0.061 0.051 0.285
2015.9767 37.00 -121.80 -0.181 0.063 5.602 0.064 0.053 0.294
2016.0041 37.00 -121.80 0.021 -0.052 6.874 0.058 0.048 0.270
2016.0315 37.00 -121.80 0.234 -0.281 4.404 0.055 0.045 0.258
2016.0589 37.00 -121.80 0.489 -0.171 3.652 0.056 0.046 0.264
2016.0863 37.00 -121.80 0.514 0.178 3.355 0.051 0.042 0.245
2016.1137 37.00 -121.80 0.507 0.245 3.150 0.057 0.047 0.267
2016.1411 37.00 -121.80 0.030 0.249 -0.167 0.067 0.056 0.307
2016.1685 37.00 -121.80 0.237 0.138 1.552 0.072 0.061 0.329
2016.1959 37.00 -121.80 0.656 0.123 -1.586 0.070 0.062 0.327
2016.2233 37.00 -121.80 0.698 -0.127 1.592 0.071 0.064 0.332
2016.2507 37.00 -121.80 0.851 -0.523 2.550 0.060 0.049 0.280
2016.3603 37.00 -121.80 0.583 0.122 6.233 0.055 0.046 0.262
2016.3877 37.00 -121.80 1.041 -0.182 5.479 0.065 0.055 0.300
2016.4151 37.00 -121.80 0.801 0.255 5.426 0.064 0.053 0.294
2016.4425 37.00 -121.80 0.441 -0.171 6.971 0.068 0.057 0.313
2016.4699 37.00 -121.80 0.363 0.141 6.647 0.067 0.056 0.307
