2002.5877 26.12 -80.34 -12.19011571616725 9.22487299460816
2002.6151 26.12 -80.34 13.02693991556179 8.97552271075851
2002.6425 26.12 -80.34 5.15315596638742 9.19456262257121
2002.6699 26.12 -80.34 28.50780982852149 7.67279809325921
2002.6973 26.12 -80.34 -1.37038568329885 12.13491880862864
2002.7247 26.12 -80.34 40.89842037451527 8.74946422342506
2002.7521 26.12 -80.34 31.64108021810432 8.00576121608953
2002.7795 26.12 -80.34 19.19112958668254 9.13117803754772
2002.8068 26.12 -80.34 15.29075011976943 8.29842881916372
2002.8342 26.12 -80.34 32.59730413627370 8.15247702524673
2002.8616 26.12 -80.34 -27.17162840361162 7.72501468159877
2002.8890 26.12 -80.34 -10.20538732409113 8.30648739396486
2002.9164 26.12 -80.34 -12.55365043453437 8.54086763719288
2003.0260 26.12 -80.34 -17.77633529264429 9.51366205656518
2003.0534 26.12 -80.34 -1.67592622698676 16.83171850375794
2003.0808 26.12 -80.34 -27.03440933245000 13.80331732480114
2003.1082 26.12 -80.34 18.09693969631310 7.59592039754225
2003.1356 26.12 -80.34 12.92659659016322 6.98522697296339
2003.1630 26.12 -80.34 4.35367987047740 7.62165992643118
2003.1904 26.12 -80.34 -2.61864628402986 8.90368416952555
2003.2178 26.12 -80.34 6.46286293495129 7.54312372098760
2003.2452 26.12 -80.34 13.77308093594769 7.51503088898712
2003.2726 26.12 -80.34 -15.70581584337811 7.30311692586616
2003.3000 26.12 -80.34 -9.19597388130030 7.18086713624799
2003.3274 26.12 -80.34 -13.07107358093888 9.68118730862657
2003.3548 26.12 -80.34 -20.27670263992617 11.07452051417908
2003.3822 26.12 -80.34 -35.06240794277577 9.26385911438993
2003.5192 26.12 -80.34 1.38583686792352 10.86210636145698
2003.5466 26.12 -80.34 -3.30005467730377 12.44844664237929
2003.5740 26.12 -80.34 -20.45345838737418 14.97626364168102
2003.6014 26.12 -80.34 1.05519729315404 12.49066072004459
2003.6288 26.12 -80.34 5.12396995526197 11.42736623166604
2003.6562 26.12 -80.34 14.26058756386881 12.52610556567227
2003.6836 26.12 -80.34 41.36376604529169 12.61584174277921
2003.7110 26.12 -80.34 11.97113704410279 9.23297164281611
2003.7384 26.12 -80.34 17.52579223833607 11.78941352140540
2003.7658 26.12 -80.34 37.12222331108885 10.71522267933276
2003.7932 26.12 -80.34 48.53508791222995 12.23061509114468
2003.8205 26.12 -80.34 67.44164920361035 12.96910823406848
2003.8479 26.12 -80.34 33.68530861294965 10.90426159430657
2003.8753 26.12 -80.34 35.25273743520169 12.09151636687864
2003.9027 26.12 -80.34 1.48468659993001 10.53476521793698
2003.9301 26.12 -80.34 15.13254234029084 11.32325189833245
2003.9575 26.12 -80.34 0.45231298468865 13.24453329823402
2003.9849 26.12 -80.34 10.36220012471513 12.36277761035024
2004.0123 26.12 -80.34 7.71623114675283 13.27552305479646
2004.0397 26.12 -80.34 5.67901358061020 9.87257375313405
2004.0945 26.12 -80.34 -3.30883185000142 9.21621682153528
2004.1219 26.12 -80.34 2.50091910865798 10.84777469704961
2004.1493 26.12 -80.34 30.72966081647465 12.97572042692928
2004.1767 26.12 -80.34 -4.65240235986946 14.38010185203323
2004.2041 26.12 -80.34 4.05326869318486 11.18896805197810
2004.2315 26.12 -80.34 1.16915165141147 11.36019238935392
2004.2589 26.12 -80.34 1.24734340321516 11.69186249084738
2004.2863 26.12 -80.34 -7.18357120090125 11.79390520970764
2004.3137 26.12 -80.34 -17.03438183687772 11.12613252858229
2004.3411 26.12 -80.34 -22.77567863570073 12.39470560590703
2004.3685 26.12 -80.34 -14.36850711833399 11.56307770786782
2004.3959 26.12 -80.34 -39.54459193468709 9.88834441295628
2004.4233 26.12 -80.34 -23.87110736931209 9.44690360357062
2004.4507 26.12 -80.34 -28.55356299540172 8.48129636572017
2004.4781 26.12 -80.34 -35.70448098512490 9.45730359695793
2004.5055 26.12 -80.34 -5.82713452973927 9.15965656590607
2004.5329 26.12 -80.34 -12.56433661249250 8.52033354153584
2004.5603 26.12 -80.34 -30.51566732493207 8.87291197119237
2004.5877 26.12 -80.34 2.02686051037628 8.85685728683850
2004.6151 26.12 -80.34 -3.35062038443770 9.83655831263794
2004.6425 26.12 -80.34 16.71858911034679 8.14961303170277
2004.6699 26.12 -80.34 21.47264390720916 8.11382881234699
2004.6973 26.12 -80.34 -2.69088240856492 7.51475182230320
2004.7247 26.12 -80.34 2.70988058323857 8.82772060299725
2004.7521 26.12 -80.34 35.64583108456051 8.34205896341046
2004.7795 26.12 -80.34 22.64544279541151 8.23211458953613
2004.8068 26.12 -80.34 22.14154521340946 9.34629508286247
2004.8342 26.12 -80.34 14.15587346272455 9.26021158113601
2004.8616 26.12 -80.34 12.06905868040494 7.90821454946453
2004.8890 26.12 -80.34 13.71513879206372 7.97004223108364
2004.9164 26.12 -80.34 -0.22093988905529 8.90333638199902
2004.9438 26.12 -80.34 -6.66478032481806 9.53222789536643
2004.9712 26.12 -80.34 -1.48847029905054 9.08969963538394
2004.9973 26.12 -80.34 -9.36512675624835 8.54611365624264
2005.0233 26.12 -80.34 -0.44634526749729 10.47987545510837
2005.0507 26.12 -80.34 5.63339088640205 16.69384519661363
2005.0781 26.12 -80.34 5.97296300170062 12.07043884998849
2005.1055 26.12 -80.34 12.20392087344262 11.89452781514652
2005.1329 26.12 -80.34 12.75250678947692 12.19335554443938
2005.1603 26.12 -80.34 17.83813014603626 10.51993051913828
2005.1877 26.12 -80.34 1.67431317389166 10.33610158806983
2005.2151 26.12 -80.34 -17.79403395118821 9.44298090584039
2005.2425 26.12 -80.34 8.81148379777191 9.32874319196291
2005.2699 26.12 -80.34 -1.54764883253523 10.10064903124173
2005.2973 26.12 -80.34 -11.84580668219110 10.75045278283429
2005.3247 26.12 -80.34 16.77094536327101 11.35379673469943
2005.3521 26.12 -80.34 -9.29769814782051 3.90093786537038
2005.3795 26.12 -80.34 -7.23374754028146 10.50229136410222
2005.4068 26.12 -80.34 -23.07698215101660 9.41403510714689
2005.4342 26.12 -80.34 -22.49460065216542 10.77542474183433
2005.4616 26.12 -80.34 -4.75007158332095 9.91092186564471
2005.4890 26.12 -80.34 0.72296322682546 9.37827662442962
2005.5164 26.12 -80.34 3.39622351270441 9.32061031863710
2005.5438 26.12 -80.34 8.66242397904992 10.36082383661219
2005.5712 26.12 -80.34 28.08760616227159 11.43818573249369
2005.5986 26.12 -80.34 -7.79247626584895 11.70812059748906
2005.6260 26.12 -80.34 19.94150906505133 10.17627148235512
2005.6534 26.12 -80.34 18.87006614875008 10.90365490376190
2005.6808 26.12 -80.34 23.10509873289591 10.62856699346309
2005.7082 26.12 -80.34 29.16936329521936 13.35786254313194
2005.7356 26.12 -80.34 22.40776074040640 11.54336783366012
2005.7630 26.12 -80.34 6.58351702488843 11.56106229664174
2005.7904 26.12 -80.34 30.76890327169658 10.64940068641365
2005.8178 26.12 -80.34 31.73022942302287 11.04794768412853
2005.8452 26.12 -80.34 28.39208929398436 11.80665026678511
2005.8726 26.12 -80.34 18.30282275568819 10.13899832458702
2005.9000 26.12 -80.34 3.53622146510900 9.77291897395972
2005.9274 26.12 -80.34 -1.79640976475605 9.43544193069562
2005.9548 26.12 -80.34 6.63342762798682 7.89758680503786
2005.9822 26.12 -80.34 -14.43182673877689 8.77641552291343
2006.0096 26.12 -80.34 -13.91874939193892 10.19570951153878
2006.0370 26.12 -80.34 17.57724194117778 13.27724128304927
2006.0644 26.12 -80.34 -29.35495125734198 13.39808000902355
2006.0918 26.12 -80.34 -32.30408277667824 13.55469373820543
2006.1192 26.12 -80.34 -8.29725631498200 15.93800889434852
2006.1466 26.12 -80.34 -11.91660488308910 12.07801474405439
2006.1740 26.12 -80.34 0.04574166492067 14.18923922942874
2006.2014 26.12 -80.34 -16.36502578567104 10.45574574965543
2006.2288 26.12 -80.34 -15.85322094515121 14.31418090079668
2006.2562 26.12 -80.34 18.22404341064949 13.54846548405563
2006.2836 26.12 -80.34 -4.78367614423733 13.09094435702429
2006.3110 26.12 -80.34 -40.50131665005169 14.11569429543064
2006.3384 26.12 -80.34 -36.49020669380185 12.70381056778610
2006.3658 26.12 -80.34 -28.52869630451204 14.19879376662107
2006.3932 26.12 -80.34 -20.20669602301852 13.88068491395953
2006.4205 26.12 -80.34 -25.52015699549924 13.79119637855067
2006.4479 26.12 -80.34 -29.91892596105963 14.65715466453376
2006.4753 26.12 -80.34 -28.88988854795705 15.29242874024939
2006.5027 26.12 -80.34 -15.61625335924963 16.02698612340238
2006.5301 26.12 -80.34 -12.09718391286754 19.63406185738414
2006.5575 26.12 -80.34 -9.08713748088780 15.20533223084002
2006.5849 26.12 -80.34 -0.10531729503163 15.69425629311506
2006.6123 26.12 -80.34 -31.87363807667350 20.42190096404981
2006.6397 26.12 -80.34 -15.64671950466879 16.82379360398780
2006.6671 26.12 -80.34 11.50528386219197 14.89287383295178
2006.6945 26.12 -80.34 7.49362804821163 19.67158966513201
2006.7219 26.12 -80.34 -10.91685069775398 17.71575377772718
2006.7493 26.12 -80.34 14.75370663442186 21.70010609688325
2006.7767 26.12 -80.34 -17.98728873466098 18.91171714073652
2006.8041 26.12 -80.34 5.14110974245940 14.75230499286465
2006.8315 26.12 -80.34 -24.20517398142304 17.64640698301562
2006.8589 26.12 -80.34 1.78234340991142 16.97971263428014
2006.8863 26.12 -80.34 -1.41073874301204 16.03459125861918
2006.9137 26.12 -80.34 -3.26661943624033 15.28963021853731
2006.9411 26.12 -80.34 0.43219178807360 14.94854937748887
2006.9685 26.12 -80.34 -3.03307396949740 14.55856852262754
2006.9959 26.12 -80.34 -7.78636896059481 14.09217393899146
2007.0233 26.12 -80.34 -21.42294867992486 12.74550554350548
2007.0507 26.12 -80.34 -34.43713665596368 13.60519330555590
2007.0781 26.12 -80.34 -18.88833991229600 14.59295768570490
2007.1055 26.12 -80.34 -26.77522352720591 12.79085750864199
2007.1329 26.12 -80.34 -28.75526208241913 14.16616820780483
2007.1603 26.12 -80.34 -27.20910388778875 13.47220481600101
2007.1877 26.12 -80.34 -35.90748375250469 18.54239735276470
2007.2151 26.12 -80.34 10.93066957845960 16.34331435146614
2007.2425 26.12 -80.34 -32.23928351733829 15.63425102384849
2007.2699 26.12 -80.34 -15.76970377760115 11.65004094727080
2007.2973 26.12 -80.34 -39.46304387779340 10.89951362236284
2007.3247 26.12 -80.34 -29.56297095645431 14.04769119118968
2007.3521 26.12 -80.34 -31.45338521399437 15.69117910351979
2007.3795 26.12 -80.34 -44.55850799411805 16.67178134967397
2007.4068 26.12 -80.34 -16.50602015095481 13.33519356820342
2007.4342 26.12 -80.34 -41.97477109018513 12.57669694365810
2007.4616 26.12 -80.34 -43.02992460201999 17.59841274133718
2007.4890 26.12 -80.34 -30.86559814418025 12.59621289340900
2007.5164 26.12 -80.34 -49.36360306795131 13.58232923332404
2007.5438 26.12 -80.34 -26.38772841108703 13.02069245258936
2007.5712 26.12 -80.34 -10.89095938597427 13.38018071346907
2007.5986 26.12 -80.34 -9.71191888684293 16.88407843399748
2007.6260 26.12 -80.34 -17.55376765150174 13.25847322875465
2007.6534 26.12 -80.34 -4.84553493970656 13.54054424946469
2007.6808 26.12 -80.34 -5.59974641151607 14.13261374673684
2007.7082 26.12 -80.34 5.01231031430679 9.59527021247499
2007.7356 26.12 -80.34 12.41939790555101 14.50196656659108
2007.7630 26.12 -80.34 10.69794337581489 10.29040293544852
2007.7904 26.12 -80.34 -0.82397798503415 14.49461705009912
2007.8178 26.12 -80.34 -3.00066132587938 17.14930563862114
2007.8452 26.12 -80.34 24.03580886374300 13.26001860062407
2007.8726 26.12 -80.34 4.97450054945825 15.75147062016073
2007.9000 26.12 -80.34 -58.94450155773554 16.63047926231322
2007.9274 26.12 -80.34 -12.52590119909056 16.51571951821987
2007.9548 26.12 -80.34 -20.82895456822278 12.03326887603279
2007.9822 26.12 -80.34 0.72178162237828 15.28882824407973
2008.0096 26.12 -80.34 -31.59723479370709 13.30239371059863
2008.0370 26.12 -80.34 -8.15060152108758 13.93333178941456
2008.0644 26.12 -80.34 -1.65945636930549 16.46059265518166
2008.0918 26.12 -80.34 -26.63674706306233 12.37423866600842
2008.1192 26.12 -80.34 -6.30977920997891 15.18509542159567
2008.1466 26.12 -80.34 -24.73403498808373 17.99251014060160
2008.1740 26.12 -80.34 21.04924771578270 15.49722051395145
2008.2014 26.12 -80.34 -19.41180768786878 17.10840334816441
2008.2288 26.12 -80.34 -10.29913582961461 18.85388512083138
2008.2562 26.12 -80.34 -20.07425823268102 17.93581912671978
2008.2836 26.12 -80.34 -9.42755612813853 21.65811185630616
2008.3110 26.12 -80.34 1.99612440986039 22.64955022402560
2008.3384 26.12 -80.34 -20.95337398696536 16.60305332963347
2008.3658 26.12 -80.34 -36.91724981321568 16.76283185581475
2008.3932 26.12 -80.34 -35.28449685841043 14.81810081830090
2008.4205 26.12 -80.34 -20.22421362596634 12.87100672856874
2008.4479 26.12 -80.34 -30.74678434179974 13.38977476863371
2008.4753 26.12 -80.34 -14.04442721385872 12.83893225570019
2008.5027 26.12 -80.34 -7.69034943300816 15.86414156354131
2008.5301 26.12 -80.34 -7.66903073077207 19.64258595896435
2008.5575 26.12 -80.34 12.71226857396518 12.24775752778716
2008.5849 26.12 -80.34 14.18437400924538 14.77053757846202
2008.6123 26.12 -80.34 17.00059509922474 11.68233147669470
2008.6397 26.12 -80.34 10.24212236776588 13.09111246576758
2008.6671 26.12 -80.34 24.96880906449209 12.40624551227860
2008.6945 26.12 -80.34 36.73438800289046 11.95705680634404
2008.7219 26.12 -80.34 23.97215261873713 14.27890918005895
2008.7493 26.12 -80.34 20.73147743806889 12.77033859103751
2008.7767 26.12 -80.34 8.07519372921408 15.43059442348288
2008.8041 26.12 -80.34 13.63428845963520 15.59703989521939
2008.8315 26.12 -80.34 13.22491562595838 17.47408410212618
2008.8589 26.12 -80.34 13.63944983483410 20.46587029093421
2008.8863 26.12 -80.34 -12.18901361282571 19.62281210255188
2008.9137 26.12 -80.34 10.49847108077989 18.81446584616359
2008.9411 26.12 -80.34 -3.82030544007902 19.34858762079836
2008.9685 26.12 -80.34 -0.48059667958284 17.98850691543410
2008.9945 26.12 -80.34 -8.37144366117378 15.33469475570941
2009.0205 26.12 -80.34 2.22871430312736 15.28068190223010
2009.0479 26.12 -80.34 -19.44752663523289 15.28877204066153
2009.0753 26.12 -80.34 -5.53812118724456 14.35813868022458
2009.1027 26.12 -80.34 -27.77301418875906 18.33316074052185
2009.1301 26.12 -80.34 -24.64132704407942 14.23299509881171
2009.1575 26.12 -80.34 -12.53357182936690 14.33771790202256
2009.1849 26.12 -80.34 -16.90340789085232 17.24771631785097
2009.2123 26.12 -80.34 -29.82682358967841 14.02230819958418
2009.2397 26.12 -80.34 -6.60006017326517 16.48054282187235
2009.2671 26.12 -80.34 -28.14572237528349 13.60570578533512
2009.2945 26.12 -80.34 -22.70217813642954 14.01916037611186
2009.3219 26.12 -80.34 -8.54819160788419 14.57724839633969
2009.3493 26.12 -80.34 -2.29650828043112 13.21820318685749
2009.3767 26.12 -80.34 -39.05883880511279 13.91173492782090
2009.4041 26.12 -80.34 -11.98680517338162 11.93607311732246
2009.4315 26.12 -80.34 -24.72746778015652 14.18666331385050
2009.4589 26.12 -80.34 -16.93354377820629 11.49567519648824
2009.4863 26.12 -80.34 12.78351361762824 12.79354089347644
2009.5137 26.12 -80.34 15.86099706633960 11.92149663329194
2009.5411 26.12 -80.34 26.33617776711615 15.04354631853253
2009.5685 26.12 -80.34 39.40042456806895 16.13079928206354
2009.5959 26.12 -80.34 25.99260559989788 13.94613227453487
2009.6233 26.12 -80.34 28.24381077720257 14.91125439415010
2009.6507 26.12 -80.34 30.36920379494880 14.41016990478312
2009.6781 26.12 -80.34 23.44427131307032 15.67714861065049
2009.7055 26.12 -80.34 22.03771629199652 16.51800113290048
2009.7329 26.12 -80.34 13.83602211096638 15.74074068482023
2009.7603 26.12 -80.34 24.04797966627639 18.05011528873960
2009.7877 26.12 -80.34 31.04200337053942 16.61159384304047
2009.8151 26.12 -80.34 19.91811567920880 18.08686086587967
2009.8425 26.12 -80.34 31.73387484362448 16.25282626983186
2009.8699 26.12 -80.34 10.73195579042460 15.43989422741290
2009.8973 26.12 -80.34 8.25878656372211 14.34149355151859
2009.9247 26.12 -80.34 -10.29447144784383 13.78947376334454
2009.9521 26.12 -80.34 9.89227792360688 13.13526595160447
2009.9795 26.12 -80.34 10.93418506635070 13.50827198884550
2010.0068 26.12 -80.34 14.54547923446378 17.78720464759486
2010.0342 26.12 -80.34 0.12193893373595 13.37314636052670
2010.0616 26.12 -80.34 -31.35306147064822 13.81921832813341
2010.0890 26.12 -80.34 -33.66037744034235 17.10259668809463
2010.1164 26.12 -80.34 -1.43024396896184 17.66867751909984
2010.1438 26.12 -80.34 -23.43286545930909 16.64544834436902
2010.1712 26.12 -80.34 -24.52987488408807 15.87507321715193
2010.1986 26.12 -80.34 -20.83167840859586 15.17456702125794
2010.2260 26.12 -80.34 0.46242965709619 16.64204518892761
2010.2534 26.12 -80.34 -25.25888520818983 17.03419851469026
2010.2808 26.12 -80.34 -29.37585124778996 12.73941466943557
2010.3082 26.12 -80.34 -29.85780142997208 13.51788215262333
2010.3356 26.12 -80.34 -22.60078817049443 11.83386489431253
2010.3630 26.12 -80.34 -10.32440352553300 12.66116479709298
2010.3904 26.12 -80.34 -9.03666493301807 12.57668442903925
2010.4178 26.12 -80.34 5.60722694483856 13.51474640875417
2010.4452 26.12 -80.34 23.11786614491544 11.70328738033885
2010.4726 26.12 -80.34 2.08304686246357 10.34349812550445
2010.5000 26.12 -80.34 -12.49117419817485 12.10087531661509
2010.5274 26.12 -80.34 16.62039344046017 20.68866065471688
2010.5548 26.12 -80.34 7.91634250175871 12.73244129945011
2010.5822 26.12 -80.34 -0.73826080642237 11.34895466201346
2010.6096 26.12 -80.34 9.29062446107785 15.32342945017092
2010.6370 26.12 -80.34 11.52647845727874 13.42000311833329
2010.6644 26.12 -80.34 17.65069961427144 12.44536078165155
2010.6918 26.12 -80.34 24.60903601587286 15.43535908405926
2010.7192 26.12 -80.34 31.95031585948622 14.28469732331825
2010.7466 26.12 -80.34 15.73898211057607 16.97364857625238
2010.7740 26.12 -80.34 27.20261094234167 13.11382242556601
2010.8014 26.12 -80.34 21.75355511489834 12.60330196368544
2010.8288 26.12 -80.34 35.48414494898154 14.68764531235848
2010.8562 26.12 -80.34 17.79866277533525 14.33121513017952
2010.8836 26.12 -80.34 33.81263739579062 12.96504698866205
2010.9110 26.12 -80.34 1.68047640193795 14.49263691350703
2010.9384 26.12 -80.34 35.36630591531453 15.12935779181563
2010.9658 26.12 -80.34 6.15499144398384 16.81049076265758
2010.9932 26.12 -80.34 17.28957001933172 11.83513782200461
2011.1027 26.12 -80.34 -1.79493815797496 11.83880390960549
2011.1301 26.12 -80.34 -30.73714850233080 19.87799778460769
2011.1575 26.12 -80.34 -41.74529250745308 12.64628720246818
2011.1849 26.12 -80.34 -29.42093097304212 9.55111532582944
2011.2123 26.12 -80.34 3.07653483744801 16.88429849672846
2011.2397 26.12 -80.34 -3.87908102149394 17.82374056133490
2011.2671 26.12 -80.34 -22.03917538219241 13.97440012822427
2011.2945 26.12 -80.34 3.12113074520605 16.73558946866211
2011.3219 26.12 -80.34 -4.86352447590011 15.59810897855531
2011.3493 26.12 -80.34 -26.50827613573685 13.69215792494950
2011.3767 26.12 -80.34 -8.86781092557811 16.43683709096992
2011.4041 26.12 -80.34 -24.43242952087783 14.05745256477475
2011.4315 26.12 -80.34 -33.70569149925075 13.74928038831753
2011.5137 26.12 -80.34 -61.48254105118721 12.46772406460417
2011.5411 26.12 -80.34 -41.83882175526045 13.64289417323460
2011.5685 26.12 -80.34 -21.45592861095080 13.12576995585951
2011.5959 26.12 -80.34 1.06756917591508 14.28466780346771
2011.6233 26.12 -80.34 -5.39100920175772 14.11036175589793
2011.6507 26.12 -80.34 -5.97741573324071 17.40194859674170
2011.6781 26.12 -80.34 -5.50427694177230 16.14979124450974
2011.7055 26.12 -80.34 25.80361819506381 16.27590519724327
2011.7329 26.12 -80.34 19.52374604726502 19.20310414489453
2011.7603 26.12 -80.34 0.94460350670295 16.23434094943017
2011.7877 26.12 -80.34 35.94657668066564 17.45157003424617
2011.8151 26.12 -80.34 8.38303540594590 17.02264804558693
2011.8425 26.12 -80.34 38.93652564157688 18.81000705729734
2011.8699 26.12 -80.34 21.42115876257026 17.34629531709200
2011.9521 26.12 -80.34 19.45955088091043 10.51297748130792
2011.9795 26.12 -80.34 22.56501194520900 14.69258660052481
2012.0068 26.12 -80.34 -9.48937263626560 13.52842166702359
2012.0342 26.12 -80.34 -18.34878001662235 16.40139087326363
2012.0616 26.12 -80.34 -1.88025480167321 14.09814329730107
2012.0890 26.12 -80.34 -10.81789008681182 13.82233713255933
2012.1164 26.12 -80.34 -3.51712404895728 13.47266878697647
2012.1438 26.12 -80.34 -6.42691646554791 13.87570636837443
2012.1712 26.12 -80.34 -2.71251262017873 13.06534801713607
2012.1986 26.12 -80.34 -7.18960802218386 11.73112446796567
2012.2260 26.12 -80.34 -3.05086388628857 12.24722027670290
2012.2534 26.12 -80.34 -28.02135798726607 11.86195320475990
2012.2808 26.12 -80.34 -29.82956473715212 10.98844937781189
2012.3082 26.12 -80.34 -2.00320964008581 12.00071123559838
2012.3904 26.12 -80.34 -35.32470411191666 12.82120537638918
2012.4178 26.12 -80.34 -12.44865978058083 10.04451325439785
2012.4452 26.12 -80.34 -23.97465826802416 9.83792423110709
2012.4726 26.12 -80.34 -17.56690099063128 10.69800667570389
2012.5000 26.12 -80.34 -2.44200960946663 10.06782270972920
2012.5274 26.12 -80.34 0.04706583869997 10.84627283450029
2012.5548 26.12 -80.34 3.56831809961796 10.83594110353384
2012.5822 26.12 -80.34 24.73685308905377 11.51933992498731
2012.6096 26.12 -80.34 28.39920386039157 11.53868969882361
2012.6370 26.12 -80.34 47.02815770143452 10.51905378108871
2012.6644 26.12 -80.34 30.97497830477124 11.65461772992117
2012.6918 26.12 -80.34 34.70376662371427 12.09225407347129
2012.7192 26.12 -80.34 68.85790826973626 14.99539269069076
2012.7466 26.12 -80.34 40.46871884987251 9.65849463610709
2012.8562 26.12 -80.34 53.06481146330060 15.39122574514588
2012.8836 26.12 -80.34 63.27770999305757 14.58495143849082
2012.9110 26.12 -80.34 15.72216471117023 13.71432203805322
2012.9384 26.12 -80.34 39.63308591230673 12.74093718634013
2012.9658 26.12 -80.34 -16.18393568811302 14.95940318713313
2012.9918 26.12 -80.34 16.44377440374836 6.88542293065851
2013.0178 26.12 -80.34 13.14266406686690 8.36611266752822
2013.0452 26.12 -80.34 -2.58992755157819 8.27270713364542
2013.0726 26.12 -80.34 3.28440416735410 7.52527228089885
2013.1000 26.12 -80.34 47.54006862324508 7.74902721998807
2013.1274 26.12 -80.34 2.20920169037058 7.04898597405496
2013.1548 26.12 -80.34 2.81845244183238 6.30092046678859
2013.2644 26.12 -80.34 2.98775137342700 6.97674319159539
2013.2918 26.12 -80.34 -8.85483746239684 7.30831737959719
2013.3192 26.12 -80.34 -13.38471259274547 8.26008505711344
2013.3466 26.12 -80.34 -10.65697318289655 8.52628953994177
2013.3740 26.12 -80.34 -25.95923180264920 7.13831763865933
2013.4014 26.12 -80.34 3.46384350299827 7.40931286890496
2013.4288 26.12 -80.34 -5.96732232327098 6.32889493136478
2013.4562 26.12 -80.34 10.36657128141459 6.41650502769594
2013.4836 26.12 -80.34 7.42308710861320 6.66492028245449
2013.5110 26.12 -80.34 17.16371101080263 7.70775306862315
2013.5384 26.12 -80.34 20.60241189172771 7.28528567155847
2013.5658 26.12 -80.34 37.51850592211105 7.82827126868962
2013.7575 26.12 -80.34 50.40891497320768 7.16240528791891
2013.7849 26.12 -80.34 22.24480560335496 7.58126787711926
2013.8123 26.12 -80.34 22.00883494707317 6.86431537409176
2013.8397 26.12 -80.34 23.04062010752451 6.98358864007747
2013.8671 26.12 -80.34 4.94932285700868 7.41827364862396
2013.8945 26.12 -80.34 23.74749406673055 6.92431188946571
2013.9219 26.12 -80.34 21.65182399678577 5.97929800599558
2013.9493 26.12 -80.34 17.85236594122155 6.49382586512080
2013.9767 26.12 -80.34 23.18595184206072 6.44778686108559
2014.0041 26.12 -80.34 26.16926251937245 6.25693812865331
2014.0315 26.12 -80.34 20.96658431170380 6.61847540285784
2014.1685 26.12 -80.34 -26.00297804494647 6.94130702368828
2014.1959 26.12 -80.34 3.32916955156372 7.44427223997959
2014.2233 26.12 -80.34 2.71374492651184 6.95620627767836
2014.2507 26.12 -80.34 -18.69165905295519 6.29511021652372
2014.2781 26.12 -80.34 38.89509530961396 6.75032565995859
2014.3055 26.12 -80.34 28.46471792324299 6.42990016826596
2014.3329 26.12 -80.34 8.22414384288217 5.03990479895761
2014.3603 26.12 -80.34 5.28285748544144 5.93133748346890
2014.3877 26.12 -80.34 12.03714569799944 5.94608350015644
2014.4151 26.12 -80.34 -0.22995325694071 5.84883877380263
2014.4425 26.12 -80.34 -29.80085993512055 6.27226395135949
2014.4699 26.12 -80.34 -9.22480481319637 6.13085477133604
2014.5795 26.12 -80.34 -12.29399430820762 4.81648470684940
2014.6068 26.12 -80.34 0.81188033809998 5.31240186259905
2014.6342 26.12 -80.34 1.68308674614747 4.66185986941223
2014.6616 26.12 -80.34 12.17195964982940 5.42827049962613
2014.6890 26.12 -80.34 27.21902839313569 5.28787427544540
2014.7164 26.12 -80.34 29.14595880752458 5.15893009383043
2014.7438 26.12 -80.34 13.80667589773194 5.74153403734519
2014.7712 26.12 -80.34 16.73391546144222 5.66755482479070
2014.7986 26.12 -80.34 24.84283593238500 4.84571226890176
2014.8260 26.12 -80.34 10.72041590721500 4.79257924009827
2014.8534 26.12 -80.34 21.00492369240460 5.12795551602698
2014.8808 26.12 -80.34 29.61769797046245 5.14745423429733
2014.9082 26.12 -80.34 -3.55769228758147 5.27627567595936
2015.0452 26.12 -80.34 0.75986811738170 3.62823932826032
2015.0726 26.12 -80.34 -0.14924617977815 4.11509223039752
2015.1000 26.12 -80.34 0.83505840450619 3.52017309899269
2015.1274 26.12 -80.34 -0.26434940106430 3.24249352714763
2015.1548 26.12 -80.34 -10.50104516322875 3.95354471735554
2015.1822 26.12 -80.34 9.27176302078923 3.62816506342195
2015.2096 26.12 -80.34 23.41001597863234 5.36404957941686
2015.2370 26.12 -80.34 -30.57941486810342 5.94064352205843
2015.2644 26.12 -80.34 -13.41716248881560 5.10645908980582
2015.2918 26.12 -80.34 6.07491388084044 4.99655783839090
2015.3192 26.12 -80.34 -15.21583957160027 4.79475440768960
2015.3466 26.12 -80.34 -10.44464683015364 5.27607676525368
2015.4836 26.12 -80.34 -19.26745015052235 4.25044514132487
2015.5110 26.12 -80.34 -8.34733977804493 4.23926144039138
2015.5384 26.12 -80.34 -63.23672757233626 4.79124243422458
2015.5658 26.12 -80.34 -20.27356885034401 5.15615750427872
2015.5932 26.12 -80.34 1.07068613711914 5.48146344850881
2015.6205 26.12 -80.34 -1.08142497494850 5.15086572615490
2015.6479 26.12 -80.34 7.75903358457430 5.04157822937759
2015.6753 26.12 -80.34 26.19708535244322 4.68896971579628
2015.7027 26.12 -80.34 21.83453604833844 5.36733801994944
2015.7301 26.12 -80.34 21.65134801911370 5.25512873610398
2015.9493 26.12 -80.34 33.87308023765073 5.02750827171419
2015.9767 26.12 -80.34 3.33924181005245 5.60714967145303
2016.0041 26.12 -80.34 9.64857465794345 4.93492175504504
2016.0315 26.12 -80.34 6.73721404318633 4.67963418817631
2016.0589 26.12 -80.34 24.61367939729866 4.77421546452040
2016.0863 26.12 -80.34 23.63646721315400 4.14089311160723
2016.1137 26.12 -80.34 0.80220156174709 4.89031605841017
2016.1411 26.12 -80.34 -32.73113441690031 6.10705016887285
2016.1685 26.12 -80.34 -15.96814191467555 6.78189164962441
2016.1959 26.12 -80.34 -14.66301306799672 6.69543394292643
2016.2233 26.12 -80.34 -35.82281182942215 6.86502288549609
2016.2507 26.12 -80.34 4.53611266082638 5.01858054160010
2016.3603 26.12 -80.34 -14.39083487283709 4.69987525188521
2016.3877 26.12 -80.34 -1.59132176231879 5.81313837125320
2016.4151 26.12 -80.34 -12.22213305989666 5.60193718621513
2016.4425 26.12 -80.34 -14.44313201871211 6.18712563283113
2016.4699 26.12 -80.34 -21.10333063222456 6.03460649477926
