2002.5877 34.25 -118.52 29.36034920180385 9.69318336314213
2002.6151 34.25 -118.52 14.45910778576499 9.43601434122280
2002.6425 34.25 -118.52 10.42643666714620 9.64507317294108
2002.6699 34.25 -118.52 -6.74270061211739 8.08220758952765
2002.6973 34.25 -118.52 -11.68698967130835 12.63170049488468
2002.7247 34.25 -118.52 -3.22858297856704 9.15826683128076
2002.7521 34.25 -118.52 -31.04905829579195 8.38457939341453
2002.7795 34.25 -118.52 -3.75904704150484 9.59105640751017
2002.8068 34.25 -118.52 -28.47931647352296 8.69396431129728
2002.8342 34.25 -118.52 -1.66724387488589 8.54209091892633
2002.8616 34.25 -118.52 1.32831417519175 8.10163131521327
2002.8890 34.25 -118.52 20.31687267596171 8.68808568796213
2002.9164 34.25 -118.52 12.73412253139461 8.97556704510733
2003.0260 34.25 -118.52 23.63765736738745 10.00385786797649
2003.0534 34.25 -118.52 -8.37622747182845 17.61653487837098
2003.0808 34.25 -118.52 12.89840811651660 14.51000738320330
2003.1082 34.25 -118.52 30.73118540797686 8.00371534171382
2003.1356 34.25 -118.52 10.21210269359721 7.36086614714084
2003.1630 34.25 -118.52 5.60122428438751 8.03465138134688
2003.1904 34.25 -118.52 46.42807279928485 9.39652213862488
2003.2178 34.25 -118.52 22.56234088913366 7.93638269832112
2003.2452 34.25 -118.52 43.22681991142093 7.90369819572363
2003.2726 34.25 -118.52 31.85642074582149 7.68803952057540
2003.3000 34.25 -118.52 59.51359629036551 7.55292385949990
2003.3274 34.25 -118.52 36.11488243775207 10.15702244050110
2003.3548 34.25 -118.52 42.65289734590578 11.58916495390684
2003.3822 34.25 -118.52 53.88209616612932 9.74335548729646
2003.5192 34.25 -118.52 22.39923865828558 11.34532833042333
2003.5466 34.25 -118.52 -6.33430936272129 12.97440668476879
2003.5740 34.25 -118.52 0.08607721409713 15.58120426437375
2003.6014 34.25 -118.52 15.37744344895356 13.01449997676034
2003.6288 34.25 -118.52 11.10045438036124 11.93078095799758
2003.6562 34.25 -118.52 -10.56478317189709 13.06478455821041
2003.6836 34.25 -118.52 13.44285967449478 13.13970383837070
2003.7110 34.25 -118.52 -2.14539629832609 9.64761967688763
2003.7384 34.25 -118.52 -10.64681992020567 12.28483548241951
2003.7658 34.25 -118.52 2.53823835649655 11.17171770858439
2003.7932 34.25 -118.52 -0.95622291300775 12.73579755694931
2003.8205 34.25 -118.52 -10.58208102152386 13.50083183297632
2003.8479 34.25 -118.52 12.28218741338729 11.35839673371878
2003.8753 34.25 -118.52 -4.14523136127111 12.58313696379947
2003.9027 34.25 -118.52 11.29649382771827 10.98325387842529
2003.9301 34.25 -118.52 8.54470193897531 11.77628489609992
2003.9575 34.25 -118.52 3.89207847193473 13.73229772069730
2003.9849 34.25 -118.52 -2.14830636047971 12.81882850818659
2004.0123 34.25 -118.52 -4.37872494958732 13.76555351776236
2004.0397 34.25 -118.52 3.56861804794172 10.33203887002490
2004.0945 34.25 -118.52 -7.52784303827744 9.64019130614741
2004.1219 34.25 -118.52 5.85496224257272 11.25321108139080
2004.1493 34.25 -118.52 18.01936627701415 13.43987728312081
2004.1767 34.25 -118.52 28.64452509252970 14.82974832248775
2004.2041 34.25 -118.52 28.77777851735046 11.58764382514635
2004.2315 34.25 -118.52 18.05404182105850 11.76494980577681
2004.2589 34.25 -118.52 17.35277675213374 12.10650458654511
2004.2863 34.25 -118.52 40.56710464773167 12.18718125511502
2004.3137 34.25 -118.52 37.26233863994170 11.50432279950849
2004.3411 34.25 -118.52 49.91321863979731 12.77716465417885
2004.3685 34.25 -118.52 20.24665627405877 11.98517986632790
2004.3959 34.25 -118.52 15.49829609134497 10.27738427015096
2004.4233 34.25 -118.52 27.78203955001415 9.82267078699499
2004.4507 34.25 -118.52 16.03631566049537 8.80376462208609
2004.4781 34.25 -118.52 11.15652205726726 9.80511453721907
2004.5055 34.25 -118.52 -21.03304227970342 9.50450428787958
2004.5329 34.25 -118.52 0.45390280056199 8.86269429551138
2004.5603 34.25 -118.52 -13.59445436519583 9.21192150424179
2004.5877 34.25 -118.52 -8.37630777407087 9.21675649090722
2004.6151 34.25 -118.52 -6.81001680645525 10.22943366756892
2004.6425 34.25 -118.52 -6.74690161295411 8.49909304946714
2004.6699 34.25 -118.52 5.71276144599847 8.47049325413728
2004.6973 34.25 -118.52 10.88690610848007 7.85663448166313
2004.7247 34.25 -118.52 -23.35378748066290 9.20539762468673
2004.7521 34.25 -118.52 -4.89103603000559 8.71471408604574
2004.7795 34.25 -118.52 -8.62001807091719 8.58414748564494
2004.8068 34.25 -118.52 -21.03736204621157 9.71592223643070
2004.8342 34.25 -118.52 1.32315826126424 9.61953321811341
2004.8616 34.25 -118.52 2.59311376379179 8.24965669347859
2004.8890 34.25 -118.52 3.21791005527282 8.30201037131839
2004.9164 34.25 -118.52 -11.66098746918626 9.24520873152828
2004.9438 34.25 -118.52 8.36822131726476 9.95110143568221
2004.9712 34.25 -118.52 1.12601273096104 9.42152329653382
2004.9973 34.25 -118.52 12.16920041595628 8.88856111922610
2005.0233 34.25 -118.52 7.72746121164244 10.82227127507354
2005.0507 34.25 -118.52 45.82535711764787 17.11633283459947
2005.0781 34.25 -118.52 61.60931555674407 12.41878808855546
2005.1055 34.25 -118.52 56.18494278995893 12.26378364008438
2005.1329 34.25 -118.52 81.94381737938765 12.58001940029672
2005.1603 34.25 -118.52 58.91748219371840 10.89680573406443
2005.1877 34.25 -118.52 67.34774790341946 10.72796448159285
2005.2151 34.25 -118.52 76.94587042995809 9.83783250505975
2005.2425 34.25 -118.52 58.56525344370738 9.70943242380288
2005.2699 34.25 -118.52 73.83362090536997 10.50144616101112
2005.2973 34.25 -118.52 56.30642725113729 11.18475112487157
2005.3247 34.25 -118.52 48.93520906130985 11.80813229966009
2005.3521 34.25 -118.52 51.70902962765759 4.13829244086341
2005.3795 34.25 -118.52 47.39130662676103 10.94474697878719
2005.4068 34.25 -118.52 42.38995786113496 9.82716164306485
2005.4342 34.25 -118.52 34.70303135386435 11.26373061783688
2005.4616 34.25 -118.52 19.24530583598466 10.34515639988770
2005.4890 34.25 -118.52 21.08568514040803 9.79147065505567
2005.5164 34.25 -118.52 39.25017403672464 9.73099797027510
2005.5438 34.25 -118.52 35.47724107804687 10.79839719439869
2005.5712 34.25 -118.52 19.99431397394138 11.91570509709999
2005.5986 34.25 -118.52 21.42396979376523 12.19385291458294
2005.6260 34.25 -118.52 31.48651938856649 10.61411030078246
2005.6534 34.25 -118.52 29.62206408827618 11.36745768881533
2005.6808 34.25 -118.52 18.62900954071706 11.08234724556904
2005.7082 34.25 -118.52 56.25882736841292 13.89905325089372
2005.7356 34.25 -118.52 31.45026262053860 12.03641900745819
2005.7630 34.25 -118.52 21.58711305733084 12.05622597588197
2005.7904 34.25 -118.52 16.12547514748433 11.10677353470201
2005.8178 34.25 -118.52 10.20165523290111 11.52008222961141
2005.8452 34.25 -118.52 -5.16401173330914 12.31382104248047
2005.8726 34.25 -118.52 -0.39870442528164 10.57752958069990
2005.9000 34.25 -118.52 15.66387085505598 10.20730468917868
2005.9274 34.25 -118.52 19.82446140324667 9.89215652419870
2005.9548 34.25 -118.52 4.99196859842669 8.45689887999740
2005.9822 34.25 -118.52 10.80611848512949 9.24102342565824
2006.0096 34.25 -118.52 35.69315572786606 10.68037827986910
2006.0370 34.25 -118.52 27.96203693089774 13.87299921033476
2006.0644 34.25 -118.52 33.87905743079344 14.01814495886823
2006.0918 34.25 -118.52 27.35072268213738 14.15600239036863
2006.1192 34.25 -118.52 39.32665196568558 16.60531965975757
2006.1466 34.25 -118.52 22.45115966352658 12.61496888133614
2006.1740 34.25 -118.52 45.92898502596508 14.77860228024313
2006.2014 34.25 -118.52 34.79165377249875 10.91881892061030
2006.2288 34.25 -118.52 61.32244046122091 14.89989389883948
2006.2562 34.25 -118.52 63.67137498861440 14.08218959433049
2006.2836 34.25 -118.52 67.77700126812920 13.62488617182817
2006.3110 34.25 -118.52 55.12000468388204 14.67200132241851
2006.3384 34.25 -118.52 62.02658598467941 13.21258818826077
2006.3658 34.25 -118.52 66.44379852926876 14.75973463015151
2006.3932 34.25 -118.52 44.54311100397198 14.43618843224535
2006.4205 34.25 -118.52 67.52678362726284 14.36623325814646
2006.4479 34.25 -118.52 29.71909672373761 15.27787529400650
2006.4753 34.25 -118.52 29.19300747691832 15.93080757013922
2006.5027 34.25 -118.52 36.52290348185986 16.68807962035577
2006.5301 34.25 -118.52 17.62018070316531 20.37983000936346
2006.5575 34.25 -118.52 44.61154761737144 15.81847559622058
2006.5849 34.25 -118.52 34.19284891935651 16.32827200840175
2006.6123 34.25 -118.52 13.22689080086741 21.15548909567822
2006.6397 34.25 -118.52 17.43734512986438 17.46536479281970
2006.6671 34.25 -118.52 20.99031694898299 15.48606782967447
2006.6945 34.25 -118.52 21.75073605477823 20.43465612860606
2006.7219 34.25 -118.52 2.69206715046774 18.44144540871306
2006.7493 34.25 -118.52 17.66545831847884 22.56196330866441
2006.7767 34.25 -118.52 13.90845858271395 19.64358906852700
2006.8041 34.25 -118.52 20.97694288119759 15.36484439030624
2006.8315 34.25 -118.52 23.63480449039560 18.34922160940964
2006.8589 34.25 -118.52 15.31890551584582 17.67060353601385
2006.8863 34.25 -118.52 20.21719016531775 16.71420791241676
2006.9137 34.25 -118.52 14.42766527776562 15.97322666892339
2006.9411 34.25 -118.52 23.11950568359439 15.61057341834981
2006.9685 34.25 -118.52 10.26342553248967 15.21523932938272
2006.9959 34.25 -118.52 35.82448180649006 14.73652458249112
2007.0233 34.25 -118.52 19.50547385612063 13.34438493309736
2007.0507 34.25 -118.52 24.70931227279389 14.24087567742204
2007.0781 34.25 -118.52 22.74352041602442 15.24142240206878
2007.1055 34.25 -118.52 20.97928129973347 13.37611633856684
2007.1329 34.25 -118.52 27.74278626252054 14.79371173537841
2007.1603 34.25 -118.52 49.88957985767979 14.07763517983288
2007.1877 34.25 -118.52 30.48606506905393 19.29812001676454
2007.2151 34.25 -118.52 32.09874956342352 17.01685738477259
2007.2425 34.25 -118.52 29.97621269897448 16.28737467755421
2007.2699 34.25 -118.52 11.84235235104123 12.16802169979523
2007.2973 34.25 -118.52 15.58357863429477 11.39649885090101
2007.3247 34.25 -118.52 21.32954196993392 14.65484557772811
2007.3521 34.25 -118.52 37.55452524009218 16.34206426202964
2007.3795 34.25 -118.52 34.92593035994239 17.34939535127814
2007.4068 34.25 -118.52 8.73743966575770 13.91445890678357
2007.4342 34.25 -118.52 23.04872336102568 13.13179751802099
2007.4616 34.25 -118.52 25.05752229759576 18.31039348673912
2007.4890 34.25 -118.52 6.29931154286040 13.14815426688739
2007.5164 34.25 -118.52 40.93444826444135 14.16895968220941
2007.5438 34.25 -118.52 19.90281868649024 13.58617209561437
2007.5712 34.25 -118.52 15.75737885400267 13.96401954195031
2007.5986 34.25 -118.52 26.54077235960623 17.60206328553391
2007.6260 34.25 -118.52 -6.91377012700286 13.84459009950214
2007.6534 34.25 -118.52 -1.18261657169544 14.14220174887891
2007.6808 34.25 -118.52 7.30828597202675 14.76004944765667
2007.7082 34.25 -118.52 8.57658998636699 10.08262920573512
2007.7356 34.25 -118.52 7.75616722267562 15.15581855412590
2007.7630 34.25 -118.52 -0.86605025966032 10.80201103363492
2007.7904 34.25 -118.52 17.26986473388169 15.13182454114560
2007.8178 34.25 -118.52 -22.11213508323853 17.88006219120660
2007.8452 34.25 -118.52 -17.17762748255558 13.85189007386358
2007.8726 34.25 -118.52 9.97721208962489 16.42035698078971
2007.9000 34.25 -118.52 -0.77976964166346 17.29286948517827
2007.9274 34.25 -118.52 -5.88408703836716 17.22412422793252
2007.9548 34.25 -118.52 13.94393690160356 12.55789826794286
2007.9822 34.25 -118.52 -8.03426911136875 15.92916161544433
2008.0096 34.25 -118.52 7.08906876306479 13.85407999265832
2008.0370 34.25 -118.52 27.40680952029978 14.50911125160804
2008.0644 34.25 -118.52 1.66519380748119 17.13031482305254
2008.0918 34.25 -118.52 28.25009907608439 12.90297353785645
2008.1192 34.25 -118.52 31.27009688904603 15.80530221497824
2008.1466 34.25 -118.52 22.40207788642177 18.71664273724623
2008.1740 34.25 -118.52 43.76842735228691 16.12611266033084
2008.2014 34.25 -118.52 27.36020788434582 17.78562949057037
2008.2288 34.25 -118.52 23.56046955294262 19.64096217234078
2008.2562 34.25 -118.52 44.02089929834353 18.67989315962007
2008.2836 34.25 -118.52 31.42002720076883 22.53490222009088
2008.3110 34.25 -118.52 44.93265114465810 23.57648052272425
2008.3384 34.25 -118.52 37.80162257471522 17.29077002695876
2008.3658 34.25 -118.52 25.32509911703357 17.45352330041596
2008.3932 34.25 -118.52 14.27097273105472 15.45419847318584
2008.4205 34.25 -118.52 17.82657329594004 13.46491157795233
2008.4479 34.25 -118.52 3.19201519925489 13.97801768603235
2008.4753 34.25 -118.52 -7.30017302641842 13.40047219691670
2008.5027 34.25 -118.52 -8.71215437587985 16.57387384902760
2008.5301 34.25 -118.52 -23.41842083852239 20.50886190678234
2008.5575 34.25 -118.52 21.49057406913650 12.81454584632919
2008.5849 34.25 -118.52 -28.94367495273846 15.39575389664220
2008.6123 34.25 -118.52 -6.10822019130381 12.20015296107185
2008.6397 34.25 -118.52 -3.71133996550087 13.66063110529829
2008.6671 34.25 -118.52 4.90063351557351 12.95191805883193
2008.6945 34.25 -118.52 -9.51708208519619 12.47849492685221
2008.7219 34.25 -118.52 -8.01946561820519 14.88335219046972
2008.7493 34.25 -118.52 4.39561512171533 13.30842624814698
2008.7767 34.25 -118.52 0.92376209648861 16.06625081679519
2008.8041 34.25 -118.52 -20.66275941707058 16.22924544373339
2008.8315 34.25 -118.52 -16.19752660343146 18.18848453601388
2008.8589 34.25 -118.52 -22.90451794626852 21.31056406783923
2008.8863 34.25 -118.52 -10.01295425280908 20.42712852854577
2008.9137 34.25 -118.52 -11.21847001366042 19.56716409493424
2008.9411 34.25 -118.52 -12.84253973839358 20.13148527588405
2008.9685 34.25 -118.52 -5.83995801591361 18.73283130251592
2008.9945 34.25 -118.52 -3.37784958801899 15.94532017742061
2009.0205 34.25 -118.52 -15.02291558146919 15.87157691336985
2009.0479 34.25 -118.52 18.20452902209648 15.87908625929849
2009.0753 34.25 -118.52 10.21895995630722 14.91897658587014
2009.1027 34.25 -118.52 22.88109799282211 19.04665375629360
2009.1301 34.25 -118.52 13.60497847818126 14.78485863779773
2009.1575 34.25 -118.52 31.32665464203391 14.91108682274199
2009.1849 34.25 -118.52 22.63091536685949 17.91924464338477
2009.2123 34.25 -118.52 -16.83764042179608 14.57347897472178
2009.2397 34.25 -118.52 4.70961088535594 17.12768956043350
2009.2671 34.25 -118.52 -6.08947756620642 14.14423599878060
2009.2945 34.25 -118.52 0.00184997567052 14.57243470057925
2009.3219 34.25 -118.52 9.74477784698289 15.15349905473247
2009.3493 34.25 -118.52 -16.95465875273105 13.74629096908138
2009.3767 34.25 -118.52 -22.34756191962756 14.46984462302569
2009.4041 34.25 -118.52 -32.37336332021906 12.42902031381975
2009.4315 34.25 -118.52 -36.84773477819578 14.76597380702286
2009.4589 34.25 -118.52 -13.48376426567686 11.99365853776233
2009.4863 34.25 -118.52 3.88891972213380 13.33805321342949
2009.5137 34.25 -118.52 1.11275471390177 12.44806840972640
2009.5411 34.25 -118.52 -12.87262696759724 15.68528188104478
2009.5685 34.25 -118.52 3.60603479842666 16.81639559433388
2009.5959 34.25 -118.52 0.42668636295074 14.54608714096625
2009.6233 34.25 -118.52 -16.85137628632196 15.52425881938587
2009.6507 34.25 -118.52 -23.38565198365803 14.99618644552322
2009.6781 34.25 -118.52 6.16538653506894 16.31509701087332
2009.7055 34.25 -118.52 -17.45105533467701 17.18795865362278
2009.7329 34.25 -118.52 -16.19466000840288 16.37858828659280
2009.7603 34.25 -118.52 -32.68631899450005 18.76959279771451
2009.7877 34.25 -118.52 -6.08258912937725 17.27471453522327
2009.8151 34.25 -118.52 -30.57310515196074 18.80570849287750
2009.8425 34.25 -118.52 -23.23918072680161 16.90024512081233
2009.8699 34.25 -118.52 -9.71248236633880 16.05369146152371
2009.8973 34.25 -118.52 -19.96481828581754 14.91210528849544
2009.9247 34.25 -118.52 -17.26196765534112 14.35660525656235
2009.9521 34.25 -118.52 4.99054643502302 13.66985407750298
2009.9795 34.25 -118.52 -2.12976063908503 14.05221436186312
2010.0068 34.25 -118.52 -7.11676263780228 18.48550245520794
2010.0342 34.25 -118.52 -0.74106291275849 13.90211576152906
2010.0616 34.25 -118.52 -2.74354667634157 14.35553469684053
2010.0890 34.25 -118.52 -1.55821890582954 17.77579816833434
2010.1164 34.25 -118.52 34.07805670992586 18.36843440053673
2010.1438 34.25 -118.52 26.43684695139326 17.30749748122389
2010.1712 34.25 -118.52 64.36782310907772 16.50477143845598
2010.1986 34.25 -118.52 16.67137596177524 15.78116238820777
2010.2260 34.25 -118.52 37.09598819565367 17.32796538412063
2010.2534 34.25 -118.52 -21.85731440456785 17.75007897430463
2010.2808 34.25 -118.52 17.17447540948267 13.28035962744678
2010.3082 34.25 -118.52 -4.12535111405758 14.08594962567619
2010.3356 34.25 -118.52 14.09332323886560 12.35367771344826
2010.3630 34.25 -118.52 2.68923718704453 13.23053443602006
2010.3904 34.25 -118.52 -2.94213504360660 13.19461217369182
2010.4178 34.25 -118.52 -42.98337446757777 14.16110365472856
2010.4452 34.25 -118.52 5.07522881949160 12.28769411040101
2010.4726 34.25 -118.52 13.73653201373846 10.86434272304228
2010.5000 34.25 -118.52 -8.37470058777306 12.66228676160198
2010.5274 34.25 -118.52 5.47600469592175 21.53996767361016
2010.5548 34.25 -118.52 -9.09749934722100 13.24934809334962
2010.5822 34.25 -118.52 -16.74176388178848 11.82399795368434
2010.6096 34.25 -118.52 -9.16697110208704 15.94415768656086
2010.6370 34.25 -118.52 -7.17854785260986 13.97178432409266
2010.6644 34.25 -118.52 -35.52331579327297 12.95210745142481
2010.6918 34.25 -118.52 -25.75921981336668 16.06178230537218
2010.7192 34.25 -118.52 -10.33055379379136 14.86942759943313
2010.7466 34.25 -118.52 -1.63358907279127 17.65023625502906
2010.7740 34.25 -118.52 -37.47301141129731 13.66713077209690
2010.8014 34.25 -118.52 -6.14695049907545 13.12340144249799
2010.8288 34.25 -118.52 -20.29326825306133 15.29670148154392
2010.8562 34.25 -118.52 -26.98169429898522 14.92360762593778
2010.8836 34.25 -118.52 -15.84309684735714 13.52116962512849
2010.9110 34.25 -118.52 4.55083506895697 15.10352364899904
2010.9384 34.25 -118.52 0.26885692514601 15.76907890260662
2010.9658 34.25 -118.52 10.87930547803012 17.51370128753049
2010.9932 34.25 -118.52 13.11978421210553 12.37391362201117
2011.1027 34.25 -118.52 18.09153877206699 12.42684198902824
2011.1301 34.25 -118.52 4.47524048091118 20.74270457290237
2011.1575 34.25 -118.52 32.15233991414462 13.22305643230192
2011.1849 34.25 -118.52 16.24320130778270 10.03552910530454
2011.2123 34.25 -118.52 30.71020115842672 17.60782674522176
2011.2397 34.25 -118.52 67.60276592538241 18.55470142361736
2011.2671 34.25 -118.52 30.96914733991346 14.57802711325405
2011.2945 34.25 -118.52 18.38010734705427 17.41811190976984
2011.3219 34.25 -118.52 25.07362646171365 16.24308550654740
2011.3493 34.25 -118.52 25.58481485341808 14.28115411250138
2011.3767 34.25 -118.52 0.94430344833366 17.10602950951099
2011.4041 34.25 -118.52 16.37576922839216 14.66955060493726
2011.4315 34.25 -118.52 3.73313045109249 14.31825577741906
2011.5137 34.25 -118.52 -4.39263684295388 13.05635297053674
2011.5411 34.25 -118.52 4.24332109632088 14.25829328463216
2011.5685 34.25 -118.52 -15.67223569402126 13.72593271690950
2011.5959 34.25 -118.52 -28.99752986587839 14.92968849533305
2011.6233 34.25 -118.52 13.41586663041860 14.76246778532018
2011.6507 34.25 -118.52 9.51796205445561 18.14851613507158
2011.6781 34.25 -118.52 4.10718239172173 16.83408089075189
2011.7055 34.25 -118.52 11.07920543423219 16.94728976888227
2011.7329 34.25 -118.52 32.36898609080459 19.96291057486757
2011.7603 34.25 -118.52 -16.65497223141351 16.89665275843432
2011.7877 34.25 -118.52 22.61288629460804 18.14411821858249
2011.8151 34.25 -118.52 -13.34858739121309 17.69512683845319
2011.8425 34.25 -118.52 5.91770839349431 19.50505133301846
2011.8699 34.25 -118.52 -18.14672300999024 18.00469701279128
2011.9521 34.25 -118.52 -9.46266780100600 10.89280513087991
2011.9795 34.25 -118.52 -3.21971906535984 15.27237924473797
2012.0068 34.25 -118.52 11.31286605998589 14.04723693468253
2012.0342 34.25 -118.52 -28.51669809649318 17.00764622296243
2012.0616 34.25 -118.52 4.07678373530545 14.67394900028562
2012.0890 34.25 -118.52 -9.92134189010428 14.40326056951163
2012.1164 34.25 -118.52 0.12103577577255 13.98533829180662
2012.1438 34.25 -118.52 19.40516553046405 14.46691193106840
2012.1712 34.25 -118.52 26.03630924924994 13.58708340754264
2012.1986 34.25 -118.52 -3.05532598359326 12.22562175674553
2012.2260 34.25 -118.52 16.98899448082886 12.69150740812583
2012.2534 34.25 -118.52 -2.09932259263504 12.32737061045607
2012.2808 34.25 -118.52 16.10312226945655 11.43977098367461
2012.3082 34.25 -118.52 5.57947674483387 12.68826038103240
2012.3904 34.25 -118.52 15.78199555323051 13.35544102156861
2012.4178 34.25 -118.52 -21.73310730112393 10.39913486903825
2012.4452 34.25 -118.52 1.87879323791468 10.20194838812105
2012.4726 34.25 -118.52 -17.88965187729904 11.13118222826036
2012.5000 34.25 -118.52 -11.43423235004366 10.46698823396473
2012.5274 34.25 -118.52 -1.82313294183217 11.24376831246344
2012.5548 34.25 -118.52 -3.38964722983872 11.23000613862330
2012.5822 34.25 -118.52 0.59930043060919 12.01837834999002
2012.6096 34.25 -118.52 -1.11108926019471 11.98594727557374
2012.6370 34.25 -118.52 -21.57271603449420 10.94334987056238
2012.6644 34.25 -118.52 10.77829512077952 12.11938228939427
2012.6918 34.25 -118.52 -6.34965840018440 12.56819695009904
2012.7192 34.25 -118.52 -2.90352007862067 15.53449352982037
2012.7466 34.25 -118.52 1.76217826534290 10.06883965837843
2012.8562 34.25 -118.52 -4.34169218659912 15.96050169851073
2012.8836 34.25 -118.52 -17.55485157491178 15.11205228915219
2012.9110 34.25 -118.52 -19.13345529595123 14.23818481527980
2012.9384 34.25 -118.52 -46.49211657803105 13.28258650893288
2012.9658 34.25 -118.52 -21.33607144860590 15.53018910608843
2012.9918 34.25 -118.52 -12.02676433743055 7.16277594584728
2013.0178 34.25 -118.52 -5.30646150319297 8.69500472250951
2013.0452 34.25 -118.52 1.15268436704642 8.59843014121522
2013.0726 34.25 -118.52 -20.55071872016440 7.83208719731568
2013.1000 34.25 -118.52 -14.60338667641135 8.06467711659586
2013.1274 34.25 -118.52 -25.84662854031433 7.34333705025740
2013.1548 34.25 -118.52 11.15779888800479 6.58065774068617
2013.2644 34.25 -118.52 -10.60668372515118 7.21965061412952
2013.2918 34.25 -118.52 -15.04665852552920 7.61627107093254
2013.3192 34.25 -118.52 -19.89878788409114 8.59110473132703
2013.3466 34.25 -118.52 -0.05376776674388 8.86456094912278
2013.3740 34.25 -118.52 -11.00383522530190 7.42424708065667
2013.4014 34.25 -118.52 -44.30196443605458 7.70612153710620
2013.4288 34.25 -118.52 -30.22915841828661 6.59392314792320
2013.4562 34.25 -118.52 -30.47463465591106 6.69589117446067
2013.4836 34.25 -118.52 -38.52377957383378 6.94268401618044
2013.5110 34.25 -118.52 -34.73246983445009 8.01670172609670
2013.5384 34.25 -118.52 -67.44489491681607 7.61007472549443
2013.5658 34.25 -118.52 -38.07132913821628 8.15482441986100
2013.7575 34.25 -118.52 -39.16053282733625 7.50303612538803
2013.7849 34.25 -118.52 -30.21050104441893 7.92484156162161
2013.8123 34.25 -118.52 -23.03202553004031 7.18497951812439
2013.8397 34.25 -118.52 -63.16685897775891 7.31017743491126
2013.8671 34.25 -118.52 -30.27573573840005 7.77632961441807
2013.8945 34.25 -118.52 -40.31801250984009 7.26447244653210
2013.9219 34.25 -118.52 -27.10325796540258 6.27697515029431
2013.9493 34.25 -118.52 -30.54627862532362 6.83018939538373
2013.9767 34.25 -118.52 -38.43396255689365 6.78390270092703
2014.0041 34.25 -118.52 -58.07500226516104 6.58116186091606
2014.0315 34.25 -118.52 -53.40674786294032 6.95775462604424
2014.1685 34.25 -118.52 -67.80064253873176 7.27531977550598
2014.1959 34.25 -118.52 -51.26171995189954 7.76064414728159
2014.2233 34.25 -118.52 -37.57170195811596 7.25944272787872
2014.2507 34.25 -118.52 -54.35706891941194 6.56584647186283
2014.2781 34.25 -118.52 -37.15428380630138 7.02779268662429
2014.3055 34.25 -118.52 -39.56591781754064 6.68924129388796
2014.3329 34.25 -118.52 -21.17213062131130 5.25037391732102
2014.3603 34.25 -118.52 -29.08892389087133 6.17855188180376
2014.3877 34.25 -118.52 -8.24532248034843 6.19565820191902
2014.4151 34.25 -118.52 -34.56857140143467 6.10054534840676
2014.4425 34.25 -118.52 -56.53063319965221 6.54608720426793
2014.4699 34.25 -118.52 -59.83612123430819 6.40445168527757
2014.5795 34.25 -118.52 -56.13084942166297 5.05819378522988
2014.6068 34.25 -118.52 -46.15862874448907 5.57519572622844
2014.6342 34.25 -118.52 -50.11718011145003 4.89917719497711
2014.6616 34.25 -118.52 -73.69657909099887 5.69404939091694
2014.6890 34.25 -118.52 -57.21615727283910 5.54212804567252
2014.7164 34.25 -118.52 -33.49309938677555 5.40615828601283
2014.7438 34.25 -118.52 -47.15156558824056 6.01592005277290
2014.7712 34.25 -118.52 -85.50760863184780 5.93768364603660
2014.7986 34.25 -118.52 -59.25691831270095 5.08677521034760
2014.8260 34.25 -118.52 -57.18493484588537 5.03734001105481
2014.8534 34.25 -118.52 -58.94790192580585 5.38533346705560
2014.8808 34.25 -118.52 -55.79803470556846 5.39791127973191
2014.9082 34.25 -118.52 -47.49745528019587 5.53342914666670
2015.0452 34.25 -118.52 -33.33863575165038 3.82104186386412
2015.0726 34.25 -118.52 -19.81752589726743 4.34621784450400
2015.1000 34.25 -118.52 -31.20117148736402 3.70266855230491
2015.1274 34.25 -118.52 -28.28000397844868 3.40422128667814
2015.1548 34.25 -118.52 -10.30660244936748 4.16913938391990
2015.1822 34.25 -118.52 -14.02675822610663 3.82293476132136
2015.2096 34.25 -118.52 -37.91159897426534 5.57186926445957
2015.2370 34.25 -118.52 -0.38266729727787 6.21633613812879
2015.2644 34.25 -118.52 -32.57464373395504 5.31170515324316
2015.2918 34.25 -118.52 -49.35462267181151 5.21721949180253
2015.3192 34.25 -118.52 -53.65398197146694 5.01120991559295
2015.3466 34.25 -118.52 -48.68231385035329 5.51970503180472
2015.4836 34.25 -118.52 -56.95196804263096 4.46364083171786
2015.5110 34.25 -118.52 -65.64126987111071 4.43280320588939
2015.5384 34.25 -118.52 -69.07234289681786 5.07097477810857
2015.5658 34.25 -118.52 -55.32471384499053 5.43489079201140
2015.5932 34.25 -118.52 -67.98508315080126 5.76504781192481
2015.6205 34.25 -118.52 -69.17348267654435 5.42187814715342
2015.6479 34.25 -118.52 -49.72896439244183 5.30357988633455
2015.6753 34.25 -118.52 -48.06674937689554 4.94385709594241
2015.7027 34.25 -118.52 -61.85047786335995 5.64583551883479
2015.7301 34.25 -118.52 -48.00249324267850 5.52871679414884
2015.9493 34.25 -118.52 -65.44548843362426 5.26375171127021
2015.9767 34.25 -118.52 -64.33625617937322 5.84192897890947
2016.0041 34.25 -118.52 -42.41435072000510 5.14424692269363
2016.0315 34.25 -118.52 -62.78188006022317 4.87252994956316
2016.0589 34.25 -118.52 -69.97353719987578 4.97749604690134
2016.0863 34.25 -118.52 -56.63630060033739 4.33275765472044
2016.1137 34.25 -118.52 -52.88884776561812 5.09419980325236
2016.1411 34.25 -118.52 -60.98876458273055 6.33359063395580
2016.1685 34.25 -118.52 -21.87192369550508 7.02890691951939
2016.1959 34.25 -118.52 -19.70977459464501 6.94719336637586
2016.2233 34.25 -118.52 -49.00132916436043 7.12011862554743
2016.2507 34.25 -118.52 -53.57929842174928 5.24870125208408
2016.3603 34.25 -118.52 -68.06080421024812 4.93916008675977
2016.3877 34.25 -118.52 -75.47949488070424 6.10087460371513
2016.4151 34.25 -118.52 -37.71361471397172 5.89466459597433
2016.4425 34.25 -118.52 -47.86252589153286 6.50279031914639
2016.4699 34.25 -118.52 -56.18499436493626 6.34800740067973
