2002.5877 34.68 137.99 43.20704270260379 9.72120187066039
2002.6151 34.68 137.99 -38.66238373318475 9.45953537202159
2002.6425 34.68 137.99 6.17214981919042 9.66670581998652
2002.6699 34.68 137.99 -9.13822054403163 8.10814362509845
2002.6973 34.68 137.99 -39.99299630744071 12.82261763480134
2002.7247 34.68 137.99 6.87894437604356 9.17749146891768
2002.7521 34.68 137.99 -24.15606856535889 8.40638350876531
2002.7795 34.68 137.99 -17.94321856115298 9.62381656429095
2002.8068 34.68 137.99 4.56767671843130 8.71740689903402
2002.8342 34.68 137.99 -17.20366465460316 8.56018795292979
2002.8616 34.68 137.99 -16.84344716556253 8.13172043609813
2002.8890 34.68 137.99 -12.83100663939739 8.71167750739095
2002.9164 34.68 137.99 15.61247541517231 9.00700024241256
2003.0260 34.68 137.99 -4.69940310328897 10.03077456908271
2003.0534 34.68 137.99 42.48401860544324 17.65374150952272
2003.0808 34.68 137.99 -6.31559617663153 14.53163248694826
2003.1082 34.68 137.99 0.63221819295013 8.02845560043339
2003.1356 34.68 137.99 6.08641241032801 7.38816378290011
2003.1630 34.68 137.99 16.70038483097475 8.05740762079389
2003.1904 34.68 137.99 -5.37135814055347 9.43643377802339
2003.2178 34.68 137.99 1.20574042854091 7.96041130292886
2003.2452 34.68 137.99 -3.84592611032594 7.92267533831774
2003.2726 34.68 137.99 3.52223385450021 7.70737353507486
2003.3000 34.68 137.99 0.14505914009817 7.57058355200170
2003.3274 34.68 137.99 17.76209030845472 10.18200328242475
2003.3548 34.68 137.99 -1.72200632769426 11.61545080253114
2003.3822 34.68 137.99 -20.38202966989574 9.76169790041347
2003.5192 34.68 137.99 -19.30554643610662 11.36937651310452
2003.5466 34.68 137.99 -4.19193905063342 13.00343043763131
2003.5740 34.68 137.99 1.57142993484317 15.60966888334908
2003.6014 34.68 137.99 7.71351449993683 13.04160438163998
2003.6288 34.68 137.99 0.00245757874306 11.96177905622284
2003.6562 34.68 137.99 -6.63869379104959 13.08717110861914
2003.6836 34.68 137.99 -23.78386178990537 13.16714589350557
2003.7110 34.68 137.99 -21.55008951637993 9.66995503063225
2003.7384 34.68 137.99 -8.00660912929282 12.30451138342752
2003.7658 34.68 137.99 -25.84958464641719 11.19782032290963
2003.7932 34.68 137.99 -29.68729397965613 12.76234823666197
2003.8205 34.68 137.99 -4.94116688424750 13.52923230319528
2003.8479 34.68 137.99 -23.51801109338019 11.38482680109543
2003.8753 34.68 137.99 -6.64759846205365 12.60779709446257
2003.9027 34.68 137.99 -2.74860526837295 11.00735769331654
2003.9301 34.68 137.99 -11.40903915601387 11.79472249154169
2003.9575 34.68 137.99 -12.43479730978623 13.76286223649090
2003.9849 34.68 137.99 -0.70820766519636 12.84234039257631
2004.0123 34.68 137.99 4.93958349635827 13.79302000848612
2004.0397 34.68 137.99 -2.23709489727573 10.35861294081819
2004.0945 34.68 137.99 -13.39796753997834 9.66149361595197
2004.1219 34.68 137.99 -11.36616259684069 11.27585920433049
2004.1493 34.68 137.99 -0.80693541079029 13.46364208200300
2004.1767 34.68 137.99 18.06084026441658 14.85597681217020
2004.2041 34.68 137.99 -20.21087548226138 11.60810965524195
2004.2315 34.68 137.99 -19.09670506605816 11.78682693764193
2004.2589 34.68 137.99 9.41236105015104 12.12893672162884
2004.2863 34.68 137.99 -9.22222754409235 12.20913071914356
2004.3137 34.68 137.99 8.99379475290194 11.52272002791940
2004.3411 34.68 137.99 -34.10266905634816 12.79914472919136
2004.3685 34.68 137.99 -14.79494124665179 12.00630999737577
2004.3959 34.68 137.99 -2.88352033842506 10.30173624616775
2004.4233 34.68 137.99 2.64956396851841 9.84690243360055
2004.4507 34.68 137.99 -12.80040077253766 8.82239086401106
2004.4781 34.68 137.99 -2.49917436387723 9.82568252369998
2004.5055 34.68 137.99 -12.93696386753578 9.52367984482297
2004.5329 34.68 137.99 -9.84253498249203 8.88054537155389
2004.5603 34.68 137.99 -22.88864871896709 9.23079713322772
2004.5877 34.68 137.99 -28.76887024556069 9.23980274133238
2004.6151 34.68 137.99 -27.43914112817013 10.25013855127546
2004.6425 34.68 137.99 -25.26164313550405 8.51892151096322
2004.6699 34.68 137.99 -22.56102764729109 8.49185361285044
2004.6973 34.68 137.99 -19.90088626665352 7.87855519801253
2004.7247 34.68 137.99 -13.32050844858288 9.22715590952310
2004.7521 34.68 137.99 -10.20028068560498 8.73838224367115
2004.7795 34.68 137.99 -0.15605181065411 8.60420332819029
2004.8068 34.68 137.99 -5.29383253555979 9.73833279943888
2004.8342 34.68 137.99 -9.21071966414705 9.64103725726082
2004.8616 34.68 137.99 -15.74087547507754 8.26970952184135
2004.8890 34.68 137.99 -6.97973921528881 8.32143633101290
2004.9164 34.68 137.99 -13.53198762699780 9.26834801343110
2004.9438 34.68 137.99 2.54474652405051 9.95875385032365
2004.9712 34.68 137.99 -25.02782597021032 9.43653237279500
2004.9973 34.68 137.99 -24.57481768642498 8.90787631819577
2005.0233 34.68 137.99 -1.43858838941665 10.84014375491217
2005.0507 34.68 137.99 -2.82513593382914 17.13356609198490
2005.0781 34.68 137.99 -1.90544831677342 12.43774123398983
2005.1055 34.68 137.99 -4.80273156192775 12.28390384390768
2005.1329 34.68 137.99 -14.56864145098645 12.60257191306899
2005.1603 34.68 137.99 -7.46194160556164 10.91520432442801
2005.1877 34.68 137.99 -9.39915473340248 10.74861930727544
2005.2151 34.68 137.99 -12.32060136043989 9.85728982396543
2005.2425 34.68 137.99 5.12729031065949 9.73328023252278
2005.2699 34.68 137.99 13.10821613838193 10.52521953943281
2005.2973 34.68 137.99 -2.56536556651761 11.20758947007748
2005.3247 34.68 137.99 1.47436618592380 11.82958292839993
2005.3521 34.68 137.99 -24.07154701114008 4.15027383305650
2005.3795 34.68 137.99 -31.71533778508189 10.97149408942735
2005.4068 34.68 137.99 -23.55453374054562 9.84964352465881
2005.4342 34.68 137.99 -19.66526579108843 11.28435555464700
2005.4616 34.68 137.99 -10.28326195275609 10.36774505663271
2005.4890 34.68 137.99 -20.84520099173483 9.81467705098884
2005.5164 34.68 137.99 -8.58052966822411 9.75405537404113
2005.5438 34.68 137.99 -4.48969373375399 10.81918260555750
2005.5712 34.68 137.99 -19.19354360807355 11.94150973458259
2005.5986 34.68 137.99 -10.74697244441402 12.22715363904359
2005.6260 34.68 137.99 -11.87363439342436 10.63709286501907
2005.6534 34.68 137.99 -0.43894254750467 11.38808697141615
2005.6808 34.68 137.99 -16.09523399826961 11.10776004191460
2005.7082 34.68 137.99 -25.36781551746200 13.92963947443477
2005.7356 34.68 137.99 -25.88645592493815 12.06121134617949
2005.7630 34.68 137.99 -31.02466135657142 12.08035976729635
2005.7904 34.68 137.99 -33.38985732737818 11.13372457599122
2005.8178 34.68 137.99 -22.52921594512413 11.54121437950514
2005.8452 34.68 137.99 -32.84105042978356 12.33962731045642
2005.8726 34.68 137.99 -30.59849293985321 10.60187224896370
2005.9000 34.68 137.99 -30.23160936368000 10.23138474599411
2005.9274 34.68 137.99 -22.91741679882532 9.91442649702759
2005.9548 34.68 137.99 -30.98727691137730 8.49491561532417
2005.9822 34.68 137.99 -28.98279414063795 9.26337843451097
2006.0096 34.68 137.99 -24.46479393726927 10.70376594504435
2006.0370 34.68 137.99 -18.96541843141017 13.90758038172475
2006.0644 34.68 137.99 -14.47959740173638 14.04476630826616
2006.0918 34.68 137.99 -7.26479452149335 14.18710312779000
2006.1192 34.68 137.99 -1.41624640322392 16.64437245178699
2006.1466 34.68 137.99 0.87074733366927 12.63643915879354
2006.1740 34.68 137.99 -21.54538823094693 14.81059707784097
2006.2014 34.68 137.99 8.75592320686504 10.94350756729251
2006.2288 34.68 137.99 -8.64830548799775 14.92460129103640
2006.2562 34.68 137.99 19.15283649157816 14.11076397716782
2006.2836 34.68 137.99 -13.19810620187368 13.65305728119804
2006.3110 34.68 137.99 -3.12079063029494 14.70140064186848
2006.3384 34.68 137.99 -12.70549288819495 13.24066795554823
2006.3658 34.68 137.99 -19.41125141040214 14.78716350023417
2006.3932 34.68 137.99 -16.92328005931589 14.46439644705421
2006.4205 34.68 137.99 -23.86817584334332 14.39746757960252
2006.4479 34.68 137.99 -29.35271632066310 15.29687505804763
2006.4753 34.68 137.99 -1.17935419305874 15.96661780797375
2006.5027 34.68 137.99 -41.07499801671525 16.71922257683092
2006.5301 34.68 137.99 -21.22684990171885 20.41525180778507
2006.5575 34.68 137.99 11.14204536992685 15.84851940293620
2006.5849 34.68 137.99 -20.04973256961313 16.36348492265227
2006.6123 34.68 137.99 -14.53714819927004 21.19376853655590
2006.6397 34.68 137.99 -18.42443630939580 17.49666948263334
2006.6671 34.68 137.99 -11.87057939895606 15.52109623834070
2006.6945 34.68 137.99 -27.65168566499409 20.46278126239800
2006.7219 34.68 137.99 -4.00691499646074 18.47757420171516
2006.7493 34.68 137.99 -12.87082580245228 22.60906914201949
2006.7767 34.68 137.99 -25.12965524545998 19.68292936570754
2006.8041 34.68 137.99 -41.37929429837122 15.39827021867900
2006.8315 34.68 137.99 -33.28840285688877 18.38560473622360
2006.8589 34.68 137.99 -43.80312704788761 17.70846201165595
2006.8863 34.68 137.99 -28.88360552219775 16.74451999569767
2006.9137 34.68 137.99 -34.19623881823395 16.00788853203608
2006.9411 34.68 137.99 -24.35965947049854 15.64128537623178
2006.9685 34.68 137.99 -38.62002022885716 15.24831284608679
2006.9959 34.68 137.99 -23.80451600483913 14.76566972011477
2007.0233 34.68 137.99 -20.47964356670841 13.37702519995837
2007.0507 34.68 137.99 -32.32041683180140 14.27106145359803
2007.0781 34.68 137.99 -12.65019983168487 15.27855778060266
2007.1055 34.68 137.99 -18.98774795075051 13.40322332014380
2007.1329 34.68 137.99 -3.78999256311054 14.82454278590494
2007.1603 34.68 137.99 13.60089331866500 14.10667850316229
2007.1877 34.68 137.99 4.05323869650634 19.33847006137055
2007.2151 34.68 137.99 -13.06480137560666 17.04803269464994
2007.2425 34.68 137.99 -3.43798195338880 16.31864290314649
2007.2699 34.68 137.99 -40.64349516881353 12.18759289351404
2007.2973 34.68 137.99 -37.74139928839853 11.42059443522458
2007.3247 34.68 137.99 -24.44492724127323 14.68516198933175
2007.3521 34.68 137.99 -28.25039045251725 16.37857465943259
2007.3795 34.68 137.99 -18.84642709744960 17.38300122997324
2007.4068 34.68 137.99 -7.32215452487411 13.94797782995695
2007.4342 34.68 137.99 -27.33879793190135 13.15719736431102
2007.4616 34.68 137.99 31.94832545309425 18.34682388224787
2007.4890 34.68 137.99 6.33813812599189 13.17364583611565
2007.5164 34.68 137.99 9.87592501815765 14.20013907755272
2007.5438 34.68 137.99 -10.97549779615902 13.61407621024241
2007.5712 34.68 137.99 -14.96613062102326 13.99053715687348
2007.5986 34.68 137.99 -14.87392590445703 17.63995763656769
2007.6260 34.68 137.99 -33.44274739008547 13.87123277761928
2007.6534 34.68 137.99 -23.55049235213673 14.17358075891376
2007.6808 34.68 137.99 9.42548399196450 14.78732810483869
2007.7082 34.68 137.99 -28.27521325691231 10.10898051083493
2007.7356 34.68 137.99 -41.77885099034457 15.18313046288710
2007.7630 34.68 137.99 -21.38650989971028 10.82522340090299
2007.7904 34.68 137.99 -38.61708613907434 15.16281647814589
2007.8178 34.68 137.99 -36.48307715172313 17.91444960437252
2007.8452 34.68 137.99 -27.60594726395387 13.88437638350496
2007.8726 34.68 137.99 -18.54017877772841 16.45055983206712
2007.9000 34.68 137.99 -36.40047264735266 17.33214531211656
2007.9274 34.68 137.99 -54.07232777653743 17.25341717444567
2007.9548 34.68 137.99 -37.29505181837687 12.58573016500619
2007.9822 34.68 137.99 -53.99782869595304 15.95648026483449
2008.0096 34.68 137.99 -26.20348062531500 13.87909074915029
2008.0370 34.68 137.99 -39.17726507053092 14.53721221011458
2008.0644 34.68 137.99 -16.47089761335589 17.15977469939621
2008.0918 34.68 137.99 -15.61625562003404 12.93065445164326
2008.1192 34.68 137.99 -4.00558300279374 15.83325901412976
2008.1466 34.68 137.99 -2.10619340234854 18.75144418529388
2008.1740 34.68 137.99 -14.93053169135323 16.15777250887387
2008.2014 34.68 137.99 -6.52314495591577 17.81672652815869
2008.2288 34.68 137.99 17.78327490530010 19.68236116024612
2008.2562 34.68 137.99 -16.78042726485191 18.71931687836593
2008.2836 34.68 137.99 0.39207492610845 22.57680987876442
2008.3110 34.68 137.99 -10.23674889573075 23.62459428025381
2008.3384 34.68 137.99 -11.20578101128451 17.32155457640953
2008.3658 34.68 137.99 -4.77020244448965 17.48965005399597
2008.3932 34.68 137.99 -19.50415566804709 15.48064738725279
2008.4205 34.68 137.99 -10.24683176692285 13.49420849298993
2008.4479 34.68 137.99 -35.52686135732717 14.00769387228161
2008.4753 34.68 137.99 -13.13170847662978 13.42457771873464
2008.5027 34.68 137.99 -37.27374863271660 16.60932295810920
2008.5301 34.68 137.99 -8.09972443499691 20.55096647084263
2008.5575 34.68 137.99 -11.43662922290200 12.84682423902868
2008.5849 34.68 137.99 -27.79734485812061 15.43228580434864
2008.6123 34.68 137.99 -12.84476302585290 12.22348855987055
2008.6397 34.68 137.99 -1.36976620368456 13.68931912516878
2008.6671 34.68 137.99 2.94164803461902 12.98271558364299
2008.6945 34.68 137.99 -35.10249394947825 12.49609898883556
2008.7219 34.68 137.99 5.80594953917131 14.91353903634868
2008.7493 34.68 137.99 -15.32503512023862 13.33663630280898
2008.7767 34.68 137.99 -17.69136392944049 16.09309305751614
2008.8041 34.68 137.99 -24.49065948349084 16.26479480013401
2008.8315 34.68 137.99 -8.80664838365865 18.22057905436926
2008.8589 34.68 137.99 -51.37243594439317 21.35023055722406
2008.8863 34.68 137.99 -9.98590026970768 20.46992312949310
2008.9137 34.68 137.99 -38.96249287473806 19.60070550465028
2008.9411 34.68 137.99 -33.16236589972983 20.16786404258330
2008.9685 34.68 137.99 -16.76203937908978 18.76868162611776
2008.9945 34.68 137.99 -33.12387450861117 15.97411445209272
2009.0205 34.68 137.99 -21.53724272362274 15.89963326066669
2009.0479 34.68 137.99 -18.50959121468465 15.90810951224596
2009.0753 34.68 137.99 -11.70481636187157 14.94009542559863
2009.1027 34.68 137.99 -29.88676610149265 19.08352419679142
2009.1301 34.68 137.99 -11.83573111864607 14.81530211625501
2009.1575 34.68 137.99 -10.46364771689020 14.93621963520028
2009.1849 34.68 137.99 27.48035388199888 17.95268514366041
2009.2123 34.68 137.99 -2.51427363761803 14.59974552819851
2009.2397 34.68 137.99 8.97955339446374 17.15833918648516
2009.2671 34.68 137.99 -0.66803307618086 14.17078590102432
2009.2945 34.68 137.99 4.48548142865203 14.60106995686173
2009.3219 34.68 137.99 -2.89212760315916 15.18187888177527
2009.3493 34.68 137.99 10.08387929330280 13.77091886716611
2009.3767 34.68 137.99 -10.82923520068110 14.49686206157489
2009.4041 34.68 137.99 -18.22418820635943 12.45400022783842
2009.4315 34.68 137.99 -16.36392112819231 14.79186262880212
2009.4589 34.68 137.99 -22.92906185182288 12.01870406960093
2009.4863 34.68 137.99 0.68494418031744 13.36825935256740
2009.5137 34.68 137.99 -15.92817872121049 12.46300836114868
2009.5411 34.68 137.99 12.17759315871828 15.71825885757263
2009.5685 34.68 137.99 1.61283265514070 16.85025187099107
2009.5959 34.68 137.99 -9.86331770243196 14.57815856346670
2009.6233 34.68 137.99 -5.76919232045585 15.55372818183849
2009.6507 34.68 137.99 -18.25852964514115 15.02960087946976
2009.6781 34.68 137.99 -13.44901767921746 16.34589483419657
2009.7055 34.68 137.99 -18.54040636184425 17.21918579250215
2009.7329 34.68 137.99 -41.74071113930479 16.41141790154202
2009.7603 34.68 137.99 -41.44859643210296 18.81110686056701
2009.7877 34.68 137.99 -33.66239639649822 17.30450549963944
2009.8151 34.68 137.99 -39.19251396613613 18.83871736161362
2009.8425 34.68 137.99 -43.78693750657321 16.93282248318062
2009.8699 34.68 137.99 -23.67700222201224 16.08143948340730
2009.8973 34.68 137.99 -11.16724133543409 14.93734068990370
2009.9247 34.68 137.99 -32.21593333474836 14.39335404584866
2009.9521 34.68 137.99 -24.24096681969468 13.69507186098819
2009.9795 34.68 137.99 -29.08016983836685 14.07894899419108
2010.0068 34.68 137.99 -38.00450935036989 18.51925827272733
2010.0342 34.68 137.99 -17.91307703376989 13.92833109468064
2010.0616 34.68 137.99 1.47390907596743 14.38486258534961
2010.0890 34.68 137.99 -10.19668859168610 17.80903454610145
2010.1164 34.68 137.99 -51.65683837384813 18.40688663416083
2010.1438 34.68 137.99 0.08043621476039 17.34098115319172
2010.1712 34.68 137.99 -49.98421704599944 16.53321827690987
2010.1986 34.68 137.99 -26.19558123007916 15.81009168508316
2010.2260 34.68 137.99 -5.11066372514908 17.36361903436512
2010.2534 34.68 137.99 9.63645059259191 17.78528029810582
2010.2808 34.68 137.99 25.52820102281948 13.30993053173327
2010.3082 34.68 137.99 -5.32532420613384 14.11257524493528
2010.3356 34.68 137.99 2.26121124911758 12.38192326608102
2010.3630 34.68 137.99 -17.99190576546808 13.26067276390913
2010.3904 34.68 137.99 -6.45329528316038 13.22755794451158
2010.4178 34.68 137.99 11.13523711504085 14.19589297853827
2010.4452 34.68 137.99 -2.84723304282237 12.31957703911003
2010.4726 34.68 137.99 30.26470015167865 10.88715531777723
2010.5000 34.68 137.99 9.72562334533740 12.69045554177392
2010.5274 34.68 137.99 13.96333365294790 21.58898305624837
2010.5548 34.68 137.99 -15.63396882681627 13.27508351056353
2010.5822 34.68 137.99 -14.45857120399459 11.84793535309468
2010.6096 34.68 137.99 -5.93968882130336 15.96934505219452
2010.6370 34.68 137.99 -17.04226603855858 13.99937075991355
2010.6644 34.68 137.99 -39.52085304725590 12.97693565619155
2010.6918 34.68 137.99 -35.57245524181216 16.09577071622531
2010.7192 34.68 137.99 -5.89281073045240 14.89846527482308
2010.7466 34.68 137.99 -37.13002020390613 17.68041718893064
2010.7740 34.68 137.99 -3.99125188637422 13.69412063139529
2010.8014 34.68 137.99 -24.51863158115951 13.14883193368127
2010.8288 34.68 137.99 -6.59366294084858 15.32729216084116
2010.8562 34.68 137.99 -26.32713528884692 14.95626445592339
2010.8836 34.68 137.99 -38.79910588827379 13.54833611891629
2010.9110 34.68 137.99 -24.74711109213425 15.13576655213372
2010.9384 34.68 137.99 -44.87595029763544 15.80080121979569
2010.9658 34.68 137.99 -19.86073207894818 17.54664090621608
2010.9932 34.68 137.99 -16.26510635731990 12.39676865418844
2011.1027 34.68 137.99 -11.95351077953068 12.45358447079223
2011.1301 34.68 137.99 -5.90318368261806 20.78537542968409
2011.1575 34.68 137.99 0.24228226577191 13.25256247535404
2011.1849 34.68 137.99 25.40265872426229 10.06108082377720
2011.2123 34.68 137.99 18.54160270025643 17.64375379563756
2011.2397 34.68 137.99 -7.96617496282181 18.58969287848095
2011.2671 34.68 137.99 12.40862282533830 14.61077805545964
2011.2945 34.68 137.99 15.89981789799165 17.45437837523043
2011.3219 34.68 137.99 23.53476971546390 16.27747076508482
2011.3493 34.68 137.99 21.05657372545368 14.30941886504252
2011.3767 34.68 137.99 33.75867202580668 17.13703555660314
2011.4041 34.68 137.99 24.72595606561536 14.69625414006300
2011.4315 34.68 137.99 28.33595086340242 14.33721022779594
2011.5137 34.68 137.99 38.89779421847476 13.08237074506603
2011.5411 34.68 137.99 45.48094189167951 14.28871841416442
2011.5685 34.68 137.99 15.78337305653346 13.75921188148009
2011.5959 34.68 137.99 45.75869359336075 14.96289969304226
2011.6233 34.68 137.99 19.39723563210072 14.79325736633127
2011.6507 34.68 137.99 14.54204830845107 18.18685081277761
2011.6781 34.68 137.99 27.64549821894197 16.86744955813987
2011.7055 34.68 137.99 27.04369987032692 16.98175238692010
2011.7329 34.68 137.99 6.42046686412916 20.00403917272661
2011.7603 34.68 137.99 11.87862115598475 16.92691657205272
2011.7877 34.68 137.99 6.63156210964941 18.17946966314237
2011.8151 34.68 137.99 11.75219245343551 17.72649629931453
2011.8425 34.68 137.99 5.84390194931174 19.53799706062123
2011.8699 34.68 137.99 16.97712808014534 18.04059849232918
2011.9521 34.68 137.99 2.90941990381471 10.90682168688945
2011.9795 34.68 137.99 -10.18890846918050 15.30187603603854
2012.0068 34.68 137.99 10.70027923936287 14.07324649150166
2012.0342 34.68 137.99 15.69098133231108 17.02229026423853
2012.0616 34.68 137.99 2.63138551989265 14.70544903821063
2012.0890 34.68 137.99 27.24622985203702 14.43001109118909
2012.1164 34.68 137.99 9.77016313707853 14.00095800787853
2012.1438 34.68 137.99 30.96387865221220 14.50554948101225
2012.1712 34.68 137.99 67.23644293063900 13.60629707841649
2012.1986 34.68 137.99 47.80744004460684 12.25543648793114
2012.2260 34.68 137.99 26.47526454789522 12.71723493256345
2012.2534 34.68 137.99 22.14314882600391 12.35346805152424
2012.2808 34.68 137.99 19.56598364620494 11.47174320270222
2012.3082 34.68 137.99 25.05831249543777 12.72204914529780
2012.3904 34.68 137.99 8.63214241933132 13.36670243941280
2012.4178 34.68 137.99 0.43579185892569 10.40803970606402
2012.4452 34.68 137.99 24.57672306811439 10.21670568782289
2012.4726 34.68 137.99 15.40127703206609 11.14862884907375
2012.5000 34.68 137.99 26.56083014145898 10.49242759387989
2012.5274 34.68 137.99 24.43042282184740 11.26541646119155
2012.5548 34.68 137.99 19.56965865175831 11.24579131644288
2012.5822 34.68 137.99 24.45570794594381 12.04631129344326
2012.6096 34.68 137.99 35.65538167197058 12.00951309629014
2012.6370 34.68 137.99 18.07091797704180 10.96586093274082
2012.6644 34.68 137.99 20.64773155320963 12.14404874231945
2012.6918 34.68 137.99 20.97862297229431 12.59286636873719
2012.7192 34.68 137.99 35.76518623062441 15.56251129067646
2012.7466 34.68 137.99 11.92626133956229 10.07317446122987
2012.8562 34.68 137.99 2.84186992368295 15.98969408697683
2012.8836 34.68 137.99 -3.85825908685654 15.13214370958430
2012.9110 34.68 137.99 -8.30070672031243 14.26457691464887
2012.9384 34.68 137.99 7.39096958613202 13.30127182347473
2012.9658 34.68 137.99 21.72977471445404 15.56266884428802
2012.9918 34.68 137.99 5.56465756064619 7.17655910625967
2013.0178 34.68 137.99 12.64121465398683 8.71209482059498
2013.0452 34.68 137.99 25.53778673457122 8.61820016437999
2013.0726 34.68 137.99 21.25203887768213 7.84734861120759
2013.1000 34.68 137.99 47.12530548011683 8.07917115272078
2013.1274 34.68 137.99 35.45527068326575 7.36013379999992
2013.1548 34.68 137.99 37.06654866508322 6.59502611802746
2013.2644 34.68 137.99 58.59486035439875 7.24030607618783
2013.2918 34.68 137.99 62.70504242526813 7.63179065702279
2013.3192 34.68 137.99 56.22881315481396 8.60808566339485
2013.3466 34.68 137.99 58.73538301463621 8.87874168202419
2013.3740 34.68 137.99 41.03578137297472 7.43924102209563
2013.4014 34.68 137.99 59.97201269319248 7.72281215008008
2013.4288 34.68 137.99 39.79036290926289 6.60565775636226
2013.4562 34.68 137.99 25.83422059726522 6.71105182066871
2013.4836 34.68 137.99 14.22227529493665 6.95682794720782
2013.5110 34.68 137.99 68.67076799746516 8.03288866355096
2013.5384 34.68 137.99 63.13069830717959 7.62340097267170
2013.5658 34.68 137.99 36.85197570484259 8.17227201616370
2013.7575 34.68 137.99 -3.85531317233155 7.52254345446953
2013.7849 34.68 137.99 24.85868067886333 7.94057218427615
2013.8123 34.68 137.99 19.07380950322297 7.19990299447448
2013.8397 34.68 137.99 -10.15648339928721 7.32781409258391
2013.8671 34.68 137.99 -1.36726642225572 7.79306939925313
2013.8945 34.68 137.99 8.76973545302669 7.28028549393789
2013.9219 34.68 137.99 7.00713814196017 6.29654411791995
2013.9493 34.68 137.99 7.21265279936051 6.84870713216202
2013.9767 34.68 137.99 15.59863183096153 6.79972145441239
2014.0041 34.68 137.99 29.40491960838033 6.60095742769042
2014.0315 34.68 137.99 26.05334199847468 6.97795747438809
2014.1685 34.68 137.99 26.01356222184764 7.29347959523551
2014.1959 34.68 137.99 43.64182799657291 7.77813509379010
2014.2233 34.68 137.99 30.10972298409249 7.27319632868885
2014.2507 34.68 137.99 43.16956047403870 6.57561512136185
2014.2781 34.68 137.99 33.71256828352764 7.04080195214702
2014.3055 34.68 137.99 -2.28681333083420 6.69946664790547
2014.3329 34.68 137.99 2.73881748347028 5.26113748393971
2014.3603 34.68 137.99 9.97569832025527 6.19165791658490
2014.3877 34.68 137.99 47.17961310946625 6.20737107580936
2014.4151 34.68 137.99 35.02160005917147 6.11319571520555
2014.4425 34.68 137.99 43.11007956494382 6.56047412115140
2014.4699 34.68 137.99 33.87189434023190 6.41792211926967
2014.5795 34.68 137.99 31.24188197180402 5.08513528592762
2014.6068 34.68 137.99 65.99516047989773 5.58887002128679
2014.6342 34.68 137.99 69.92116277032585 4.91190474347889
2014.6616 34.68 137.99 26.11213276373544 5.70684271175211
2014.6890 34.68 137.99 30.07207116223623 5.55638751775491
2014.7164 34.68 137.99 29.76706902808569 5.41927414716926
2014.7438 34.68 137.99 15.89963802298220 6.02894522329018
2014.7712 34.68 137.99 -12.93627590024597 5.95366483698845
2014.7986 34.68 137.99 9.22654050221561 5.09966366982991
2014.8260 34.68 137.99 29.91842269691958 5.04956606675026
2014.8534 34.68 137.99 16.87136586384491 5.39840546111112
2014.8808 34.68 137.99 16.10506557858417 5.41768661062578
2014.9082 34.68 137.99 25.51702259967882 5.54932126941691
2015.0452 34.68 137.99 35.65710606424594 3.82147420243381
2015.0726 34.68 137.99 61.31016794841426 4.33671806993633
2015.1000 34.68 137.99 40.82262644848917 3.70531573546368
2015.1274 34.68 137.99 50.60062480559957 3.40789294474386
2015.1548 34.68 137.99 59.02187933173254 4.16363657765165
2015.1822 34.68 137.99 28.75671649914523 3.81952882899341
2015.2096 34.68 137.99 28.43208033276742 5.60598673791838
2015.2370 34.68 137.99 1.28640365976413 6.21418914475143
2015.2644 34.68 137.99 57.91569826828346 5.33091268740780
2015.2918 34.68 137.99 56.65447983061496 5.23591258665699
2015.3192 34.68 137.99 61.41536064895373 5.02415017910026
2015.3466 34.68 137.99 36.98073473514773 5.53263873709885
2015.4836 34.68 137.99 61.52517153464749 4.49069409213639
2015.5110 34.68 137.99 19.26659564711745 4.46664756627822
2015.5384 34.68 137.99 36.63094155389707 5.08581862894761
2015.5658 34.68 137.99 64.36787857888902 5.44654528228992
2015.5932 34.68 137.99 34.45798386723622 5.78043337114571
2015.6205 34.68 137.99 36.66566714634478 5.43491365733394
2015.6479 34.68 137.99 33.77550691717320 5.31809600786785
2015.6753 34.68 137.99 43.98037210281743 4.95753583115316
2015.7027 34.68 137.99 28.49238021490041 5.66149954663887
2015.7301 34.68 137.99 33.33612351074632 5.54207063391604
2015.9493 34.68 137.99 27.95461062010480 5.28084244226479
2015.9767 34.68 137.99 32.85964052467098 5.85520492995392
2016.0041 34.68 137.99 35.58198830305830 5.15640586135730
2016.0315 34.68 137.99 4.42204910089415 4.88471794629020
2016.0589 34.68 137.99 38.80777452788072 4.98807743439894
2016.0863 34.68 137.99 32.26777215106516 4.34244884858263
2016.1137 34.68 137.99 35.45297578869157 5.10457197213408
2016.1411 34.68 137.99 43.44343575551236 6.34708843529071
2016.1685 34.68 137.99 57.90489390640292 7.04120450921078
2016.1959 34.68 137.99 65.79008350576662 6.96141671883133
2016.2233 34.68 137.99 36.19135382252846 7.13313010332008
2016.2507 34.68 137.99 40.23539408454690 5.26390251220533
2016.3603 34.68 137.99 33.32335247760518 4.95029023449372
2016.3877 34.68 137.99 25.03754508053897 6.11505291309907
2016.4151 34.68 137.99 8.47547847946434 5.90864717193178
2016.4425 34.68 137.99 26.21334064840319 6.51949181574823
2016.4699 34.68 137.99 36.16340881477372 6.36437949212500
