2002.5877 37.97 -91.34 -21.94741365091820 9.92326175587539
2002.6151 37.97 -91.34 7.07835269382390 9.65223163509702
2002.6425 37.97 -91.34 -14.97895649831527 9.85740456372205
2002.6699 37.97 -91.34 -12.60988955615411 8.26610252151700
2002.6973 37.97 -91.34 -1.85711572168935 13.09377939605939
2002.7247 37.97 -91.34 3.58288471417476 9.37167523281779
2002.7521 37.97 -91.34 -12.40953710495612 8.57912003818219
2002.7795 37.97 -91.34 -9.53638305715065 9.82281276282134
2002.8068 37.97 -91.34 -36.95406011993916 8.90688563468268
2002.8342 37.97 -91.34 -5.34978542010727 8.73136306161641
2002.8616 37.97 -91.34 -1.21987541572868 8.29333477208202
2002.8890 37.97 -91.34 -4.87263941706190 8.88240381294080
2002.9164 37.97 -91.34 -10.77275077381061 9.18590720217330
2003.0260 37.97 -91.34 19.21860166129149 10.24078367976505
2003.0534 37.97 -91.34 29.74398461299579 17.99907545911019
2003.0808 37.97 -91.34 16.71173207134485 14.82112309787764
2003.1082 37.97 -91.34 26.30921601518057 8.20940230337036
2003.1356 37.97 -91.34 56.68621904412297 7.54181004422786
2003.1630 37.97 -91.34 25.43026990669546 8.22320689729764
2003.1904 37.97 -91.34 46.55270851339733 9.61581285385400
2003.2178 37.97 -91.34 43.47759369444057 8.12241833087918
2003.2452 37.97 -91.34 47.58450896171303 8.07731534521235
2003.2726 37.97 -91.34 35.29463074565354 7.85781098416839
2003.3000 37.97 -91.34 28.40688665905791 7.71556168579761
2003.3274 37.97 -91.34 51.01325589715869 10.37496460671759
2003.3548 37.97 -91.34 33.95536944234788 11.82396187576110
2003.3822 37.97 -91.34 47.62910977611688 9.98204603013171
2003.5192 37.97 -91.34 -25.80030693003064 11.56122814020783
2003.5466 37.97 -91.34 -3.51678335971960 13.21241938813636
2003.5740 37.97 -91.34 -64.72561487320687 15.84592075567633
2003.6014 37.97 -91.34 -19.12321130225740 13.25102141589685
2003.6288 37.97 -91.34 -32.20808166681646 12.16715259414984
2003.6562 37.97 -91.34 -5.90322043500173 13.30675561071161
2003.6836 37.97 -91.34 9.40182428977586 13.37838598096526
2003.7110 37.97 -91.34 3.46781328475783 9.83892541875989
2003.7384 37.97 -91.34 9.67873417696686 12.50789499586784
2003.7658 37.97 -91.34 17.66199911374951 11.38114704886948
2003.7932 37.97 -91.34 16.56669945204007 12.96367333077172
2003.8205 37.97 -91.34 12.68638147829686 13.74185356875819
2003.8479 37.97 -91.34 11.30112899641952 11.57728492278759
2003.8753 37.97 -91.34 16.41024483422785 12.80988682945259
2003.9027 37.97 -91.34 23.92486564663178 11.20386973334436
2003.9301 37.97 -91.34 15.76907090484580 11.98571641421797
2003.9575 37.97 -91.34 35.18282943114141 13.96321200247063
2003.9849 37.97 -91.34 27.76717832961359 13.03372091982427
2004.0123 37.97 -91.34 51.49055811581073 13.99754605305796
2004.0397 37.97 -91.34 39.45224672364599 10.57654398676863
2004.0945 37.97 -91.34 49.73154530580297 9.86290918304451
2004.1219 37.97 -91.34 41.39949726268349 11.45797132143930
2004.1493 37.97 -91.34 39.27517183858087 13.67147845849806
2004.1767 37.97 -91.34 49.86996926327102 15.05879508515721
2004.2041 37.97 -91.34 58.44103045970233 11.78520889894835
2004.2315 37.97 -91.34 31.63488528771759 11.96050469043796
2004.2589 37.97 -91.34 43.20190873759638 12.30845755694555
2004.2863 37.97 -91.34 35.60596947730574 12.38326353500927
2004.3137 37.97 -91.34 41.55417108727990 11.69064169948064
2004.3411 37.97 -91.34 41.76326370549563 12.98185689550968
2004.3685 37.97 -91.34 41.03489434893278 12.20275840835660
2004.3959 37.97 -91.34 17.60582073341185 10.48083631269063
2004.4233 37.97 -91.34 15.34295227675605 10.02450693909769
2004.4507 37.97 -91.34 9.78005928684579 8.97747035561268
2004.4781 37.97 -91.34 25.25563988787293 9.99142475972610
2004.5055 37.97 -91.34 8.98864583839566 9.68836169917176
2004.5329 37.97 -91.34 4.06924499385644 9.04224902238068
2004.5603 37.97 -91.34 1.47438774216657 9.39301075693032
2004.5877 37.97 -91.34 0.67243206096443 9.41047250255579
2004.6151 37.97 -91.34 19.60388331402068 10.43504021956022
2004.6425 37.97 -91.34 8.78336818664013 8.68583817908029
2004.6699 37.97 -91.34 19.48395423232819 8.65974093572343
2004.6973 37.97 -91.34 18.47202131770400 8.03901313767650
2004.7247 37.97 -91.34 11.05655359695360 9.40685440478245
2004.7521 37.97 -91.34 3.05635420289000 8.91464950575522
2004.7795 37.97 -91.34 -8.98275618893064 8.76971941978279
2004.8068 37.97 -91.34 -3.91759520705893 9.91355621938152
2004.8342 37.97 -91.34 32.72844123854744 9.81262929074068
2004.8616 37.97 -91.34 30.81004056092062 8.43227451889505
2004.8890 37.97 -91.34 21.16127493142035 8.47679345671239
2004.9164 37.97 -91.34 48.25220830540928 9.43050195425152
2004.9438 37.97 -91.34 63.90737849319382 10.16291387228146
2004.9712 37.97 -91.34 57.94886265281831 9.59098713063491
2004.9973 37.97 -91.34 43.74407373243319 9.06697847463874
2005.0233 37.97 -91.34 58.22393722438112 10.99618744591170
2005.0507 37.97 -91.34 62.61560370138038 17.30866993724261
2005.0781 37.97 -91.34 54.27445199160967 12.59810612769245
2005.1055 37.97 -91.34 47.99686141555691 12.44736877977922
2005.1329 37.97 -91.34 67.17820251115083 12.76999640227444
2005.1603 37.97 -91.34 45.36933024124480 11.08721959194540
2005.1877 37.97 -91.34 42.97690884183363 10.92594081239699
2005.2151 37.97 -91.34 46.04633240937900 10.03954074483539
2005.2425 37.97 -91.34 53.00382320333934 9.89926344175805
2005.2699 37.97 -91.34 45.49180322329213 10.70175509626315
2005.2973 37.97 -91.34 50.43886300634773 11.39226295404485
2005.3247 37.97 -91.34 37.40335815747563 12.03106588978960
2005.3521 37.97 -91.34 30.81327447158691 4.25080951589149
2005.3795 37.97 -91.34 33.10613848542665 11.15791575050187
2005.4068 37.97 -91.34 20.14689784036564 10.03169519271715
2005.4342 37.97 -91.34 13.95606328242893 11.49520502208499
2005.4616 37.97 -91.34 0.73070414868023 10.55631023767924
2005.4890 37.97 -91.34 -20.21085931643455 9.99131010755745
2005.5164 37.97 -91.34 -21.78402138178727 9.92754968772777
2005.5438 37.97 -91.34 -14.44747120191913 11.00521231927610
2005.5712 37.97 -91.34 -13.15012724316405 12.14571997154593
2005.5986 37.97 -91.34 -25.90618813140968 12.43124373818271
2005.6260 37.97 -91.34 -6.05275788142806 10.81717246920142
2005.6534 37.97 -91.34 -15.66612431850783 11.58374709973569
2005.6808 37.97 -91.34 -29.96785408119983 11.29845467098033
2005.7082 37.97 -91.34 -9.45455625645165 14.15721739424390
2005.7356 37.97 -91.34 -14.73088390638074 12.25796865380721
2005.7630 37.97 -91.34 -33.22036972845969 12.27425718582247
2005.7904 37.97 -91.34 -3.28502690265328 11.31879264554429
2005.8178 37.97 -91.34 -7.13644816736273 11.73265247018027
2005.8452 37.97 -91.34 -8.19988427071351 12.54463051987918
2005.8726 37.97 -91.34 -2.87696660401960 10.77896194118131
2005.9000 37.97 -91.34 11.86613641660681 10.40729053981388
2005.9274 37.97 -91.34 1.93063913391026 10.12846526004789
2005.9548 37.97 -91.34 2.53345039637739 8.72086974955428
2005.9822 37.97 -91.34 -7.12211890498027 9.45764602068279
2006.0096 37.97 -91.34 17.39884135178863 10.90351254909043
2006.0370 37.97 -91.34 36.92781966928957 14.14958794546798
2006.0644 37.97 -91.34 33.74239421800763 14.29555822949922
2006.0918 37.97 -91.34 23.00214773879353 14.43042516324196
2006.1192 37.97 -91.34 11.32223346921492 16.91427061703841
2006.1466 37.97 -91.34 14.46285528460062 12.85015068656152
2006.1740 37.97 -91.34 15.92344365619849 15.04311179293285
2006.2014 37.97 -91.34 31.07529939298596 11.12542486737521
2006.2288 37.97 -91.34 21.48251286896879 15.15502085107696
2006.2562 37.97 -91.34 -0.86293253158329 14.32302433753719
2006.2836 37.97 -91.34 22.82500373978175 13.86501326629386
2006.3110 37.97 -91.34 -7.31863156454363 14.91722849819567
2006.3384 37.97 -91.34 -7.89448810909081 13.44024272184824
2006.3658 37.97 -91.34 9.76084793939082 15.00559735460806
2006.3932 37.97 -91.34 -19.42104967125356 14.68181609141065
2006.4205 37.97 -91.34 -4.53109197103379 14.61752716986557
2006.4479 37.97 -91.34 4.58565295709978 15.54097497485297
2006.4753 37.97 -91.34 -17.60811392349812 16.20925355631471
2006.5027 37.97 -91.34 -3.69323367320145 16.97026665321194
2006.5301 37.97 -91.34 -20.07590480290559 20.70091182931406
2006.5575 37.97 -91.34 -41.14374933186965 16.08063120689796
2006.5849 37.97 -91.34 -46.78220249459772 16.60139520883730
2006.6123 37.97 -91.34 -28.79081940252613 21.46891828944297
2006.6397 37.97 -91.34 -42.20650998999518 17.74179329114866
2006.6671 37.97 -91.34 -13.23169236782274 15.75032247331031
2006.6945 37.97 -91.34 -36.53320975326464 20.75172780141068
2006.7219 37.97 -91.34 -10.61840852897928 18.76402186240250
2006.7493 37.97 -91.34 -21.13183242036081 22.93473856130032
2006.7767 37.97 -91.34 -22.73839150766505 19.96382374698536
2006.8041 37.97 -91.34 -14.55571766842621 15.63584067529830
2006.8315 37.97 -91.34 -10.56761408434687 18.65655206773383
2006.8589 37.97 -91.34 -29.19590031506307 17.97126005371551
2006.8863 37.97 -91.34 8.04038956770867 17.00666083639376
2006.9137 37.97 -91.34 35.00717551840562 16.27135281872285
2006.9411 37.97 -91.34 22.78908842912814 15.89965136991181
2006.9685 37.97 -91.34 17.54311544096409 15.50470736226120
2006.9959 37.97 -91.34 35.86723465775465 15.02186377034571
2007.0233 37.97 -91.34 27.43408336869580 13.62620595696835
2007.0507 37.97 -91.34 49.97880193957153 14.52705718454738
2007.0781 37.97 -91.34 45.77755622503949 15.53464408368280
2007.1055 37.97 -91.34 40.62498005992057 13.62853331169760
2007.1329 37.97 -91.34 57.57449836497071 15.06468062099951
2007.1603 37.97 -91.34 42.95139831008041 14.33647288493692
2007.1877 37.97 -91.34 12.10805514611523 19.62831020326999
2007.2151 37.97 -91.34 12.15224012595704 17.31006147201420
2007.2425 37.97 -91.34 47.82450605359587 16.56599240125583
2007.2699 37.97 -91.34 33.36848483917963 12.38868704546550
2007.2973 37.97 -91.34 22.74030813458238 11.60827280857029
2007.3247 37.97 -91.34 16.70954713086123 14.91696395952992
2007.3521 37.97 -91.34 14.37965980630198 16.62663605262996
2007.3795 37.97 -91.34 2.47420609710884 17.64103941073652
2007.4068 37.97 -91.34 20.44003476521883 14.16460995295006
2007.4342 37.97 -91.34 17.67639389387239 13.36637020850406
2007.4616 37.97 -91.34 -11.03764057400480 18.62500595637711
2007.4890 37.97 -91.34 16.58896766112870 13.38870698459034
2007.5164 37.97 -91.34 -3.44804166440523 14.42315016532354
2007.5438 37.97 -91.34 -19.40569620397706 13.83278435124978
2007.5712 37.97 -91.34 -19.31538327065561 14.21805442684964
2007.5986 37.97 -91.34 -31.43813938870100 17.91242066017049
2007.6260 37.97 -91.34 -24.04891120005890 14.09458094850269
2007.6534 37.97 -91.34 -28.02057380848420 14.39914932074204
2007.6808 37.97 -91.34 -37.29556740586956 15.03532548888220
2007.7082 37.97 -91.34 -40.47550377900365 10.30374459972418
2007.7356 37.97 -91.34 -56.32701406877332 15.43393559429464
2007.7630 37.97 -91.34 -43.95516813421673 11.03115300371226
2007.7904 37.97 -91.34 -25.44391117876762 15.40533015414089
2007.8178 37.97 -91.34 -53.08877684618911 18.19045827887431
2007.8452 37.97 -91.34 -34.47812184280453 14.10215742184885
2007.8726 37.97 -91.34 -5.33702759985180 16.70470601947617
2007.9000 37.97 -91.34 -34.14018347884937 17.58918720592730
2007.9274 37.97 -91.34 -24.63586774045221 17.51604453608924
2007.9548 37.97 -91.34 8.99735806877578 12.77835306509762
2007.9822 37.97 -91.34 0.55872258775827 16.19089211635470
2008.0096 37.97 -91.34 -18.13777500213737 14.08646809321932
2008.0370 37.97 -91.34 10.70235046477494 14.74570114815065
2008.0644 37.97 -91.34 1.44876948823759 17.40166493945857
2008.0918 37.97 -91.34 0.71367395194914 13.12577662927157
2008.1192 37.97 -91.34 -5.52494339309666 16.05616150732899
2008.1466 37.97 -91.34 11.51662518132860 19.01186893126688
2008.1740 37.97 -91.34 12.07571227902864 16.38231721606654
2008.2014 37.97 -91.34 21.71578245818769 18.06703838580384
2008.2288 37.97 -91.34 53.82715503466246 19.97116610330901
2008.2562 37.97 -91.34 32.79772699703601 18.97883793056472
2008.2836 37.97 -91.34 31.15632888919331 22.89100899070031
2008.3110 37.97 -91.34 13.33090623814427 23.95232757906325
2008.3384 37.97 -91.34 10.81456151647704 17.56600332004123
2008.3658 37.97 -91.34 17.37389623250333 17.74400051902155
2008.3932 37.97 -91.34 16.70060269868718 15.71480983661835
2008.4205 37.97 -91.34 4.22537147606033 13.70457865387935
2008.4479 37.97 -91.34 25.89585556353991 14.22018464246091
2008.4753 37.97 -91.34 38.32806536039787 13.62969293598894
2008.5027 37.97 -91.34 11.03520962934966 16.86644256435980
2008.5301 37.97 -91.34 22.33376012192252 20.86982206072425
2008.5575 37.97 -91.34 -10.86894117337203 13.07125853382170
2008.5849 37.97 -91.34 18.44386752351595 15.66244833289788
2008.6123 37.97 -91.34 4.76363770274189 12.41967775739538
2008.6397 37.97 -91.34 -20.56066750334297 13.90355633384927
2008.6671 37.97 -91.34 -35.73330274019732 13.19286129471154
2008.6945 37.97 -91.34 4.44367603982993 12.69624307145876
2008.7219 37.97 -91.34 7.64447383857059 15.13694138210824
2008.7493 37.97 -91.34 16.65926809905652 13.53736144472819
2008.7767 37.97 -91.34 -24.67887499219908 16.32026852087569
2008.8041 37.97 -91.34 -15.18838253945848 16.49008842392327
2008.8315 37.97 -91.34 -11.34171416248365 18.47343648033328
2008.8589 37.97 -91.34 0.62286956409747 21.63497111749847
2008.8863 37.97 -91.34 -13.33090393874816 20.74634123442990
2008.9137 37.97 -91.34 -8.42434586949961 19.86252557688607
2008.9411 37.97 -91.34 0.59658654372165 20.44500730921240
2008.9685 37.97 -91.34 -17.25936637907540 19.04346258741447
2008.9945 37.97 -91.34 20.22608742606590 16.18795583297124
2009.0205 37.97 -91.34 24.66396740763264 16.10271456612652
2009.0479 37.97 -91.34 11.19348600993180 16.11328065498948
2009.0753 37.97 -91.34 6.97105931237086 15.14305929856695
2009.1027 37.97 -91.34 12.31156267097953 19.31698966132598
2009.1301 37.97 -91.34 38.47341429305069 15.00853594301699
2009.1575 37.97 -91.34 22.15979461016365 15.13705859812355
2009.1849 37.97 -91.34 17.45926326832918 18.18247914371632
2009.2123 37.97 -91.34 25.70277260048086 14.80047112490527
2009.2397 37.97 -91.34 2.31636309896822 17.38098215705789
2009.2671 37.97 -91.34 7.68425529675174 14.35657777361789
2009.2945 37.97 -91.34 28.62668819928914 14.79419920364074
2009.3219 37.97 -91.34 8.60438151495465 15.38647943084889
2009.3493 37.97 -91.34 23.83129652828810 13.96142709853144
2009.3767 37.97 -91.34 35.05908774362288 14.70136703368911
2009.4041 37.97 -91.34 1.72056188145874 12.63542168759135
2009.4315 37.97 -91.34 12.65681793704265 14.99788732395549
2009.4589 37.97 -91.34 -4.11125715015558 12.20599870864935
2009.4863 37.97 -91.34 2.02078374226252 13.58921542245011
2009.5137 37.97 -91.34 -7.87042121271129 12.67786903053224
2009.5411 37.97 -91.34 3.04542242214360 15.95838621639260
2009.5685 37.97 -91.34 2.93578872019650 17.11841406269785
2009.5959 37.97 -91.34 -10.98215105507074 14.81169045214915
2009.6233 37.97 -91.34 -20.47609740726054 15.79349581708059
2009.6507 37.97 -91.34 -22.23521092099199 15.25441625920857
2009.6781 37.97 -91.34 -19.77116100604127 16.57928818370819
2009.7055 37.97 -91.34 -3.55665502736935 17.45786245326155
2009.7329 37.97 -91.34 -13.56772840494069 16.64291915010344
2009.7603 37.97 -91.34 -28.31847693177418 19.07226483408841
2009.7877 37.97 -91.34 30.94165040676925 17.54221631335288
2009.8151 37.97 -91.34 -6.23744172467478 19.09482657114352
2009.8425 37.97 -91.34 23.95523647167346 17.15764222194004
2009.8699 37.97 -91.34 17.39515926315342 16.29762646962716
2009.8973 37.97 -91.34 28.63364458371385 15.14369563538427
2009.9247 37.97 -91.34 18.37138590102391 14.60449764353309
2009.9521 37.97 -91.34 11.98003262316948 13.88935267460263
2009.9795 37.97 -91.34 36.06838920850801 14.28134411597116
2010.0068 37.97 -91.34 53.58667872493083 18.75896783039600
2010.0342 37.97 -91.34 32.91437542595872 14.12414125945812
2010.0616 37.97 -91.34 39.95321963039849 14.59124499035633
2010.0890 37.97 -91.34 37.05335882393199 18.03707820725802
2010.1164 37.97 -91.34 34.41667059025927 18.64239868581377
2010.1438 37.97 -91.34 15.46988813648369 17.57748690884081
2010.1712 37.97 -91.34 29.33223551853612 16.75909427893503
2010.1986 37.97 -91.34 33.92120336311408 16.02928258229707
2010.2260 37.97 -91.34 48.78124686532866 17.60902405033443
2010.2534 37.97 -91.34 48.92220399249830 18.04723431670111
2010.2808 37.97 -91.34 20.35879781528876 13.51215699506762
2010.3082 37.97 -91.34 11.07332639676541 14.32589679175965
2010.3356 37.97 -91.34 12.79664685111515 12.58617207162529
2010.3630 37.97 -91.34 14.23150274112992 13.48987982705746
2010.3904 37.97 -91.34 20.70388851994108 13.48988082565054
2010.4178 37.97 -91.34 37.29510876629968 14.45129252513819
2010.4452 37.97 -91.34 39.68494258539234 12.54276374883920
2010.4726 37.97 -91.34 -6.32626078567705 11.09783052504771
2010.5000 37.97 -91.34 2.94033250939539 12.90604236477010
2010.5274 37.97 -91.34 -38.09242208772164 21.89344847507223
2010.5548 37.97 -91.34 -19.33601635405938 13.47209402729856
2010.5822 37.97 -91.34 -5.38483758567135 12.02214721038668
2010.6096 37.97 -91.34 -32.20938526131189 16.19933783017972
2010.6370 37.97 -91.34 -8.05651711455520 14.19469531923118
2010.6644 37.97 -91.34 -29.91977893729884 13.16643347508309
2010.6918 37.97 -91.34 -23.62719205588170 16.32201306284898
2010.7192 37.97 -91.34 -32.28013303063621 15.11057382190859
2010.7466 37.97 -91.34 -9.87073612183340 17.93778548761762
2010.7740 37.97 -91.34 -27.21223347573423 13.90060803140219
2010.8014 37.97 -91.34 -22.28976595345373 13.34500963508566
2010.8288 37.97 -91.34 -22.46182924318604 15.54756019446677
2010.8562 37.97 -91.34 -28.70221906628840 15.17411587367481
2010.8836 37.97 -91.34 -29.80823241929259 13.75769312791723
2010.9110 37.97 -91.34 3.99958002470770 15.36189577564656
2010.9384 37.97 -91.34 1.21430399754944 16.03513698581967
2010.9658 37.97 -91.34 -2.25457758638142 17.81960080405899
2010.9932 37.97 -91.34 8.27585382493833 12.65149918854928
2011.1027 37.97 -91.34 5.52176180533693 12.71075112644894
2011.1301 37.97 -91.34 5.72904141243278 21.11545277445500
2011.1575 37.97 -91.34 34.62082605497005 13.48015311523954
2011.1849 37.97 -91.34 15.39867285237194 10.25299948833796
2011.2123 37.97 -91.34 38.08832954125059 17.91976846509455
2011.2397 37.97 -91.34 26.70247644283595 18.86951934374439
2011.2671 37.97 -91.34 2.44500463759486 14.84920532405994
2011.2945 37.97 -91.34 8.90637076659507 17.72160339266906
2011.3219 37.97 -91.34 21.14428064466373 16.52209606810393
2011.3493 37.97 -91.34 8.23011005066870 14.53289149628278
2011.3767 37.97 -91.34 7.77062144195043 17.39083646769331
2011.4041 37.97 -91.34 -4.48706505230648 14.93295907669669
2011.4315 37.97 -91.34 9.82968609081639 14.56169350941569
2011.5137 37.97 -91.34 -5.28326565774405 13.31505470314933
2011.5411 37.97 -91.34 12.98176498489222 14.52878636837228
2011.5685 37.97 -91.34 -2.81366477705467 13.99559244463137
2011.5959 37.97 -91.34 0.06385478964104 15.21539068837351
2011.6233 37.97 -91.34 -6.45608506507616 15.04893340457065
2011.6507 37.97 -91.34 -9.17686857821631 18.47691152286071
2011.6781 37.97 -91.34 -34.44933706589746 17.13794631638221
2011.7055 37.97 -91.34 -27.16451212228219 17.24653786030323
2011.7329 37.97 -91.34 -37.75673229676930 20.30147960073045
2011.7603 37.97 -91.34 -38.32475491417387 17.18608029659381
2011.7877 37.97 -91.34 -27.34018975446678 18.44665707642479
2011.8151 37.97 -91.34 -24.97078097954667 17.99164039983303
2011.8425 37.97 -91.34 -49.81703191838891 19.82020324491390
2011.8699 37.97 -91.34 -2.83298849450760 18.29981926180008
2011.9521 37.97 -91.34 10.18264910731199 11.10625141444406
2011.9795 37.97 -91.34 -2.70165359471691 15.51256873364695
2012.0068 37.97 -91.34 0.87365993509679 14.28544465183440
2012.0342 37.97 -91.34 10.29634104818524 17.28462784935656
2012.0616 37.97 -91.34 -3.29965887053272 14.92012032438817
2012.0890 37.97 -91.34 24.76645310517661 14.64035060289876
2012.1164 37.97 -91.34 10.05714917339920 14.23255126986871
2012.1438 37.97 -91.34 -1.05325198363585 14.71103833918015
2012.1712 37.97 -91.34 25.77014389194796 13.83826042443820
2012.1986 37.97 -91.34 2.91523477872092 12.41713043351965
2012.2260 37.97 -91.34 -2.25862756877891 12.91527451923802
2012.2534 37.97 -91.34 -1.36239289152311 12.52184867911408
2012.2808 37.97 -91.34 -3.31968404761521 11.60227030377877
2012.3082 37.97 -91.34 -11.15765686616842 12.98403033051558
2012.3904 37.97 -91.34 -38.41245197288292 13.55910735075260
2012.4178 37.97 -91.34 -54.65557283239379 10.54095174883799
2012.4452 37.97 -91.34 -15.97065122249836 10.33809624686165
2012.4726 37.97 -91.34 -63.54764535452654 11.27694297521199
2012.5000 37.97 -91.34 -62.04805687096987 10.61307449945701
2012.5274 37.97 -91.34 -50.09434717116257 11.41767947303456
2012.5548 37.97 -91.34 -62.64184020862311 11.41446184992821
2012.5822 37.97 -91.34 -66.40975326781555 12.19782911842364
2012.6096 37.97 -91.34 -70.51227379516020 12.20199372374846
2012.6370 37.97 -91.34 -70.65800200136962 11.12848015385645
2012.6644 37.97 -91.34 -52.64311673901670 12.31801719702168
2012.6918 37.97 -91.34 -29.54477578397556 12.78132433860321
2012.7192 37.97 -91.34 -47.92949344806063 15.80321669100412
2012.7466 37.97 -91.34 -50.36386534998906 10.28674883100158
2012.8562 37.97 -91.34 -53.68273679074304 16.23971408432122
2012.8836 37.97 -91.34 -45.30486521319884 15.35407314579121
2012.9110 37.97 -91.34 -42.50918959310583 14.46816623770915
2012.9384 37.97 -91.34 -64.43463664708626 13.52081427290121
2012.9658 37.97 -91.34 -29.26608796682998 15.76826887043999
2012.9918 37.97 -91.34 -51.18217065930543 7.28807290840074
2013.0178 37.97 -91.34 -46.23166028378722 8.83651483827450
2013.0452 37.97 -91.34 -12.86938019666120 8.74268976155321
2013.0726 37.97 -91.34 -23.58320368081962 7.96645783577165
2013.1000 37.97 -91.34 -0.92208562540506 8.20061091924183
2013.1274 37.97 -91.34 18.98222575567407 7.47719350554213
2013.1548 37.97 -91.34 -4.32620842448255 6.70548276192972
2013.2644 37.97 -91.34 24.56668173279302 7.52816370342907
2013.2918 37.97 -91.34 34.36568168333019 7.75115506564413
2013.3192 37.97 -91.34 29.73613319326916 8.73341635762238
2013.3466 37.97 -91.34 36.06430111681193 9.01032942089682
2013.3740 37.97 -91.34 15.80325832611021 7.54856323595045
2013.4014 37.97 -91.34 3.67067304320000 7.83617169576389
2013.4288 37.97 -91.34 -8.00599568904743 6.71052053574191
2013.4562 37.97 -91.34 -26.60835468767381 6.81660343485257
2013.4836 37.97 -91.34 -28.90552202677405 7.06644157128348
2013.5110 37.97 -91.34 -57.26519665746648 8.14905913196210
2013.5384 37.97 -91.34 -30.80019074528305 7.76468179837233
2013.5658 37.97 -91.34 -55.19030476461000 8.29680624379552
2013.7575 37.97 -91.34 -24.91100851548263 7.66591657600817
2013.7849 37.97 -91.34 -48.01321124091684 8.08306917356247
2013.8123 37.97 -91.34 -25.68145561214589 7.33139394938296
2013.8397 37.97 -91.34 -25.19031671304702 7.46447598988512
2013.8671 37.97 -91.34 -33.14103267606566 7.94729729744764
2013.8945 37.97 -91.34 -16.78484036691169 7.42763545908148
2013.9219 37.97 -91.34 -14.15982920529550 6.43058414547883
2013.9493 37.97 -91.34 -10.89094188447077 6.99488005920528
2013.9767 37.97 -91.34 -4.02363579893993 6.94945321782713
2014.0041 37.97 -91.34 -16.56873926954481 6.74154486656258
2014.0315 37.97 -91.34 -25.53060947569301 7.13007385911218
2014.1685 37.97 -91.34 26.35733447275059 7.43626809401562
2014.1959 37.97 -91.34 -29.34765141586601 7.89887596063431
2014.2233 37.97 -91.34 2.16464343521736 7.38935364316147
2014.2507 37.97 -91.34 9.94870524907100 6.67402415531438
2014.2781 37.97 -91.34 28.52481946601093 7.14057657075367
2014.3055 37.97 -91.34 -0.87047864080910 6.79444607018595
2014.3329 37.97 -91.34 -6.36844082883922 5.33772734061132
2014.3603 37.97 -91.34 -27.16022834492880 6.28137040750427
2014.3877 37.97 -91.34 1.65306410756056 6.29778774050263
2014.4151 37.97 -91.34 -21.66346352087223 6.20617470916565
2014.4425 37.97 -91.34 -8.28978967717865 6.66278894413399
2014.4699 37.97 -91.34 -20.20372967155436 6.52204966421574
2014.5795 37.97 -91.34 -49.36277204236839 5.18129805866714
2014.6068 37.97 -91.34 -67.25770255566982 5.69383876141837
2014.6342 37.97 -91.34 -49.00888694578249 5.00872232143278
2014.6616 37.97 -91.34 -56.88427944793455 5.81027371679478
2014.6890 37.97 -91.34 -47.39579613196842 5.65629235067874
2014.7164 37.97 -91.34 -55.00392089025109 5.51618099835226
2014.7438 37.97 -91.34 -54.27752954050119 6.13638815596458
2014.7712 37.97 -91.34 -37.67568775069169 6.06044263268596
2014.7986 37.97 -91.34 -19.17552026882873 5.19641772329575
2014.8260 37.97 -91.34 -51.57823844944748 5.14538598801800
2014.8534 37.97 -91.34 -38.63519166213761 5.50233071312908
2014.8808 37.97 -91.34 -39.10289191124915 5.51938583516433
2014.9082 37.97 -91.34 -27.31756522627948 5.65241317401511
2015.0452 37.97 -91.34 -4.53022456902253 3.90816907744076
2015.0726 37.97 -91.34 -33.12363418145775 4.44607589292202
2015.1000 37.97 -91.34 5.75213374083338 3.79021702691811
2015.1274 37.97 -91.34 -0.86849309719867 3.48542742371199
2015.1548 37.97 -91.34 -14.74967642174568 4.26894024985018
2015.1822 37.97 -91.34 -9.55805677703686 3.91216145763701
2015.2096 37.97 -91.34 19.85518880134116 5.70987989664412
2015.2370 37.97 -91.34 23.01507479859480 6.31591889162273
2015.2644 37.97 -91.34 -20.05710284956477 5.41223368697910
2015.2918 37.97 -91.34 17.11754183543672 5.32194361329967
2015.3192 37.97 -91.34 -14.70334487602577 5.10783943409075
2015.3466 37.97 -91.34 -24.69129117018176 5.62927000116175
2015.4836 37.97 -91.34 -20.11719596884555 4.60371786050718
2015.5110 37.97 -91.34 -15.18624930612487 4.56518832351298
2015.5384 37.97 -91.34 -19.32045966569874 5.19875768891825
2015.5658 37.97 -91.34 -28.42713229300534 5.55693770373501
2015.5932 37.97 -91.34 -27.30284731928150 5.89402857314754
2015.6205 37.97 -91.34 -22.58614375537837 5.54610173147873
2015.6479 37.97 -91.34 -18.30655897548137 5.42395065104503
2015.6753 37.97 -91.34 -44.73610384334884 5.06129041981823
2015.7027 37.97 -91.34 -47.72515702366936 5.77462682530659
2015.7301 37.97 -91.34 -46.11710101560625 5.65440321782411
2015.9493 37.97 -91.34 3.41217149125351 5.38343960050726
2015.9767 37.97 -91.34 -3.37074298624744 5.95902481641402
2016.0041 37.97 -91.34 32.76578206172704 5.25003651462169
2016.0315 37.97 -91.34 -5.82011011100675 4.97616068450046
2016.0589 37.97 -91.34 3.00846846614152 5.08460182005736
2016.0863 37.97 -91.34 -31.44279792255408 4.43057805555190
2016.1137 37.97 -91.34 -22.05550746138583 5.20328771609589
2016.1411 37.97 -91.34 60.19647793024420 6.45389831997192
2016.1685 37.97 -91.34 -42.73262538495272 7.15167736365807
2016.1959 37.97 -91.34 -27.91410519619365 7.06353060887303
2016.2233 37.97 -91.34 -10.64475778259092 7.22831827200729
2016.2507 37.97 -91.34 -39.61130963771674 5.35548258418691
2016.3603 37.97 -91.34 -18.11731398208308 5.04408709811492
2016.3877 37.97 -91.34 -17.56572644474888 6.23154443829097
2016.4151 37.97 -91.34 -21.86924288637534 6.02536431298735
2016.4425 37.97 -91.34 -52.97311444123339 6.64533055662355
2016.4699 37.97 -91.34 -66.77672264658426 6.49150167366207
