2002.5877 31.99 -81.02 -0.697 1.229 4.193 0.112 0.091 0.502
2002.6151 31.99 -81.02 -1.032 1.394 3.570 0.108 0.088 0.481
2002.6425 31.99 -81.02 -0.814 0.364 3.312 0.110 0.089 0.490
2002.6699 31.99 -81.02 -1.229 0.650 0.804 0.095 0.077 0.428
2002.6973 31.99 -81.02 -0.869 -0.247 -0.530 0.159 0.070 0.597
2002.7247 31.99 -81.02 -1.256 0.219 -1.959 0.102 0.084 0.454
2002.7521 31.99 -81.02 -0.966 0.560 -1.554 0.094 0.078 0.424
2002.7795 31.99 -81.02 -1.219 -0.175 -2.355 0.110 0.091 0.492
2002.8068 31.99 -81.02 -1.029 0.117 -0.667 0.098 0.080 0.437
2002.8342 31.99 -81.02 -0.842 0.289 -3.614 0.097 0.079 0.432
2002.8616 31.99 -81.02 -0.959 -0.055 -1.710 0.099 0.070 0.425
2002.8890 31.99 -81.02 -0.429 0.323 -1.392 0.098 0.080 0.436
2002.9164 31.99 -81.02 -0.703 0.254 -1.189 0.105 0.084 0.465
2003.0260 31.99 -81.02 0.036 0.173 -1.274 0.119 0.095 0.528
2003.0534 31.99 -81.02 0.143 -0.334 -0.983 0.192 0.157 0.842
2003.0808 31.99 -81.02 0.224 0.165 1.428 0.171 0.134 0.751
2003.1082 31.99 -81.02 -0.017 0.146 -1.798 0.100 0.078 0.448
2003.1356 31.99 -81.02 -0.037 -0.244 -3.649 0.093 0.072 0.418
2003.1630 31.99 -81.02 0.206 -0.563 -1.869 0.099 0.078 0.442
2003.1904 31.99 -81.02 0.030 -0.626 -2.480 0.116 0.089 0.512
2003.2178 31.99 -81.02 0.548 -0.807 -4.258 0.097 0.077 0.437
2003.2452 31.99 -81.02 0.289 -0.688 -3.991 0.095 0.077 0.427
2003.2726 31.99 -81.02 0.270 -0.380 -1.838 0.093 0.075 0.417
2003.3000 31.99 -81.02 0.496 -0.122 -1.699 0.090 0.073 0.408
2003.3274 31.99 -81.02 0.325 -0.310 -1.896 0.118 0.096 0.527
2003.3548 31.99 -81.02 0.708 -0.200 -2.938 0.128 0.108 0.574
2003.3822 31.99 -81.02 0.725 -0.699 0.138 0.118 0.092 0.521
2003.5192 31.99 -81.02 0.312 -0.256 -1.609 0.122 0.104 0.548
2003.5466 31.99 -81.02 0.231 0.081 -2.619 0.135 0.116 0.603
2003.5740 31.99 -81.02 -0.173 0.070 -1.756 0.157 0.137 0.699
2003.6014 31.99 -81.02 -0.126 -0.221 -3.491 0.135 0.116 0.603
2003.6288 31.99 -81.02 -0.058 -0.195 -2.975 0.128 0.109 0.573
2003.6562 31.99 -81.02 -0.323 -0.013 -3.002 0.137 0.117 0.611
2003.6836 31.99 -81.02 -0.364 0.189 -2.727 0.135 0.117 0.604
2003.7110 31.99 -81.02 -0.594 -0.250 -2.430 0.107 0.089 0.478
2003.7384 31.99 -81.02 -0.702 -0.036 -1.752 0.129 0.109 0.574
2003.7658 31.99 -81.02 -0.938 -0.389 -1.272 0.118 0.100 0.529
2003.7932 31.99 -81.02 -0.982 0.124 -2.679 0.132 0.113 0.587
2003.8205 31.99 -81.02 -1.013 0.479 -5.028 0.143 0.118 0.628
2003.8479 31.99 -81.02 -0.770 -0.080 -1.648 0.126 0.100 0.551
2003.8753 31.99 -81.02 -0.671 0.157 -1.050 0.132 0.111 0.584
2003.9027 31.99 -81.02 -0.217 -0.178 -3.155 0.121 0.098 0.533
2003.9301 31.99 -81.02 0.143 0.206 -1.182 0.126 0.104 0.555
2003.9575 31.99 -81.02 -0.026 -0.057 -2.154 0.141 0.119 0.621
2003.9849 31.99 -81.02 -0.197 -0.204 -2.738 0.134 0.111 0.588
2004.0123 31.99 -81.02 -0.045 -0.023 -0.661 0.144 0.119 0.630
2004.0397 31.99 -81.02 -0.198 0.564 -1.082 0.122 0.093 0.532
2004.0945 31.99 -81.02 0.245 -0.518 -4.257 0.114 0.087 0.498
2004.1219 31.99 -81.02 0.608 -0.670 -2.845 0.121 0.097 0.529
2004.1493 31.99 -81.02 0.239 -0.955 -3.551 0.142 0.115 0.619
2004.1767 31.99 -81.02 0.221 -0.874 -2.668 0.151 0.124 0.658
2004.2041 31.99 -81.02 0.252 -0.443 -1.881 0.124 0.099 0.539
2004.2315 31.99 -81.02 0.404 -0.365 -1.523 0.126 0.100 0.547
2004.2589 31.99 -81.02 0.477 -0.598 2.604 0.130 0.103 0.564
2004.2863 31.99 -81.02 0.439 -0.590 -1.133 0.131 0.103 0.566
2004.3137 31.99 -81.02 0.544 -0.697 0.076 0.125 0.097 0.538
2004.3411 31.99 -81.02 0.673 -0.685 -0.243 0.136 0.107 0.587
2004.3685 31.99 -81.02 0.438 -0.484 0.855 0.132 0.102 0.568
2004.3959 31.99 -81.02 0.336 -0.789 1.847 0.116 0.089 0.502
2004.4233 31.99 -81.02 0.173 -0.233 0.604 0.112 0.085 0.482
2004.4507 31.99 -81.02 0.099 -0.358 0.355 0.099 0.075 0.430
2004.4781 31.99 -81.02 0.115 -0.072 0.690 0.109 0.083 0.469
2004.5055 31.99 -81.02 0.259 -0.396 -1.286 0.106 0.081 0.459
2004.5329 31.99 -81.02 0.285 -0.495 0.576 0.101 0.076 0.436
2004.5603 31.99 -81.02 0.192 -0.190 2.081 0.104 0.078 0.447
2004.5877 31.99 -81.02 0.072 -0.097 -0.514 0.105 0.079 0.451
2004.6151 31.99 -81.02 -0.108 -0.090 0.866 0.115 0.087 0.495
2004.6425 31.99 -81.02 -0.028 0.151 0.375 0.098 0.074 0.427
2004.6699 31.99 -81.02 -0.298 0.302 -0.061 0.099 0.074 0.428
2004.6973 31.99 -81.02 -0.300 0.526 -2.083 0.093 0.070 0.404
2004.7247 31.99 -81.02 -0.568 -0.047 -3.501 0.106 0.079 0.457
2004.7521 31.99 -81.02 -0.445 0.119 -2.938 0.102 0.076 0.441
2004.7795 31.99 -81.02 -0.701 0.063 -2.026 0.099 0.074 0.429
2004.8068 31.99 -81.02 -0.626 0.039 -3.212 0.110 0.082 0.471
2004.8342 31.99 -81.02 -0.363 -0.359 -3.440 0.108 0.081 0.465
2004.8616 31.99 -81.02 -0.382 0.303 -0.615 0.096 0.072 0.417
2004.8890 31.99 -81.02 0.038 -0.312 -1.479 0.096 0.073 0.416
2004.9164 31.99 -81.02 0.031 -0.259 -2.949 0.104 0.079 0.450
2004.9438 31.99 -81.02 0.036 -0.271 -3.078 0.115 0.087 0.500
2004.9712 31.99 -81.02 0.186 -0.323 -2.987 0.104 0.080 0.451
2004.9973 31.99 -81.02 0.031 -0.281 -3.869 0.101 0.077 0.439
2005.0233 31.99 -81.02 0.270 -0.334 -3.904 0.116 0.091 0.503
2005.0507 31.99 -81.02 0.316 -0.332 -4.132 0.168 0.139 0.730
2005.0781 31.99 -81.02 0.113 -0.318 -2.763 0.129 0.104 0.560
2005.1055 31.99 -81.02 0.008 0.033 -4.230 0.128 0.103 0.557
2005.1329 31.99 -81.02 0.519 -0.341 -3.461 0.131 0.106 0.570
2005.1603 31.99 -81.02 0.609 -0.351 -4.515 0.118 0.093 0.513
2005.1877 31.99 -81.02 0.437 -0.485 -0.546 0.119 0.092 0.514
2005.2151 31.99 -81.02 0.574 -0.581 -1.153 0.112 0.086 0.487
2005.2425 31.99 -81.02 0.600 -1.129 -4.173 0.108 0.085 0.472
2005.2699 31.99 -81.02 0.566 -1.214 -3.105 0.115 0.091 0.502
2005.2973 31.99 -81.02 0.382 -0.646 -0.419 0.122 0.096 0.529
2005.3247 31.99 -81.02 0.596 -0.515 -3.130 0.128 0.101 0.557
2005.3521 31.99 -81.02 0.533 -0.197 -1.211 0.057 0.044 0.266
2005.3795 31.99 -81.02 0.429 -0.371 -1.573 0.120 0.095 0.525
2005.4068 31.99 -81.02 0.241 -0.279 -1.866 0.111 0.087 0.484
2005.4342 31.99 -81.02 0.296 -0.372 -1.490 0.127 0.100 0.553
2005.4616 31.99 -81.02 0.128 -0.405 -1.496 0.115 0.091 0.503
2005.4890 31.99 -81.02 0.040 -0.368 1.650 0.109 0.086 0.478
2005.5164 31.99 -81.02 0.010 -0.577 -0.906 0.109 0.087 0.478
2005.5438 31.99 -81.02 -0.376 -0.198 -3.468 0.118 0.095 0.517
2005.5712 31.99 -81.02 -0.134 -0.240 -3.359 0.128 0.104 0.561
2005.5986 31.99 -81.02 -0.377 -0.093 -1.488 0.131 0.106 0.573
2005.6260 31.99 -81.02 -0.336 -0.541 -2.903 0.116 0.094 0.510
2005.6534 31.99 -81.02 -0.381 -0.000 -3.303 0.122 0.099 0.536
2005.6808 31.99 -81.02 -0.601 -0.140 -2.563 0.120 0.098 0.527
2005.7082 31.99 -81.02 -0.769 -0.130 -0.845 0.144 0.120 0.634
2005.7356 31.99 -81.02 -0.926 0.318 -0.881 0.127 0.105 0.560
2005.7630 31.99 -81.02 -0.715 0.020 -1.096 0.127 0.106 0.562
2005.7904 31.99 -81.02 -0.564 -0.019 -1.475 0.120 0.099 0.529
2005.8178 31.99 -81.02 -0.478 0.240 -0.637 0.123 0.102 0.543
2005.8452 31.99 -81.02 -0.645 0.629 -0.571 0.131 0.109 0.582
2005.8726 31.99 -81.02 -0.590 0.712 1.867 0.114 0.095 0.506
2005.9000 31.99 -81.02 -0.287 0.324 1.043 0.111 0.092 0.495
2005.9274 31.99 -81.02 -0.363 0.416 -1.186 0.117 0.089 0.512
2005.9548 31.99 -81.02 -0.099 0.255 -2.348 0.114 0.085 0.516
2005.9822 31.99 -81.02 -0.171 0.415 0.022 0.111 0.087 0.490
2006.0096 31.99 -81.02 -0.030 0.227 -0.135 0.120 0.097 0.529
2006.0370 31.99 -81.02 -0.047 0.123 -1.825 0.150 0.124 0.661
2006.0644 31.99 -81.02 0.135 0.062 -1.068 0.152 0.126 0.672
2006.0918 31.99 -81.02 0.146 -0.272 -0.999 0.151 0.126 0.668
2006.1192 31.99 -81.02 0.261 -0.154 -2.199 0.170 0.145 0.753
2006.1466 31.99 -81.02 0.196 -0.190 -1.078 0.134 0.113 0.597
2006.1740 31.99 -81.02 0.269 -0.167 -2.342 0.150 0.129 0.667
2006.2014 31.99 -81.02 0.135 -0.505 -1.088 0.117 0.099 0.524
2006.2288 31.99 -81.02 0.453 -0.542 -0.620 0.151 0.131 0.673
2006.2562 31.99 -81.02 0.391 -0.398 -1.410 0.141 0.123 0.632
2006.2836 31.99 -81.02 0.382 -0.210 -0.153 0.139 0.120 0.619
2006.3110 31.99 -81.02 0.728 -0.589 3.000 0.148 0.129 0.661
2006.3384 31.99 -81.02 0.393 -0.255 0.391 0.134 0.117 0.601
2006.3658 31.99 -81.02 0.277 -0.073 0.518 0.148 0.130 0.664
2006.3932 31.99 -81.02 0.314 0.174 1.675 0.146 0.128 0.654
2006.4205 31.99 -81.02 0.188 -0.221 2.358 0.147 0.128 0.657
2006.4479 31.99 -81.02 0.088 0.469 1.895 0.161 0.136 0.716
2006.4753 31.99 -81.02 -0.115 0.666 -1.254 0.163 0.142 0.729
2006.5027 31.99 -81.02 -0.159 0.916 -0.030 0.169 0.148 0.757
2006.5301 31.99 -81.02 0.118 0.694 1.994 0.200 0.178 0.897
2006.5575 31.99 -81.02 -0.171 0.777 0.412 0.160 0.141 0.717
2006.5849 31.99 -81.02 -0.310 0.483 2.890 0.164 0.145 0.737
2006.6123 31.99 -81.02 -0.228 0.629 2.214 0.201 0.182 0.903
2006.6397 31.99 -81.02 -0.335 0.556 2.003 0.171 0.152 0.768
2006.6671 31.99 -81.02 -0.684 0.897 1.677 0.156 0.137 0.700
2006.6945 31.99 -81.02 -0.804 0.882 1.283 0.198 0.177 0.888
2006.7219 31.99 -81.02 -0.535 0.792 0.681 0.187 0.163 0.834
2006.7493 31.99 -81.02 -0.582 0.601 2.553 0.222 0.196 0.990
2006.7767 31.99 -81.02 -0.886 0.804 3.450 0.193 0.171 0.861
2006.8041 31.99 -81.02 -0.643 0.546 1.909 0.156 0.136 0.697
2006.8315 31.99 -81.02 -0.565 0.651 4.295 0.181 0.159 0.807
2006.8589 31.99 -81.02 -0.389 0.715 1.319 0.176 0.154 0.786
2006.8863 31.99 -81.02 -0.042 0.566 1.965 0.169 0.147 0.754
2006.9137 31.99 -81.02 -0.031 0.776 0.769 0.164 0.142 0.732
2006.9411 31.99 -81.02 0.072 0.326 0.414 0.162 0.139 0.720
2006.9685 31.99 -81.02 0.048 0.679 0.299 0.161 0.136 0.716
2006.9959 31.99 -81.02 0.071 0.172 -0.970 0.161 0.133 0.710
2007.0233 31.99 -81.02 0.308 0.172 -0.236 0.150 0.122 0.660
2007.0507 31.99 -81.02 0.227 -0.159 -0.268 0.156 0.128 0.688
2007.0781 31.99 -81.02 0.276 -0.334 -1.011 0.159 0.136 0.710
2007.1055 31.99 -81.02 0.445 -0.490 1.693 0.143 0.121 0.635
2007.1329 31.99 -81.02 0.583 -0.418 1.202 0.155 0.132 0.692
2007.1603 31.99 -81.02 0.563 -0.768 1.207 0.148 0.127 0.659
2007.1877 31.99 -81.02 0.533 -0.344 4.306 0.190 0.167 0.848
2007.2151 31.99 -81.02 0.458 0.077 0.280 0.170 0.149 0.757
2007.2425 31.99 -81.02 0.659 -0.441 1.831 0.163 0.143 0.729
2007.2699 31.99 -81.02 0.655 -0.326 0.923 0.130 0.111 0.584
2007.2973 31.99 -81.02 0.721 -0.536 3.074 0.123 0.104 0.551
2007.3247 31.99 -81.02 0.495 -0.098 0.720 0.150 0.130 0.671
2007.3521 31.99 -81.02 0.478 -0.116 1.445 0.164 0.144 0.733
2007.3795 31.99 -81.02 0.531 0.006 3.778 0.172 0.152 0.769
2007.4068 31.99 -81.02 0.628 -0.112 2.994 0.144 0.125 0.643
2007.4342 31.99 -81.02 0.284 0.185 1.544 0.138 0.119 0.616
2007.4616 31.99 -81.02 0.228 -0.105 1.447 0.180 0.159 0.804
2007.4890 31.99 -81.02 -0.095 0.292 2.399 0.139 0.118 0.619
2007.5164 31.99 -81.02 -0.210 0.509 4.230 0.146 0.127 0.653
2007.5438 31.99 -81.02 -0.115 0.307 3.504 0.142 0.122 0.634
2007.5712 31.99 -81.02 -0.154 0.133 2.935 0.146 0.125 0.651
2007.5986 31.99 -81.02 -0.610 0.282 5.117 0.178 0.155 0.793
2007.6260 31.99 -81.02 -0.802 0.247 3.314 0.146 0.125 0.650
2007.6534 31.99 -81.02 -0.975 0.615 4.761 0.148 0.127 0.660
2007.6808 31.99 -81.02 -1.116 0.355 3.293 0.156 0.133 0.693
2007.7082 31.99 -81.02 -1.084 0.591 3.987 0.116 0.095 0.519
2007.7356 31.99 -81.02 -1.237 0.898 2.581 0.160 0.136 0.711
2007.7630 31.99 -81.02 -1.576 1.221 1.858 0.124 0.101 0.551
2007.7904 31.99 -81.02 -1.455 1.101 2.055 0.157 0.135 0.700
2007.8178 31.99 -81.02 -1.266 0.572 1.096 0.180 0.157 0.804
2007.8452 31.99 -81.02 -1.460 0.953 2.177 0.148 0.126 0.659
2007.8726 31.99 -81.02 -1.101 1.035 5.315 0.172 0.147 0.765
2007.9000 31.99 -81.02 -1.092 1.012 4.521 0.183 0.153 0.806
2007.9274 31.99 -81.02 -0.827 1.000 2.930 0.178 0.154 0.794
2007.9548 31.99 -81.02 -0.784 0.833 3.719 0.134 0.115 0.601
2007.9822 31.99 -81.02 -0.598 0.574 -0.041 0.164 0.143 0.735
2008.0096 31.99 -81.02 -0.368 0.425 0.693 0.144 0.125 0.647
2008.0370 31.99 -81.02 -0.378 0.327 2.017 0.148 0.130 0.666
2008.0644 31.99 -81.02 -0.247 0.605 0.614 0.170 0.151 0.765
2008.0918 31.99 -81.02 -0.112 0.145 1.453 0.137 0.119 0.617
2008.1192 31.99 -81.02 0.095 0.269 2.036 0.160 0.142 0.721
2008.1466 31.99 -81.02 0.138 -0.307 -0.099 0.186 0.166 0.835
2008.1740 31.99 -81.02 0.428 -0.452 -0.984 0.163 0.144 0.732
2008.2014 31.99 -81.02 0.631 -0.175 -0.140 0.174 0.156 0.782
2008.2288 31.99 -81.02 0.729 -0.092 0.471 0.204 0.178 0.913
2008.2562 31.99 -81.02 1.127 -0.155 3.650 0.190 0.167 0.851
2008.2836 31.99 -81.02 1.103 -0.570 1.367 0.228 0.201 1.020
2008.3110 31.99 -81.02 0.932 -0.435 1.335 0.235 0.208 1.052
2008.3384 31.99 -81.02 0.984 -0.151 2.269 0.174 0.153 0.780
2008.3658 31.99 -81.02 0.688 -0.257 1.620 0.178 0.156 0.797
2008.3932 31.99 -81.02 0.692 -0.422 0.768 0.163 0.140 0.727
2008.4205 31.99 -81.02 0.544 -0.333 3.772 0.142 0.122 0.636
2008.4479 31.99 -81.02 0.115 -0.384 4.589 0.144 0.125 0.645
2008.4753 31.99 -81.02 -0.020 -0.454 6.948 0.140 0.120 0.626
2008.5027 31.99 -81.02 -0.208 0.126 4.860 0.171 0.147 0.762
2008.5301 31.99 -81.02 -0.158 0.426 4.151 0.213 0.183 0.945
2008.5575 31.99 -81.02 -0.554 0.399 3.286 0.140 0.116 0.619
2008.5849 31.99 -81.02 -0.630 0.408 2.764 0.157 0.135 0.697
2008.6123 31.99 -81.02 -0.741 0.603 1.870 0.132 0.110 0.586
2008.6397 31.99 -81.02 -0.820 0.177 0.521 0.144 0.122 0.640
2008.6671 31.99 -81.02 -0.872 -0.098 -1.079 0.138 0.117 0.615
2008.6945 31.99 -81.02 -1.171 0.206 -0.837 0.134 0.113 0.596
2008.7219 31.99 -81.02 -0.907 -0.009 -1.085 0.153 0.132 0.683
2008.7493 31.99 -81.02 -1.043 0.390 0.489 0.139 0.120 0.621
2008.7767 31.99 -81.02 -1.170 0.248 1.434 0.161 0.141 0.721
2008.8041 31.99 -81.02 -1.305 0.316 -0.578 0.162 0.143 0.726
2008.8315 31.99 -81.02 -1.181 0.473 0.610 0.183 0.161 0.820
2008.8589 31.99 -81.02 -1.103 0.783 1.382 0.214 0.189 0.957
2008.8863 31.99 -81.02 -0.860 0.802 1.742 0.205 0.181 0.919
2008.9137 31.99 -81.02 -0.650 0.871 -1.131 0.195 0.173 0.876
2008.9411 31.99 -81.02 -0.573 0.431 0.321 0.205 0.180 0.917
2008.9685 31.99 -81.02 -0.546 0.288 -1.017 0.192 0.168 0.858
2008.9945 31.99 -81.02 0.042 0.250 1.948 0.162 0.143 0.728
2009.0205 31.99 -81.02 0.295 0.077 2.004 0.159 0.142 0.717
2009.0479 31.99 -81.02 0.175 0.507 1.788 0.159 0.142 0.718
2009.0753 31.99 -81.02 0.164 0.150 0.394 0.153 0.135 0.690
2009.1027 31.99 -81.02 0.009 0.364 0.565 0.190 0.170 0.855
2009.1301 31.99 -81.02 0.130 -0.017 0.188 0.152 0.134 0.684
2009.1575 31.99 -81.02 0.245 0.155 0.292 0.155 0.136 0.697
2009.1849 31.99 -81.02 0.245 -0.316 1.433 0.176 0.158 0.795
2009.2123 31.99 -81.02 0.487 -0.535 -0.331 0.153 0.132 0.685
2009.2397 31.99 -81.02 0.582 -0.982 -1.239 0.172 0.153 0.775
2009.2671 31.99 -81.02 0.666 -1.037 -1.430 0.144 0.127 0.651
2009.2945 31.99 -81.02 0.793 -0.975 -0.114 0.148 0.131 0.665
2009.3219 31.99 -81.02 0.768 -0.741 0.215 0.154 0.136 0.695
2009.3493 31.99 -81.02 0.877 -0.705 1.208 0.142 0.124 0.638
2009.3767 31.99 -81.02 0.678 -0.921 1.102 0.149 0.130 0.670
2009.4041 31.99 -81.02 0.621 -0.758 0.189 0.132 0.114 0.593
2009.4315 31.99 -81.02 0.609 -0.657 0.555 0.151 0.132 0.677
2009.4589 31.99 -81.02 0.446 0.012 2.216 0.129 0.109 0.576
2009.4863 31.99 -81.02 0.337 0.406 0.122 0.142 0.120 0.632
2009.5137 31.99 -81.02 -0.047 0.312 -0.501 0.137 0.113 0.606
2009.5411 31.99 -81.02 -0.029 0.205 -0.580 0.167 0.141 0.743
2009.5685 31.99 -81.02 0.007 -0.019 1.157 0.180 0.152 0.799
2009.5959 31.99 -81.02 -0.410 0.230 0.388 0.158 0.132 0.702
2009.6233 31.99 -81.02 -0.550 0.640 -0.975 0.163 0.139 0.725
2009.6507 31.99 -81.02 -0.662 0.322 -1.620 0.157 0.134 0.699
2009.6781 31.99 -81.02 -0.582 0.197 -0.229 0.167 0.145 0.748
2009.7055 31.99 -81.02 -0.933 0.296 -0.520 0.173 0.151 0.773
2009.7329 31.99 -81.02 -0.769 0.031 0.663 0.167 0.146 0.747
2009.7603 31.99 -81.02 -0.580 0.245 -1.179 0.190 0.167 0.851
2009.7877 31.99 -81.02 -0.235 -0.013 -0.706 0.176 0.154 0.786
2009.8151 31.99 -81.02 -0.178 0.015 -0.101 0.188 0.166 0.842
2009.8425 31.99 -81.02 -0.227 0.155 -1.384 0.171 0.150 0.767
2009.8699 31.99 -81.02 -0.094 -0.068 -1.264 0.164 0.144 0.734
2009.8973 31.99 -81.02 -0.099 -0.168 0.394 0.153 0.134 0.688
2009.9247 31.99 -81.02 0.072 0.010 -0.836 0.154 0.131 0.687
2009.9521 31.99 -81.02 0.225 -0.638 -2.995 0.144 0.125 0.644
2009.9795 31.99 -81.02 0.229 -0.185 -3.034 0.148 0.128 0.663
2010.0068 31.99 -81.02 0.353 -0.791 -1.892 0.186 0.164 0.832
2010.0342 31.99 -81.02 0.486 -0.793 -0.308 0.146 0.127 0.654
2010.0616 31.99 -81.02 0.503 -0.809 -1.144 0.149 0.130 0.669
2010.0890 31.99 -81.02 0.726 -0.977 -4.738 0.177 0.157 0.796
2010.1164 31.99 -81.02 0.948 -1.152 -3.439 0.183 0.162 0.822
2010.1438 31.99 -81.02 0.905 -1.209 -4.039 0.177 0.155 0.793
2010.1712 31.99 -81.02 0.741 -1.021 -3.114 0.169 0.148 0.759
2010.1986 31.99 -81.02 0.740 -1.022 -3.403 0.162 0.141 0.727
2010.2260 31.99 -81.02 0.602 -1.053 -2.628 0.177 0.154 0.793
2010.2534 31.99 -81.02 0.212 -0.785 -1.328 0.183 0.159 0.818
2010.2808 31.99 -81.02 0.698 -0.543 0.738 0.142 0.121 0.634
2010.3082 31.99 -81.02 0.440 -0.665 2.340 0.149 0.127 0.663
2010.3356 31.99 -81.02 0.649 -0.674 2.872 0.137 0.114 0.608
2010.3630 31.99 -81.02 0.348 -0.524 3.169 0.145 0.120 0.644
2010.3904 31.99 -81.02 0.469 -0.617 2.064 0.151 0.116 0.654
2010.4178 31.99 -81.02 0.078 -0.519 0.985 0.154 0.128 0.683
2010.4452 31.99 -81.02 0.616 -0.582 1.520 0.137 0.113 0.610
2010.4726 31.99 -81.02 0.205 -0.149 2.654 0.124 0.101 0.552
2010.5000 31.99 -81.02 -0.050 -0.127 2.714 0.139 0.116 0.619
2010.5274 31.99 -81.02 -0.003 -0.300 2.235 0.212 0.187 0.946
2010.5548 31.99 -81.02 -0.326 -0.069 2.054 0.138 0.119 0.616
2010.5822 31.99 -81.02 -0.194 -0.157 0.742 0.125 0.107 0.560
2010.6096 31.99 -81.02 -0.457 0.289 -0.549 0.159 0.140 0.712
2010.6370 31.99 -81.02 -0.406 -0.093 -2.343 0.143 0.125 0.640
2010.6644 31.99 -81.02 -0.864 0.304 -2.849 0.134 0.117 0.602
2010.6918 31.99 -81.02 -0.833 0.463 -1.531 0.159 0.141 0.715
2010.7192 31.99 -81.02 -0.928 0.031 -0.856 0.149 0.131 0.668
2010.7466 31.99 -81.02 -0.146 0.389 -2.483 0.172 0.152 0.768
2010.7740 31.99 -81.02 -0.648 -0.148 -0.219 0.142 0.123 0.637
2010.8014 31.99 -81.02 -0.653 0.183 2.142 0.135 0.117 0.605
2010.8288 31.99 -81.02 -0.189 0.035 1.275 0.153 0.135 0.685
2010.8562 31.99 -81.02 -0.361 0.363 1.325 0.150 0.132 0.673
2010.8836 31.99 -81.02 -0.495 0.516 0.845 0.140 0.122 0.629
2010.9110 31.99 -81.02 -0.280 -0.005 1.874 0.153 0.133 0.682
2010.9384 31.99 -81.02 0.001 0.227 1.190 0.158 0.138 0.707
2010.9658 31.99 -81.02 0.105 0.068 2.291 0.173 0.152 0.772
2010.9932 31.99 -81.02 0.025 0.187 0.837 0.152 0.095 0.620
2011.1027 31.99 -81.02 0.472 -0.085 -0.701 0.148 0.112 0.644
2011.1301 31.99 -81.02 0.293 0.311 -1.112 0.207 0.180 0.919
2011.1575 31.99 -81.02 0.467 -0.108 2.209 0.142 0.119 0.630
2011.1849 31.99 -81.02 0.563 -0.611 -0.528 0.115 0.094 0.513
2011.2123 31.99 -81.02 1.056 -0.279 -0.396 0.176 0.154 0.785
2011.2397 31.99 -81.02 0.752 -0.659 -1.007 0.182 0.160 0.814
2011.2671 31.99 -81.02 0.955 -0.520 0.160 0.149 0.129 0.667
2011.2945 31.99 -81.02 0.919 -0.488 0.296 0.172 0.151 0.768
2011.3219 31.99 -81.02 1.069 -0.512 2.295 0.161 0.142 0.722
2011.3493 31.99 -81.02 1.027 -0.464 3.086 0.146 0.127 0.654
2011.3767 31.99 -81.02 1.181 -0.436 1.658 0.169 0.149 0.756
2011.4041 31.99 -81.02 1.060 -0.149 2.215 0.151 0.130 0.674
2011.4315 31.99 -81.02 0.663 -0.027 2.821 0.160 0.127 0.700
2011.5137 31.99 -81.02 0.128 -0.265 4.777 0.144 0.118 0.634
2011.5411 31.99 -81.02 -0.240 0.016 2.971 0.148 0.127 0.661
2011.5685 31.99 -81.02 -0.235 -0.148 3.329 0.146 0.123 0.650
2011.5959 31.99 -81.02 -0.401 -0.104 1.833 0.156 0.133 0.691
2011.6233 31.99 -81.02 -0.619 0.093 2.276 0.156 0.132 0.694
2011.6507 31.99 -81.02 -0.395 -0.110 3.163 0.181 0.157 0.805
2011.6781 31.99 -81.02 -0.577 0.547 1.600 0.168 0.146 0.749
2011.7055 31.99 -81.02 -0.537 0.592 2.012 0.168 0.147 0.749
2011.7329 31.99 -81.02 -0.144 0.705 3.273 0.193 0.170 0.860
2011.7603 31.99 -81.02 -0.095 1.061 0.096 0.167 0.146 0.744
2011.7877 31.99 -81.02 -0.828 0.833 1.799 0.177 0.156 0.789
2011.8151 31.99 -81.02 -0.485 0.521 3.824 0.174 0.153 0.775
2011.8425 31.99 -81.02 -0.313 0.749 1.793 0.187 0.166 0.835
2011.8699 31.99 -81.02 -0.791 0.371 2.371 0.184 0.156 0.813
2011.9521 31.99 -81.02 -0.199 0.714 0.789 0.132 0.092 0.559
2011.9795 31.99 -81.02 -0.106 0.549 2.151 0.153 0.131 0.678
2012.0068 31.99 -81.02 -0.127 0.443 2.693 0.143 0.121 0.633
2012.0342 31.99 -81.02 -0.338 0.653 2.988 0.170 0.143 0.748
2012.0616 31.99 -81.02 -0.032 0.180 1.644 0.149 0.125 0.656
2012.0890 31.99 -81.02 -0.015 0.309 0.805 0.148 0.122 0.648
2012.1164 31.99 -81.02 -0.226 -0.265 0.352 0.146 0.118 0.637
2012.1438 31.99 -81.02 0.223 -0.159 1.086 0.151 0.122 0.656
2012.1712 31.99 -81.02 0.439 0.161 1.671 0.146 0.115 0.633
2012.1986 31.99 -81.02 0.178 -0.064 1.367 0.133 0.105 0.576
2012.2260 31.99 -81.02 -0.091 -0.016 2.100 0.134 0.107 0.583
2012.2534 31.99 -81.02 0.281 0.114 1.488 0.130 0.104 0.567
2012.2808 31.99 -81.02 0.372 0.019 2.286 0.122 0.097 0.529
2012.3082 31.99 -81.02 0.478 -0.401 2.992 0.154 0.094 0.621
2012.3904 31.99 -81.02 0.395 0.497 5.997 0.154 0.116 0.662
2012.4178 31.99 -81.02 0.382 0.363 3.133 0.112 0.089 0.490
2012.4452 31.99 -81.02 -0.145 0.224 2.726 0.111 0.088 0.486
2012.4726 31.99 -81.02 -0.509 0.401 1.456 0.120 0.095 0.520
2012.5000 31.99 -81.02 -0.757 0.409 3.063 0.115 0.090 0.498
2012.5274 31.99 -81.02 -0.651 0.434 2.262 0.121 0.095 0.527
2012.5548 31.99 -81.02 -0.737 0.470 3.222 0.121 0.095 0.526
2012.5822 31.99 -81.02 -0.789 0.632 1.644 0.127 0.101 0.552
2012.6096 31.99 -81.02 -0.581 0.491 -0.231 0.125 0.101 0.545
2012.6370 31.99 -81.02 -0.809 0.458 0.694 0.116 0.093 0.506
2012.6644 31.99 -81.02 -0.839 0.489 -1.722 0.126 0.103 0.550
2012.6918 31.99 -81.02 -0.848 0.130 0.545 0.129 0.107 0.566
2012.7192 31.99 -81.02 -0.942 0.716 0.485 0.152 0.130 0.672
2012.7466 31.99 -81.02 -0.872 0.217 2.458 0.122 0.082 0.512
2012.8562 31.99 -81.02 -0.747 1.404 -0.692 0.160 0.136 0.706
2012.8836 31.99 -81.02 -0.825 1.132 2.746 0.148 0.130 0.661
2012.9110 31.99 -81.02 -0.728 1.179 1.399 0.140 0.123 0.628
2012.9384 31.99 -81.02 -0.283 1.468 2.152 0.138 0.117 0.611
2012.9658 31.99 -81.02 -0.191 1.045 2.569 0.150 0.133 0.672
2012.9918 31.99 -81.02 -0.314 1.153 -0.561 0.077 0.065 0.349
2013.0178 31.99 -81.02 -0.199 0.443 0.655 0.089 0.077 0.403
2013.0452 31.99 -81.02 -0.019 0.701 0.918 0.089 0.077 0.402
2013.0726 31.99 -81.02 0.238 0.467 1.510 0.082 0.071 0.373
2013.1000 31.99 -81.02 0.505 -0.014 0.298 0.084 0.073 0.382
2013.1274 31.99 -81.02 0.586 0.107 0.341 0.079 0.067 0.358
2013.1548 31.99 -81.02 0.775 0.029 0.218 0.077 0.060 0.343
2013.2644 31.99 -81.02 0.720 -0.104 0.445 0.094 0.042 0.361
2013.2918 31.99 -81.02 0.647 0.121 1.688 0.081 0.069 0.366
2013.3192 31.99 -81.02 0.594 0.121 -0.203 0.088 0.077 0.401
2013.3466 31.99 -81.02 0.394 0.473 -2.543 0.090 0.079 0.411
2013.3740 31.99 -81.02 0.473 -0.059 0.430 0.078 0.068 0.358
2013.4014 31.99 -81.02 0.638 0.115 -0.026 0.081 0.070 0.368
2013.4288 31.99 -81.02 0.503 0.371 1.220 0.072 0.061 0.330
2013.4562 31.99 -81.02 0.478 -0.092 -2.047 0.073 0.062 0.335
2013.4836 31.99 -81.02 0.444 0.344 -0.036 0.075 0.064 0.342
2013.5110 31.99 -81.02 0.111 0.132 -5.155 0.083 0.072 0.380
2013.5384 31.99 -81.02 0.086 -0.368 -6.305 0.083 0.068 0.373
2013.5658 31.99 -81.02 0.445 -0.084 -5.732 0.086 0.074 0.389
2013.7575 31.99 -81.02 -0.571 0.283 -3.951 0.083 0.068 0.373
2013.7849 31.99 -81.02 -0.212 0.326 -1.907 0.085 0.071 0.383
2013.8123 31.99 -81.02 -0.427 0.321 -2.152 0.078 0.065 0.352
2013.8397 31.99 -81.02 -0.457 0.553 0.595 0.079 0.066 0.356
2013.8671 31.99 -81.02 -0.458 0.861 -0.833 0.085 0.069 0.379
2013.8945 31.99 -81.02 -0.452 0.786 -2.007 0.079 0.065 0.352
2013.9219 31.99 -81.02 -0.039 0.449 -1.220 0.071 0.057 0.319
2013.9493 31.99 -81.02 0.139 0.700 -1.761 0.075 0.061 0.336
2013.9767 31.99 -81.02 0.105 0.216 -0.257 0.076 0.061 0.341
2014.0041 31.99 -81.02 0.537 0.254 -2.345 0.073 0.060 0.330
2014.0315 31.99 -81.02 0.509 0.115 -3.294 0.076 0.062 0.340
2014.1685 31.99 -81.02 0.350 -0.193 -1.617 0.080 0.066 0.361
2014.1959 31.99 -81.02 0.751 0.118 -1.878 0.081 0.069 0.366
2014.2233 31.99 -81.02 0.627 -0.319 -3.187 0.077 0.065 0.349
2014.2507 31.99 -81.02 0.631 -0.397 -2.000 0.071 0.060 0.323
2014.2781 31.99 -81.02 0.840 -0.344 -4.206 0.075 0.064 0.340
2014.3055 31.99 -81.02 0.689 -0.857 -3.151 0.072 0.061 0.328
2014.3329 31.99 -81.02 0.858 -0.651 -4.268 0.060 0.050 0.276
2014.3603 31.99 -81.02 0.514 -0.224 -1.851 0.067 0.057 0.308
2014.3877 31.99 -81.02 0.913 -0.883 -0.863 0.067 0.057 0.308
2014.4151 31.99 -81.02 0.810 -0.701 -2.374 0.067 0.056 0.307
2014.4425 31.99 -81.02 0.597 -0.672 0.721 0.071 0.060 0.323
2014.4699 31.99 -81.02 0.440 -0.131 -1.536 0.071 0.059 0.321
2014.5795 31.99 -81.02 0.317 -0.151 -0.258 0.065 0.047 0.291
2014.6068 31.99 -81.02 -0.000 -0.401 -1.735 0.063 0.051 0.287
2014.6342 31.99 -81.02 -0.116 0.118 -0.391 0.058 0.046 0.265
2014.6616 31.99 -81.02 -0.341 0.054 -1.721 0.064 0.052 0.290
2014.6890 31.99 -81.02 -0.424 0.530 -2.658 0.062 0.051 0.283
2014.7164 31.99 -81.02 -0.410 0.151 -1.850 0.061 0.050 0.278
2014.7438 31.99 -81.02 -0.232 0.124 0.861 0.065 0.055 0.299
2014.7712 31.99 -81.02 -0.456 0.283 1.955 0.065 0.054 0.295
2014.7986 31.99 -81.02 -0.233 0.265 -0.374 0.058 0.047 0.267
2014.8260 31.99 -81.02 -0.311 0.500 1.891 0.058 0.047 0.266
2014.8534 31.99 -81.02 -0.156 0.467 -0.554 0.061 0.049 0.279
2014.8808 31.99 -81.02 -0.458 0.242 -1.077 0.062 0.049 0.280
2014.9082 31.99 -81.02 -0.145 0.325 -0.345 0.063 0.050 0.285
2015.0452 31.99 -81.02 0.409 0.290 -2.354 0.048 0.036 0.222
2015.0726 31.99 -81.02 0.325 -0.189 -2.784 0.052 0.038 0.232
2015.1000 31.99 -81.02 0.248 -0.487 -3.028 0.047 0.035 0.215
2015.1274 31.99 -81.02 0.169 -0.018 -3.008 0.043 0.033 0.203
2015.1548 31.99 -81.02 0.437 -0.453 -3.019 0.050 0.036 0.225
2015.1822 31.99 -81.02 0.647 -0.438 -3.087 0.047 0.035 0.216
2015.2096 31.99 -81.02 0.424 -0.098 -4.926 0.062 0.047 0.276
2015.2370 31.99 -81.02 0.580 -0.528 0.644 0.066 0.054 0.300
2015.2644 31.99 -81.02 0.714 -0.743 0.552 0.059 0.048 0.271
2015.2918 31.99 -81.02 0.762 -0.196 -1.432 0.059 0.048 0.273
2015.3192 31.99 -81.02 0.671 -0.495 1.378 0.057 0.047 0.264
2015.3466 31.99 -81.02 0.607 -0.534 2.827 0.062 0.050 0.282
2015.4836 31.99 -81.02 0.404 -0.233 0.568 0.059 0.039 0.259
2015.5110 31.99 -81.02 0.499 -0.629 -0.254 0.056 0.041 0.253
2015.5384 31.99 -81.02 0.278 -0.436 1.793 0.061 0.046 0.273
2015.5658 31.99 -81.02 0.444 0.101 3.434 0.061 0.049 0.276
2015.5932 31.99 -81.02 -0.052 0.249 1.342 0.063 0.051 0.285
2015.6205 31.99 -81.02 -0.301 0.224 1.887 0.061 0.049 0.277
2015.6479 31.99 -81.02 -0.369 -0.017 0.036 0.060 0.047 0.270
2015.6753 31.99 -81.02 -0.654 0.165 -0.150 0.058 0.045 0.261
2015.7027 31.99 -81.02 -0.823 0.046 2.776 0.062 0.050 0.282
2015.7301 31.99 -81.02 -0.847 0.371 3.087 0.063 0.049 0.282
2015.9493 31.99 -81.02 0.134 0.274 -5.341 0.060 0.049 0.276
2015.9767 31.99 -81.02 0.693 -0.097 -2.773 0.063 0.052 0.287
2016.0041 31.99 -81.02 1.051 -0.578 -5.463 0.057 0.046 0.262
2016.0315 31.99 -81.02 1.065 0.171 -2.802 0.055 0.044 0.251
2016.0589 31.99 -81.02 0.890 -0.351 -4.811 0.056 0.045 0.256
2016.0863 31.99 -81.02 0.744 -1.326 -3.201 0.051 0.041 0.237
2016.1137 31.99 -81.02 0.970 -1.150 -4.120 0.057 0.046 0.260
2016.1411 31.99 -81.02 0.893 -0.417 0.141 0.067 0.054 0.300
2016.1685 31.99 -81.02 0.710 -2.195 0.285 0.071 0.060 0.322
2016.1959 31.99 -81.02 1.094 -0.454 1.779 0.070 0.060 0.320
2016.2233 31.99 -81.02 1.004 -0.556 2.267 0.071 0.062 0.325
2016.2507 31.99 -81.02 1.074 -0.640 1.159 0.059 0.047 0.271
2016.3603 31.99 -81.02 0.582 -0.178 2.881 0.055 0.045 0.254
2016.3877 31.99 -81.02 1.034 -0.089 0.903 0.064 0.053 0.291
2016.4151 31.99 -81.02 1.164 -0.573 4.408 0.063 0.051 0.286
2016.4425 31.99 -81.02 0.706 -0.436 3.072 0.068 0.056 0.304
2016.4699 31.99 -81.02 0.334 -0.074 3.063 0.066 0.054 0.298
