2002.5877 -43.34 170.35 -0.102 0.108 -2.828 0.115 0.100 0.528
2002.6151 -43.34 170.35 -0.376 -0.183 -0.594 0.110 0.097 0.506
2002.6425 -43.34 170.35 -0.062 0.450 -0.684 0.112 0.098 0.515
2002.6699 -43.34 170.35 0.026 0.159 -3.578 0.097 0.085 0.451
2002.6973 -43.34 170.35 -0.372 0.429 -1.832 0.168 0.083 0.643
2002.7247 -43.34 170.35 -0.101 -0.296 -2.210 0.104 0.092 0.478
2002.7521 -43.34 170.35 -0.116 -0.520 -2.737 0.096 0.086 0.447
2002.7795 -43.34 170.35 -0.253 -0.118 -4.237 0.112 0.100 0.517
2002.8068 -43.34 170.35 -0.421 0.207 -2.089 0.100 0.088 0.460
2002.8342 -43.34 170.35 -0.239 0.322 -4.234 0.098 0.087 0.455
2002.8616 -43.34 170.35 -0.564 -0.131 -1.082 0.102 0.079 0.455
2002.8890 -43.34 170.35 -0.497 -0.127 -0.652 0.100 0.087 0.459
2002.9164 -43.34 170.35 -0.341 0.084 -0.852 0.107 0.092 0.492
2003.0260 -43.34 170.35 -0.406 -0.181 -3.533 0.121 0.105 0.557
2003.0534 -43.34 170.35 -0.476 -0.458 -5.239 0.196 0.172 0.883
2003.0808 -43.34 170.35 0.005 0.481 0.216 0.176 0.148 0.791
2003.1082 -43.34 170.35 -0.088 -0.131 -0.457 0.102 0.087 0.475
2003.1356 -43.34 170.35 0.012 -0.369 -0.871 0.095 0.081 0.443
2003.1630 -43.34 170.35 0.065 -0.284 -1.833 0.101 0.086 0.467
2003.1904 -43.34 170.35 0.468 -0.287 -2.231 0.119 0.099 0.542
2003.2178 -43.34 170.35 0.253 -0.403 0.293 0.099 0.085 0.460
2003.2452 -43.34 170.35 0.173 -0.176 -1.219 0.097 0.084 0.450
2003.2726 -43.34 170.35 0.096 -0.124 -0.253 0.095 0.082 0.439
2003.3000 -43.34 170.35 0.073 0.026 -2.154 0.092 0.080 0.430
2003.3274 -43.34 170.35 -0.004 -0.287 -0.682 0.120 0.105 0.552
2003.3548 -43.34 170.35 -0.040 0.179 -1.711 0.131 0.116 0.598
2003.3822 -43.34 170.35 -0.256 0.072 -3.786 0.121 0.103 0.553
2003.5192 -43.34 170.35 -0.009 0.173 -4.037 0.124 0.112 0.570
2003.5466 -43.34 170.35 -0.054 -0.206 -0.288 0.137 0.124 0.626
2003.5740 -43.34 170.35 0.173 0.492 -1.648 0.159 0.145 0.722
2003.6014 -43.34 170.35 0.051 0.038 -2.216 0.137 0.124 0.626
2003.6288 -43.34 170.35 0.057 0.113 -0.969 0.130 0.117 0.597
2003.6562 -43.34 170.35 0.378 -0.259 -2.872 0.140 0.126 0.637
2003.6836 -43.34 170.35 -0.082 0.227 -2.136 0.137 0.124 0.626
2003.7110 -43.34 170.35 -0.048 0.337 -4.719 0.109 0.096 0.499
2003.7384 -43.34 170.35 0.088 0.555 -0.221 0.131 0.117 0.596
2003.7658 -43.34 170.35 -0.135 0.299 -2.430 0.120 0.108 0.550
2003.7932 -43.34 170.35 -0.126 0.072 -3.912 0.134 0.120 0.609
2003.8205 -43.34 170.35 -0.376 0.529 -3.980 0.146 0.126 0.652
2003.8479 -43.34 170.35 -0.269 -0.074 -2.922 0.129 0.108 0.576
2003.8753 -43.34 170.35 -0.307 -0.263 -1.847 0.134 0.118 0.606
2003.9027 -43.34 170.35 -0.340 -0.096 -1.437 0.124 0.106 0.557
2003.9301 -43.34 170.35 -0.333 -0.305 -0.831 0.129 0.111 0.577
2003.9575 -43.34 170.35 -0.307 -0.230 0.019 0.143 0.125 0.642
2003.9849 -43.34 170.35 -0.049 -0.052 -1.245 0.136 0.118 0.609
2004.0123 -43.34 170.35 0.228 -0.342 0.107 0.147 0.126 0.652
2004.0397 -43.34 170.35 0.137 -0.160 -0.529 0.125 0.104 0.564
2004.0945 -43.34 170.35 0.068 -0.158 2.486 0.117 0.097 0.527
2004.1219 -43.34 170.35 -0.172 -0.242 -0.312 0.124 0.104 0.550
2004.1493 -43.34 170.35 -0.093 -0.416 -2.874 0.146 0.122 0.642
2004.1767 -43.34 170.35 -0.185 -0.228 -0.327 0.155 0.130 0.679
2004.2041 -43.34 170.35 -0.052 0.038 -0.366 0.127 0.105 0.560
2004.2315 -43.34 170.35 0.050 -0.356 -1.103 0.130 0.106 0.568
2004.2589 -43.34 170.35 -0.098 -0.189 -0.159 0.134 0.109 0.586
2004.2863 -43.34 170.35 -0.166 -0.481 -1.448 0.135 0.109 0.587
2004.3137 -43.34 170.35 0.099 -0.191 -2.369 0.128 0.103 0.559
2004.3411 -43.34 170.35 0.114 0.167 -4.220 0.140 0.112 0.608
2004.3685 -43.34 170.35 0.112 -0.345 -2.230 0.136 0.109 0.593
2004.3959 -43.34 170.35 0.077 -0.414 -1.710 0.119 0.096 0.527
2004.4233 -43.34 170.35 0.145 -0.059 -2.617 0.115 0.092 0.507
2004.4507 -43.34 170.35 0.449 -0.069 -2.014 0.102 0.082 0.451
2004.4781 -43.34 170.35 0.109 0.201 -3.561 0.112 0.089 0.492
2004.5055 -43.34 170.35 0.046 0.280 -0.766 0.110 0.087 0.482
2004.5329 -43.34 170.35 0.032 0.404 -0.183 0.104 0.083 0.459
2004.5603 -43.34 170.35 -0.144 0.272 -1.617 0.107 0.085 0.469
2004.5877 -43.34 170.35 -0.073 0.011 -0.748 0.108 0.086 0.475
2004.6151 -43.34 170.35 -0.203 0.351 -1.211 0.119 0.095 0.521
2004.6425 -43.34 170.35 -0.123 0.268 -0.329 0.101 0.082 0.451
2004.6699 -43.34 170.35 -0.149 -0.040 -3.001 0.101 0.082 0.453
2004.6973 -43.34 170.35 -0.142 -0.236 -3.622 0.095 0.077 0.428
2004.7247 -43.34 170.35 -0.125 -0.358 -4.443 0.109 0.088 0.483
2004.7521 -43.34 170.35 -0.307 0.122 -2.787 0.105 0.085 0.468
2004.7795 -43.34 170.35 -0.415 -0.088 -3.697 0.102 0.082 0.453
2004.8068 -43.34 170.35 -0.205 -0.211 -4.508 0.113 0.090 0.495
2004.8342 -43.34 170.35 0.069 -0.139 0.529 0.111 0.088 0.489
2004.8616 -43.34 170.35 -0.357 0.260 -3.025 0.099 0.080 0.441
2004.8890 -43.34 170.35 -0.224 0.024 -2.427 0.098 0.080 0.439
2004.9164 -43.34 170.35 -0.439 0.007 -1.850 0.107 0.086 0.473
2004.9438 -43.34 170.35 -0.420 -0.450 -4.023 0.119 0.097 0.528
2004.9712 -43.34 170.35 -0.182 -0.223 -1.360 0.107 0.086 0.471
2004.9973 -43.34 170.35 -0.345 0.070 -0.750 0.104 0.084 0.462
2005.0233 -43.34 170.35 0.003 0.202 -1.188 0.119 0.096 0.522
2005.0507 -43.34 170.35 -0.283 0.134 0.018 0.172 0.143 0.748
2005.0781 -43.34 170.35 -0.305 0.346 -3.323 0.132 0.108 0.578
2005.1055 -43.34 170.35 -0.073 -0.048 -2.178 0.131 0.108 0.576
2005.1329 -43.34 170.35 -0.204 0.660 -0.275 0.134 0.111 0.590
2005.1603 -43.34 170.35 -0.212 0.016 -2.992 0.121 0.099 0.533
2005.1877 -43.34 170.35 -0.315 0.128 -4.337 0.122 0.099 0.538
2005.2151 -43.34 170.35 -0.187 0.667 -2.245 0.115 0.094 0.512
2005.2425 -43.34 170.35 -0.074 -0.247 -3.310 0.111 0.092 0.495
2005.2699 -43.34 170.35 0.078 -0.475 -2.584 0.118 0.098 0.525
2005.2973 -43.34 170.35 -0.037 0.079 -3.377 0.125 0.103 0.552
2005.3247 -43.34 170.35 -0.115 -0.702 -1.970 0.132 0.109 0.581
2005.3521 -43.34 170.35 0.094 0.142 -0.615 0.058 0.049 0.286
2005.3795 -43.34 170.35 -0.059 0.211 -3.383 0.123 0.103 0.549
2005.4068 -43.34 170.35 0.086 0.237 -2.787 0.113 0.094 0.508
2005.4342 -43.34 170.35 0.134 0.019 -2.528 0.130 0.109 0.580
2005.4616 -43.34 170.35 -0.135 -0.116 -2.107 0.118 0.099 0.527
2005.4890 -43.34 170.35 -0.069 0.003 -2.429 0.112 0.094 0.501
2005.5164 -43.34 170.35 -0.016 -0.040 -2.528 0.111 0.094 0.501
2005.5438 -43.34 170.35 0.054 -0.510 -1.552 0.121 0.102 0.540
2005.5712 -43.34 170.35 -0.119 -0.067 -1.583 0.131 0.111 0.584
2005.5986 -43.34 170.35 -0.245 0.125 -2.752 0.134 0.114 0.597
2005.6260 -43.34 170.35 -0.042 -0.061 -1.626 0.119 0.101 0.533
2005.6534 -43.34 170.35 -0.283 0.324 -1.166 0.125 0.107 0.559
2005.6808 -43.34 170.35 -0.347 0.009 -2.030 0.122 0.105 0.550
2005.7082 -43.34 170.35 0.030 -0.044 -3.703 0.147 0.128 0.658
2005.7356 -43.34 170.35 -0.139 0.002 -1.446 0.129 0.113 0.583
2005.7630 -43.34 170.35 -0.131 -0.584 0.343 0.130 0.113 0.585
2005.7904 -43.34 170.35 -0.178 -0.199 0.212 0.122 0.106 0.552
2005.8178 -43.34 170.35 -0.370 -0.179 -0.140 0.125 0.109 0.565
2005.8452 -43.34 170.35 -0.249 -0.317 -0.212 0.134 0.117 0.605
2005.8726 -43.34 170.35 -0.686 0.255 -0.196 0.116 0.102 0.528
2005.9000 -43.34 170.35 -0.339 0.202 -0.044 0.114 0.099 0.517
2005.9274 -43.34 170.35 -0.119 -0.203 -1.343 0.121 0.100 0.542
2005.9548 -43.34 170.35 -0.411 0.087 1.751 0.117 0.100 0.556
2005.9822 -43.34 170.35 -0.321 0.053 3.219 0.113 0.096 0.518
2006.0096 -43.34 170.35 -0.193 0.024 1.115 0.122 0.105 0.554
2006.0370 -43.34 170.35 -0.587 -0.274 1.277 0.153 0.134 0.689
2006.0644 -43.34 170.35 0.200 -0.165 0.712 0.155 0.136 0.701
2006.0918 -43.34 170.35 -0.038 -0.115 2.651 0.154 0.136 0.695
2006.1192 -43.34 170.35 -0.109 -0.137 -0.520 0.173 0.155 0.780
2006.1466 -43.34 170.35 0.163 -0.327 1.620 0.137 0.122 0.622
2006.1740 -43.34 170.35 -0.142 -0.165 0.869 0.152 0.137 0.691
2006.2014 -43.34 170.35 0.095 -0.214 1.529 0.119 0.106 0.545
2006.2288 -43.34 170.35 -0.266 -0.338 -0.505 0.153 0.139 0.696
2006.2562 -43.34 170.35 -0.204 -0.140 -0.597 0.143 0.130 0.653
2006.2836 -43.34 170.35 0.067 -0.531 1.830 0.141 0.128 0.641
2006.3110 -43.34 170.35 0.077 0.176 1.663 0.150 0.137 0.682
2006.3384 -43.34 170.35 -0.110 0.113 -1.366 0.136 0.124 0.621
2006.3658 -43.34 170.35 0.315 -0.239 -1.002 0.150 0.138 0.686
2006.3932 -43.34 170.35 -0.106 0.126 -0.157 0.148 0.136 0.676
2006.4205 -43.34 170.35 -0.108 0.066 -1.278 0.149 0.136 0.680
2006.4479 -43.34 170.35 0.112 0.086 -1.844 0.165 0.146 0.744
2006.4753 -43.34 170.35 0.004 0.104 -3.519 0.166 0.151 0.755
2006.5027 -43.34 170.35 -0.114 -0.045 -2.070 0.172 0.158 0.782
2006.5301 -43.34 170.35 -0.053 0.305 -0.999 0.203 0.188 0.922
2006.5575 -43.34 170.35 0.096 0.163 -2.047 0.162 0.149 0.740
2006.5849 -43.34 170.35 0.228 -0.149 -1.740 0.167 0.153 0.760
2006.6123 -43.34 170.35 0.115 -0.238 -1.344 0.203 0.190 0.926
2006.6397 -43.34 170.35 -0.033 -0.629 -0.941 0.173 0.161 0.791
2006.6671 -43.34 170.35 0.130 -0.023 -1.045 0.158 0.145 0.722
2006.6945 -43.34 170.35 -0.152 0.201 -0.313 0.201 0.186 0.913
2006.7219 -43.34 170.35 -0.363 -0.117 -1.473 0.190 0.173 0.862
2006.7493 -43.34 170.35 -0.137 0.355 -2.542 0.225 0.207 1.021
2006.7767 -43.34 170.35 -0.460 0.172 -1.740 0.195 0.180 0.887
2006.8041 -43.34 170.35 -0.072 0.037 -1.613 0.158 0.145 0.720
2006.8315 -43.34 170.35 -0.328 0.157 -3.018 0.183 0.169 0.832
2006.8589 -43.34 170.35 -0.300 0.347 -2.184 0.178 0.164 0.811
2006.8863 -43.34 170.35 -0.175 -0.112 -3.361 0.171 0.157 0.780
2006.9137 -43.34 170.35 -0.553 0.200 -2.622 0.167 0.151 0.759
2006.9411 -43.34 170.35 -0.339 -0.129 -1.609 0.164 0.149 0.747
2006.9685 -43.34 170.35 -0.267 0.167 -1.435 0.164 0.146 0.744
2006.9959 -43.34 170.35 -0.478 0.241 -2.135 0.164 0.143 0.740
2007.0233 -43.34 170.35 -0.189 -0.139 1.109 0.153 0.132 0.691
2007.0507 -43.34 170.35 -0.152 -0.205 0.578 0.159 0.138 0.718
2007.0781 -43.34 170.35 -0.321 0.005 -1.016 0.162 0.146 0.737
2007.1055 -43.34 170.35 -0.144 0.002 1.381 0.145 0.130 0.661
2007.1329 -43.34 170.35 -0.292 -0.017 0.067 0.158 0.142 0.718
2007.1603 -43.34 170.35 -0.027 -0.377 -1.519 0.150 0.136 0.684
2007.1877 -43.34 170.35 -0.069 -0.437 -2.264 0.193 0.177 0.875
2007.2151 -43.34 170.35 -0.191 -0.115 0.345 0.172 0.158 0.782
2007.2425 -43.34 170.35 0.065 -0.430 -0.186 0.165 0.152 0.753
2007.2699 -43.34 170.35 0.154 -0.133 -1.572 0.133 0.119 0.607
2007.2973 -43.34 170.35 -0.130 -0.050 -0.022 0.125 0.112 0.574
2007.3247 -43.34 170.35 0.213 0.202 0.270 0.152 0.139 0.694
2007.3521 -43.34 170.35 -0.145 0.090 -2.090 0.166 0.153 0.757
2007.3795 -43.34 170.35 -0.013 0.186 -1.301 0.174 0.161 0.793
2007.4068 -43.34 170.35 0.231 0.199 -1.611 0.146 0.133 0.666
2007.4342 -43.34 170.35 0.076 -0.176 -2.717 0.140 0.127 0.639
2007.4616 -43.34 170.35 0.361 -0.366 -0.397 0.182 0.168 0.828
2007.4890 -43.34 170.35 0.277 0.111 -1.143 0.141 0.127 0.643
2007.5164 -43.34 170.35 0.125 -0.000 -2.151 0.148 0.135 0.676
2007.5438 -43.34 170.35 0.250 -0.391 -0.359 0.144 0.130 0.657
2007.5712 -43.34 170.35 -0.021 -0.054 1.240 0.148 0.134 0.675
2007.5986 -43.34 170.35 0.042 0.110 -2.020 0.180 0.165 0.820
2007.6260 -43.34 170.35 0.071 0.349 1.879 0.148 0.133 0.674
2007.6534 -43.34 170.35 -0.285 0.371 0.856 0.150 0.136 0.685
2007.6808 -43.34 170.35 -0.240 0.230 -1.255 0.158 0.142 0.720
2007.7082 -43.34 170.35 -0.316 0.569 -0.638 0.119 0.104 0.544
2007.7356 -43.34 170.35 -0.212 0.422 -0.080 0.163 0.146 0.739
2007.7630 -43.34 170.35 0.002 -0.073 -1.177 0.127 0.110 0.579
2007.7904 -43.34 170.35 -0.247 0.507 -1.917 0.160 0.144 0.726
2007.8178 -43.34 170.35 0.266 0.138 0.033 0.183 0.167 0.831
2007.8452 -43.34 170.35 0.049 0.203 -0.530 0.150 0.135 0.684
2007.8726 -43.34 170.35 -0.295 0.371 1.015 0.174 0.157 0.792
2007.9000 -43.34 170.35 -0.045 0.487 0.384 0.187 0.162 0.835
2007.9274 -43.34 170.35 -0.072 0.030 1.077 0.180 0.164 0.821
2007.9548 -43.34 170.35 -0.125 0.259 0.236 0.136 0.123 0.623
2007.9822 -43.34 170.35 -0.213 -0.179 1.927 0.166 0.152 0.759
2008.0096 -43.34 170.35 -0.142 0.261 1.957 0.146 0.133 0.669
2008.0370 -43.34 170.35 -0.344 -0.137 1.273 0.150 0.138 0.687
2008.0644 -43.34 170.35 0.035 0.358 1.851 0.172 0.160 0.787
2008.0918 -43.34 170.35 -0.000 -0.007 2.564 0.139 0.127 0.640
2008.1192 -43.34 170.35 0.448 0.083 -0.214 0.162 0.150 0.743
2008.1466 -43.34 170.35 0.144 0.477 -0.005 0.188 0.175 0.859
2008.1740 -43.34 170.35 0.120 0.217 0.210 0.165 0.152 0.755
2008.2014 -43.34 170.35 0.364 0.075 -1.670 0.176 0.164 0.805
2008.2288 -43.34 170.35 0.007 -0.431 0.299 0.207 0.189 0.943
2008.2562 -43.34 170.35 0.111 -0.028 0.960 0.192 0.177 0.878
2008.2836 -43.34 170.35 0.424 0.119 0.324 0.231 0.213 1.051
2008.3110 -43.34 170.35 0.016 0.051 -1.221 0.238 0.220 1.083
2008.3384 -43.34 170.35 0.185 0.007 -0.553 0.177 0.162 0.805
2008.3658 -43.34 170.35 0.197 -0.008 0.819 0.181 0.165 0.823
2008.3932 -43.34 170.35 0.198 -0.357 0.339 0.165 0.150 0.753
2008.4205 -43.34 170.35 0.356 -0.160 -0.325 0.145 0.130 0.660
2008.4479 -43.34 170.35 0.316 0.114 -1.411 0.146 0.133 0.667
2008.4753 -43.34 170.35 0.094 0.131 -1.943 0.142 0.128 0.649
2008.5027 -43.34 170.35 0.167 0.211 -0.654 0.174 0.157 0.790
2008.5301 -43.34 170.35 -0.068 0.290 -0.865 0.216 0.195 0.978
2008.5575 -43.34 170.35 0.097 0.416 -1.550 0.142 0.125 0.646
2008.5849 -43.34 170.35 0.048 0.532 0.328 0.159 0.144 0.722
2008.6123 -43.34 170.35 0.056 0.323 0.147 0.134 0.119 0.610
2008.6397 -43.34 170.35 0.035 0.343 -0.141 0.146 0.131 0.665
2008.6671 -43.34 170.35 -0.015 0.315 0.340 0.141 0.125 0.640
2008.6945 -43.34 170.35 0.026 0.115 -0.633 0.136 0.121 0.620
2008.7219 -43.34 170.35 -0.038 0.084 -1.556 0.156 0.141 0.708
2008.7493 -43.34 170.35 -0.355 0.368 -1.117 0.141 0.127 0.644
2008.7767 -43.34 170.35 -0.079 0.206 -0.910 0.164 0.150 0.744
2008.8041 -43.34 170.35 -0.089 0.063 1.982 0.164 0.151 0.749
2008.8315 -43.34 170.35 -0.123 0.352 1.329 0.186 0.170 0.846
2008.8589 -43.34 170.35 -0.231 0.848 -0.058 0.217 0.200 0.985
2008.8863 -43.34 170.35 -0.371 0.412 0.937 0.208 0.191 0.946
2008.9137 -43.34 170.35 -0.264 0.201 0.279 0.198 0.183 0.901
2008.9411 -43.34 170.35 -0.133 -0.172 0.012 0.208 0.191 0.945
2008.9685 -43.34 170.35 -0.188 0.597 -0.746 0.194 0.178 0.885
2008.9945 -43.34 170.35 0.043 -0.278 0.736 0.164 0.151 0.750
2009.0205 -43.34 170.35 -0.154 0.152 2.606 0.161 0.149 0.737
2009.0479 -43.34 170.35 0.066 0.144 1.431 0.161 0.149 0.738
2009.0753 -43.34 170.35 0.026 0.194 -0.218 0.155 0.143 0.711
2009.1027 -43.34 170.35 -0.140 0.072 1.103 0.192 0.178 0.878
2009.1301 -43.34 170.35 0.017 -0.528 1.359 0.154 0.141 0.704
2009.1575 -43.34 170.35 0.323 -0.345 0.752 0.157 0.144 0.719
2009.1849 -43.34 170.35 -0.164 -0.252 0.070 0.179 0.166 0.817
2009.2123 -43.34 170.35 0.414 -0.641 -0.701 0.156 0.140 0.708
2009.2397 -43.34 170.35 0.042 -0.354 2.540 0.174 0.161 0.797
2009.2671 -43.34 170.35 0.125 -0.346 -1.556 0.146 0.134 0.670
2009.2945 -43.34 170.35 0.208 -0.301 -1.851 0.150 0.138 0.686
2009.3219 -43.34 170.35 -0.066 -0.479 -2.422 0.157 0.144 0.716
2009.3493 -43.34 170.35 0.082 -0.450 -2.318 0.144 0.131 0.659
2009.3767 -43.34 170.35 0.356 0.106 -2.822 0.152 0.138 0.692
2009.4041 -43.34 170.35 0.121 0.150 -2.471 0.134 0.121 0.614
2009.4315 -43.34 170.35 0.223 -0.092 -0.593 0.153 0.139 0.699
2009.4589 -43.34 170.35 0.325 -0.068 -1.050 0.131 0.117 0.599
2009.4863 -43.34 170.35 -0.286 0.490 -2.223 0.144 0.129 0.657
2009.5137 -43.34 170.35 0.036 0.679 -3.091 0.139 0.122 0.632
2009.5411 -43.34 170.35 -0.010 0.145 -2.318 0.170 0.152 0.772
2009.5685 -43.34 170.35 0.148 0.147 -2.051 0.184 0.163 0.830
2009.5959 -43.34 170.35 0.086 0.343 -4.275 0.161 0.142 0.730
2009.6233 -43.34 170.35 -0.119 -0.042 -5.043 0.166 0.149 0.752
2009.6507 -43.34 170.35 0.205 -0.136 -1.697 0.160 0.143 0.725
2009.6781 -43.34 170.35 0.009 0.293 -1.254 0.170 0.154 0.772
2009.7055 -43.34 170.35 -0.111 0.289 -1.250 0.176 0.160 0.797
2009.7329 -43.34 170.35 0.007 0.398 0.062 0.170 0.154 0.771
2009.7603 -43.34 170.35 -0.216 0.210 0.518 0.193 0.176 0.878
2009.7877 -43.34 170.35 -0.330 0.359 0.372 0.178 0.163 0.811
2009.8151 -43.34 170.35 -0.237 0.134 0.031 0.191 0.175 0.867
2009.8425 -43.34 170.35 -0.458 -0.073 0.723 0.174 0.159 0.791
2009.8699 -43.34 170.35 -0.286 -0.204 1.560 0.166 0.152 0.757
2009.8973 -43.34 170.35 -0.604 0.576 0.158 0.155 0.142 0.709
2009.9247 -43.34 170.35 -0.606 0.177 -0.786 0.157 0.140 0.713
2009.9521 -43.34 170.35 -0.334 0.204 1.616 0.146 0.132 0.666
2009.9795 -43.34 170.35 -0.433 0.185 0.911 0.150 0.136 0.685
2010.0068 -43.34 170.35 0.036 0.256 0.252 0.188 0.173 0.856
2010.0342 -43.34 170.35 0.279 0.353 1.366 0.148 0.134 0.676
2010.0616 -43.34 170.35 -0.274 0.007 2.026 0.152 0.138 0.692
2010.0890 -43.34 170.35 -0.145 -0.445 2.719 0.180 0.165 0.819
2010.1164 -43.34 170.35 -0.231 -0.423 2.554 0.186 0.171 0.845
2010.1438 -43.34 170.35 -0.095 -0.159 3.209 0.180 0.164 0.818
2010.1712 -43.34 170.35 0.202 -0.368 3.109 0.172 0.156 0.783
2010.1986 -43.34 170.35 0.052 -0.172 3.198 0.165 0.150 0.751
2010.2260 -43.34 170.35 0.035 -0.589 1.385 0.180 0.164 0.819
2010.2534 -43.34 170.35 -0.145 -0.295 2.586 0.186 0.168 0.845
2010.2808 -43.34 170.35 -0.124 -0.330 1.178 0.145 0.129 0.659
2010.3082 -43.34 170.35 0.067 -0.317 1.544 0.151 0.135 0.687
2010.3356 -43.34 170.35 -0.117 -0.176 0.658 0.139 0.123 0.634
2010.3630 -43.34 170.35 0.012 -0.164 0.560 0.148 0.131 0.673
2010.3904 -43.34 170.35 -0.162 -0.051 -0.131 0.155 0.128 0.689
2010.4178 -43.34 170.35 -0.072 0.278 -0.131 0.158 0.139 0.713
2010.4452 -43.34 170.35 0.022 0.095 -0.801 0.140 0.123 0.638
2010.4726 -43.34 170.35 0.310 -0.001 -0.285 0.127 0.110 0.580
2010.5000 -43.34 170.35 0.046 0.036 -0.337 0.142 0.125 0.646
2010.5274 -43.34 170.35 0.245 -0.460 0.748 0.215 0.197 0.974
2010.5548 -43.34 170.35 0.422 0.129 0.048 0.140 0.126 0.638
2010.5822 -43.34 170.35 0.116 -0.027 -0.332 0.127 0.114 0.580
2010.6096 -43.34 170.35 0.447 -0.070 0.881 0.161 0.148 0.734
2010.6370 -43.34 170.35 -0.050 -0.152 0.189 0.145 0.132 0.661
2010.6644 -43.34 170.35 -0.336 0.102 -1.372 0.136 0.124 0.623
2010.6918 -43.34 170.35 -0.034 -0.065 0.890 0.162 0.149 0.737
2010.7192 -43.34 170.35 0.010 0.131 -1.507 0.151 0.139 0.689
2010.7466 -43.34 170.35 -0.159 0.144 -0.612 0.174 0.161 0.791
2010.7740 -43.34 170.35 0.117 0.252 1.028 0.144 0.131 0.659
2010.8014 -43.34 170.35 -0.018 -0.152 0.745 0.137 0.125 0.626
2010.8288 -43.34 170.35 -0.313 -0.325 -0.064 0.155 0.142 0.707
2010.8562 -43.34 170.35 0.052 0.510 1.380 0.152 0.140 0.695
2010.8836 -43.34 170.35 0.297 0.255 -0.948 0.143 0.129 0.652
2010.9110 -43.34 170.35 0.113 -0.259 0.513 0.155 0.141 0.705
2010.9384 -43.34 170.35 -0.065 -0.032 -0.503 0.160 0.147 0.730
2010.9658 -43.34 170.35 -0.048 0.146 1.633 0.175 0.161 0.797
2010.9932 -43.34 170.35 0.162 -0.329 0.853 0.159 0.106 0.662
2011.1027 -43.34 170.35 0.041 -0.489 2.968 0.152 0.125 0.680
2011.1301 -43.34 170.35 -0.202 -0.161 3.763 0.210 0.192 0.951
2011.1575 -43.34 170.35 -0.049 -0.057 1.589 0.144 0.128 0.657
2011.1849 -43.34 170.35 0.027 -0.388 2.221 0.118 0.102 0.539
2011.2123 -43.34 170.35 0.340 -0.631 4.028 0.179 0.164 0.812
2011.2397 -43.34 170.35 0.313 -0.041 0.636 0.185 0.170 0.840
2011.2671 -43.34 170.35 0.369 -0.428 0.512 0.152 0.138 0.692
2011.2945 -43.34 170.35 0.269 -0.228 1.140 0.174 0.160 0.793
2011.3219 -43.34 170.35 0.326 -0.500 -0.024 0.164 0.151 0.746
2011.3493 -43.34 170.35 0.301 -0.700 -0.259 0.148 0.136 0.678
2011.3767 -43.34 170.35 0.149 -0.528 -0.299 0.171 0.158 0.781
2011.4041 -43.34 170.35 0.498 -0.310 -0.089 0.153 0.139 0.699
2011.4315 -43.34 170.35 0.506 -0.568 -0.434 0.165 0.136 0.728
2011.5137 -43.34 170.35 0.478 -0.081 1.699 0.147 0.127 0.662
2011.5411 -43.34 170.35 0.446 -0.234 1.492 0.151 0.136 0.687
2011.5685 -43.34 170.35 0.059 0.201 3.078 0.149 0.133 0.677
2011.5959 -43.34 170.35 0.011 0.131 1.773 0.158 0.142 0.718
2011.6233 -43.34 170.35 -0.169 -0.169 2.116 0.159 0.142 0.723
2011.6507 -43.34 170.35 -0.064 0.274 1.237 0.184 0.168 0.833
2011.6781 -43.34 170.35 -0.030 0.191 0.841 0.171 0.156 0.775
2011.7055 -43.34 170.35 0.281 0.017 0.140 0.171 0.156 0.775
2011.7329 -43.34 170.35 0.208 0.474 1.747 0.195 0.180 0.886
2011.7603 -43.34 170.35 0.185 0.221 -0.556 0.169 0.155 0.768
2011.7877 -43.34 170.35 0.082 0.095 -2.934 0.179 0.165 0.813
2011.8151 -43.34 170.35 0.062 0.381 -1.106 0.176 0.161 0.799
2011.8425 -43.34 170.35 -0.021 -0.430 2.632 0.189 0.175 0.859
2011.8699 -43.34 170.35 -0.145 0.041 1.188 0.188 0.164 0.838
2011.9521 -43.34 170.35 -0.018 -0.170 4.776 0.137 0.100 0.588
2011.9795 -43.34 170.35 -0.169 -0.128 3.141 0.155 0.138 0.698
2012.0068 -43.34 170.35 -0.145 -0.263 4.321 0.146 0.127 0.654
2012.0342 -43.34 170.35 -0.069 -0.409 1.128 0.174 0.150 0.772
2012.0616 -43.34 170.35 0.279 -0.292 2.423 0.152 0.132 0.677
2012.0890 -43.34 170.35 0.283 -0.710 3.628 0.151 0.129 0.669
2012.1164 -43.34 170.35 0.535 -0.434 0.931 0.149 0.124 0.660
2012.1438 -43.34 170.35 0.058 -0.680 2.169 0.154 0.129 0.678
2012.1712 -43.34 170.35 0.399 -1.009 2.894 0.150 0.122 0.656
2012.1986 -43.34 170.35 0.480 -0.527 3.398 0.136 0.110 0.595
2012.2260 -43.34 170.35 0.388 -0.609 0.233 0.138 0.111 0.602
2012.2534 -43.34 170.35 0.512 -0.295 2.708 0.134 0.108 0.584
2012.2808 -43.34 170.35 0.560 -0.219 3.310 0.125 0.100 0.545
2012.3082 -43.34 170.35 0.507 -0.169 1.690 0.161 0.108 0.666
2012.3904 -43.34 170.35 0.394 -0.078 2.472 0.159 0.123 0.691
2012.4178 -43.34 170.35 0.217 0.111 3.650 0.115 0.091 0.505
2012.4452 -43.34 170.35 0.266 -0.019 3.067 0.115 0.090 0.501
2012.4726 -43.34 170.35 0.195 0.041 1.503 0.123 0.098 0.536
2012.5000 -43.34 170.35 0.203 0.252 1.335 0.118 0.093 0.514
2012.5274 -43.34 170.35 -0.029 0.223 1.080 0.124 0.099 0.543
2012.5548 -43.34 170.35 0.033 0.006 0.094 0.124 0.099 0.543
2012.5822 -43.34 170.35 0.015 0.365 0.512 0.130 0.106 0.569
2012.6096 -43.34 170.35 0.342 0.012 0.820 0.128 0.105 0.564
2012.6370 -43.34 170.35 0.187 -0.068 0.932 0.118 0.098 0.524
2012.6644 -43.34 170.35 0.373 -0.001 0.144 0.128 0.108 0.568
2012.6918 -43.34 170.35 0.105 -0.149 2.791 0.131 0.112 0.584
2012.7192 -43.34 170.35 0.213 0.185 1.671 0.155 0.136 0.694
2012.7466 -43.34 170.35 0.410 0.089 -0.094 0.126 0.090 0.540
2012.8562 -43.34 170.35 -0.145 0.118 1.587 0.163 0.142 0.728
2012.8836 -43.34 170.35 -0.064 0.418 2.893 0.150 0.137 0.680
2012.9110 -43.34 170.35 -0.107 0.284 2.122 0.142 0.130 0.647
2012.9384 -43.34 170.35 0.018 0.274 0.541 0.140 0.125 0.636
2012.9658 -43.34 170.35 -0.032 -0.114 2.212 0.152 0.140 0.692
2012.9918 -43.34 170.35 -0.152 0.300 2.944 0.078 0.069 0.364
2013.0178 -43.34 170.35 -0.180 -0.175 1.473 0.090 0.082 0.418
2013.0452 -43.34 170.35 -0.247 0.330 1.007 0.090 0.081 0.417
2013.0726 -43.34 170.35 -0.125 0.044 -0.645 0.083 0.075 0.388
2013.1000 -43.34 170.35 -0.215 -0.136 3.277 0.085 0.077 0.397
2013.1274 -43.34 170.35 -0.093 -0.213 2.683 0.080 0.071 0.373
2013.1548 -43.34 170.35 -0.050 0.201 0.528 0.079 0.065 0.360
2013.2644 -43.34 170.35 0.172 -0.238 2.555 0.100 0.050 0.393
2013.2918 -43.34 170.35 0.226 0.133 1.829 0.082 0.073 0.381
2013.3192 -43.34 170.35 0.070 0.028 0.955 0.089 0.081 0.416
2013.3466 -43.34 170.35 0.171 -0.099 2.219 0.092 0.084 0.426
2013.3740 -43.34 170.35 0.142 -0.184 1.105 0.079 0.072 0.372
2013.4014 -43.34 170.35 0.333 0.314 1.161 0.082 0.074 0.382
2013.4288 -43.34 170.35 0.205 0.130 1.250 0.073 0.065 0.344
2013.4562 -43.34 170.35 0.091 0.523 1.932 0.074 0.066 0.350
2013.4836 -43.34 170.35 0.179 -0.060 1.122 0.076 0.068 0.356
2013.5110 -43.34 170.35 0.025 0.187 0.348 0.084 0.077 0.395
2013.5384 -43.34 170.35 0.328 -0.278 1.054 0.085 0.074 0.391
2013.5658 -43.34 170.35 0.316 0.613 1.260 0.087 0.078 0.405
2013.7575 -43.34 170.35 -0.108 -0.182 2.381 0.085 0.074 0.393
2013.7849 -43.34 170.35 -0.433 0.113 2.553 0.087 0.076 0.401
2013.8123 -43.34 170.35 -0.168 -0.188 2.855 0.080 0.070 0.370
2013.8397 -43.34 170.35 0.432 0.040 2.412 0.080 0.071 0.374
2013.8671 -43.34 170.35 -0.007 -0.010 1.988 0.086 0.076 0.399
2013.8945 -43.34 170.35 0.387 0.267 2.543 0.080 0.070 0.372
2013.9219 -43.34 170.35 0.312 -0.145 3.093 0.072 0.063 0.338
2013.9493 -43.34 170.35 -0.285 -0.302 1.568 0.076 0.067 0.355
2013.9767 -43.34 170.35 0.252 -0.831 1.166 0.077 0.068 0.361
2014.0041 -43.34 170.35 0.271 -0.569 0.429 0.075 0.066 0.350
2014.0315 -43.34 170.35 -0.171 -0.190 1.379 0.077 0.068 0.360
2014.1685 -43.34 170.35 0.298 -0.276 2.799 0.082 0.072 0.381
2014.1959 -43.34 170.35 0.245 -0.066 3.286 0.082 0.074 0.381
2014.2233 -43.34 170.35 -0.074 -0.474 3.294 0.078 0.070 0.364
2014.2507 -43.34 170.35 -0.060 0.127 0.679 0.072 0.064 0.337
2014.2781 -43.34 170.35 0.463 -0.449 1.951 0.076 0.068 0.355
2014.3055 -43.34 170.35 0.395 -0.383 -0.141 0.073 0.065 0.342
2014.3329 -43.34 170.35 0.146 -0.440 0.270 0.060 0.053 0.289
2014.3603 -43.34 170.35 0.377 -0.067 0.783 0.068 0.060 0.322
2014.3877 -43.34 170.35 -0.272 -0.506 2.737 0.068 0.060 0.322
2014.4151 -43.34 170.35 -0.100 0.117 -0.904 0.068 0.060 0.321
2014.4425 -43.34 170.35 0.256 -0.206 1.098 0.072 0.064 0.338
2014.4699 -43.34 170.35 0.090 0.273 0.236 0.072 0.063 0.337
2014.5795 -43.34 170.35 0.341 0.181 -0.489 0.067 0.052 0.310
2014.6068 -43.34 170.35 0.080 -0.345 2.154 0.064 0.055 0.303
2014.6342 -43.34 170.35 0.077 0.149 4.961 0.059 0.050 0.281
2014.6616 -43.34 170.35 0.190 0.524 2.300 0.065 0.056 0.306
2014.6890 -43.34 170.35 -0.113 0.029 1.653 0.063 0.055 0.299
2014.7164 -43.34 170.35 -0.083 0.015 2.707 0.062 0.054 0.293
2014.7438 -43.34 170.35 -0.028 0.209 3.927 0.067 0.059 0.314
2014.7712 -43.34 170.35 0.162 0.637 1.590 0.066 0.058 0.311
2014.7986 -43.34 170.35 0.256 0.316 1.706 0.059 0.051 0.283
2014.8260 -43.34 170.35 -0.045 0.689 -0.988 0.059 0.051 0.282
2014.8534 -43.34 170.35 0.256 0.576 -1.430 0.063 0.054 0.295
2014.8808 -43.34 170.35 0.214 0.585 0.793 0.063 0.054 0.296
2014.9082 -43.34 170.35 -0.248 0.307 -1.032 0.064 0.055 0.301
2015.0452 -43.34 170.35 -0.244 0.162 2.663 0.049 0.039 0.239
2015.0726 -43.34 170.35 0.454 0.577 2.215 0.053 0.042 0.252
2015.1000 -43.34 170.35 0.367 0.223 5.310 0.048 0.038 0.232
2015.1274 -43.34 170.35 0.187 0.063 2.164 0.044 0.036 0.219
2015.1548 -43.34 170.35 0.494 -0.098 1.162 0.051 0.040 0.244
2015.1822 -43.34 170.35 0.253 -0.496 3.129 0.048 0.038 0.234
2015.2096 -43.34 170.35 0.152 -0.093 1.847 0.063 0.051 0.292
2015.2370 -43.34 170.35 0.211 0.074 1.923 0.068 0.057 0.315
2015.2644 -43.34 170.35 0.322 0.186 2.850 0.060 0.051 0.284
2015.2918 -43.34 170.35 0.148 -0.239 1.868 0.060 0.052 0.287
2015.3192 -43.34 170.35 0.330 0.019 2.778 0.058 0.050 0.278
2015.3466 -43.34 170.35 0.221 -0.020 0.291 0.063 0.054 0.298
2015.4836 -43.34 170.35 0.034 -0.074 -0.833 0.061 0.046 0.281
2015.5110 -43.34 170.35 0.327 0.045 2.058 0.057 0.046 0.271
2015.5384 -43.34 170.35 0.382 0.713 3.307 0.062 0.052 0.294
2015.5658 -43.34 170.35 0.346 0.351 1.463 0.062 0.053 0.294
2015.5932 -43.34 170.35 0.197 0.239 -1.274 0.064 0.055 0.302
2015.6205 -43.34 170.35 0.235 0.475 -0.132 0.063 0.053 0.295
2015.6479 -43.34 170.35 -0.269 0.028 0.126 0.061 0.052 0.287
2015.6753 -43.34 170.35 0.084 -0.118 -0.729 0.059 0.049 0.278
2015.7027 -43.34 170.35 0.045 0.198 0.198 0.063 0.054 0.299
2015.7301 -43.34 170.35 -0.267 -0.038 -0.091 0.064 0.054 0.300
2015.9493 -43.34 170.35 -0.217 0.070 2.265 0.061 0.054 0.294
2015.9767 -43.34 170.35 -0.072 0.238 4.668 0.064 0.056 0.302
2016.0041 -43.34 170.35 -0.071 0.623 3.545 0.058 0.050 0.278
2016.0315 -43.34 170.35 0.124 0.603 2.269 0.056 0.048 0.266
2016.0589 -43.34 170.35 0.043 0.500 3.161 0.057 0.049 0.272
2016.0863 -43.34 170.35 0.119 -0.113 1.117 0.052 0.045 0.252
2016.1137 -43.34 170.35 0.034 0.284 1.844 0.058 0.050 0.276
2016.1411 -43.34 170.35 -0.108 -0.478 5.404 0.068 0.059 0.316
2016.1685 -43.34 170.35 -0.393 -0.787 3.944 0.072 0.064 0.337
2016.1959 -43.34 170.35 0.047 -0.747 4.568 0.071 0.064 0.334
2016.2233 -43.34 170.35 -0.052 0.504 4.515 0.071 0.066 0.338
2016.2507 -43.34 170.35 -0.030 0.126 3.819 0.061 0.052 0.288
2016.3603 -43.34 170.35 -0.216 -0.150 0.384 0.056 0.049 0.269
2016.3877 -43.34 170.35 0.253 0.655 0.960 0.065 0.057 0.308
2016.4151 -43.34 170.35 0.467 0.611 -0.337 0.064 0.056 0.303
2016.4425 -43.34 170.35 0.119 0.406 -0.579 0.069 0.060 0.321
2016.4699 -43.34 170.35 0.350 0.324 -5.002 0.067 0.059 0.315
