2002.5877 40.77 -119.09 14.83807729339669 10.08340833693654
2002.6151 40.77 -119.09 5.40242831520837 9.82760377085709
2002.6425 40.77 -119.09 -3.51071559549685 10.03678145240712
2002.6699 40.77 -119.09 -23.05551710623064 8.41007777202442
2002.6973 40.77 -119.09 -27.07200327356399 13.27250179744599
2002.7247 40.77 -119.09 -30.83852754703348 9.54934439271925
2002.7521 40.77 -119.09 -56.97838082753134 8.73651490997112
2002.7795 40.77 -119.09 -34.64262360900468 9.98517208412076
2002.8068 40.77 -119.09 -60.23344727488384 9.06776180640054
2002.8342 40.77 -119.09 -30.49548784210817 8.89495333270565
2002.8616 40.77 -119.09 -19.17112329431450 8.46549165862768
2002.8890 40.77 -119.09 -11.63888664702214 9.04014562355348
2002.9164 40.77 -119.09 -31.67590643107756 9.34675266017488
2003.0260 40.77 -119.09 27.00553950184720 10.40909066997870
2003.0534 40.77 -119.09 40.88503468691697 18.31031409079006
2003.0808 40.77 -119.09 29.38321641766030 15.08102371188489
2003.1082 40.77 -119.09 33.91998029392920 8.34361028183118
2003.1356 40.77 -119.09 37.69952000353868 7.67771251315257
2003.1630 40.77 -119.09 15.44073010444701 8.37200584909463
2003.1904 40.77 -119.09 13.97810717623409 9.79714658919141
2003.2178 40.77 -119.09 8.33839897918658 8.25449133403444
2003.2452 40.77 -119.09 8.46998107175736 8.21140673685994
2003.2726 40.77 -119.09 15.44623613706051 7.98878302410254
2003.3000 40.77 -119.09 23.90636138426023 7.84182404160078
2003.3274 40.77 -119.09 14.12828543412446 10.53028229454485
2003.3548 40.77 -119.09 43.18538091338926 11.99800078162503
2003.3822 40.77 -119.09 27.56606161750132 10.16749527114872
2003.5192 40.77 -119.09 14.25298965708965 11.72387630010225
2003.5466 40.77 -119.09 11.99397166613747 13.38900613964549
2003.5740 40.77 -119.09 21.64221684687331 16.05169056121190
2003.6014 40.77 -119.09 15.72581529275733 13.43016245987309
2003.6288 40.77 -119.09 -0.77945261466650 12.33788524833330
2003.6562 40.77 -119.09 -2.71805259690332 13.50801254370921
2003.6836 40.77 -119.09 0.60767433348632 13.55791287421624
2003.7110 40.77 -119.09 -12.79006869918607 9.98800985574152
2003.7384 40.77 -119.09 -16.00831629783306 12.68801082439254
2003.7658 40.77 -119.09 -10.38323071442742 11.53974389906171
2003.7932 40.77 -119.09 -7.06727792406211 13.14137770054917
2003.8205 40.77 -119.09 -27.54433927823525 13.93985400323005
2003.8479 40.77 -119.09 -17.36854916237026 11.76168970753375
2003.8753 40.77 -119.09 -25.48445563285834 12.98916318532271
2003.9027 40.77 -119.09 -7.90791213415477 11.37935488390375
2003.9301 40.77 -119.09 -3.82144400863238 12.15774961167158
2003.9575 40.77 -119.09 15.58940245241766 14.13865375585673
2003.9849 40.77 -119.09 22.27257807059612 13.20573689007805
2004.0123 40.77 -119.09 15.19378116270186 14.18197703510230
2004.0397 40.77 -119.09 22.10017773150221 10.79189188701755
2004.0945 40.77 -119.09 21.75487648978580 10.05630734733130
2004.1219 40.77 -119.09 10.79022758942043 11.62064209979826
2004.1493 40.77 -119.09 30.12989143439709 13.85866200848606
2004.1767 40.77 -119.09 29.70777279071145 15.24624798594053
2004.2041 40.77 -119.09 22.26762327078998 11.95595146502662
2004.2315 40.77 -119.09 -2.60508954040707 12.13571447554678
2004.2589 40.77 -119.09 19.20109104788901 12.48702352531890
2004.2863 40.77 -119.09 37.08561657576822 12.55975698979231
2004.3137 40.77 -119.09 26.15537508725313 11.86004272552243
2004.3411 40.77 -119.09 29.73788973060520 13.16324550745848
2004.3685 40.77 -119.09 10.28503254061632 12.39670604732713
2004.3959 40.77 -119.09 8.38783651137328 10.66459912802082
2004.4233 40.77 -119.09 13.56848146618271 10.19892688017405
2004.4507 40.77 -119.09 17.96066962038299 9.12997598910212
2004.4781 40.77 -119.09 14.92206472926806 10.15932134836441
2004.5055 40.77 -119.09 7.44403254559207 9.85259423445037
2004.5329 40.77 -119.09 -14.52200805490105 9.20464722313955
2004.5603 40.77 -119.09 -11.75022980739148 9.55596246127228
2004.5877 40.77 -119.09 -2.59926051478095 9.58496671037955
2004.6151 40.77 -119.09 -12.25452841887339 10.62559398851172
2004.6425 40.77 -119.09 -18.37531514394966 8.85406360017429
2004.6699 40.77 -119.09 -7.04964093229133 8.83140375972473
2004.6973 40.77 -119.09 2.84418313616898 8.20262956692807
2004.7247 40.77 -119.09 -28.48252220147404 9.58960397543370
2004.7521 40.77 -119.09 -16.76040939144870 9.09279883438676
2004.7795 40.77 -119.09 -13.03999686645043 8.93947679290357
2004.8068 40.77 -119.09 -27.82792594635605 10.09072348762074
2004.8342 40.77 -119.09 -16.59315655836524 9.98468178719354
2004.8616 40.77 -119.09 -1.61931352145790 8.59444046624075
2004.8890 40.77 -119.09 -28.82425335443797 8.63590132771371
2004.9164 40.77 -119.09 -21.37458888494579 9.59041920424435
2004.9438 40.77 -119.09 2.35128586804313 10.35663522046525
2004.9712 40.77 -119.09 -3.57331618759967 9.74430754835899
2004.9973 40.77 -119.09 6.08322647991843 9.22861313861340
2005.0233 40.77 -119.09 4.62202231104977 11.15320662240431
2005.0507 40.77 -119.09 14.51340338290054 17.48498663870529
2005.0781 40.77 -119.09 23.93404461479670 12.75942362643731
2005.1055 40.77 -119.09 30.21904302018394 12.60984107932281
2005.1329 40.77 -119.09 -2.76639956928320 12.93877626696182
2005.1603 40.77 -119.09 -3.13614779713639 11.24828631101058
2005.1877 40.77 -119.09 24.11637748639228 11.10176712912444
2005.2151 40.77 -119.09 10.45291141088138 10.22018089670122
2005.2425 40.77 -119.09 0.63810950171012 10.05646059393628
2005.2699 40.77 -119.09 25.52147234498086 10.86623280213652
2005.2973 40.77 -119.09 10.60740765599911 11.56693623484997
2005.3247 40.77 -119.09 22.49293664470459 12.22062102132149
2005.3521 40.77 -119.09 38.44664323898009 4.33965502890941
2005.3795 40.77 -119.09 40.78585280210842 11.33567043100033
2005.4068 40.77 -119.09 41.12611773242836 10.19974711634143
2005.4342 40.77 -119.09 27.46177296936880 11.68885198077310
2005.4616 40.77 -119.09 16.72177040716249 10.72644239593109
2005.4890 40.77 -119.09 20.78448936940947 10.14999034560486
2005.5164 40.77 -119.09 23.30073588369080 10.08731279765589
2005.5438 40.77 -119.09 11.92367796818401 11.17548299336161
2005.5712 40.77 -119.09 1.77946195902307 12.32633710215543
2005.5986 40.77 -119.09 12.02602447758107 12.60922765461456
2005.6260 40.77 -119.09 -21.67200607053828 10.98476629332930
2005.6534 40.77 -119.09 -4.59983844188829 11.75970819557255
2005.6808 40.77 -119.09 -16.08661694321537 11.46512760447908
2005.7082 40.77 -119.09 11.68824682558000 14.34866110876846
2005.7356 40.77 -119.09 -17.93572414737206 12.43229515436303
2005.7630 40.77 -119.09 -14.83282945109451 12.44912253238013
2005.7904 40.77 -119.09 -19.41421055507651 11.48145594945243
2005.8178 40.77 -119.09 -31.11581284514322 11.90351419469110
2005.8452 40.77 -119.09 -30.62373265380244 12.72394648737501
2005.8726 40.77 -119.09 -3.88107728898797 10.93579304608994
2005.9000 40.77 -119.09 3.91479703549137 10.56508718152312
2005.9274 40.77 -119.09 -2.25294966998011 10.32767572991302
2005.9548 40.77 -119.09 18.56396758420528 8.89827994812102
2005.9822 40.77 -119.09 18.97404908370518 9.63226682399443
2006.0096 40.77 -119.09 30.04252900687516 11.08225970340370
2006.0370 40.77 -119.09 10.70399535141290 14.36325067258064
2006.0644 40.77 -119.09 43.69740465132686 14.51989873993440
2006.0918 40.77 -119.09 46.22650260250062 14.64210909917488
2006.1192 40.77 -119.09 38.71773938143092 17.13842366493597
2006.1466 40.77 -119.09 21.02710032275522 13.03867154021690
2006.1740 40.77 -119.09 50.62315661057751 15.24177669721327
2006.2014 40.77 -119.09 50.66834598146181 11.28449690849498
2006.2288 40.77 -119.09 51.38750974223967 15.34540282009257
2006.2562 40.77 -119.09 75.28667427605102 14.50315845113521
2006.2836 40.77 -119.09 62.90394343935397 14.04054063986984
2006.3110 40.77 -119.09 44.48796845900528 15.10104839102788
2006.3384 40.77 -119.09 76.69493628506538 13.60302355729233
2006.3658 40.77 -119.09 47.26322859857562 15.19461553443838
2006.3932 40.77 -119.09 52.34609943615630 14.86117733158928
2006.4205 40.77 -119.09 37.05431967210596 14.80249330488381
2006.4479 40.77 -119.09 37.69877569951556 15.76019956747765
2006.4753 40.77 -119.09 13.05210065594720 16.41314449951333
2006.5027 40.77 -119.09 25.79270093764276 17.18258525895055
2006.5301 40.77 -119.09 43.31003154986340 20.93293295473910
2006.5575 40.77 -119.09 32.11778340857703 16.27589160211690
2006.5849 40.77 -119.09 22.52427508906774 16.79906905752355
2006.6123 40.77 -119.09 13.92100296131455 21.69923202777028
2006.6397 40.77 -119.09 -5.03330645913883 17.94607162694683
2006.6671 40.77 -119.09 10.06397553865418 15.93742147990999
2006.6945 40.77 -119.09 19.80120932620540 20.99870646469317
2006.7219 40.77 -119.09 -9.94933256808495 18.99376010998694
2006.7493 40.77 -119.09 -8.01480335058423 23.21753983878641
2006.7767 40.77 -119.09 -12.86602275249575 20.20358491470952
2006.8041 40.77 -119.09 1.61598657439713 15.83401328791136
2006.8315 40.77 -119.09 -4.85973459350343 18.88355201033264
2006.8589 40.77 -119.09 -9.74414808220090 18.19479299343524
2006.8863 40.77 -119.09 1.53986430003219 17.22621269240538
2006.9137 40.77 -119.09 6.41659324649936 16.49289625201376
2006.9411 40.77 -119.09 12.64601534475815 16.12048619329249
2006.9685 40.77 -119.09 -0.59433098980563 15.72587421986448
2006.9959 40.77 -119.09 31.92309089635282 15.24856680787166
2007.0233 40.77 -119.09 16.79815025091680 13.83614434451176
2007.0507 40.77 -119.09 6.33747678883290 14.74818690725430
2007.0781 40.77 -119.09 8.79543613415500 15.74214619489589
2007.1055 40.77 -119.09 -10.52468846473305 13.82248260950671
2007.1329 40.77 -119.09 -2.69719000583143 15.27026233044364
2007.1603 40.77 -119.09 30.72882731069974 14.53480962150753
2007.1877 40.77 -119.09 3.70579792537414 19.86700977862660
2007.2151 40.77 -119.09 11.07516880886077 17.53017901275228
2007.2425 40.77 -119.09 32.73679947509430 16.77420372962404
2007.2699 40.77 -119.09 8.45581850635539 12.56610671605447
2007.2973 40.77 -119.09 19.71096222164441 11.77492551791410
2007.3247 40.77 -119.09 2.04143627187281 15.10770797347414
2007.3521 40.77 -119.09 39.26243859713545 16.83091115501179
2007.3795 40.77 -119.09 17.70920789756085 17.85892985399077
2007.4068 40.77 -119.09 18.84916800122320 14.34144415144700
2007.4342 40.77 -119.09 8.06292788505476 13.54331686537433
2007.4616 40.77 -119.09 37.83783758592156 18.84945006907048
2007.4890 40.77 -119.09 14.25372432815873 13.57392437220528
2007.5164 40.77 -119.09 25.36629389356962 14.60312078843174
2007.5438 40.77 -119.09 17.16999026068470 14.01351676995873
2007.5712 40.77 -119.09 -1.24156006833527 14.40620919853066
2007.5986 40.77 -119.09 -7.14609588983570 18.14051360061707
2007.6260 40.77 -119.09 -22.28001083428812 14.28419235748326
2007.6534 40.77 -119.09 -7.42464668231227 14.58753654304821
2007.6808 40.77 -119.09 -7.01221931343753 15.23978104266064
2007.7082 40.77 -119.09 0.01360675195579 10.46624507929332
2007.7356 40.77 -119.09 -21.16879991893488 15.65147227239086
2007.7630 40.77 -119.09 -34.75980807215518 11.20889014377012
2007.7904 40.77 -119.09 -16.50906701558443 15.60590624241439
2007.8178 40.77 -119.09 -34.24010646442587 18.42122330868805
2007.8452 40.77 -119.09 -21.65928833986534 14.28466412573008
2007.8726 40.77 -119.09 -9.36313499571563 16.92024895686641
2007.9000 40.77 -119.09 1.18090506186190 17.81130975628811
2007.9274 40.77 -119.09 -23.06703091296025 17.73209781850864
2007.9548 40.77 -119.09 -4.62158122797830 12.94265041839612
2007.9822 40.77 -119.09 -5.63718266585451 16.38237214557104
2008.0096 40.77 -119.09 0.75988166055174 14.25579378223885
2008.0370 40.77 -119.09 -4.81239616148625 14.91705749129366
2008.0644 40.77 -119.09 -6.77406878782066 17.59991087992285
2008.0918 40.77 -119.09 17.67563238469308 13.28801202379464
2008.1192 40.77 -119.09 28.03199066305617 16.23819357935540
2008.1466 40.77 -119.09 -2.43419809724978 19.22020175008224
2008.1740 40.77 -119.09 24.48208758351737 16.56568468847304
2008.2014 40.77 -119.09 17.97802281920079 18.26803264602801
2008.2288 40.77 -119.09 17.48380577651986 20.20420276546690
2008.2562 40.77 -119.09 13.78940387931748 19.18997111198944
2008.2836 40.77 -119.09 13.73430137852555 23.14199987613888
2008.3110 40.77 -119.09 11.70512615062671 24.21494451301547
2008.3384 40.77 -119.09 19.22990567425579 17.76851355143542
2008.3658 40.77 -119.09 -4.71745152426528 17.94713390437219
2008.3932 40.77 -119.09 3.36161051442232 15.91205731225932
2008.4205 40.77 -119.09 23.90053497520318 13.88560975518748
2008.4479 40.77 -119.09 8.00753973744937 14.39253900887690
2008.4753 40.77 -119.09 -7.99884670178776 13.80241370016632
2008.5027 40.77 -119.09 -10.35429107703692 17.08147206332853
2008.5301 40.77 -119.09 -15.46295046914487 21.13336206626420
2008.5575 40.77 -119.09 -7.81880370221111 13.26495540267703
2008.5849 40.77 -119.09 -10.98957271781102 15.85639003646402
2008.6123 40.77 -119.09 -12.44971420130397 12.59375321774198
2008.6397 40.77 -119.09 -2.20432808807040 14.08796117950939
2008.6671 40.77 -119.09 -4.83553889382724 13.36581373350115
2008.6945 40.77 -119.09 -15.58274660984461 12.86589949780566
2008.7219 40.77 -119.09 -15.64047782634313 15.32291198592979
2008.7493 40.77 -119.09 -24.98011864049340 13.70116354786288
2008.7767 40.77 -119.09 -24.10586584679944 16.50944396821476
2008.8041 40.77 -119.09 -43.81752390060149 16.66878872535846
2008.8315 40.77 -119.09 -36.38390575127323 18.68212288474191
2008.8589 40.77 -119.09 -24.77905402482084 21.87022168794244
2008.8863 40.77 -119.09 -12.72145924982776 20.97003363852837
2008.9137 40.77 -119.09 -3.01470568402151 20.07771627957255
2008.9411 40.77 -119.09 -13.78942929013025 20.66703995053965
2008.9685 40.77 -119.09 -15.90005460639662 19.25981136064197
2008.9945 40.77 -119.09 -13.38393219412260 16.35923906367944
2009.0205 40.77 -119.09 -33.13527080940813 16.26979160306467
2009.0479 40.77 -119.09 -2.22465654135515 16.27614296140041
2009.0753 40.77 -119.09 8.76186776117167 15.31007148415166
2009.1027 40.77 -119.09 -8.80073599776586 19.51138195585197
2009.1301 40.77 -119.09 -14.17273628168854 15.16614546179428
2009.1575 40.77 -119.09 -5.57731099166814 15.30703760910251
2009.1849 40.77 -119.09 10.20450884006917 18.36121963109837
2009.2123 40.77 -119.09 -20.14033102269373 14.97963367512400
2009.2397 40.77 -119.09 5.27260916030591 17.56568292992275
2009.2671 40.77 -119.09 -17.35604244166212 14.50887506858099
2009.2945 40.77 -119.09 8.66212712022795 14.95277482566503
2009.3219 40.77 -119.09 22.31112820673851 15.55649056320141
2009.3493 40.77 -119.09 12.53823046989245 14.12297055539145
2009.3767 40.77 -119.09 2.45552020742446 14.87130591774834
2009.4041 40.77 -119.09 13.87856551780884 12.78973016747837
2009.4315 40.77 -119.09 32.56372932747237 15.17097193815541
2009.4589 40.77 -119.09 24.88245183163087 12.36483753437123
2009.4863 40.77 -119.09 15.56351903603858 13.76578294860199
2009.5137 40.77 -119.09 12.73972961138542 12.86468468074438
2009.5411 40.77 -119.09 14.00533195231701 16.17248671978330
2009.5685 40.77 -119.09 -5.40812466171193 17.34586148633441
2009.5959 40.77 -119.09 -20.16785370692848 15.01987744935702
2009.6233 40.77 -119.09 -11.60928958486523 16.00315145864912
2009.6507 40.77 -119.09 -21.24543329115522 15.44282583386813
2009.6781 40.77 -119.09 -12.36447589275140 16.77059324861338
2009.7055 40.77 -119.09 -16.68701386602344 17.65733269774088
2009.7329 40.77 -119.09 -13.44924709186716 16.82852350312206
2009.7603 40.77 -119.09 -58.09880689758478 19.27923609051919
2009.7877 40.77 -119.09 -15.99090557390638 17.73916947405231
2009.8151 40.77 -119.09 -35.43295611472012 19.29910078946498
2009.8425 40.77 -119.09 -26.28141822154907 17.34910239419888
2009.8699 40.77 -119.09 -7.97674850713730 16.48001869976214
2009.8973 40.77 -119.09 -6.83943664066592 15.31341429756040
2009.9247 40.77 -119.09 1.21285060717042 14.78410979566601
2009.9521 40.77 -119.09 4.65306328114194 14.05058562764377
2009.9795 40.77 -119.09 16.72910188273418 14.45031409418293
2010.0068 40.77 -119.09 2.31345317443788 18.96009170990184
2010.0342 40.77 -119.09 5.16142779656910 14.28568394401096
2010.0616 40.77 -119.09 7.54670993549769 14.75856144904663
2010.0890 40.77 -119.09 -16.80964260279536 18.22555522554136
2010.1164 40.77 -119.09 24.21950571147273 18.83650657998216
2010.1438 40.77 -119.09 16.03111597484394 17.77182733983809
2010.1712 40.77 -119.09 25.08129941650814 16.94256791774347
2010.1986 40.77 -119.09 -1.29301374392546 16.20919905533351
2010.2260 40.77 -119.09 -14.03508822219238 17.81259201054090
2010.2534 40.77 -119.09 9.35943188759137 18.26160096563476
2010.2808 40.77 -119.09 26.32562882158070 13.68602951907754
2010.3082 40.77 -119.09 19.36758173150669 14.50680108452263
2010.3356 40.77 -119.09 14.63261002410754 12.76132822748592
2010.3630 40.77 -119.09 18.24466522096919 13.69586742921137
2010.3904 40.77 -119.09 18.89118673304791 13.72856137917695
2010.4178 40.77 -119.09 -16.95309045164076 14.66244491212372
2010.4452 40.77 -119.09 2.47338203023172 12.72691901836088
2010.4726 40.77 -119.09 20.27560014614834 11.27305850731545
2010.5000 40.77 -119.09 -20.45018114570333 13.09655245921125
2010.5274 40.77 -119.09 2.09367527316515 22.13025290235902
2010.5548 40.77 -119.09 -4.44183202988316 13.63180566834328
2010.5822 40.77 -119.09 -7.92600654110806 12.17010266794048
2010.6096 40.77 -119.09 12.03089776865645 16.38794154971508
2010.6370 40.77 -119.09 -19.89385848387989 14.36132329828457
2010.6644 40.77 -119.09 -13.19740266261737 13.32109362265110
2010.6918 40.77 -119.09 -36.08978325413862 16.50282959221760
2010.7192 40.77 -119.09 -23.36229250943934 15.28314216997369
2010.7466 40.77 -119.09 2.67579667417276 18.13837144710729
2010.7740 40.77 -119.09 -35.68582439452294 14.06420490859208
2010.8014 40.77 -119.09 -25.83314243624572 13.50524441661185
2010.8288 40.77 -119.09 -6.51873173831034 15.72826883566919
2010.8562 40.77 -119.09 -7.41322028004304 15.35328163391188
2010.8836 40.77 -119.09 -6.27884848828065 13.93055663923541
2010.9110 40.77 -119.09 -6.01517517993200 15.54870167977754
2010.9384 40.77 -119.09 25.59703097133822 16.23026153111639
2010.9658 40.77 -119.09 7.92073063446268 18.03917811877990
2010.9932 40.77 -119.09 17.24350130831259 12.89986621966839
2011.1027 40.77 -119.09 19.52080217722297 12.94119162642444
2011.1301 40.77 -119.09 11.44328780241094 21.39428821507025
2011.1575 40.77 -119.09 36.46795716241367 13.67698398047742
2011.1849 40.77 -119.09 36.27297865773836 10.41327482322948
2011.2123 40.77 -119.09 10.30115404831814 18.15083925413304
2011.2397 40.77 -119.09 20.98838463710334 19.09882576539449
2011.2671 40.77 -119.09 31.23374461472596 15.04295536560215
2011.2945 40.77 -119.09 13.08774378820039 17.93772348335942
2011.3219 40.77 -119.09 33.44122558660219 16.72814094186797
2011.3493 40.77 -119.09 47.86709423683843 14.72307833706180
2011.3767 40.77 -119.09 49.35389104200296 17.60678378041820
2011.4041 40.77 -119.09 56.11702621395651 15.13067547960735
2011.4315 40.77 -119.09 54.24487900182482 14.77752210553206
2011.5137 40.77 -119.09 35.50525411791020 13.51727828004449
2011.5411 40.77 -119.09 20.18038755619608 14.73007814923526
2011.5685 40.77 -119.09 0.73878432913401 14.19929861713985
2011.5959 40.77 -119.09 10.87816153142038 15.42651539123724
2011.6233 40.77 -119.09 2.06025249421372 15.27316842452935
2011.6507 40.77 -119.09 7.43101814417880 18.72096377864551
2011.6781 40.77 -119.09 -6.05381561675866 17.35976637986354
2011.7055 40.77 -119.09 29.44393322001309 17.46412894966919
2011.7329 40.77 -119.09 -10.37059172483558 20.54604814917928
2011.7603 40.77 -119.09 -13.53206136668624 17.40210183756366
2011.7877 40.77 -119.09 -6.07631919013423 18.66518017106362
2011.8151 40.77 -119.09 -8.66116087670473 18.21321291067583
2011.8425 40.77 -119.09 -8.79688454081691 20.04445775471166
2011.8699 40.77 -119.09 -4.08532144881159 18.51309411552332
2011.9521 40.77 -119.09 10.38086298325348 11.23741480119778
2011.9795 40.77 -119.09 -11.60084988492645 15.68989700590063
2012.0068 40.77 -119.09 -8.52891558538144 14.45588357718498
2012.0342 40.77 -119.09 -30.03138257744186 17.51642180552615
2012.0616 40.77 -119.09 -4.11882487982815 15.09700454517054
2012.0890 40.77 -119.09 -23.45982536651947 14.81850931713236
2012.1164 40.77 -119.09 -14.48060532493974 14.41839167298343
2012.1438 40.77 -119.09 -7.46383876330131 14.87851241233778
2012.1712 40.77 -119.09 -1.85393483173354 14.02546686272188
2012.1986 40.77 -119.09 -36.67410087596808 12.55392654322594
2012.2260 40.77 -119.09 -1.47931661165541 13.06359085285724
2012.2534 40.77 -119.09 -10.06485587746165 12.65705462559697
2012.2808 40.77 -119.09 11.67576876810502 11.71205900856937
2012.3082 40.77 -119.09 12.01486510160524 13.28243495512496
2012.3904 40.77 -119.09 43.29999978375773 13.76101281216802
2012.4178 40.77 -119.09 -8.97264932583275 10.64861160419535
2012.4452 40.77 -119.09 4.99492191985514 10.43907127069026
2012.4726 40.77 -119.09 -7.22357874831673 11.38915523061860
2012.5000 40.77 -119.09 -12.30872919829782 10.71844350510547
2012.5274 40.77 -119.09 -0.78465380923549 11.54038875167075
2012.5548 40.77 -119.09 -15.56098888547346 11.54031612595657
2012.5822 40.77 -119.09 -26.72028027781506 12.33060309748404
2012.6096 40.77 -119.09 -25.08533421346716 12.34955680479549
2012.6370 40.77 -119.09 -23.56751689347492 11.25759905629364
2012.6644 40.77 -119.09 -33.30857244427167 12.46225899457071
2012.6918 40.77 -119.09 -28.08506775758687 12.93356511780616
2012.7192 40.77 -119.09 -12.65031426681471 16.00882013529030
2012.7466 40.77 -119.09 -9.45664422266489 10.42700630393108
2012.8562 40.77 -119.09 -0.30650585015705 16.43860115483584
2012.8836 40.77 -119.09 -22.59040018979510 15.53775428937824
2012.9110 40.77 -119.09 -6.93752957449670 14.63930328007294
2012.9384 40.77 -119.09 -18.82186589927628 13.71894406363642
2012.9658 40.77 -119.09 30.67500170548650 15.94608653545923
2012.9918 40.77 -119.09 -2.85404169776411 7.38125271982756
2013.0178 40.77 -119.09 1.92786427004967 8.94583231382608
2013.0452 40.77 -119.09 6.98071270168784 8.85230008324750
2013.0726 40.77 -119.09 14.97479373184468 8.06774497512545
2013.1000 40.77 -119.09 5.14771248443419 8.30657947318097
2013.1274 40.77 -119.09 -14.34285564285901 7.57683595082370
2013.1548 40.77 -119.09 1.92312451483838 6.80118238473312
2013.2644 40.77 -119.09 -20.83945999817315 7.60918276701442
2013.2918 40.77 -119.09 -1.07874470760780 7.85619021094068
2013.3192 40.77 -119.09 -16.58420737382905 8.84280239642894
2013.3466 40.77 -119.09 14.28330481722912 9.12115257546972
2013.3740 40.77 -119.09 -19.71391126956467 7.64245232188365
2013.4014 40.77 -119.09 -39.16218617727235 7.93434761015085
2013.4288 40.77 -119.09 9.32131413573364 6.80308008440374
2013.4562 40.77 -119.09 -6.34910227911926 6.91390321063004
2013.4836 40.77 -119.09 -19.50289237017109 7.16060741392090
2013.5110 40.77 -119.09 8.97576978519383 8.25345240398703
2013.5384 40.77 -119.09 -10.38594813374172 7.88795631274369
2013.5658 40.77 -119.09 -4.55141587804650 8.40482144309331
2013.7575 40.77 -119.09 -37.02701998598484 7.79374261959585
2013.7849 40.77 -119.09 -51.64754692022274 8.20683275946264
2013.8123 40.77 -119.09 -44.73671711605938 7.45082139261719
2013.8397 40.77 -119.09 -32.87116730720080 7.58465301941711
2013.8671 40.77 -119.09 -32.82305725842490 8.08245918807391
2013.8945 40.77 -119.09 -56.47926991740965 7.55835020052340
2013.9219 40.77 -119.09 -18.78292668932387 6.54840822676179
2013.9493 40.77 -119.09 -35.17622993217865 7.12585758881726
2013.9767 40.77 -119.09 -36.86766075054329 7.08213710591631
2014.0041 40.77 -119.09 -40.21470243666118 6.86736359001297
2014.0315 40.77 -119.09 -37.91699080778770 7.26512013362268
2014.1685 40.77 -119.09 -58.36623298914952 7.56225678462990
2014.1959 40.77 -119.09 -43.41675771159863 8.00076776568427
2014.2233 40.77 -119.09 -40.30334648587935 7.48820105256493
2014.2507 40.77 -119.09 -46.21846691804327 6.75920766415768
2014.2781 40.77 -119.09 -32.59737780904459 7.22753350485321
2014.3055 40.77 -119.09 -34.00247209212247 6.87478874605599
2014.3329 40.77 -119.09 -4.94402189556276 5.41058847528625
2014.3603 40.77 -119.09 -18.86533931416863 6.35732215791330
2014.3877 40.77 -119.09 -10.57017847970999 6.37621090463356
2014.4151 40.77 -119.09 -17.04811258248003 6.28967334250335
2014.4425 40.77 -119.09 -22.74621240458274 6.75103252644233
2014.4699 40.77 -119.09 -28.19891751208070 6.61672779155920
2014.5795 40.77 -119.09 -13.91929106570479 5.24816385777607
2014.6068 40.77 -119.09 -14.85263340360923 5.78814037336326
2014.6342 40.77 -119.09 -6.73128123684250 5.09406201518986
2014.6616 40.77 -119.09 -41.63372426025578 5.90456450421976
2014.6890 40.77 -119.09 -34.58616553243548 5.74502763295485
2014.7164 40.77 -119.09 -35.63551526803304 5.60362244987317
2014.7438 40.77 -119.09 -27.38505754034083 6.23147304173751
2014.7712 40.77 -119.09 -43.14093991012742 6.15377565741811
2014.7986 40.77 -119.09 -31.71492936994708 5.28285197115566
2014.8260 40.77 -119.09 -44.60655092439811 5.23550767434935
2014.8534 40.77 -119.09 -51.76600621629116 5.59593658107853
2014.8808 40.77 -119.09 -13.16916684620371 5.60574270327638
2014.9082 40.77 -119.09 -20.48236128205750 5.74247345245987
2015.0452 40.77 -119.09 2.07108802866706 3.99909479299060
2015.0726 40.77 -119.09 2.73938072640668 4.57478033746637
2015.1000 40.77 -119.09 -1.00376668944792 3.87879279975355
2015.1274 40.77 -119.09 -2.39615341326153 3.56676753350529
2015.1548 40.77 -119.09 8.01292505411588 4.38975891272376
2015.1822 40.77 -119.09 -0.41463309365645 4.01731143439926
2015.2096 40.77 -119.09 4.03562454663733 5.78700057720240
2015.2370 40.77 -119.09 -14.02747277138952 6.42530156562656
2015.2644 40.77 -119.09 -12.89940952961571 5.47778257931084
2015.2918 40.77 -119.09 -25.22556795594007 5.39322785589535
2015.3192 40.77 -119.09 -20.63064213851371 5.18412277933012
2015.3466 40.77 -119.09 -8.35719486170318 5.71689181311396
2015.4836 40.77 -119.09 -16.43315770973174 4.69284672199153
2015.5110 40.77 -119.09 -31.30497979307379 4.62231695480917
2015.5384 40.77 -119.09 -10.22192939122592 5.30437899726363
2015.5658 40.77 -119.09 -10.99180531690792 5.65605797036416
2015.5932 40.77 -119.09 -19.71898118180481 5.99494692211995
2015.6205 40.77 -119.09 -9.52249742544518 5.64354686494372
2015.6479 40.77 -119.09 -26.26799358262905 5.51999256114742
2015.6753 40.77 -119.09 -27.66825849972754 5.15707735622450
2015.7027 40.77 -119.09 -36.23532368399140 5.87527184847655
2015.7301 40.77 -119.09 -10.44567699317887 5.75523530582647
2015.9493 40.77 -119.09 -30.62684802375449 5.48016975536595
2015.9767 40.77 -119.09 -7.69140020323912 6.05678802440734
2016.0041 40.77 -119.09 1.54898059752722 5.34150256617550
2016.0315 40.77 -119.09 4.72662766409231 5.06670914380648
2016.0589 40.77 -119.09 13.16039840977006 5.18142592498639
2016.0863 40.77 -119.09 11.58974941762458 4.51324600039915
2016.1137 40.77 -119.09 1.31972211481719 5.30141299068298
2016.1411 40.77 -119.09 3.10265479150152 6.56314121035599
2016.1685 40.77 -119.09 19.95870745089709 7.25732392617352
2016.1959 40.77 -119.09 26.09407448407322 7.15780977467589
2016.2233 40.77 -119.09 21.97741133961677 7.31369702401438
2016.2507 40.77 -119.09 11.33568725458199 5.45315745731904
2016.3603 40.77 -119.09 23.19458792933005 5.13038639071090
2016.3877 40.77 -119.09 5.29581101123272 6.33336292112702
2016.4151 40.77 -119.09 28.44853417687241 6.13167763944820
2016.4425 40.77 -119.09 -1.58512646609663 6.75551706419159
2016.4699 40.77 -119.09 15.73059645885164 6.60166839664116
