2002.5877 45.66 12.26 0.581 -0.908 5.386 0.115 0.102 0.533
2002.6151 45.66 12.26 0.541 -0.067 3.427 0.110 0.098 0.510
2002.6425 45.66 12.26 0.608 -0.696 2.514 0.112 0.100 0.519
2002.6699 45.66 12.26 0.176 -0.657 2.352 0.097 0.086 0.455
2002.6973 45.66 12.26 0.211 -0.498 3.873 0.170 0.087 0.655
2002.7247 45.66 12.26 0.136 -0.877 0.162 0.104 0.094 0.483
2002.7521 45.66 12.26 0.143 -0.359 0.690 0.096 0.087 0.451
2002.7795 45.66 12.26 -0.047 -0.818 0.137 0.112 0.101 0.522
2002.8068 45.66 12.26 0.004 -0.730 -3.591 0.100 0.090 0.465
2002.8342 45.66 12.26 0.244 -0.491 -3.079 0.099 0.088 0.459
2002.8616 45.66 12.26 0.373 -0.817 -1.945 0.103 0.082 0.461
2002.8890 45.66 12.26 0.169 -1.131 -5.383 0.100 0.089 0.463
2002.9164 45.66 12.26 0.077 -0.787 -6.914 0.107 0.094 0.497
2003.0260 45.66 12.26 0.238 -0.421 -4.671 0.122 0.107 0.563
2003.0534 45.66 12.26 0.622 -0.540 -4.563 0.196 0.176 0.891
2003.0808 45.66 12.26 0.223 -0.734 -4.154 0.177 0.151 0.799
2003.1082 45.66 12.26 0.618 -0.347 -5.285 0.103 0.089 0.479
2003.1356 45.66 12.26 0.762 -0.159 -4.410 0.096 0.082 0.448
2003.1630 45.66 12.26 0.593 -0.233 -2.385 0.101 0.088 0.472
2003.1904 45.66 12.26 0.691 -0.062 -2.979 0.119 0.101 0.548
2003.2178 45.66 12.26 0.815 -0.151 -1.664 0.100 0.086 0.465
2003.2452 45.66 12.26 0.489 -0.116 -0.733 0.097 0.085 0.454
2003.2726 45.66 12.26 0.434 -0.182 -1.037 0.095 0.083 0.444
2003.3000 45.66 12.26 0.180 -0.059 -0.210 0.093 0.082 0.434
2003.3274 45.66 12.26 0.152 0.083 -0.639 0.121 0.106 0.557
2003.3548 45.66 12.26 0.168 -0.277 0.882 0.131 0.118 0.603
2003.3822 45.66 12.26 0.341 -0.208 2.537 0.121 0.105 0.558
2003.5192 45.66 12.26 0.140 -0.461 0.789 0.125 0.113 0.574
2003.5466 45.66 12.26 -0.061 -0.507 3.435 0.137 0.126 0.630
2003.5740 45.66 12.26 -0.326 -0.574 2.225 0.159 0.147 0.727
2003.6014 45.66 12.26 -0.237 -0.700 3.925 0.138 0.126 0.630
2003.6288 45.66 12.26 0.073 -0.876 3.921 0.131 0.119 0.601
2003.6562 45.66 12.26 -0.021 -1.232 5.709 0.140 0.127 0.641
2003.6836 45.66 12.26 -0.093 -1.433 2.282 0.138 0.126 0.630
2003.7110 45.66 12.26 -0.302 -0.654 4.433 0.109 0.097 0.504
2003.7384 45.66 12.26 -0.158 -0.987 5.080 0.132 0.119 0.600
2003.7658 45.66 12.26 -0.404 -0.849 4.784 0.121 0.109 0.554
2003.7932 45.66 12.26 -0.201 -0.566 3.923 0.135 0.122 0.614
2003.8205 45.66 12.26 -0.226 -0.597 3.052 0.146 0.128 0.658
2003.8479 45.66 12.26 -0.554 -0.641 1.773 0.130 0.110 0.582
2003.8753 45.66 12.26 -0.264 -0.562 0.643 0.135 0.120 0.611
2003.9027 45.66 12.26 -0.389 -0.044 -0.257 0.124 0.108 0.563
2003.9301 45.66 12.26 -0.635 -0.590 -0.835 0.129 0.112 0.582
2003.9575 45.66 12.26 -0.008 -0.338 -0.651 0.144 0.127 0.647
2003.9849 45.66 12.26 -0.134 -0.356 -2.460 0.137 0.119 0.614
2004.0123 45.66 12.26 -0.416 -0.314 -2.002 0.147 0.127 0.658
2004.0397 45.66 12.26 0.019 -0.751 -3.112 0.126 0.108 0.572
2004.0945 45.66 12.26 0.176 -0.100 -2.194 0.118 0.100 0.534
2004.1219 45.66 12.26 0.507 0.048 -2.753 0.125 0.105 0.556
2004.1493 45.66 12.26 0.160 -0.184 -2.597 0.147 0.123 0.648
2004.1767 45.66 12.26 -0.007 0.130 -2.911 0.156 0.131 0.685
2004.2041 45.66 12.26 0.256 0.457 -2.307 0.128 0.107 0.566
2004.2315 45.66 12.26 0.445 0.530 0.953 0.130 0.108 0.574
2004.2589 45.66 12.26 0.257 -0.029 -3.328 0.135 0.111 0.593
2004.2863 45.66 12.26 0.343 0.087 -3.212 0.136 0.111 0.594
2004.3137 45.66 12.26 0.117 0.740 0.189 0.129 0.105 0.566
2004.3411 45.66 12.26 -0.346 0.347 0.994 0.141 0.115 0.616
2004.3685 45.66 12.26 -0.676 0.148 -2.037 0.137 0.112 0.600
2004.3959 45.66 12.26 0.034 0.036 -0.852 0.120 0.099 0.534
2004.4233 45.66 12.26 0.127 0.021 -0.585 0.116 0.095 0.514
2004.4507 45.66 12.26 0.272 0.147 -0.432 0.103 0.084 0.458
2004.4781 45.66 12.26 0.151 -0.489 -2.091 0.113 0.091 0.499
2004.5055 45.66 12.26 -0.139 -0.157 -1.096 0.110 0.090 0.488
2004.5329 45.66 12.26 0.027 -0.243 0.015 0.104 0.085 0.465
2004.5603 45.66 12.26 0.053 -0.549 2.123 0.107 0.087 0.476
2004.5877 45.66 12.26 -0.259 -0.790 2.575 0.109 0.088 0.482
2004.6151 45.66 12.26 -0.466 0.189 5.642 0.120 0.097 0.529
2004.6425 45.66 12.26 -0.291 -0.395 2.912 0.102 0.084 0.458
2004.6699 45.66 12.26 -0.089 -0.742 2.846 0.102 0.084 0.460
2004.6973 45.66 12.26 -0.035 -0.525 2.170 0.096 0.080 0.435
2004.7247 45.66 12.26 0.051 -0.568 0.439 0.110 0.090 0.490
2004.7521 45.66 12.26 -0.351 -0.747 2.067 0.105 0.087 0.475
2004.7795 45.66 12.26 -0.155 -0.616 2.062 0.103 0.084 0.460
2004.8068 45.66 12.26 -0.291 -0.281 1.203 0.114 0.092 0.503
2004.8342 45.66 12.26 -0.387 -0.280 -0.653 0.112 0.091 0.496
2004.8616 45.66 12.26 -0.296 -0.356 -1.812 0.099 0.082 0.447
2004.8890 45.66 12.26 -0.107 -0.253 -1.087 0.099 0.082 0.445
2004.9164 45.66 12.26 -0.024 -0.016 -1.106 0.108 0.088 0.479
2004.9438 45.66 12.26 0.003 0.042 -1.305 0.119 0.099 0.536
2004.9712 45.66 12.26 0.129 0.020 -0.695 0.108 0.088 0.477
2004.9973 45.66 12.26 0.004 0.040 -1.286 0.105 0.086 0.468
2005.0233 45.66 12.26 0.075 0.106 0.571 0.120 0.098 0.528
2005.0507 45.66 12.26 0.517 -0.176 0.491 0.174 0.144 0.754
2005.0781 45.66 12.26 0.198 0.401 -0.723 0.133 0.110 0.584
2005.1055 45.66 12.26 0.101 0.393 -1.366 0.132 0.110 0.581
2005.1329 45.66 12.26 0.407 0.176 -1.095 0.135 0.113 0.596
2005.1603 45.66 12.26 0.044 0.890 -1.574 0.122 0.101 0.539
2005.1877 45.66 12.26 0.146 0.794 -2.219 0.123 0.101 0.544
2005.2151 45.66 12.26 0.229 0.808 -1.837 0.116 0.096 0.519
2005.2425 45.66 12.26 0.068 1.194 -2.206 0.112 0.093 0.500
2005.2699 45.66 12.26 0.174 0.868 -1.652 0.119 0.100 0.531
2005.2973 45.66 12.26 0.104 0.599 -4.407 0.125 0.105 0.558
2005.3247 45.66 12.26 0.352 0.393 -2.116 0.132 0.111 0.588
2005.3521 45.66 12.26 0.173 0.846 -2.700 0.058 0.050 0.289
2005.3795 45.66 12.26 0.259 0.661 -1.760 0.124 0.105 0.554
2005.4068 45.66 12.26 0.316 0.441 0.358 0.114 0.096 0.513
2005.4342 45.66 12.26 0.170 0.177 -1.885 0.131 0.111 0.587
2005.4616 45.66 12.26 -0.007 0.374 1.551 0.118 0.101 0.533
2005.4890 45.66 12.26 0.013 0.536 1.663 0.112 0.095 0.507
2005.5164 45.66 12.26 0.101 0.235 1.309 0.112 0.095 0.506
2005.5438 45.66 12.26 0.025 0.233 2.116 0.121 0.104 0.545
2005.5712 45.66 12.26 -0.087 0.188 0.982 0.132 0.113 0.590
2005.5986 45.66 12.26 -0.068 0.452 1.887 0.134 0.116 0.603
2005.6260 45.66 12.26 -0.020 0.338 2.209 0.119 0.103 0.538
2005.6534 45.66 12.26 -0.300 0.233 0.626 0.125 0.109 0.564
2005.6808 45.66 12.26 -0.433 0.321 1.281 0.123 0.107 0.555
2005.7082 45.66 12.26 -0.437 0.187 -0.680 0.148 0.130 0.663
2005.7356 45.66 12.26 -0.350 -0.130 -0.378 0.130 0.114 0.587
2005.7630 45.66 12.26 -0.564 -0.128 -0.025 0.130 0.115 0.590
2005.7904 45.66 12.26 -0.585 -0.472 -0.868 0.123 0.108 0.556
2005.8178 45.66 12.26 -0.592 -0.456 -1.080 0.125 0.111 0.569
2005.8452 45.66 12.26 -0.624 -0.401 0.031 0.135 0.119 0.611
2005.8726 45.66 12.26 -0.294 -0.534 -2.083 0.117 0.103 0.532
2005.9000 45.66 12.26 -0.451 -0.526 -1.162 0.114 0.100 0.521
2005.9274 45.66 12.26 -0.527 0.075 -0.863 0.121 0.102 0.550
2005.9548 45.66 12.26 -0.805 0.501 -1.999 0.118 0.101 0.561
2005.9822 45.66 12.26 -0.368 0.528 -1.658 0.114 0.098 0.523
2006.0096 45.66 12.26 -0.377 0.394 -2.956 0.123 0.107 0.559
2006.0370 45.66 12.26 -0.245 0.374 -2.244 0.154 0.136 0.695
2006.0644 45.66 12.26 -0.173 0.499 -1.349 0.156 0.138 0.707
2006.0918 45.66 12.26 -0.291 0.357 -2.793 0.154 0.138 0.700
2006.1192 45.66 12.26 -0.081 0.926 -2.333 0.174 0.157 0.786
2006.1466 45.66 12.26 -0.296 1.049 -4.180 0.137 0.123 0.626
2006.1740 45.66 12.26 -0.031 0.760 -7.049 0.153 0.139 0.695
2006.2014 45.66 12.26 -0.071 1.093 -5.476 0.120 0.107 0.550
2006.2288 45.66 12.26 0.069 1.099 -5.724 0.154 0.140 0.700
2006.2562 45.66 12.26 0.336 0.447 -5.113 0.144 0.132 0.656
2006.2836 45.66 12.26 0.119 0.863 -4.356 0.141 0.129 0.645
2006.3110 45.66 12.26 0.396 0.935 -1.387 0.150 0.138 0.686
2006.3384 45.66 12.26 0.350 0.756 -2.048 0.136 0.125 0.625
2006.3658 45.66 12.26 0.183 0.802 -0.744 0.151 0.139 0.690
2006.3932 45.66 12.26 0.044 0.567 0.138 0.149 0.137 0.680
2006.4205 45.66 12.26 0.344 0.838 0.422 0.149 0.137 0.684
2006.4479 45.66 12.26 -0.078 0.445 -1.280 0.165 0.148 0.749
2006.4753 45.66 12.26 -0.197 0.108 -0.112 0.166 0.153 0.759
2006.5027 45.66 12.26 -0.041 0.538 1.960 0.172 0.159 0.786
2006.5301 45.66 12.26 -0.477 0.561 1.145 0.203 0.189 0.927
2006.5575 45.66 12.26 -0.080 -0.229 4.862 0.162 0.151 0.744
2006.5849 45.66 12.26 -0.168 0.012 2.752 0.167 0.155 0.765
2006.6123 45.66 12.26 -0.476 -0.068 0.725 0.204 0.192 0.930
2006.6397 45.66 12.26 -0.340 -0.037 1.638 0.174 0.162 0.794
2006.6671 45.66 12.26 0.056 -0.353 0.248 0.159 0.147 0.726
2006.6945 45.66 12.26 -0.103 -0.256 2.024 0.201 0.188 0.918
2006.7219 45.66 12.26 -0.342 -0.456 -0.808 0.190 0.175 0.867
2006.7493 45.66 12.26 -0.428 -0.875 -0.225 0.226 0.209 1.026
2006.7767 45.66 12.26 -0.208 -1.056 3.083 0.196 0.182 0.892
2006.8041 45.66 12.26 -0.196 -0.729 1.467 0.159 0.146 0.725
2006.8315 45.66 12.26 -0.240 -0.626 0.300 0.184 0.170 0.837
2006.8589 45.66 12.26 -0.149 -0.559 2.643 0.179 0.165 0.816
2006.8863 45.66 12.26 0.004 -0.054 0.667 0.172 0.158 0.784
2006.9137 45.66 12.26 -0.101 -0.202 0.677 0.168 0.153 0.764
2006.9411 45.66 12.26 -0.085 -0.116 1.189 0.165 0.150 0.752
2006.9685 45.66 12.26 0.312 0.074 1.423 0.165 0.148 0.750
2006.9959 45.66 12.26 0.297 -0.090 1.599 0.165 0.146 0.746
2007.0233 45.66 12.26 0.123 -0.120 0.552 0.154 0.135 0.697
2007.0507 45.66 12.26 0.388 0.354 -0.421 0.160 0.140 0.724
2007.0781 45.66 12.26 0.364 0.267 -1.078 0.163 0.148 0.742
2007.1055 45.66 12.26 0.325 -0.112 0.134 0.145 0.132 0.666
2007.1329 45.66 12.26 0.261 0.587 -2.350 0.159 0.144 0.723
2007.1603 45.66 12.26 0.187 0.706 -0.648 0.151 0.137 0.689
2007.1877 45.66 12.26 0.201 0.729 0.386 0.193 0.179 0.879
2007.2151 45.66 12.26 0.504 0.357 -0.835 0.172 0.159 0.787
2007.2425 45.66 12.26 0.152 0.761 -0.367 0.166 0.153 0.757
2007.2699 45.66 12.26 0.296 0.674 0.468 0.133 0.121 0.611
2007.2973 45.66 12.26 0.272 0.594 1.437 0.126 0.114 0.578
2007.3247 45.66 12.26 0.184 0.642 2.335 0.153 0.140 0.699
2007.3521 45.66 12.26 0.018 0.354 0.937 0.167 0.154 0.762
2007.3795 45.66 12.26 -0.099 0.290 3.491 0.175 0.162 0.797
2007.4068 45.66 12.26 0.032 0.250 1.564 0.146 0.134 0.670
2007.4342 45.66 12.26 -0.032 0.028 3.328 0.140 0.128 0.643
2007.4616 45.66 12.26 0.179 0.167 1.634 0.182 0.170 0.833
2007.4890 45.66 12.26 0.546 0.002 0.956 0.141 0.128 0.647
2007.5164 45.66 12.26 0.597 -0.570 1.526 0.149 0.136 0.681
2007.5438 45.66 12.26 0.623 -0.773 1.733 0.144 0.132 0.661
2007.5712 45.66 12.26 0.343 -1.005 2.929 0.148 0.135 0.679
2007.5986 45.66 12.26 0.067 -1.127 2.783 0.181 0.167 0.825
2007.6260 45.66 12.26 -0.002 -0.986 3.985 0.148 0.135 0.679
2007.6534 45.66 12.26 0.076 -1.121 4.011 0.151 0.137 0.690
2007.6808 45.66 12.26 0.015 -0.987 4.738 0.159 0.144 0.725
2007.7082 45.66 12.26 0.343 -0.926 4.204 0.119 0.105 0.549
2007.7356 45.66 12.26 0.398 -0.681 4.712 0.163 0.147 0.743
2007.7630 45.66 12.26 -0.035 -0.362 2.036 0.127 0.112 0.584
2007.7904 45.66 12.26 0.078 -0.399 3.457 0.160 0.146 0.731
2007.8178 45.66 12.26 0.170 -0.229 3.368 0.184 0.169 0.836
2007.8452 45.66 12.26 0.429 -0.134 2.192 0.151 0.137 0.689
2007.8726 45.66 12.26 0.344 0.116 0.628 0.175 0.159 0.797
2007.9000 45.66 12.26 0.155 -0.174 -0.410 0.188 0.165 0.842
2007.9274 45.66 12.26 0.459 -0.336 0.172 0.181 0.166 0.826
2007.9548 45.66 12.26 0.378 -0.205 0.125 0.136 0.124 0.627
2007.9822 45.66 12.26 0.337 0.127 -1.670 0.167 0.153 0.764
2008.0096 45.66 12.26 0.387 -0.043 -0.105 0.147 0.135 0.673
2008.0370 45.66 12.26 0.159 -0.051 -1.112 0.151 0.139 0.691
2008.0644 45.66 12.26 0.461 0.317 -1.628 0.173 0.161 0.791
2008.0918 45.66 12.26 0.587 0.194 0.748 0.140 0.128 0.644
2008.1192 45.66 12.26 0.810 0.157 1.299 0.163 0.151 0.747
2008.1466 45.66 12.26 0.889 0.022 0.955 0.189 0.176 0.864
2008.1740 45.66 12.26 0.765 0.545 0.836 0.165 0.154 0.759
2008.2014 45.66 12.26 0.872 0.266 -0.982 0.176 0.165 0.808
2008.2288 45.66 12.26 1.015 0.338 -2.313 0.208 0.191 0.949
2008.2562 45.66 12.26 0.660 0.392 0.860 0.193 0.179 0.882
2008.2836 45.66 12.26 0.458 0.561 -0.241 0.232 0.215 1.057
2008.3110 45.66 12.26 0.550 0.625 0.162 0.239 0.222 1.089
2008.3384 45.66 12.26 0.565 0.496 0.197 0.177 0.164 0.809
2008.3658 45.66 12.26 0.437 0.444 1.026 0.181 0.167 0.828
2008.3932 45.66 12.26 0.236 0.421 0.016 0.166 0.151 0.758
2008.4205 45.66 12.26 0.446 -0.258 -0.678 0.145 0.132 0.664
2008.4479 45.66 12.26 0.200 -0.404 0.361 0.147 0.134 0.671
2008.4753 45.66 12.26 -0.066 -0.455 -0.529 0.143 0.130 0.653
2008.5027 45.66 12.26 -0.063 -0.404 1.473 0.175 0.159 0.795
2008.5301 45.66 12.26 -0.078 -0.699 3.602 0.217 0.197 0.984
2008.5575 45.66 12.26 0.176 -0.437 2.296 0.143 0.127 0.651
2008.5849 45.66 12.26 0.023 -0.679 3.468 0.160 0.145 0.726
2008.6123 45.66 12.26 -0.001 -0.566 3.363 0.135 0.120 0.615
2008.6397 45.66 12.26 -0.056 -0.625 2.432 0.147 0.132 0.670
2008.6671 45.66 12.26 0.086 -0.749 4.558 0.141 0.127 0.645
2008.6945 45.66 12.26 0.050 -0.523 3.532 0.137 0.122 0.624
2008.7219 45.66 12.26 0.059 -0.440 3.146 0.156 0.142 0.712
2008.7493 45.66 12.26 0.282 -0.765 3.173 0.142 0.129 0.648
2008.7767 45.66 12.26 0.346 -0.693 2.990 0.164 0.151 0.748
2008.8041 45.66 12.26 -0.096 -0.630 3.163 0.165 0.152 0.753
2008.8315 45.66 12.26 0.052 -0.430 3.485 0.187 0.172 0.851
2008.8589 45.66 12.26 -0.155 -0.855 1.881 0.217 0.201 0.990
2008.8863 45.66 12.26 0.065 -0.869 0.516 0.209 0.193 0.951
2008.9137 45.66 12.26 -0.156 -0.423 -1.375 0.198 0.184 0.905
2008.9411 45.66 12.26 -0.305 -0.469 -3.450 0.208 0.192 0.950
2008.9685 45.66 12.26 -0.178 -0.516 -1.965 0.195 0.180 0.890
2008.9945 45.66 12.26 0.058 -0.698 -0.707 0.164 0.152 0.754
2009.0205 45.66 12.26 0.343 -0.336 -0.649 0.161 0.150 0.740
2009.0479 45.66 12.26 0.349 -0.567 -1.347 0.162 0.150 0.742
2009.0753 45.66 12.26 -0.012 0.195 -3.467 0.156 0.144 0.715
2009.1027 45.66 12.26 -0.202 0.247 -3.626 0.193 0.180 0.882
2009.1301 45.66 12.26 -0.122 0.933 -3.760 0.154 0.142 0.708
2009.1575 45.66 12.26 0.448 0.337 -0.677 0.157 0.145 0.723
2009.1849 45.66 12.26 0.395 0.383 -1.871 0.179 0.167 0.820
2009.2123 45.66 12.26 0.592 0.448 -1.715 0.156 0.141 0.712
2009.2397 45.66 12.26 0.503 0.536 -3.255 0.175 0.162 0.801
2009.2671 45.66 12.26 0.451 0.246 -2.995 0.147 0.135 0.674
2009.2945 45.66 12.26 0.340 0.356 -3.222 0.150 0.139 0.689
2009.3219 45.66 12.26 0.228 0.262 -2.976 0.157 0.145 0.720
2009.3493 45.66 12.26 -0.012 0.317 -2.055 0.145 0.132 0.663
2009.3767 45.66 12.26 0.257 0.480 1.018 0.152 0.139 0.696
2009.4041 45.66 12.26 0.165 0.038 1.772 0.135 0.122 0.618
2009.4315 45.66 12.26 0.001 -0.555 1.055 0.154 0.141 0.702
2009.4589 45.66 12.26 0.029 -0.309 1.609 0.132 0.118 0.603
2009.4863 45.66 12.26 0.025 -0.035 0.720 0.145 0.130 0.661
2009.5137 45.66 12.26 0.101 -0.270 0.188 0.140 0.123 0.637
2009.5411 45.66 12.26 0.062 -0.347 2.010 0.171 0.153 0.777
2009.5685 45.66 12.26 -0.021 0.047 3.417 0.184 0.165 0.837
2009.5959 45.66 12.26 0.110 -0.208 3.586 0.162 0.144 0.736
2009.6233 45.66 12.26 0.063 -0.463 3.473 0.166 0.150 0.757
2009.6507 45.66 12.26 -0.006 -0.580 3.466 0.160 0.145 0.729
2009.6781 45.66 12.26 0.011 -0.589 1.495 0.171 0.155 0.777
2009.7055 45.66 12.26 0.054 -0.392 3.054 0.176 0.161 0.802
2009.7329 45.66 12.26 -0.276 -0.417 2.135 0.170 0.156 0.776
2009.7603 45.66 12.26 -0.022 -0.296 3.318 0.194 0.178 0.882
2009.7877 45.66 12.26 0.183 -0.666 5.396 0.179 0.164 0.815
2009.8151 45.66 12.26 0.018 -0.464 0.450 0.191 0.176 0.871
2009.8425 45.66 12.26 -0.091 -0.407 1.705 0.174 0.160 0.795
2009.8699 45.66 12.26 -0.425 -0.573 0.748 0.167 0.153 0.761
2009.8973 45.66 12.26 0.101 -0.553 1.255 0.156 0.143 0.713
2009.9247 45.66 12.26 -0.076 -0.075 1.904 0.158 0.141 0.718
2009.9521 45.66 12.26 -0.079 0.116 0.089 0.146 0.133 0.671
2009.9795 45.66 12.26 -0.412 -0.004 -1.085 0.151 0.137 0.690
2010.0068 45.66 12.26 -0.405 0.365 -2.129 0.189 0.174 0.860
2010.0342 45.66 12.26 -0.399 0.483 -4.469 0.148 0.135 0.680
2010.0616 45.66 12.26 -0.213 0.254 -4.090 0.152 0.139 0.696
2010.0890 45.66 12.26 0.001 0.686 -0.769 0.180 0.167 0.822
2010.1164 45.66 12.26 -0.324 0.362 -1.817 0.186 0.172 0.849
2010.1438 45.66 12.26 -0.465 0.463 -3.748 0.180 0.165 0.822
2010.1712 45.66 12.26 -0.698 0.629 -4.051 0.173 0.158 0.787
2010.1986 45.66 12.26 0.074 0.587 -3.121 0.165 0.151 0.755
2010.2260 45.66 12.26 -0.163 0.583 -2.163 0.181 0.165 0.823
2010.2534 45.66 12.26 0.301 0.551 -2.193 0.187 0.170 0.851
2010.2808 45.66 12.26 0.562 0.590 -1.062 0.145 0.131 0.663
2010.3082 45.66 12.26 0.023 0.647 -3.097 0.152 0.137 0.692
2010.3356 45.66 12.26 0.241 0.327 -1.325 0.140 0.124 0.639
2010.3630 45.66 12.26 0.033 0.349 -1.981 0.149 0.132 0.678
2010.3904 45.66 12.26 0.207 0.545 -0.121 0.156 0.131 0.697
2010.4178 45.66 12.26 0.354 0.591 1.808 0.158 0.141 0.719
2010.4452 45.66 12.26 0.197 0.528 0.596 0.140 0.125 0.643
2010.4726 45.66 12.26 -0.178 0.632 -0.272 0.127 0.112 0.584
2010.5000 45.66 12.26 -0.065 0.449 -1.100 0.142 0.127 0.651
2010.5274 45.66 12.26 0.541 -0.612 -0.681 0.215 0.199 0.978
2010.5548 45.66 12.26 -0.185 0.092 2.184 0.140 0.128 0.642
2010.5822 45.66 12.26 -0.130 0.264 0.939 0.127 0.115 0.584
2010.6096 45.66 12.26 0.267 0.061 0.979 0.162 0.149 0.738
2010.6370 45.66 12.26 -0.262 -0.701 -0.272 0.145 0.133 0.665
2010.6644 45.66 12.26 0.034 -0.831 -0.546 0.137 0.125 0.626
2010.6918 45.66 12.26 -0.220 -0.496 1.300 0.162 0.150 0.741
2010.7192 45.66 12.26 -0.263 -0.459 2.059 0.151 0.140 0.692
2010.7466 45.66 12.26 -0.463 -0.124 1.150 0.174 0.162 0.795
2010.7740 45.66 12.26 -0.309 -0.577 1.396 0.144 0.132 0.663
2010.8014 45.66 12.26 -0.357 -0.164 -0.615 0.137 0.126 0.630
2010.8288 45.66 12.26 -0.398 -0.244 0.508 0.155 0.144 0.710
2010.8562 45.66 12.26 -0.175 -0.323 -1.695 0.153 0.141 0.699
2010.8836 45.66 12.26 -0.383 -0.118 -2.501 0.143 0.131 0.656
2010.9110 45.66 12.26 -0.635 -0.034 -4.196 0.155 0.143 0.709
2010.9384 45.66 12.26 -0.480 0.064 -7.817 0.161 0.148 0.734
2010.9658 45.66 12.26 -0.240 0.180 -5.174 0.176 0.162 0.802
2010.9932 45.66 12.26 -0.371 0.740 -7.961 0.160 0.109 0.673
2011.1027 45.66 12.26 0.222 0.371 -2.632 0.153 0.127 0.687
2011.1301 45.66 12.26 0.329 1.075 -4.995 0.211 0.194 0.957
2011.1575 45.66 12.26 -0.106 0.675 -3.744 0.145 0.130 0.661
2011.1849 45.66 12.26 0.110 0.861 -0.789 0.118 0.104 0.543
2011.2123 45.66 12.26 -0.060 0.494 -1.434 0.179 0.165 0.817
2011.2397 45.66 12.26 0.547 0.603 -1.598 0.186 0.172 0.845
2011.2671 45.66 12.26 0.336 0.469 1.219 0.152 0.140 0.696
2011.2945 45.66 12.26 0.195 0.965 1.423 0.175 0.162 0.797
2011.3219 45.66 12.26 0.074 0.759 0.739 0.164 0.152 0.750
2011.3493 45.66 12.26 -0.154 0.849 1.720 0.149 0.137 0.682
2011.3767 45.66 12.26 -0.270 1.052 2.153 0.172 0.159 0.785
2011.4041 45.66 12.26 -0.176 0.665 0.960 0.154 0.141 0.703
2011.4315 45.66 12.26 -0.318 0.683 1.078 0.166 0.138 0.735
2011.5137 45.66 12.26 0.002 -0.025 -0.201 0.147 0.129 0.667
2011.5411 45.66 12.26 -0.007 -0.081 0.898 0.151 0.138 0.692
2011.5685 45.66 12.26 -0.146 -0.262 0.270 0.149 0.135 0.682
2011.5959 45.66 12.26 -0.222 -0.255 0.148 0.159 0.144 0.723
2011.6233 45.66 12.26 -0.188 -0.535 0.299 0.160 0.144 0.728
2011.6507 45.66 12.26 -0.134 -0.502 3.030 0.185 0.169 0.839
2011.6781 45.66 12.26 -0.001 -0.698 3.930 0.171 0.157 0.780
2011.7055 45.66 12.26 -0.051 -0.844 3.818 0.171 0.158 0.779
2011.7329 45.66 12.26 -0.024 -0.701 2.170 0.196 0.182 0.891
2011.7603 45.66 12.26 -0.213 -0.245 3.172 0.169 0.157 0.772
2011.7877 45.66 12.26 0.060 -0.261 3.921 0.179 0.167 0.817
2011.8151 45.66 12.26 -0.108 -0.628 1.958 0.177 0.163 0.804
2011.8425 45.66 12.26 -0.282 -0.547 1.400 0.190 0.176 0.862
2011.8699 45.66 12.26 -0.312 -0.389 3.709 0.188 0.166 0.842
2011.9521 45.66 12.26 0.009 -0.672 -0.393 0.138 0.102 0.597
2011.9795 45.66 12.26 -0.206 -0.290 1.399 0.156 0.139 0.703
2012.0068 45.66 12.26 0.261 -0.551 1.717 0.146 0.128 0.657
2012.0342 45.66 12.26 0.362 0.374 0.166 0.174 0.152 0.774
2012.0616 45.66 12.26 0.491 -0.075 1.201 0.153 0.132 0.682
2012.0890 45.66 12.26 0.422 0.093 1.371 0.152 0.129 0.674
2012.1164 45.66 12.26 0.452 0.352 0.917 0.150 0.126 0.663
2012.1438 45.66 12.26 0.435 0.325 1.375 0.155 0.129 0.684
2012.1712 45.66 12.26 0.478 0.870 1.511 0.151 0.123 0.660
2012.1986 45.66 12.26 0.556 0.430 0.202 0.137 0.110 0.600
2012.2260 45.66 12.26 0.613 0.609 -0.019 0.139 0.112 0.605
2012.2534 45.66 12.26 0.360 0.420 3.550 0.135 0.108 0.588
2012.2808 45.66 12.26 0.276 0.814 2.673 0.126 0.100 0.549
2012.3082 45.66 12.26 0.339 0.639 1.785 0.163 0.110 0.681
2012.3904 45.66 12.26 -0.046 0.646 -0.591 0.161 0.125 0.699
2012.4178 45.66 12.26 -0.136 0.429 2.186 0.116 0.092 0.508
2012.4452 45.66 12.26 0.001 0.345 0.879 0.115 0.091 0.505
2012.4726 45.66 12.26 0.180 -0.185 1.688 0.124 0.098 0.540
2012.5000 45.66 12.26 0.091 -0.288 3.595 0.119 0.093 0.519
2012.5274 45.66 12.26 0.131 -0.690 3.498 0.125 0.100 0.546
2012.5548 45.66 12.26 0.196 -0.451 4.952 0.125 0.100 0.545
2012.5822 45.66 12.26 -0.054 -0.541 4.313 0.131 0.106 0.574
2012.6096 45.66 12.26 -0.232 -0.398 5.740 0.129 0.106 0.566
2012.6370 45.66 12.26 -0.336 -0.829 5.757 0.119 0.098 0.527
2012.6644 45.66 12.26 -0.305 -0.563 7.381 0.129 0.108 0.572
2012.6918 45.66 12.26 -0.129 -0.670 4.492 0.132 0.113 0.587
2012.7192 45.66 12.26 -0.331 -0.780 4.167 0.156 0.138 0.696
2012.7466 45.66 12.26 -0.274 -0.694 3.127 0.128 0.091 0.548
2012.8562 45.66 12.26 -0.733 -0.681 0.169 0.164 0.144 0.731
2012.8836 45.66 12.26 -0.177 -0.877 1.975 0.150 0.138 0.683
2012.9110 45.66 12.26 -0.285 -0.740 -0.035 0.143 0.131 0.651
2012.9384 45.66 12.26 -0.351 -0.718 -0.476 0.141 0.127 0.641
2012.9658 45.66 12.26 -0.290 -0.697 -1.313 0.152 0.141 0.696
2012.9918 45.66 12.26 -0.144 -0.611 -3.290 0.078 0.070 0.366
2013.0178 45.66 12.26 0.081 -0.159 -0.816 0.090 0.082 0.421
2013.0452 45.66 12.26 0.055 0.025 -2.924 0.090 0.082 0.420
2013.0726 45.66 12.26 -0.330 0.022 -2.926 0.084 0.076 0.391
2013.1000 45.66 12.26 0.008 0.423 -2.347 0.086 0.078 0.400
2013.1274 45.66 12.26 0.122 0.544 -2.044 0.080 0.072 0.376
2013.1548 45.66 12.26 0.030 0.393 -1.623 0.079 0.065 0.363
2013.2644 45.66 12.26 0.048 0.978 -3.662 0.101 0.053 0.402
2013.2918 45.66 12.26 0.432 0.878 -3.995 0.082 0.074 0.384
2013.3192 45.66 12.26 0.222 0.364 -3.203 0.090 0.082 0.419
2013.3466 45.66 12.26 0.039 0.561 -1.840 0.092 0.085 0.429
2013.3740 45.66 12.26 -0.072 0.258 -2.181 0.079 0.073 0.375
2013.4014 45.66 12.26 -0.153 0.264 -3.418 0.082 0.075 0.385
2013.4288 45.66 12.26 0.172 0.329 -3.496 0.073 0.066 0.347
2013.4562 45.66 12.26 0.123 0.049 -0.495 0.075 0.067 0.353
2013.4836 45.66 12.26 -0.329 0.341 1.514 0.076 0.069 0.359
2013.5110 45.66 12.26 -0.071 -0.225 0.794 0.085 0.077 0.397
2013.5384 45.66 12.26 -0.141 -0.081 2.570 0.085 0.075 0.395
2013.5658 45.66 12.26 -0.380 0.263 1.423 0.087 0.079 0.408
2013.7575 45.66 12.26 -0.814 -0.471 1.527 0.085 0.075 0.396
2013.7849 45.66 12.26 -0.425 -0.646 1.789 0.087 0.078 0.404
2013.8123 45.66 12.26 -0.434 -0.595 3.334 0.080 0.071 0.373
2013.8397 45.66 12.26 0.002 -0.449 0.883 0.081 0.072 0.377
2013.8671 45.66 12.26 -0.311 -0.377 1.096 0.087 0.077 0.402
2013.8945 45.66 12.26 -0.486 -0.308 -0.257 0.080 0.072 0.375
2013.9219 45.66 12.26 -0.078 -0.406 -0.099 0.072 0.064 0.342
2013.9493 45.66 12.26 0.074 -0.152 1.767 0.076 0.068 0.359
2013.9767 45.66 12.26 -0.091 -0.380 3.312 0.078 0.069 0.365
2014.0041 45.66 12.26 -0.156 0.041 -1.008 0.075 0.067 0.353
2014.0315 45.66 12.26 -0.180 -0.138 -0.369 0.078 0.069 0.364
2014.1685 45.66 12.26 -0.105 0.657 -4.664 0.082 0.073 0.385
2014.1959 45.66 12.26 0.019 0.161 -2.613 0.082 0.074 0.384
2014.2233 45.66 12.26 0.185 0.539 -3.681 0.078 0.070 0.367
2014.2507 45.66 12.26 -0.116 0.096 -2.775 0.072 0.064 0.340
2014.2781 45.66 12.26 -0.125 1.045 -0.948 0.076 0.068 0.357
2014.3055 45.66 12.26 -0.161 0.631 -2.696 0.073 0.065 0.345
2014.3329 45.66 12.26 -0.271 0.302 -0.961 0.061 0.054 0.292
2014.3603 45.66 12.26 -0.111 0.647 -0.946 0.068 0.061 0.324
2014.3877 45.66 12.26 -0.094 0.598 -0.241 0.068 0.061 0.325
2014.4151 45.66 12.26 -0.124 0.334 1.294 0.068 0.061 0.324
2014.4425 45.66 12.26 -0.207 0.531 0.101 0.072 0.064 0.341
2014.4699 45.66 12.26 -0.689 0.709 -0.129 0.072 0.064 0.340
2014.5795 45.66 12.26 -0.588 -0.049 -1.791 0.067 0.053 0.314
2014.6068 45.66 12.26 -0.467 -0.101 0.933 0.064 0.056 0.306
2014.6342 45.66 12.26 -0.386 -0.376 1.356 0.059 0.051 0.284
2014.6616 45.66 12.26 -0.155 -0.348 -0.788 0.065 0.057 0.309
2014.6890 45.66 12.26 -0.565 -0.212 -1.422 0.063 0.056 0.302
2014.7164 45.66 12.26 -0.576 -0.087 -0.257 0.062 0.055 0.296
2014.7438 45.66 12.26 -0.230 -0.502 -0.121 0.067 0.059 0.317
2014.7712 45.66 12.26 -0.204 -0.775 0.371 0.066 0.058 0.314
2014.7986 45.66 12.26 -0.378 0.059 -2.497 0.059 0.052 0.286
2014.8260 45.66 12.26 -0.234 -0.272 0.847 0.059 0.051 0.285
2014.8534 45.66 12.26 -0.370 -0.475 -1.055 0.063 0.054 0.299
2014.8808 45.66 12.26 -0.257 -0.176 -3.697 0.063 0.054 0.299
2014.9082 45.66 12.26 -0.471 -0.235 -2.983 0.064 0.055 0.304
2015.0452 45.66 12.26 0.121 0.313 -3.714 0.050 0.040 0.241
2015.0726 45.66 12.26 0.083 0.498 -2.797 0.054 0.043 0.254
2015.1000 45.66 12.26 -0.257 0.840 -4.744 0.048 0.039 0.235
2015.1274 45.66 12.26 0.022 0.431 -2.767 0.045 0.036 0.222
2015.1548 45.66 12.26 0.232 0.842 -1.035 0.052 0.042 0.247
2015.1822 45.66 12.26 0.074 0.553 -3.717 0.049 0.040 0.236
2015.2096 45.66 12.26 -0.270 0.270 -3.966 0.064 0.052 0.297
2015.2370 45.66 12.26 -0.283 0.495 -2.217 0.068 0.058 0.318
2015.2644 45.66 12.26 0.038 0.814 -2.011 0.060 0.052 0.287
2015.2918 45.66 12.26 0.376 0.759 -0.603 0.061 0.052 0.290
2015.3192 45.66 12.26 0.334 0.278 0.380 0.058 0.051 0.281
2015.3466 45.66 12.26 0.028 1.124 -2.025 0.063 0.055 0.300
2015.4836 45.66 12.26 -0.533 0.886 0.530 0.061 0.047 0.286
2015.5110 45.66 12.26 -0.160 0.337 -0.532 0.058 0.047 0.275
2015.5384 45.66 12.26 -0.152 0.043 2.072 0.063 0.053 0.298
2015.5658 45.66 12.26 -0.403 0.018 0.700 0.062 0.054 0.297
2015.5932 45.66 12.26 -0.208 -0.149 3.092 0.065 0.056 0.306
2015.6205 45.66 12.26 -0.622 -0.290 4.105 0.063 0.054 0.298
2015.6479 45.66 12.26 -0.729 -0.072 4.408 0.061 0.053 0.290
2015.6753 45.66 12.26 -0.704 -0.350 3.871 0.059 0.050 0.282
2015.7027 45.66 12.26 -0.577 -0.195 1.068 0.064 0.055 0.302
2015.7301 45.66 12.26 -0.721 -0.529 -2.622 0.064 0.055 0.303
2015.9493 45.66 12.26 -0.293 0.338 1.863 0.062 0.055 0.297
2015.9767 45.66 12.26 -0.235 -0.078 -0.738 0.064 0.057 0.305
2016.0041 45.66 12.26 -0.198 0.027 2.331 0.058 0.051 0.281
2016.0315 45.66 12.26 -0.534 -0.054 0.759 0.056 0.049 0.269
2016.0589 45.66 12.26 -0.301 0.619 -0.483 0.057 0.050 0.275
2016.0863 45.66 12.26 0.058 1.146 0.391 0.052 0.045 0.255
2016.1137 45.66 12.26 -0.114 1.099 0.573 0.058 0.051 0.279
2016.1411 45.66 12.26 -0.166 0.724 -2.731 0.068 0.060 0.320
2016.1685 45.66 12.26 -0.330 0.246 -2.618 0.073 0.065 0.340
2016.1959 45.66 12.26 -0.413 1.278 -4.401 0.071 0.065 0.337
2016.2233 45.66 12.26 0.180 0.865 -2.921 0.072 0.066 0.341
2016.2507 45.66 12.26 0.208 1.257 -1.562 0.061 0.053 0.292
2016.3603 45.66 12.26 0.082 0.728 -0.763 0.056 0.050 0.272
2016.3877 45.66 12.26 0.146 1.009 -1.756 0.066 0.058 0.311
2016.4151 45.66 12.26 0.054 0.599 -2.781 0.065 0.057 0.306
2016.4425 45.66 12.26 -0.053 0.425 -5.677 0.069 0.061 0.324
2016.4699 45.66 12.26 0.127 0.584 -5.167 0.067 0.060 0.318
