2002.5877 48.45 35.06 -0.229 -0.239 5.037 0.116 0.103 0.539
2002.6151 48.45 35.06 -0.403 -0.628 1.005 0.111 0.100 0.515
2002.6425 48.45 35.06 -0.454 -0.393 3.096 0.113 0.101 0.525
2002.6699 48.45 35.06 -0.495 -0.283 5.681 0.098 0.087 0.460
2002.6973 48.45 35.06 -0.505 -0.439 7.229 0.174 0.093 0.675
2002.7247 48.45 35.06 -0.150 -0.282 4.745 0.105 0.095 0.488
2002.7521 48.45 35.06 -0.140 -0.431 3.746 0.097 0.088 0.456
2002.7795 48.45 35.06 -0.179 -0.658 3.489 0.113 0.102 0.527
2002.8068 48.45 35.06 -0.144 -0.893 1.979 0.101 0.091 0.470
2002.8342 48.45 35.06 -0.139 -0.718 -0.110 0.099 0.090 0.464
2002.8616 48.45 35.06 -0.085 -0.793 0.386 0.104 0.084 0.470
2002.8890 48.45 35.06 -0.127 -0.713 -1.146 0.101 0.090 0.469
2002.9164 48.45 35.06 -0.300 -0.951 -0.504 0.108 0.096 0.503
2003.0260 48.45 35.06 -0.075 -0.291 -2.425 0.123 0.109 0.570
2003.0534 48.45 35.06 -0.507 0.659 -6.059 0.198 0.179 0.900
2003.0808 48.45 35.06 0.302 -0.249 -1.853 0.178 0.154 0.809
2003.1082 48.45 35.06 -0.465 -0.071 -2.742 0.104 0.090 0.486
2003.1356 48.45 35.06 -0.099 -0.006 -4.553 0.097 0.084 0.454
2003.1630 48.45 35.06 -0.019 0.047 -3.890 0.102 0.090 0.478
2003.1904 48.45 35.06 0.122 0.060 -5.234 0.120 0.103 0.556
2003.2178 48.45 35.06 0.124 0.427 -3.177 0.101 0.088 0.471
2003.2452 48.45 35.06 0.173 0.408 -2.727 0.098 0.087 0.460
2003.2726 48.45 35.06 0.475 0.493 -3.558 0.096 0.085 0.449
2003.3000 48.45 35.06 0.425 0.595 -1.749 0.093 0.083 0.439
2003.3274 48.45 35.06 0.065 0.517 -1.853 0.122 0.108 0.563
2003.3548 48.45 35.06 0.083 0.706 -2.906 0.132 0.119 0.609
2003.3822 48.45 35.06 0.208 0.950 -1.017 0.122 0.108 0.566
2003.5192 48.45 35.06 0.190 0.072 -1.957 0.125 0.115 0.580
2003.5466 48.45 35.06 -0.149 0.062 0.227 0.138 0.127 0.635
2003.5740 48.45 35.06 -0.280 -0.190 0.039 0.160 0.148 0.733
2003.6014 48.45 35.06 -0.027 -0.076 2.077 0.138 0.127 0.636
2003.6288 48.45 35.06 -0.189 -0.622 4.674 0.132 0.120 0.607
2003.6562 48.45 35.06 -0.176 -0.123 3.203 0.141 0.129 0.647
2003.6836 48.45 35.06 -0.145 -0.115 3.965 0.139 0.127 0.636
2003.7110 48.45 35.06 -0.049 0.121 5.084 0.110 0.099 0.509
2003.7384 48.45 35.06 0.017 -0.032 7.129 0.132 0.120 0.606
2003.7658 48.45 35.06 0.037 -0.167 4.004 0.122 0.110 0.560
2003.7932 48.45 35.06 0.053 -0.029 3.617 0.135 0.123 0.620
2003.8205 48.45 35.06 -0.074 -0.237 1.976 0.147 0.130 0.665
2003.8479 48.45 35.06 -0.302 -0.186 2.065 0.131 0.113 0.591
2003.8753 48.45 35.06 -0.247 0.032 1.783 0.136 0.122 0.617
2003.9027 48.45 35.06 -0.253 0.043 1.220 0.125 0.110 0.571
2003.9301 48.45 35.06 -0.477 -0.041 -0.410 0.130 0.114 0.589
2003.9575 48.45 35.06 -0.027 -0.151 -1.276 0.145 0.129 0.653
2003.9849 48.45 35.06 -0.192 -0.103 -1.876 0.138 0.121 0.621
2004.0123 48.45 35.06 -0.066 0.512 -2.631 0.148 0.130 0.665
2004.0397 48.45 35.06 -0.107 0.115 -1.477 0.127 0.111 0.583
2004.0945 48.45 35.06 -0.193 0.285 -4.229 0.119 0.103 0.544
2004.1219 48.45 35.06 -0.149 0.540 -6.728 0.126 0.108 0.564
2004.1493 48.45 35.06 -0.143 0.908 -3.733 0.148 0.126 0.657
2004.1767 48.45 35.06 -0.134 0.572 -4.264 0.157 0.134 0.693
2004.2041 48.45 35.06 0.054 0.791 -5.367 0.129 0.109 0.575
2004.2315 48.45 35.06 0.014 1.002 -5.630 0.132 0.111 0.583
2004.2589 48.45 35.06 0.009 0.994 -7.057 0.136 0.114 0.602
2004.2863 48.45 35.06 -0.065 0.880 -7.313 0.137 0.114 0.604
2004.3137 48.45 35.06 0.043 1.030 -7.626 0.130 0.108 0.576
2004.3411 48.45 35.06 0.385 1.302 -6.397 0.143 0.118 0.626
2004.3685 48.45 35.06 -0.178 0.721 -5.868 0.138 0.115 0.611
2004.3959 48.45 35.06 -0.059 0.934 -6.709 0.121 0.102 0.544
2004.4233 48.45 35.06 0.034 0.180 -6.946 0.117 0.098 0.524
2004.4507 48.45 35.06 -0.221 0.365 -4.168 0.104 0.087 0.467
2004.4781 48.45 35.06 -0.196 0.206 -4.030 0.114 0.095 0.509
2004.5055 48.45 35.06 -0.151 0.153 -3.617 0.111 0.093 0.498
2004.5329 48.45 35.06 -0.247 0.175 -3.478 0.106 0.088 0.475
2004.5603 48.45 35.06 -0.282 0.442 -3.319 0.109 0.090 0.485
2004.5877 48.45 35.06 -0.438 0.089 -0.545 0.110 0.091 0.492
2004.6151 48.45 35.06 -0.632 -0.092 -2.109 0.121 0.101 0.539
2004.6425 48.45 35.06 -0.392 0.087 -0.932 0.103 0.087 0.467
2004.6699 48.45 35.06 -0.465 0.193 -0.662 0.103 0.087 0.469
2004.6973 48.45 35.06 -0.304 0.187 -0.551 0.097 0.082 0.444
2004.7247 48.45 35.06 -0.131 0.100 -1.270 0.111 0.093 0.500
2004.7521 48.45 35.06 -0.146 -0.113 0.221 0.106 0.090 0.484
2004.7795 48.45 35.06 0.064 0.097 0.022 0.104 0.087 0.469
2004.8068 48.45 35.06 0.035 0.083 -1.829 0.115 0.095 0.513
2004.8342 48.45 35.06 0.034 0.078 -2.038 0.113 0.094 0.506
2004.8616 48.45 35.06 -0.053 0.020 -1.782 0.100 0.085 0.456
2004.8890 48.45 35.06 0.067 -0.465 -3.303 0.100 0.084 0.455
2004.9164 48.45 35.06 -0.036 -0.109 -4.119 0.109 0.091 0.489
2004.9438 48.45 35.06 -0.233 -0.026 -4.746 0.120 0.103 0.546
2004.9712 48.45 35.06 -0.061 0.096 -4.163 0.109 0.090 0.486
2004.9973 48.45 35.06 0.075 0.279 -3.709 0.106 0.089 0.477
2005.0233 48.45 35.06 0.131 0.280 -2.299 0.121 0.101 0.537
2005.0507 48.45 35.06 0.330 0.579 -3.887 0.175 0.146 0.762
2005.0781 48.45 35.06 0.087 0.580 -6.884 0.134 0.112 0.592
2005.1055 48.45 35.06 0.152 0.737 -7.264 0.133 0.112 0.590
2005.1329 48.45 35.06 0.207 0.854 -6.091 0.136 0.115 0.604
2005.1603 48.45 35.06 0.075 0.968 -9.745 0.123 0.104 0.548
2005.1877 48.45 35.06 -0.074 0.778 -9.637 0.124 0.104 0.554
2005.2151 48.45 35.06 0.255 0.803 -10.673 0.117 0.099 0.529
2005.2425 48.45 35.06 -0.044 0.659 -10.318 0.113 0.096 0.509
2005.2699 48.45 35.06 0.051 0.643 -8.203 0.120 0.102 0.539
2005.2973 48.45 35.06 -0.073 0.626 -8.827 0.127 0.108 0.567
2005.3247 48.45 35.06 -0.040 0.785 -9.392 0.133 0.114 0.596
2005.3521 48.45 35.06 -0.291 0.887 -9.658 0.059 0.051 0.294
2005.3795 48.45 35.06 -0.215 0.711 -8.333 0.125 0.107 0.563
2005.4068 48.45 35.06 -0.274 0.709 -7.117 0.115 0.099 0.521
2005.4342 48.45 35.06 -0.266 0.501 -4.960 0.132 0.114 0.596
2005.4616 48.45 35.06 -0.315 0.385 -6.034 0.119 0.103 0.541
2005.4890 48.45 35.06 -0.336 0.680 -6.327 0.113 0.098 0.514
2005.5164 48.45 35.06 -0.262 0.785 -5.374 0.113 0.098 0.514
2005.5438 48.45 35.06 -0.586 0.473 -3.408 0.122 0.106 0.552
2005.5712 48.45 35.06 -0.664 0.162 -4.697 0.133 0.115 0.597
2005.5986 48.45 35.06 -0.483 0.095 -2.823 0.135 0.118 0.610
2005.6260 48.45 35.06 -0.335 0.047 -3.022 0.120 0.105 0.545
2005.6534 48.45 35.06 -0.303 0.186 -1.427 0.126 0.110 0.571
2005.6808 48.45 35.06 -0.269 -0.265 -2.566 0.124 0.109 0.562
2005.7082 48.45 35.06 -0.453 -0.434 -2.216 0.149 0.132 0.670
2005.7356 48.45 35.06 -0.453 -0.363 0.165 0.131 0.116 0.594
2005.7630 48.45 35.06 -0.506 -0.611 0.630 0.131 0.117 0.596
2005.7904 48.45 35.06 -0.489 -0.525 0.604 0.123 0.109 0.563
2005.8178 48.45 35.06 -0.342 -0.375 -0.197 0.126 0.113 0.576
2005.8452 48.45 35.06 -0.300 -0.219 -0.596 0.136 0.121 0.617
2005.8726 48.45 35.06 -0.448 -0.284 -1.599 0.118 0.105 0.538
2005.9000 48.45 35.06 -0.426 0.018 -2.211 0.115 0.102 0.528
2005.9274 48.45 35.06 -0.692 0.050 -2.899 0.122 0.105 0.560
2005.9548 48.45 35.06 -0.527 0.157 -4.435 0.119 0.103 0.567
2005.9822 48.45 35.06 -0.473 0.345 -6.232 0.115 0.100 0.531
2006.0096 48.45 35.06 -0.273 0.143 -5.625 0.124 0.109 0.567
2006.0370 48.45 35.06 -0.185 0.260 -5.008 0.155 0.138 0.702
2006.0644 48.45 35.06 -0.169 0.407 -5.003 0.157 0.140 0.715
2006.0918 48.45 35.06 0.141 0.062 -5.967 0.155 0.140 0.707
2006.1192 48.45 35.06 -0.148 0.478 -6.749 0.175 0.159 0.793
2006.1466 48.45 35.06 0.024 0.320 -6.355 0.138 0.125 0.632
2006.1740 48.45 35.06 -0.352 -0.105 -7.694 0.154 0.141 0.701
2006.2014 48.45 35.06 -0.267 0.227 -9.331 0.121 0.109 0.555
2006.2288 48.45 35.06 -0.276 0.176 -9.603 0.154 0.142 0.705
2006.2562 48.45 35.06 -0.214 0.274 -7.305 0.145 0.133 0.662
2006.2836 48.45 35.06 -0.386 0.253 -9.165 0.142 0.131 0.650
2006.3110 48.45 35.06 -0.432 0.517 -8.310 0.151 0.139 0.692
2006.3384 48.45 35.06 -0.443 0.535 -8.595 0.137 0.127 0.629
2006.3658 48.45 35.06 -0.339 0.691 -7.208 0.151 0.141 0.695
2006.3932 48.45 35.06 -0.215 0.354 -6.610 0.149 0.138 0.685
2006.4205 48.45 35.06 -0.270 0.477 -7.290 0.150 0.139 0.689
2006.4479 48.45 35.06 -0.165 0.486 -6.775 0.166 0.150 0.756
2006.4753 48.45 35.06 -0.492 0.073 -6.861 0.167 0.155 0.766
2006.5027 48.45 35.06 -0.863 0.141 -5.695 0.173 0.161 0.792
2006.5301 48.45 35.06 -0.748 0.425 -6.467 0.204 0.191 0.933
2006.5575 48.45 35.06 -0.687 0.295 -3.087 0.163 0.152 0.750
2006.5849 48.45 35.06 -0.616 0.028 -3.016 0.168 0.156 0.770
2006.6123 48.45 35.06 -0.339 -0.270 -2.859 0.205 0.193 0.936
2006.6397 48.45 35.06 -0.471 -0.310 -1.194 0.174 0.164 0.800
2006.6671 48.45 35.06 -0.243 -0.641 0.518 0.159 0.148 0.732
2006.6945 48.45 35.06 0.026 -0.083 -0.391 0.202 0.190 0.924
2006.7219 48.45 35.06 0.158 -0.340 -0.641 0.191 0.177 0.873
2006.7493 48.45 35.06 0.073 -0.660 -1.043 0.227 0.212 1.034
2006.7767 48.45 35.06 0.149 -0.149 1.334 0.197 0.184 0.898
2006.8041 48.45 35.06 0.080 0.044 1.950 0.159 0.148 0.730
2006.8315 48.45 35.06 0.292 0.295 0.578 0.184 0.172 0.843
2006.8589 48.45 35.06 0.088 0.445 -0.348 0.180 0.167 0.822
2006.8863 48.45 35.06 0.112 0.262 -2.099 0.173 0.160 0.790
2006.9137 48.45 35.06 0.204 0.459 -3.544 0.168 0.155 0.770
2006.9411 48.45 35.06 0.252 0.060 -1.783 0.166 0.152 0.758
2006.9685 48.45 35.06 0.508 0.416 -2.771 0.166 0.150 0.757
2006.9959 48.45 35.06 0.548 0.276 -2.353 0.166 0.148 0.754
2007.0233 48.45 35.06 0.662 0.311 -3.751 0.155 0.137 0.705
2007.0507 48.45 35.06 0.599 0.071 -4.866 0.161 0.143 0.732
2007.0781 48.45 35.06 0.538 0.233 -7.181 0.163 0.150 0.748
2007.1055 48.45 35.06 0.892 0.616 -6.409 0.146 0.133 0.672
2007.1329 48.45 35.06 0.887 0.244 -6.205 0.159 0.145 0.730
2007.1603 48.45 35.06 0.682 0.644 -6.587 0.151 0.139 0.695
2007.1877 48.45 35.06 0.713 -0.015 -9.894 0.194 0.181 0.885
2007.2151 48.45 35.06 0.678 0.814 -5.285 0.173 0.161 0.792
2007.2425 48.45 35.06 0.480 0.846 -6.517 0.166 0.155 0.762
2007.2699 48.45 35.06 0.545 0.991 -4.198 0.134 0.122 0.617
2007.2973 48.45 35.06 0.434 1.368 -6.748 0.126 0.115 0.583
2007.3247 48.45 35.06 0.435 1.139 -6.503 0.153 0.142 0.704
2007.3521 48.45 35.06 0.393 1.164 -6.973 0.167 0.156 0.767
2007.3795 48.45 35.06 0.565 1.127 -4.166 0.175 0.164 0.803
2007.4068 48.45 35.06 0.317 0.911 -3.195 0.147 0.136 0.676
2007.4342 48.45 35.06 0.399 0.829 -3.165 0.141 0.130 0.648
2007.4616 48.45 35.06 0.080 0.716 -3.075 0.183 0.171 0.838
2007.4890 48.45 35.06 -0.000 0.564 -2.824 0.142 0.130 0.653
2007.5164 48.45 35.06 0.116 0.448 -2.471 0.149 0.138 0.686
2007.5438 48.45 35.06 0.192 0.602 -0.555 0.145 0.133 0.667
2007.5712 48.45 35.06 0.150 0.407 1.785 0.149 0.137 0.685
2007.5986 48.45 35.06 0.293 0.446 1.185 0.182 0.168 0.831
2007.6260 48.45 35.06 0.223 0.035 2.676 0.149 0.137 0.685
2007.6534 48.45 35.06 0.301 0.189 3.569 0.152 0.139 0.695
2007.6808 48.45 35.06 0.094 0.056 3.849 0.160 0.146 0.731
2007.7082 48.45 35.06 0.394 0.051 4.484 0.120 0.107 0.555
2007.7356 48.45 35.06 0.633 0.085 4.681 0.164 0.149 0.750
2007.7630 48.45 35.06 0.459 0.039 3.627 0.128 0.114 0.590
2007.7904 48.45 35.06 0.564 0.144 3.604 0.161 0.148 0.737
2007.8178 48.45 35.06 0.620 0.116 2.796 0.184 0.171 0.842
2007.8452 48.45 35.06 0.542 -0.064 3.501 0.151 0.138 0.695
2007.8726 48.45 35.06 0.366 0.092 -1.182 0.176 0.161 0.804
2007.9000 48.45 35.06 0.266 -0.411 0.349 0.189 0.167 0.850
2007.9274 48.45 35.06 0.367 0.159 0.552 0.182 0.168 0.832
2007.9548 48.45 35.06 0.128 -0.061 -0.360 0.137 0.126 0.633
2007.9822 48.45 35.06 0.008 -0.094 -1.003 0.168 0.155 0.770
2008.0096 48.45 35.06 0.411 -0.024 -0.581 0.147 0.136 0.679
2008.0370 48.45 35.06 0.298 -0.213 -0.343 0.151 0.141 0.696
2008.0644 48.45 35.06 0.629 0.137 -0.111 0.173 0.163 0.796
2008.0918 48.45 35.06 0.697 0.039 -1.664 0.141 0.129 0.649
2008.1192 48.45 35.06 0.875 0.107 -1.929 0.163 0.153 0.752
2008.1466 48.45 35.06 0.835 0.266 -1.685 0.189 0.178 0.869
2008.1740 48.45 35.06 0.897 0.423 -1.975 0.166 0.155 0.764
2008.2014 48.45 35.06 0.429 0.515 -2.281 0.177 0.167 0.813
2008.2288 48.45 35.06 0.478 0.830 -3.154 0.208 0.193 0.956
2008.2562 48.45 35.06 0.560 0.706 -2.097 0.194 0.181 0.888
2008.2836 48.45 35.06 0.258 0.633 -4.006 0.233 0.217 1.064
2008.3110 48.45 35.06 0.308 0.334 -3.040 0.240 0.224 1.095
2008.3384 48.45 35.06 0.351 0.553 -2.690 0.178 0.166 0.815
2008.3658 48.45 35.06 0.290 0.418 -1.025 0.182 0.169 0.834
2008.3932 48.45 35.06 0.479 0.130 -1.436 0.167 0.153 0.764
2008.4205 48.45 35.06 -0.006 0.448 -1.093 0.146 0.133 0.670
2008.4479 48.45 35.06 0.402 0.361 0.615 0.148 0.136 0.677
2008.4753 48.45 35.06 0.027 0.122 1.177 0.144 0.131 0.659
2008.5027 48.45 35.06 0.133 0.191 0.382 0.176 0.160 0.801
2008.5301 48.45 35.06 0.247 0.544 1.995 0.218 0.200 0.992
2008.5575 48.45 35.06 0.100 0.153 1.543 0.144 0.129 0.658
2008.5849 48.45 35.06 0.084 0.376 2.300 0.160 0.147 0.732
2008.6123 48.45 35.06 0.088 0.049 3.712 0.136 0.122 0.621
2008.6397 48.45 35.06 -0.010 -0.087 4.300 0.148 0.134 0.676
2008.6671 48.45 35.06 0.111 0.016 5.930 0.142 0.129 0.651
2008.6945 48.45 35.06 0.214 -0.138 5.257 0.138 0.124 0.631
2008.7219 48.45 35.06 0.246 -0.351 5.807 0.157 0.144 0.718
2008.7493 48.45 35.06 -0.046 -0.323 4.939 0.142 0.130 0.653
2008.7767 48.45 35.06 0.282 0.106 4.802 0.165 0.152 0.754
2008.8041 48.45 35.06 0.380 -0.100 4.883 0.166 0.154 0.758
2008.8315 48.45 35.06 0.267 -0.189 3.155 0.187 0.174 0.856
2008.8589 48.45 35.06 0.192 -0.274 3.562 0.218 0.203 0.997
2008.8863 48.45 35.06 0.214 -0.146 4.914 0.209 0.195 0.957
2008.9137 48.45 35.06 0.324 -0.339 3.396 0.199 0.186 0.911
2008.9411 48.45 35.06 0.379 -0.421 2.231 0.209 0.194 0.956
2008.9685 48.45 35.06 0.442 -0.237 3.650 0.196 0.182 0.897
2008.9945 48.45 35.06 0.311 -0.121 3.330 0.165 0.154 0.759
2009.0205 48.45 35.06 0.430 0.022 1.092 0.162 0.151 0.745
2009.0479 48.45 35.06 0.679 0.371 3.089 0.162 0.152 0.746
2009.0753 48.45 35.06 0.428 0.113 0.467 0.156 0.145 0.720
2009.1027 48.45 35.06 0.209 -0.269 -0.887 0.194 0.181 0.887
2009.1301 48.45 35.06 0.173 0.002 -2.524 0.155 0.144 0.713
2009.1575 48.45 35.06 0.551 0.271 -0.964 0.158 0.147 0.728
2009.1849 48.45 35.06 0.503 0.021 -0.203 0.180 0.169 0.825
2009.2123 48.45 35.06 0.173 0.415 -2.685 0.157 0.143 0.718
2009.2397 48.45 35.06 0.388 0.519 -2.390 0.176 0.164 0.806
2009.2671 48.45 35.06 0.425 0.176 -2.713 0.147 0.137 0.679
2009.2945 48.45 35.06 0.191 -0.187 -2.381 0.151 0.140 0.694
2009.3219 48.45 35.06 0.297 0.118 -0.167 0.158 0.146 0.725
2009.3493 48.45 35.06 0.048 -0.026 -0.990 0.145 0.134 0.668
2009.3767 48.45 35.06 0.011 0.145 -0.548 0.153 0.141 0.702
2009.4041 48.45 35.06 0.099 0.170 0.484 0.136 0.124 0.624
2009.4315 48.45 35.06 0.194 0.365 3.766 0.154 0.142 0.708
2009.4589 48.45 35.06 0.077 0.377 2.386 0.132 0.120 0.609
2009.4863 48.45 35.06 -0.072 0.150 3.436 0.146 0.132 0.667
2009.5137 48.45 35.06 -0.207 0.347 2.477 0.141 0.125 0.644
2009.5411 48.45 35.06 -0.292 0.255 2.319 0.172 0.156 0.784
2009.5685 48.45 35.06 -0.473 0.220 1.281 0.185 0.167 0.844
2009.5959 48.45 35.06 -0.285 -0.015 2.407 0.163 0.146 0.743
2009.6233 48.45 35.06 -0.305 0.134 4.601 0.167 0.152 0.763
2009.6507 48.45 35.06 -0.005 0.110 6.118 0.161 0.147 0.736
2009.6781 48.45 35.06 0.001 -0.139 3.748 0.171 0.157 0.783
2009.7055 48.45 35.06 0.025 -0.434 4.904 0.177 0.163 0.808
2009.7329 48.45 35.06 -0.298 -0.361 4.224 0.171 0.157 0.781
2009.7603 48.45 35.06 -0.147 -0.378 3.334 0.195 0.180 0.889
2009.7877 48.45 35.06 -0.029 -0.178 4.892 0.180 0.166 0.821
2009.8151 48.45 35.06 0.177 -0.484 5.630 0.192 0.178 0.877
2009.8425 48.45 35.06 0.121 -0.132 5.926 0.175 0.162 0.801
2009.8699 48.45 35.06 0.120 -0.198 4.888 0.167 0.155 0.767
2009.8973 48.45 35.06 0.135 -0.179 4.704 0.157 0.144 0.719
2009.9247 48.45 35.06 0.078 0.117 5.797 0.159 0.143 0.725
2009.9521 48.45 35.06 -0.182 -0.028 1.774 0.147 0.135 0.676
2009.9795 48.45 35.06 -0.293 -0.130 -0.600 0.151 0.139 0.695
2010.0068 48.45 35.06 -0.168 -0.527 -3.513 0.189 0.176 0.866
2010.0342 48.45 35.06 -0.016 -0.253 -3.370 0.149 0.137 0.686
2010.0616 48.45 35.06 -0.164 -0.121 -3.170 0.153 0.141 0.702
2010.0890 48.45 35.06 -0.238 -0.186 -4.080 0.181 0.168 0.828
2010.1164 48.45 35.06 -0.093 -0.207 -3.305 0.187 0.174 0.855
2010.1438 48.45 35.06 -0.259 0.006 -4.473 0.181 0.167 0.828
2010.1712 48.45 35.06 -0.179 -0.520 -5.250 0.173 0.160 0.793
2010.1986 48.45 35.06 0.036 -0.081 -6.527 0.166 0.153 0.761
2010.2260 48.45 35.06 0.210 -0.005 -5.566 0.182 0.167 0.830
2010.2534 48.45 35.06 0.066 -0.339 -3.484 0.188 0.172 0.857
2010.2808 48.45 35.06 -0.097 0.038 -4.100 0.146 0.132 0.669
2010.3082 48.45 35.06 -0.118 0.200 -3.224 0.152 0.139 0.698
2010.3356 48.45 35.06 0.229 0.471 -3.761 0.141 0.126 0.646
2010.3630 48.45 35.06 -0.272 0.430 -2.339 0.150 0.134 0.685
2010.3904 48.45 35.06 -0.364 0.172 -4.004 0.157 0.134 0.707
2010.4178 48.45 35.06 -0.347 -0.134 -3.646 0.159 0.143 0.726
2010.4452 48.45 35.06 -0.413 -0.161 -2.850 0.141 0.127 0.650
2010.4726 48.45 35.06 -0.223 -0.427 -1.787 0.128 0.114 0.591
2010.5000 48.45 35.06 -0.877 -0.321 -3.054 0.143 0.129 0.657
2010.5274 48.45 35.06 -0.892 -0.605 -0.834 0.216 0.201 0.985
2010.5548 48.45 35.06 -1.134 -0.388 1.010 0.141 0.129 0.647
2010.5822 48.45 35.06 -1.081 -0.617 1.258 0.128 0.117 0.589
2010.6096 48.45 35.06 -0.834 -0.463 3.100 0.162 0.151 0.743
2010.6370 48.45 35.06 -0.537 -0.845 4.972 0.146 0.135 0.670
2010.6644 48.45 35.06 -0.836 -0.783 5.610 0.137 0.126 0.631
2010.6918 48.45 35.06 -0.509 -0.831 6.232 0.163 0.151 0.746
2010.7192 48.45 35.06 -0.459 -0.898 6.694 0.152 0.141 0.697
2010.7466 48.45 35.06 -0.392 -0.843 6.268 0.175 0.163 0.800
2010.7740 48.45 35.06 -0.539 -0.627 4.393 0.145 0.134 0.668
2010.8014 48.45 35.06 -0.718 -0.812 2.403 0.138 0.127 0.635
2010.8288 48.45 35.06 -0.755 -0.557 3.806 0.156 0.145 0.715
2010.8562 48.45 35.06 -0.235 -0.603 3.906 0.153 0.142 0.704
2010.8836 48.45 35.06 -0.310 -0.936 3.501 0.144 0.132 0.661
2010.9110 48.45 35.06 -0.427 -1.054 3.604 0.156 0.144 0.715
2010.9384 48.45 35.06 -0.781 -0.944 1.211 0.162 0.150 0.740
2010.9658 48.45 35.06 -0.683 -1.095 0.630 0.177 0.164 0.807
2010.9932 48.45 35.06 -0.664 -0.828 -1.827 0.163 0.114 0.686
2011.1027 48.45 35.06 -0.196 -0.491 -1.037 0.155 0.130 0.697
2011.1301 48.45 35.06 0.110 -0.343 0.629 0.212 0.196 0.964
2011.1575 48.45 35.06 -0.130 -0.243 -1.364 0.146 0.132 0.668
2011.1849 48.45 35.06 0.012 -0.253 0.428 0.119 0.106 0.550
2011.2123 48.45 35.06 0.003 -0.042 -0.324 0.180 0.167 0.823
2011.2397 48.45 35.06 0.068 0.080 -0.549 0.186 0.174 0.851
2011.2671 48.45 35.06 -0.010 0.547 -1.011 0.153 0.141 0.702
2011.2945 48.45 35.06 -0.132 0.377 -2.826 0.175 0.164 0.803
2011.3219 48.45 35.06 -0.116 0.394 -4.118 0.165 0.154 0.755
2011.3493 48.45 35.06 -0.091 0.250 -1.268 0.149 0.139 0.687
2011.3767 48.45 35.06 -0.285 0.264 -1.797 0.173 0.161 0.791
2011.4041 48.45 35.06 -0.565 0.246 0.439 0.155 0.143 0.709
2011.4315 48.45 35.06 -0.538 -0.051 0.633 0.167 0.141 0.744
2011.5137 48.45 35.06 -0.437 -0.215 -1.837 0.148 0.131 0.674
2011.5411 48.45 35.06 -0.369 -0.707 1.648 0.152 0.140 0.698
2011.5685 48.45 35.06 -0.644 -0.745 1.905 0.150 0.137 0.688
2011.5959 48.45 35.06 -0.507 -0.832 3.386 0.160 0.146 0.729
2011.6233 48.45 35.06 0.008 -1.103 6.248 0.161 0.146 0.735
2011.6507 48.45 35.06 -0.286 -0.727 5.405 0.185 0.171 0.845
2011.6781 48.45 35.06 -0.126 -0.476 6.128 0.172 0.159 0.786
2011.7055 48.45 35.06 -0.161 -0.377 5.904 0.172 0.159 0.785
2011.7329 48.45 35.06 -0.077 -0.648 5.567 0.197 0.184 0.897
2011.7603 48.45 35.06 -0.212 -0.306 6.775 0.170 0.158 0.778
2011.7877 48.45 35.06 -0.034 -0.331 6.833 0.180 0.168 0.823
2011.8151 48.45 35.06 -0.145 -0.509 6.622 0.178 0.165 0.809
2011.8425 48.45 35.06 -0.315 -0.485 5.893 0.191 0.178 0.868
2011.8699 48.45 35.06 -0.199 0.805 4.700 0.190 0.167 0.848
2011.9521 48.45 35.06 0.057 -0.207 6.184 0.139 0.105 0.607
2011.9795 48.45 35.06 0.170 0.038 3.235 0.157 0.140 0.708
2012.0068 48.45 35.06 0.301 0.318 3.265 0.147 0.129 0.662
2012.0342 48.45 35.06 0.326 -0.868 1.336 0.176 0.154 0.781
2012.0616 48.45 35.06 0.385 -0.168 2.317 0.154 0.133 0.687
2012.0890 48.45 35.06 0.178 -0.206 1.824 0.153 0.130 0.679
2012.1164 48.45 35.06 -0.153 0.165 2.587 0.152 0.127 0.669
2012.1438 48.45 35.06 -0.002 0.192 1.302 0.157 0.130 0.690
2012.1712 48.45 35.06 0.270 0.324 -0.168 0.152 0.124 0.667
2012.1986 48.45 35.06 0.048 -0.021 0.983 0.139 0.111 0.607
2012.2260 48.45 35.06 0.023 0.447 0.828 0.140 0.113 0.611
2012.2534 48.45 35.06 0.560 0.897 -0.155 0.136 0.109 0.593
2012.2808 48.45 35.06 0.478 0.519 -1.810 0.127 0.101 0.555
2012.3082 48.45 35.06 0.467 0.438 -1.030 0.166 0.115 0.696
2012.3904 48.45 35.06 -0.315 0.266 0.138 0.162 0.128 0.709
2012.4178 48.45 35.06 -0.124 0.007 0.014 0.118 0.093 0.513
2012.4452 48.45 35.06 0.018 -0.039 0.553 0.117 0.092 0.511
2012.4726 48.45 35.06 -0.036 -0.212 2.408 0.125 0.099 0.546
2012.5000 48.45 35.06 0.028 -0.102 3.750 0.120 0.094 0.525
2012.5274 48.45 35.06 -0.645 -0.221 5.557 0.127 0.100 0.552
2012.5548 48.45 35.06 -0.430 -0.204 5.974 0.126 0.100 0.551
2012.5822 48.45 35.06 -0.452 -0.332 6.078 0.132 0.107 0.579
2012.6096 48.45 35.06 -0.357 -0.185 7.205 0.130 0.107 0.571
2012.6370 48.45 35.06 -0.310 -0.307 8.268 0.120 0.099 0.531
2012.6644 48.45 35.06 -0.275 -0.145 6.719 0.130 0.109 0.576
2012.6918 48.45 35.06 -0.159 -0.354 7.461 0.133 0.113 0.592
2012.7192 48.45 35.06 0.060 -0.421 8.203 0.157 0.138 0.701
2012.7466 48.45 35.06 -0.082 -0.301 7.220 0.129 0.093 0.559
2012.8562 48.45 35.06 0.584 -0.352 5.238 0.165 0.145 0.736
2012.8836 48.45 35.06 0.418 -0.895 6.020 0.151 0.139 0.688
2012.9110 48.45 35.06 0.512 -0.518 6.439 0.143 0.132 0.655
2012.9384 48.45 35.06 0.490 -0.647 5.786 0.141 0.128 0.647
2012.9658 48.45 35.06 0.426 -0.436 3.560 0.153 0.142 0.701
2012.9918 48.45 35.06 0.371 -0.827 2.450 0.079 0.070 0.370
2013.0178 48.45 35.06 0.310 -0.362 2.642 0.091 0.083 0.425
2013.0452 48.45 35.06 0.382 -0.687 1.895 0.091 0.083 0.424
2013.0726 48.45 35.06 0.271 -0.409 -1.045 0.084 0.076 0.395
2013.1000 48.45 35.06 0.275 0.048 -0.072 0.086 0.078 0.404
2013.1274 48.45 35.06 0.327 0.003 0.465 0.081 0.073 0.380
2013.1548 48.45 35.06 0.398 0.031 0.487 0.080 0.066 0.368
2013.2644 48.45 35.06 0.297 -0.161 -4.449 0.102 0.056 0.410
2013.2918 48.45 35.06 0.395 -0.182 -5.743 0.083 0.075 0.388
2013.3192 48.45 35.06 0.297 -0.055 -3.997 0.090 0.083 0.423
2013.3466 48.45 35.06 0.318 0.057 -2.249 0.092 0.085 0.433
2013.3740 48.45 35.06 0.104 -0.202 0.625 0.080 0.073 0.378
2013.4014 48.45 35.06 0.261 -0.328 -0.463 0.082 0.076 0.389
2013.4288 48.45 35.06 -0.194 -0.404 1.097 0.074 0.067 0.351
2013.4562 48.45 35.06 -0.122 -0.195 2.200 0.075 0.068 0.357
2013.4836 48.45 35.06 -0.160 0.017 3.581 0.077 0.069 0.363
2013.5110 48.45 35.06 -0.516 -0.294 4.594 0.085 0.078 0.401
2013.5384 48.45 35.06 -0.800 -0.249 5.564 0.086 0.075 0.400
2013.5658 48.45 35.06 -0.476 -0.468 5.617 0.088 0.080 0.412
2013.7575 48.45 35.06 -0.007 -0.568 8.326 0.086 0.076 0.401
2013.7849 48.45 35.06 0.042 -0.369 7.080 0.088 0.078 0.409
2013.8123 48.45 35.06 0.190 -0.657 8.778 0.081 0.072 0.378
2013.8397 48.45 35.06 0.269 -0.860 8.570 0.081 0.073 0.382
2013.8671 48.45 35.06 0.350 -0.281 6.681 0.087 0.078 0.407
2013.8945 48.45 35.06 0.379 -0.719 5.924 0.081 0.073 0.380
2013.9219 48.45 35.06 0.607 -0.588 6.293 0.073 0.065 0.346
2013.9493 48.45 35.06 0.375 -0.371 6.469 0.077 0.069 0.364
2013.9767 48.45 35.06 0.504 -0.408 6.234 0.078 0.070 0.370
2014.0041 48.45 35.06 0.368 0.049 1.892 0.075 0.068 0.358
2014.0315 48.45 35.06 0.443 0.198 2.658 0.078 0.070 0.369
2014.1685 48.45 35.06 0.604 0.208 -1.382 0.083 0.074 0.390
2014.1959 48.45 35.06 0.590 0.194 -2.284 0.083 0.075 0.388
2014.2233 48.45 35.06 0.632 0.070 -2.839 0.079 0.071 0.371
2014.2507 48.45 35.06 0.441 0.310 2.832 0.072 0.065 0.344
2014.2781 48.45 35.06 0.439 0.523 -1.099 0.076 0.069 0.361
2014.3055 48.45 35.06 0.588 0.442 1.135 0.074 0.066 0.349
2014.3329 48.45 35.06 0.431 0.263 1.048 0.061 0.054 0.296
2014.3603 48.45 35.06 0.459 0.302 1.316 0.069 0.061 0.328
2014.3877 48.45 35.06 0.560 0.167 2.250 0.069 0.062 0.329
2014.4151 48.45 35.06 0.363 -0.066 2.226 0.069 0.061 0.328
2014.4425 48.45 35.06 0.051 -0.043 2.172 0.073 0.065 0.345
2014.4699 48.45 35.06 0.010 -0.226 1.779 0.073 0.064 0.344
2014.5795 48.45 35.06 -0.338 -1.129 4.903 0.068 0.053 0.319
2014.6068 48.45 35.06 -0.112 -0.545 5.854 0.065 0.057 0.310
2014.6342 48.45 35.06 -0.390 -0.956 6.854 0.060 0.052 0.289
2014.6616 48.45 35.06 -0.201 -1.338 7.362 0.066 0.058 0.313
2014.6890 48.45 35.06 -0.176 -1.047 6.880 0.064 0.056 0.306
2014.7164 48.45 35.06 0.087 -0.820 9.449 0.063 0.055 0.301
2014.7438 48.45 35.06 0.078 -0.770 9.320 0.067 0.060 0.321
2014.7712 48.45 35.06 0.106 -0.905 10.350 0.067 0.059 0.318
2014.7986 48.45 35.06 0.056 -1.032 7.629 0.060 0.052 0.290
2014.8260 48.45 35.06 0.124 -0.754 8.069 0.060 0.052 0.289
2014.8534 48.45 35.06 0.214 -0.755 8.296 0.064 0.055 0.303
2014.8808 48.45 35.06 0.188 -0.739 8.705 0.064 0.055 0.304
2014.9082 48.45 35.06 -0.169 -0.633 7.428 0.065 0.056 0.309
2015.0452 48.45 35.06 0.161 -0.362 2.906 0.050 0.041 0.246
2015.0726 48.45 35.06 0.105 -0.241 0.859 0.055 0.044 0.260
2015.1000 48.45 35.06 0.051 -0.602 0.522 0.049 0.039 0.239
2015.1274 48.45 35.06 0.170 -0.370 0.759 0.045 0.037 0.227
2015.1548 48.45 35.06 0.183 0.382 -0.221 0.053 0.043 0.252
2015.1822 48.45 35.06 0.045 -0.413 0.899 0.049 0.040 0.241
2015.2096 48.45 35.06 0.279 -0.974 3.730 0.065 0.053 0.303
2015.2370 48.45 35.06 0.147 -0.541 5.041 0.069 0.059 0.322
2015.2644 48.45 35.06 0.129 0.064 1.910 0.061 0.052 0.291
2015.2918 48.45 35.06 0.067 -0.176 1.724 0.061 0.053 0.295
2015.3192 48.45 35.06 -0.007 0.319 -2.424 0.059 0.051 0.285
2015.3466 48.45 35.06 0.139 0.102 -1.914 0.064 0.055 0.305
2015.4836 48.45 35.06 -0.241 -0.509 1.267 0.062 0.047 0.292
2015.5110 48.45 35.06 -0.534 -0.937 0.796 0.059 0.047 0.280
2015.5384 48.45 35.06 -0.209 -0.265 3.359 0.063 0.054 0.303
2015.5658 48.45 35.06 -0.328 -0.282 2.757 0.063 0.055 0.302
2015.5932 48.45 35.06 -0.347 -0.297 6.044 0.065 0.057 0.310
2015.6205 48.45 35.06 -0.290 -0.324 9.080 0.064 0.055 0.303
2015.6479 48.45 35.06 -0.381 -0.280 8.132 0.062 0.053 0.295
2015.6753 48.45 35.06 -0.290 0.010 7.517 0.060 0.051 0.287
2015.7027 48.45 35.06 -0.268 -0.548 5.673 0.065 0.056 0.307
2015.7301 48.45 35.06 -0.232 -0.749 6.426 0.065 0.056 0.308
2015.9493 48.45 35.06 -0.130 -0.338 5.737 0.062 0.055 0.302
2015.9767 48.45 35.06 0.192 -0.177 5.350 0.065 0.057 0.310
2016.0041 48.45 35.06 0.371 0.089 5.357 0.059 0.052 0.286
2016.0315 48.45 35.06 -0.042 0.353 4.315 0.056 0.049 0.274
2016.0589 48.45 35.06 -0.157 0.379 2.201 0.058 0.051 0.280
2016.0863 48.45 35.06 0.128 0.298 1.137 0.052 0.046 0.260
2016.1137 48.45 35.06 -0.088 0.449 0.528 0.059 0.052 0.284
2016.1411 48.45 35.06 0.010 0.047 -1.229 0.069 0.061 0.325
2016.1685 48.45 35.06 0.437 0.111 -1.997 0.073 0.066 0.345
2016.1959 48.45 35.06 0.202 0.021 -2.482 0.072 0.065 0.341
2016.2233 48.45 35.06 0.641 0.316 -1.291 0.072 0.067 0.344
2016.2507 48.45 35.06 0.603 0.460 -4.381 0.062 0.054 0.297
2016.3603 48.45 35.06 0.426 0.864 -1.369 0.057 0.050 0.277
2016.3877 48.45 35.06 0.332 0.479 -2.895 0.066 0.059 0.315
2016.4151 48.45 35.06 0.342 0.497 -6.123 0.065 0.057 0.311
2016.4425 48.45 35.06 -0.041 0.150 -5.523 0.070 0.062 0.329
2016.4699 48.45 35.06 0.072 0.648 -4.291 0.068 0.061 0.323
