2002.5877 -17.33 178.19 -1.48464477401289 8.76543731761750
2002.6151 -17.33 178.19 11.58987940495926 8.52320343908084
2002.6425 -17.33 178.19 -15.37153997010815 8.72873716371666
2002.6699 -17.33 178.19 17.48501245086632 7.26589578695674
2002.6973 -17.33 178.19 9.41154084578477 11.68703168277054
2002.7247 -17.33 178.19 1.55191536758262 8.34154950809254
2002.7521 -17.33 178.19 11.54917488671634 7.62477827346599
2002.7795 -17.33 178.19 7.56250633065407 8.67654835640161
2002.8068 -17.33 178.19 20.31946966212880 7.91593497356907
2002.8342 -17.33 178.19 0.85858131988045 7.74670357978588
2002.8616 -17.33 178.19 2.41567082038041 7.39738552456218
2002.8890 -17.33 178.19 -1.15352277478609 7.90752676288375
2002.9164 -17.33 178.19 -10.55590288536914 8.11766365403523
2003.0260 -17.33 178.19 -24.95203446293280 8.99986081985523
2003.0534 -17.33 178.19 -17.53229851344103 16.01481819527734
2003.0808 -17.33 178.19 -20.12200235432431 13.06697666565408
2003.1082 -17.33 178.19 -5.44255073287792 7.17797255631840
2003.1356 -17.33 178.19 14.91243534610292 6.60823262923835
2003.1630 -17.33 178.19 12.17149280293468 7.21607471907495
2003.1904 -17.33 178.19 7.20624475911080 8.44058571457860
2003.2178 -17.33 178.19 9.62439617176022 7.13115125097054
2003.2452 -17.33 178.19 19.32323630708438 7.10699390643247
2003.2726 -17.33 178.19 14.14435891316177 6.90604303500514
2003.3000 -17.33 178.19 12.14526180433572 6.79164219793774
2003.3274 -17.33 178.19 8.50420004862350 9.15532072941529
2003.3548 -17.33 178.19 36.68902952917165 10.50428950727244
2003.3822 -17.33 178.19 17.31764182961673 8.77258761433572
2003.5192 -17.33 178.19 0.38723322663138 10.31434667757716
2003.5466 -17.33 178.19 -0.71283274601949 11.84622409237144
2003.5740 -17.33 178.19 11.18334932056631 14.29007216337418
2003.6014 -17.33 178.19 -11.90143949278355 11.88662778332197
2003.6288 -17.33 178.19 -4.48524240134189 10.86368108256720
2003.6562 -17.33 178.19 22.65473443095578 11.92250556979682
2003.6836 -17.33 178.19 -0.65019355007051 12.02833245343649
2003.7110 -17.33 178.19 13.60795625659746 8.76736559159121
2003.7384 -17.33 178.19 2.75299099494208 11.22875780894327
2003.7658 -17.33 178.19 9.31010221217536 10.20047057756786
2003.7932 -17.33 178.19 -0.82168339935681 11.66011795931439
2003.8205 -17.33 178.19 31.03846742094914 12.37157653868477
2003.8479 -17.33 178.19 -11.50318524695671 10.38890185736140
2003.8753 -17.33 178.19 -7.58267619948283 11.52660310432566
2003.9027 -17.33 178.19 -14.63932606885046 10.02628832360365
2003.9301 -17.33 178.19 -21.19503902018269 10.80588169376919
2003.9575 -17.33 178.19 -20.00628974718409 12.67210553920585
2003.9849 -17.33 178.19 -23.00097678341622 11.81800880199642
2004.0123 -17.33 178.19 -22.09325086750179 12.70381159318058
2004.0397 -17.33 178.19 -19.04833260762263 9.39666157997801
2004.0945 -17.33 178.19 -19.50005818121413 8.76902281316640
2004.1219 -17.33 178.19 -17.48642484338224 10.37323349605322
2004.1493 -17.33 178.19 -5.12663406111290 12.43441353662520
2004.1767 -17.33 178.19 3.72426245417829 13.80986407869488
2004.2041 -17.33 178.19 4.55941675712316 10.71131569181527
2004.2315 -17.33 178.19 -8.59600513455370 10.88199884859525
2004.2589 -17.33 178.19 6.77451582283704 11.20542036214479
2004.2863 -17.33 178.19 2.62442115512550 11.31219955571118
2004.3137 -17.33 178.19 12.37372545038403 10.67223202723879
2004.3411 -17.33 178.19 6.65362541810489 11.89846866560652
2004.3685 -17.33 178.19 -6.47339744390692 11.06993921895201
2004.3959 -17.33 178.19 -0.46789342887537 9.45247581933365
2004.4233 -17.33 178.19 1.11570531986340 9.02766497061294
2004.4507 -17.33 178.19 -9.94867561077094 8.11614891186068
2004.4781 -17.33 178.19 2.59470576584717 9.06127103852066
2004.5055 -17.33 178.19 -0.50858625826327 8.76593269691161
2004.5329 -17.33 178.19 -5.35843562873646 8.14084074755946
2004.5603 -17.33 178.19 -17.08545289135072 8.49008538448905
2004.5877 -17.33 178.19 -9.90671337746794 8.47830950257828
2004.6151 -17.33 178.19 10.17416540045894 9.41000690631243
2004.6425 -17.33 178.19 -0.69480117098770 7.77788144450874
2004.6699 -17.33 178.19 8.33653851625146 7.74104561147297
2004.6973 -17.33 178.19 11.24640724002446 7.16389139894486
2004.7247 -17.33 178.19 6.74750079735934 8.42769283945400
2004.7521 -17.33 178.19 16.49990001460841 7.95124845847603
2004.7795 -17.33 178.19 4.59766346322741 7.85756021567272
2004.8068 -17.33 178.19 -0.45996625136138 8.93851247315758
2004.8342 -17.33 178.19 -8.69529517161261 8.86121355706478
2004.8616 -17.33 178.19 -11.58680174609208 7.54056627627218
2004.8890 -17.33 178.19 -5.68661950105048 7.60847062471414
2004.9164 -17.33 178.19 -15.34124735661718 8.51415984480986
2004.9438 -17.33 178.19 -21.18386461207148 9.09046078689002
2004.9712 -17.33 178.19 -31.82478914472189 8.70091777346542
2004.9973 -17.33 178.19 -16.03985642352488 8.16164588429215
2005.0233 -17.33 178.19 -8.35384370899495 10.05272255880924
2005.0507 -17.33 178.19 -2.91463039065808 16.13520734331020
2005.0781 -17.33 178.19 -20.01080657902294 11.60033189730872
2005.1055 -17.33 178.19 -8.70563990700427 11.42247430436688
2005.1329 -17.33 178.19 -6.11761140913415 11.71187547211167
2005.1603 -17.33 178.19 0.54496768434399 10.07312041541794
2005.1877 -17.33 178.19 -1.21414420708832 9.88245527952972
2005.2151 -17.33 178.19 -11.74425547165151 9.01110550163989
2005.2425 -17.33 178.19 8.91652856450145 8.89879038519695
2005.2699 -17.33 178.19 7.65193321426104 9.64205261147717
2005.2973 -17.33 178.19 -9.18004551142970 10.26327774919607
2005.3247 -17.33 178.19 -13.74533986626251 10.83557943761217
2005.3521 -17.33 178.19 -16.78252706547904 3.69587349043789
2005.3795 -17.33 178.19 -10.24290208283074 10.00551165043906
2005.4068 -17.33 178.19 -10.14944893221777 8.95771961520544
2005.4342 -17.33 178.19 17.41849086210720 10.25261218805452
2005.4616 -17.33 178.19 12.74300506550625 9.43843042960416
2005.4890 -17.33 178.19 5.22872439707925 8.92733079146470
2005.5164 -17.33 178.19 1.04820454941964 8.86798554377337
2005.5438 -17.33 178.19 13.42143011805444 9.86869406348292
2005.5712 -17.33 178.19 -6.70451946557467 10.90718591893015
2005.5986 -17.33 178.19 -8.96911827466117 11.16180149991134
2005.6260 -17.33 178.19 -5.32819173095425 9.68470997442406
2005.6534 -17.33 178.19 6.17396633677694 10.38319050417529
2005.6808 -17.33 178.19 -2.63566517102880 10.12158536889966
2005.7082 -17.33 178.19 12.21443923474956 12.74888121099753
2005.7356 -17.33 178.19 -4.50432511015446 11.00217152035380
2005.7630 -17.33 178.19 2.63141633784284 11.01564259383623
2005.7904 -17.33 178.19 -21.03934019658256 10.13321867194663
2005.8178 -17.33 178.19 1.02492415972928 10.51834733399891
2005.8452 -17.33 178.19 -1.51095202147717 11.24470337476007
2005.8726 -17.33 178.19 -13.06280257329736 9.64057634244999
2005.9000 -17.33 178.19 -11.33922638943881 9.28439190430443
2005.9274 -17.33 178.19 -5.42027132228344 8.97028033166177
2005.9548 -17.33 178.19 -21.50579526542703 7.48497961140500
2005.9822 -17.33 178.19 -10.46866659076089 8.31656999042766
2006.0096 -17.33 178.19 -8.17569672074363 9.67585959178653
2006.0370 -17.33 178.19 -3.21392590746731 12.61543062529806
2006.0644 -17.33 178.19 8.65314941427106 12.72525020922155
2006.0918 -17.33 178.19 -1.99839877640052 12.88160591805630
2006.1192 -17.33 178.19 4.73003217064141 15.18583033191435
2006.1466 -17.33 178.19 -6.58735561529052 11.48268848594672
2006.1740 -17.33 178.19 -5.19481597784448 13.53276512237169
2006.2014 -17.33 178.19 -2.63529554371268 9.93335913744920
2006.2288 -17.33 178.19 15.51565912444526 13.65725013722678
2006.2562 -17.33 178.19 -18.69776571880237 12.92627766213359
2006.2836 -17.33 178.19 10.98045521437035 12.47865001934939
2006.3110 -17.33 178.19 25.23896424657727 13.46940136978106
2006.3384 -17.33 178.19 26.24104928356014 12.10830652417512
2006.3658 -17.33 178.19 -3.39377017977874 13.54837608846427
2006.3932 -17.33 178.19 -0.38195192715517 13.23212385481102
2006.4205 -17.33 178.19 8.92610370018706 13.12773695396537
2006.4479 -17.33 178.19 -4.73995896542428 13.95475290183696
2006.4753 -17.33 178.19 7.74151948019067 14.56763161769151
2006.5027 -17.33 178.19 2.10427255304162 15.26347550248040
2006.5301 -17.33 178.19 12.53779536610629 18.73898354464447
2006.5575 -17.33 178.19 11.59604650759838 14.49410210315520
2006.5849 -17.33 178.19 5.10966130750492 14.95707955374214
2006.6123 -17.33 178.19 8.19323734366028 19.54991530436928
2006.6397 -17.33 178.19 5.21962539107789 16.06451709243822
2006.6671 -17.33 178.19 3.06985778504673 14.19309278866768
2006.6945 -17.33 178.19 0.40050712382883 18.79888532710887
2006.7219 -17.33 178.19 4.98359357377050 16.87456417161784
2006.7493 -17.33 178.19 -7.32267360456099 20.72176204912545
2006.7767 -17.33 178.19 -1.69332221287269 18.05386254445164
2006.8041 -17.33 178.19 -5.15186732767712 14.04408197228237
2006.8315 -17.33 178.19 8.69643737323586 16.83328990677940
2006.8589 -17.33 178.19 -6.83914502287285 16.18307402578811
2006.8863 -17.33 178.19 6.26194275983121 15.26576502036330
2006.9137 -17.33 178.19 -36.78419780838389 14.53508107690205
2006.9411 -17.33 178.19 -12.39870143462396 14.21021065415032
2006.9685 -17.33 178.19 -8.41025545301064 13.82465640934515
2006.9959 -17.33 178.19 -10.90652984746865 13.36919927564595
2007.0233 -17.33 178.19 -30.59298775622415 12.08181378200663
2007.0507 -17.33 178.19 -9.72013534807030 12.91151868858593
2007.0781 -17.33 178.19 -28.70436763268107 13.85813285817922
2007.1055 -17.33 178.19 -0.30166603235390 12.13561530120474
2007.1329 -17.33 178.19 -16.55076720457500 13.46042849339337
2007.1603 -17.33 178.19 4.86345225850065 12.79958807816078
2007.1877 -17.33 178.19 -8.00289632771739 17.69366741876424
2007.2151 -17.33 178.19 -7.72415684159850 15.57785736270515
2007.2425 -17.33 178.19 2.98498394366625 14.89747607355565
2007.2699 -17.33 178.19 -1.59209813049462 11.05631340311014
2007.2973 -17.33 178.19 4.83037968496701 10.34015781076172
2007.3247 -17.33 178.19 -11.39455552107206 13.37782667910253
2007.3521 -17.33 178.19 -9.37841682690641 14.95367200206321
2007.3795 -17.33 178.19 -15.40218882621904 15.90623765791477
2007.4068 -17.33 178.19 -7.56904600036478 12.68890775491502
2007.4342 -17.33 178.19 -18.18468431798707 11.95502378707040
2007.4616 -17.33 178.19 -18.62090044250725 16.79061410187225
2007.4890 -17.33 178.19 -1.07706881805919 11.96768060272942
2007.5164 -17.33 178.19 -6.54335451352869 12.92350435097782
2007.5438 -17.33 178.19 -0.51738081494725 12.37399511226302
2007.5712 -17.33 178.19 -4.53022380166358 12.71407077747980
2007.5986 -17.33 178.19 -4.34912828639500 16.08343518929183
2007.6260 -17.33 178.19 2.29499414688296 12.59263429642454
2007.6534 -17.33 178.19 25.36171844695183 12.86513188813779
2007.6808 -17.33 178.19 10.20521476192805 13.42364260018321
2007.7082 -17.33 178.19 6.94117877612145 9.07741169353883
2007.7356 -17.33 178.19 7.78174648343637 13.77707143650957
2007.7630 -17.33 178.19 22.85719157858298 9.74389961537675
2007.7904 -17.33 178.19 3.66143802213406 13.77831304433710
2007.8178 -17.33 178.19 -0.29153977054167 16.34170673670106
2007.8452 -17.33 178.19 15.42350435735544 12.58363321595516
2007.8726 -17.33 178.19 -31.73456902343852 14.97620205032022
2007.9000 -17.33 178.19 3.85623022086274 15.82943986237347
2007.9274 -17.33 178.19 14.09152346117407 15.71212264113437
2007.9548 -17.33 178.19 -10.67488129227512 11.42106183161654
2007.9822 -17.33 178.19 0.11901963467613 14.54571987930542
2008.0096 -17.33 178.19 -1.24553583717048 12.64670545855959
2008.0370 -17.33 178.19 9.85832501799529 13.26679537543593
2008.0644 -17.33 178.19 4.98374803694763 15.71584999371148
2008.0918 -17.33 178.19 0.58256205845310 11.74345358734339
2008.1192 -17.33 178.19 -2.61264940388065 14.47243177796058
2008.1466 -17.33 178.19 6.76783685058415 17.17084955339084
2008.1740 -17.33 178.19 12.22462492538973 14.77472756994957
2008.2014 -17.33 178.19 14.82549547903607 16.34748438023132
2008.2288 -17.33 178.19 19.69574167889618 17.91437244296350
2008.2562 -17.33 178.19 4.44542031728095 17.07264127068778
2008.2836 -17.33 178.19 4.23330638560379 20.62776912018639
2008.3110 -17.33 178.19 -10.27623665090764 21.59121719068851
2008.3384 -17.33 178.19 9.67885860295515 15.82504985725805
2008.3658 -17.33 178.19 -10.63047623153935 15.95230391132009
2008.3932 -17.33 178.19 -3.34771713187805 14.06420593867768
2008.4205 -17.33 178.19 9.78533809836077 12.18558096987918
2008.4479 -17.33 178.19 5.01554463303617 12.70873010842226
2008.4753 -17.33 178.19 -6.28111033916443 12.19301117337631
2008.5027 -17.33 178.19 20.97981542716444 15.06798451953097
2008.5301 -17.33 178.19 14.60526551935186 18.64716290533414
2008.5575 -17.33 178.19 15.52618778750332 11.60495571213530
2008.5849 -17.33 178.19 35.72488253486131 14.06166196247151
2008.6123 -17.33 178.19 1.73704016200641 11.07352589162456
2008.6397 -17.33 178.19 13.71328057188873 12.42804357750035
2008.6671 -17.33 178.19 12.29890359209168 11.76595544807856
2008.6945 -17.33 178.19 15.12486980811210 11.34542506698608
2008.7219 -17.33 178.19 3.42331012652444 13.57811579229081
2008.7493 -17.33 178.19 -1.65757954778232 12.13335543731645
2008.7767 -17.33 178.19 5.38990009631441 14.70863332533304
2008.8041 -17.33 178.19 3.38837181273588 14.87542963236700
2008.8315 -17.33 178.19 14.21759134434626 16.65749483013748
2008.8589 -17.33 178.19 13.31991295088373 19.51472224149158
2008.8863 -17.33 178.19 10.71805398762515 18.68811398325198
2008.9137 -17.33 178.19 -14.12034108483899 17.94460413751192
2008.9411 -17.33 178.19 0.30064338192058 18.41880946373646
2008.9685 -17.33 178.19 3.56366075964157 17.11730882271257
2008.9945 -17.33 178.19 4.03582538326417 14.61642369742994
2009.0205 -17.33 178.19 21.72072359504750 14.58563837486011
2009.0479 -17.33 178.19 4.51612497011397 14.59334512240722
2009.0753 -17.33 178.19 -1.02831302536754 13.67685102565573
2009.1027 -17.33 178.19 16.32568208497851 17.50683627697200
2009.1301 -17.33 178.19 12.81942117202997 13.55565260293910
2009.1575 -17.33 178.19 10.62700155641055 13.63904837798345
2009.1849 -17.33 178.19 5.59778990241087 16.48353702324172
2009.2123 -17.33 178.19 -22.61011882527602 13.34278372241768
2009.2397 -17.33 178.19 6.91504827372761 15.72772860985815
2009.2671 -17.33 178.19 12.22303251565233 12.96712910760774
2009.2945 -17.33 178.19 -0.95910488557185 13.36518736491276
2009.3219 -17.33 178.19 10.17629037227528 13.89209755242859
2009.3493 -17.33 178.19 16.06106481208692 12.58204847161821
2009.3767 -17.33 178.19 9.34047794824612 13.23861525708734
2009.4041 -17.33 178.19 -0.75285808568608 11.33666184855787
2009.4315 -17.33 178.19 6.40243102218817 13.50953300048918
2009.4589 -17.33 178.19 10.73321452896837 10.90004083905333
2009.4863 -17.33 178.19 30.94797721561790 12.15904454764696
2009.5137 -17.33 178.19 9.16709766109821 11.31804080848354
2009.5411 -17.33 178.19 23.33705857010544 14.27591384464376
2009.5685 -17.33 178.19 9.70677720969401 15.30980389502468
2009.5959 -17.33 178.19 -1.08771366881203 13.23391031517574
2009.6233 -17.33 178.19 12.13404745268888 14.18075274112365
2009.6507 -17.33 178.19 13.19844308586696 13.69827350693656
2009.6781 -17.33 178.19 1.93101757075082 14.92362182029310
2009.7055 -17.33 178.19 8.32802824020151 15.74723470370348
2009.7329 -17.33 178.19 12.79731622569132 14.99077413788197
2009.7603 -17.33 178.19 12.83550949564276 17.19673008173562
2009.7877 -17.33 178.19 -11.03392525063711 15.82424956893020
2009.8151 -17.33 178.19 3.69251598602749 17.25069779495392
2009.8425 -17.33 178.19 -12.76162905184832 15.49812739129376
2009.8699 -17.33 178.19 -11.89719004475043 14.71447655838493
2009.8973 -17.33 178.19 -2.86775400914372 13.65642272590873
2009.9247 -17.33 178.19 9.47179042663460 13.08548643932708
2009.9521 -17.33 178.19 -10.48902651123328 12.48132759737035
2009.9795 -17.33 178.19 -0.29450348097061 12.84147811638109
2010.0068 -17.33 178.19 -17.05826093944319 16.97132900772009
2010.0342 -17.33 178.19 -16.50916869520948 12.71086855151053
2010.0616 -17.33 178.19 -30.38036816027271 13.15721675441958
2010.0890 -17.33 178.19 -24.69960261510495 16.32705343635804
2010.1164 -17.33 178.19 -13.25388514046301 16.86885574186030
2010.1438 -17.33 178.19 -28.96831062945670 15.84858215102552
2010.1712 -17.33 178.19 -30.52610775670335 15.11153957308357
2010.1986 -17.33 178.19 -20.89415739151362 14.44529892679129
2010.2260 -17.33 178.19 8.48297006069090 15.84213563327648
2010.2534 -17.33 178.19 7.71336311258743 16.19986612303765
2010.2808 -17.33 178.19 10.17661389680412 12.08792719769637
2010.3082 -17.33 178.19 0.16590079457574 12.84382281488628
2010.3356 -17.33 178.19 -21.11715731014169 11.20776748747515
2010.3630 -17.33 178.19 8.40653823720627 12.00504541405279
2010.3904 -17.33 178.19 22.05069321507043 11.95600887440074
2010.4178 -17.33 178.19 3.11079716761278 12.81283025182384
2010.4452 -17.33 178.19 -1.57909986306528 11.07646636429669
2010.4726 -17.33 178.19 16.64805085026109 9.78201212950050
2010.5000 -17.33 178.19 -3.01362322586869 11.46771516190385
2010.5274 -17.33 178.19 6.76649868317762 19.74669421567140
2010.5548 -17.33 178.19 26.78959435826529 12.11101700902470
2010.5822 -17.33 178.19 12.14816406120095 10.78718069920924
2010.6096 -17.33 178.19 13.85523391985719 14.62861910384196
2010.6370 -17.33 178.19 3.81319168625390 12.78618344525622
2010.6644 -17.33 178.19 9.58183623180049 11.83860393619826
2010.6918 -17.33 178.19 20.09040090922917 14.73615480470305
2010.7192 -17.33 178.19 5.91941908762042 13.62815245619059
2010.7466 -17.33 178.19 2.62668902915109 16.23485284364016
2010.7740 -17.33 178.19 0.11664888799697 12.46780216809544
2010.8014 -17.33 178.19 -8.81617400081752 11.99747352106520
2010.8288 -17.33 178.19 -7.15773514090906 14.01361512002618
2010.8562 -17.33 178.19 -16.20404830418299 13.66132263673546
2010.8836 -17.33 178.19 2.33104274106745 12.32742073967862
2010.9110 -17.33 178.19 6.22046482564134 13.80264730947921
2010.9384 -17.33 178.19 0.46959284839028 14.42261316844269
2010.9658 -17.33 178.19 -27.75133983037654 16.03917339714738
2010.9932 -17.33 178.19 -18.56398439730550 11.41288511022955
2011.1027 -17.33 178.19 0.55417770838538 11.23437756504460
2011.1301 -17.33 178.19 24.13370222385781 18.94990656248158
2011.1575 -17.33 178.19 25.96925295608937 12.00019961591795
2011.1849 -17.33 178.19 12.70923884072153 9.03933850755549
2011.2123 -17.33 178.19 24.21078092872601 16.07562570268102
2011.2397 -17.33 178.19 12.63558215389589 16.99506272118695
2011.2671 -17.33 178.19 -0.17672581865805 13.28830703509565
2011.2945 -17.33 178.19 2.93577028344700 15.94483160297772
2011.3219 -17.33 178.19 2.95848388759539 14.85425897979107
2011.3493 -17.33 178.19 3.32324189760462 13.01630403626350
2011.3767 -17.33 178.19 12.20416679699954 15.65981320163141
2011.4041 -17.33 178.19 -2.20626812755491 13.36064537393207
2011.4315 -17.33 178.19 1.83438828304892 13.06086021084923
2011.5137 -17.33 178.19 -0.13042862605006 11.83009696547422
2011.5411 -17.33 178.19 10.86900519803450 12.95102631803844
2011.5685 -17.33 178.19 -14.52652299999865 12.44606885397894
2011.5959 -17.33 178.19 9.98325314189544 13.56570992827724
2011.6233 -17.33 178.19 5.72607920129146 13.38929788869406
2011.6507 -17.33 178.19 -8.09805057146751 16.56717108163833
2011.6781 -17.33 178.19 -7.96075433144696 15.37629807949946
2011.7055 -17.33 178.19 -2.92391351821341 15.50437375945086
2011.7329 -17.33 178.19 -2.47931961630792 18.33085702444614
2011.7603 -17.33 178.19 -2.27132702710446 15.47254561599468
2011.7877 -17.33 178.19 1.80700314003175 16.64869113265103
2011.8151 -17.33 178.19 4.11860376384208 16.24326424374385
2011.8425 -17.33 178.19 -4.35412661667478 17.97459861744147
2011.8699 -17.33 178.19 -5.54299812594611 16.56894598883183
2011.9521 -17.33 178.19 -18.28886662364440 10.03211221517414
2011.9795 -17.33 178.19 18.19678907082527 14.02455866940111
2012.0068 -17.33 178.19 5.61491868690882 12.90667501053064
2012.0342 -17.33 178.19 6.34006305347772 15.71132568706695
2012.0616 -17.33 178.19 7.07145690967748 13.47672389929783
2012.0890 -17.33 178.19 2.36759001833088 13.21508086626587
2012.1164 -17.33 178.19 -4.55216278133003 12.85788870412083
2012.1438 -17.33 178.19 1.83791273033204 13.25810908609436
2012.1712 -17.33 178.19 -12.32791351628695 12.46166648238125
2012.1986 -17.33 178.19 -12.56773400189336 11.19075535269283
2012.2260 -17.33 178.19 -27.87239912396865 11.70512167130571
2012.2534 -17.33 178.19 -23.82632778287616 11.35076771187480
2012.2808 -17.33 178.19 -5.12394830527757 10.51048721417721
2012.3082 -17.33 178.19 -27.21933682256326 11.54875180172001
2012.3904 -17.33 178.19 -10.60402499395868 12.22947104097520
2012.4178 -17.33 178.19 -25.43043953378166 9.59048533765274
2012.4452 -17.33 178.19 -16.51298942588129 9.37730470860656
2012.4726 -17.33 178.19 1.25356016015261 10.21722924702360
2012.5000 -17.33 178.19 -5.44922786729960 9.60339264905560
2012.5274 -17.33 178.19 1.46086058899995 10.34632245209624
2012.5548 -17.33 178.19 -16.76378798293024 10.34638627165191
2012.5822 -17.33 178.19 -10.32522902894904 11.03672396566908
2012.6096 -17.33 178.19 0.48268232576622 11.05541138954190
2012.6370 -17.33 178.19 5.10014403924649 10.06886822236391
2012.6644 -17.33 178.19 -9.29689055712329 11.15973649757144
2012.6918 -17.33 178.19 1.23835473702204 11.57932243670248
2012.7192 -17.33 178.19 2.71217081686969 14.39196582152237
2012.7466 -17.33 178.19 8.91579582649388 9.20072203712633
2012.8562 -17.33 178.19 9.59772378348893 14.73013405601710
2012.8836 -17.33 178.19 2.80478562882689 13.90998770924454
2012.9110 -17.33 178.19 -8.12066604697269 13.08196621728833
2012.9384 -17.33 178.19 -17.63869058401746 12.13608086485437
2012.9658 -17.33 178.19 -2.03131865997329 14.27765433335873
2012.9918 -17.33 178.19 12.31277124901582 6.56752938173609
2013.0178 -17.33 178.19 28.96162913294349 7.99824914174850
2013.0452 -17.33 178.19 0.65167735458617 7.90001774129902
2013.0726 -17.33 178.19 -12.10178159207999 7.18205181781500
2013.1000 -17.33 178.19 16.22860966745690 7.39970280940307
2013.1274 -17.33 178.19 5.21794447525736 6.71472919343101
2013.1548 -17.33 178.19 2.62615154973309 6.00469092304918
2013.2644 -17.33 178.19 2.87715820826488 6.75504242439510
2013.2918 -17.33 178.19 11.04986590718601 6.96437459378202
2013.3192 -17.33 178.19 9.38427267020868 7.88492436687045
2013.3466 -17.33 178.19 5.82273877617786 8.14314248534542
2013.3740 -17.33 178.19 9.72286764426051 6.80831609069789
2013.4014 -17.33 178.19 8.52023968859100 7.06977154733427
2013.4288 -17.33 178.19 8.78985358785730 6.03008191942735
2013.4562 -17.33 178.19 3.13987374522033 6.10881023127883
2013.4836 -17.33 178.19 1.57886762370504 6.34761366217843
2013.5110 -17.33 178.19 7.59321846508914 7.35404558705252
2013.5384 -17.33 178.19 -10.82435949107158 6.95440067692467
2013.5658 -17.33 178.19 -3.31818510502694 7.46025498666130
2013.7575 -17.33 178.19 2.20441262448533 6.82014259338128
2013.7849 -17.33 178.19 -14.80353489452375 7.22110876664596
2013.8123 -17.33 178.19 -17.45495666613154 6.54182517850472
2013.8397 -17.33 178.19 -3.52985013315932 6.65977686269228
2013.8671 -17.33 178.19 1.01199318793006 7.07491403909646
2013.8945 -17.33 178.19 -12.18761586631363 6.61349804662223
2013.9219 -17.33 178.19 -6.91455339000891 5.71159807412724
2013.9493 -17.33 178.19 -7.13627787542588 6.21261238663896
2013.9767 -17.33 178.19 10.64417440219520 6.16577217990523
2014.0041 -17.33 178.19 -14.98848179665223 5.98339034845657
2014.0315 -17.33 178.19 -8.41516117347631 6.33507844194832
2014.1685 -17.33 178.19 12.96544259502945 6.61861509346478
2014.1959 -17.33 178.19 -1.34650851793675 7.09323183440476
2014.2233 -17.33 178.19 2.98235306207174 6.60988581039909
2014.2507 -17.33 178.19 9.05013129165468 5.98224271767074
2014.2781 -17.33 178.19 -3.79720875247990 6.42016107335482
2014.3055 -17.33 178.19 -6.36515142349980 6.10719124541833
2014.3329 -17.33 178.19 9.12721548878750 4.78841424372892
2014.3603 -17.33 178.19 -6.12186924162383 5.64015352879070
2014.3877 -17.33 178.19 4.67890193083058 5.65635710256398
2014.4151 -17.33 178.19 -2.13943111890354 5.56167634030263
2014.4425 -17.33 178.19 12.27974699351248 5.96612365184324
2014.4699 -17.33 178.19 -0.25227825715876 5.82913020372134
2014.5795 -17.33 178.19 10.24974298368496 4.56937777836861
2014.6068 -17.33 178.19 2.92026271612874 5.03721261523585
2014.6342 -17.33 178.19 1.52535195884510 4.41703657260542
2014.6616 -17.33 178.19 5.40428023899829 5.14615109322751
2014.6890 -17.33 178.19 -2.54788313048771 5.01341542618455
2014.7164 -17.33 178.19 17.82132327146310 4.88673215685675
2014.7438 -17.33 178.19 -5.90888650201482 5.44706851114419
2014.7712 -17.33 178.19 -15.15121997498876 5.37654589253665
2014.7986 -17.33 178.19 -0.00986747866775 4.59539199332659
2014.8260 -17.33 178.19 10.89106861679154 4.54579904470431
2014.8534 -17.33 178.19 0.26171261378389 4.86415539416411
2014.8808 -17.33 178.19 0.55432099615254 4.87899958497504
2014.9082 -17.33 178.19 -3.80750793856334 5.00038284524429
2015.0452 -17.33 178.19 -22.12901448526217 3.48269307507014
2015.0726 -17.33 178.19 9.42174640616534 3.97665655358853
2015.1000 -17.33 178.19 -4.30356329122811 3.37670862763584
2015.1274 -17.33 178.19 4.42864670229083 3.11306278254568
2015.1548 -17.33 178.19 6.76643960693789 3.82084705040662
2015.1822 -17.33 178.19 9.03048807646915 3.49827404812981
2015.2096 -17.33 178.19 -13.69926428191715 5.12309518866053
2015.2370 -17.33 178.19 8.31809044688908 5.69130867846158
2015.2644 -17.33 178.19 -6.68628532565620 4.85763457275485
2015.2918 -17.33 178.19 -0.46366749564230 4.74431579721309
2015.3192 -17.33 178.19 -15.63973357248628 4.55767471033921
2015.3466 -17.33 178.19 1.62655738924676 5.01479913299923
2015.4836 -17.33 178.19 -5.30372609967027 4.03761191496594
2015.5110 -17.33 178.19 -7.28620321579324 4.02389183649943
2015.5384 -17.33 178.19 -1.51178787410685 4.55332910438455
2015.5658 -17.33 178.19 5.76619473611424 4.88512313345507
2015.5932 -17.33 178.19 7.56133840758256 5.19758629321367
2015.6205 -17.33 178.19 3.76571993403444 4.88123514614233
2015.6479 -17.33 178.19 -9.65429164419800 4.77844450547261
2015.6753 -17.33 178.19 -4.67746298129055 4.44947314684491
2015.7027 -17.33 178.19 13.59387251893920 5.08760872129465
2015.7301 -17.33 178.19 -2.85833071116438 4.97950514084379
2015.9493 -17.33 178.19 -21.68057451169462 4.77905262291904
2015.9767 -17.33 178.19 -8.43637981247693 5.35652992806910
2016.0041 -17.33 178.19 -4.95684844808212 4.71288300768991
2016.0315 -17.33 178.19 -23.59598888407130 4.47663121363324
2016.0589 -17.33 178.19 15.19426044707735 4.56484243442519
2016.0863 -17.33 178.19 20.34230856619690 3.94382695230757
2016.1137 -17.33 178.19 3.88013720972426 4.67843583130702
2016.1411 -17.33 178.19 -11.63384909948364 5.85727598171830
2016.1685 -17.33 178.19 -19.29991226313512 6.51525474708298
2016.1959 -17.33 178.19 -3.36204417615514 6.40646546770898
2016.2233 -17.33 178.19 -6.32726967719659 6.55397186257723
2016.2507 -17.33 178.19 -9.93182313610600 4.78808811345503
2016.3603 -17.33 178.19 -16.81243286281261 4.44656023403358
2016.3877 -17.33 178.19 5.02957045546710 5.50602162532578
2016.4151 -17.33 178.19 -5.09261317244231 5.30724532266311
2016.4425 -17.33 178.19 4.56489290685957 5.86264586789965
2016.4699 -17.33 178.19 5.20219428988471 5.72549115194643
