2002.5877 37.08 127.03 0.086 0.149 0.538 0.113 0.095 0.515
2002.6151 37.08 127.03 -0.076 -0.437 -0.230 0.109 0.092 0.493
2002.6425 37.08 127.03 -0.421 -0.475 0.870 0.111 0.093 0.502
2002.6699 37.08 127.03 -0.237 -0.212 0.368 0.096 0.081 0.440
2002.6973 37.08 127.03 -0.596 0.028 -2.000 0.164 0.074 0.620
2002.7247 37.08 127.03 -0.084 -0.255 0.291 0.103 0.087 0.466
2002.7521 37.08 127.03 -0.256 -0.376 4.045 0.095 0.081 0.435
2002.7795 37.08 127.03 -0.391 -0.695 0.575 0.111 0.095 0.505
2002.8068 37.08 127.03 -0.588 -0.857 1.209 0.099 0.083 0.448
2002.8342 37.08 127.03 -0.499 -1.177 1.715 0.097 0.082 0.444
2002.8616 37.08 127.03 0.025 -0.679 1.961 0.100 0.073 0.439
2002.8890 37.08 127.03 -0.509 -0.799 1.321 0.099 0.083 0.448
2002.9164 37.08 127.03 -0.760 -0.441 1.018 0.106 0.087 0.478
2003.0260 37.08 127.03 -0.316 -0.299 5.729 0.120 0.100 0.543
2003.0534 37.08 127.03 -0.529 -0.420 5.795 0.193 0.164 0.861
2003.0808 37.08 127.03 -1.000 -0.528 3.890 0.173 0.140 0.769
2003.1082 37.08 127.03 -0.274 0.137 0.561 0.101 0.082 0.461
2003.1356 37.08 127.03 -0.132 0.177 1.196 0.094 0.076 0.430
2003.1630 37.08 127.03 -0.212 0.407 1.350 0.100 0.082 0.455
2003.1904 37.08 127.03 0.046 0.446 2.523 0.117 0.094 0.527
2003.2178 37.08 127.03 -0.371 -0.065 -0.295 0.098 0.081 0.449
2003.2452 37.08 127.03 0.143 0.044 3.247 0.096 0.080 0.439
2003.2726 37.08 127.03 -0.051 0.010 5.825 0.093 0.078 0.429
2003.3000 37.08 127.03 -0.308 -0.046 1.673 0.091 0.076 0.420
2003.3274 37.08 127.03 0.250 0.015 5.009 0.119 0.100 0.539
2003.3548 37.08 127.03 -0.268 0.277 2.868 0.129 0.112 0.586
2003.3822 37.08 127.03 -0.268 -0.142 0.750 0.119 0.096 0.535
2003.5192 37.08 127.03 -0.528 -0.067 3.423 0.123 0.108 0.559
2003.5466 37.08 127.03 -0.259 -0.197 1.542 0.136 0.120 0.615
2003.5740 37.08 127.03 -0.286 -0.215 0.084 0.158 0.141 0.710
2003.6014 37.08 127.03 0.057 -0.322 -0.594 0.136 0.120 0.615
2003.6288 37.08 127.03 -0.572 -0.694 -0.535 0.129 0.113 0.585
2003.6562 37.08 127.03 -0.305 -0.551 -2.982 0.138 0.121 0.624
2003.6836 37.08 127.03 -0.214 -0.479 -0.680 0.136 0.120 0.615
2003.7110 37.08 127.03 -0.486 -0.821 -2.217 0.108 0.092 0.489
2003.7384 37.08 127.03 -0.599 -0.589 -4.532 0.130 0.113 0.585
2003.7658 37.08 127.03 -0.367 -0.323 -2.511 0.119 0.104 0.539
2003.7932 37.08 127.03 -0.488 -0.492 -0.618 0.133 0.116 0.598
2003.8205 37.08 127.03 -0.501 -0.627 0.050 0.144 0.122 0.640
2003.8479 37.08 127.03 -0.398 0.127 1.145 0.127 0.103 0.562
2003.8753 37.08 127.03 -0.268 -0.035 -0.706 0.133 0.114 0.594
2003.9027 37.08 127.03 -0.316 -0.001 -1.695 0.122 0.102 0.545
2003.9301 37.08 127.03 -0.467 -0.233 -1.154 0.127 0.107 0.565
2003.9575 37.08 127.03 -0.024 0.101 3.241 0.142 0.122 0.631
2003.9849 37.08 127.03 -0.016 0.150 4.991 0.135 0.114 0.598
2004.0123 37.08 127.03 0.059 0.142 2.639 0.145 0.122 0.640
2004.0397 37.08 127.03 0.114 -0.288 -0.831 0.124 0.097 0.546
2004.0945 37.08 127.03 0.286 0.406 2.179 0.115 0.091 0.511
2004.1219 37.08 127.03 0.240 0.158 1.850 0.122 0.100 0.539
2004.1493 37.08 127.03 0.091 -0.178 3.482 0.144 0.117 0.629
2004.1767 37.08 127.03 0.331 0.264 -0.166 0.153 0.126 0.667
2004.2041 37.08 127.03 0.186 0.282 2.947 0.125 0.101 0.549
2004.2315 37.08 127.03 0.016 0.824 3.028 0.128 0.102 0.556
2004.2589 37.08 127.03 0.373 0.299 1.094 0.132 0.105 0.573
2004.2863 37.08 127.03 0.408 -0.013 2.196 0.132 0.105 0.575
2004.3137 37.08 127.03 0.367 0.656 2.738 0.126 0.099 0.547
2004.3411 37.08 127.03 0.353 0.411 3.142 0.138 0.109 0.596
2004.3685 37.08 127.03 0.191 0.055 0.695 0.134 0.104 0.578
2004.3959 37.08 127.03 0.613 0.422 1.184 0.118 0.091 0.512
2004.4233 37.08 127.03 0.363 0.355 0.540 0.113 0.087 0.493
2004.4507 37.08 127.03 0.075 -0.034 2.006 0.101 0.077 0.439
2004.4781 37.08 127.03 -0.052 -0.124 0.240 0.110 0.085 0.479
2004.5055 37.08 127.03 -0.127 -0.469 -0.142 0.108 0.083 0.469
2004.5329 37.08 127.03 -0.318 -0.317 -2.240 0.102 0.079 0.446
2004.5603 37.08 127.03 -0.354 -0.769 -1.035 0.105 0.080 0.456
2004.5877 37.08 127.03 -0.245 -0.120 -2.711 0.106 0.081 0.462
2004.6151 37.08 127.03 -0.030 -0.103 -2.534 0.117 0.089 0.506
2004.6425 37.08 127.03 -0.412 -0.400 -2.687 0.100 0.077 0.438
2004.6699 37.08 127.03 -0.402 -0.272 -2.586 0.100 0.077 0.439
2004.6973 37.08 127.03 -0.378 -0.432 -3.516 0.094 0.072 0.415
2004.7247 37.08 127.03 -0.164 -0.506 -1.516 0.107 0.082 0.469
2004.7521 37.08 127.03 -0.278 -0.341 -1.530 0.103 0.079 0.453
2004.7795 37.08 127.03 -0.276 -0.324 -2.352 0.100 0.077 0.439
2004.8068 37.08 127.03 -0.198 -0.227 -2.396 0.111 0.085 0.481
2004.8342 37.08 127.03 -0.146 -0.205 -1.475 0.110 0.084 0.475
2004.8616 37.08 127.03 -0.103 -0.358 0.290 0.097 0.075 0.428
2004.8890 37.08 127.03 -0.243 -0.346 -0.205 0.097 0.075 0.427
2004.9164 37.08 127.03 0.253 -0.124 2.547 0.105 0.081 0.460
2004.9438 37.08 127.03 -0.175 0.278 3.145 0.117 0.091 0.512
2004.9712 37.08 127.03 0.087 -0.112 0.300 0.105 0.082 0.460
2004.9973 37.08 127.03 0.080 0.197 0.185 0.102 0.080 0.449
2005.0233 37.08 127.03 -0.044 0.374 2.703 0.118 0.093 0.511
2005.0507 37.08 127.03 -0.114 0.104 1.702 0.170 0.140 0.737
2005.0781 37.08 127.03 -0.058 0.290 3.480 0.130 0.105 0.568
2005.1055 37.08 127.03 -0.031 0.145 1.689 0.129 0.105 0.565
2005.1329 37.08 127.03 -0.124 0.096 1.352 0.133 0.108 0.579
2005.1603 37.08 127.03 0.009 0.237 2.517 0.119 0.095 0.522
2005.1877 37.08 127.03 0.234 0.625 2.416 0.120 0.094 0.524
2005.2151 37.08 127.03 0.198 0.187 1.051 0.114 0.089 0.498
2005.2425 37.08 127.03 0.163 0.587 2.179 0.109 0.087 0.483
2005.2699 37.08 127.03 0.291 0.295 2.164 0.117 0.094 0.513
2005.2973 37.08 127.03 0.296 0.375 2.353 0.123 0.099 0.540
2005.3247 37.08 127.03 0.283 0.482 1.527 0.130 0.104 0.568
2005.3521 37.08 127.03 0.492 0.031 1.730 0.058 0.046 0.277
2005.3795 37.08 127.03 0.177 0.042 1.691 0.122 0.098 0.536
2005.4068 37.08 127.03 0.512 0.208 0.836 0.112 0.090 0.495
2005.4342 37.08 127.03 0.353 -0.170 1.289 0.128 0.103 0.566
2005.4616 37.08 127.03 0.204 0.073 1.853 0.116 0.094 0.514
2005.4890 37.08 127.03 -0.038 0.109 1.118 0.110 0.089 0.489
2005.5164 37.08 127.03 -0.095 -0.084 0.796 0.110 0.089 0.489
2005.5438 37.08 127.03 0.361 -0.022 3.411 0.119 0.098 0.528
2005.5712 37.08 127.03 0.087 -0.133 2.972 0.129 0.107 0.572
2005.5986 37.08 127.03 0.092 -0.232 0.240 0.132 0.110 0.584
2005.6260 37.08 127.03 0.343 -0.084 1.136 0.117 0.097 0.521
2005.6534 37.08 127.03 0.089 -0.210 -0.235 0.123 0.103 0.547
2005.6808 37.08 127.03 -0.074 -0.066 -0.451 0.121 0.101 0.539
2005.7082 37.08 127.03 0.008 -0.162 0.098 0.145 0.124 0.646
2005.7356 37.08 127.03 0.149 -0.078 -0.529 0.128 0.109 0.571
2005.7630 37.08 127.03 0.215 -0.449 -1.871 0.128 0.109 0.573
2005.7904 37.08 127.03 0.113 0.028 -2.125 0.121 0.102 0.540
2005.8178 37.08 127.03 0.146 -0.398 -0.988 0.124 0.105 0.554
2005.8452 37.08 127.03 0.049 -0.199 -2.162 0.133 0.113 0.594
2005.8726 37.08 127.03 -0.030 -0.301 -2.197 0.115 0.098 0.517
2005.9000 37.08 127.03 -0.085 -0.391 0.031 0.112 0.095 0.506
2005.9274 37.08 127.03 0.048 0.150 -0.409 0.119 0.093 0.526
2005.9548 37.08 127.03 -0.200 -0.097 0.332 0.116 0.093 0.538
2005.9822 37.08 127.03 -0.025 -0.058 0.779 0.112 0.091 0.503
2006.0096 37.08 127.03 0.017 0.184 0.961 0.121 0.101 0.541
2006.0370 37.08 127.03 -0.271 0.391 0.429 0.151 0.128 0.674
2006.0644 37.08 127.03 -0.184 0.301 -0.514 0.153 0.130 0.686
2006.0918 37.08 127.03 0.024 0.613 -0.532 0.152 0.131 0.681
2006.1192 37.08 127.03 0.037 0.219 0.791 0.171 0.150 0.766
2006.1466 37.08 127.03 0.180 0.350 2.488 0.135 0.117 0.609
2006.1740 37.08 127.03 0.383 0.356 1.896 0.151 0.133 0.679
2006.2014 37.08 127.03 0.359 0.451 2.381 0.118 0.102 0.535
2006.2288 37.08 127.03 0.417 1.033 1.439 0.152 0.135 0.685
2006.2562 37.08 127.03 0.183 0.760 -0.673 0.142 0.127 0.642
2006.2836 37.08 127.03 0.414 0.453 -0.270 0.139 0.124 0.630
2006.3110 37.08 127.03 0.496 0.158 -0.656 0.149 0.133 0.672
2006.3384 37.08 127.03 0.529 -0.101 -0.669 0.135 0.120 0.611
2006.3658 37.08 127.03 0.091 -0.148 -0.314 0.149 0.134 0.675
2006.3932 37.08 127.03 0.290 0.100 -0.175 0.147 0.131 0.665
2006.4205 37.08 127.03 0.364 0.074 -0.010 0.148 0.132 0.669
2006.4479 37.08 127.03 0.206 -0.232 0.941 0.163 0.141 0.729
2006.4753 37.08 127.03 0.174 -0.088 2.624 0.164 0.146 0.741
2006.5027 37.08 127.03 0.401 -0.141 3.094 0.170 0.153 0.770
2006.5301 37.08 127.03 0.258 -0.070 3.430 0.201 0.183 0.909
2006.5575 37.08 127.03 0.121 -0.096 -0.354 0.161 0.145 0.729
2006.5849 37.08 127.03 0.309 -0.316 -1.978 0.165 0.149 0.749
2006.6123 37.08 127.03 0.456 -0.166 -2.157 0.202 0.186 0.915
2006.6397 37.08 127.03 -0.019 -0.100 -1.404 0.172 0.156 0.779
2006.6671 37.08 127.03 0.078 -0.283 -3.197 0.157 0.141 0.711
2006.6945 37.08 127.03 0.169 -0.789 -3.154 0.199 0.181 0.900
2006.7219 37.08 127.03 -0.171 -0.790 -3.065 0.188 0.168 0.848
2006.7493 37.08 127.03 -0.449 -0.142 -3.146 0.224 0.201 1.005
2006.7767 37.08 127.03 -0.273 -0.325 -1.879 0.194 0.175 0.874
2006.8041 37.08 127.03 -0.124 -0.921 -0.339 0.157 0.140 0.709
2006.8315 37.08 127.03 -0.038 -0.645 2.420 0.182 0.164 0.820
2006.8589 37.08 127.03 -0.024 0.123 1.942 0.177 0.159 0.798
2006.8863 37.08 127.03 -0.127 0.219 0.132 0.170 0.152 0.767
2006.9137 37.08 127.03 -0.089 -0.147 2.090 0.166 0.146 0.746
2006.9411 37.08 127.03 -0.260 0.364 0.824 0.163 0.143 0.734
2006.9685 37.08 127.03 -0.057 -0.008 2.020 0.163 0.141 0.730
2006.9959 37.08 127.03 0.028 0.349 0.909 0.162 0.138 0.725
2007.0233 37.08 127.03 0.114 0.142 2.270 0.151 0.127 0.675
2007.0507 37.08 127.03 -0.004 0.312 0.151 0.157 0.133 0.703
2007.0781 37.08 127.03 -0.010 -0.035 2.201 0.161 0.141 0.723
2007.1055 37.08 127.03 0.235 0.321 1.184 0.144 0.125 0.648
2007.1329 37.08 127.03 0.228 0.142 2.094 0.157 0.137 0.705
2007.1603 37.08 127.03 -0.050 0.586 1.546 0.149 0.131 0.672
2007.1877 37.08 127.03 -0.056 0.690 -0.663 0.191 0.172 0.861
2007.2151 37.08 127.03 0.228 0.869 -2.334 0.171 0.153 0.770
2007.2425 37.08 127.03 0.393 0.607 0.293 0.164 0.147 0.741
2007.2699 37.08 127.03 0.401 0.415 0.310 0.131 0.115 0.595
2007.2973 37.08 127.03 0.478 0.265 0.338 0.124 0.108 0.563
2007.3247 37.08 127.03 0.452 0.526 1.862 0.151 0.134 0.683
2007.3521 37.08 127.03 0.289 0.347 2.840 0.165 0.148 0.745
2007.3795 37.08 127.03 0.386 0.485 2.391 0.173 0.156 0.781
2007.4068 37.08 127.03 0.251 0.285 2.337 0.145 0.129 0.655
2007.4342 37.08 127.03 0.436 0.350 2.683 0.138 0.122 0.628
2007.4616 37.08 127.03 0.292 0.255 5.137 0.181 0.163 0.816
2007.4890 37.08 127.03 0.180 0.184 3.974 0.140 0.122 0.631
2007.5164 37.08 127.03 -0.063 0.040 0.984 0.147 0.131 0.665
2007.5438 37.08 127.03 0.210 -0.462 1.353 0.143 0.126 0.646
2007.5712 37.08 127.03 0.036 -0.636 -1.320 0.147 0.129 0.663
2007.5986 37.08 127.03 0.027 -0.450 -3.525 0.179 0.160 0.807
2007.6260 37.08 127.03 -0.046 -0.394 -4.517 0.147 0.129 0.662
2007.6534 37.08 127.03 0.032 -0.420 -1.381 0.149 0.131 0.673
2007.6808 37.08 127.03 -0.475 -1.130 -1.942 0.157 0.137 0.707
2007.7082 37.08 127.03 -0.433 -0.508 -1.975 0.117 0.099 0.532
2007.7356 37.08 127.03 -0.186 -0.722 -1.857 0.161 0.140 0.725
2007.7630 37.08 127.03 -0.061 -0.472 -1.319 0.125 0.105 0.565
2007.7904 37.08 127.03 -0.218 -0.210 0.720 0.158 0.139 0.713
2007.8178 37.08 127.03 -0.185 -0.457 0.427 0.182 0.162 0.818
2007.8452 37.08 127.03 -0.148 -0.322 -1.657 0.149 0.130 0.672
2007.8726 37.08 127.03 -0.371 0.062 0.854 0.173 0.152 0.779
2007.9000 37.08 127.03 -0.095 0.066 -2.019 0.185 0.157 0.820
2007.9274 37.08 127.03 0.166 0.198 -1.593 0.179 0.159 0.808
2007.9548 37.08 127.03 0.007 -0.108 0.375 0.135 0.119 0.612
2007.9822 37.08 127.03 0.151 0.107 0.524 0.165 0.147 0.748
2008.0096 37.08 127.03 0.229 -0.187 2.497 0.145 0.129 0.659
2008.0370 37.08 127.03 0.107 0.237 2.060 0.149 0.134 0.677
2008.0644 37.08 127.03 0.146 0.173 -0.062 0.171 0.155 0.777
2008.0918 37.08 127.03 -0.116 -0.034 4.811 0.138 0.122 0.629
2008.1192 37.08 127.03 -0.201 0.545 3.425 0.161 0.146 0.732
2008.1466 37.08 127.03 -0.195 0.254 0.517 0.187 0.170 0.848
2008.1740 37.08 127.03 -0.099 0.629 2.773 0.164 0.148 0.744
2008.2014 37.08 127.03 -0.102 0.803 1.817 0.175 0.160 0.794
2008.2288 37.08 127.03 -0.194 1.379 3.662 0.205 0.184 0.928
2008.2562 37.08 127.03 -0.172 0.457 1.503 0.191 0.172 0.865
2008.2836 37.08 127.03 -0.129 0.647 0.452 0.229 0.207 1.036
2008.3110 37.08 127.03 0.093 0.120 -0.436 0.237 0.214 1.068
2008.3384 37.08 127.03 0.037 0.543 2.277 0.175 0.158 0.793
2008.3658 37.08 127.03 -0.008 0.192 0.852 0.179 0.161 0.810
2008.3932 37.08 127.03 0.312 0.700 0.732 0.164 0.145 0.740
2008.4205 37.08 127.03 0.081 0.155 1.801 0.143 0.126 0.648
2008.4479 37.08 127.03 0.105 -0.198 -0.117 0.145 0.129 0.656
2008.4753 37.08 127.03 -0.130 -0.589 0.161 0.141 0.124 0.638
2008.5027 37.08 127.03 -0.237 -0.625 1.753 0.173 0.152 0.776
2008.5301 37.08 127.03 0.037 -0.634 2.609 0.214 0.189 0.962
2008.5575 37.08 127.03 -0.350 -0.471 0.203 0.141 0.120 0.632
2008.5849 37.08 127.03 -0.174 -0.319 -0.048 0.158 0.139 0.710
2008.6123 37.08 127.03 -0.101 -0.379 -1.435 0.133 0.114 0.598
2008.6397 37.08 127.03 -0.146 -0.860 -1.090 0.145 0.126 0.653
2008.6671 37.08 127.03 -0.121 -0.382 -0.837 0.139 0.121 0.628
2008.6945 37.08 127.03 0.211 -0.473 -0.533 0.135 0.116 0.608
2008.7219 37.08 127.03 -0.326 -0.068 -0.466 0.154 0.136 0.696
2008.7493 37.08 127.03 -0.235 -0.220 0.468 0.140 0.123 0.633
2008.7767 37.08 127.03 -0.259 -0.075 -1.166 0.162 0.145 0.733
2008.8041 37.08 127.03 -0.197 -0.216 -0.200 0.163 0.147 0.738
2008.8315 37.08 127.03 -0.058 -0.331 -0.880 0.185 0.166 0.834
2008.8589 37.08 127.03 -0.424 -0.192 -2.214 0.215 0.194 0.972
2008.8863 37.08 127.03 -0.146 -0.494 -1.749 0.206 0.186 0.933
2008.9137 37.08 127.03 0.042 -0.150 0.488 0.196 0.178 0.889
2008.9411 37.08 127.03 0.119 0.066 2.571 0.206 0.186 0.932
2008.9685 37.08 127.03 -0.042 -0.494 2.088 0.193 0.173 0.872
2008.9945 37.08 127.03 0.015 -0.365 3.196 0.163 0.147 0.740
2009.0205 37.08 127.03 -0.285 0.050 0.653 0.160 0.145 0.727
2009.0479 37.08 127.03 0.021 0.055 5.559 0.160 0.146 0.729
2009.0753 37.08 127.03 0.022 0.354 6.236 0.154 0.139 0.701
2009.1027 37.08 127.03 -0.059 0.300 3.294 0.191 0.174 0.867
2009.1301 37.08 127.03 0.377 0.849 1.447 0.153 0.138 0.695
2009.1575 37.08 127.03 -0.017 0.669 3.117 0.156 0.140 0.708
2009.1849 37.08 127.03 -0.172 0.760 1.435 0.177 0.162 0.807
2009.2123 37.08 127.03 0.335 0.956 2.028 0.154 0.135 0.697
2009.2397 37.08 127.03 0.299 0.358 2.879 0.173 0.157 0.787
2009.2671 37.08 127.03 0.064 0.572 -0.101 0.145 0.131 0.661
2009.2945 37.08 127.03 0.290 0.258 -0.022 0.149 0.134 0.676
2009.3219 37.08 127.03 0.341 0.415 -0.993 0.155 0.140 0.706
2009.3493 37.08 127.03 0.346 0.111 -1.430 0.143 0.127 0.649
2009.3767 37.08 127.03 0.282 0.192 -0.724 0.150 0.134 0.681
2009.4041 37.08 127.03 0.014 -0.418 -2.950 0.133 0.117 0.604
2009.4315 37.08 127.03 0.044 -0.357 -1.061 0.152 0.135 0.688
2009.4589 37.08 127.03 0.431 -0.190 1.827 0.130 0.113 0.588
2009.4863 37.08 127.03 0.351 -0.452 -0.065 0.143 0.124 0.645
2009.5137 37.08 127.03 -0.124 -0.169 0.003 0.138 0.117 0.619
2009.5411 37.08 127.03 0.047 -0.326 -0.207 0.168 0.146 0.757
2009.5685 37.08 127.03 0.050 -0.149 -1.590 0.182 0.157 0.814
2009.5959 37.08 127.03 -0.387 -0.484 -0.527 0.159 0.137 0.715
2009.6233 37.08 127.03 -0.273 -0.555 -2.799 0.164 0.143 0.738
2009.6507 37.08 127.03 0.164 -0.388 -2.747 0.158 0.138 0.712
2009.6781 37.08 127.03 -0.042 -0.223 -3.535 0.169 0.149 0.760
2009.7055 37.08 127.03 -0.343 -0.035 -3.984 0.174 0.156 0.786
2009.7329 37.08 127.03 -0.058 -0.160 -2.755 0.168 0.150 0.760
2009.7603 37.08 127.03 -0.069 -0.103 -1.806 0.192 0.171 0.865
2009.7877 37.08 127.03 -0.010 -0.118 -2.458 0.177 0.158 0.799
2009.8151 37.08 127.03 0.208 -0.145 -1.560 0.189 0.170 0.855
2009.8425 37.08 127.03 0.173 -0.214 0.285 0.172 0.154 0.780
2009.8699 37.08 127.03 -0.019 -0.321 -1.423 0.165 0.148 0.746
2009.8973 37.08 127.03 -0.246 -0.102 -1.534 0.154 0.138 0.699
2009.9247 37.08 127.03 -0.232 0.030 -5.376 0.155 0.135 0.700
2009.9521 37.08 127.03 -0.352 0.236 -3.942 0.144 0.128 0.656
2009.9795 37.08 127.03 0.071 -0.070 -0.191 0.149 0.132 0.674
2010.0068 37.08 127.03 0.117 0.301 0.759 0.187 0.169 0.845
2010.0342 37.08 127.03 -0.184 0.323 -0.420 0.147 0.130 0.666
2010.0616 37.08 127.03 0.008 0.041 2.088 0.150 0.133 0.681
2010.0890 37.08 127.03 0.057 0.398 0.062 0.178 0.161 0.808
2010.1164 37.08 127.03 -0.157 0.611 -0.429 0.184 0.167 0.834
2010.1438 37.08 127.03 -0.021 0.367 -0.949 0.178 0.159 0.805
2010.1712 37.08 127.03 -0.072 0.993 -1.761 0.171 0.152 0.771
2010.1986 37.08 127.03 0.481 0.622 -0.711 0.164 0.145 0.739
2010.2260 37.08 127.03 0.310 -0.052 0.773 0.179 0.159 0.806
2010.2534 37.08 127.03 0.008 0.293 -1.821 0.185 0.163 0.832
2010.2808 37.08 127.03 0.298 0.501 -2.847 0.143 0.125 0.647
2010.3082 37.08 127.03 0.192 -0.243 -2.886 0.150 0.131 0.675
2010.3356 37.08 127.03 0.241 0.275 -0.708 0.138 0.118 0.621
2010.3630 37.08 127.03 0.177 0.072 -0.453 0.147 0.125 0.658
2010.3904 37.08 127.03 -0.211 0.453 -1.246 0.153 0.121 0.670
2010.4178 37.08 127.03 0.077 0.093 -0.835 0.156 0.133 0.698
2010.4452 37.08 127.03 -0.066 0.073 0.317 0.138 0.118 0.625
2010.4726 37.08 127.03 -0.095 -0.123 2.961 0.125 0.105 0.567
2010.5000 37.08 127.03 0.364 -0.106 2.869 0.140 0.120 0.632
2010.5274 37.08 127.03 -0.242 0.114 0.451 0.213 0.192 0.960
2010.5548 37.08 127.03 0.017 -0.115 -0.255 0.139 0.122 0.627
2010.5822 37.08 127.03 0.221 0.031 0.200 0.126 0.111 0.570
2010.6096 37.08 127.03 0.420 0.063 0.668 0.160 0.144 0.724
2010.6370 37.08 127.03 0.250 -0.114 -0.694 0.144 0.128 0.651
2010.6644 37.08 127.03 0.473 -0.083 -3.370 0.135 0.120 0.613
2010.6918 37.08 127.03 0.256 -0.206 -4.372 0.160 0.145 0.727
2010.7192 37.08 127.03 0.183 -0.457 -3.905 0.150 0.135 0.679
2010.7466 37.08 127.03 0.018 -0.620 -4.163 0.173 0.156 0.780
2010.7740 37.08 127.03 -0.394 -0.116 -5.156 0.143 0.127 0.648
2010.8014 37.08 127.03 -0.235 -0.428 -4.268 0.136 0.121 0.616
2010.8288 37.08 127.03 -0.594 -0.336 -4.146 0.154 0.138 0.696
2010.8562 37.08 127.03 -0.238 0.113 -1.677 0.151 0.136 0.685
2010.8836 37.08 127.03 -0.236 0.105 -0.661 0.141 0.125 0.641
2010.9110 37.08 127.03 -0.049 0.273 -0.121 0.154 0.137 0.694
2010.9384 37.08 127.03 0.379 -0.083 4.097 0.159 0.142 0.719
2010.9658 37.08 127.03 0.146 0.117 2.589 0.174 0.156 0.785
2010.9932 37.08 127.03 1.024 0.459 4.672 0.155 0.099 0.640
2011.1027 37.08 127.03 0.435 0.159 -0.840 0.150 0.118 0.661
2011.1301 37.08 127.03 0.530 0.308 2.076 0.209 0.185 0.935
2011.1575 37.08 127.03 0.379 0.211 1.421 0.143 0.123 0.643
2011.1849 37.08 127.03 0.666 0.246 0.764 0.116 0.098 0.526
2011.2123 37.08 127.03 0.409 0.087 1.063 0.177 0.158 0.798
2011.2397 37.08 127.03 0.626 -0.001 2.179 0.184 0.165 0.827
2011.2671 37.08 127.03 0.447 0.493 4.348 0.150 0.133 0.679
2011.2945 37.08 127.03 0.867 0.571 2.768 0.173 0.156 0.780
2011.3219 37.08 127.03 0.360 0.269 2.679 0.162 0.146 0.734
2011.3493 37.08 127.03 0.021 0.218 2.852 0.147 0.131 0.666
2011.3767 37.08 127.03 0.128 -0.043 2.873 0.170 0.153 0.768
2011.4041 37.08 127.03 0.448 0.361 3.056 0.152 0.135 0.687
2011.4315 37.08 127.03 0.445 0.573 5.786 0.162 0.131 0.712
2011.5137 37.08 127.03 -0.098 -0.340 0.976 0.145 0.122 0.647
2011.5411 37.08 127.03 -0.132 -0.069 -2.853 0.150 0.131 0.674
2011.5685 37.08 127.03 -0.021 -0.364 -1.646 0.147 0.128 0.663
2011.5959 37.08 127.03 -0.370 -0.614 -3.208 0.157 0.137 0.705
2011.6233 37.08 127.03 -0.228 -0.329 -3.095 0.158 0.137 0.708
2011.6507 37.08 127.03 -0.200 -0.154 -1.889 0.183 0.162 0.819
2011.6781 37.08 127.03 -0.217 0.097 -1.469 0.169 0.151 0.762
2011.7055 37.08 127.03 -0.389 -0.357 -3.025 0.169 0.151 0.762
2011.7329 37.08 127.03 -0.524 -0.132 -0.488 0.194 0.175 0.873
2011.7603 37.08 127.03 -0.437 -0.488 -2.647 0.168 0.150 0.756
2011.7877 37.08 127.03 -0.340 0.015 -0.567 0.178 0.160 0.801
2011.8151 37.08 127.03 -0.411 -0.224 0.990 0.175 0.157 0.787
2011.8425 37.08 127.03 -0.285 -0.023 -0.892 0.188 0.170 0.847
2011.8699 37.08 127.03 -0.492 -0.193 -1.540 0.186 0.160 0.826
2011.9521 37.08 127.03 -0.260 -0.013 0.894 0.134 0.095 0.572
2011.9795 37.08 127.03 -0.320 0.086 -0.729 0.154 0.135 0.688
2012.0068 37.08 127.03 -0.087 -0.031 -0.409 0.144 0.124 0.644
2012.0342 37.08 127.03 -0.333 -0.221 -1.323 0.172 0.146 0.760
2012.0616 37.08 127.03 -0.501 -0.332 0.375 0.151 0.128 0.666
2012.0890 37.08 127.03 -0.088 -0.124 0.805 0.149 0.126 0.659
2012.1164 37.08 127.03 0.006 0.242 1.181 0.147 0.121 0.649
2012.1438 37.08 127.03 -0.396 0.203 1.257 0.152 0.126 0.666
2012.1712 37.08 127.03 -0.180 0.201 -1.961 0.147 0.118 0.645
2012.1986 37.08 127.03 -0.130 0.282 -2.372 0.134 0.107 0.585
2012.2260 37.08 127.03 -0.321 -0.025 0.258 0.136 0.109 0.594
2012.2534 37.08 127.03 0.030 0.393 0.099 0.132 0.106 0.576
2012.2808 37.08 127.03 -0.161 0.247 2.111 0.123 0.099 0.537
2012.3082 37.08 127.03 -0.053 0.214 1.284 0.157 0.099 0.642
2012.3904 37.08 127.03 0.067 0.401 0.336 0.156 0.118 0.676
2012.4178 37.08 127.03 0.039 0.668 1.437 0.114 0.090 0.498
2012.4452 37.08 127.03 -0.112 0.403 -0.768 0.113 0.089 0.494
2012.4726 37.08 127.03 -0.290 0.032 0.294 0.121 0.097 0.528
2012.5000 37.08 127.03 -0.189 0.082 0.095 0.116 0.091 0.507
2012.5274 37.08 127.03 -0.515 -0.002 -2.431 0.122 0.097 0.536
2012.5548 37.08 127.03 -0.464 -0.087 -1.928 0.122 0.097 0.535
2012.5822 37.08 127.03 0.135 -0.357 -1.175 0.128 0.104 0.560
2012.6096 37.08 127.03 0.244 -0.224 -3.413 0.126 0.103 0.555
2012.6370 37.08 127.03 -0.060 -0.104 -2.976 0.117 0.096 0.516
2012.6644 37.08 127.03 -0.081 0.054 -3.611 0.127 0.105 0.559
2012.6918 37.08 127.03 0.295 -0.098 -2.423 0.130 0.109 0.576
2012.7192 37.08 127.03 0.344 -0.177 -4.628 0.154 0.133 0.684
2012.7466 37.08 127.03 -0.022 0.033 -3.510 0.123 0.085 0.526
2012.8562 37.08 127.03 -0.024 -0.625 -3.788 0.161 0.139 0.718
2012.8836 37.08 127.03 0.241 -0.380 -3.364 0.148 0.133 0.671
2012.9110 37.08 127.03 0.049 -0.378 -2.021 0.141 0.126 0.638
2012.9384 37.08 127.03 0.226 -0.736 -2.608 0.139 0.120 0.623
2012.9658 37.08 127.03 -0.449 -0.669 -2.222 0.151 0.137 0.682
2012.9918 37.08 127.03 -0.220 -0.466 -1.470 0.077 0.067 0.357
2013.0178 37.08 127.03 0.098 -0.724 -1.339 0.090 0.079 0.411
2013.0452 37.08 127.03 -0.043 -0.051 -0.045 0.089 0.079 0.410
2013.0726 37.08 127.03 0.043 -0.349 -0.783 0.083 0.072 0.382
2013.1000 37.08 127.03 0.058 -0.788 -0.310 0.085 0.074 0.390
2013.1274 37.08 127.03 0.192 -0.004 1.043 0.079 0.069 0.367
2013.1548 37.08 127.03 0.148 -0.448 -0.345 0.078 0.062 0.352
2013.2644 37.08 127.03 0.038 0.501 -3.013 0.095 0.045 0.371
2013.2918 37.08 127.03 0.163 0.090 -2.582 0.081 0.071 0.375
2013.3192 37.08 127.03 0.495 0.134 -4.373 0.089 0.079 0.410
2013.3466 37.08 127.03 0.481 0.272 -4.247 0.091 0.081 0.419
2013.3740 37.08 127.03 0.027 -0.398 -1.852 0.079 0.070 0.366
2013.4014 37.08 127.03 0.477 -0.097 -1.869 0.081 0.072 0.376
2013.4288 37.08 127.03 0.381 -0.015 -0.943 0.072 0.063 0.338
2013.4562 37.08 127.03 0.384 0.121 -1.681 0.074 0.064 0.344
2013.4836 37.08 127.03 -0.035 -0.084 0.070 0.075 0.066 0.350
2013.5110 37.08 127.03 0.102 0.180 -1.954 0.084 0.074 0.388
2013.5384 37.08 127.03 0.664 -0.451 -2.126 0.084 0.070 0.383
2013.5658 37.08 127.03 0.707 -0.568 -1.150 0.086 0.076 0.398
2013.7575 37.08 127.03 0.435 0.134 -0.966 0.084 0.070 0.383
2013.7849 37.08 127.03 0.198 -0.114 -2.876 0.086 0.073 0.393
2013.8123 37.08 127.03 0.017 -0.224 -3.828 0.079 0.067 0.362
2013.8397 37.08 127.03 0.036 0.039 0.318 0.080 0.068 0.366
2013.8671 37.08 127.03 0.154 -0.189 -0.287 0.085 0.072 0.389
2013.8945 37.08 127.03 0.289 0.094 2.589 0.079 0.067 0.363
2013.9219 37.08 127.03 0.382 -0.118 2.580 0.071 0.060 0.330
2013.9493 37.08 127.03 0.181 -0.440 1.666 0.075 0.064 0.346
2013.9767 37.08 127.03 0.129 -0.357 -0.413 0.077 0.064 0.352
2014.0041 37.08 127.03 0.250 -0.217 1.210 0.074 0.062 0.341
2014.0315 37.08 127.03 0.153 0.161 1.237 0.077 0.064 0.351
2014.1685 37.08 127.03 0.234 0.294 -1.195 0.081 0.068 0.372
2014.1959 37.08 127.03 0.453 0.667 -1.156 0.081 0.071 0.375
2014.2233 37.08 127.03 0.356 0.303 -0.774 0.077 0.067 0.358
2014.2507 37.08 127.03 0.343 0.395 -2.593 0.071 0.062 0.331
2014.2781 37.08 127.03 0.526 0.735 -2.345 0.075 0.066 0.349
2014.3055 37.08 127.03 0.349 0.379 -1.802 0.072 0.063 0.336
2014.3329 37.08 127.03 0.370 0.214 0.076 0.060 0.051 0.284
2014.3603 37.08 127.03 0.505 -0.067 -0.160 0.067 0.058 0.316
2014.3877 37.08 127.03 0.360 0.447 -0.606 0.068 0.058 0.317
2014.4151 37.08 127.03 0.159 0.022 0.335 0.067 0.058 0.315
2014.4425 37.08 127.03 0.352 0.302 0.873 0.071 0.061 0.332
2014.4699 37.08 127.03 0.231 0.525 1.404 0.071 0.060 0.330
2014.5795 37.08 127.03 -0.002 -0.148 -0.684 0.066 0.049 0.302
2014.6068 37.08 127.03 -0.074 0.092 -0.069 0.063 0.053 0.296
2014.6342 37.08 127.03 -0.332 0.053 -2.554 0.058 0.048 0.274
2014.6616 37.08 127.03 -0.079 -0.045 -2.927 0.064 0.054 0.299
2014.6890 37.08 127.03 -0.317 0.231 -1.521 0.062 0.053 0.292
2014.7164 37.08 127.03 -0.678 -0.407 -2.228 0.061 0.051 0.287
2014.7438 37.08 127.03 -0.686 -0.092 -2.256 0.066 0.056 0.307
2014.7712 37.08 127.03 -0.522 -0.134 0.125 0.065 0.055 0.304
2014.7986 37.08 127.03 -0.514 0.365 -4.428 0.059 0.049 0.276
2014.8260 37.08 127.03 -0.463 0.002 -2.372 0.059 0.048 0.275
2014.8534 37.08 127.03 -0.282 -0.145 -0.128 0.062 0.051 0.289
2014.8808 37.08 127.03 -0.476 -0.270 0.250 0.062 0.051 0.289
2014.9082 37.08 127.03 -0.191 0.310 0.004 0.063 0.052 0.294
2015.0452 37.08 127.03 -0.317 0.001 3.340 0.049 0.037 0.231
2015.0726 37.08 127.03 -0.231 -0.083 3.480 0.053 0.039 0.242
2015.1000 37.08 127.03 -0.201 0.419 2.446 0.047 0.036 0.225
2015.1274 37.08 127.03 -0.041 0.235 0.783 0.044 0.033 0.213
2015.1548 37.08 127.03 0.063 0.090 0.908 0.051 0.038 0.235
2015.1822 37.08 127.03 -0.128 0.803 1.738 0.048 0.036 0.226
2015.2096 37.08 127.03 -0.033 0.411 -0.092 0.063 0.048 0.285
2015.2370 37.08 127.03 0.097 1.085 -1.151 0.067 0.055 0.308
2015.2644 37.08 127.03 0.086 0.445 0.504 0.059 0.049 0.279
2015.2918 37.08 127.03 -0.034 0.095 0.125 0.060 0.050 0.281
2015.3192 37.08 127.03 0.121 0.383 2.515 0.058 0.048 0.272
2015.3466 37.08 127.03 0.398 0.277 0.204 0.062 0.052 0.291
2015.4836 37.08 127.03 -0.513 0.627 0.847 0.060 0.042 0.271
2015.5110 37.08 127.03 0.314 0.454 4.510 0.057 0.043 0.264
2015.5384 37.08 127.03 0.020 -0.469 -0.264 0.062 0.048 0.285
2015.5658 37.08 127.03 -0.688 -0.544 1.542 0.062 0.051 0.286
2015.5932 37.08 127.03 -0.488 -0.267 0.217 0.064 0.053 0.295
2015.6205 37.08 127.03 -0.095 0.219 -3.605 0.062 0.050 0.287
2015.6479 37.08 127.03 -0.292 0.195 -1.987 0.060 0.049 0.280
2015.6753 37.08 127.03 -0.184 -0.083 -1.074 0.058 0.047 0.271
2015.7027 37.08 127.03 -0.535 0.009 -1.666 0.063 0.052 0.291
2015.7301 37.08 127.03 -0.325 -0.302 -3.030 0.063 0.051 0.292
2015.9493 37.08 127.03 -0.253 0.842 -2.322 0.061 0.051 0.286
2015.9767 37.08 127.03 -0.455 0.666 -1.400 0.064 0.053 0.295
2016.0041 37.08 127.03 -0.379 -0.028 -0.910 0.058 0.048 0.271
2016.0315 37.08 127.03 -0.309 0.477 -0.090 0.055 0.045 0.259
2016.0589 37.08 127.03 -0.269 -0.088 -1.277 0.056 0.046 0.265
2016.0863 37.08 127.03 -0.153 -0.190 0.968 0.051 0.042 0.246
2016.1137 37.08 127.03 -0.215 0.141 -0.756 0.057 0.047 0.268
2016.1411 37.08 127.03 -0.021 -0.074 -1.481 0.067 0.056 0.308
2016.1685 37.08 127.03 0.148 0.714 -3.469 0.072 0.061 0.330
2016.1959 37.08 127.03 0.307 0.791 -3.355 0.070 0.062 0.328
2016.2233 37.08 127.03 -0.131 0.128 -1.741 0.071 0.064 0.333
2016.2507 37.08 127.03 0.265 0.255 -4.857 0.060 0.049 0.281
2016.3603 37.08 127.03 0.594 -0.515 -7.167 0.055 0.046 0.263
2016.3877 37.08 127.03 0.714 -0.606 -1.706 0.065 0.055 0.301
2016.4151 37.08 127.03 0.200 -0.372 0.846 0.064 0.053 0.296
2016.4425 37.08 127.03 -0.320 0.064 2.024 0.068 0.057 0.314
2016.4699 37.08 127.03 0.038 0.545 1.215 0.067 0.056 0.308
