2002.5877 46.86 -92.59 -0.657 0.028 2.682 0.116 0.102 0.533
2002.6151 46.86 -92.59 -0.686 0.044 2.981 0.111 0.099 0.510
2002.6425 46.86 -92.59 -0.438 -0.513 2.238 0.113 0.101 0.519
2002.6699 46.86 -92.59 -0.793 -0.616 0.560 0.098 0.087 0.454
2002.6973 46.86 -92.59 -0.774 -0.308 -1.229 0.173 0.089 0.665
2002.7247 46.86 -92.59 -0.828 -0.039 0.989 0.105 0.094 0.483
2002.7521 46.86 -92.59 -1.105 -0.242 2.853 0.097 0.088 0.450
2002.7795 46.86 -92.59 -1.353 0.030 1.289 0.112 0.102 0.522
2002.8068 46.86 -92.59 -1.304 -0.010 2.704 0.101 0.090 0.465
2002.8342 46.86 -92.59 -1.472 0.737 0.585 0.099 0.089 0.458
2002.8616 46.86 -92.59 -1.565 0.182 2.102 0.104 0.083 0.463
2002.8890 46.86 -92.59 -1.509 0.326 2.254 0.101 0.090 0.463
2002.9164 46.86 -92.59 -1.343 0.383 1.939 0.108 0.095 0.497
2003.0260 46.86 -92.59 -0.790 0.056 3.522 0.122 0.108 0.563
2003.0534 46.86 -92.59 -0.625 -0.418 -0.095 0.197 0.177 0.893
2003.0808 46.86 -92.59 -0.184 -0.379 -0.021 0.177 0.152 0.802
2003.1082 46.86 -92.59 -0.842 -0.072 2.337 0.104 0.089 0.480
2003.1356 46.86 -92.59 -0.613 -0.266 1.551 0.096 0.083 0.448
2003.1630 46.86 -92.59 -0.647 -0.330 1.827 0.102 0.089 0.472
2003.1904 46.86 -92.59 -0.750 -0.483 -0.666 0.120 0.102 0.549
2003.2178 46.86 -92.59 -0.815 -0.629 0.938 0.101 0.087 0.465
2003.2452 46.86 -92.59 -0.925 -0.567 0.014 0.098 0.086 0.454
2003.2726 46.86 -92.59 -0.819 -1.222 2.235 0.096 0.084 0.443
2003.3000 46.86 -92.59 -0.884 -0.905 1.264 0.093 0.082 0.433
2003.3274 46.86 -92.59 -0.700 -0.877 0.486 0.121 0.107 0.557
2003.3548 46.86 -92.59 -1.146 -0.869 -0.894 0.132 0.118 0.604
2003.3822 46.86 -92.59 -1.331 -0.683 -1.115 0.122 0.106 0.560
2003.5192 46.86 -92.59 -0.888 -0.253 1.559 0.125 0.114 0.575
2003.5466 46.86 -92.59 -1.043 -0.519 1.286 0.138 0.126 0.630
2003.5740 46.86 -92.59 -1.133 -0.151 4.200 0.160 0.147 0.728
2003.6014 46.86 -92.59 -1.003 0.109 4.314 0.138 0.126 0.631
2003.6288 46.86 -92.59 -0.919 0.181 5.125 0.131 0.119 0.602
2003.6562 46.86 -92.59 -0.775 0.002 5.546 0.141 0.128 0.642
2003.6836 46.86 -92.59 -1.080 0.133 7.979 0.138 0.126 0.631
2003.7110 46.86 -92.59 -0.705 0.349 4.689 0.110 0.098 0.504
2003.7384 46.86 -92.59 -0.790 0.378 6.452 0.132 0.119 0.601
2003.7658 46.86 -92.59 -1.139 0.186 3.854 0.121 0.110 0.554
2003.7932 46.86 -92.59 -0.879 0.375 6.499 0.135 0.122 0.614
2003.8205 46.86 -92.59 -0.725 0.841 4.340 0.147 0.129 0.659
2003.8479 46.86 -92.59 -1.039 0.202 1.633 0.130 0.111 0.584
2003.8753 46.86 -92.59 -0.847 0.266 4.609 0.135 0.121 0.611
2003.9027 46.86 -92.59 -1.006 0.330 3.969 0.125 0.109 0.564
2003.9301 46.86 -92.59 -1.023 0.086 3.836 0.130 0.113 0.583
2003.9575 46.86 -92.59 -1.050 0.462 3.734 0.145 0.128 0.647
2003.9849 46.86 -92.59 -0.687 0.256 4.139 0.138 0.120 0.615
2004.0123 46.86 -92.59 -0.904 0.206 3.731 0.148 0.128 0.659
2004.0397 46.86 -92.59 -0.576 0.064 4.631 0.127 0.109 0.575
2004.0945 46.86 -92.59 -0.523 0.185 2.799 0.118 0.101 0.536
2004.1219 46.86 -92.59 -0.481 0.116 2.689 0.125 0.106 0.557
2004.1493 46.86 -92.59 -0.693 -0.170 2.449 0.147 0.124 0.650
2004.1767 46.86 -92.59 -1.063 -0.737 3.495 0.156 0.132 0.686
2004.2041 46.86 -92.59 -0.694 -0.425 3.084 0.129 0.108 0.567
2004.2315 46.86 -92.59 -0.828 -0.155 3.143 0.131 0.109 0.576
2004.2589 46.86 -92.59 -0.519 0.131 2.868 0.135 0.112 0.594
2004.2863 46.86 -92.59 -0.339 0.021 -0.258 0.136 0.112 0.596
2004.3137 46.86 -92.59 -0.130 0.232 -1.111 0.130 0.106 0.568
2004.3411 46.86 -92.59 -0.302 -0.069 1.392 0.142 0.116 0.618
2004.3685 46.86 -92.59 -0.594 0.208 -0.364 0.137 0.113 0.603
2004.3959 46.86 -92.59 -0.518 0.195 1.156 0.121 0.100 0.536
2004.4233 46.86 -92.59 -0.372 0.471 0.338 0.116 0.096 0.516
2004.4507 46.86 -92.59 -0.234 0.050 -1.905 0.104 0.085 0.459
2004.4781 46.86 -92.59 -0.526 0.127 -0.453 0.114 0.093 0.500
2004.5055 46.86 -92.59 -0.467 0.308 1.003 0.111 0.091 0.490
2004.5329 46.86 -92.59 -0.713 0.138 0.802 0.105 0.086 0.467
2004.5603 46.86 -92.59 -0.601 0.205 2.672 0.108 0.088 0.477
2004.5877 46.86 -92.59 -0.756 0.343 1.343 0.109 0.089 0.484
2004.6151 46.86 -92.59 -0.794 0.167 1.113 0.120 0.099 0.531
2004.6425 46.86 -92.59 -0.731 0.462 2.651 0.103 0.085 0.459
2004.6699 46.86 -92.59 -0.674 0.437 1.854 0.103 0.086 0.461
2004.6973 46.86 -92.59 -0.514 0.431 2.156 0.097 0.081 0.436
2004.7247 46.86 -92.59 -0.648 0.598 0.734 0.110 0.091 0.492
2004.7521 46.86 -92.59 -0.595 0.207 -0.274 0.106 0.089 0.476
2004.7795 46.86 -92.59 -0.799 0.205 1.416 0.103 0.085 0.461
2004.8068 46.86 -92.59 -0.755 0.128 0.696 0.114 0.093 0.504
2004.8342 46.86 -92.59 -0.714 0.201 -1.259 0.113 0.092 0.497
2004.8616 46.86 -92.59 -0.740 0.365 0.427 0.100 0.083 0.448
2004.8890 46.86 -92.59 -0.819 0.135 1.147 0.100 0.083 0.446
2004.9164 46.86 -92.59 -0.543 0.358 -0.792 0.109 0.089 0.481
2004.9438 46.86 -92.59 -0.654 0.583 -2.316 0.120 0.100 0.538
2004.9712 46.86 -92.59 -0.789 0.371 -0.168 0.109 0.089 0.478
2004.9973 46.86 -92.59 -0.654 0.462 -2.271 0.105 0.087 0.469
2005.0233 46.86 -92.59 -0.594 0.317 -1.868 0.121 0.099 0.529
2005.0507 46.86 -92.59 -0.336 0.096 -0.961 0.174 0.145 0.755
2005.0781 46.86 -92.59 -0.626 -0.122 -0.158 0.134 0.111 0.585
2005.1055 46.86 -92.59 -0.887 -0.000 -0.205 0.133 0.111 0.583
2005.1329 46.86 -92.59 -0.683 -0.422 0.131 0.136 0.114 0.597
2005.1603 46.86 -92.59 -0.485 0.304 -1.051 0.122 0.102 0.541
2005.1877 46.86 -92.59 -0.436 0.029 -1.769 0.124 0.102 0.546
2005.2151 46.86 -92.59 -0.401 -0.012 -1.703 0.117 0.097 0.521
2005.2425 46.86 -92.59 -0.442 -0.633 -3.678 0.112 0.094 0.501
2005.2699 46.86 -92.59 -0.494 -0.431 -3.123 0.120 0.101 0.532
2005.2973 46.86 -92.59 -0.622 -0.412 -3.259 0.126 0.106 0.560
2005.3247 46.86 -92.59 -0.198 -0.559 -1.134 0.133 0.112 0.589
2005.3521 46.86 -92.59 -0.434 -0.206 0.569 0.059 0.050 0.287
2005.3795 46.86 -92.59 -0.435 0.074 -1.625 0.125 0.106 0.556
2005.4068 46.86 -92.59 -0.317 -0.119 -2.797 0.115 0.097 0.514
2005.4342 46.86 -92.59 -0.436 -0.351 -3.833 0.131 0.112 0.589
2005.4616 46.86 -92.59 -0.257 -0.708 -3.484 0.119 0.101 0.534
2005.4890 46.86 -92.59 -0.224 -0.464 -1.017 0.113 0.096 0.508
2005.5164 46.86 -92.59 -0.017 -0.564 -0.796 0.113 0.096 0.507
2005.5438 46.86 -92.59 0.025 -0.245 -0.632 0.122 0.105 0.546
2005.5712 46.86 -92.59 -0.059 -0.035 1.112 0.132 0.114 0.591
2005.5986 46.86 -92.59 -0.180 -0.003 0.590 0.135 0.117 0.604
2005.6260 46.86 -92.59 -0.257 0.144 0.936 0.120 0.104 0.538
2005.6534 46.86 -92.59 -0.275 -0.185 1.538 0.126 0.109 0.565
2005.6808 46.86 -92.59 -0.021 -0.403 3.006 0.124 0.108 0.556
2005.7082 46.86 -92.59 -0.313 -0.401 1.107 0.148 0.131 0.664
2005.7356 46.86 -92.59 -0.480 -0.222 3.623 0.131 0.115 0.588
2005.7630 46.86 -92.59 -0.298 -0.727 1.326 0.131 0.116 0.590
2005.7904 46.86 -92.59 -0.357 0.016 0.075 0.123 0.108 0.557
2005.8178 46.86 -92.59 -0.250 0.188 1.157 0.126 0.112 0.570
2005.8452 46.86 -92.59 -0.346 -0.111 3.213 0.135 0.120 0.612
2005.8726 46.86 -92.59 -0.103 0.016 2.140 0.117 0.104 0.533
2005.9000 46.86 -92.59 -0.075 -0.015 0.722 0.115 0.101 0.522
2005.9274 46.86 -92.59 -0.154 0.319 -0.572 0.122 0.103 0.552
2005.9548 46.86 -92.59 -0.275 0.173 -0.598 0.119 0.102 0.562
2005.9822 46.86 -92.59 -0.112 0.076 0.720 0.115 0.099 0.524
2006.0096 46.86 -92.59 -0.163 0.052 -0.305 0.123 0.108 0.560
2006.0370 46.86 -92.59 -0.240 -0.278 -1.643 0.154 0.137 0.696
2006.0644 46.86 -92.59 -0.024 -0.117 -1.332 0.156 0.139 0.709
2006.0918 46.86 -92.59 0.020 -0.565 -2.263 0.155 0.139 0.702
2006.1192 46.86 -92.59 0.195 -0.728 -2.144 0.174 0.158 0.787
2006.1466 46.86 -92.59 0.201 -0.314 -1.778 0.138 0.124 0.627
2006.1740 46.86 -92.59 -0.043 -0.566 -1.150 0.153 0.140 0.696
2006.2014 46.86 -92.59 -0.063 -0.589 -2.201 0.120 0.108 0.550
2006.2288 46.86 -92.59 0.013 -0.889 -1.990 0.154 0.141 0.701
2006.2562 46.86 -92.59 0.021 -0.991 -2.626 0.144 0.132 0.657
2006.2836 46.86 -92.59 -0.194 -0.801 -2.448 0.142 0.130 0.645
2006.3110 46.86 -92.59 -0.032 -0.883 -1.296 0.151 0.139 0.687
2006.3384 46.86 -92.59 -0.216 -0.722 -0.409 0.137 0.126 0.625
2006.3658 46.86 -92.59 -0.153 -0.421 -2.366 0.151 0.140 0.690
2006.3932 46.86 -92.59 -0.013 -0.602 -1.036 0.149 0.137 0.681
2006.4205 46.86 -92.59 -0.028 -0.761 -1.462 0.150 0.138 0.685
2006.4479 46.86 -92.59 0.051 -0.334 -1.576 0.166 0.149 0.750
2006.4753 46.86 -92.59 0.113 -0.009 0.414 0.167 0.154 0.760
2006.5027 46.86 -92.59 0.027 0.228 1.040 0.172 0.160 0.788
2006.5301 46.86 -92.59 0.071 -0.024 1.395 0.204 0.190 0.928
2006.5575 46.86 -92.59 0.383 0.654 4.229 0.163 0.151 0.745
2006.5849 46.86 -92.59 0.092 0.151 2.904 0.167 0.156 0.765
2006.6123 46.86 -92.59 0.011 -0.093 3.753 0.204 0.192 0.931
2006.6397 46.86 -92.59 -0.100 -0.283 3.253 0.174 0.163 0.795
2006.6671 46.86 -92.59 -0.350 0.046 4.599 0.159 0.147 0.727
2006.6945 46.86 -92.59 -0.642 -0.154 6.083 0.202 0.189 0.919
2006.7219 46.86 -92.59 -0.439 0.207 4.860 0.191 0.176 0.868
2006.7493 46.86 -92.59 -0.523 0.242 5.416 0.226 0.210 1.028
2006.7767 46.86 -92.59 -0.569 0.003 6.295 0.196 0.183 0.893
2006.8041 46.86 -92.59 -0.636 0.317 4.774 0.159 0.147 0.725
2006.8315 46.86 -92.59 -0.538 0.192 6.401 0.184 0.171 0.838
2006.8589 46.86 -92.59 -0.547 0.219 6.373 0.179 0.166 0.817
2006.8863 46.86 -92.59 -0.517 0.217 6.669 0.172 0.159 0.785
2006.9137 46.86 -92.59 -0.361 0.192 3.935 0.168 0.154 0.765
2006.9411 46.86 -92.59 -0.400 0.156 3.354 0.165 0.151 0.753
2006.9685 46.86 -92.59 -0.314 0.171 5.005 0.165 0.149 0.751
2006.9959 46.86 -92.59 -0.393 -0.103 2.972 0.165 0.147 0.748
2007.0233 46.86 -92.59 -0.504 0.020 4.951 0.154 0.136 0.699
2007.0507 46.86 -92.59 -0.473 0.036 4.040 0.161 0.142 0.726
2007.0781 46.86 -92.59 -0.266 -0.099 3.382 0.163 0.149 0.743
2007.1055 46.86 -92.59 -0.179 -0.446 4.362 0.146 0.132 0.666
2007.1329 46.86 -92.59 -0.195 -0.559 3.187 0.159 0.144 0.724
2007.1603 46.86 -92.59 -0.395 -0.579 3.606 0.151 0.138 0.690
2007.1877 46.86 -92.59 -0.332 -0.579 5.281 0.194 0.180 0.881
2007.2151 46.86 -92.59 -0.287 -0.577 1.678 0.173 0.160 0.788
2007.2425 46.86 -92.59 -0.572 -0.763 1.256 0.166 0.154 0.758
2007.2699 46.86 -92.59 -0.438 -0.556 0.413 0.134 0.121 0.612
2007.2973 46.86 -92.59 -0.466 -0.566 0.676 0.126 0.114 0.578
2007.3247 46.86 -92.59 -0.289 -0.664 1.145 0.153 0.141 0.699
2007.3521 46.86 -92.59 -0.298 -0.555 2.876 0.167 0.155 0.762
2007.3795 46.86 -92.59 -0.251 -0.892 0.695 0.175 0.163 0.798
2007.4068 46.86 -92.59 -0.227 -0.495 0.748 0.147 0.135 0.671
2007.4342 46.86 -92.59 -0.050 -0.346 -0.151 0.141 0.129 0.643
2007.4616 46.86 -92.59 0.007 -0.695 -0.015 0.183 0.170 0.834
2007.4890 46.86 -92.59 0.299 -0.761 0.501 0.142 0.129 0.648
2007.5164 46.86 -92.59 0.409 -0.372 2.964 0.149 0.137 0.681
2007.5438 46.86 -92.59 0.451 -0.259 2.959 0.145 0.133 0.662
2007.5712 46.86 -92.59 0.099 -0.380 5.164 0.149 0.136 0.680
2007.5986 46.86 -92.59 0.161 -0.175 7.008 0.181 0.167 0.826
2007.6260 46.86 -92.59 -0.019 -0.128 6.665 0.149 0.136 0.680
2007.6534 46.86 -92.59 -0.157 -0.138 6.173 0.151 0.138 0.690
2007.6808 46.86 -92.59 -0.172 -0.249 6.822 0.159 0.145 0.726
2007.7082 46.86 -92.59 0.035 0.123 7.770 0.120 0.106 0.549
2007.7356 46.86 -92.59 0.200 0.284 6.457 0.164 0.148 0.745
2007.7630 46.86 -92.59 -0.089 0.562 5.085 0.128 0.113 0.585
2007.7904 46.86 -92.59 0.111 0.327 1.890 0.161 0.147 0.732
2007.8178 46.86 -92.59 0.056 0.344 0.570 0.184 0.170 0.837
2007.8452 46.86 -92.59 0.130 0.396 1.156 0.151 0.137 0.690
2007.8726 46.86 -92.59 0.174 0.427 -0.773 0.175 0.160 0.799
2007.9000 46.86 -92.59 -0.022 0.188 3.765 0.188 0.166 0.844
2007.9274 46.86 -92.59 0.061 0.297 1.972 0.181 0.167 0.827
2007.9548 46.86 -92.59 -0.208 0.342 2.882 0.137 0.125 0.628
2007.9822 46.86 -92.59 -0.042 0.169 1.013 0.167 0.154 0.765
2008.0096 46.86 -92.59 -0.133 0.193 3.652 0.147 0.135 0.674
2008.0370 46.86 -92.59 0.098 0.207 1.306 0.151 0.140 0.692
2008.0644 46.86 -92.59 0.072 -0.032 1.392 0.173 0.162 0.792
2008.0918 46.86 -92.59 0.178 -0.426 1.673 0.140 0.129 0.644
2008.1192 46.86 -92.59 0.310 -0.056 0.599 0.163 0.152 0.747
2008.1466 46.86 -92.59 0.006 -0.204 2.425 0.189 0.177 0.864
2008.1740 46.86 -92.59 -0.009 -0.537 0.376 0.166 0.154 0.759
2008.2014 46.86 -92.59 -0.408 -0.370 0.388 0.177 0.166 0.809
2008.2288 46.86 -92.59 -0.024 -0.526 -3.168 0.208 0.192 0.951
2008.2562 46.86 -92.59 -0.005 -0.509 2.551 0.193 0.179 0.883
2008.2836 46.86 -92.59 -0.129 0.048 1.455 0.232 0.215 1.059
2008.3110 46.86 -92.59 -0.094 0.111 -1.986 0.239 0.223 1.090
2008.3384 46.86 -92.59 -0.011 -0.023 -1.114 0.177 0.165 0.810
2008.3658 46.86 -92.59 0.072 -0.103 -3.373 0.182 0.168 0.829
2008.3932 46.86 -92.59 0.263 -0.090 -2.979 0.166 0.152 0.759
2008.4205 46.86 -92.59 0.249 -0.407 -2.553 0.146 0.132 0.665
2008.4479 46.86 -92.59 -0.152 -0.330 -3.143 0.147 0.135 0.672
2008.4753 46.86 -92.59 -0.019 -0.486 -2.101 0.143 0.131 0.654
2008.5027 46.86 -92.59 0.167 0.057 1.569 0.175 0.159 0.796
2008.5301 46.86 -92.59 0.249 0.288 3.266 0.217 0.198 0.986
2008.5575 46.86 -92.59 0.301 0.199 0.911 0.143 0.128 0.652
2008.5849 46.86 -92.59 -0.030 0.406 2.793 0.160 0.146 0.727
2008.6123 46.86 -92.59 0.035 0.530 2.839 0.135 0.121 0.615
2008.6397 46.86 -92.59 0.020 0.325 2.257 0.148 0.133 0.671
2008.6671 46.86 -92.59 -0.072 0.466 3.733 0.142 0.128 0.645
2008.6945 46.86 -92.59 -0.081 0.410 1.753 0.137 0.123 0.625
2008.7219 46.86 -92.59 -0.274 0.389 3.020 0.157 0.143 0.713
2008.7493 46.86 -92.59 -0.011 0.550 1.388 0.142 0.129 0.648
2008.7767 46.86 -92.59 -0.146 0.264 1.629 0.165 0.152 0.749
2008.8041 46.86 -92.59 -0.152 0.120 1.429 0.165 0.153 0.753
2008.8315 46.86 -92.59 -0.212 0.079 3.509 0.187 0.173 0.852
2008.8589 46.86 -92.59 -0.140 0.235 1.035 0.218 0.202 0.992
2008.8863 46.86 -92.59 0.147 0.075 1.391 0.209 0.194 0.952
2008.9137 46.86 -92.59 -0.071 0.112 -0.114 0.199 0.185 0.907
2008.9411 46.86 -92.59 0.086 0.152 1.720 0.209 0.193 0.952
2008.9685 46.86 -92.59 -0.001 0.227 0.735 0.195 0.181 0.892
2008.9945 46.86 -92.59 0.053 -0.061 1.274 0.165 0.153 0.754
2009.0205 46.86 -92.59 0.291 -0.275 0.458 0.162 0.151 0.740
2009.0479 46.86 -92.59 0.103 -0.195 1.098 0.162 0.151 0.742
2009.0753 46.86 -92.59 0.306 -0.472 0.127 0.156 0.144 0.715
2009.1027 46.86 -92.59 0.154 -0.081 0.474 0.193 0.180 0.883
2009.1301 46.86 -92.59 0.170 -0.451 -2.455 0.155 0.143 0.708
2009.1575 46.86 -92.59 0.114 -0.175 -0.310 0.158 0.146 0.723
2009.1849 46.86 -92.59 0.173 -0.380 -1.964 0.179 0.168 0.821
2009.2123 46.86 -92.59 0.335 -0.457 -4.042 0.157 0.142 0.713
2009.2397 46.86 -92.59 0.152 -0.519 -2.972 0.175 0.163 0.801
2009.2671 46.86 -92.59 0.372 -0.918 -5.115 0.147 0.136 0.674
2009.2945 46.86 -92.59 0.320 -1.011 -4.624 0.151 0.139 0.690
2009.3219 46.86 -92.59 0.172 -0.719 -1.791 0.157 0.145 0.720
2009.3493 46.86 -92.59 0.350 -0.349 -3.573 0.145 0.133 0.663
2009.3767 46.86 -92.59 0.492 -0.688 -3.742 0.153 0.140 0.697
2009.4041 46.86 -92.59 0.762 -0.317 -3.024 0.135 0.123 0.619
2009.4315 46.86 -92.59 0.594 -0.239 -3.461 0.154 0.141 0.703
2009.4589 46.86 -92.59 0.506 -0.119 0.595 0.132 0.119 0.603
2009.4863 46.86 -92.59 0.690 0.028 -0.175 0.145 0.131 0.662
2009.5137 46.86 -92.59 0.576 0.044 0.559 0.141 0.124 0.638
2009.5411 46.86 -92.59 0.712 0.255 0.881 0.171 0.154 0.778
2009.5685 46.86 -92.59 0.473 0.347 -0.416 0.185 0.166 0.838
2009.5959 46.86 -92.59 0.482 0.373 -1.220 0.162 0.145 0.737
2009.6233 46.86 -92.59 0.679 0.718 0.813 0.167 0.151 0.758
2009.6507 46.86 -92.59 0.552 0.464 -0.208 0.161 0.146 0.730
2009.6781 46.86 -92.59 0.378 0.544 0.532 0.171 0.156 0.778
2009.7055 46.86 -92.59 0.259 0.440 1.614 0.177 0.162 0.803
2009.7329 46.86 -92.59 0.056 0.287 4.152 0.171 0.156 0.777
2009.7603 46.86 -92.59 -0.119 0.794 -0.728 0.194 0.179 0.884
2009.7877 46.86 -92.59 -0.253 0.661 1.238 0.179 0.165 0.816
2009.8151 46.86 -92.59 -0.284 0.253 0.087 0.192 0.177 0.872
2009.8425 46.86 -92.59 -0.409 0.131 -0.763 0.175 0.161 0.796
2009.8699 46.86 -92.59 -0.438 0.100 0.129 0.167 0.154 0.762
2009.8973 46.86 -92.59 -0.299 0.094 1.958 0.156 0.144 0.714
2009.9247 46.86 -92.59 -0.369 -0.014 0.282 0.158 0.142 0.719
2009.9521 46.86 -92.59 -0.194 0.003 -0.039 0.147 0.134 0.671
2009.9795 46.86 -92.59 -0.304 0.189 0.422 0.151 0.138 0.690
2010.0068 46.86 -92.59 -0.239 0.130 -0.206 0.189 0.175 0.861
2010.0342 46.86 -92.59 -0.418 0.036 0.870 0.149 0.136 0.681
2010.0616 46.86 -92.59 -0.375 -0.090 1.073 0.153 0.140 0.697
2010.0890 46.86 -92.59 -0.560 0.051 -1.189 0.181 0.167 0.823
2010.1164 46.86 -92.59 -0.472 -0.237 -1.509 0.187 0.173 0.850
2010.1438 46.86 -92.59 -0.404 -0.238 -1.352 0.181 0.166 0.823
2010.1712 46.86 -92.59 -0.497 -0.785 -1.582 0.173 0.159 0.788
2010.1986 46.86 -92.59 -0.613 -0.579 -1.154 0.166 0.152 0.756
2010.2260 46.86 -92.59 -0.557 -0.526 -0.593 0.181 0.166 0.825
2010.2534 46.86 -92.59 -0.346 -0.553 -2.440 0.188 0.171 0.852
2010.2808 46.86 -92.59 -0.200 -0.801 0.592 0.146 0.131 0.664
2010.3082 46.86 -92.59 -0.421 -0.960 0.812 0.152 0.138 0.693
2010.3356 46.86 -92.59 -0.271 -0.948 1.825 0.140 0.125 0.640
2010.3630 46.86 -92.59 -0.308 -0.567 1.232 0.149 0.133 0.679
2010.3904 46.86 -92.59 -0.052 -0.783 1.300 0.157 0.133 0.699
2010.4178 46.86 -92.59 0.225 -0.732 0.008 0.159 0.141 0.720
2010.4452 46.86 -92.59 -0.069 -0.709 -1.617 0.141 0.126 0.644
2010.4726 46.86 -92.59 -0.207 -0.806 1.004 0.128 0.113 0.585
2010.5000 46.86 -92.59 0.071 -0.483 -1.582 0.143 0.128 0.651
2010.5274 46.86 -92.59 0.147 -0.594 1.477 0.216 0.200 0.980
2010.5548 46.86 -92.59 0.084 -0.679 0.793 0.141 0.128 0.642
2010.5822 46.86 -92.59 0.116 -0.576 -0.530 0.128 0.116 0.584
2010.6096 46.86 -92.59 0.128 -0.530 0.897 0.162 0.150 0.739
2010.6370 46.86 -92.59 -0.112 -0.035 -0.763 0.146 0.134 0.665
2010.6644 46.86 -92.59 -0.142 0.125 1.331 0.137 0.125 0.627
2010.6918 46.86 -92.59 -0.054 -0.063 1.108 0.162 0.151 0.741
2010.7192 46.86 -92.59 -0.028 -0.270 0.148 0.152 0.140 0.693
2010.7466 46.86 -92.59 -0.303 0.448 -2.479 0.175 0.163 0.796
2010.7740 46.86 -92.59 -0.144 0.286 0.072 0.145 0.133 0.663
2010.8014 46.86 -92.59 -0.171 -0.197 1.147 0.138 0.126 0.630
2010.8288 46.86 -92.59 -0.165 0.149 -2.623 0.156 0.144 0.711
2010.8562 46.86 -92.59 -0.059 -0.318 -1.756 0.153 0.141 0.700
2010.8836 46.86 -92.59 -0.155 -0.254 -2.734 0.144 0.132 0.656
2010.9110 46.86 -92.59 -0.238 -0.423 -3.056 0.156 0.143 0.710
2010.9384 46.86 -92.59 -0.346 -0.132 -3.471 0.161 0.149 0.735
2010.9658 46.86 -92.59 -0.228 -0.373 -2.121 0.176 0.163 0.802
2010.9932 46.86 -92.59 -0.153 -0.315 -4.256 0.162 0.111 0.677
2011.1027 46.86 -92.59 -0.001 -1.242 -2.285 0.154 0.128 0.690
2011.1301 46.86 -92.59 -0.073 -0.445 -3.042 0.212 0.194 0.958
2011.1575 46.86 -92.59 0.071 -1.223 -2.777 0.145 0.131 0.662
2011.1849 46.86 -92.59 -0.133 -1.229 -3.974 0.119 0.105 0.544
2011.2123 46.86 -92.59 0.022 -1.438 -3.885 0.180 0.166 0.818
2011.2397 46.86 -92.59 0.250 -1.263 -3.324 0.186 0.172 0.846
2011.2671 46.86 -92.59 0.043 -1.374 -2.763 0.153 0.140 0.697
2011.2945 46.86 -92.59 0.159 -0.986 -5.143 0.175 0.163 0.798
2011.3219 46.86 -92.59 -0.010 -1.021 -3.683 0.164 0.153 0.751
2011.3493 46.86 -92.59 0.304 -1.297 -4.786 0.149 0.138 0.682
2011.3767 46.86 -92.59 0.289 -1.367 -4.486 0.172 0.160 0.786
2011.4041 46.86 -92.59 0.186 -0.995 -5.202 0.154 0.142 0.704
2011.4315 46.86 -92.59 0.136 -1.009 -4.846 0.166 0.139 0.737
2011.5137 46.86 -92.59 0.203 -0.967 -6.006 0.148 0.130 0.668
2011.5411 46.86 -92.59 -0.036 -0.964 -4.551 0.152 0.139 0.692
2011.5685 46.86 -92.59 0.091 -1.024 -3.384 0.150 0.135 0.683
2011.5959 46.86 -92.59 -0.217 -0.812 -2.061 0.159 0.145 0.724
2011.6233 46.86 -92.59 -0.193 -0.756 -3.528 0.160 0.145 0.729
2011.6507 46.86 -92.59 0.106 -0.787 -3.122 0.185 0.170 0.840
2011.6781 46.86 -92.59 0.554 -0.155 -1.142 0.172 0.158 0.781
2011.7055 46.86 -92.59 0.425 -0.329 0.238 0.172 0.158 0.780
2011.7329 46.86 -92.59 0.040 -0.105 1.512 0.196 0.183 0.892
2011.7603 46.86 -92.59 0.136 -0.357 -0.501 0.170 0.157 0.773
2011.7877 46.86 -92.59 -0.082 -0.018 0.984 0.180 0.167 0.818
2011.8151 46.86 -92.59 -0.023 -0.262 -0.090 0.177 0.164 0.805
2011.8425 46.86 -92.59 -0.253 -0.173 -1.067 0.190 0.177 0.864
2011.8699 46.86 -92.59 0.114 0.346 -1.466 0.189 0.166 0.844
2011.9521 46.86 -92.59 -0.096 0.378 -1.877 0.139 0.103 0.599
2011.9795 46.86 -92.59 -0.272 0.355 1.415 0.157 0.140 0.703
2012.0068 46.86 -92.59 -0.159 0.048 0.686 0.147 0.129 0.658
2012.0342 46.86 -92.59 0.194 -0.054 1.414 0.175 0.152 0.777
2012.0616 46.86 -92.59 0.164 -0.330 0.057 0.154 0.133 0.682
2012.0890 46.86 -92.59 0.390 -0.375 -0.109 0.153 0.130 0.674
2012.1164 46.86 -92.59 0.342 -0.204 -1.133 0.151 0.126 0.664
2012.1438 46.86 -92.59 0.246 -0.420 -0.281 0.156 0.130 0.684
2012.1712 46.86 -92.59 0.330 -0.607 -2.738 0.151 0.123 0.662
2012.1986 46.86 -92.59 0.388 -0.519 0.167 0.138 0.111 0.601
2012.2260 46.86 -92.59 0.527 -0.615 -0.457 0.139 0.112 0.606
2012.2534 46.86 -92.59 0.910 -0.732 -0.448 0.136 0.109 0.588
2012.2808 46.86 -92.59 0.859 -1.042 -1.643 0.127 0.101 0.549
2012.3082 46.86 -92.59 0.626 -0.926 -1.093 0.165 0.113 0.683
2012.3904 46.86 -92.59 1.048 -0.976 -0.249 0.161 0.126 0.701
2012.4178 46.86 -92.59 0.730 -0.716 -3.072 0.117 0.092 0.508
2012.4452 46.86 -92.59 0.673 -0.812 -1.295 0.116 0.091 0.505
2012.4726 46.86 -92.59 0.928 -0.460 -1.325 0.125 0.098 0.540
2012.5000 46.86 -92.59 1.129 -0.337 -0.095 0.119 0.094 0.519
2012.5274 46.86 -92.59 1.075 -0.434 -0.846 0.126 0.100 0.546
2012.5548 46.86 -92.59 1.041 -0.180 0.521 0.126 0.100 0.546
2012.5822 46.86 -92.59 1.020 -0.026 1.118 0.132 0.106 0.573
2012.6096 46.86 -92.59 0.871 -0.009 2.191 0.130 0.106 0.567
2012.6370 46.86 -92.59 0.837 0.167 2.494 0.120 0.098 0.526
2012.6644 46.86 -92.59 0.838 0.079 2.892 0.130 0.108 0.571
2012.6918 46.86 -92.59 0.704 0.411 3.204 0.133 0.113 0.587
2012.7192 46.86 -92.59 0.246 0.324 4.441 0.156 0.138 0.697
2012.7466 46.86 -92.59 0.594 0.238 2.101 0.128 0.092 0.550
2012.8562 46.86 -92.59 0.681 0.741 4.690 0.164 0.144 0.732
2012.8836 46.86 -92.59 0.937 0.333 1.884 0.150 0.138 0.684
2012.9110 46.86 -92.59 0.986 0.406 2.849 0.143 0.131 0.651
2012.9384 46.86 -92.59 1.081 -0.189 3.595 0.141 0.127 0.642
2012.9658 46.86 -92.59 1.255 -0.024 4.028 0.153 0.142 0.696
2012.9918 46.86 -92.59 0.930 -0.229 2.508 0.079 0.070 0.364
2013.0178 46.86 -92.59 1.012 0.120 3.882 0.091 0.083 0.419
2013.0452 46.86 -92.59 0.851 0.352 2.150 0.091 0.082 0.419
2013.0726 46.86 -92.59 1.027 -0.171 4.153 0.084 0.076 0.389
2013.1000 46.86 -92.59 1.032 0.261 2.471 0.086 0.078 0.398
2013.1274 46.86 -92.59 1.027 0.105 -0.183 0.081 0.072 0.375
2013.1548 46.86 -92.59 1.125 -0.104 2.121 0.080 0.066 0.362
2013.2644 46.86 -92.59 1.115 -0.023 0.452 0.102 0.054 0.403
2013.2918 46.86 -92.59 1.121 -0.470 -1.193 0.083 0.074 0.383
2013.3192 46.86 -92.59 0.747 0.020 -0.623 0.090 0.083 0.418
2013.3466 46.86 -92.59 1.046 0.177 -1.120 0.092 0.085 0.428
2013.3740 46.86 -92.59 0.825 0.283 -1.096 0.080 0.073 0.373
2013.4014 46.86 -92.59 0.886 -0.051 -3.030 0.082 0.075 0.384
2013.4288 46.86 -92.59 1.046 -0.133 -3.396 0.074 0.066 0.345
2013.4562 46.86 -92.59 0.927 0.189 -3.732 0.075 0.067 0.351
2013.4836 46.86 -92.59 0.817 -0.394 -1.183 0.077 0.069 0.358
2013.5110 46.86 -92.59 0.632 -0.240 -2.545 0.085 0.078 0.396
2013.5384 46.86 -92.59 0.283 0.048 -3.722 0.086 0.075 0.394
2013.5658 46.86 -92.59 0.835 0.416 -3.393 0.088 0.080 0.407
2013.7575 46.86 -92.59 0.503 1.063 -0.460 0.086 0.075 0.395
2013.7849 46.86 -92.59 0.696 0.733 0.988 0.088 0.078 0.403
2013.8123 46.86 -92.59 0.771 0.906 -2.127 0.081 0.071 0.372
2013.8397 46.86 -92.59 0.760 0.942 1.837 0.081 0.073 0.376
2013.8671 46.86 -92.59 0.912 0.794 0.731 0.087 0.077 0.402
2013.8945 46.86 -92.59 0.768 0.915 -0.237 0.081 0.072 0.374
2013.9219 46.86 -92.59 0.742 0.327 -2.423 0.073 0.064 0.340
2013.9493 46.86 -92.59 0.548 0.825 -2.115 0.077 0.069 0.358
2013.9767 46.86 -92.59 0.714 0.761 -3.501 0.078 0.069 0.364
2014.0041 46.86 -92.59 0.755 1.245 -1.539 0.075 0.067 0.352
2014.0315 46.86 -92.59 0.791 0.729 -2.312 0.078 0.070 0.363
2014.1685 46.86 -92.59 0.700 0.391 -2.986 0.083 0.073 0.384
2014.1959 46.86 -92.59 0.899 -0.043 -2.757 0.083 0.075 0.382
2014.2233 46.86 -92.59 0.850 0.217 -3.698 0.079 0.071 0.366
2014.2507 46.86 -92.59 0.887 0.450 -2.663 0.072 0.065 0.338
2014.2781 46.86 -92.59 0.982 0.449 -4.672 0.076 0.069 0.356
2014.3055 46.86 -92.59 0.760 0.391 -4.763 0.074 0.066 0.343
2014.3329 46.86 -92.59 1.002 0.413 -4.194 0.061 0.054 0.290
2014.3603 46.86 -92.59 1.060 0.493 -4.009 0.069 0.061 0.322
2014.3877 46.86 -92.59 0.890 0.381 -5.001 0.069 0.061 0.323
2014.4151 46.86 -92.59 0.841 0.279 -7.250 0.069 0.061 0.322
2014.4425 46.86 -92.59 0.584 0.300 -7.299 0.073 0.065 0.339
2014.4699 46.86 -92.59 0.594 -0.061 -6.464 0.073 0.064 0.338
2014.5795 46.86 -92.59 0.907 0.460 -4.050 0.068 0.053 0.312
2014.6068 46.86 -92.59 1.073 0.585 -3.676 0.065 0.056 0.304
2014.6342 46.86 -92.59 0.765 0.645 -4.913 0.060 0.051 0.282
2014.6616 46.86 -92.59 0.723 0.466 -4.198 0.066 0.057 0.307
2014.6890 46.86 -92.59 0.732 0.888 -4.740 0.064 0.056 0.300
2014.7164 46.86 -92.59 0.350 0.642 -5.771 0.063 0.055 0.294
2014.7438 46.86 -92.59 0.506 0.531 -3.169 0.067 0.059 0.315
2014.7712 46.86 -92.59 0.641 0.587 -2.917 0.067 0.059 0.312
2014.7986 46.86 -92.59 0.389 0.987 -2.676 0.060 0.052 0.283
2014.8260 46.86 -92.59 0.546 0.891 -2.070 0.060 0.052 0.282
2014.8534 46.86 -92.59 0.587 1.141 -3.485 0.064 0.054 0.297
2014.8808 46.86 -92.59 0.644 1.041 -5.093 0.064 0.054 0.297
2014.9082 46.86 -92.59 0.565 1.352 -4.382 0.065 0.055 0.302
2015.0452 46.86 -92.59 0.594 0.886 -5.739 0.050 0.040 0.238
2015.0726 46.86 -92.59 0.583 0.962 -3.952 0.054 0.044 0.252
2015.1000 46.86 -92.59 0.449 0.391 -6.018 0.049 0.039 0.232
2015.1274 46.86 -92.59 0.516 0.608 -5.322 0.045 0.036 0.218
2015.1548 46.86 -92.59 0.537 0.686 -4.485 0.052 0.042 0.244
2015.1822 46.86 -92.59 0.504 0.353 -4.484 0.049 0.040 0.233
2015.2096 46.86 -92.59 0.521 0.623 -2.539 0.065 0.052 0.296
2015.2370 46.86 -92.59 0.636 0.776 -2.634 0.069 0.059 0.316
2015.2644 46.86 -92.59 0.473 0.634 -2.122 0.061 0.052 0.285
2015.2918 46.86 -92.59 0.600 0.954 -3.866 0.061 0.052 0.288
2015.3192 46.86 -92.59 0.801 0.839 -2.204 0.059 0.051 0.278
2015.3466 46.86 -92.59 0.622 0.380 0.240 0.064 0.055 0.298
2015.4836 46.86 -92.59 0.279 1.085 -3.979 0.062 0.047 0.284
2015.5110 46.86 -92.59 0.580 0.768 -4.857 0.058 0.047 0.273
2015.5384 46.86 -92.59 0.640 1.011 -2.561 0.063 0.053 0.296
2015.5658 46.86 -92.59 0.566 0.992 -0.803 0.063 0.054 0.295
2015.5932 46.86 -92.59 0.802 0.993 -1.752 0.065 0.056 0.304
2015.6205 46.86 -92.59 0.735 0.906 -1.346 0.064 0.054 0.296
2015.6479 46.86 -92.59 0.495 1.067 -2.133 0.062 0.053 0.288
2015.6753 46.86 -92.59 0.488 1.058 -1.283 0.060 0.050 0.279
2015.7027 46.86 -92.59 0.514 1.032 1.087 0.064 0.056 0.300
2015.7301 46.86 -92.59 0.112 1.171 1.552 0.065 0.055 0.301
2015.9493 46.86 -92.59 -0.230 1.807 -4.200 0.062 0.055 0.295
2015.9767 46.86 -92.59 0.292 1.784 -4.869 0.065 0.057 0.304
2016.0041 46.86 -92.59 0.286 1.435 -4.054 0.059 0.051 0.279
2016.0315 46.86 -92.59 0.460 1.080 -2.683 0.056 0.049 0.267
2016.0589 46.86 -92.59 0.335 1.494 -5.015 0.058 0.050 0.273
2016.0863 46.86 -92.59 0.323 1.390 -3.235 0.053 0.046 0.252
2016.1137 46.86 -92.59 0.133 1.024 -5.850 0.059 0.051 0.277
2016.1411 46.86 -92.59 0.161 0.732 -5.073 0.069 0.060 0.318
2016.1685 46.86 -92.59 0.404 0.070 -3.666 0.073 0.065 0.339
2016.1959 46.86 -92.59 0.474 0.611 -1.426 0.072 0.065 0.335
2016.2233 46.86 -92.59 0.638 0.941 -1.294 0.072 0.066 0.339
2016.2507 46.86 -92.59 0.575 0.567 -1.765 0.062 0.053 0.290
2016.3603 46.86 -92.59 0.472 0.928 -0.933 0.057 0.050 0.270
2016.3877 46.86 -92.59 0.590 1.195 -1.445 0.066 0.058 0.309
2016.4151 46.86 -92.59 0.614 0.840 -2.124 0.065 0.057 0.304
2016.4425 46.86 -92.59 0.503 1.059 -1.290 0.070 0.061 0.323
2016.4699 46.86 -92.59 0.600 1.010 -1.340 0.068 0.060 0.316
