2002.5877 50.45 -104.49 19.91189148895860 10.58508661800908
2002.6151 50.45 -104.49 17.60502623794971 10.31517058712223
2002.6425 50.45 -104.49 -8.54802851669603 10.54935028710267
2002.6699 50.45 -104.49 -11.67011171497729 8.78909108277228
2002.6973 50.45 -104.49 -34.64399574538083 14.78798886457561
2002.7247 50.45 -104.49 12.62361437091216 10.06500061787147
2002.7521 50.45 -104.49 2.93193188686425 9.16905248721901
2002.7795 50.45 -104.49 -0.50891600373032 10.42495988026354
2002.8068 50.45 -104.49 -9.99815477538067 9.55398090312046
2002.8342 50.45 -104.49 -19.87946867054157 9.35806621646393
2002.8616 50.45 -104.49 -24.85936618011443 9.10761717645566
2002.8890 50.45 -104.49 -26.27608308112298 9.54259202158712
2002.9164 50.45 -104.49 -37.94852027229246 9.86501725936902
2003.0260 50.45 -104.49 -38.23499358563463 10.99108381005089
2003.0534 50.45 -104.49 -54.75674860146091 19.33313801420732
2003.0808 50.45 -104.49 -0.81204077771566 16.01358120231768
2003.1082 50.45 -104.49 -34.09745883559419 8.86423990223545
2003.1356 50.45 -104.49 -38.00147659683126 8.15808125519956
2003.1630 50.45 -104.49 -13.77280862902937 8.85948160156540
2003.1904 50.45 -104.49 -4.94852489728213 10.38993530066725
2003.2178 50.45 -104.49 -19.17802950188072 8.73350960482005
2003.2452 50.45 -104.49 -18.83115770900407 8.66126374832600
2003.2726 50.45 -104.49 29.76490971604084 8.42657647785363
2003.3000 50.45 -104.49 18.36202232962067 8.25853608853607
2003.3274 50.45 -104.49 28.16420772467821 11.07060867557948
2003.3548 50.45 -104.49 -2.79246110986442 12.55823810961108
2003.3822 50.45 -104.49 1.07493340402046 10.83749506765798
2003.5192 50.45 -104.49 -27.23144659297630 12.27045856463307
2003.5466 50.45 -104.49 6.98632252185426 13.98004981837589
2003.5740 50.45 -104.49 -1.49686503345229 16.73312095989636
2003.6014 50.45 -104.49 -8.39589354091870 14.04091829037776
2003.6288 50.45 -104.49 -22.01761985508600 12.92844016780083
2003.6562 50.45 -104.49 -51.61596837359696 14.16358261812724
2003.6836 50.45 -104.49 -44.92268207792428 14.17401770363626
2003.7110 50.45 -104.49 -35.20878681913287 10.51364083988040
2003.7384 50.45 -104.49 -23.78681414684434 13.29250088768527
2003.7658 50.45 -104.49 -30.74318141832991 12.09773784371562
2003.7932 50.45 -104.49 -49.02565373893054 13.75867920512665
2003.8205 50.45 -104.49 -75.17515235534161 14.70122217877788
2003.8479 50.45 -104.49 -43.42125102921768 12.55180373599094
2003.8753 50.45 -104.49 -28.98141300876835 13.65334263660587
2003.9027 50.45 -104.49 -49.56834745894584 12.07177110948001
2003.9301 50.45 -104.49 -43.03093883292470 12.84087764542860
2003.9575 50.45 -104.49 -26.52058272167747 14.84665879417643
2003.9849 50.45 -104.49 -33.61613530517037 13.91381687730252
2004.0123 50.45 -104.49 -15.24104622111843 14.96025576211311
2004.0397 50.45 -104.49 -45.51120381261987 11.68140267926757
2004.0945 50.45 -104.49 -38.69349522610759 10.86280158266767
2004.1219 50.45 -104.49 -34.91885722393625 12.36395746708797
2004.1493 50.45 -104.49 -50.90797463783362 14.71638003204685
2004.1767 50.45 -104.49 -38.02804316327158 16.10865858310703
2004.2041 50.45 -104.49 -32.99547908404991 12.74025500945572
2004.2315 50.45 -104.49 -16.55860146562754 12.94924573832090
2004.2589 50.45 -104.49 -5.66453839470606 13.34811498067632
2004.2863 50.45 -104.49 -42.63452873187455 13.44471531234005
2004.3137 50.45 -104.49 -56.91211938460395 12.71789887636908
2004.3411 50.45 -104.49 4.95117231794832 14.09204386093800
2004.3685 50.45 -104.49 2.26875993860121 13.35552383185022
2004.3959 50.45 -104.49 -3.89861401803229 11.53503838838267
2004.4233 50.45 -104.49 3.64557656053550 11.05224095054431
2004.4507 50.45 -104.49 10.24247023726152 9.88600843320011
2004.4781 50.45 -104.49 11.96000917262976 10.98428793826222
2004.5055 50.45 -104.49 6.48524428009044 10.66305179869866
2004.5329 50.45 -104.49 -2.22793657273243 9.97894933340478
2004.5603 50.45 -104.49 9.50937722805648 10.35683002529205
2004.5877 50.45 -104.49 -19.47674362816307 10.40727171810286
2004.6151 50.45 -104.49 -8.04588704176464 11.51945528015033
2004.6425 50.45 -104.49 -8.32632187775000 9.61184083950881
2004.6699 50.45 -104.49 -15.60866200657831 9.59441136625474
2004.6973 50.45 -104.49 -19.92179632760820 8.90915929662512
2004.7247 50.45 -104.49 -14.69531763871937 10.41570126723411
2004.7521 50.45 -104.49 -24.15470321706637 9.87984930511621
2004.7795 50.45 -104.49 -15.51469864768875 9.70539092094680
2004.8068 50.45 -104.49 5.18285411651681 10.94899493900339
2004.8342 50.45 -104.49 -15.22373053676450 10.82492972880900
2004.8616 50.45 -104.49 -32.78790635591029 9.32909923219462
2004.8890 50.45 -104.49 -13.72355272220888 9.35658581738649
2004.9164 50.45 -104.49 -34.91652830458674 10.37214530530826
2004.9438 50.45 -104.49 -29.16654031450361 11.20341506770374
2004.9712 50.45 -104.49 -23.35423014397218 10.49783722349466
2004.9973 50.45 -104.49 -15.06192180105342 9.97399714669837
2005.0233 50.45 -104.49 -19.02930877175176 11.92944326652927
2005.0507 50.45 -104.49 -43.04596993920623 18.42152966347734
2005.0781 50.45 -104.49 -24.40251466765971 13.55425360478248
2005.1055 50.45 -104.49 -35.33077496681649 13.39786525642417
2005.1329 50.45 -104.49 -20.59782640625363 13.72772733279318
2005.1603 50.45 -104.49 -22.46166767282118 12.00870933876921
2005.1877 50.45 -104.49 -16.56916380984484 11.95722517487340
2005.2151 50.45 -104.49 4.49633073207543 11.04395918956212
2005.2425 50.45 -104.49 -8.95108310678021 10.77315891758050
2005.2699 50.45 -104.49 9.23059419096615 11.60397090401307
2005.2973 50.45 -104.49 -0.58671921392691 12.33648290008113
2005.3247 50.45 -104.49 -21.56598067492353 13.03257169139908
2005.3521 50.45 -104.49 -4.09470913181249 4.56845251697465
2005.3795 50.45 -104.49 -15.29318744261469 12.09334340322311
2005.4068 50.45 -104.49 1.96613107245694 10.90655148530847
2005.4342 50.45 -104.49 11.54015743511303 12.49405336320307
2005.4616 50.45 -104.49 19.90397455631928 11.43851638658488
2005.4890 50.45 -104.49 18.57259511691515 10.83198911943830
2005.5164 50.45 -104.49 13.90415160845975 10.75058676783495
2005.5438 50.45 -104.49 -16.68679373029157 11.86226169525634
2005.5712 50.45 -104.49 -8.17040394048970 13.05440505382308
2005.5986 50.45 -104.49 -19.50808416799481 13.35506683687226
2005.6260 50.45 -104.49 -13.81048000703897 11.65044588585797
2005.6534 50.45 -104.49 -5.71261849358936 12.43448688376246
2005.6808 50.45 -104.49 4.81295135324734 12.12951591978353
2005.7082 50.45 -104.49 -7.14675650170054 15.08811076667734
2005.7356 50.45 -104.49 13.59876758932914 13.08368091636448
2005.7630 50.45 -104.49 -4.57549512709532 13.10315329273936
2005.7904 50.45 -104.49 -16.48804166644414 12.10864830397244
2005.8178 50.45 -104.49 -12.82899550044797 12.52575669510411
2005.8452 50.45 -104.49 -3.14889262639062 13.39322851485035
2005.8726 50.45 -104.49 -15.69904650691608 11.51947258934559
2005.9000 50.45 -104.49 -26.70930974791985 11.14804035593827
2005.9274 50.45 -104.49 -15.51847865734770 11.12939047882423
2005.9548 50.45 -104.49 -32.66366152619877 9.27737836049062
2005.9822 50.45 -104.49 -18.98117077432417 10.25626311760394
2006.0096 50.45 -104.49 -25.48977948892805 11.73698306202242
2006.0370 50.45 -104.49 -12.85530406943404 15.14566038410101
2006.0644 50.45 -104.49 -3.63157532888558 15.29333890510409
2006.0918 50.45 -104.49 -13.13199355012458 15.38660202239690
2006.1192 50.45 -104.49 -5.75712234949553 17.94742216964673
2006.1466 50.45 -104.49 1.01248603713319 13.67507608990899
2006.1740 50.45 -104.49 -13.25907471294534 15.91731781649245
2006.2014 50.45 -104.49 7.53208345250370 11.83725233553451
2006.2288 50.45 -104.49 -6.73814171822652 15.98191612498746
2006.2562 50.45 -104.49 3.59983144465455 15.10803714921235
2006.2836 50.45 -104.49 8.44540181108189 14.63269144450311
2006.3110 50.45 -104.49 5.23049147551869 15.71607452379156
2006.3384 50.45 -104.49 10.24095750935801 14.16824456357997
2006.3658 50.45 -104.49 18.08560698909391 15.80559612911314
2006.3932 50.45 -104.49 38.85547873963083 15.46868885603437
2006.4205 50.45 -104.49 16.25168857767180 15.41877629364189
2006.4479 50.45 -104.49 6.67786636957818 16.51455822796588
2006.4753 50.45 -104.49 6.88469650157017 17.10989213597311
2006.5027 50.45 -104.49 -4.76885434460765 17.87058813969579
2006.5301 50.45 -104.49 -34.97960799573698 21.71476824267673
2006.5575 50.45 -104.49 26.37469609953532 16.92094119363669
2006.5849 50.45 -104.49 -29.04969411487651 17.44830232074993
2006.6123 50.45 -104.49 -3.86453912080577 22.44704187882490
2006.6397 50.45 -104.49 -20.65327742324392 18.61495392900285
2006.6671 50.45 -104.49 -19.27775533221910 16.57064606499395
2006.6945 50.45 -104.49 -29.70068027836988 21.79441915974792
2006.7219 50.45 -104.49 1.00518098901004 19.77011897550642
2006.7493 50.45 -104.49 -15.65689317361382 24.16016896686283
2006.7767 50.45 -104.49 -22.54612017497087 20.99586919590944
2006.8041 50.45 -104.49 -30.54072487218940 16.49002667419202
2006.8315 50.45 -104.49 -30.79371932905496 19.62998386859248
2006.8589 50.45 -104.49 -14.54562168644159 18.92472820296313
2006.8863 50.45 -104.49 -29.44235511428194 17.93289934534290
2006.9137 50.45 -104.49 -24.90830831911238 17.21947924749378
2006.9411 50.45 -104.49 -29.03839403444786 16.83076505604735
2006.9685 50.45 -104.49 -3.38859426792729 16.48941747978376
2006.9959 50.45 -104.49 -19.21344648252575 16.05687671503074
2007.0233 50.45 -104.49 -14.15235413319903 14.62027817280972
2007.0507 50.45 -104.49 -2.34388768966562 15.53164081032327
2007.0781 50.45 -104.49 -11.61914152014018 16.45673085927218
2007.1055 50.45 -104.49 -9.38387699490029 14.46303958104699
2007.1329 50.45 -104.49 -1.79013593034972 15.97753899734975
2007.1603 50.45 -104.49 -4.56720846190076 15.18408524380100
2007.1877 50.45 -104.49 -26.00942588749579 20.65967486687001
2007.2151 50.45 -104.49 1.07128319042715 18.22996846447247
2007.2425 50.45 -104.49 -3.93520323141387 17.44276545826408
2007.2699 50.45 -104.49 24.75920859275891 13.13737028075062
2007.2973 50.45 -104.49 -3.66543261617101 12.31004063667031
2007.3247 50.45 -104.49 4.90224454490396 15.73808623622312
2007.3521 50.45 -104.49 -8.14045138924861 17.49188755772293
2007.3795 50.45 -104.49 0.80857520028406 18.53743583451615
2007.4068 50.45 -104.49 -11.67201278803985 14.93476425060636
2007.4342 50.45 -104.49 -3.80338566407747 14.12460194973781
2007.4616 50.45 -104.49 -4.72444337095965 19.56241449459439
2007.4890 50.45 -104.49 5.00453269645195 14.17555504250982
2007.5164 50.45 -104.49 -3.74863805792793 15.21038747567827
2007.5438 50.45 -104.49 -19.69071309170376 14.60635402314391
2007.5712 50.45 -104.49 -16.88013582095492 15.02204830520943
2007.5986 50.45 -104.49 4.56534685230599 18.88235585310419
2007.6260 50.45 -104.49 -8.07399809376219 14.91224278580454
2007.6534 50.45 -104.49 -17.44291244610018 15.23573265414895
2007.6808 50.45 -104.49 -16.75756848135819 15.93061426310079
2007.7082 50.45 -104.49 -33.07865165015369 11.02509223496036
2007.7356 50.45 -104.49 -32.27272768606801 16.37442763851156
2007.7630 50.45 -104.49 -14.66387244798327 11.82177795380697
2007.7904 50.45 -104.49 -14.59309178919196 16.28387506904205
2007.8178 50.45 -104.49 -21.11336955501189 19.16402472203232
2007.8452 50.45 -104.49 -37.03556658989850 14.92867312158629
2007.8726 50.45 -104.49 -36.22309265835727 17.66211417665489
2007.9000 50.45 -104.49 -43.06827250819062 18.73687412965587
2007.9274 50.45 -104.49 -36.77906325447860 18.45433326652498
2007.9548 50.45 -104.49 -35.25254149232998 13.50412657275281
2007.9822 50.45 -104.49 -18.69385526958441 17.02774642258179
2008.0096 50.45 -104.49 -5.20230251150125 14.82209094625861
2008.0370 50.45 -104.49 -40.12739461866090 15.47501943368658
2008.0644 50.45 -104.49 -10.79285995828743 18.21321980001434
2008.0918 50.45 -104.49 -31.73761871562558 13.84508221511401
2008.1192 50.45 -104.49 -3.94773093196739 16.82913905022785
2008.1466 50.45 -104.49 -15.00447503992000 19.88857829049576
2008.1740 50.45 -104.49 -9.94780579131127 17.16584148607269
2008.2014 50.45 -104.49 -7.45735206004837 18.87044470123460
2008.2288 50.45 -104.49 -0.35935032412290 21.00085640362178
2008.2562 50.45 -104.49 1.16282415943177 19.89762696564503
2008.2836 50.45 -104.49 -31.90953182961323 23.98011965866994
2008.3110 50.45 -104.49 -6.03555336232706 25.06968614802688
2008.3384 50.45 -104.49 -20.27889446869786 18.41492638025261
2008.3658 50.45 -104.49 -12.71650124997823 18.64100161703259
2008.3932 50.45 -104.49 26.88673242710043 16.57915918706033
2008.4205 50.45 -104.49 -13.34823631231028 14.50792117373632
2008.4479 50.45 -104.49 11.66209284363958 14.98691230026063
2008.4753 50.45 -104.49 19.36661607980924 14.38635808603712
2008.5027 50.45 -104.49 2.06720397091968 17.80757718563435
2008.5301 50.45 -104.49 -6.24108429344124 22.02383597944351
2008.5575 50.45 -104.49 -12.96682205419730 13.92352331305531
2008.5849 50.45 -104.49 -3.46554705956043 16.50544059212218
2008.6123 50.45 -104.49 -19.89731407837159 13.20521520861126
2008.6397 50.45 -104.49 -2.58309116568921 14.72553022180269
2008.6671 50.45 -104.49 -17.09835524637045 13.99362923620470
2008.6945 50.45 -104.49 -34.35812585602883 13.47604084650451
2008.7219 50.45 -104.49 -11.37212281752285 15.95871734263435
2008.7493 50.45 -104.49 -18.12764312904499 14.27814730397450
2008.7767 50.45 -104.49 -16.54129956730895 17.11942657308672
2008.8041 50.45 -104.49 -19.43057487816629 17.27243060697281
2008.8315 50.45 -104.49 -26.91800376872924 19.37241692381386
2008.8589 50.45 -104.49 -23.47261075821215 22.64724412181859
2008.8863 50.45 -104.49 -22.67697331309860 21.72727257211369
2008.9137 50.45 -104.49 -22.19836975925780 20.76132378402271
2008.9411 50.45 -104.49 -22.14080485812163 21.42369052743619
2008.9685 50.45 -104.49 -22.83738583280213 19.99205055659831
2008.9945 50.45 -104.49 -25.87899043997571 16.93903631065697
2009.0205 50.45 -104.49 -0.65482176959837 16.80833030182373
2009.0479 50.45 -104.49 -19.84108208569778 16.82156492647198
2009.0753 50.45 -104.49 -39.39855454924662 15.85726441788749
2009.1027 50.45 -104.49 -33.03871660851227 20.15152171186541
2009.1301 50.45 -104.49 -46.10235858277773 15.71551424262716
2009.1575 50.45 -104.49 -26.17477439522195 15.87411376174682
2009.1849 50.45 -104.49 -45.19062630968314 18.93967393965601
2009.2123 50.45 -104.49 -2.31772741152227 15.60803844489141
2009.2397 50.45 -104.49 3.33155062271833 18.16918018420991
2009.2671 50.45 -104.49 -12.27335293310275 15.03102675250752
2009.2945 50.45 -104.49 0.92659398044463 15.49247791357743
2009.3219 50.45 -104.49 0.71998183546082 16.12811952564478
2009.3493 50.45 -104.49 21.10102806003346 14.67076161296301
2009.3767 50.45 -104.49 15.90525504684659 15.46389786502629
2009.4041 50.45 -104.49 23.95834143030989 13.33875470616816
2009.4315 50.45 -104.49 12.44476214634401 15.75683970072780
2009.4589 50.45 -104.49 16.12067344697221 12.93476746511938
2009.4863 50.45 -104.49 -10.78700637479769 14.40081973867847
2009.5137 50.45 -104.49 -8.54231645117533 13.51180022619151
2009.5411 50.45 -104.49 -11.43523519927560 16.92284406090507
2009.5685 50.45 -104.49 -33.90350673278247 18.17958583194988
2009.5959 50.45 -104.49 -39.66359821026367 15.75585570369139
2009.6233 50.45 -104.49 -35.98363105915043 16.70861614164525
2009.6507 50.45 -104.49 -31.17812172078098 16.12560169938030
2009.6781 50.45 -104.49 -33.52918705230066 17.45100885012997
2009.7055 50.45 -104.49 -18.12468324442911 18.32524551743944
2009.7329 50.45 -104.49 -35.84762793806832 17.49028279939113
2009.7603 50.45 -104.49 -50.71815384557317 20.01904780335666
2009.7877 50.45 -104.49 -3.04518362456990 18.40814470855571
2009.8151 50.45 -104.49 -29.67457992457289 19.98518927002854
2009.8425 50.45 -104.49 -26.21891462330582 17.99354523632529
2009.8699 50.45 -104.49 -24.21937475457517 17.10241123994676
2009.8973 50.45 -104.49 -26.49746451733285 15.89544356246912
2009.9247 50.45 -104.49 -27.17468886679728 15.45015084155656
2009.9521 50.45 -104.49 -37.67576316808923 14.62368315896455
2009.9795 50.45 -104.49 -19.79672166711790 15.05101993609772
2010.0068 50.45 -104.49 -38.76038774569972 19.61430197535465
2010.0342 50.45 -104.49 -25.28814931314485 14.85561529880429
2010.0616 50.45 -104.49 -37.10405482375722 15.35117717932307
2010.0890 50.45 -104.49 -9.28266352074094 18.84182432362373
2010.1164 50.45 -104.49 -15.72887429850283 19.48921108792211
2010.1438 50.45 -104.49 -26.19157896937810 18.45254274794670
2010.1712 50.45 -104.49 1.11794244400717 17.59639315560937
2010.1986 50.45 -104.49 -17.58261402383727 16.84679531397797
2010.2260 50.45 -104.49 -8.59691682794033 18.51400039516401
2010.2534 50.45 -104.49 -1.59491618958807 19.02659679254385
2010.2808 50.45 -104.49 -15.27057297956270 14.30783995097806
2010.3082 50.45 -104.49 -5.71285018386293 15.14705276188580
2010.3356 50.45 -104.49 6.88151968799330 13.39834489107896
2010.3630 50.45 -104.49 -11.63267664093180 14.39477883415179
2010.3904 50.45 -104.49 -8.69922013096948 14.67017167478390
2010.4178 50.45 -104.49 27.96417340043250 15.42900114019280
2010.4452 50.45 -104.49 35.54031203440942 13.37593725631018
2010.4726 50.45 -104.49 51.35245707310791 11.88004745956349
2010.5000 50.45 -104.49 45.49802096023159 13.74115130645786
2010.5274 50.45 -104.49 21.94669936460485 22.91313546645284
2010.5548 50.45 -104.49 19.45612611740203 14.18846480464709
2010.5822 50.45 -104.49 26.20672837014608 12.68583815327574
2010.6096 50.45 -104.49 21.62004638313943 16.98034332585650
2010.6370 50.45 -104.49 14.67741888387443 14.92017378563970
2010.6644 50.45 -104.49 11.13539399183379 13.84456939676328
2010.6918 50.45 -104.49 36.12677311941003 17.09253417783426
2010.7192 50.45 -104.49 23.47672118872749 15.84472504600681
2010.7466 50.45 -104.49 1.43290615013591 18.77604339546134
2010.7740 50.45 -104.49 11.86282670877735 14.64267283289448
2010.8014 50.45 -104.49 5.52663016484054 14.03657946951932
2010.8288 50.45 -104.49 7.92061771811034 16.30611182431360
2010.8562 50.45 -104.49 26.13102661407721 15.93251829816555
2010.8836 50.45 -104.49 41.08740318181029 14.50847299611153
2010.9110 50.45 -104.49 47.88240416997417 16.15752371526905
2010.9384 50.45 -104.49 25.71234088752478 16.86718816869815
2010.9658 50.45 -104.49 60.32770193235825 18.73728805339857
2010.9932 50.45 -104.49 41.09716768598729 13.89106983136003
2011.1027 50.45 -104.49 63.91193231250164 13.80272520778530
2011.1301 50.45 -104.49 73.72453140392710 22.29065072787965
2011.1575 50.45 -104.49 30.83071694269743 14.32154310656031
2011.1849 50.45 -104.49 29.68650137342216 10.96884806555100
2011.2123 50.45 -104.49 51.44478245050091 18.89412713010764
2011.2397 50.45 -104.49 56.94169929214597 19.86690659019141
2011.2671 50.45 -104.49 59.46399359958230 15.68716956450972
2011.2945 50.45 -104.49 38.63061152632604 18.65613716373129
2011.3219 50.45 -104.49 29.67703187526954 17.39156245159177
2011.3493 50.45 -104.49 38.28927173765190 15.33297668643501
2011.3767 50.45 -104.49 13.11405107201376 18.30950140403997
2011.4041 50.45 -104.49 25.93737153417062 15.78028281646906
2011.4315 50.45 -104.49 33.52550469320423 15.61958144205432
2011.5137 50.45 -104.49 37.26587846676308 14.22267619238102
2011.5411 50.45 -104.49 45.22829959646491 15.39575105709981
2011.5685 50.45 -104.49 27.70006506102130 14.87265796225543
2011.5959 50.45 -104.49 41.16966533074633 16.12293726001980
2011.6233 50.45 -104.49 59.27452440040518 15.99998424099833
2011.6507 50.45 -104.49 30.30761053212922 19.52170148029689
2011.6781 50.45 -104.49 16.42433718459565 18.09442147146986
2011.7055 50.45 -104.49 17.78191058672510 18.18354149609875
2011.7329 50.45 -104.49 29.02036841722207 21.34826770371364
2011.7603 50.45 -104.49 22.62373298446115 18.09447559393827
2011.7877 50.45 -104.49 -3.21998519312785 19.38084940017240
2011.8151 50.45 -104.49 26.91863374524732 18.91825191832004
2011.8425 50.45 -104.49 1.26871458030010 20.77746215814275
2011.8699 50.45 -104.49 41.69136177608770 19.23421881154490
2011.9521 50.45 -104.49 -1.04836790648439 12.09344180357874
2011.9795 50.45 -104.49 5.11334719771187 16.30587660528765
2012.0068 50.45 -104.49 14.67612726638458 15.01783521994068
2012.0342 50.45 -104.49 6.98160376575496 18.20002189360671
2012.0616 50.45 -104.49 2.76061949156715 15.72057366168361
2012.0890 50.45 -104.49 5.27987631326351 15.44507873575546
2012.1164 50.45 -104.49 25.03156935537865 15.03024060968494
2012.1438 50.45 -104.49 -10.31527715955611 15.56804130521703
2012.1712 50.45 -104.49 13.71382644286532 14.67617826928073
2012.1986 50.45 -104.49 47.55597728739825 13.17717145323602
2012.2260 50.45 -104.49 27.32267889614040 13.59946536521278
2012.2534 50.45 -104.49 33.49864262549113 13.19133028040764
2012.2808 50.45 -104.49 16.75607716141751 12.23088295542159
2012.3082 50.45 -104.49 32.03086965284920 14.31065414718050
2012.3904 50.45 -104.49 32.28247239891211 14.55253304533130
2012.4178 50.45 -104.49 48.11445301807169 11.09619424339545
2012.4452 50.45 -104.49 37.29623330768930 10.92293544188955
2012.4726 50.45 -104.49 38.43920127250676 11.90764043338125
2012.5000 50.45 -104.49 55.85966449189571 11.24958858166221
2012.5274 50.45 -104.49 41.95673317016295 12.03808347814148
2012.5548 50.45 -104.49 36.37136750664810 12.03779873598090
2012.5822 50.45 -104.49 30.78839972588067 12.87401371132191
2012.6096 50.45 -104.49 19.23307145372790 12.83321396459307
2012.6370 50.45 -104.49 9.64948149037977 11.70360889539816
2012.6644 50.45 -104.49 9.37570754149797 12.96532687904157
2012.6918 50.45 -104.49 18.54675959843481 13.42032524763737
2012.7192 50.45 -104.49 -18.26838639452125 16.55240066798631
2012.7466 50.45 -104.49 -1.12545544368074 11.13414378416738
2012.8562 50.45 -104.49 -22.90566994030516 17.01567297051814
2012.8836 50.45 -104.49 -6.70298017318033 16.07419620301466
2012.9110 50.45 -104.49 -13.72482934580752 15.16765289053360
2012.9384 50.45 -104.49 4.81272836674822 14.33486180735634
2012.9658 50.45 -104.49 -6.14189189651142 16.53200435811599
2012.9918 50.45 -104.49 5.11578116426040 7.69333920750591
2013.0178 50.45 -104.49 18.38182546586608 9.30906639161276
2013.0452 50.45 -104.49 -4.36534880619013 9.22083561190158
2013.0726 50.45 -104.49 4.77545936990790 8.40814975196052
2013.1000 50.45 -104.49 21.05419494717100 8.65382476021776
2013.1274 50.45 -104.49 -1.19838364151090 7.92176571788464
2013.1548 50.45 -104.49 16.56142979795020 7.17482634267853
2013.2644 50.45 -104.49 28.93021232286277 8.52290162358012
2013.2918 50.45 -104.49 32.54643102376716 8.20397200980062
2013.3192 50.45 -104.49 37.21325840291639 9.20715930763618
2013.3466 50.45 -104.49 15.85184156587019 9.48374120197857
2013.3740 50.45 -104.49 49.12651402337635 7.95240654011816
2013.4014 50.45 -104.49 21.86345733895180 8.25600689442375
2013.4288 50.45 -104.49 12.46423460429322 7.09765635799413
2013.4562 50.45 -104.49 42.05879376173970 7.22678299665360
2013.4836 50.45 -104.49 72.25778169287452 7.47005506640722
2013.5110 50.45 -104.49 47.10307347426869 8.59839249080304
2013.5384 50.45 -104.49 21.58718113342779 8.28416122135248
2013.5658 50.45 -104.49 37.45099153800182 8.76998995119034
2013.7575 50.45 -104.49 22.83248376333451 8.21657271228262
2013.7849 50.45 -104.49 19.89986789575589 8.62561482670619
2013.8123 50.45 -104.49 13.88207400265252 7.84308783403366
2013.8397 50.45 -104.49 1.48870279451714 7.98456532233522
2013.8671 50.45 -104.49 11.01086027669164 8.51044986347524
2013.8945 50.45 -104.49 35.18910500668839 7.96913316146907
2013.9219 50.45 -104.49 3.75991411759807 6.89837975749015
2013.9493 50.45 -104.49 35.65255796667595 7.52041893247662
2013.9767 50.45 -104.49 15.43002390293259 7.46516625476591
2014.0041 50.45 -104.49 29.53539006352376 7.24505151752680
2014.0315 50.45 -104.49 4.45053020084747 7.69443518220784
2014.1685 50.45 -104.49 12.15929295266107 7.97539637876859
2014.1959 50.45 -104.49 7.37550831918086 8.34765033809614
2014.2233 50.45 -104.49 33.73732143124892 7.81710400203002
2014.2507 50.45 -104.49 2.26159146716968 7.04795929869964
2014.2781 50.45 -104.49 12.74423932676026 7.52855547530481
2014.3055 50.45 -104.49 39.69643966143012 7.16383894868416
2014.3329 50.45 -104.49 44.06575545852937 5.66147918599689
2014.3603 50.45 -104.49 31.36998740215646 6.63668342488585
2014.3877 50.45 -104.49 40.09874049367164 6.65696948511117
2014.4151 50.45 -104.49 43.49998412209607 6.57973635728502
2014.4425 50.45 -104.49 39.62190264910073 7.06551426290452
2014.4699 50.45 -104.49 37.35388682488200 6.94502063364729
2014.5795 50.45 -104.49 31.21217256183411 5.51517347805387
2014.6068 50.45 -104.49 41.40213615572891 6.09925869018507
2014.6342 50.45 -104.49 41.44351890895375 5.38324117911362
2014.6616 50.45 -104.49 36.29024528166202 6.21237194134866
2014.6890 50.45 -104.49 12.25074862991213 6.04040902983705
2014.7164 50.45 -104.49 23.03441913180863 5.89101151285025
2014.7438 50.45 -104.49 21.56734320104382 6.54120002640047
2014.7712 50.45 -104.49 25.61808635259866 6.46646444877044
2014.7986 50.45 -104.49 25.68832941853923 5.57110096862976
2014.8260 50.45 -104.49 23.01541953948843 5.52609235065668
2014.8534 50.45 -104.49 17.12745118785523 5.91136845742561
2014.8808 50.45 -104.49 24.32734016529148 5.93313165848533
2014.9082 50.45 -104.49 7.70238267749150 6.06964827158930
2015.0452 50.45 -104.49 18.94610921782191 4.20149632266911
2015.0726 50.45 -104.49 21.38559603990867 4.87877705833095
2015.1000 50.45 -104.49 17.00347756209324 4.08616525499446
2015.1274 50.45 -104.49 21.39145565610499 3.76487402457435
2015.1548 50.45 -104.49 42.68590342271479 4.69351416552933
2015.1822 50.45 -104.49 38.39241876079755 4.26801852992388
2015.2096 50.45 -104.49 24.79660274435853 6.27664276740176
2015.2370 50.45 -104.49 33.25050682244743 6.72591867724654
2015.2644 50.45 -104.49 18.24332151639649 5.77613567262833
2015.2918 50.45 -104.49 30.77985475433454 5.67327173807669
2015.3192 50.45 -104.49 33.65980837091404 5.44325857125911
2015.3466 50.45 -104.49 27.37754352011662 6.01272543304511
2015.4836 50.45 -104.49 17.55740969607245 5.04277906587720
2015.5110 50.45 -104.49 20.96973861825956 4.93871042516368
2015.5384 50.45 -104.49 17.28698351592674 5.65990991451189
2015.5658 50.45 -104.49 -8.30100370238006 5.98746841069570
2015.5932 50.45 -104.49 -9.36523836790783 6.33424587954826
2015.6205 50.45 -104.49 5.28342636891588 5.97671186185180
2015.6479 50.45 -104.49 4.22718149086617 5.84071061846911
2015.6753 50.45 -104.49 8.73331051704009 5.47661309392094
2015.7027 50.45 -104.49 -11.67410980057252 6.21444762441811
2015.7301 50.45 -104.49 0.03835652794810 6.10259801496530
2015.9493 50.45 -104.49 2.49018257870677 5.78496534996290
2015.9767 50.45 -104.49 6.87162212484140 6.40623260949822
2016.0041 50.45 -104.49 -9.40844089813869 5.66495988526510
2016.0315 50.45 -104.49 -8.27985629100036 5.38906072511529
2016.0589 50.45 -104.49 4.60001210935940 5.50838456767218
2016.0863 50.45 -104.49 3.14186605971441 4.75903202256451
2016.1137 50.45 -104.49 4.81118369470075 5.64391604146338
2016.1411 50.45 -104.49 31.48400600285179 6.98525494930890
2016.1685 50.45 -104.49 22.66553050822836 7.66618190411685
2016.1959 50.45 -104.49 7.01935194352573 7.48781967113923
2016.2233 50.45 -104.49 -2.73053945163830 7.59578138801145
2016.2507 50.45 -104.49 -12.57932956682085 5.77253734943289
2016.3603 50.45 -104.49 -11.74346244951999 5.41539361404427
2016.3877 50.45 -104.49 -7.63951798571240 6.67620951720268
2016.4151 50.45 -104.49 6.75999233873167 6.47567163970536
2016.4425 50.45 -104.49 49.62776205567008 7.11822995309468
2016.4699 50.45 -104.49 33.37587793788010 6.95827443023102
