2002.5877 55.29 -114.77 -11.22269943443519 10.82314695974958
2002.6151 55.29 -114.77 -26.19682451239964 10.51511306044905
2002.6425 55.29 -114.77 -44.68557896912823 10.75063783707097
2002.6699 55.29 -114.77 -42.06168283214004 8.96673357383584
2002.6973 55.29 -114.77 -38.49921662228564 15.86276003154977
2002.7247 55.29 -114.77 -56.72472758072252 10.24209758693006
2002.7521 55.29 -114.77 -47.06553491574478 9.31397897872360
2002.7795 55.29 -114.77 -54.69024116119047 10.60037880561213
2002.8068 55.29 -114.77 -49.82790125771200 9.73262866492122
2002.8342 55.29 -114.77 -18.27731891748359 9.51907019135454
2002.8616 55.29 -114.77 -23.74242032958522 9.44925178491470
2002.8890 55.29 -114.77 -17.37718383910854 9.75023742513783
2002.9164 55.29 -114.77 -18.50599798630216 10.08175004772134
2003.0260 55.29 -114.77 -42.29088542656708 11.24815182390576
2003.0534 55.29 -114.77 -28.91659135658086 19.75898555032050
2003.0808 55.29 -114.77 -47.19561706327026 16.46053343692235
2003.1082 55.29 -114.77 -18.69396551680017 9.10154661222208
2003.1356 55.29 -114.77 -12.55491779960891 8.37388029749450
2003.1630 55.29 -114.77 5.21371143947384 9.09797019583167
2003.1904 55.29 -114.77 -5.32984252637887 10.70227238213448
2003.2178 55.29 -114.77 -10.73665695030784 8.97595551611891
2003.2452 55.29 -114.77 -5.70857270899352 8.88422510901031
2003.2726 55.29 -114.77 -17.68882118806593 8.64009214886156
2003.3000 55.29 -114.77 -19.99750120347139 8.45728557853820
2003.3274 55.29 -114.77 -20.09229453300075 11.31745822238706
2003.3548 55.29 -114.77 -11.06828596835470 12.82889876281341
2003.3822 55.29 -114.77 -39.88400911915228 11.08903105390803
2003.5192 55.29 -114.77 -11.45435174225621 12.52808475305226
2003.5466 55.29 -114.77 -33.14139968182546 14.25654973750812
2003.5740 55.29 -114.77 -26.19936265768042 17.05735179382226
2003.6014 55.29 -114.77 -20.88066316787473 14.32025874365354
2003.6288 55.29 -114.77 -26.41967869527190 13.20778122258818
2003.6562 55.29 -114.77 -11.72935581042663 14.46103398208165
2003.6836 55.29 -114.77 -25.43125283439636 14.46909758456311
2003.7110 55.29 -114.77 -3.90762308915929 10.78050177163795
2003.7384 55.29 -114.77 -2.19494715731361 13.60453701580266
2003.7658 55.29 -114.77 2.45342641329308 12.37470376618187
2003.7932 55.29 -114.77 -7.48777048844531 14.07675674303635
2003.8205 55.29 -114.77 -14.34948366624505 15.15232665028537
2003.8479 55.29 -114.77 -4.25164325549907 13.00954492201634
2003.8753 55.29 -114.77 -11.16743823983678 14.02031896003927
2003.9027 55.29 -114.77 -5.25499119897732 12.44056866998130
2003.9301 55.29 -114.77 -20.73021469876143 13.23976582771642
2003.9575 55.29 -114.77 -21.44170651168119 15.29115642299991
2003.9849 55.29 -114.77 -18.16618836975140 14.36809614638730
2004.0123 55.29 -114.77 -22.10256974004037 15.45789762874043
2004.0397 55.29 -114.77 -14.24513153510787 12.03993331656100
2004.0945 55.29 -114.77 -8.10447455168294 11.21357845568497
2004.1219 55.29 -114.77 -9.38185463529637 12.84500953577676
2004.1493 55.29 -114.77 -8.41711441410308 15.30251990923457
2004.1767 55.29 -114.77 -16.34900350825534 16.71835815090183
2004.2041 55.29 -114.77 -13.29595903333534 13.27377507186490
2004.2315 55.29 -114.77 -2.59603264972872 13.50940946360987
2004.2589 55.29 -114.77 5.61828238531582 13.93995137153869
2004.2863 55.29 -114.77 -7.67857630465326 14.06442630287038
2004.3137 55.29 -114.77 2.66324358375761 13.30691801286776
2004.3411 55.29 -114.77 -10.20773947891387 14.76143190875911
2004.3685 55.29 -114.77 -33.56732636588637 13.97765657873481
2004.3959 55.29 -114.77 -30.48855756596074 12.03372883096934
2004.4233 55.29 -114.77 -7.27436225476755 11.52838896799202
2004.4507 55.29 -114.77 -16.32482192906438 10.34110031505703
2004.4781 55.29 -114.77 -22.23421681740895 11.50280030048890
2004.5055 55.29 -114.77 -41.08633900826540 11.15639954745196
2004.5329 55.29 -114.77 -16.57668894738519 10.42259878452217
2004.5603 55.29 -114.77 2.10258261721660 10.83834490733248
2004.5877 55.29 -114.77 0.12863994856987 10.88333199444826
2004.6151 55.29 -114.77 -37.61948249528704 12.03925282688274
2004.6425 55.29 -114.77 -1.33482221785919 10.00752198456120
2004.6699 55.29 -114.77 -0.54826723319931 9.97750666562037
2004.6973 55.29 -114.77 9.35482240298077 9.23786557485339
2004.7247 55.29 -114.77 9.35003907707103 10.85131833543799
2004.7521 55.29 -114.77 4.04533490422666 10.26267136449455
2004.7795 55.29 -114.77 9.07404296027561 10.11544623837804
2004.8068 55.29 -114.77 10.50914934155858 11.45196241652895
2004.8342 55.29 -114.77 -8.92179673136781 11.33133266064125
2004.8616 55.29 -114.77 6.31504150511246 9.70312999005759
2004.8890 55.29 -114.77 -7.70083606876089 9.74433502663524
2004.9164 55.29 -114.77 -13.38890626279688 10.83068015597809
2004.9438 55.29 -114.77 6.98256850730951 11.61469364177952
2004.9712 55.29 -114.77 6.58418434151840 10.99281522754761
2004.9973 55.29 -114.77 12.61949396671805 10.40934053557293
2005.0233 55.29 -114.77 26.95302140207271 12.48036123636180
2005.0507 55.29 -114.77 11.97713578324190 19.13536689840177
2005.0781 55.29 -114.77 17.17246229966290 14.13636935357586
2005.1055 55.29 -114.77 11.97513068806340 13.95693046688273
2005.1329 55.29 -114.77 -2.36669616750169 14.29283199467472
2005.1603 55.29 -114.77 15.55828654360916 12.51536353104126
2005.1877 55.29 -114.77 5.84656295967507 12.49444578080227
2005.2151 55.29 -114.77 19.37998564456288 11.49118530628398
2005.2425 55.29 -114.77 4.71052215822709 11.20769383596941
2005.2699 55.29 -114.77 20.68313893366130 12.06370972892716
2005.2973 55.29 -114.77 16.72303513461703 12.82157892404354
2005.3247 55.29 -114.77 12.45181378322891 13.54408775258155
2005.3521 55.29 -114.77 21.39682635382445 4.65222654035436
2005.3795 55.29 -114.77 -3.11879147211508 12.54748894502748
2005.4068 55.29 -114.77 6.20088277631238 11.30319874805881
2005.4342 55.29 -114.77 -10.03276636937320 12.93890254121584
2005.4616 55.29 -114.77 -4.35891454754833 11.85225439881810
2005.4890 55.29 -114.77 -16.16840692938244 11.22158076428651
2005.5164 55.29 -114.77 -19.18743524847023 11.12662096802486
2005.5438 55.29 -114.77 -14.49662277462807 12.26784347434498
2005.5712 55.29 -114.77 -13.74666694700094 13.49700861867817
2005.5986 55.29 -114.77 -12.57519746119550 13.79746969367330
2005.6260 55.29 -114.77 -20.95500496462039 12.03037929752650
2005.6534 55.29 -114.77 4.38632925381612 12.83074913310535
2005.6808 55.29 -114.77 -21.48651124253305 12.51507511781276
2005.7082 55.29 -114.77 3.23834427820150 15.52876852531535
2005.7356 55.29 -114.77 1.11352598299819 13.46373711361815
2005.7630 55.29 -114.77 12.26427889797712 13.47940814762491
2005.7904 55.29 -114.77 5.23730575278910 12.45835443205982
2005.8178 55.29 -114.77 -18.09103813408596 12.87559699587292
2005.8452 55.29 -114.77 6.33846304976369 13.76700442608714
2005.8726 55.29 -114.77 0.26080893990973 11.84379427151101
2005.9000 55.29 -114.77 -11.13649276385759 11.44628781626033
2005.9274 55.29 -114.77 -9.62073090186932 11.49141570021852
2005.9548 55.29 -114.77 6.45868190059958 9.48465194157153
2005.9822 55.29 -114.77 -15.14245268920443 10.55158622615203
2006.0096 55.29 -114.77 -32.32379565571043 12.07173207113176
2006.0370 55.29 -114.77 -8.56356269460128 15.55717640898050
2006.0644 55.29 -114.77 -14.61396133277153 15.68443512428616
2006.0918 55.29 -114.77 -10.21802860522211 15.77990079226722
2006.1192 55.29 -114.77 -22.10100632783629 18.36746888309478
2006.1466 55.29 -114.77 -12.89370844080043 13.99790172622158
2006.1740 55.29 -114.77 -3.95933482271498 16.28079420573041
2006.2014 55.29 -114.77 -5.66639448712430 12.12380109750206
2006.2288 55.29 -114.77 -13.13022885228069 16.30715186596597
2006.2562 55.29 -114.77 1.96065392897011 15.41480886884705
2006.2836 55.29 -114.77 -22.34266185788124 14.93806907257841
2006.3110 55.29 -114.77 -14.86016603767672 16.02765454007114
2006.3384 55.29 -114.77 -6.75045129398248 14.44319232963625
2006.3658 55.29 -114.77 -12.61718629286335 16.09390646055518
2006.3932 55.29 -114.77 -6.04741079775940 15.76600734477383
2006.4205 55.29 -114.77 6.53620995222896 15.71764128739354
2006.4479 55.29 -114.77 -6.29321921011879 16.93615310499010
2006.4753 55.29 -114.77 -28.70337199954405 17.43741400512025
2006.5027 55.29 -114.77 -29.80080443416211 18.19927899017313
2006.5301 55.29 -114.77 -31.45841229901639 22.08679037568449
2006.5575 55.29 -114.77 -7.84475391752324 17.22101327646915
2006.5849 55.29 -114.77 -19.59652190115375 17.76719518585423
2006.6123 55.29 -114.77 -1.55044230932244 22.80383560494575
2006.6397 55.29 -114.77 -30.19103846536004 18.92550356444186
2006.6671 55.29 -114.77 -11.12062902303108 16.86739417379786
2006.6945 55.29 -114.77 -6.49182558171792 22.16112344714532
2006.7219 55.29 -114.77 -11.50965786777467 20.15051754745997
2006.7493 55.29 -114.77 -2.63092816299749 24.59549626376158
2006.7767 55.29 -114.77 -13.62482608584078 21.36255122716134
2006.8041 55.29 -114.77 -14.04848365553075 16.79859131318328
2006.8315 55.29 -114.77 7.51450039653906 19.97627144056325
2006.8589 55.29 -114.77 7.95111254114768 19.27343731635861
2006.8863 55.29 -114.77 -6.46151739182932 18.25950479820708
2006.9137 55.29 -114.77 -13.26557635322492 17.56068053935642
2006.9411 55.29 -114.77 -12.86031513598005 17.16957690308654
2006.9685 55.29 -114.77 -26.38214208539333 16.86723987223175
2006.9959 55.29 -114.77 -16.81996449254328 16.47556881646020
2007.0233 55.29 -114.77 3.45222144058895 15.01680186261955
2007.0507 55.29 -114.77 -2.92660839506947 15.93532414828027
2007.0781 55.29 -114.77 16.19391914169547 16.79726083258262
2007.1055 55.29 -114.77 11.85435236601950 14.76530838496290
2007.1329 55.29 -114.77 19.35014830945041 16.32182364074688
2007.1603 55.29 -114.77 21.44268358931928 15.49287819793145
2007.1877 55.29 -114.77 6.50339164011396 21.03631658251861
2007.2151 55.29 -114.77 25.72467280076060 18.56714470496554
2007.2425 55.29 -114.77 29.46462578871449 17.75841756519307
2007.2699 55.29 -114.77 20.40278954632356 13.41193963800160
2007.2973 55.29 -114.77 23.92962339449758 12.57376261579381
2007.3247 55.29 -114.77 12.36960760553853 16.04104215233001
2007.3521 55.29 -114.77 8.22864182382539 17.80933008051918
2007.3795 55.29 -114.77 10.78456359499180 18.86046434338793
2007.4068 55.29 -114.77 6.43700770967696 15.22099856929820
2007.4342 55.29 -114.77 3.41196512169197 14.40415390317449
2007.4616 55.29 -114.77 0.80110256004132 19.90567346670908
2007.4890 55.29 -114.77 19.07978925469037 14.46596419207856
2007.5164 55.29 -114.77 21.64239439675091 15.50359872785677
2007.5438 55.29 -114.77 5.30578767579872 14.89394962526535
2007.5712 55.29 -114.77 -7.79605991565762 15.32068211985505
2007.5986 55.29 -114.77 -24.74519644104364 19.24220118417276
2007.6260 55.29 -114.77 0.85406699006907 15.21936263202146
2007.6534 55.29 -114.77 -2.52057293326412 15.55260103594029
2007.6808 55.29 -114.77 1.25652867262365 16.26719659874474
2007.7082 55.29 -114.77 15.00816681562634 11.29356531576495
2007.7356 55.29 -114.77 -1.92799481053156 16.72884126474641
2007.7630 55.29 -114.77 -22.85727639698631 12.11796658048650
2007.7904 55.29 -114.77 -6.86465442485434 16.62030586068893
2007.8178 55.29 -114.77 -11.20016813476382 19.52817199136275
2007.8452 55.29 -114.77 4.90362282137773 15.23652649352711
2007.8726 55.29 -114.77 16.12493288422786 18.01894238160247
2007.9000 55.29 -114.77 10.66750428706009 19.26846103398567
2007.9274 55.29 -114.77 20.76153388547983 18.80511661212345
2007.9548 55.29 -114.77 -0.97551400450269 13.77619643672192
2007.9822 55.29 -114.77 -10.70204521647183 17.35186868281983
2008.0096 55.29 -114.77 0.16966642181246 15.10036400374800
2008.0370 55.29 -114.77 1.25051709177856 15.74976572927000
2008.0644 55.29 -114.77 13.56010409300766 18.51633487446574
2008.0918 55.29 -114.77 -2.92949725407066 14.11157930442628
2008.1192 55.29 -114.77 -4.49780886367873 17.11662109057723
2008.1466 55.29 -114.77 16.29658722894370 20.21734742630135
2008.1740 55.29 -114.77 22.05028650946202 17.46013064333582
2008.2014 55.29 -114.77 -5.22585902089408 19.17719722016641
2008.2288 55.29 -114.77 11.99637021156059 21.38545311874649
2008.2562 55.29 -114.77 6.26319711094487 20.24597203107716
2008.2836 55.29 -114.77 -6.14776495560095 24.40811938782128
2008.3110 55.29 -114.77 -1.73370580700540 25.50931314155972
2008.3384 55.29 -114.77 -4.19153189003133 18.74229265222181
2008.3658 55.29 -114.77 -24.02497044560363 18.98770337315895
2008.3932 55.29 -114.77 6.77089001219910 16.91208456768909
2008.4205 55.29 -114.77 6.21842102081133 14.82023784690158
2008.4479 55.29 -114.77 -3.95358587678489 15.29046422978289
2008.4753 55.29 -114.77 -15.54899548994650 14.67563008504747
2008.5027 55.29 -114.77 8.53185320460784 18.17153202828682
2008.5301 55.29 -114.77 -26.78162588944413 22.46917758074581
2008.5575 55.29 -114.77 -20.06294213210208 14.26403667127245
2008.5849 55.29 -114.77 -11.34453058088971 16.84429323312522
2008.6123 55.29 -114.77 -23.09334590125730 13.51516531974089
2008.6397 55.29 -114.77 -12.17065315121982 15.05379279037344
2008.6671 55.29 -114.77 -9.30104956696470 14.30750979151411
2008.6945 55.29 -114.77 -14.16875570886209 13.78795163812935
2008.7219 55.29 -114.77 -16.68373951517031 16.29201970098829
2008.7493 55.29 -114.77 -10.35459017284764 14.57670160867190
2008.7767 55.29 -114.77 -3.25223270049874 17.44501522524565
2008.8041 55.29 -114.77 -12.21568334545367 17.58976703057539
2008.8315 55.29 -114.77 7.28404613358164 19.73344911117668
2008.8589 55.29 -114.77 -13.46288764953107 23.04805623235517
2008.8863 55.29 -114.77 -18.03566806766872 22.12439511582978
2008.9137 55.29 -114.77 -23.80355069006299 21.12515045271980
2008.9411 55.29 -114.77 2.69932643951314 21.81680827892866
2008.9685 55.29 -114.77 -7.81687459018968 20.37681877294004
2008.9945 55.29 -114.77 -7.02994956151743 17.23964604130988
2009.0205 55.29 -114.77 -6.57277440324135 17.09968243465032
2009.0479 55.29 -114.77 -3.49798253202289 17.11144444037348
2009.0753 55.29 -114.77 2.40208620429610 16.14494713120138
2009.1027 55.29 -114.77 -20.75119068509942 20.49882497303380
2009.1301 55.29 -114.77 -9.79460770671128 15.99936548099051
2009.1575 55.29 -114.77 -27.02139573245447 16.16343153815438
2009.1849 55.29 -114.77 -4.26361368934957 19.25232430699297
2009.2123 55.29 -114.77 -16.88828387593963 15.95814736067952
2009.2397 55.29 -114.77 -23.18179225550486 18.48982821940845
2009.2671 55.29 -114.77 -23.91861561201113 15.30507998772956
2009.2945 55.29 -114.77 -10.69535687570092 15.77774781718209
2009.3219 55.29 -114.77 -7.96210790794209 16.42789259812550
2009.3493 55.29 -114.77 12.32254080935135 14.95817442281644
2009.3767 55.29 -114.77 8.58828130847820 15.77464020741196
2009.4041 55.29 -114.77 -0.17975176963124 13.62241437031044
2009.4315 55.29 -114.77 -14.82297415027486 16.06664060047962
2009.4589 55.29 -114.77 -11.95256571696804 13.22612385337266
2009.4863 55.29 -114.77 0.91796627748229 14.72963478909872
2009.5137 55.29 -114.77 -11.61857282561810 13.85905547342317
2009.5411 55.29 -114.77 -27.85730765523442 17.31540131089551
2009.5685 55.29 -114.77 -29.79419575983106 18.60914086152839
2009.5959 55.29 -114.77 -30.44069484492844 16.13577377106601
2009.6233 55.29 -114.77 -39.96558478498629 17.08431284315174
2009.6507 55.29 -114.77 -36.55176889215056 16.48558626842008
2009.6781 55.29 -114.77 -45.99371067689596 17.81498224224629
2009.7055 55.29 -114.77 -33.32308910945019 18.68900231800583
2009.7329 55.29 -114.77 -28.72558344902716 17.84625521197573
2009.7603 55.29 -114.77 -36.17055933278429 20.41801147469912
2009.7877 55.29 -114.77 -20.59962719636455 18.76855924683432
2009.8151 55.29 -114.77 -21.31101022921231 20.36452967912888
2009.8425 55.29 -114.77 -5.70586491739717 18.34027299425571
2009.8699 55.29 -114.77 -12.87260248104976 17.43266029655216
2009.8973 55.29 -114.77 1.81902450535629 16.20551287117931
2009.9247 55.29 -114.77 -1.63270567516988 15.79438664630316
2009.9521 55.29 -114.77 -3.94082643304586 14.91650620985834
2009.9795 55.29 -114.77 -5.09898249953587 15.35751246380365
2010.0068 55.29 -114.77 8.92011154651687 19.97720388033992
2010.0342 55.29 -114.77 -11.18389517245885 15.15695070394518
2010.0616 55.29 -114.77 -19.40635198028436 15.66362537442582
2010.0890 55.29 -114.77 -10.84782678780987 19.18669680437641
2010.1164 55.29 -114.77 -27.46160865495790 19.84545435657890
2010.1438 55.29 -114.77 -17.29703179237741 18.81276019140911
2010.1712 55.29 -114.77 4.14876677129889 17.94967163680698
2010.1986 55.29 -114.77 -16.21944165219404 17.18834583797694
2010.2260 55.29 -114.77 19.95516286930436 18.89052890128133
2010.2534 55.29 -114.77 -4.89114333300880 19.43249599016647
2010.2808 55.29 -114.77 -30.48271251208874 14.62965135905431
2010.3082 55.29 -114.77 -27.83141219084190 15.47967067534832
2010.3356 55.29 -114.77 -13.44759956828284 13.72452435209125
2010.3630 55.29 -114.77 -26.24613284126317 14.75157950190038
2010.3904 55.29 -114.77 -29.14190698302922 15.17137831598879
2010.4178 55.29 -114.77 -26.51435600496366 15.81492614626701
2010.4452 55.29 -114.77 -22.92589784037171 13.70353245527396
2010.4726 55.29 -114.77 -3.27285592328802 12.18879733234590
2010.5000 55.29 -114.77 -26.62757825780415 14.08640824724486
2010.5274 55.29 -114.77 -0.48035896346665 23.37476753249948
2010.5548 55.29 -114.77 -4.71607227786646 14.48417147663772
2010.5822 55.29 -114.77 -7.08523491555930 12.94660475948979
2010.6096 55.29 -114.77 -10.83923526444723 17.29000507332618
2010.6370 55.29 -114.77 -22.44288889342392 15.20594485733598
2010.6644 55.29 -114.77 -5.85998121953966 14.11879954759257
2010.6918 55.29 -114.77 -3.23829434892443 17.40043437938938
2010.7192 55.29 -114.77 -14.73238825891574 16.13417574270251
2010.7466 55.29 -114.77 -7.40125014720297 19.10978821751781
2010.7740 55.29 -114.77 -7.13921013196422 14.91523167930499
2010.8014 55.29 -114.77 -17.92801982138412 14.30884317783448
2010.8288 55.29 -114.77 -9.54973428919795 16.60206993840279
2010.8562 55.29 -114.77 -10.63027423178017 16.22839564700836
2010.8836 55.29 -114.77 -19.95533838193721 14.79811686651060
2010.9110 55.29 -114.77 -32.33552932651944 16.46171017342421
2010.9384 55.29 -114.77 -13.24116917756315 17.18608756591361
2010.9658 55.29 -114.77 -3.36121791378373 19.08310471161456
2010.9932 55.29 -114.77 -9.28315499020254 14.59921288587190
2011.1027 55.29 -114.77 3.33739115753704 14.25423397211555
2011.1301 55.29 -114.77 -6.46173984998118 22.72980181718022
2011.1575 55.29 -114.77 -11.52002293299488 14.64655156777816
2011.1849 55.29 -114.77 -7.29042172627634 11.25008825573927
2011.2123 55.29 -114.77 10.31548108155323 19.25116820359355
2011.2397 55.29 -114.77 -5.41119015673299 20.23428464389468
2011.2671 55.29 -114.77 3.04203858235975 15.99228921108705
2011.2945 55.29 -114.77 9.23934186792701 18.99176053803339
2011.3219 55.29 -114.77 -5.10870191096884 17.69707347849420
2011.3493 55.29 -114.77 -5.08363687326880 15.62119356079050
2011.3767 55.29 -114.77 -4.87617368957588 18.63214671225226
2011.4041 55.29 -114.77 -10.16230827542433 16.08365906814102
2011.4315 55.29 -114.77 -28.78783210180910 16.11639046556489
2011.5137 55.29 -114.77 -5.56462135142055 14.59945846830197
2011.5411 55.29 -114.77 10.92533075346970 15.71192100194938
2011.5685 55.29 -114.77 16.67140262505154 15.20318553464819
2011.5959 55.29 -114.77 12.71588285817930 16.45798562371661
2011.6233 55.29 -114.77 15.60304842385031 16.35308648644052
2011.6507 55.29 -114.77 20.91326935621136 19.90332303984558
2011.6781 55.29 -114.77 15.13474233722163 18.43518223360235
2011.7055 55.29 -114.77 7.60766165577585 18.53099446838874
2011.7329 55.29 -114.77 -0.13391969216346 21.71716017977205
2011.7603 55.29 -114.77 -5.89301808607500 18.41642361888880
2011.7877 55.29 -114.77 -17.79050188701084 19.71130317217524
2011.8151 55.29 -114.77 -11.29797249726746 19.26257116926817
2011.8425 55.29 -114.77 -4.25065921767180 21.11001231292666
2011.8699 55.29 -114.77 -32.04054697581235 19.68598042835513
2011.9521 55.29 -114.77 5.50245463888163 12.66712299870317
2011.9795 55.29 -114.77 8.57420257154225 16.63327854707557
2012.0068 55.29 -114.77 6.50185224368383 15.34813707328547
2012.0342 55.29 -114.77 2.20426916208871 18.61156445638758
2012.0616 55.29 -114.77 -7.89274274758166 16.08842799999680
2012.0890 55.29 -114.77 14.88056648080713 15.83197466454778
2012.1164 55.29 -114.77 6.76661279060783 15.44077652800170
2012.1438 55.29 -114.77 -5.21351545743514 16.01149407025301
2012.1712 55.29 -114.77 -11.80926003224717 15.15656102187791
2012.1986 55.29 -114.77 1.04497616878239 13.63633895840039
2012.2260 55.29 -114.77 -7.20867799228565 14.03227102622929
2012.2534 55.29 -114.77 7.84941644425439 13.61683502072834
2012.2808 55.29 -114.77 11.81450775073845 12.65186400028483
2012.3082 55.29 -114.77 -1.62044862108432 15.06893012220077
2012.3904 55.29 -114.77 14.74968216666627 15.23101380772460
2012.4178 55.29 -114.77 -2.25299348053228 11.51346319417695
2012.4452 55.29 -114.77 7.66513437660759 11.34883388740779
2012.4726 55.29 -114.77 -24.25572871548830 12.34897583228715
2012.5000 55.29 -114.77 0.45235693510700 11.68549369296932
2012.5274 55.29 -114.77 -6.57741655584228 12.47828415936852
2012.5548 55.29 -114.77 -11.83725001214074 12.46601166816633
2012.5822 55.29 -114.77 2.04478337970396 13.28790065186214
2012.6096 55.29 -114.77 -13.58870470822340 13.19529383928500
2012.6370 55.29 -114.77 12.87507005291859 12.04890736771313
2012.6644 55.29 -114.77 5.56715268767513 13.30648731326171
2012.6918 55.29 -114.77 3.54531354913979 13.72902354039941
2012.7192 55.29 -114.77 -3.97227333484977 16.85624209621993
2012.7466 55.29 -114.77 10.85644462488843 11.58613675390304
2012.8562 55.29 -114.77 7.71734200143264 17.34829889611865
2012.8836 55.29 -114.77 28.27601226477165 16.32383469297255
2012.9110 55.29 -114.77 14.79778370255333 15.41699183825823
2012.9384 55.29 -114.77 16.73609471859658 14.63102766228160
2012.9658 55.29 -114.77 38.21558515994352 16.79711633063709
2012.9918 55.29 -114.77 29.21197394418470 7.85734266067614
2013.0178 55.29 -114.77 28.43344550028305 9.49381636670660
2013.0452 55.29 -114.77 26.61359642230030 9.39992405358825
2013.0726 55.29 -114.77 51.72169560674509 8.57664763830878
2013.1000 55.29 -114.77 39.13424786142988 8.83182442751260
2013.1274 55.29 -114.77 42.86775037726579 8.09441250051100
2013.1548 55.29 -114.77 21.01992181499804 7.41365966216626
2013.2644 55.29 -114.77 28.06203500825028 9.02291092570174
2013.2918 55.29 -114.77 52.62651673299401 8.37491644489130
2013.3192 55.29 -114.77 13.04700279362732 9.38170509247701
2013.3466 55.29 -114.77 45.46683777252236 9.65691970275413
2013.3740 55.29 -114.77 24.97779516044873 8.09994013960507
2013.4014 55.29 -114.77 -3.96081556811521 8.40857897600066
2013.4288 55.29 -114.77 27.38117526675321 7.23879283237629
2013.4562 55.29 -114.77 45.74144040927033 7.37747159652667
2013.4836 55.29 -114.77 45.76195741713455 7.61831621979060
2013.5110 55.29 -114.77 22.11521840058064 8.76259622089206
2013.5384 55.29 -114.77 35.11302189411816 8.48436186228458
2013.5658 55.29 -114.77 59.51632355574439 8.94802363406721
2013.7575 55.29 -114.77 9.17950426718764 8.41683722590622
2013.7849 55.29 -114.77 24.34039292045286 8.82695602540698
2013.8123 55.29 -114.77 38.73972651609375 8.02549326390364
2013.8397 55.29 -114.77 31.32801419427961 8.15964357135205
2013.8671 55.29 -114.77 17.47965133017043 8.70787401477480
2013.8945 55.29 -114.77 34.31317543555069 8.13541425800106
2013.9219 55.29 -114.77 40.05409692797254 7.03104628963378
2013.9493 55.29 -114.77 32.35031527929687 7.66816685822264
2013.9767 55.29 -114.77 46.05674605063076 7.60162258625592
2014.0041 55.29 -114.77 50.15539188258735 7.38427400716300
2014.0315 55.29 -114.77 51.61704917187006 7.85759932190208
2014.1685 55.29 -114.77 31.03767618035781 8.14746682685503
2014.1959 55.29 -114.77 23.84781919431968 8.51711198139361
2014.2233 55.29 -114.77 35.57988661304528 7.98220412510410
2014.2507 55.29 -114.77 10.35813330747833 7.20237516714873
2014.2781 55.29 -114.77 19.48098771332363 7.68892248184604
2014.3055 55.29 -114.77 52.98883898246984 7.31911616394548
2014.3329 55.29 -114.77 42.50991609407613 5.79078167173789
2014.3603 55.29 -114.77 33.20254271643291 6.78270035735569
2014.3877 55.29 -114.77 31.11967520351690 6.80303011136402
2014.4151 55.29 -114.77 48.11658656843657 6.72900023900962
2014.4425 55.29 -114.77 49.02305444560916 7.22706244187523
2014.4699 55.29 -114.77 31.05058376750706 7.10936889304868
2014.5795 55.29 -114.77 32.03568935572476 5.67439405567746
2014.6068 55.29 -114.77 24.50570379099588 6.25378878877188
2014.6342 55.29 -114.77 12.73298595684537 5.52477301606256
2014.6616 55.29 -114.77 13.01355550825451 6.36179757525700
2014.6890 55.29 -114.77 9.03903301185410 6.18404286680405
2014.7164 55.29 -114.77 19.58477862029968 6.02997879865891
2014.7438 55.29 -114.77 22.72220832433083 6.69060486442278
2014.7712 55.29 -114.77 11.39369746148504 6.61914734709183
2014.7986 55.29 -114.77 28.52666478031969 5.71339711110158
2014.8260 55.29 -114.77 23.54397801103812 5.67640477044789
2014.8534 55.29 -114.77 29.92759198290528 6.07160352901833
2014.8808 55.29 -114.77 33.67933439680182 6.08791076117517
2014.9082 55.29 -114.77 51.29067496314905 6.22570675691219
2015.0452 55.29 -114.77 40.73494763467244 4.30176709260577
2015.0726 55.29 -114.77 36.70721411239273 5.04550656452480
2015.1000 55.29 -114.77 32.80424693468434 4.17440902229378
2015.1274 55.29 -114.77 44.87250782259665 3.84366541671006
2015.1548 55.29 -114.77 33.50967366637055 4.84915413137311
2015.1822 55.29 -114.77 39.21125132214637 4.39391551279222
2015.2096 55.29 -114.77 45.23117905875943 6.46933838201744
2015.2370 55.29 -114.77 53.20823682651202 6.95113102043528
2015.2644 55.29 -114.77 18.16164600315457 5.90259650875280
2015.2918 55.29 -114.77 44.21369191577432 5.80266794101401
2015.3192 55.29 -114.77 73.28055921828550 5.56997730204110
2015.3466 55.29 -114.77 35.24184778925062 6.16713231890243
2015.4836 55.29 -114.77 23.48869298896873 5.18208636520641
2015.5110 55.29 -114.77 8.97148353703281 5.09388331260837
2015.5384 55.29 -114.77 -2.57398002970968 5.83562197085639
2015.5658 55.29 -114.77 12.75357966196532 6.14880560911599
2015.5932 55.29 -114.77 9.86714073192257 6.50478364889111
2015.6205 55.29 -114.77 25.87666699577501 6.14358986082355
2015.6479 55.29 -114.77 -6.63042863451723 6.00168738121149
2015.6753 55.29 -114.77 -4.10068141514994 5.63815419046477
2015.7027 55.29 -114.77 15.17110974888501 6.38349955734440
2015.7301 55.29 -114.77 -0.60146126271894 6.27477600519173
2015.9493 55.29 -114.77 24.22731065552027 5.90281413487368
2015.9767 55.29 -114.77 20.50886547020669 6.56552512662064
2016.0041 55.29 -114.77 22.13950201137643 5.80740370850763
2016.0315 55.29 -114.77 -5.21734163089571 5.52663667084927
2016.0589 55.29 -114.77 12.15594488370435 5.63413108774511
2016.0863 55.29 -114.77 -2.69475998452875 4.84584602017760
2016.1137 55.29 -114.77 0.08161570825037 5.77613626675615
2016.1411 55.29 -114.77 24.07791480599228 7.18073111860667
2016.1685 55.29 -114.77 8.07351094042949 7.85965568400257
2016.1959 55.29 -114.77 10.12383547827405 7.64316174117268
2016.2233 55.29 -114.77 26.68023645056529 7.72277329107137
2016.2507 55.29 -114.77 31.28313537565231 5.90293998703019
2016.3603 55.29 -114.77 12.16979427958576 5.54542173363484
2016.3877 55.29 -114.77 12.91879037027427 6.83669973499574
2016.4151 55.29 -114.77 23.18666029045685 6.64478502068855
2016.4425 55.29 -114.77 -3.66483960633894 7.28866186164369
2016.4699 55.29 -114.77 21.49352924096931 7.12831201074965
