2002.5877 -20.00 148.23 -19.78528550279984 8.89523125819339
2002.6151 -20.00 148.23 -26.51687249166734 8.65366485278293
2002.6425 -20.00 148.23 -10.49017929106610 8.86258025561024
2002.6699 -20.00 148.23 12.45847244583887 7.37882662259846
2002.6973 -20.00 148.23 0.91003832005179 11.86105241796872
2002.7247 -20.00 148.23 12.02925043380806 8.46257580681133
2002.7521 -20.00 148.23 3.12153644809265 7.74036802237229
2002.7795 -20.00 148.23 -23.33894042442470 8.81297719220474
2002.8068 -20.00 148.23 -22.80754396332006 8.02594135687632
2002.8342 -20.00 148.23 -40.69878695547737 7.86044965856017
2002.8616 -20.00 148.23 -31.33255267599617 7.48048140578481
2002.8890 -20.00 148.23 -20.93810120872929 8.02620592598568
2002.9164 -20.00 148.23 -24.07606426599499 8.24590143524006
2003.0260 -20.00 148.23 -14.45078308164283 9.13743021655413
2003.0534 -20.00 148.23 11.84654733787801 16.24988192371626
2003.0808 -20.00 148.23 -0.26122224987117 13.26748480252631
2003.1082 -20.00 148.23 31.23821051694118 7.29228689286977
2003.1356 -20.00 148.23 36.47379603775526 6.70539615445544
2003.1630 -20.00 148.23 24.69188184183714 7.32350788523101
2003.1904 -20.00 148.23 44.28880263545790 8.57816180639277
2003.2178 -20.00 148.23 13.06802505022519 7.24226650410145
2003.2452 -20.00 148.23 26.38049466041910 7.22061848900102
2003.2726 -20.00 148.23 -6.00104345879742 7.01991868496719
2003.3000 -20.00 148.23 -10.50481036898026 6.90080101134474
2003.3274 -20.00 148.23 1.97746457890980 9.31391582776614
2003.3548 -20.00 148.23 -9.98045051542784 10.66764871787077
2003.3822 -20.00 148.23 -32.00023755097551 8.91681781639544
2003.5192 -20.00 148.23 -9.16297380875146 10.48006421793333
2003.5466 -20.00 148.23 -13.05389036197228 12.03339271914582
2003.5740 -20.00 148.23 11.39205697010370 14.50277112777370
2003.6014 -20.00 148.23 -9.73377303016615 12.07264252926628
2003.6288 -20.00 148.23 -16.35703865898991 11.03663615098239
2003.6562 -20.00 148.23 -25.30887002080590 12.11357779605929
2003.6836 -20.00 148.23 -21.25441268625271 12.21055933331856
2003.7110 -20.00 148.23 -0.96233177026943 8.91081161705100
2003.7384 -20.00 148.23 -16.88111028949514 11.40011582611940
2003.7658 -20.00 148.23 -28.49330595365856 10.35887251526470
2003.7932 -20.00 148.23 -17.71559653611323 11.83425380382031
2003.8205 -20.00 148.23 -29.35613990838741 12.54865646192460
2003.8479 -20.00 148.23 -28.19636192067906 10.54958297771902
2003.8753 -20.00 148.23 -27.38526039801170 11.69604147282997
2003.9027 -20.00 148.23 -29.96138136364065 10.18796546532942
2003.9301 -20.00 148.23 -29.87035717686083 10.96369180123486
2003.9575 -20.00 148.23 -18.43051306605130 12.86644388569904
2003.9849 -20.00 148.23 -4.47374236304212 11.99475612327483
2004.0123 -20.00 148.23 -3.40696725944449 12.88547966025404
2004.0397 -20.00 148.23 -1.14144275898927 9.53858633972822
2004.0945 -20.00 148.23 11.15201331076611 8.90184017315775
2004.1219 -20.00 148.23 0.29635616747414 10.52837215988313
2004.1493 -20.00 148.23 -2.04814286328068 12.60224881504133
2004.1767 -20.00 148.23 -16.43454759453391 14.00043606268654
2004.2041 -20.00 148.23 -20.77971653317268 10.86101647686222
2004.2315 -20.00 148.23 -3.56413936422759 11.03828615879816
2004.2589 -20.00 148.23 3.49311733154004 11.37139491332741
2004.2863 -20.00 148.23 6.67796661740823 11.46860234434464
2004.3137 -20.00 148.23 -0.43047485995580 10.82497974825596
2004.3411 -20.00 148.23 8.39610119584042 12.06960376875215
2004.3685 -20.00 148.23 16.60937802126152 11.23331823714656
2004.3959 -20.00 148.23 0.59881083681168 9.59037476124133
2004.4233 -20.00 148.23 -5.99340577112267 9.15909425461647
2004.4507 -20.00 148.23 -7.76915665518785 8.23109389988470
2004.4781 -20.00 148.23 -28.34251657408486 9.19223671626832
2004.5055 -20.00 148.23 -52.24600890242559 8.89020163572210
2004.5329 -20.00 148.23 -44.29348767090026 8.25983282901463
2004.5603 -20.00 148.23 -35.62942167368801 8.61200223414702
2004.5877 -20.00 148.23 -34.85885723469118 8.59214052265914
2004.6151 -20.00 148.23 -27.83995426059542 9.54470934322718
2004.6425 -20.00 148.23 -34.29275023417305 7.88781766121048
2004.6699 -20.00 148.23 -20.98492153454714 7.85024498771230
2004.6973 -20.00 148.23 -20.67972491014495 7.26220913247721
2004.7247 -20.00 148.23 -29.72706530287360 8.54912370501310
2004.7521 -20.00 148.23 -13.07509445601290 8.06947792503244
2004.7795 -20.00 148.23 -10.55151669628046 7.97205808232664
2004.8068 -20.00 148.23 -9.61648703614628 9.06836297142344
2004.8342 -20.00 148.23 -3.45898364815517 8.98558135059011
2004.8616 -20.00 148.23 -1.62027246988432 7.65117277235117
2004.8890 -20.00 148.23 -11.42136433343634 7.71710545333787
2004.9164 -20.00 148.23 -12.92572322455174 8.63031330943705
2004.9438 -20.00 148.23 -6.46412379521743 9.21452946189236
2004.9712 -20.00 148.23 -3.63951756287577 8.82835901811999
2004.9973 -20.00 148.23 -2.89695607485508 8.27564031636838
2005.0233 -20.00 148.23 -7.69758112603165 10.19318454231395
2005.0507 -20.00 148.23 -22.95769655416791 16.35259071867014
2005.0781 -20.00 148.23 -13.40967195279021 11.75163644678648
2005.1055 -20.00 148.23 20.17097253289917 11.58227254763572
2005.1329 -20.00 148.23 17.21966688676560 11.87418605060897
2005.1603 -20.00 148.23 9.92475512206993 10.21010029528041
2005.1877 -20.00 148.23 15.95044802042284 10.02847100636948
2005.2151 -20.00 148.23 13.84216406809911 9.13999492004991
2005.2425 -20.00 148.23 24.70382512386706 9.03718909887723
2005.2699 -20.00 148.23 -0.20884055390244 9.78165055303668
2005.2973 -20.00 148.23 -6.50151773186846 10.42002668390124
2005.3247 -20.00 148.23 5.99943839486038 10.98812333289918
2005.3521 -20.00 148.23 9.44199890774313 3.74358367434136
2005.3795 -20.00 148.23 -9.34142948703603 10.15503832325740
2005.4068 -20.00 148.23 -7.70193677872256 9.09198470546537
2005.4342 -20.00 148.23 -15.42123693010043 10.41435849132657
2005.4616 -20.00 148.23 -15.51541391139975 9.57895374740845
2005.4890 -20.00 148.23 -22.73554861754756 9.06130608024829
2005.5164 -20.00 148.23 -25.91234464377507 9.00661927384890
2005.5438 -20.00 148.23 -18.34504753226070 10.01740568941144
2005.5712 -20.00 148.23 -0.07571360386667 11.06391369219917
2005.5986 -20.00 148.23 -29.60557292345171 11.32891625283402
2005.6260 -20.00 148.23 -10.33728839946632 9.83717488174152
2005.6534 -20.00 148.23 -15.91425059773104 10.54176068688189
2005.6808 -20.00 148.23 -12.08287799760993 10.27477901876650
2005.7082 -20.00 148.23 -18.83957385410247 12.93607713372749
2005.7356 -20.00 148.23 -2.34137127696716 11.16948136699322
2005.7630 -20.00 148.23 -29.99041446740861 11.18947711426588
2005.7904 -20.00 148.23 -12.67721501251589 10.29167324120986
2005.8178 -20.00 148.23 -26.07939139668111 10.68099358414559
2005.8452 -20.00 148.23 -13.99998820466513 11.41383461219479
2005.8726 -20.00 148.23 -16.29671076164782 9.79295926066553
2005.9000 -20.00 148.23 -7.27221027279417 9.43643790382199
2005.9274 -20.00 148.23 -33.22360806576270 9.10109102013501
2005.9548 -20.00 148.23 -43.61868933186348 7.57854998324387
2005.9822 -20.00 148.23 -34.06460949270497 8.44298366782699
2006.0096 -20.00 148.23 -48.13734414864232 9.82772251660216
2006.0370 -20.00 148.23 -24.87580325355730 12.81150930535834
2006.0644 -20.00 148.23 -20.97152223653528 12.92638696550251
2006.0918 -20.00 148.23 5.00301255354539 13.08459658841087
2006.1192 -20.00 148.23 -3.77897045676839 15.41589566364148
2006.1466 -20.00 148.23 3.50883943704339 11.65587350319198
2006.1740 -20.00 148.23 6.14442574858030 13.73779175443856
2006.2014 -20.00 148.23 8.22336578166733 10.09129495550874
2006.2288 -20.00 148.23 16.24880863552113 13.85670237432067
2006.2562 -20.00 148.23 7.16432369566512 13.12058879305668
2006.2836 -20.00 148.23 10.08842563267581 12.66727600100823
2006.3110 -20.00 148.23 4.00040850542465 13.66899219624142
2006.3384 -20.00 148.23 -15.60026671531343 12.29240376916854
2006.3658 -20.00 148.23 -2.89645172806625 13.74979509035635
2006.3932 -20.00 148.23 -22.84134978240456 13.43496283701485
2006.4205 -20.00 148.23 -30.41005652215612 13.32804211089143
2006.4479 -20.00 148.23 -12.92809615585128 14.18132529769736
2006.4753 -20.00 148.23 -29.75472506011813 14.80658987995314
2006.5027 -20.00 148.23 -22.45356308646157 15.50327870418521
2006.5301 -20.00 148.23 -30.70401364005800 19.01944685932002
2006.5575 -20.00 148.23 -11.68426043336590 14.71239650418188
2006.5849 -20.00 148.23 -24.86744632247278 15.18770957825436
2006.6123 -20.00 148.23 -10.01748771285769 19.82199594825124
2006.6397 -20.00 148.23 -17.97180705949376 16.30219647682779
2006.6671 -20.00 148.23 -5.00332855337128 14.40637645667825
2006.6945 -20.00 148.23 -17.86744106428597 19.08033595877641
2006.7219 -20.00 148.23 -8.74326588094892 17.13881989440435
2006.7493 -20.00 148.23 10.24708195796170 21.02300621672292
2006.7767 -20.00 148.23 -19.18030129536655 18.32065920107638
2006.8041 -20.00 148.23 -16.84984645016618 14.26426782025638
2006.8315 -20.00 148.23 -16.91775970549268 17.08515465505417
2006.8589 -20.00 148.23 -23.85832854497285 16.42676495702335
2006.8863 -20.00 148.23 -31.23353077045174 15.50541037025795
2006.9137 -20.00 148.23 -12.52569592109471 14.76539263042275
2006.9411 -20.00 148.23 2.01567596012486 14.42820538772583
2006.9685 -20.00 148.23 -34.65975117852523 14.04729588631242
2006.9959 -20.00 148.23 -18.67886407179041 13.58110053751495
2007.0233 -20.00 148.23 -17.83223075356182 12.27152962139555
2007.0507 -20.00 148.23 -6.58950394322443 13.11790551531118
2007.0781 -20.00 148.23 -11.13716552604474 14.08158524066140
2007.1055 -20.00 148.23 36.22756619202246 12.33627334034316
2007.1329 -20.00 148.23 23.94313791018142 13.67587015903926
2007.1603 -20.00 148.23 43.39253783449623 12.99956315347222
2007.1877 -20.00 148.23 47.48463391785447 17.95746506694502
2007.2151 -20.00 148.23 25.48053663036911 15.80742757886496
2007.2425 -20.00 148.23 43.51120813250068 15.12687868146641
2007.2699 -20.00 148.23 29.32893042425575 11.22948859741658
2007.2973 -20.00 148.23 10.02269314811169 10.51444109726229
2007.3247 -20.00 148.23 13.28456137177601 13.58192338154934
2007.3521 -20.00 148.23 16.00450894836476 15.18260722314005
2007.3795 -20.00 148.23 -10.99546596774851 16.13699411263429
2007.4068 -20.00 148.23 -5.21443573031191 12.89398568712878
2007.4342 -20.00 148.23 -8.10673500143763 12.14034404247876
2007.4616 -20.00 148.23 -0.59373780344138 17.04037831020888
2007.4890 -20.00 148.23 -6.22248938699556 12.15044575684805
2007.5164 -20.00 148.23 -16.49326282227614 13.13226554381087
2007.5438 -20.00 148.23 -14.17375987441775 12.57301311019690
2007.5712 -20.00 148.23 2.09635335629932 12.91971266461896
2007.5986 -20.00 148.23 1.57932963431371 16.33426671333908
2007.6260 -20.00 148.23 -18.16487234575970 12.79191275301148
2007.6534 -20.00 148.23 -20.19881948177141 13.07815103723180
2007.6808 -20.00 148.23 -7.06989890784298 13.63289606400169
2007.7082 -20.00 148.23 -8.78143004207492 9.22760996955868
2007.7356 -20.00 148.23 12.34015052886740 13.99241394954778
2007.7630 -20.00 148.23 8.70147548964664 9.90335030035533
2007.7904 -20.00 148.23 21.38235668808377 14.00392626305580
2007.8178 -20.00 148.23 -1.84427431554787 16.58649480551140
2007.8452 -20.00 148.23 -18.93864513774198 12.79212271302141
2007.8726 -20.00 148.23 -10.30535691629658 15.21395152239161
2007.9000 -20.00 148.23 -13.10340877261036 16.07266474302092
2007.9274 -20.00 148.23 -18.26865282083906 15.96637584885285
2007.9548 -20.00 148.23 -12.94189676602451 11.60984998165246
2007.9822 -20.00 148.23 -24.33638966277357 14.78389290691849
2008.0096 -20.00 148.23 -7.29462303040717 12.85083854047076
2008.0370 -20.00 148.23 -16.30085523349226 13.47827483340286
2008.0644 -20.00 148.23 57.55153822847413 15.94089689540026
2008.0918 -20.00 148.23 29.04286623019551 11.94300610743318
2008.1192 -20.00 148.23 9.66076185317808 14.69652200504918
2008.1466 -20.00 148.23 15.76181009422863 17.42585323934501
2008.1740 -20.00 148.23 18.88387867892954 15.00240146047107
2008.2014 -20.00 148.23 20.61561056212847 16.58081079217060
2008.2288 -20.00 148.23 48.76411777122899 18.21133483889070
2008.2562 -20.00 148.23 24.20558608100806 17.35186057794969
2008.2836 -20.00 148.23 5.44378437487630 20.94744657358491
2008.3110 -20.00 148.23 17.25212459245777 21.92247435611602
2008.3384 -20.00 148.23 7.44991116504150 16.05771205125585
2008.3658 -20.00 148.23 6.63948845178048 16.20721897935686
2008.3932 -20.00 148.23 21.06554481098475 14.29995090865703
2008.4205 -20.00 148.23 -4.17939675567976 12.38304437586393
2008.4479 -20.00 148.23 -2.41445659212801 12.91441646855967
2008.4753 -20.00 148.23 9.74101854604524 12.39147815984969
2008.5027 -20.00 148.23 0.83353892318398 15.30458380023041
2008.5301 -20.00 148.23 -18.42882833146622 18.94188129273799
2008.5575 -20.00 148.23 8.13990137520114 11.79449147907388
2008.5849 -20.00 148.23 -17.06168021644010 14.28519600119460
2008.6123 -20.00 148.23 -15.65811978370989 11.26122003849572
2008.6397 -20.00 148.23 -2.42447840251429 12.63340443233176
2008.6671 -20.00 148.23 -0.23440204763478 11.96356081270221
2008.6945 -20.00 148.23 0.78961167988292 11.52879505163994
2008.7219 -20.00 148.23 -4.44478362524917 13.80033702648933
2008.7493 -20.00 148.23 2.42862027155091 12.33430789489887
2008.7767 -20.00 148.23 -3.93065875879850 14.93528519351055
2008.8041 -20.00 148.23 11.35416061429623 15.10148999099076
2008.8315 -20.00 148.23 10.68528847913780 16.91408032149847
2008.8589 -20.00 148.23 -15.70936046906645 19.81420943488528
2008.8863 -20.00 148.23 17.68415817859723 18.97529749852900
2008.9137 -20.00 148.23 46.98528237130144 18.21560719494673
2008.9411 -20.00 148.23 -13.39240987844477 18.71185712015283
2008.9685 -20.00 148.23 -1.43581923853972 17.38651484881905
2008.9945 -20.00 148.23 -11.25155392293767 14.84358740523673
2009.0205 -20.00 148.23 3.30737676415520 14.80424813836843
2009.0479 -20.00 148.23 26.64854122528643 14.81403441949385
2009.0753 -20.00 148.23 11.59569677820367 13.89357877884769
2009.1027 -20.00 148.23 50.73806265803972 17.76891215245095
2009.1301 -20.00 148.23 47.23268723830289 13.77524025040611
2009.1575 -20.00 148.23 41.42568403547946 13.85475241794567
2009.1849 -20.00 148.23 49.81004743104100 16.72079245812138
2009.2123 -20.00 148.23 55.72363741746855 13.56069805297904
2009.2397 -20.00 148.23 27.35156498125830 15.96265239866725
2009.2671 -20.00 148.23 39.74710121582149 13.16563865502853
2009.2945 -20.00 148.23 33.33571681325888 13.57777576528456
2009.3219 -20.00 148.23 19.82406006838118 14.10172923589134
2009.3493 -20.00 148.23 8.25296711087100 12.78636922147062
2009.3767 -20.00 148.23 3.17705805429765 13.45975214474596
2009.4041 -20.00 148.23 1.10721589478575 11.52853199973049
2009.4315 -20.00 148.23 5.24722984396023 13.72449447399433
2009.4589 -20.00 148.23 -9.00542944070077 11.08552475920669
2009.4863 -20.00 148.23 -13.58472569474735 12.36385795546020
2009.5137 -20.00 148.23 -10.21294557010027 11.51360970968171
2009.5411 -20.00 148.23 -26.02004752167074 14.52326310321925
2009.5685 -20.00 148.23 -14.85296424627078 15.57304961953424
2009.5959 -20.00 148.23 -22.83530092402051 13.45722162971565
2009.6233 -20.00 148.23 -5.55176557306859 14.41550843419678
2009.6507 -20.00 148.23 -15.16261248299846 13.92579396543552
2009.6781 -20.00 148.23 -7.35915593763989 15.16214294830914
2009.7055 -20.00 148.23 8.54698031384390 15.98497630100758
2009.7329 -20.00 148.23 -10.85411562365726 15.23042081568467
2009.7603 -20.00 148.23 14.35482297374895 17.46675268853604
2009.7877 -20.00 148.23 -0.42010814132429 16.06998570893489
2009.8151 -20.00 148.23 -6.09535534243969 17.50756030463786
2009.8425 -20.00 148.23 -9.95053964825032 15.73546591085046
2009.8699 -20.00 148.23 -7.33857121686918 14.94429234760818
2009.8973 -20.00 148.23 -31.39692909234505 13.87938201915021
2009.9247 -20.00 148.23 -23.49403877857099 13.31858873654370
2009.9521 -20.00 148.23 -13.91525031490065 12.69832922327395
2009.9795 -20.00 148.23 -25.21346527655804 13.05721535658917
2010.0068 -20.00 148.23 5.86503452392551 17.22335805635279
2010.0342 -20.00 148.23 -25.05784456912944 12.91917348503589
2010.0616 -20.00 148.23 -9.25397616132544 13.37072452991062
2010.0890 -20.00 148.23 4.32452467310666 16.57352486396392
2010.1164 -20.00 148.23 -1.43640089983465 17.12275446534985
2010.1438 -20.00 148.23 26.77173278080348 16.10979752206331
2010.1712 -20.00 148.23 37.90266391925622 15.35123926242608
2010.1986 -20.00 148.23 35.29205509648121 14.66724393042312
2010.2260 -20.00 148.23 15.69162943919245 16.09191735727052
2010.2534 -20.00 148.23 9.27585602124620 16.47225083869656
2010.2808 -20.00 148.23 8.34530774413323 12.28836329638551
2010.3082 -20.00 148.23 21.96890299143122 13.05164033998939
2010.3356 -20.00 148.23 22.51201704373361 11.40460589682022
2010.3630 -20.00 148.23 13.05466892978467 12.20619545419963
2010.3904 -20.00 148.23 19.18722106220395 12.12402123953201
2010.4178 -20.00 148.23 21.80309091981944 13.01937126742173
2010.4452 -20.00 148.23 8.21751305433427 11.25299148367546
2010.4726 -20.00 148.23 8.00845402251347 9.93892978531996
2010.5000 -20.00 148.23 5.24038845201701 11.66498434047043
2010.5274 -20.00 148.23 11.13627531299186 20.04860227765770
2010.5548 -20.00 148.23 2.21633399624457 12.30539651275024
2010.5822 -20.00 148.23 0.61629567112120 10.97111432721256
2010.6096 -20.00 148.23 18.13514382309506 14.83596559828075
2010.6370 -20.00 148.23 -23.20490052010075 12.99124211017354
2010.6644 -20.00 148.23 18.92790108213860 12.03083596923646
2010.6918 -20.00 148.23 -4.51339080928666 14.94910168581171
2010.7192 -20.00 148.23 -1.97906957812274 13.83853435371353
2010.7466 -20.00 148.23 0.10155315670144 16.45291357796873
2010.7740 -20.00 148.23 6.35677641845559 12.68082860314215
2010.8014 -20.00 148.23 -2.22191620665706 12.17771335077507
2010.8288 -20.00 148.23 -18.57488717290698 14.23068660067133
2010.8562 -20.00 148.23 -1.81724908177103 13.86299405943896
2010.8836 -20.00 148.23 19.58926972219997 12.52562767537242
2010.9110 -20.00 148.23 12.03060904717258 14.01621232636906
2010.9384 -20.00 148.23 24.99749708910631 14.64108084504834
2010.9658 -20.00 148.23 21.56054926568013 16.27886940180223
2010.9932 -20.00 148.23 29.89891484113025 11.48677717295763
2011.1027 -20.00 148.23 50.06282100786977 11.39688640260148
2011.1301 -20.00 148.23 31.60691973523844 19.23395163076181
2011.1575 -20.00 148.23 38.04684336814195 12.18073610764637
2011.1849 -20.00 148.23 38.10710801145350 9.20027571789231
2011.2123 -20.00 148.23 4.61902926785586 16.32833384243693
2011.2397 -20.00 148.23 20.84046350391503 17.24785893090635
2011.2671 -20.00 148.23 34.86723921392398 13.49366153013337
2011.2945 -20.00 148.23 11.49204811863831 16.18959476355170
2011.3219 -20.00 148.23 42.56926195010875 15.08649707167869
2011.3493 -20.00 148.23 21.80903881978767 13.22338971335790
2011.3767 -20.00 148.23 19.83713552453392 15.90281242639055
2011.4041 -20.00 148.23 17.52554725086561 13.57646203533314
2011.4315 -20.00 148.23 -5.37988932220491 13.28942999176884
2011.5137 -20.00 148.23 -3.64711101850178 12.02585158463864
2011.5411 -20.00 148.23 -10.08286967208421 13.16106980077533
2011.5685 -20.00 148.23 -23.54193491162944 12.64887597434293
2011.5959 -20.00 148.23 -18.38599505633249 13.77928660870175
2011.6233 -20.00 148.23 13.10280983663466 13.60457259631490
2011.6507 -20.00 148.23 0.82443265809782 16.83005654537469
2011.6781 -20.00 148.23 4.77147560557361 15.61204141126835
2011.7055 -20.00 148.23 -10.48545318475113 15.73489768557627
2011.7329 -20.00 148.23 -6.27120603997942 18.60151530514408
2011.7603 -20.00 148.23 5.27257025418877 15.70597557995655
2011.7877 -20.00 148.23 -44.07012332689252 16.89586824328374
2011.8151 -20.00 148.23 -37.29600184390612 16.48529552612703
2011.8425 -20.00 148.23 8.65703628269842 18.22592021709955
2011.8699 -20.00 148.23 -14.69378000869230 16.80131283553089
2011.9521 -20.00 148.23 3.27313358251766 10.12677996795582
2011.9795 -20.00 148.23 -14.34447982836912 14.27095525224315
2012.0068 -20.00 148.23 -13.92384640934491 13.08593794103070
2012.0342 -20.00 148.23 -35.96252049862981 15.87007065849966
2012.0616 -20.00 148.23 -0.11207650313318 13.70332444008577
2012.0890 -20.00 148.23 -0.03446541090014 13.43573326771339
2012.1164 -20.00 148.23 14.29671436749518 12.98058420029990
2012.1438 -20.00 148.23 -4.33063402109011 13.52388492431884
2012.1712 -20.00 148.23 20.99466229647099 12.59065689440966
2012.1986 -20.00 148.23 31.37459198949760 11.40426380540418
2012.2260 -20.00 148.23 49.36880501073973 11.79852508372879
2012.2534 -20.00 148.23 56.59993031388923 11.50897101285422
2012.2808 -20.00 148.23 46.05212357921252 10.72881418506224
2012.3082 -20.00 148.23 42.98271810982315 11.72114214869894
2012.3904 -20.00 148.23 5.00883635255287 12.37981570442083
2012.4178 -20.00 148.23 2.86307000763241 9.70358918639921
2012.4452 -20.00 148.23 0.98583347413261 9.52479460189224
2012.4726 -20.00 148.23 1.14709745723664 10.42164614709372
2012.5000 -20.00 148.23 6.09482782612554 9.78233256005703
2012.5274 -20.00 148.23 -2.56340801356013 10.46351731608618
2012.5548 -20.00 148.23 1.88808432464439 10.45386612138365
2012.5822 -20.00 148.23 8.52183206723222 11.25897592542082
2012.6096 -20.00 148.23 5.88041481824942 11.17210670344349
2012.6370 -20.00 148.23 1.41678988447082 10.20342679669059
2012.6644 -20.00 148.23 -3.28014105107041 11.33633290826775
2012.6918 -20.00 148.23 -10.51488790921527 11.72399321612251
2012.7192 -20.00 148.23 6.58391539821679 14.53891350290787
2012.7466 -20.00 148.23 -3.31852426236819 9.30287753516314
2012.8562 -20.00 148.23 -0.51620813347942 14.89098450644052
2012.8836 -20.00 148.23 1.82582405586842 14.09651398258121
2012.9110 -20.00 148.23 -12.56027306204674 13.26854706725146
2012.9384 -20.00 148.23 -20.56046783078745 12.31622151680886
2012.9658 -20.00 148.23 -23.14067550544947 14.50403543642808
2012.9918 -20.00 148.23 8.34447693395654 6.66263123591928
2013.0178 -20.00 148.23 -0.08374104055085 8.11172774053286
2013.0452 -20.00 148.23 -6.46804525909209 8.01070637948986
2013.0726 -20.00 148.23 6.38923839386547 7.28593519595588
2013.1000 -20.00 148.23 -3.25665012799869 7.50301840213992
2013.1274 -20.00 148.23 33.57431750022394 6.81186634513233
2013.1548 -20.00 148.23 -1.64050348760277 6.09514631295834
2013.2644 -20.00 148.23 48.12929631877552 6.75766894367617
2013.2918 -20.00 148.23 20.97112226521199 7.06717467017944
2013.3192 -20.00 148.23 18.15734951466195 7.99747618330947
2013.3466 -20.00 148.23 36.42809262877701 8.25443433801077
2013.3740 -20.00 148.23 10.74131643127864 6.90873121453195
2013.4014 -20.00 148.23 18.20347391569498 7.17454507914862
2013.4288 -20.00 148.23 12.30968781872471 6.11324617973757
2013.4562 -20.00 148.23 3.41332532925666 6.19895756202780
2013.4836 -20.00 148.23 32.57152468897695 6.43865619550992
2013.5110 -20.00 148.23 6.51457792235893 7.46283899356354
2013.5384 -20.00 148.23 14.94740830351273 7.04191891579239
2013.5658 -20.00 148.23 -16.54167530641721 7.57312876325974
2013.7575 -20.00 148.23 7.87064235737575 6.91586804296028
2013.7849 -20.00 148.23 -1.24366844679513 7.32140058411675
2013.8123 -20.00 148.23 12.04409034198555 6.63535507556030
2013.8397 -20.00 148.23 20.50429541595805 6.75213440940765
2013.8671 -20.00 148.23 40.41881159991857 7.17802657756734
2013.8945 -20.00 148.23 -13.50073951482707 6.69909408395786
2013.9219 -20.00 148.23 3.04275142262880 5.78425427619852
2013.9493 -20.00 148.23 -15.29078073319754 6.28978111929326
2013.9767 -20.00 148.23 -0.09760701660561 6.24357452678556
2014.0041 -20.00 148.23 -5.50780934774554 6.05905031429444
2014.0315 -20.00 148.23 2.80494946896932 6.40914573886926
2014.1685 -20.00 148.23 26.88687969043629 6.70780755833609
2014.1959 -20.00 148.23 39.94001241406408 7.19854238886355
2014.2233 -20.00 148.23 0.33744075066136 6.71108174485825
2014.2507 -20.00 148.23 5.05213389052458 6.07321154029721
2014.2781 -20.00 148.23 4.66570434859172 6.51656035862056
2014.3055 -20.00 148.23 3.76333156508314 6.20110926450115
2014.3329 -20.00 148.23 -11.05879294544177 4.86025586403413
2014.3603 -20.00 148.23 26.50358948970592 5.72203305461606
2014.3877 -20.00 148.23 6.85241235665682 5.74111831099437
2014.4151 -20.00 148.23 -9.59300055244295 5.64494379956232
2014.4425 -20.00 148.23 21.43209651437367 6.05435953739739
2014.4699 -20.00 148.23 15.25869832934551 5.91396859590418
2014.5795 -20.00 148.23 -9.46335986514049 4.62190075130506
2014.6068 -20.00 148.23 0.86625353853473 5.11401135357363
2014.6342 -20.00 148.23 24.85296278449869 4.48445294588531
2014.6616 -20.00 148.23 1.04025890008598 5.22565020633113
2014.6890 -20.00 148.23 8.45686078270292 5.09041809139066
2014.7164 -20.00 148.23 -5.43685319145313 4.96557831090672
2014.7438 -20.00 148.23 -1.63254214063774 5.53085738600267
2014.7712 -20.00 148.23 -1.73560439123843 5.45977473001130
2014.7986 -20.00 148.23 -9.54989349374962 4.66409129861150
2014.8260 -20.00 148.23 -36.27523092832502 4.61343195885889
2014.8534 -20.00 148.23 -0.45338911028197 4.93644058061908
2014.8808 -20.00 148.23 -14.06164608744441 4.95134954186255
2014.9082 -20.00 148.23 -20.37698111770767 5.07316490684710
2015.0452 -20.00 148.23 19.13973219946590 3.52858052676081
2015.0726 -20.00 148.23 25.01011642259892 4.03087471239839
2015.1000 -20.00 148.23 38.20914404618425 3.42075771513818
2015.1274 -20.00 148.23 10.07823526089802 3.15197913175549
2015.1548 -20.00 148.23 0.30300499468692 3.87037809406449
2015.1822 -20.00 148.23 9.22580285904983 3.54469449809527
2015.2096 -20.00 148.23 22.75907747418592 5.17023748072534
2015.2370 -20.00 148.23 12.87907750227471 5.77759368937606
2015.2644 -20.00 148.23 -5.93048640788625 4.91886505241458
2015.2918 -20.00 148.23 34.13139860664761 4.80875418283924
2015.3192 -20.00 148.23 22.59402816947818 4.62315442092404
2015.3466 -20.00 148.23 -16.69274990884634 5.08993634455693
2015.4836 -20.00 148.23 11.60143091785826 4.08759993910113
2015.5110 -20.00 148.23 1.34375506000511 4.07557608203841
2015.5384 -20.00 148.23 -28.71674045001529 4.61185809815856
2015.5658 -20.00 148.23 -9.93378084533719 4.95450775850145
2015.5932 -20.00 148.23 -2.16010744903258 5.27665336329734
2015.6205 -20.00 148.23 -26.37634662249675 4.95232493772286
2015.6479 -20.00 148.23 -2.11049211484171 4.85077656869822
2015.6753 -20.00 148.23 -31.17685655312203 4.51417400262732
2015.7027 -20.00 148.23 -7.47122260022151 5.16434655934024
2015.7301 -20.00 148.23 15.74900086583796 5.05235402395439
2015.9493 -20.00 148.23 -25.16249210192830 4.85247420950996
2015.9767 -20.00 148.23 -10.07199333245070 5.42900936097263
2016.0041 -20.00 148.23 -16.94749226624144 4.77763811547229
2016.0315 -20.00 148.23 -9.04817871647087 4.53726728911284
2016.0589 -20.00 148.23 1.56142949798110 4.62561727135556
2016.0863 -20.00 148.23 -11.25563024100022 3.99655563758295
2016.1137 -20.00 148.23 16.76043421485088 4.73820755683996
2016.1411 -20.00 148.23 -13.41573928639699 5.93453018753070
2016.1685 -20.00 148.23 16.08199436740624 6.59848807819123
2016.1959 -20.00 148.23 4.15948570142899 6.49281853885520
2016.2233 -20.00 148.23 -4.28770029410355 6.64765123008425
2016.2507 -20.00 148.23 30.15073623595820 4.84858308558097
2016.3603 -20.00 148.23 12.59674725169691 4.51256722459434
2016.3877 -20.00 148.23 -6.30413068792467 5.58958373886393
2016.4151 -20.00 148.23 -14.44985414420463 5.38870370648032
2016.4425 -20.00 148.23 -21.88089011802574 5.95344177465268
2016.4699 -20.00 148.23 -2.03928314610174 5.81038188802254
