2002.5877 36.08 -115.29 -0.312 -0.739 -1.846 0.113 0.094 0.512
2002.6151 36.08 -115.29 -0.265 -0.845 0.222 0.108 0.091 0.490
2002.6425 36.08 -115.29 -0.203 -0.692 1.070 0.110 0.093 0.498
2002.6699 36.08 -115.29 -0.435 -0.136 1.703 0.096 0.080 0.436
2002.6973 36.08 -115.29 -0.305 0.150 1.105 0.163 0.073 0.616
2002.7247 36.08 -115.29 -0.499 0.045 2.051 0.103 0.086 0.462
2002.7521 36.08 -115.29 -0.564 0.251 0.576 0.095 0.081 0.432
2002.7795 36.08 -115.29 -0.568 0.002 1.006 0.110 0.094 0.502
2002.8068 36.08 -115.29 -0.367 0.195 2.531 0.098 0.083 0.445
2002.8342 36.08 -115.29 -0.733 -0.122 1.161 0.097 0.082 0.440
2002.8616 36.08 -115.29 -0.605 0.221 0.119 0.100 0.073 0.435
2002.8890 36.08 -115.29 -0.579 -0.329 -1.852 0.098 0.082 0.444
2002.9164 36.08 -115.29 -0.854 -0.391 0.159 0.106 0.087 0.475
2003.0260 36.08 -115.29 -0.189 -0.278 1.639 0.120 0.099 0.539
2003.0534 36.08 -115.29 0.294 0.438 -0.001 0.193 0.163 0.856
2003.0808 36.08 -115.29 -0.862 -0.162 -2.648 0.173 0.139 0.765
2003.1082 36.08 -115.29 -0.030 -0.396 -0.900 0.101 0.081 0.458
2003.1356 36.08 -115.29 -0.017 -0.449 -0.292 0.094 0.075 0.427
2003.1630 36.08 -115.29 0.169 0.033 -2.002 0.099 0.081 0.451
2003.1904 36.08 -115.29 -0.097 -0.315 -2.095 0.117 0.093 0.523
2003.2178 36.08 -115.29 0.149 -0.147 -2.154 0.098 0.080 0.445
2003.2452 36.08 -115.29 0.230 -0.679 -4.054 0.096 0.079 0.436
2003.2726 36.08 -115.29 0.319 -0.594 -0.709 0.093 0.077 0.425
2003.3000 36.08 -115.29 0.077 -0.944 -3.817 0.091 0.076 0.416
2003.3274 36.08 -115.29 0.181 -0.634 -2.962 0.119 0.100 0.536
2003.3548 36.08 -115.29 0.411 -0.882 -2.203 0.129 0.111 0.583
2003.3822 36.08 -115.29 0.361 -0.490 0.072 0.119 0.096 0.531
2003.5192 36.08 -115.29 -0.198 -0.414 2.418 0.123 0.107 0.556
2003.5466 36.08 -115.29 -0.234 -0.667 1.538 0.136 0.119 0.612
2003.5740 36.08 -115.29 -0.590 -0.654 1.793 0.157 0.140 0.707
2003.6014 36.08 -115.29 -0.490 -0.730 2.159 0.136 0.119 0.611
2003.6288 36.08 -115.29 -0.703 -1.097 1.574 0.129 0.112 0.582
2003.6562 36.08 -115.29 -0.615 -0.445 1.999 0.138 0.120 0.620
2003.6836 36.08 -115.29 -0.641 -0.744 2.120 0.136 0.119 0.612
2003.7110 36.08 -115.29 -0.609 -0.430 1.430 0.108 0.091 0.486
2003.7384 36.08 -115.29 -1.006 -0.127 2.686 0.130 0.112 0.582
2003.7658 36.08 -115.29 -0.851 0.205 -0.234 0.119 0.103 0.536
2003.7932 36.08 -115.29 -0.923 -0.089 1.315 0.133 0.115 0.595
2003.8205 36.08 -115.29 -0.635 -0.109 4.198 0.144 0.121 0.636
2003.8479 36.08 -115.29 -0.904 0.136 0.942 0.127 0.103 0.559
2003.8753 36.08 -115.29 -0.658 0.038 2.119 0.133 0.113 0.591
2003.9027 36.08 -115.29 -0.744 -0.094 -0.636 0.122 0.101 0.541
2003.9301 36.08 -115.29 -0.364 -0.199 -1.299 0.127 0.106 0.563
2003.9575 36.08 -115.29 -0.623 -0.161 1.666 0.142 0.121 0.628
2003.9849 36.08 -115.29 -0.382 -0.150 0.393 0.135 0.113 0.595
2004.0123 36.08 -115.29 -0.216 -0.331 -0.325 0.145 0.121 0.637
2004.0397 36.08 -115.29 -0.258 -0.578 0.217 0.123 0.097 0.542
2004.0945 36.08 -115.29 0.097 0.034 -0.386 0.115 0.090 0.507
2004.1219 36.08 -115.29 0.315 -0.441 0.613 0.122 0.099 0.536
2004.1493 36.08 -115.29 -0.107 -0.902 -0.218 0.143 0.117 0.626
2004.1767 36.08 -115.29 -0.031 -0.601 -1.468 0.152 0.126 0.665
2004.2041 36.08 -115.29 0.078 -0.919 0.451 0.125 0.101 0.546
2004.2315 36.08 -115.29 0.047 -0.457 -1.492 0.127 0.102 0.553
2004.2589 36.08 -115.29 0.273 -0.412 1.014 0.131 0.105 0.571
2004.2863 36.08 -115.29 0.120 -0.674 -1.603 0.132 0.104 0.572
2004.3137 36.08 -115.29 0.101 -0.570 -2.099 0.126 0.099 0.544
2004.3411 36.08 -115.29 0.242 -0.626 -0.538 0.138 0.108 0.593
2004.3685 36.08 -115.29 0.171 -0.456 0.501 0.133 0.104 0.575
2004.3959 36.08 -115.29 0.010 -0.439 2.825 0.117 0.091 0.509
2004.4233 36.08 -115.29 0.082 -0.253 2.076 0.113 0.087 0.489
2004.4507 36.08 -115.29 -0.100 -0.494 2.544 0.100 0.077 0.436
2004.4781 36.08 -115.29 -0.052 -0.228 1.574 0.110 0.085 0.476
2004.5055 36.08 -115.29 -0.056 0.051 3.556 0.108 0.083 0.466
2004.5329 36.08 -115.29 -0.389 -0.075 3.704 0.102 0.078 0.443
2004.5603 36.08 -115.29 -0.260 -0.115 3.858 0.105 0.080 0.453
2004.5877 36.08 -115.29 -0.437 -0.243 2.349 0.106 0.081 0.458
2004.6151 36.08 -115.29 -0.532 -0.101 1.789 0.116 0.089 0.503
2004.6425 36.08 -115.29 -0.621 0.124 1.158 0.099 0.076 0.434
2004.6699 36.08 -115.29 -0.643 -0.100 1.353 0.100 0.076 0.435
2004.6973 36.08 -115.29 -0.663 -0.115 1.577 0.094 0.072 0.411
2004.7247 36.08 -115.29 -0.365 0.315 3.211 0.107 0.082 0.465
2004.7521 36.08 -115.29 -0.505 0.057 0.594 0.103 0.079 0.449
2004.7795 36.08 -115.29 -0.567 0.110 1.139 0.100 0.077 0.436
2004.8068 36.08 -115.29 -0.562 0.372 1.506 0.111 0.084 0.478
2004.8342 36.08 -115.29 -0.576 0.312 -2.281 0.109 0.083 0.472
2004.8616 36.08 -115.29 -0.512 -0.009 -0.247 0.097 0.074 0.424
2004.8890 36.08 -115.29 -0.718 0.149 -1.025 0.097 0.074 0.423
2004.9164 36.08 -115.29 -0.414 0.377 0.178 0.105 0.081 0.457
2004.9438 36.08 -115.29 -0.412 0.241 -1.691 0.116 0.090 0.509
2004.9712 36.08 -115.29 -0.470 0.292 -0.931 0.105 0.082 0.457
2004.9973 36.08 -115.29 -0.469 0.290 -3.354 0.102 0.079 0.446
2005.0233 36.08 -115.29 -0.203 0.178 -4.474 0.117 0.092 0.508
2005.0507 36.08 -115.29 -0.274 -0.384 -7.556 0.170 0.140 0.735
2005.0781 36.08 -115.29 -0.156 -0.377 -6.438 0.130 0.105 0.565
2005.1055 36.08 -115.29 -0.202 -0.450 -5.065 0.129 0.104 0.562
2005.1329 36.08 -115.29 -0.023 -0.602 -6.367 0.132 0.108 0.576
2005.1603 36.08 -115.29 -0.098 -0.055 -5.574 0.119 0.095 0.519
2005.1877 36.08 -115.29 -0.043 -0.244 -4.704 0.120 0.094 0.521
2005.2151 36.08 -115.29 -0.021 -0.240 -4.464 0.113 0.088 0.495
2005.2425 36.08 -115.29 0.102 -0.044 -5.644 0.109 0.087 0.479
2005.2699 36.08 -115.29 0.111 -0.169 -6.455 0.116 0.093 0.510
2005.2973 36.08 -115.29 0.233 0.046 -4.655 0.123 0.099 0.537
2005.3247 36.08 -115.29 0.140 -0.078 -4.749 0.129 0.104 0.565
2005.3521 36.08 -115.29 0.363 -0.173 -5.299 0.057 0.046 0.273
2005.3795 36.08 -115.29 0.437 -0.460 -4.007 0.121 0.098 0.532
2005.4068 36.08 -115.29 0.367 -0.394 -3.157 0.112 0.089 0.492
2005.4342 36.08 -115.29 0.342 -0.505 -4.573 0.128 0.103 0.562
2005.4616 36.08 -115.29 0.330 -0.407 -3.240 0.116 0.094 0.511
2005.4890 36.08 -115.29 0.131 -0.639 -1.788 0.110 0.089 0.486
2005.5164 36.08 -115.29 -0.050 -0.366 -2.248 0.110 0.089 0.485
2005.5438 36.08 -115.29 -0.127 -0.612 -1.029 0.119 0.097 0.525
2005.5712 36.08 -115.29 -0.239 -0.168 0.426 0.129 0.106 0.569
2005.5986 36.08 -115.29 -0.227 -0.440 -1.293 0.132 0.109 0.581
2005.6260 36.08 -115.29 -0.440 0.186 -0.726 0.117 0.096 0.518
2005.6534 36.08 -115.29 -0.504 0.209 -2.347 0.123 0.102 0.544
2005.6808 36.08 -115.29 -0.605 0.118 -2.084 0.121 0.100 0.535
2005.7082 36.08 -115.29 -0.765 -0.162 -1.570 0.145 0.123 0.643
2005.7356 36.08 -115.29 -0.790 0.106 -1.587 0.128 0.108 0.568
2005.7630 36.08 -115.29 -0.441 0.059 -3.483 0.128 0.109 0.570
2005.7904 36.08 -115.29 -0.533 0.076 -1.941 0.120 0.102 0.537
2005.8178 36.08 -115.29 -0.518 0.121 -0.079 0.123 0.105 0.551
2005.8452 36.08 -115.29 -0.661 0.473 0.323 0.132 0.112 0.590
2005.8726 36.08 -115.29 -0.466 0.002 -0.691 0.115 0.097 0.514
2005.9000 36.08 -115.29 -0.427 -0.126 -0.303 0.112 0.094 0.502
2005.9274 36.08 -115.29 -0.466 0.146 -2.845 0.119 0.092 0.522
2005.9548 36.08 -115.29 -0.224 -0.201 -2.336 0.116 0.091 0.533
2005.9822 36.08 -115.29 -0.062 -0.657 0.804 0.112 0.090 0.500
2006.0096 36.08 -115.29 0.043 -0.937 -0.547 0.121 0.100 0.538
2006.0370 36.08 -115.29 0.394 -0.699 -1.194 0.151 0.127 0.671
2006.0644 36.08 -115.29 0.136 -0.543 -1.498 0.153 0.130 0.683
2006.0918 36.08 -115.29 0.477 -0.456 -1.131 0.152 0.130 0.678
2006.1192 36.08 -115.29 0.442 -0.406 -3.763 0.171 0.149 0.763
2006.1466 36.08 -115.29 0.604 -0.420 -3.949 0.135 0.116 0.606
2006.1740 36.08 -115.29 0.686 -0.709 -3.829 0.151 0.132 0.676
2006.2014 36.08 -115.29 0.859 -0.876 -4.305 0.118 0.102 0.531
2006.2288 36.08 -115.29 0.840 -0.937 -3.334 0.152 0.134 0.682
2006.2562 36.08 -115.29 0.489 -1.279 -3.813 0.142 0.126 0.639
2006.2836 36.08 -115.29 0.657 -1.344 -2.999 0.139 0.123 0.627
2006.3110 36.08 -115.29 0.676 -0.974 -5.271 0.149 0.132 0.669
2006.3384 36.08 -115.29 0.449 -0.957 -1.964 0.135 0.120 0.608
2006.3658 36.08 -115.29 0.398 -0.917 -2.100 0.149 0.133 0.672
2006.3932 36.08 -115.29 0.613 -0.453 -1.663 0.147 0.131 0.662
2006.4205 36.08 -115.29 0.392 -0.842 -4.102 0.148 0.131 0.666
2006.4479 36.08 -115.29 0.479 -0.760 -3.223 0.163 0.140 0.726
2006.4753 36.08 -115.29 0.205 -0.636 -0.099 0.164 0.145 0.738
2006.5027 36.08 -115.29 -0.221 -0.951 1.066 0.170 0.152 0.767
2006.5301 36.08 -115.29 0.040 -0.209 -0.781 0.201 0.182 0.907
2006.5575 36.08 -115.29 -0.297 -0.348 -1.343 0.161 0.144 0.726
2006.5849 36.08 -115.29 -0.308 -0.437 -1.068 0.165 0.148 0.746
2006.6123 36.08 -115.29 -0.344 -0.498 -1.301 0.202 0.185 0.912
2006.6397 36.08 -115.29 -0.264 -0.632 -1.503 0.172 0.156 0.776
2006.6671 36.08 -115.29 -0.650 -0.459 -0.657 0.157 0.140 0.708
2006.6945 36.08 -115.29 -0.830 -0.736 -0.824 0.199 0.180 0.897
2006.7219 36.08 -115.29 -0.792 -0.093 1.017 0.188 0.167 0.845
2006.7493 36.08 -115.29 -0.669 -0.387 1.034 0.223 0.200 1.001
2006.7767 36.08 -115.29 -0.758 -0.227 0.857 0.194 0.174 0.871
2006.8041 36.08 -115.29 -0.603 -0.195 -2.749 0.157 0.139 0.706
2006.8315 36.08 -115.29 -0.400 -0.425 -3.131 0.182 0.163 0.817
2006.8589 36.08 -115.29 -0.529 -0.075 -0.553 0.177 0.158 0.795
2006.8863 36.08 -115.29 -0.624 -0.469 -1.970 0.170 0.151 0.764
2006.9137 36.08 -115.29 -0.154 -0.429 -0.583 0.165 0.145 0.742
2006.9411 36.08 -115.29 -0.312 -0.489 -1.518 0.163 0.143 0.730
2006.9685 36.08 -115.29 -0.053 -0.471 0.305 0.162 0.140 0.726
2006.9959 36.08 -115.29 -0.067 -0.458 -2.220 0.162 0.137 0.721
2007.0233 36.08 -115.29 0.097 -0.293 -0.718 0.151 0.126 0.672
2007.0507 36.08 -115.29 -0.139 -0.043 -1.113 0.157 0.132 0.699
2007.0781 36.08 -115.29 0.048 0.269 -1.678 0.160 0.140 0.720
2007.1055 36.08 -115.29 0.120 -0.151 -1.123 0.143 0.125 0.645
2007.1329 36.08 -115.29 0.430 -0.532 -1.551 0.156 0.136 0.702
2007.1603 36.08 -115.29 0.327 -0.514 -1.414 0.149 0.130 0.669
2007.1877 36.08 -115.29 0.229 -0.006 -2.722 0.191 0.171 0.858
2007.2151 36.08 -115.29 0.466 -0.491 -0.630 0.170 0.152 0.767
2007.2425 36.08 -115.29 0.326 0.063 0.128 0.164 0.146 0.738
2007.2699 36.08 -115.29 0.732 -0.063 -0.943 0.131 0.114 0.593
2007.2973 36.08 -115.29 0.669 -0.539 -0.259 0.124 0.107 0.560
2007.3247 36.08 -115.29 0.652 -0.698 -2.397 0.151 0.134 0.680
2007.3521 36.08 -115.29 0.490 -0.729 -0.431 0.165 0.147 0.743
2007.3795 36.08 -115.29 0.188 -0.720 -2.187 0.173 0.155 0.778
2007.4068 36.08 -115.29 0.343 -0.265 0.760 0.144 0.128 0.652
2007.4342 36.08 -115.29 0.362 -0.102 -2.515 0.138 0.122 0.625
2007.4616 36.08 -115.29 0.215 -0.225 -1.998 0.180 0.163 0.813
2007.4890 36.08 -115.29 0.080 -0.024 -0.616 0.139 0.122 0.628
2007.5164 36.08 -115.29 -0.072 -0.355 -1.211 0.147 0.130 0.662
2007.5438 36.08 -115.29 -0.273 -0.407 0.124 0.142 0.125 0.643
2007.5712 36.08 -115.29 -0.217 -0.396 -0.467 0.146 0.129 0.660
2007.5986 36.08 -115.29 -0.628 -0.413 0.108 0.179 0.159 0.803
2007.6260 36.08 -115.29 -0.430 -0.100 0.882 0.146 0.128 0.659
2007.6534 36.08 -115.29 -0.372 -0.264 0.979 0.149 0.130 0.670
2007.6808 36.08 -115.29 -0.731 -0.308 0.460 0.157 0.136 0.703
2007.7082 36.08 -115.29 -0.598 -0.237 0.835 0.117 0.098 0.528
2007.7356 36.08 -115.29 -0.566 -0.218 1.620 0.161 0.140 0.721
2007.7630 36.08 -115.29 -0.685 0.318 2.742 0.125 0.104 0.561
2007.7904 36.08 -115.29 -0.471 0.304 0.109 0.158 0.139 0.710
2007.8178 36.08 -115.29 -0.476 0.400 0.447 0.181 0.161 0.815
2007.8452 36.08 -115.29 -0.513 0.396 0.283 0.148 0.130 0.669
2007.8726 36.08 -115.29 -0.574 0.131 -1.801 0.173 0.151 0.775
2007.9000 36.08 -115.29 -0.479 -0.089 -0.611 0.184 0.156 0.817
2007.9274 36.08 -115.29 -0.335 0.055 -1.687 0.179 0.158 0.804
2007.9548 36.08 -115.29 -0.289 -0.180 -1.687 0.135 0.118 0.609
2007.9822 36.08 -115.29 -0.110 -0.001 -0.019 0.165 0.147 0.745
2008.0096 36.08 -115.29 -0.105 -0.065 -0.911 0.145 0.129 0.656
2008.0370 36.08 -115.29 -0.113 -0.301 -1.943 0.149 0.133 0.674
2008.0644 36.08 -115.29 0.083 0.065 -1.605 0.171 0.155 0.774
2008.0918 36.08 -115.29 -0.030 -0.329 -1.436 0.138 0.122 0.626
2008.1192 36.08 -115.29 0.122 0.262 -1.744 0.161 0.145 0.729
2008.1466 36.08 -115.29 0.305 0.043 -1.378 0.187 0.169 0.845
2008.1740 36.08 -115.29 0.434 -0.357 -4.641 0.164 0.148 0.741
2008.2014 36.08 -115.29 0.489 -0.540 -1.421 0.175 0.159 0.791
2008.2288 36.08 -115.29 0.447 0.518 -3.106 0.205 0.183 0.925
2008.2562 36.08 -115.29 0.435 -0.572 -1.001 0.191 0.171 0.861
2008.2836 36.08 -115.29 0.434 -0.586 -0.178 0.229 0.206 1.033
2008.3110 36.08 -115.29 0.259 -0.221 -0.322 0.236 0.213 1.065
2008.3384 36.08 -115.29 0.452 0.004 -0.755 0.175 0.157 0.790
2008.3658 36.08 -115.29 0.440 -0.209 -1.538 0.179 0.160 0.807
2008.3932 36.08 -115.29 0.469 -0.132 -0.963 0.163 0.144 0.737
2008.4205 36.08 -115.29 0.455 -0.239 -2.498 0.143 0.125 0.645
2008.4479 36.08 -115.29 0.485 0.184 -1.388 0.145 0.128 0.653
2008.4753 36.08 -115.29 0.591 0.093 -0.759 0.141 0.124 0.635
2008.5027 36.08 -115.29 0.127 -0.103 1.933 0.172 0.151 0.773
2008.5301 36.08 -115.29 0.009 -0.302 2.881 0.214 0.188 0.958
2008.5575 36.08 -115.29 -0.279 -0.298 -0.340 0.141 0.120 0.629
2008.5849 36.08 -115.29 -0.137 -0.064 1.547 0.158 0.139 0.707
2008.6123 36.08 -115.29 -0.234 -0.067 1.570 0.133 0.114 0.595
2008.6397 36.08 -115.29 -0.522 0.193 0.458 0.145 0.126 0.650
2008.6671 36.08 -115.29 -0.603 0.109 -0.710 0.139 0.120 0.624
2008.6945 36.08 -115.29 -0.636 0.576 -0.467 0.135 0.116 0.605
2008.7219 36.08 -115.29 -0.747 0.541 -0.099 0.154 0.136 0.693
2008.7493 36.08 -115.29 -0.651 0.445 0.560 0.140 0.123 0.630
2008.7767 36.08 -115.29 -0.605 0.395 -0.318 0.162 0.145 0.730
2008.8041 36.08 -115.29 -0.597 0.331 0.020 0.163 0.146 0.735
2008.8315 36.08 -115.29 -0.642 0.394 0.243 0.184 0.165 0.830
2008.8589 36.08 -115.29 -0.602 0.336 1.014 0.215 0.193 0.968
2008.8863 36.08 -115.29 -0.660 0.096 0.481 0.206 0.185 0.930
2008.9137 36.08 -115.29 -0.499 0.173 0.069 0.196 0.177 0.886
2008.9411 36.08 -115.29 -0.511 0.052 1.253 0.206 0.185 0.929
2008.9685 36.08 -115.29 -0.283 -0.057 1.813 0.193 0.172 0.869
2008.9945 36.08 -115.29 -0.273 0.013 -2.012 0.163 0.146 0.737
2009.0205 36.08 -115.29 0.165 0.133 -2.500 0.160 0.145 0.725
2009.0479 36.08 -115.29 0.008 0.176 -1.611 0.160 0.145 0.726
2009.0753 36.08 -115.29 0.035 -0.143 -2.909 0.154 0.138 0.698
2009.1027 36.08 -115.29 0.080 -0.172 1.395 0.191 0.173 0.865
2009.1301 36.08 -115.29 0.194 -0.287 -0.238 0.152 0.137 0.692
2009.1575 36.08 -115.29 0.036 -0.492 -0.560 0.155 0.139 0.706
2009.1849 36.08 -115.29 0.219 -0.179 0.659 0.177 0.162 0.804
2009.2123 36.08 -115.29 0.447 0.522 0.871 0.154 0.135 0.694
2009.2397 36.08 -115.29 0.464 0.055 2.526 0.173 0.156 0.784
2009.2671 36.08 -115.29 0.480 0.199 2.114 0.145 0.130 0.658
2009.2945 36.08 -115.29 0.546 0.144 0.379 0.149 0.133 0.674
2009.3219 36.08 -115.29 0.447 -0.004 3.055 0.155 0.139 0.703
2009.3493 36.08 -115.29 0.679 0.033 -0.186 0.143 0.127 0.646
2009.3767 36.08 -115.29 0.718 0.455 0.532 0.150 0.133 0.678
2009.4041 36.08 -115.29 0.261 0.270 2.180 0.133 0.116 0.601
2009.4315 36.08 -115.29 0.437 0.707 0.574 0.152 0.135 0.685
2009.4589 36.08 -115.29 0.276 0.258 0.563 0.130 0.112 0.585
2009.4863 36.08 -115.29 0.483 -0.418 0.181 0.143 0.124 0.641
2009.5137 36.08 -115.29 0.154 -0.063 3.103 0.138 0.116 0.615
2009.5411 36.08 -115.29 0.120 -0.008 2.291 0.168 0.145 0.754
2009.5685 36.08 -115.29 0.093 0.024 1.844 0.181 0.156 0.811
2009.5959 36.08 -115.29 -0.116 -0.173 2.593 0.159 0.136 0.712
2009.6233 36.08 -115.29 -0.164 -0.081 3.214 0.164 0.143 0.735
2009.6507 36.08 -115.29 -0.304 -0.122 4.493 0.158 0.138 0.708
2009.6781 36.08 -115.29 -0.239 -0.160 4.164 0.168 0.149 0.757
2009.7055 36.08 -115.29 -0.324 0.195 3.008 0.174 0.155 0.783
2009.7329 36.08 -115.29 -0.611 0.337 2.387 0.168 0.149 0.757
2009.7603 36.08 -115.29 -0.549 0.144 3.764 0.191 0.170 0.862
2009.7877 36.08 -115.29 -0.588 0.434 2.387 0.177 0.157 0.796
2009.8151 36.08 -115.29 -0.282 0.217 2.860 0.189 0.170 0.852
2009.8425 36.08 -115.29 -0.452 0.376 0.664 0.172 0.154 0.777
2009.8699 36.08 -115.29 -0.245 0.165 0.195 0.165 0.147 0.743
2009.8973 36.08 -115.29 -0.382 0.346 1.196 0.154 0.137 0.696
2009.9247 36.08 -115.29 -0.410 0.241 -0.427 0.155 0.134 0.697
2009.9521 36.08 -115.29 -0.327 0.437 -2.356 0.144 0.128 0.653
2009.9795 36.08 -115.29 0.020 0.242 -0.477 0.149 0.131 0.671
2010.0068 36.08 -115.29 0.058 0.211 0.533 0.186 0.168 0.842
2010.0342 36.08 -115.29 0.086 0.314 1.869 0.146 0.130 0.663
2010.0616 36.08 -115.29 -0.009 0.363 0.504 0.150 0.133 0.678
2010.0890 36.08 -115.29 -0.043 0.632 -0.165 0.178 0.161 0.805
2010.1164 36.08 -115.29 -0.082 0.559 -3.373 0.184 0.166 0.831
2010.1438 36.08 -115.29 -0.061 0.354 -2.027 0.178 0.159 0.802
2010.1712 36.08 -115.29 -0.345 0.070 -3.857 0.170 0.151 0.768
2010.1986 36.08 -115.29 -0.038 0.275 -2.413 0.163 0.145 0.736
2010.2260 36.08 -115.29 0.061 -0.241 -1.982 0.178 0.158 0.803
2010.2534 36.08 -115.29 0.233 0.264 -1.858 0.184 0.162 0.828
2010.2808 36.08 -115.29 0.178 0.151 -1.231 0.143 0.124 0.643
2010.3082 36.08 -115.29 0.271 0.167 -1.807 0.149 0.130 0.672
2010.3356 36.08 -115.29 0.526 -0.132 -2.500 0.138 0.117 0.618
2010.3630 36.08 -115.29 0.333 -0.299 -2.815 0.146 0.124 0.655
2010.3904 36.08 -115.29 0.415 -0.352 -0.361 0.152 0.121 0.666
2010.4178 36.08 -115.29 0.861 0.078 0.131 0.156 0.132 0.695
2010.4452 36.08 -115.29 0.299 -0.018 -1.330 0.138 0.117 0.621
2010.4726 36.08 -115.29 0.161 0.116 -0.905 0.125 0.105 0.563
2010.5000 36.08 -115.29 0.295 0.158 -0.539 0.140 0.120 0.629
2010.5274 36.08 -115.29 -0.209 0.281 0.816 0.213 0.191 0.957
2010.5548 36.08 -115.29 0.110 0.446 -0.927 0.138 0.122 0.624
2010.5822 36.08 -115.29 -0.118 0.553 -0.307 0.125 0.110 0.567
2010.6096 36.08 -115.29 -0.569 0.427 -1.276 0.160 0.143 0.721
2010.6370 36.08 -115.29 -0.494 0.448 -0.688 0.143 0.128 0.648
2010.6644 36.08 -115.29 -0.600 0.561 -1.025 0.135 0.119 0.610
2010.6918 36.08 -115.29 -0.136 0.353 0.369 0.160 0.144 0.724
2010.7192 36.08 -115.29 -0.349 0.411 -1.971 0.150 0.134 0.676
2010.7466 36.08 -115.29 -0.407 0.386 -1.767 0.172 0.156 0.777
2010.7740 36.08 -115.29 -0.488 0.747 0.163 0.143 0.126 0.645
2010.8014 36.08 -115.29 -0.501 0.339 -0.793 0.136 0.120 0.613
2010.8288 36.08 -115.29 -0.385 0.066 -1.733 0.153 0.138 0.693
2010.8562 36.08 -115.29 -0.336 0.319 -0.046 0.151 0.135 0.682
2010.8836 36.08 -115.29 -0.278 0.277 -0.506 0.141 0.125 0.638
2010.9110 36.08 -115.29 -0.335 0.392 -0.886 0.153 0.137 0.691
2010.9384 36.08 -115.29 -0.074 0.173 -1.998 0.159 0.142 0.716
2010.9658 36.08 -115.29 0.168 0.004 -0.906 0.174 0.155 0.782
2010.9932 36.08 -115.29 -0.050 0.104 -1.331 0.154 0.098 0.635
2011.1027 36.08 -115.29 0.269 -0.067 -4.374 0.149 0.117 0.657
2011.1301 36.08 -115.29 0.662 -0.317 -2.209 0.208 0.184 0.932
2011.1575 36.08 -115.29 0.574 -0.354 -3.105 0.143 0.123 0.640
2011.1849 36.08 -115.29 0.684 -0.156 -6.803 0.116 0.097 0.522
2011.2123 36.08 -115.29 0.647 -0.219 -6.793 0.177 0.158 0.795
2011.2397 36.08 -115.29 0.595 -0.705 -4.981 0.183 0.164 0.824
2011.2671 36.08 -115.29 0.909 -0.795 -1.086 0.150 0.133 0.676
2011.2945 36.08 -115.29 1.067 -0.269 -3.537 0.173 0.155 0.778
2011.3219 36.08 -115.29 1.067 -0.389 -1.833 0.162 0.145 0.731
2011.3493 36.08 -115.29 0.731 -0.144 -2.104 0.147 0.130 0.663
2011.3767 36.08 -115.29 1.110 -0.259 -2.688 0.170 0.152 0.765
2011.4041 36.08 -115.29 1.124 -0.344 -2.516 0.152 0.134 0.683
2011.4315 36.08 -115.29 1.130 -0.557 -3.275 0.162 0.130 0.709
2011.5137 36.08 -115.29 0.535 0.071 -2.336 0.145 0.121 0.644
2011.5411 36.08 -115.29 0.262 0.070 -2.081 0.149 0.130 0.671
2011.5685 36.08 -115.29 0.274 -0.060 -1.873 0.147 0.127 0.660
2011.5959 36.08 -115.29 0.379 0.253 -2.657 0.156 0.136 0.701
2011.6233 36.08 -115.29 -0.080 0.049 -3.831 0.157 0.136 0.705
2011.6507 36.08 -115.29 -0.066 0.195 -1.892 0.182 0.161 0.816
2011.6781 36.08 -115.29 0.250 -0.059 -2.782 0.169 0.150 0.759
2011.7055 36.08 -115.29 0.027 0.080 -2.156 0.169 0.150 0.759
2011.7329 36.08 -115.29 -0.236 -0.172 -1.267 0.194 0.174 0.870
2011.7603 36.08 -115.29 0.003 0.609 -4.316 0.167 0.150 0.753
2011.7877 36.08 -115.29 -0.136 0.328 -3.296 0.177 0.160 0.798
2011.8151 36.08 -115.29 0.198 0.073 -2.609 0.175 0.156 0.784
2011.8425 36.08 -115.29 -0.290 -0.069 -3.322 0.188 0.169 0.844
2011.8699 36.08 -115.29 0.118 0.253 2.780 0.185 0.160 0.823
2011.9521 36.08 -115.29 0.036 0.188 -1.587 0.133 0.095 0.569
2011.9795 36.08 -115.29 -0.181 0.263 -0.917 0.154 0.134 0.685
2012.0068 36.08 -115.29 -0.046 0.186 -1.068 0.144 0.124 0.641
2012.0342 36.08 -115.29 0.067 0.083 -0.296 0.171 0.146 0.757
2012.0616 36.08 -115.29 0.176 0.075 -1.629 0.150 0.128 0.664
2012.0890 36.08 -115.29 0.320 -0.109 -1.000 0.149 0.125 0.656
2012.1164 36.08 -115.29 0.426 0.179 -0.906 0.147 0.121 0.646
2012.1438 36.08 -115.29 0.214 -0.183 -1.644 0.152 0.125 0.663
2012.1712 36.08 -115.29 0.228 -0.068 -1.036 0.147 0.118 0.642
2012.1986 36.08 -115.29 0.282 -0.061 -0.626 0.134 0.107 0.582
2012.2260 36.08 -115.29 0.626 -0.136 0.260 0.135 0.108 0.592
2012.2534 36.08 -115.29 0.885 -0.014 0.758 0.131 0.106 0.573
2012.2808 36.08 -115.29 0.667 -0.016 -1.500 0.123 0.099 0.535
2012.3082 36.08 -115.29 0.574 -0.124 -0.042 0.157 0.098 0.637
2012.3904 36.08 -115.29 0.579 -0.736 -0.077 0.156 0.118 0.673
2012.4178 36.08 -115.29 0.736 -0.177 1.193 0.113 0.090 0.496
2012.4452 36.08 -115.29 0.484 -0.486 0.094 0.112 0.089 0.492
2012.4726 36.08 -115.29 0.494 -0.483 1.687 0.121 0.096 0.526
2012.5000 36.08 -115.29 0.354 -0.189 2.771 0.116 0.091 0.504
2012.5274 36.08 -115.29 0.087 -0.466 1.234 0.122 0.097 0.533
2012.5548 36.08 -115.29 -0.185 -0.463 -0.822 0.122 0.097 0.533
2012.5822 36.08 -115.29 -0.039 -0.442 0.621 0.128 0.104 0.557
2012.6096 36.08 -115.29 -0.189 -0.327 2.180 0.126 0.103 0.553
2012.6370 36.08 -115.29 -0.141 0.106 1.920 0.117 0.095 0.513
2012.6644 36.08 -115.29 -0.185 -0.348 0.380 0.127 0.105 0.557
2012.6918 36.08 -115.29 -0.291 -0.101 2.222 0.129 0.109 0.573
2012.7192 36.08 -115.29 -0.467 -0.239 0.811 0.153 0.132 0.681
2012.7466 36.08 -115.29 -0.626 0.128 -0.601 0.123 0.085 0.522
2012.8562 36.08 -115.29 -0.486 -0.411 2.456 0.161 0.138 0.715
2012.8836 36.08 -115.29 -0.389 -0.264 -0.552 0.148 0.132 0.669
2012.9110 36.08 -115.29 -0.143 -0.304 0.697 0.141 0.126 0.635
2012.9384 36.08 -115.29 -0.216 -0.431 -0.693 0.139 0.120 0.620
2012.9658 36.08 -115.29 -0.266 -0.373 -2.075 0.151 0.136 0.680
2012.9918 36.08 -115.29 0.051 -0.287 -2.144 0.077 0.067 0.354
2013.0178 36.08 -115.29 0.248 -0.430 -1.786 0.089 0.079 0.408
2013.0452 36.08 -115.29 0.156 -0.772 -0.628 0.089 0.078 0.407
2013.0726 36.08 -115.29 0.399 -0.561 -0.030 0.083 0.072 0.379
2013.1000 36.08 -115.29 0.289 -0.546 -0.384 0.085 0.074 0.387
2013.1274 36.08 -115.29 0.534 -0.567 -2.260 0.079 0.069 0.363
2013.1548 36.08 -115.29 0.527 -0.837 0.185 0.077 0.062 0.349
2013.2644 36.08 -115.29 0.862 -0.395 1.832 0.095 0.045 0.369
2013.2918 36.08 -115.29 0.884 -0.013 2.207 0.081 0.071 0.372
2013.3192 36.08 -115.29 0.765 -0.076 2.563 0.089 0.079 0.407
2013.3466 36.08 -115.29 0.669 -0.270 1.578 0.091 0.081 0.417
2013.3740 36.08 -115.29 0.678 0.093 2.950 0.079 0.070 0.363
2013.4014 36.08 -115.29 0.673 0.385 2.723 0.081 0.072 0.373
2013.4288 36.08 -115.29 0.412 0.152 3.112 0.072 0.063 0.335
2013.4562 36.08 -115.29 0.512 0.396 3.404 0.074 0.064 0.340
2013.4836 36.08 -115.29 0.472 0.065 1.701 0.075 0.066 0.347
2013.5110 36.08 -115.29 0.105 0.357 2.819 0.084 0.074 0.385
2013.5384 36.08 -115.29 0.362 0.551 3.189 0.084 0.070 0.380
2013.5658 36.08 -115.29 -0.158 0.357 2.495 0.086 0.076 0.395
2013.7575 36.08 -115.29 -0.240 1.001 3.217 0.084 0.070 0.380
2013.7849 36.08 -115.29 -0.393 0.431 -0.384 0.086 0.073 0.389
2013.8123 36.08 -115.29 -0.325 0.985 0.896 0.079 0.067 0.359
2013.8397 36.08 -115.29 -0.319 0.918 2.030 0.080 0.068 0.362
2013.8671 36.08 -115.29 -0.328 0.324 0.560 0.085 0.072 0.386
2013.8945 36.08 -115.29 -0.318 0.777 -1.139 0.079 0.067 0.359
2013.9219 36.08 -115.29 -0.290 0.287 -0.921 0.071 0.059 0.326
2013.9493 36.08 -115.29 -0.066 0.665 0.750 0.075 0.063 0.343
2013.9767 36.08 -115.29 0.015 0.795 0.057 0.076 0.064 0.348
2014.0041 36.08 -115.29 0.175 0.889 2.883 0.074 0.062 0.337
2014.0315 36.08 -115.29 0.156 1.108 2.097 0.077 0.064 0.347
2014.1685 36.08 -115.29 0.445 0.597 5.452 0.081 0.068 0.368
2014.1959 36.08 -115.29 0.755 0.602 5.107 0.081 0.071 0.372
2014.2233 36.08 -115.29 0.488 0.215 3.213 0.077 0.067 0.355
2014.2507 36.08 -115.29 0.655 0.620 4.181 0.071 0.061 0.328
2014.2781 36.08 -115.29 0.608 0.263 5.011 0.075 0.065 0.346
2014.3055 36.08 -115.29 0.579 0.410 3.272 0.072 0.063 0.333
2014.3329 36.08 -115.29 0.467 0.538 4.930 0.060 0.051 0.281
2014.3603 36.08 -115.29 0.454 0.670 4.149 0.067 0.058 0.313
2014.3877 36.08 -115.29 0.798 0.290 4.435 0.068 0.058 0.313
2014.4151 36.08 -115.29 0.517 0.647 3.247 0.067 0.058 0.312
2014.4425 36.08 -115.29 0.660 0.672 2.733 0.071 0.061 0.329
2014.4699 36.08 -115.29 0.465 0.472 4.534 0.071 0.060 0.327
2014.5795 36.08 -115.29 0.132 0.619 2.635 0.065 0.049 0.298
2014.6068 36.08 -115.29 -0.133 0.451 2.314 0.063 0.053 0.292
2014.6342 36.08 -115.29 -0.082 0.386 3.851 0.058 0.048 0.270
2014.6616 36.08 -115.29 -0.134 1.046 2.765 0.064 0.054 0.296
2014.6890 36.08 -115.29 -0.076 0.655 3.228 0.062 0.052 0.289
2014.7164 36.08 -115.29 -0.380 0.788 1.411 0.061 0.051 0.284
2014.7438 36.08 -115.29 -0.143 0.706 1.399 0.066 0.056 0.304
2014.7712 36.08 -115.29 -0.157 0.978 2.063 0.065 0.055 0.301
2014.7986 36.08 -115.29 -0.267 0.924 2.465 0.059 0.049 0.272
2014.8260 36.08 -115.29 -0.465 0.746 1.831 0.059 0.048 0.272
2014.8534 36.08 -115.29 -0.265 1.105 1.828 0.062 0.051 0.285
2014.8808 36.08 -115.29 -0.380 1.036 1.190 0.062 0.051 0.286
2014.9082 36.08 -115.29 0.147 0.722 1.781 0.063 0.052 0.291
2015.0452 36.08 -115.29 0.231 0.608 2.119 0.049 0.037 0.227
2015.0726 36.08 -115.29 0.244 0.315 2.246 0.052 0.039 0.238
2015.1000 36.08 -115.29 0.448 1.000 1.059 0.047 0.036 0.221
2015.1274 36.08 -115.29 0.379 0.267 2.698 0.044 0.033 0.208
2015.1548 36.08 -115.29 0.286 0.574 1.698 0.051 0.037 0.231
2015.1822 36.08 -115.29 0.257 0.419 1.030 0.048 0.036 0.221
2015.2096 36.08 -115.29 0.355 0.569 4.726 0.063 0.048 0.281
2015.2370 36.08 -115.29 0.390 0.384 2.832 0.067 0.055 0.305
2015.2644 36.08 -115.29 0.368 0.641 4.181 0.059 0.049 0.275
2015.2918 36.08 -115.29 0.274 0.576 2.830 0.060 0.050 0.278
2015.3192 36.08 -115.29 0.367 1.008 3.072 0.057 0.048 0.269
2015.3466 36.08 -115.29 0.147 0.693 4.391 0.062 0.052 0.287
2015.4836 36.08 -115.29 -0.085 0.602 5.721 0.059 0.041 0.266
2015.5110 36.08 -115.29 0.049 1.110 6.723 0.056 0.043 0.260
2015.5384 36.08 -115.29 -0.002 0.743 6.279 0.061 0.048 0.281
2015.5658 36.08 -115.29 -0.100 0.308 5.816 0.061 0.050 0.283
2015.5932 36.08 -115.29 -0.214 0.612 4.613 0.064 0.052 0.291
2015.6205 36.08 -115.29 -0.130 0.853 3.753 0.062 0.050 0.284
2015.6479 36.08 -115.29 -0.299 0.956 4.518 0.060 0.049 0.276
2015.6753 36.08 -115.29 -0.634 0.813 4.715 0.058 0.046 0.267
2015.7027 36.08 -115.29 -0.427 0.940 3.851 0.063 0.052 0.288
2015.7301 36.08 -115.29 -0.847 0.544 7.497 0.063 0.051 0.288
2015.9493 36.08 -115.29 -0.136 1.760 2.692 0.061 0.050 0.283
2015.9767 36.08 -115.29 0.070 1.079 4.080 0.063 0.053 0.292
2016.0041 36.08 -115.29 0.140 0.986 1.381 0.058 0.048 0.267
2016.0315 36.08 -115.29 0.324 0.977 1.498 0.055 0.045 0.256
2016.0589 36.08 -115.29 0.621 0.954 2.326 0.056 0.046 0.261
2016.0863 36.08 -115.29 0.398 1.110 3.074 0.051 0.042 0.242
2016.1137 36.08 -115.29 0.417 1.321 0.879 0.057 0.047 0.265
2016.1411 36.08 -115.29 0.181 1.084 -0.002 0.067 0.056 0.305
2016.1685 36.08 -115.29 0.264 0.318 1.280 0.072 0.061 0.326
2016.1959 36.08 -115.29 0.366 0.238 1.008 0.070 0.062 0.325
2016.2233 36.08 -115.29 0.672 0.482 0.563 0.071 0.063 0.330
2016.2507 36.08 -115.29 0.771 0.025 4.504 0.060 0.049 0.277
2016.3603 36.08 -115.29 0.575 0.643 5.791 0.055 0.046 0.259
2016.3877 36.08 -115.29 0.950 0.631 6.321 0.065 0.054 0.297
2016.4151 36.08 -115.29 0.959 0.394 5.566 0.064 0.053 0.292
2016.4425 36.08 -115.29 0.663 1.138 8.031 0.068 0.057 0.310
2016.4699 36.08 -115.29 0.550 0.768 5.513 0.067 0.056 0.304
