2002.5877 49.24 -107.73 51.06446808258899 10.53547795935135
2002.6151 49.24 -107.73 31.81814993682994 10.25846849370325
2002.6425 49.24 -107.73 17.81143935023434 10.48327495859828
2002.6699 49.24 -107.73 -5.24566719610410 8.74686133879354
2002.6973 49.24 -107.73 18.77022753454441 14.51132773122063
2002.7247 49.24 -107.73 21.44408934777356 10.01469697596644
2002.7521 49.24 -107.73 7.14002756340520 9.12323180214833
2002.7795 49.24 -107.73 15.09612447086483 10.38368365037048
2002.8068 49.24 -107.73 5.32383577051021 9.51015363856894
2002.8342 49.24 -107.73 15.70870558759184 9.29770229886322
2002.8616 49.24 -107.73 27.63927722749505 9.04797264131905
2002.8890 49.24 -107.73 23.99604098436463 9.48491657254147
2002.9164 49.24 -107.73 21.38509199498244 9.79581915998688
2003.0260 49.24 -107.73 -6.61517288953638 10.91214341510074
2003.0534 49.24 -107.73 -18.48198089959415 19.24475882244233
2003.0808 49.24 -107.73 1.96104267705530 15.89341068964776
2003.1082 49.24 -107.73 -9.32847556368705 8.79075196580473
2003.1356 49.24 -107.73 -22.99327607848451 8.08973573026931
2003.1630 49.24 -107.73 21.21612924136078 8.80864049300402
2003.1904 49.24 -107.73 6.92501955632738 10.32947367853645
2003.2178 49.24 -107.73 -9.98103982045867 8.66383156608776
2003.2452 49.24 -107.73 -9.99690362049920 8.60632826553039
2003.2726 49.24 -107.73 17.15882412917503 8.37201420059954
2003.3000 49.24 -107.73 37.55706338128552 8.20653194918793
2003.3274 49.24 -107.73 26.73184420487697 11.00265341104870
2003.3548 49.24 -107.73 6.03738847187257 12.48560291415981
2003.3822 49.24 -107.73 23.27739715299506 10.74573737139538
2003.5192 49.24 -107.73 13.22747507944407 12.20219389140600
2003.5466 49.24 -107.73 7.93598041218395 13.91002369222899
2003.5740 49.24 -107.73 0.54808107919853 16.65528008564256
2003.6014 49.24 -107.73 -1.08210134195997 13.96398581151250
2003.6288 49.24 -107.73 -2.40995653074519 12.85806407120086
2003.6562 49.24 -107.73 8.07429867300598 14.08970276125339
2003.6836 49.24 -107.73 -31.94503623621118 14.09764973799557
2003.7110 49.24 -107.73 -5.55774690520149 10.44603390887102
2003.7384 49.24 -107.73 9.14306681585143 13.22081883100351
2003.7658 49.24 -107.73 15.61007388319304 12.02557624386730
2003.7932 49.24 -107.73 1.33262836364605 13.68448644393808
2003.8205 49.24 -107.73 -15.96583891322007 14.59007030181155
2003.8479 49.24 -107.73 5.59068537096010 12.43384624473510
2003.8753 49.24 -107.73 24.36893801789393 13.55942619405850
2003.9027 49.24 -107.73 9.09281893442592 11.97788965001859
2003.9301 49.24 -107.73 -3.81945777098938 12.74520804481408
2003.9575 49.24 -107.73 13.62595608931352 14.74651618814428
2003.9849 49.24 -107.73 -0.01508326979363 13.80973643217192
2004.0123 49.24 -107.73 29.26439075577740 14.84630628173340
2004.0397 49.24 -107.73 -6.76012124816297 11.57384314252457
2004.0945 49.24 -107.73 2.87446697446819 10.75794575419444
2004.1219 49.24 -107.73 -16.44915621450091 12.25540501338047
2004.1493 49.24 -107.73 -50.43439049708148 14.59241074704634
2004.1767 49.24 -107.73 -12.85394837338540 15.97186773709762
2004.2041 49.24 -107.73 -25.61668732195536 12.61714079767325
2004.2315 49.24 -107.73 -5.77002240169199 12.82584819683782
2004.2589 49.24 -107.73 -17.59471756080530 13.21435626914932
2004.2863 49.24 -107.73 -15.25085178251283 13.30415677201619
2004.3137 49.24 -107.73 20.90770912487191 12.58188959115436
2004.3411 49.24 -107.73 20.50588134292718 13.94256171007407
2004.3685 49.24 -107.73 16.68145028362808 13.21016386019015
2004.3959 49.24 -107.73 29.18907337532132 11.40785010419827
2004.4233 49.24 -107.73 48.32114607340824 10.92579463816187
2004.4507 49.24 -107.73 57.06174643806841 9.77367819128847
2004.4781 49.24 -107.73 25.85512221252066 10.86174960632287
2004.5055 49.24 -107.73 30.01149273343958 10.53921403825283
2004.5329 49.24 -107.73 20.45492413439842 9.86464886876964
2004.5603 49.24 -107.73 12.33518317608183 10.23529860419114
2004.5877 49.24 -107.73 -1.26503978682831 10.28550735642952
2004.6151 49.24 -107.73 -15.81875633521610 11.39200847757068
2004.6425 49.24 -107.73 -3.02986187979213 9.50492143294215
2004.6699 49.24 -107.73 -13.96249422667648 9.48948329790230
2004.6973 49.24 -107.73 -9.37680466107077 8.81515317600707
2004.7247 49.24 -107.73 4.30550529715594 10.29971074086188
2004.7521 49.24 -107.73 -7.45841275398676 9.77229782973237
2004.7795 49.24 -107.73 -0.34361219696853 9.59987859961022
2004.8068 49.24 -107.73 17.13781501911627 10.82174024463164
2004.8342 49.24 -107.73 10.48275675528378 10.70140702925825
2004.8616 49.24 -107.73 2.49527988504017 9.22576830538463
2004.8890 49.24 -107.73 14.35860912259626 9.25408651674221
2004.9164 49.24 -107.73 9.59777737081002 10.25151696638760
2004.9438 49.24 -107.73 18.51778698568613 11.07759591555397
2004.9712 49.24 -107.73 3.63218403779393 10.38197287089943
2004.9973 49.24 -107.73 -0.61309854526606 9.86599466763690
2005.0233 49.24 -107.73 -11.02312803059374 11.80649029045763
2005.0507 49.24 -107.73 -22.14280061641866 18.26558194589926
2005.0781 49.24 -107.73 -23.72993472779322 13.42415750345481
2005.1055 49.24 -107.73 -45.24152732884652 13.27651001296523
2005.1329 49.24 -107.73 -32.97535692728182 13.60714489669727
2005.1603 49.24 -107.73 -25.76722726124825 11.89123244581749
2005.1877 49.24 -107.73 -29.96931400749140 11.82903351949794
2005.2151 49.24 -107.73 3.23935960846016 10.92461375949844
2005.2425 49.24 -107.73 -33.45208686755571 10.66565658486947
2005.2699 49.24 -107.73 -21.71092376017856 11.49165460231815
2005.2973 49.24 -107.73 -7.17888804817625 12.22342278801937
2005.3247 49.24 -107.73 0.28315547709571 12.91308075843123
2005.3521 49.24 -107.73 1.38265872334024 4.54383662503894
2005.3795 49.24 -107.73 -0.92246610451021 11.98197451814715
2005.4068 49.24 -107.73 10.10875569907055 10.80236245403647
2005.4342 49.24 -107.73 12.19477309657906 12.38157951963772
2005.4616 49.24 -107.73 30.14886264273729 11.34009369565112
2005.4890 49.24 -107.73 18.09457460168125 10.72872373945405
2005.5164 49.24 -107.73 31.43605224915877 10.65757433762992
2005.5438 49.24 -107.73 -7.32262915766721 11.76302508455542
2005.5712 49.24 -107.73 4.34980314932102 12.95201239293910
2005.5986 49.24 -107.73 -6.91508403733978 13.24708961957710
2005.6260 49.24 -107.73 0.87889022260910 11.55677751295146
2005.6534 49.24 -107.73 1.54238861099616 12.33784550288935
2005.6808 49.24 -107.73 -2.40437638925074 12.03657056665266
2005.7082 49.24 -107.73 -6.22353502210175 14.98490233148588
2005.7356 49.24 -107.73 9.17490580105372 12.99556642849463
2005.7630 49.24 -107.73 7.24640505795801 13.01787097489917
2005.7904 49.24 -107.73 8.02677611568726 12.01915327193264
2005.8178 49.24 -107.73 6.26531511350492 12.44409468908078
2005.8452 49.24 -107.73 13.63282382549734 13.30817868573001
2005.8726 49.24 -107.73 -12.40375091142716 11.44025311843065
2005.9000 49.24 -107.73 -8.90619010135931 11.06543628672308
2005.9274 49.24 -107.73 -13.92455337252659 11.02918180832016
2005.9548 49.24 -107.73 -5.88203364715282 9.23973305200320
2005.9822 49.24 -107.73 -14.27531623671904 10.18214934789333
2006.0096 49.24 -107.73 -20.03879075054417 11.64878266201979
2006.0370 49.24 -107.73 -22.83051634836577 15.03716599016467
2006.0644 49.24 -107.73 -17.75275933858154 15.18949885792969
2006.0918 49.24 -107.73 -24.60350519113831 15.29088422463095
2006.1192 49.24 -107.73 -25.62316569779885 17.83560241416127
2006.1466 49.24 -107.73 -15.70775232412169 13.59786184158602
2006.1740 49.24 -107.73 -36.38749999608077 15.83840558891641
2006.2014 49.24 -107.73 -27.55353282389906 11.76558457839151
2006.2288 49.24 -107.73 -15.38552189589662 15.89811053621268
2006.2562 49.24 -107.73 -32.94999138459632 15.03069162140781
2006.2836 49.24 -107.73 -20.41735654869658 14.55842663554119
2006.3110 49.24 -107.73 -5.56826624073740 15.63935198257963
2006.3384 49.24 -107.73 -10.56866051226042 14.09153519295744
2006.3658 49.24 -107.73 -0.18837960479447 15.73927183729591
2006.3932 49.24 -107.73 3.20586161935395 15.39173524485644
2006.4205 49.24 -107.73 16.50317777432047 15.34583445884861
2006.4479 49.24 -107.73 7.66718768188285 16.42623115836616
2006.4753 49.24 -107.73 2.88648577292155 17.01933959019972
2006.5027 49.24 -107.73 -14.65662271843975 17.78534921496748
2006.5301 49.24 -107.73 -27.44348886449526 21.61533123888211
2006.5575 49.24 -107.73 5.29028919749625 16.84212800148924
2006.5849 49.24 -107.73 -64.80507253247440 17.37187619550830
2006.6123 49.24 -107.73 -11.25309250127772 22.36463433193790
2006.6397 49.24 -107.73 -39.03739872574364 18.53369029494985
2006.6671 49.24 -107.73 -28.63771129196623 16.49033131332872
2006.6945 49.24 -107.73 -17.68696245344548 21.69542556564143
2006.7219 49.24 -107.73 1.52903492347996 19.67491770810965
2006.7493 49.24 -107.73 -23.17089853661892 24.04293213694518
2006.7767 49.24 -107.73 -17.36282978657993 20.90904475242854
2006.8041 49.24 -107.73 -19.30552080239747 16.40358078770213
2006.8315 49.24 -107.73 -19.68990506263980 19.53849590214258
2006.8589 49.24 -107.73 -18.43347132662060 18.84462323422035
2006.8863 49.24 -107.73 -19.45004604654233 17.84994080604605
2006.9137 49.24 -107.73 -7.40915278322664 17.13343292243137
2006.9411 49.24 -107.73 -25.81464831861869 16.75138959232247
2006.9685 49.24 -107.73 -8.45982918738698 16.39267539053625
2006.9959 49.24 -107.73 -21.38900609610564 15.95073218470059
2007.0233 49.24 -107.73 -9.81720444117047 14.51415053510136
2007.0507 49.24 -107.73 -19.36414502228924 15.42960267146813
2007.0781 49.24 -107.73 -11.57388337477349 16.36683907276421
2007.1055 49.24 -107.73 -36.97459310754026 14.38298530135097
2007.1329 49.24 -107.73 -29.04828817365253 15.88744608855305
2007.1603 49.24 -107.73 -48.58917657462239 15.10316480259987
2007.1877 49.24 -107.73 -23.06749475019817 20.55954101687582
2007.2151 49.24 -107.73 -14.63002658558968 18.15134446395626
2007.2425 49.24 -107.73 -26.88821395522872 17.35838014377385
2007.2699 49.24 -107.73 -10.08499584070096 13.06737591720203
2007.2973 49.24 -107.73 -9.14635687093256 12.24756480170821
2007.3247 49.24 -107.73 -3.09509428249263 15.66807354826182
2007.3521 49.24 -107.73 -21.47336454814560 17.40671271000327
2007.3795 49.24 -107.73 -24.19380930173231 18.45702419777237
2007.4068 49.24 -107.73 -22.74076643808486 14.86300444921307
2007.4342 49.24 -107.73 10.15978760490615 14.05717957481461
2007.4616 49.24 -107.73 -20.21957365798991 19.47478613236210
2007.4890 49.24 -107.73 -0.90759031805881 14.10382056280043
2007.5164 49.24 -107.73 -1.80999873400683 15.13869856718594
2007.5438 49.24 -107.73 -27.32515900488644 14.53942301561313
2007.5712 49.24 -107.73 -35.93590264915333 14.95088563059657
2007.5986 49.24 -107.73 -25.74865884995053 18.78970025006794
2007.6260 49.24 -107.73 -27.19350566087060 14.83786575981094
2007.6534 49.24 -107.73 -31.47119499763572 15.15574224384471
2007.6808 49.24 -107.73 -32.13180928548823 15.84970728311488
2007.7082 49.24 -107.73 -34.13886684329876 10.95603412961300
2007.7356 49.24 -107.73 -42.46551911979919 16.28664016668243
2007.7630 49.24 -107.73 -21.51409580390445 11.74375590067520
2007.7904 49.24 -107.73 -21.78366022249452 16.20214306929349
2007.8178 49.24 -107.73 -22.15959798499019 19.07289726678838
2007.8452 49.24 -107.73 -18.30923262832896 14.84677755119525
2007.8726 49.24 -107.73 -17.15963825759165 17.56911636908387
2007.9000 49.24 -107.73 -15.00339992338876 18.59175770573674
2007.9274 49.24 -107.73 -29.33879141911412 18.36573805626574
2007.9548 49.24 -107.73 -31.70538726302857 13.43487751506357
2007.9822 49.24 -107.73 -55.77698330937050 16.94600501421823
2008.0096 49.24 -107.73 -24.87706161667438 14.75407419671802
2008.0370 49.24 -107.73 -32.85649295787978 15.40898026797287
2008.0644 49.24 -107.73 -29.64322819569058 18.14006879895402
2008.0918 49.24 -107.73 -61.56687968068859 13.77476383555931
2008.1192 49.24 -107.73 -41.54186309390155 16.75724938326742
2008.1466 49.24 -107.73 -50.37672239193567 19.80316656813073
2008.1740 49.24 -107.73 -62.11620610428324 17.08784703645717
2008.2014 49.24 -107.73 -59.45695755532581 18.79860765657492
2008.2288 49.24 -107.73 -53.12335509373241 20.90095417808115
2008.2562 49.24 -107.73 -54.60789696698071 19.80632491082489
2008.2836 49.24 -107.73 -55.67315943578342 23.88076940434809
2008.3110 49.24 -107.73 -37.62900094877403 24.96109099943216
2008.3384 49.24 -107.73 -55.45894626370860 18.33776154882737
2008.3658 49.24 -107.73 -44.32693501868891 18.54933243359982
2008.3932 49.24 -107.73 -3.07844906039653 16.49786072967115
2008.4205 49.24 -107.73 -1.68471889759083 14.43143658971774
2008.4479 49.24 -107.73 -6.20800820853505 14.91286595817644
2008.4753 49.24 -107.73 19.03550292101301 14.31592747924326
2008.5027 49.24 -107.73 11.85817887856056 17.71927646769587
2008.5301 49.24 -107.73 -20.92232911293147 21.91117824997251
2008.5575 49.24 -107.73 -4.66830928614929 13.84811710420639
2008.5849 49.24 -107.73 -17.67167861306993 16.42041038465032
2008.6123 49.24 -107.73 -34.10529373523548 13.12884181303804
2008.6397 49.24 -107.73 -14.87028821496772 14.64751450176998
2008.6671 49.24 -107.73 -26.20446441880554 13.91349637657433
2008.6945 49.24 -107.73 -22.00153886645092 13.39897246713474
2008.7219 49.24 -107.73 -20.99300883187152 15.87774297574915
2008.7493 49.24 -107.73 -22.31052828201716 14.20206185491171
2008.7767 49.24 -107.73 -17.70988457672831 17.04359824640864
2008.8041 49.24 -107.73 -31.64273848552330 17.19121323423527
2008.8315 49.24 -107.73 -8.11442998432197 19.28283738336929
2008.8589 49.24 -107.73 -24.83524209856933 22.54899654140904
2008.8863 49.24 -107.73 -2.92568797293072 21.62852414848156
2008.9137 49.24 -107.73 -42.53399508908897 20.67525286540882
2008.9411 49.24 -107.73 -13.74490416305006 21.32142311326860
2008.9685 49.24 -107.73 -8.30096307822493 19.90214493341450
2008.9945 49.24 -107.73 -20.59317063227948 16.86192794790819
2009.0205 49.24 -107.73 -19.20856328601668 16.73995626566870
2009.0479 49.24 -107.73 -3.50336196710207 16.74826318438539
2009.0753 49.24 -107.73 -36.02008054956764 15.79378967293238
2009.1027 49.24 -107.73 -31.10674042131378 20.06656967659028
2009.1301 49.24 -107.73 -67.23419698109896 15.64271885036731
2009.1575 49.24 -107.73 -40.91968777156035 15.80685764567413
2009.1849 49.24 -107.73 -70.62278541023183 18.86800564351671
2009.2123 49.24 -107.73 -39.92034050173860 15.52835359909248
2009.2397 49.24 -107.73 -29.26519437372918 18.08794149357028
2009.2671 49.24 -107.73 -40.32668411786813 14.96141403885943
2009.2945 49.24 -107.73 -31.64247827657001 15.41891812346341
2009.3219 49.24 -107.73 -34.80036217685900 16.05312389207476
2009.3493 49.24 -107.73 7.02597668695391 14.60328661049142
2009.3767 49.24 -107.73 1.97665455774427 15.38432476083851
2009.4041 49.24 -107.73 7.89984562687082 13.26960154097620
2009.4315 49.24 -107.73 2.67912511261832 15.67840308754392
2009.4589 49.24 -107.73 17.34671091732573 12.86117692642514
2009.4863 49.24 -107.73 -5.05237716015385 14.31521588556494
2009.5137 49.24 -107.73 -20.96540277416170 13.43739404012363
2009.5411 49.24 -107.73 -20.92105669592811 16.83026571506377
2009.5685 49.24 -107.73 -21.09006992065830 18.06605260440307
2009.5959 49.24 -107.73 -42.77039207448320 15.66374863212964
2009.6233 49.24 -107.73 -46.04031644103318 16.62051185990129
2009.6507 49.24 -107.73 -7.86540593498221 16.03232886583288
2009.6781 49.24 -107.73 -52.46317417687845 17.35927743887223
2009.7055 49.24 -107.73 -28.76653916783077 18.23726127811476
2009.7329 49.24 -107.73 -33.19522997534123 17.40043066286173
2009.7603 49.24 -107.73 -16.10251824768115 19.92027634259875
2009.7877 49.24 -107.73 -19.74884301959312 18.32136172644672
2009.8151 49.24 -107.73 -21.83593217071483 19.89185516038451
2009.8425 49.24 -107.73 -21.94940856618682 17.90986340922479
2009.8699 49.24 -107.73 -28.41571895037234 17.01975087956291
2009.8973 49.24 -107.73 -0.63485333971410 15.82175486043282
2009.9247 49.24 -107.73 -9.17253867750992 15.35159656734469
2009.9521 49.24 -107.73 -4.93956287792880 14.55249603853497
2009.9795 49.24 -107.73 -5.89409650565276 14.97440859317853
2010.0068 49.24 -107.73 -25.78550793643118 19.52536031404584
2010.0342 49.24 -107.73 -27.47054437988947 14.78294728895269
2010.0616 49.24 -107.73 -24.21928442685516 15.27710425870185
2010.0890 49.24 -107.73 -22.19897776768124 18.75485496415450
2010.1164 49.24 -107.73 -16.81732146754644 19.40186589878915
2010.1438 49.24 -107.73 -40.34375985236777 18.35975279021074
2010.1712 49.24 -107.73 -22.64365273681596 17.51011913895669
2010.1986 49.24 -107.73 -37.42221419358556 16.76403764423647
2010.2260 49.24 -107.73 -34.65459278406879 18.41770587891130
2010.2534 49.24 -107.73 -34.04439041219662 18.92551115965215
2010.2808 49.24 -107.73 -31.15165165514608 14.23069511571383
2010.3082 49.24 -107.73 -21.02479986492466 15.06451962672923
2010.3356 49.24 -107.73 -13.94250369383590 13.32195369063175
2010.3630 49.24 -107.73 3.54370952810072 14.30564451297650
2010.3904 49.24 -107.73 0.44800258784319 14.54216958681575
2010.4178 49.24 -107.73 32.49835884351205 15.33139071994994
2010.4452 49.24 -107.73 23.96104599986167 13.29996893444853
2010.4726 49.24 -107.73 55.65058459964144 11.79792359471105
2010.5000 49.24 -107.73 51.08903755864323 13.65807467862374
2010.5274 49.24 -107.73 21.13074760569609 22.79633192062008
2010.5548 49.24 -107.73 32.16355923536711 14.11599450069143
2010.5822 49.24 -107.73 34.51129520605520 12.62066867452335
2010.6096 49.24 -107.73 37.07894238824641 16.90719204257485
2010.6370 49.24 -107.73 24.37431384840664 14.84906345540982
2010.6644 49.24 -107.73 8.64282214218722 13.77913888179401
2010.6918 49.24 -107.73 30.24727358500562 17.01723186054575
2010.7192 49.24 -107.73 -10.46802220800284 15.77334498145710
2010.7466 49.24 -107.73 -10.89909140006558 18.69613382885147
2010.7740 49.24 -107.73 13.93777998173329 14.56387804893292
2010.8014 49.24 -107.73 9.31841747186382 13.96831796652734
2010.8288 49.24 -107.73 9.44836475618592 16.23094804660207
2010.8562 49.24 -107.73 15.80342290573695 15.85892545366031
2010.8836 49.24 -107.73 22.05567246758909 14.44096228082373
2010.9110 49.24 -107.73 9.72452469309197 16.07911091720168
2010.9384 49.24 -107.73 25.66516162383949 16.78815566461525
2010.9658 49.24 -107.73 36.32832873875690 18.64899155089411
2010.9932 49.24 -107.73 24.44246297769120 13.77360629724805
2011.1027 49.24 -107.73 22.67111185486956 13.68693003549014
2011.1301 49.24 -107.73 -14.72204768269378 22.17824692117301
2011.1575 49.24 -107.73 -10.73889241358217 14.24906270631779
2011.1849 49.24 -107.73 -15.32338347685003 10.90249965924913
2011.2123 49.24 -107.73 23.12070940082645 18.80292179915368
2011.2397 49.24 -107.73 5.59256991650211 19.77640072190256
2011.2671 49.24 -107.73 23.47015599735660 15.60880850893276
2011.2945 49.24 -107.73 36.96361521724695 18.56354156793682
2011.3219 49.24 -107.73 28.15635794227648 17.30938570254663
2011.3493 49.24 -107.73 29.95294268424249 15.26071725886304
2011.3767 49.24 -107.73 17.13760125947143 18.22042381872913
2011.4041 49.24 -107.73 42.26418201698907 15.70089688649441
2011.4315 49.24 -107.73 43.30292433912323 15.51021915180132
2011.5137 49.24 -107.73 54.19530882047334 14.13567619635088
2011.5411 49.24 -107.73 44.74678134192628 15.31290879347925
2011.5685 49.24 -107.73 33.36784412346267 14.79138398049045
2011.5959 49.24 -107.73 31.95600278823987 16.03710563070917
2011.6233 49.24 -107.73 34.08424225738398 15.90983089769550
2011.6507 49.24 -107.73 68.29945345156963 19.41896578270459
2011.6781 49.24 -107.73 39.43989433228320 18.00221089842280
2011.7055 49.24 -107.73 53.89814139116286 18.09296375703519
2011.7329 49.24 -107.73 40.87025465321142 21.25140422452640
2011.7603 49.24 -107.73 32.59832281103569 18.01008724916406
2011.7877 49.24 -107.73 40.28678780430644 19.28908493139155
2011.8151 49.24 -107.73 28.45274618699868 18.84147689205401
2011.8425 49.24 -107.73 24.57493955409091 20.69160302921368
2011.8699 49.24 -107.73 59.58869131657964 19.14420519748524
2011.9521 49.24 -107.73 13.29992794616311 11.90900754846790
2011.9795 49.24 -107.73 28.28831340385521 16.22028586907617
2012.0068 49.24 -107.73 29.79474648411274 14.94301550685539
2012.0342 49.24 -107.73 20.89312783316201 18.12554732232655
2012.0616 49.24 -107.73 -2.73025312113206 15.62992975902722
2012.0890 49.24 -107.73 4.29354018456702 15.36090990968542
2012.1164 49.24 -107.73 2.34689606234147 14.95065705915889
2012.1438 49.24 -107.73 -20.24868388993709 15.47285431352416
2012.1712 49.24 -107.73 1.35226398529467 14.57342577987012
2012.1986 49.24 -107.73 11.87098895322690 13.07112399414014
2012.2260 49.24 -107.73 5.20692453383540 13.50996971595636
2012.2534 49.24 -107.73 2.50581494387769 13.10431440569545
2012.2808 49.24 -107.73 17.31687364883120 12.14439837036284
2012.3082 49.24 -107.73 2.05145265477308 14.25893560058545
2012.3904 49.24 -107.73 37.96485167033075 14.45936580905537
2012.4178 49.24 -107.73 39.26669336024666 11.02275401657028
2012.4452 49.24 -107.73 36.20815849786784 10.84078690280938
2012.4726 49.24 -107.73 53.34383221485020 11.82379417679435
2012.5000 49.24 -107.73 71.41623898227301 11.15684025528583
2012.5274 49.24 -107.73 47.87123036561999 11.95691953675246
2012.5548 49.24 -107.73 37.73821521593889 11.95746350114852
2012.5822 49.24 -107.73 31.83130264793823 12.79283842959970
2012.6096 49.24 -107.73 3.91553549336578 12.76283637329743
2012.6370 49.24 -107.73 15.22423367425005 11.64295256818992
2012.6644 49.24 -107.73 8.25625934318153 12.89585937066989
2012.6918 49.24 -107.73 1.43078185856750 13.35069878377275
2012.7192 49.24 -107.73 -11.52515768115093 16.50035820137443
2012.7466 49.24 -107.73 -9.45857516214242 10.98240962245634
2012.8562 49.24 -107.73 -11.29163754052736 16.93438708156781
2012.8836 49.24 -107.73 13.34189319233005 16.01277899427692
2012.9110 49.24 -107.73 -7.26397289726026 15.10585720911184
2012.9384 49.24 -107.73 26.32770725207030 14.27071272618266
2012.9658 49.24 -107.73 -3.61991679305385 16.46323667212193
2012.9918 49.24 -107.73 4.60460213798913 7.65098390830569
2013.0178 49.24 -107.73 -2.84591495433843 9.26618238584061
2013.0452 49.24 -107.73 6.87683787542727 9.16813138474732
2013.0726 49.24 -107.73 -23.16415107745659 8.36219179274693
2013.1000 49.24 -107.73 -7.91287554475667 8.61336452602483
2013.1274 49.24 -107.73 -5.37439914078497 7.87491872637601
2013.1548 49.24 -107.73 -39.57537897330899 7.11919054951543
2013.2644 49.24 -107.73 -11.20953011568083 8.35664443113485
2013.2918 49.24 -107.73 6.45928817910526 8.16020686067319
2013.3192 49.24 -107.73 13.60212220760249 9.16040561388745
2013.3466 49.24 -107.73 -16.30029247146202 9.43991823263406
2013.3740 49.24 -107.73 11.59001165466672 7.91643749382187
2013.4014 49.24 -107.73 -0.39166783252135 8.21706500595538
2013.4288 49.24 -107.73 33.26395407674188 7.06010962720253
2013.4562 49.24 -107.73 47.80565030697727 7.18953419906878
2013.4836 49.24 -107.73 44.04859953553687 7.43221300661845
2013.5110 49.24 -107.73 36.00771200208087 8.55481306265838
2013.5384 49.24 -107.73 11.74739667152950 8.23703481448422
2013.5658 49.24 -107.73 1.14751121921056 8.72457071486330
2013.7575 49.24 -107.73 -4.31887999495633 8.16412541642024
2013.7849 49.24 -107.73 25.73625991909925 8.57093172102185
2013.8123 49.24 -107.73 26.72528952896154 7.79600086454921
2013.8397 49.24 -107.73 15.69745363799962 7.93601089639059
2013.8671 49.24 -107.73 7.89622568141779 8.46352825202392
2013.8945 49.24 -107.73 16.45830931716559 7.92368753743008
2013.9219 49.24 -107.73 12.43860970021828 6.86150520782092
2013.9493 49.24 -107.73 5.37322082775864 7.47743284455165
2013.9767 49.24 -107.73 -3.10327005196622 7.42572336373859
2014.0041 49.24 -107.73 -2.91195128990027 7.20170517456793
2014.0315 49.24 -107.73 13.42550886702463 7.64476571711641
2014.1685 49.24 -107.73 -17.55559557667905 7.92478130680934
2014.1959 49.24 -107.73 -13.82959861115192 8.30119625460867
2014.2233 49.24 -107.73 8.27197804620365 7.77475760503923
2014.2507 49.24 -107.73 -5.96619138026562 7.01174150737511
2014.2781 49.24 -107.73 -6.28759546690319 7.48695866142457
2014.3055 49.24 -107.73 -8.33609903940564 7.12485792032286
2014.3329 49.24 -107.73 26.75113428139926 5.62637148693932
2014.3603 49.24 -107.73 25.14243397788295 6.59558177391631
2014.3877 49.24 -107.73 18.21748099192270 6.61966433595139
2014.4151 49.24 -107.73 34.22499144936717 6.54241095572459
2014.4425 49.24 -107.73 28.24855964630181 7.02309152468613
2014.4699 49.24 -107.73 44.77965738250374 6.90291544066801
2014.5795 49.24 -107.73 14.79153015363668 5.46227662531453
2014.6068 49.24 -107.73 15.01489278506646 6.06002918786584
2014.6342 49.24 -107.73 20.64060441418320 5.34557764137529
2014.6616 49.24 -107.73 63.90397543072016 6.17310288078211
2014.6890 49.24 -107.73 11.14403958122621 6.00204440012017
2014.7164 49.24 -107.73 19.97576606983516 5.85340494978501
2014.7438 49.24 -107.73 39.74812539551233 6.50174511429325
2014.7712 49.24 -107.73 48.55025824108561 6.42680703432037
2014.7986 49.24 -107.73 40.93352044933849 5.53280315345029
2014.8260 49.24 -107.73 37.02431101780214 5.49108624546463
2014.8534 49.24 -107.73 33.29494926055101 5.87076738365620
2014.8808 49.24 -107.73 33.99712050376116 5.87788651858697
2014.9082 49.24 -107.73 29.26321733665576 6.01520958154925
2015.0452 49.24 -107.73 30.18742872986737 4.19752367162989
2015.0726 49.24 -107.73 19.95778776963688 4.89216795047570
2015.1000 49.24 -107.73 28.08228989727704 4.07862680319447
2015.1274 49.24 -107.73 14.26640078271501 3.75387817000359
2015.1548 49.24 -107.73 41.93651317053184 4.69958973202767
2015.1822 49.24 -107.73 30.75746929198035 4.27271257823271
2015.2096 49.24 -107.73 13.04021028047894 6.14773243219958
2015.2370 49.24 -107.73 22.69702954806308 6.72828636385260
2015.2644 49.24 -107.73 12.61103740097093 5.70217115678395
2015.2918 49.24 -107.73 9.37448963644113 5.61699499161240
2015.3192 49.24 -107.73 23.58730564399244 5.40456820277431
2015.3466 49.24 -107.73 43.41698886630257 5.97979968838082
2015.4836 49.24 -107.73 28.01003071814112 4.96907367562330
2015.5110 49.24 -107.73 21.61886273514722 4.87538475452183
2015.5384 49.24 -107.73 18.48046675353482 5.61180073653421
2015.5658 49.24 -107.73 2.94017596003393 5.94546536330008
2015.5932 49.24 -107.73 20.66454360329898 6.29277189075285
2015.6205 49.24 -107.73 10.42052425530836 5.93559350515007
2015.6479 49.24 -107.73 18.63503081747205 5.80055660204013
2015.6753 49.24 -107.73 4.18807272108034 5.43767288828414
2015.7027 49.24 -107.73 14.24876269109162 6.17003180601577
2015.7301 49.24 -107.73 8.96116513063689 6.05779676405951
2015.9493 49.24 -107.73 25.67860299498500 5.74314593848275
2015.9767 49.24 -107.73 9.36233041861917 6.36202383683886
2016.0041 49.24 -107.73 4.05199877114096 5.62435793693029
2016.0315 49.24 -107.73 33.17054228196302 5.34993516879291
2016.0589 49.24 -107.73 7.85033537860559 5.47116294261152
2016.0863 49.24 -107.73 -2.41903657083424 4.73083647671269
2016.1137 49.24 -107.73 4.64641323411960 5.60422216787100
2016.1411 49.24 -107.73 14.63295849719408 6.93197068966908
2016.1685 49.24 -107.73 -0.59302757987624 7.61252271819560
2016.1959 49.24 -107.73 -0.76143662949954 7.44629868171756
2016.2233 49.24 -107.73 27.60902900865718 7.56183029291288
2016.2507 49.24 -107.73 -25.38166460584229 5.72995585096998
2016.3603 49.24 -107.73 1.27324459184799 5.37806316430567
2016.3877 49.24 -107.73 5.00492952037965 6.63313792349153
2016.4151 49.24 -107.73 27.54718388519938 6.43333592322325
2016.4425 49.24 -107.73 32.37712016763392 7.07134383687973
2016.4699 49.24 -107.73 35.59440171565499 6.91541005062997
