2002.5877 -20.49 -69.33 8.52455413271436 8.92399002894080
2002.6151 -20.49 -69.33 37.42517794662894 8.67993499925890
2002.6425 -20.49 -69.33 8.22359778524805 8.88798478406347
2002.6699 -20.49 -69.33 -45.65333840972845 7.40025965395434
2002.6973 -20.49 -69.33 -8.61936104978084 11.85056706170130
2002.7247 -20.49 -69.33 -23.11457339288087 8.48557178865678
2002.7521 -20.49 -69.33 -5.68390862396529 7.76384565193858
2002.7795 -20.49 -69.33 -20.18349544501932 8.83844717346027
2002.8068 -20.49 -69.33 -18.50272444495945 8.05311046778097
2002.8342 -20.49 -69.33 -4.18835111289718 7.88631671081708
2002.8616 -20.49 -69.33 -10.35018740275829 7.50932423667333
2002.8890 -20.49 -69.33 -9.48623616832903 8.04978598341664
2002.9164 -20.49 -69.33 -0.37053147136999 8.25912541382164
2003.0260 -20.49 -69.33 13.53892609753236 9.17751448216894
2003.0534 -20.49 -69.33 -4.85374124435875 16.29340947846980
2003.0808 -20.49 -69.33 26.40487618412504 13.31561399861130
2003.1082 -20.49 -69.33 15.93931403773228 7.32175563227514
2003.1356 -20.49 -69.33 -11.97049128100523 6.73388089757101
2003.1630 -20.49 -69.33 -15.66592312809620 7.34400107304978
2003.1904 -20.49 -69.33 -18.68457797357900 8.57974268430478
2003.2178 -20.49 -69.33 -4.18820817788828 7.27139131981563
2003.2452 -20.49 -69.33 -8.03253705800124 7.24818682394608
2003.2726 -20.49 -69.33 -12.12017435302508 7.04379339054415
2003.3000 -20.49 -69.33 -18.84464603922835 6.92690606270505
2003.3274 -20.49 -69.33 -9.37833080194040 9.33859507453843
2003.3548 -20.49 -69.33 -1.08989252006878 10.70819232935493
2003.3822 -20.49 -69.33 2.27835849362389 8.94050949412335
2003.5192 -20.49 -69.33 9.61148880726688 10.51244171471789
2003.5466 -20.49 -69.33 9.99795851120276 12.06754452653769
2003.5740 -20.49 -69.33 21.50900349001169 14.54251113605127
2003.6014 -20.49 -69.33 2.74033247314188 12.10605850475664
2003.6288 -20.49 -69.33 16.50149649039765 11.06954208010607
2003.6562 -20.49 -69.33 22.54596041164483 12.14303827023718
2003.6836 -20.49 -69.33 8.17622651710617 12.24527897028351
2003.7110 -20.49 -69.33 -13.80611885504121 8.93642771321938
2003.7384 -20.49 -69.33 -23.47974667301240 11.43761802518944
2003.7658 -20.49 -69.33 -11.96265641148025 10.38918280212608
2003.7932 -20.49 -69.33 -8.28284125205003 11.87143040302049
2003.8205 -20.49 -69.33 -12.69240047036545 12.58999010074496
2003.8479 -20.49 -69.33 -14.58043024461113 10.57880255404554
2003.8753 -20.49 -69.33 -8.80838291769702 11.73209465436327
2003.9027 -20.49 -69.33 -23.60820298536932 10.21745435513830
2003.9301 -20.49 -69.33 -3.48905826953956 10.99808149719133
2003.9575 -20.49 -69.33 -14.73896313446162 12.89488757382004
2003.9849 -20.49 -69.33 -16.12674610964674 12.02428703688784
2004.0123 -20.49 -69.33 -5.78328526469095 12.92008171142003
2004.0397 -20.49 -69.33 12.18245705468361 9.56542184440577
2004.0945 -20.49 -69.33 8.46862161435737 8.92716722881793
2004.1219 -20.49 -69.33 10.83645880031028 10.55341116144545
2004.1493 -20.49 -69.33 16.97201990998371 12.64292945139298
2004.1767 -20.49 -69.33 2.90297365475679 14.03186351829357
2004.2041 -20.49 -69.33 -5.14249300054036 10.89405074754546
2004.2315 -20.49 -69.33 7.07303220168625 11.06637823667654
2004.2589 -20.49 -69.33 1.63578409906938 11.39708465364959
2004.2863 -20.49 -69.33 0.95493061110000 11.50076835271432
2004.3137 -20.49 -69.33 13.64942026502477 10.85270444100865
2004.3411 -20.49 -69.33 1.21024157299300 12.10189605722525
2004.3685 -20.49 -69.33 1.26198121379991 11.26276550863796
2004.3959 -20.49 -69.33 -4.41266482446125 9.61833639283334
2004.4233 -20.49 -69.33 9.51841521394801 9.18445440215224
2004.4507 -20.49 -69.33 -1.82654756243932 8.25610181699132
2004.4781 -20.49 -69.33 4.02142002009676 9.21313529052586
2004.5055 -20.49 -69.33 -7.22549839494851 8.91523037478430
2004.5329 -20.49 -69.33 -11.66730715159135 8.28407548576843
2004.5603 -20.49 -69.33 -15.81736084041176 8.63688883800246
2004.5877 -20.49 -69.33 -5.78788384719897 8.61797288723359
2004.6151 -20.49 -69.33 7.57574907193493 9.57149928797536
2004.6425 -20.49 -69.33 -17.51042519880980 7.91238393673800
2004.6699 -20.49 -69.33 -17.14199585482860 7.87565221735620
2004.6973 -20.49 -69.33 -10.54652599630861 7.28780071515025
2004.7247 -20.49 -69.33 -19.19983119278377 8.57338393150539
2004.7521 -20.49 -69.33 -28.40324736202957 8.09306124413648
2004.7795 -20.49 -69.33 -37.43436027727527 7.99469760586556
2004.8068 -20.49 -69.33 -34.61354376127581 9.09225247708502
2004.8342 -20.49 -69.33 -33.33188368182572 9.01208021396998
2004.8616 -20.49 -69.33 -35.77881278355751 7.67419630842499
2004.8890 -20.49 -69.33 -23.05197236896963 7.74188965829874
2004.9164 -20.49 -69.33 -26.97399904059293 8.65916296932923
2004.9438 -20.49 -69.33 4.45277738682971 9.25202536606637
2004.9712 -20.49 -69.33 5.10644649943139 8.85289100318441
2004.9973 -20.49 -69.33 4.35792366880686 8.30353974852138
2005.0233 -20.49 -69.33 6.76246880684387 10.22126516044067
2005.0507 -20.49 -69.33 10.90312480950496 16.36182275252567
2005.0781 -20.49 -69.33 -9.62366567997536 11.79054248555201
2005.1055 -20.49 -69.33 12.74467773007050 11.60642488987484
2005.1329 -20.49 -69.33 14.01663090120360 11.90096273652672
2005.1603 -20.49 -69.33 4.54156172790958 10.24257153683552
2005.1877 -20.49 -69.33 10.04422426177312 10.05917012324017
2005.2151 -20.49 -69.33 14.96861835653199 9.16992746905182
2005.2425 -20.49 -69.33 7.39593195953522 9.06247520764683
2005.2699 -20.49 -69.33 3.18709289931946 9.81330548239972
2005.2973 -20.49 -69.33 -5.78885869588998 10.44904051195381
2005.3247 -20.49 -69.33 -7.59210155518088 11.02367194874769
2005.3521 -20.49 -69.33 9.49525638279654 3.76095659738020
2005.3795 -20.49 -69.33 -5.17463381737276 10.18546770862495
2005.4068 -20.49 -69.33 1.89618182076046 9.11935659872977
2005.4342 -20.49 -69.33 -8.36460699926701 10.44298626293757
2005.4616 -20.49 -69.33 -1.50435282675401 9.61038695517281
2005.4890 -20.49 -69.33 -16.12317272477471 9.08910365844937
2005.5164 -20.49 -69.33 -8.35811541957102 9.03349641135380
2005.5438 -20.49 -69.33 -9.01858544818270 10.04774425390848
2005.5712 -20.49 -69.33 -6.44510787655726 11.10017871770312
2005.5986 -20.49 -69.33 0.67324846889829 11.36305136280539
2005.6260 -20.49 -69.33 -7.63235796170742 9.86510162515261
2005.6534 -20.49 -69.33 -10.63154944601300 10.57430657313590
2005.6808 -20.49 -69.33 -8.38516503982591 10.30617258925114
2005.7082 -20.49 -69.33 -11.69510717707982 12.97254229608216
2005.7356 -20.49 -69.33 -6.66163309047824 11.20264981859826
2005.7630 -20.49 -69.33 -3.25276696294631 11.21929356728541
2005.7904 -20.49 -69.33 -2.92328052465379 10.32470421779998
2005.8178 -20.49 -69.33 -5.38673842881862 10.71218022661929
2005.8452 -20.49 -69.33 6.16377117269781 11.45095166456487
2005.8726 -20.49 -69.33 1.06113603394657 9.82195000006679
2005.9000 -20.49 -69.33 -3.05593543112946 9.45855059308379
2005.9274 -20.49 -69.33 -3.90926581337483 9.13591870047370
2005.9548 -20.49 -69.33 -6.12991319863664 7.59999851456735
2005.9822 -20.49 -69.33 2.26032535476438 8.47132574400161
2006.0096 -20.49 -69.33 -6.14371341977694 9.85877019057401
2006.0370 -20.49 -69.33 -12.84863073061319 12.85610936518294
2006.0644 -20.49 -69.33 -3.94924687996438 12.96427961355831
2006.0918 -20.49 -69.33 8.09252963976969 13.12388923116857
2006.1192 -20.49 -69.33 -8.29207648942820 15.45894840327872
2006.1466 -20.49 -69.33 6.70502975006316 11.69521879033596
2006.1740 -20.49 -69.33 2.08136287134142 13.77504689344733
2006.2014 -20.49 -69.33 1.20929839812880 10.12132705877087
2006.2288 -20.49 -69.33 -4.06952149404318 13.89865814973461
2006.2562 -20.49 -69.33 -32.77325689895570 13.15416033401147
2006.2836 -20.49 -69.33 -17.77476929555489 12.70079636255696
2006.3110 -20.49 -69.33 -35.60697222712793 13.70635092376864
2006.3384 -20.49 -69.33 -28.70527670206132 12.32685308539760
2006.3658 -20.49 -69.33 3.20258892678486 13.78699185671961
2006.3932 -20.49 -69.33 -22.15243513917748 13.47093224780566
2006.4205 -20.49 -69.33 -3.06302335865203 13.36892406879905
2006.4479 -20.49 -69.33 -4.68029003677848 14.21368820461217
2006.4753 -20.49 -69.33 -11.64451706483653 14.83699483373479
2006.5027 -20.49 -69.33 -13.10731347788221 15.54429771965444
2006.5301 -20.49 -69.33 17.95699841740041 19.07272489709057
2006.5575 -20.49 -69.33 -3.01722745850666 14.75756373408672
2006.5849 -20.49 -69.33 1.11603702612492 15.22647511354781
2006.6123 -20.49 -69.33 10.83814598723379 19.87136962614428
2006.6397 -20.49 -69.33 -10.07689225024419 16.34736756418495
2006.6671 -20.49 -69.33 -1.05073211519506 14.45214579968787
2006.6945 -20.49 -69.33 -51.14034195223837 19.12355838143663
2006.7219 -20.49 -69.33 -5.26770621512916 17.18197040842302
2006.7493 -20.49 -69.33 -34.84759396189333 21.07920017716974
2006.7767 -20.49 -69.33 -17.67696218784081 18.36829895474714
2006.8041 -20.49 -69.33 -19.51673412680733 14.30577365311729
2006.8315 -20.49 -69.33 -30.66358879427660 17.13304319532118
2006.8589 -20.49 -69.33 -31.97073359098182 16.47540387593444
2006.8863 -20.49 -69.33 -15.49124043699975 15.54575284185086
2006.9137 -20.49 -69.33 4.85065644040275 14.80703923781642
2006.9411 -20.49 -69.33 -13.26221619190779 14.47403976565247
2006.9685 -20.49 -69.33 -16.89268678054682 14.09037282021186
2006.9959 -20.49 -69.33 -17.17727673308397 13.62555727228506
2007.0233 -20.49 -69.33 0.71363810611882 12.31647542396944
2007.0507 -20.49 -69.33 1.04708838280106 13.16021095455530
2007.0781 -20.49 -69.33 -3.88715116217707 14.12540647191445
2007.1055 -20.49 -69.33 8.56963115818378 12.37524248721293
2007.1329 -20.49 -69.33 13.42980225364741 13.71784760952249
2007.1603 -20.49 -69.33 3.27836234678420 13.04360132163107
2007.1877 -20.49 -69.33 -3.55684671937268 18.00479024484053
2007.2151 -20.49 -69.33 -3.01318529320049 15.85512727080141
2007.2425 -20.49 -69.33 -7.18616879853909 15.16376571439840
2007.2699 -20.49 -69.33 -20.50448727506268 11.27211268188472
2007.2973 -20.49 -69.33 -7.16656514280810 10.53881187391685
2007.3247 -20.49 -69.33 -15.30268493899608 13.62357401582172
2007.3521 -20.49 -69.33 8.39302285508011 15.22365749751823
2007.3795 -20.49 -69.33 -26.35591026298868 16.18261897837522
2007.4068 -20.49 -69.33 -9.79918533446651 12.93157957121051
2007.4342 -20.49 -69.33 -0.95095928241447 12.18012530122694
2007.4616 -20.49 -69.33 -2.40283329871024 17.08538989446998
2007.4890 -20.49 -69.33 -6.10009020175251 12.19217475318615
2007.5164 -20.49 -69.33 -3.47389073943440 13.16914434983283
2007.5438 -20.49 -69.33 1.48262122026703 12.61145574611321
2007.5712 -20.49 -69.33 0.42481315792233 12.95823189819156
2007.5986 -20.49 -69.33 14.29075339344673 16.37640889152581
2007.6260 -20.49 -69.33 -11.53166232335275 12.83268965011843
2007.6534 -20.49 -69.33 -3.09644774427653 13.11544820960295
2007.6808 -20.49 -69.33 -17.43513084342566 13.68177051416077
2007.7082 -20.49 -69.33 -11.70804960652232 9.25622633209582
2007.7356 -20.49 -69.33 -1.61308579851583 14.04202561341471
2007.7630 -20.49 -69.33 -19.51469478930805 9.93672906282711
2007.7904 -20.49 -69.33 -16.40087418540647 14.04371165839064
2007.8178 -20.49 -69.33 -3.08069513039082 16.63357414997864
2007.8452 -20.49 -69.33 -19.76786134683683 12.83189028980533
2007.8726 -20.49 -69.33 -23.92955709138470 15.26270015653277
2007.9000 -20.49 -69.33 -9.98922710978499 16.12227716554103
2007.9274 -20.49 -69.33 -12.70958514628784 16.01285597126118
2007.9548 -20.49 -69.33 9.87854024017035 11.64713492081998
2007.9822 -20.49 -69.33 1.37967372271372 14.82638189373232
2008.0096 -20.49 -69.33 18.33144131930932 12.88996194402613
2008.0370 -20.49 -69.33 9.16625631948829 13.51419956484697
2008.0644 -20.49 -69.33 22.33547495211916 15.98745285904944
2008.0918 -20.49 -69.33 13.05427538380199 11.98063133674835
2008.1192 -20.49 -69.33 24.51685293575744 14.73651105712708
2008.1466 -20.49 -69.33 25.73269803317294 17.47130453325313
2008.1740 -20.49 -69.33 32.88399430444239 15.04445845572478
2008.2014 -20.49 -69.33 14.55329824730562 16.62526186472393
2008.2288 -20.49 -69.33 29.71840220661402 18.26547884969465
2008.2562 -20.49 -69.33 8.35849296041738 17.39935616680047
2008.2836 -20.49 -69.33 25.24634561951241 21.00626216944252
2008.3110 -20.49 -69.33 -6.07729358166217 21.98258383103876
2008.3384 -20.49 -69.33 -3.66897890796734 16.10649945782261
2008.3658 -20.49 -69.33 -2.27216066966090 16.25119478680604
2008.3932 -20.49 -69.33 -10.51200138344271 14.34665211923123
2008.4205 -20.49 -69.33 14.72706252796319 12.42134645704653
2008.4479 -20.49 -69.33 -11.09188970070466 12.95161018865839
2008.4753 -20.49 -69.33 -9.08240723636020 12.43266244395589
2008.5027 -20.49 -69.33 -39.26479311476238 15.35156104828788
2008.5301 -20.49 -69.33 6.20364315555860 19.00040689719283
2008.5575 -20.49 -69.33 10.64582514975675 11.83068815026018
2008.5849 -20.49 -69.33 22.12598205392547 14.32685257938773
2008.6123 -20.49 -69.33 5.80507581689590 11.29642999196305
2008.6397 -20.49 -69.33 2.75197110973105 12.67449563707104
2008.6671 -20.49 -69.33 -8.17377946410649 11.99964386718250
2008.6945 -20.49 -69.33 -6.44675235860232 11.56907602023846
2008.7219 -20.49 -69.33 -6.22843114782129 13.84154178923229
2008.7493 -20.49 -69.33 -16.95875834727206 12.37216388473436
2008.7767 -20.49 -69.33 -14.10721212486307 14.97657552785449
2008.8041 -20.49 -69.33 -12.33141434952546 15.14213419066471
2008.8315 -20.49 -69.33 -8.85444322628371 16.96094821876405
2008.8589 -20.49 -69.33 -13.08298495908660 19.86796337958021
2008.8863 -20.49 -69.33 1.12025575842517 19.02796092347491
2008.9137 -20.49 -69.33 -11.39086560263663 18.26593341737215
2008.9411 -20.49 -69.33 2.29840291119192 18.76357778245726
2008.9685 -20.49 -69.33 -17.82861874873289 17.44281150992130
2008.9945 -20.49 -69.33 -7.41128846578464 14.88583419676796
2009.0205 -20.49 -69.33 -8.80962979709776 14.84487204216467
2009.0479 -20.49 -69.33 -17.83456318417817 14.85402592385216
2009.0753 -20.49 -69.33 -16.32896438435243 13.93691976532457
2009.1027 -20.49 -69.33 -20.03664514936154 17.81773569800448
2009.1301 -20.49 -69.33 8.86895587022806 13.81274411331395
2009.1575 -20.49 -69.33 -4.24192349783556 13.90225778747037
2009.1849 -20.49 -69.33 -5.85611029628900 16.76756391090187
2009.2123 -20.49 -69.33 1.89126846439930 13.59501039518118
2009.2397 -20.49 -69.33 -10.64025327770953 16.00736812316497
2009.2671 -20.49 -69.33 -7.10474330207033 13.20480654892360
2009.2945 -20.49 -69.33 -5.85636695782089 13.61242797790769
2009.3219 -20.49 -69.33 10.59058397727888 14.14749751081636
2009.3493 -20.49 -69.33 -13.23480669691765 12.82294945824840
2009.3767 -20.49 -69.33 -0.89021911890093 13.49681135935948
2009.4041 -20.49 -69.33 -7.11282522226528 11.56437759951577
2009.4315 -20.49 -69.33 -0.29434536033705 13.76765397009608
2009.4589 -20.49 -69.33 5.63716677606015 11.11895127870644
2009.4863 -20.49 -69.33 14.47293854406756 12.40128843001840
2009.5137 -20.49 -69.33 14.12166029626978 11.54291364502353
2009.5411 -20.49 -69.33 1.21013189378397 14.56513679069420
2009.5685 -20.49 -69.33 -0.09697662829011 15.62053873195426
2009.5959 -20.49 -69.33 10.21314052373543 13.50156050227676
2009.6233 -20.49 -69.33 -5.40813966885449 14.46253049230378
2009.6507 -20.49 -69.33 9.45573077658204 13.96846178456230
2009.6781 -20.49 -69.33 7.12477536975419 15.20576479886753
2009.7055 -20.49 -69.33 3.90091036186301 16.03392955234276
2009.7329 -20.49 -69.33 -6.62169231425023 15.27322726581797
2009.7603 -20.49 -69.33 -18.68562799829983 17.51445854097403
2009.7877 -20.49 -69.33 -1.73038465711962 16.11744057527052
2009.8151 -20.49 -69.33 -9.87634897169824 17.56012087226306
2009.8425 -20.49 -69.33 21.59953350632938 15.78169212506567
2009.8699 -20.49 -69.33 3.61752585826710 14.98844617213966
2009.8973 -20.49 -69.33 -2.43224267870969 13.91932678874670
2009.9247 -20.49 -69.33 -0.79027855683177 13.34993846298010
2009.9521 -20.49 -69.33 4.23350556184837 12.73345055810884
2009.9795 -20.49 -69.33 -3.39154668590128 13.09603153218437
2010.0068 -20.49 -69.33 -2.00646101699772 17.27257582935717
2010.0342 -20.49 -69.33 -4.78216289677512 12.96029947638642
2010.0616 -20.49 -69.33 9.94633319781714 13.41083954203261
2010.0890 -20.49 -69.33 28.55097596790539 16.61977123578067
2010.1164 -20.49 -69.33 15.85637826742022 17.17011966998814
2010.1438 -20.49 -69.33 54.62931259773094 16.15216857869168
2010.1712 -20.49 -69.33 40.41504358530998 15.39783882098075
2010.1986 -20.49 -69.33 51.45850828557614 14.71246693846264
2010.2260 -20.49 -69.33 35.02916274844898 16.14104957427648
2010.2534 -20.49 -69.33 14.45868156881450 16.51549119689339
2010.2808 -20.49 -69.33 -11.59200289841475 12.32718450851766
2010.3082 -20.49 -69.33 -6.24538327760444 13.09691306387806
2010.3356 -20.49 -69.33 -0.67171880631951 11.43763553484553
2010.3630 -20.49 -69.33 -23.12073188958607 12.24844543666503
2010.3904 -20.49 -69.33 -43.40144415963560 12.16107452291964
2010.4178 -20.49 -69.33 -56.06101208116594 13.05436943900403
2010.4452 -20.49 -69.33 -35.25698285693575 11.28830072191677
2010.4726 -20.49 -69.33 -2.09226623171625 9.97661773618239
2010.5000 -20.49 -69.33 -19.79942851307879 11.69903086694877
2010.5274 -20.49 -69.33 -15.46613490533015 20.09160927098741
2010.5548 -20.49 -69.33 15.52652417142783 12.34307783101352
2010.5822 -20.49 -69.33 19.52882080142770 11.00290313599160
2010.6096 -20.49 -69.33 13.29114021286587 14.88048306924100
2010.6370 -20.49 -69.33 -8.73074068314514 13.02585389430628
2010.6644 -20.49 -69.33 6.87690260868029 12.06523099858394
2010.6918 -20.49 -69.33 -1.62180780157772 14.99183766433331
2010.7192 -20.49 -69.33 -16.21667534789522 13.87214265500455
2010.7466 -20.49 -69.33 -22.46000277396074 16.50083975288315
2010.7740 -20.49 -69.33 7.00579035447178 12.71351229836821
2010.8014 -20.49 -69.33 -15.14737298890157 12.21920327515663
2010.8288 -20.49 -69.33 -16.26834684840731 14.26445914848215
2010.8562 -20.49 -69.33 -22.05643582150035 13.90698908023051
2010.8836 -20.49 -69.33 -6.84075459221019 12.56531623070910
2010.9110 -20.49 -69.33 -8.53441065176995 14.05645892539354
2010.9384 -20.49 -69.33 1.79328383179188 14.68270173703708
2010.9658 -20.49 -69.33 18.33059535524552 16.32254822426476
2010.9932 -20.49 -69.33 27.68493377419526 11.50883477851704
2011.1027 -20.49 -69.33 28.98828021064267 11.43532007529574
2011.1301 -20.49 -69.33 46.56862967211590 19.28619034308675
2011.1575 -20.49 -69.33 19.32268307724264 12.22598789155355
2011.1849 -20.49 -69.33 20.27212594162185 9.21816475843772
2011.2123 -20.49 -69.33 30.12916768765830 16.37110728100895
2011.2397 -20.49 -69.33 10.78554740609196 17.29374416488645
2011.2671 -20.49 -69.33 18.40897887535967 13.53347620511758
2011.2945 -20.49 -69.33 9.43760143495993 16.23418177164056
2011.3219 -20.49 -69.33 0.42952829881138 15.12796991991511
2011.3493 -20.49 -69.33 -7.52108512124807 13.26349024030002
2011.3767 -20.49 -69.33 -17.44686868891595 15.94587468436213
2011.4041 -20.49 -69.33 -4.25022632487366 13.61920868130020
2011.4315 -20.49 -69.33 -11.61412099328985 13.32762408271927
2011.5137 -20.49 -69.33 -0.11049475267985 12.05793637188144
2011.5411 -20.49 -69.33 -7.74188373373411 13.20160877854258
2011.5685 -20.49 -69.33 -14.23494530734728 12.68953303396667
2011.5959 -20.49 -69.33 14.65348484705134 13.82519290548085
2011.6233 -20.49 -69.33 -5.12088458180847 13.64867556501791
2011.6507 -20.49 -69.33 -7.13396971911506 16.86984621619589
2011.6781 -20.49 -69.33 5.33936927292855 15.65620042088914
2011.7055 -20.49 -69.33 -15.03408887826660 15.78077406712745
2011.7329 -20.49 -69.33 -19.52933539738135 18.64946226550158
2011.7603 -20.49 -69.33 1.21206514242217 15.75170636942021
2011.7877 -20.49 -69.33 -27.34131848765577 16.94298945043002
2011.8151 -20.49 -69.33 -4.10186726787076 16.52404258102167
2011.8425 -20.49 -69.33 -0.96092509499932 18.28030424046247
2011.8699 -20.49 -69.33 -10.47726993341423 16.85104661368606
2011.9521 -20.49 -69.33 6.28436459055642 10.18211757826307
2011.9795 -20.49 -69.33 -5.01775306233766 14.29183984376504
2012.0068 -20.49 -69.33 -18.99035699544675 13.13228846909213
2012.0342 -20.49 -69.33 8.07505834718736 15.93192244829245
2012.0616 -20.49 -69.33 19.33578831769038 13.72116877977531
2012.0890 -20.49 -69.33 24.63089631702184 13.45671365416480
2012.1164 -20.49 -69.33 -4.37088384233954 13.05347479227107
2012.1438 -20.49 -69.33 16.23286884430791 13.51550909293667
2012.1712 -20.49 -69.33 14.71405954028537 12.65511861405880
2012.1986 -20.49 -69.33 20.88718927468709 11.41004888341573
2012.2260 -20.49 -69.33 6.94901744936287 11.87042540757988
2012.2534 -20.49 -69.33 -5.06473394410583 11.53940762706559
2012.2808 -20.49 -69.33 14.43530096898728 10.71977276021331
2012.3082 -20.49 -69.33 -4.45510210659578 11.67267326037916
2012.3904 -20.49 -69.33 3.30957202562494 12.40044942206107
2012.4178 -20.49 -69.33 -2.86861133824179 9.74627338837885
2012.4452 -20.49 -69.33 -0.48370783092302 9.55244772965247
2012.4726 -20.49 -69.33 3.85968305645420 10.41928607199216
2012.5000 -20.49 -69.33 8.79329002398002 9.79317385075080
2012.5274 -20.49 -69.33 17.82053793930842 10.50900396433649
2012.5548 -20.49 -69.33 -1.18168801640207 10.50500647691011
2012.5822 -20.49 -69.33 28.07923320230476 11.24545804822557
2012.6096 -20.49 -69.33 23.79833557603629 11.21984302813565
2012.6370 -20.49 -69.33 3.52850014461276 10.23214556019311
2012.6644 -20.49 -69.33 11.13634441984308 11.35144984583751
2012.6918 -20.49 -69.33 -2.49648209799934 11.76248064523761
2012.7192 -20.49 -69.33 -3.53631886706581 14.59621232637709
2012.7466 -20.49 -69.33 4.48623870423613 9.39797656091936
2012.8562 -20.49 -69.33 -11.98048641441404 14.95711984055404
2012.8836 -20.49 -69.33 -8.44981598971138 14.15340688031745
2012.9110 -20.49 -69.33 -27.48395771379796 13.31518739093687
2012.9384 -20.49 -69.33 0.69805421752135 12.35984246337522
2012.9658 -20.49 -69.33 -28.52380340806123 14.53786484419873
2012.9918 -20.49 -69.33 -11.06491437299917 6.68270898672951
2013.0178 -20.49 -69.33 -18.16788505269858 8.13303415561695
2013.0452 -20.49 -69.33 3.23358845711405 8.03562811832933
2013.0726 -20.49 -69.33 26.14474366842263 7.30867869055505
2013.1000 -20.49 -69.33 13.43430640451748 7.52297353377958
2013.1274 -20.49 -69.33 6.10442017914740 6.83586083953340
2013.1548 -20.49 -69.33 26.62774659647801 6.11047049729434
2013.2644 -20.49 -69.33 10.06311765089783 6.80660341695089
2013.2918 -20.49 -69.33 9.24549193357218 7.09011404577373
2013.3192 -20.49 -69.33 -19.61926261595597 8.02005930494462
2013.3466 -20.49 -69.33 1.46384457235367 8.28086814912436
2013.3740 -20.49 -69.33 -10.24932096250448 6.92823565059549
2013.4014 -20.49 -69.33 -10.87974828673197 7.19630491369258
2013.4288 -20.49 -69.33 2.61585869640296 6.13569242375522
2013.4562 -20.49 -69.33 6.81700393687043 6.21805212723831
2013.4836 -20.49 -69.33 4.27429866497862 6.46115024304803
2013.5110 -20.49 -69.33 2.30979363911809 7.48312741501669
2013.5384 -20.49 -69.33 4.34656048584841 7.06554509057722
2013.5658 -20.49 -69.33 -0.63434895192734 7.59420351019558
2013.7575 -20.49 -69.33 -10.46922809695721 6.93707938080537
2013.7849 -20.49 -69.33 -12.32321733313727 7.34675295217774
2013.8123 -20.49 -69.33 11.63076961736947 6.65632461608313
2013.8397 -20.49 -69.33 -8.53953808092390 6.77361606626254
2013.8671 -20.49 -69.33 12.87960910650047 7.19385323201386
2013.8945 -20.49 -69.33 6.53705389918757 6.72032741899228
2013.9219 -20.49 -69.33 0.84391537614743 5.80192647710034
2013.9493 -20.49 -69.33 10.13258818804739 6.30720709981325
2013.9767 -20.49 -69.33 2.59089284817201 6.26177383304317
2014.0041 -20.49 -69.33 30.05052174497048 6.07658561310573
2014.0315 -20.49 -69.33 14.59890714674257 6.43066281949720
2014.1685 -20.49 -69.33 11.23137562835191 6.73144993157635
2014.1959 -20.49 -69.33 36.56657852823824 7.22085466672829
2014.2233 -20.49 -69.33 2.80673166356110 6.73420233373630
2014.2507 -20.49 -69.33 13.32309632950265 6.09489455984776
2014.2781 -20.49 -69.33 5.33132441956031 6.53996211037269
2014.3055 -20.49 -69.33 -2.41478656754461 6.22567558343070
2014.3329 -20.49 -69.33 4.19001907533639 4.87708588713427
2014.3603 -20.49 -69.33 -4.01039080594187 5.74318765761404
2014.3877 -20.49 -69.33 -17.33912888857596 5.76047187414093
2014.4151 -20.49 -69.33 9.16448401403427 5.66413466515322
2014.4425 -20.49 -69.33 4.45524241845797 6.07522961643773
2014.4699 -20.49 -69.33 27.19346685988376 5.93435471275413
2014.5795 -20.49 -69.33 16.90079239144364 4.65620953581283
2014.6068 -20.49 -69.33 16.66627145802648 5.13331064079210
2014.6342 -20.49 -69.33 14.67542557537128 4.50247029903884
2014.6616 -20.49 -69.33 7.19708679092262 5.24548429998903
2014.6890 -20.49 -69.33 6.29577472723927 5.11111681316712
2014.7164 -20.49 -69.33 -18.14269572029167 4.98382501375171
2014.7438 -20.49 -69.33 -16.85594948714976 5.55114908910920
2014.7712 -20.49 -69.33 -27.47774688807775 5.48087453299160
2014.7986 -20.49 -69.33 -11.91148302923806 4.68257778549600
2014.8260 -20.49 -69.33 -18.61293512795071 4.63090305467361
2014.8534 -20.49 -69.33 -6.65503240840020 4.95392102379202
2014.8808 -20.49 -69.33 -1.55779240861080 4.97575767690346
2014.9082 -20.49 -69.33 -9.92502793802899 5.09891610535697
2015.0452 -20.49 -69.33 31.05080271904787 3.52413787409222
2015.0726 -20.49 -69.33 20.67005025823432 4.00366271826986
2015.1000 -20.49 -69.33 28.15167168077825 3.42228879755862
2015.1274 -20.49 -69.33 41.11568119020183 3.15654310330041
2015.1548 -20.49 -69.33 20.62225530260225 3.84985763642471
2015.1822 -20.49 -69.33 15.15762043882233 3.52980285484657
2015.2096 -20.49 -69.33 18.83385954858157 5.22965671615351
2015.2370 -20.49 -69.33 12.27091235882697 5.76407762633464
2015.2644 -20.49 -69.33 11.79219435464206 4.95764911840983
2015.2918 -20.49 -69.33 6.02019904857397 4.83860538983962
2015.3192 -20.49 -69.33 7.18780003441738 4.64285353349085
2015.3466 -20.49 -69.33 3.62395598348206 5.10497829152341
2015.4836 -20.49 -69.33 19.62670005314571 4.11082224928122
2015.5110 -20.49 -69.33 25.40138559917690 4.10682212548266
2015.5384 -20.49 -69.33 23.31298431227947 4.62803235508270
2015.5658 -20.49 -69.33 18.08168582598351 4.97149509112354
2015.5932 -20.49 -69.33 8.27017888595444 5.29475753205701
2015.6205 -20.49 -69.33 19.33104002508182 4.97308525102182
2015.6479 -20.49 -69.33 10.65211841756062 4.86947987240348
2015.6753 -20.49 -69.33 -5.07532278430479 4.53091256911063
2015.7027 -20.49 -69.33 -8.18740090354067 5.18342893765672
2015.7301 -20.49 -69.33 -2.58091721786179 5.07219373632772
2015.9493 -20.49 -69.33 28.91461470975387 4.87282438234165
2015.9767 -20.49 -69.33 -13.56731598067149 5.44455423960198
2016.0041 -20.49 -69.33 35.25420433202747 4.79596435526172
2016.0315 -20.49 -69.33 37.43988831019816 4.55345165232173
2016.0589 -20.49 -69.33 23.79047347830861 4.64139627992033
2016.0863 -20.49 -69.33 21.83351355895256 4.01340199928409
2016.1137 -20.49 -69.33 19.81824219942958 4.75494467333915
2016.1411 -20.49 -69.33 47.85238461403226 5.95367851842707
2016.1685 -20.49 -69.33 28.01167844860558 6.61323465034808
2016.1959 -20.49 -69.33 35.26171827030649 6.51348575296807
2016.2233 -20.49 -69.33 7.98030798097445 6.66911879953427
2016.2507 -20.49 -69.33 26.45803227361922 4.86855687075535
2016.3603 -20.49 -69.33 -2.90710385155715 4.53072008239286
2016.3877 -20.49 -69.33 19.24805342850691 5.61228688238458
2016.4151 -20.49 -69.33 29.44730417116820 5.40983971281953
2016.4425 -20.49 -69.33 21.20147606410631 5.97466853020853
2016.4699 -20.49 -69.33 26.54738044585593 5.82744298700017
