2002.5877 35.37 -114.15 -0.242 -0.751 -1.223 0.113 0.094 0.510
2002.6151 35.37 -114.15 -0.215 -0.777 0.725 0.108 0.091 0.488
2002.6425 35.37 -114.15 -0.232 -0.623 1.702 0.110 0.092 0.497
2002.6699 35.37 -114.15 -0.413 0.004 1.429 0.096 0.079 0.435
2002.6973 35.37 -114.15 -0.339 0.377 0.722 0.163 0.072 0.614
2002.7247 35.37 -114.15 -0.527 0.209 2.010 0.102 0.086 0.461
2002.7521 35.37 -114.15 -0.556 0.265 -0.178 0.095 0.080 0.431
2002.7795 35.37 -114.15 -0.471 0.012 0.937 0.110 0.094 0.500
2002.8068 35.37 -114.15 -0.362 0.334 2.471 0.098 0.082 0.443
2002.8342 35.37 -114.15 -0.627 -0.113 1.362 0.097 0.081 0.439
2002.8616 35.37 -114.15 -0.504 0.196 0.091 0.100 0.072 0.432
2002.8890 35.37 -114.15 -0.466 -0.378 -1.390 0.098 0.082 0.443
2002.9164 35.37 -114.15 -0.697 -0.397 0.133 0.105 0.086 0.473
2003.0260 35.37 -114.15 -0.229 -0.194 1.372 0.119 0.098 0.537
2003.0534 35.37 -114.15 0.028 0.618 -0.146 0.193 0.162 0.854
2003.0808 35.37 -114.15 -0.756 -0.162 -4.491 0.173 0.138 0.762
2003.1082 35.37 -114.15 0.027 -0.275 -0.837 0.101 0.081 0.456
2003.1356 35.37 -114.15 -0.073 -0.304 -0.017 0.094 0.075 0.425
2003.1630 35.37 -114.15 0.226 0.156 -2.245 0.099 0.080 0.450
2003.1904 35.37 -114.15 0.020 -0.241 -2.043 0.117 0.092 0.521
2003.2178 35.37 -114.15 0.191 0.013 -2.143 0.098 0.080 0.444
2003.2452 35.37 -114.15 0.260 -0.519 -3.497 0.096 0.079 0.434
2003.2726 35.37 -114.15 0.428 -0.403 -0.063 0.093 0.077 0.424
2003.3000 35.37 -114.15 0.346 -0.885 -3.140 0.091 0.076 0.415
2003.3274 35.37 -114.15 0.225 -0.377 -2.660 0.118 0.099 0.534
2003.3548 35.37 -114.15 0.475 -0.713 -1.186 0.129 0.110 0.581
2003.3822 35.37 -114.15 0.464 -0.323 0.633 0.119 0.095 0.530
2003.5192 35.37 -114.15 -0.144 -0.167 2.441 0.123 0.106 0.554
2003.5466 35.37 -114.15 -0.336 -0.358 1.751 0.135 0.119 0.610
2003.5740 35.37 -114.15 -0.759 -0.311 1.474 0.157 0.139 0.706
2003.6014 35.37 -114.15 -0.560 -0.431 2.312 0.136 0.119 0.610
2003.6288 35.37 -114.15 -0.696 -0.876 2.005 0.129 0.111 0.580
2003.6562 35.37 -114.15 -0.705 -0.270 1.992 0.138 0.119 0.619
2003.6836 35.37 -114.15 -0.744 -0.492 2.378 0.136 0.119 0.611
2003.7110 35.37 -114.15 -0.710 -0.185 1.748 0.108 0.091 0.484
2003.7384 35.37 -114.15 -1.158 0.089 2.053 0.130 0.112 0.580
2003.7658 35.37 -114.15 -0.866 0.291 -0.426 0.119 0.103 0.535
2003.7932 35.37 -114.15 -0.927 -0.016 1.068 0.133 0.115 0.594
2003.8205 35.37 -114.15 -0.779 0.049 4.289 0.144 0.121 0.635
2003.8479 35.37 -114.15 -0.895 0.150 0.565 0.127 0.102 0.557
2003.8753 35.37 -114.15 -0.728 0.126 1.989 0.133 0.113 0.590
2003.9027 35.37 -114.15 -0.742 -0.119 -0.875 0.122 0.101 0.540
2003.9301 35.37 -114.15 -0.253 -0.179 -0.422 0.127 0.106 0.561
2003.9575 35.37 -114.15 -0.552 -0.058 1.396 0.141 0.121 0.627
2003.9849 35.37 -114.15 -0.346 -0.152 0.405 0.134 0.113 0.594
2004.0123 35.37 -114.15 -0.163 -0.154 0.138 0.144 0.121 0.636
2004.0397 35.37 -114.15 -0.341 -0.446 0.759 0.123 0.096 0.540
2004.0945 35.37 -114.15 -0.042 0.220 -0.766 0.115 0.090 0.505
2004.1219 35.37 -114.15 0.132 -0.190 1.110 0.122 0.099 0.534
2004.1493 35.37 -114.15 -0.169 -0.727 -0.014 0.143 0.116 0.624
2004.1767 35.37 -114.15 -0.050 -0.274 -0.854 0.152 0.126 0.663
2004.2041 35.37 -114.15 -0.065 -0.585 1.157 0.125 0.100 0.544
2004.2315 35.37 -114.15 0.055 -0.219 -1.080 0.127 0.101 0.552
2004.2589 35.37 -114.15 0.206 -0.128 1.520 0.131 0.104 0.569
2004.2863 35.37 -114.15 0.048 -0.415 -0.890 0.132 0.104 0.570
2004.3137 35.37 -114.15 0.197 -0.387 -1.779 0.125 0.099 0.543
2004.3411 35.37 -114.15 0.291 -0.384 0.019 0.137 0.108 0.592
2004.3685 35.37 -114.15 0.130 -0.236 0.881 0.133 0.103 0.574
2004.3959 35.37 -114.15 0.008 -0.215 2.850 0.117 0.091 0.508
2004.4233 35.37 -114.15 0.179 -0.184 2.437 0.112 0.087 0.488
2004.4507 35.37 -114.15 -0.146 -0.253 2.695 0.100 0.077 0.435
2004.4781 35.37 -114.15 -0.114 -0.097 1.807 0.110 0.084 0.475
2004.5055 35.37 -114.15 -0.113 0.314 3.069 0.107 0.082 0.464
2004.5329 35.37 -114.15 -0.410 0.116 3.030 0.102 0.078 0.441
2004.5603 35.37 -114.15 -0.315 0.097 3.468 0.104 0.080 0.452
2004.5877 35.37 -114.15 -0.428 0.007 2.126 0.106 0.080 0.457
2004.6151 35.37 -114.15 -0.502 0.038 1.493 0.116 0.088 0.501
2004.6425 35.37 -114.15 -0.588 0.241 0.612 0.099 0.076 0.433
2004.6699 35.37 -114.15 -0.574 0.007 1.046 0.099 0.076 0.434
2004.6973 35.37 -114.15 -0.661 -0.058 1.333 0.093 0.071 0.410
2004.7247 35.37 -114.15 -0.346 0.467 3.118 0.107 0.081 0.464
2004.7521 35.37 -114.15 -0.458 0.121 0.557 0.103 0.078 0.448
2004.7795 35.37 -114.15 -0.502 0.188 1.086 0.100 0.076 0.435
2004.8068 35.37 -114.15 -0.551 0.459 1.180 0.111 0.084 0.477
2004.8342 35.37 -114.15 -0.449 0.266 -2.405 0.109 0.083 0.470
2004.8616 35.37 -114.15 -0.368 -0.022 -0.175 0.097 0.074 0.423
2004.8890 35.37 -114.15 -0.569 0.102 -1.357 0.096 0.074 0.422
2004.9164 35.37 -114.15 -0.415 0.362 -0.333 0.105 0.081 0.456
2004.9438 35.37 -114.15 -0.355 0.118 -1.988 0.116 0.090 0.507
2004.9712 35.37 -114.15 -0.436 0.232 -1.881 0.105 0.081 0.456
2004.9973 35.37 -114.15 -0.396 0.057 -3.557 0.102 0.079 0.445
2005.0233 35.37 -114.15 -0.147 0.142 -4.417 0.117 0.092 0.507
2005.0507 35.37 -114.15 -0.047 -0.578 -6.782 0.169 0.140 0.734
2005.0781 35.37 -114.15 -0.063 -0.453 -5.763 0.130 0.105 0.564
2005.1055 35.37 -114.15 -0.026 -0.493 -4.841 0.129 0.104 0.561
2005.1329 35.37 -114.15 0.046 -0.488 -5.404 0.132 0.107 0.575
2005.1603 35.37 -114.15 0.045 -0.006 -5.374 0.119 0.095 0.518
2005.1877 35.37 -114.15 0.018 -0.119 -4.821 0.120 0.093 0.520
2005.2151 35.37 -114.15 0.088 -0.148 -4.133 0.113 0.088 0.493
2005.2425 35.37 -114.15 0.242 0.153 -5.343 0.109 0.087 0.478
2005.2699 35.37 -114.15 0.371 -0.058 -5.885 0.116 0.093 0.508
2005.2973 35.37 -114.15 0.345 0.138 -4.259 0.122 0.098 0.536
2005.3247 35.37 -114.15 0.321 0.033 -4.007 0.129 0.104 0.563
2005.3521 35.37 -114.15 0.505 -0.062 -4.608 0.057 0.046 0.272
2005.3795 35.37 -114.15 0.562 -0.328 -2.978 0.121 0.097 0.531
2005.4068 35.37 -114.15 0.384 -0.240 -2.371 0.111 0.089 0.490
2005.4342 35.37 -114.15 0.468 -0.443 -3.701 0.128 0.102 0.561
2005.4616 35.37 -114.15 0.455 -0.343 -2.266 0.116 0.093 0.510
2005.4890 35.37 -114.15 0.213 -0.492 -1.135 0.110 0.089 0.485
2005.5164 35.37 -114.15 -0.011 -0.272 -1.727 0.110 0.089 0.484
2005.5438 35.37 -114.15 -0.111 -0.535 -0.462 0.119 0.097 0.523
2005.5712 35.37 -114.15 -0.294 -0.072 0.415 0.129 0.106 0.567
2005.5986 35.37 -114.15 -0.305 -0.263 -0.767 0.132 0.109 0.580
2005.6260 35.37 -114.15 -0.410 0.273 -0.688 0.117 0.096 0.516
2005.6534 35.37 -114.15 -0.532 0.226 -2.946 0.123 0.102 0.543
2005.6808 35.37 -114.15 -0.651 0.208 -2.602 0.120 0.100 0.534
2005.7082 35.37 -114.15 -0.773 -0.102 -2.013 0.145 0.123 0.641
2005.7356 35.37 -114.15 -0.713 0.045 -2.027 0.128 0.108 0.567
2005.7630 35.37 -114.15 -0.393 0.078 -3.466 0.128 0.108 0.569
2005.7904 35.37 -114.15 -0.475 0.053 -1.859 0.120 0.101 0.536
2005.8178 35.37 -114.15 -0.497 0.031 -0.355 0.123 0.104 0.549
2005.8452 35.37 -114.15 -0.551 0.352 -0.436 0.132 0.112 0.589
2005.8726 35.37 -114.15 -0.390 -0.223 -0.984 0.115 0.097 0.513
2005.9000 35.37 -114.15 -0.347 -0.198 -0.696 0.112 0.094 0.501
2005.9274 35.37 -114.15 -0.235 -0.156 -3.031 0.118 0.092 0.520
2005.9548 35.37 -114.15 -0.232 -0.328 -2.504 0.115 0.091 0.530
2005.9822 35.37 -114.15 -0.001 -0.613 0.907 0.111 0.089 0.498
2006.0096 35.37 -114.15 0.173 -0.932 0.235 0.120 0.099 0.536
2006.0370 35.37 -114.15 0.318 -0.648 -0.168 0.151 0.127 0.669
2006.0644 35.37 -114.15 0.252 -0.488 -1.106 0.153 0.129 0.681
2006.0918 35.37 -114.15 0.437 -0.394 -0.646 0.152 0.129 0.676
2006.1192 35.37 -114.15 0.587 -0.347 -3.046 0.171 0.148 0.761
2006.1466 35.37 -114.15 0.679 -0.380 -3.053 0.135 0.116 0.605
2006.1740 35.37 -114.15 0.713 -0.644 -2.586 0.151 0.132 0.674
2006.2014 35.37 -114.15 0.780 -0.828 -2.837 0.118 0.101 0.530
2006.2288 35.37 -114.15 0.886 -0.807 -1.493 0.151 0.133 0.680
2006.2562 35.37 -114.15 0.528 -1.133 -2.432 0.142 0.126 0.638
2006.2836 35.37 -114.15 0.650 -1.139 -1.582 0.139 0.123 0.626
2006.3110 35.37 -114.15 0.661 -0.867 -4.314 0.148 0.132 0.667
2006.3384 35.37 -114.15 0.476 -0.715 -1.082 0.135 0.119 0.607
2006.3658 35.37 -114.15 0.455 -0.783 -0.919 0.149 0.133 0.671
2006.3932 35.37 -114.15 0.634 -0.249 -1.106 0.147 0.130 0.661
2006.4205 35.37 -114.15 0.441 -0.714 -2.890 0.147 0.131 0.664
2006.4479 35.37 -114.15 0.467 -0.700 -2.407 0.162 0.139 0.725
2006.4753 35.37 -114.15 0.358 -0.393 0.122 0.164 0.145 0.737
2006.5027 35.37 -114.15 -0.182 -0.735 1.060 0.170 0.151 0.765
2006.5301 35.37 -114.15 0.086 -0.200 -1.288 0.201 0.181 0.905
2006.5575 35.37 -114.15 -0.217 -0.384 -1.356 0.160 0.143 0.724
2006.5849 35.37 -114.15 -0.282 -0.428 -1.034 0.165 0.148 0.744
2006.6123 35.37 -114.15 -0.469 -0.339 -1.449 0.202 0.184 0.910
2006.6397 35.37 -114.15 -0.291 -0.408 -0.850 0.172 0.155 0.775
2006.6671 35.37 -114.15 -0.717 -0.334 -0.812 0.157 0.140 0.706
2006.6945 35.37 -114.15 -0.844 -0.554 -0.453 0.199 0.180 0.896
2006.7219 35.37 -114.15 -0.822 -0.094 0.718 0.188 0.166 0.843
2006.7493 35.37 -114.15 -0.677 -0.307 1.269 0.223 0.199 1.000
2006.7767 35.37 -114.15 -0.781 -0.198 0.916 0.193 0.174 0.869
2006.8041 35.37 -114.15 -0.467 -0.330 -1.957 0.156 0.139 0.704
2006.8315 35.37 -114.15 -0.246 -0.662 -2.081 0.181 0.162 0.815
2006.8589 35.37 -114.15 -0.411 -0.115 -0.854 0.177 0.157 0.794
2006.8863 35.37 -114.15 -0.478 -0.714 -1.751 0.170 0.150 0.762
2006.9137 35.37 -114.15 -0.111 -0.635 -0.377 0.165 0.145 0.741
2006.9411 35.37 -114.15 -0.057 -0.585 -0.899 0.162 0.142 0.728
2006.9685 35.37 -114.15 -0.021 -0.501 1.001 0.162 0.139 0.724
2006.9959 35.37 -114.15 0.006 -0.524 -1.549 0.162 0.136 0.719
2007.0233 35.37 -114.15 0.135 -0.346 -0.327 0.151 0.125 0.669
2007.0507 35.37 -114.15 -0.055 -0.014 -1.113 0.157 0.131 0.697
2007.0781 35.37 -114.15 0.140 0.314 -1.964 0.160 0.140 0.718
2007.1055 35.37 -114.15 0.112 -0.098 -1.028 0.143 0.124 0.643
2007.1329 35.37 -114.15 0.409 -0.343 -0.640 0.156 0.135 0.700
2007.1603 35.37 -114.15 0.314 -0.281 -0.787 0.148 0.129 0.667
2007.1877 35.37 -114.15 0.195 0.009 -3.405 0.191 0.171 0.857
2007.2151 35.37 -114.15 0.380 -0.294 -0.092 0.170 0.152 0.765
2007.2425 35.37 -114.15 0.245 0.369 -0.017 0.164 0.146 0.736
2007.2699 35.37 -114.15 0.585 0.081 -0.245 0.131 0.114 0.591
2007.2973 35.37 -114.15 0.565 -0.221 0.804 0.124 0.107 0.558
2007.3247 35.37 -114.15 0.630 -0.558 -1.017 0.151 0.133 0.678
2007.3521 35.37 -114.15 0.568 -0.612 0.639 0.165 0.147 0.741
2007.3795 35.37 -114.15 0.336 -0.812 -1.507 0.172 0.155 0.777
2007.4068 35.37 -114.15 0.396 -0.128 1.152 0.144 0.127 0.651
2007.4342 35.37 -114.15 0.598 -0.167 -1.913 0.138 0.121 0.623
2007.4616 35.37 -114.15 0.459 -0.268 -1.395 0.180 0.162 0.811
2007.4890 35.37 -114.15 0.179 0.052 -0.589 0.139 0.121 0.626
2007.5164 35.37 -114.15 0.169 -0.296 -0.984 0.147 0.129 0.661
2007.5438 35.37 -114.15 -0.220 -0.349 -0.041 0.142 0.125 0.641
2007.5712 35.37 -114.15 -0.227 -0.371 -0.426 0.146 0.128 0.658
2007.5986 35.37 -114.15 -0.556 -0.402 -0.019 0.179 0.158 0.802
2007.6260 35.37 -114.15 -0.432 -0.082 0.534 0.146 0.128 0.658
2007.6534 35.37 -114.15 -0.452 -0.156 0.991 0.149 0.130 0.668
2007.6808 35.37 -114.15 -0.672 -0.205 0.115 0.156 0.136 0.702
2007.7082 35.37 -114.15 -0.623 -0.202 0.644 0.117 0.098 0.526
2007.7356 35.37 -114.15 -0.614 -0.196 1.791 0.161 0.139 0.719
2007.7630 35.37 -114.15 -0.676 0.233 2.345 0.125 0.104 0.560
2007.7904 35.37 -114.15 -0.355 0.197 -0.035 0.158 0.138 0.709
2007.8178 35.37 -114.15 -0.412 0.363 0.262 0.181 0.161 0.813
2007.8452 35.37 -114.15 -0.493 0.341 -0.069 0.148 0.129 0.667
2007.8726 35.37 -114.15 -0.391 -0.194 -1.910 0.172 0.151 0.773
2007.9000 35.37 -114.15 -0.425 -0.279 -0.462 0.184 0.156 0.815
2007.9274 35.37 -114.15 -0.271 -0.165 -1.828 0.178 0.158 0.803
2007.9548 35.37 -114.15 -0.239 -0.314 -1.317 0.135 0.118 0.608
2007.9822 35.37 -114.15 -0.165 -0.118 0.180 0.165 0.146 0.743
2008.0096 35.37 -114.15 -0.122 -0.171 -0.557 0.145 0.128 0.654
2008.0370 35.37 -114.15 -0.077 -0.295 -1.471 0.149 0.133 0.673
2008.0644 35.37 -114.15 -0.100 0.007 -1.581 0.171 0.154 0.772
2008.0918 35.37 -114.15 -0.209 -0.163 -1.395 0.138 0.121 0.624
2008.1192 35.37 -114.15 0.152 0.365 -2.262 0.161 0.144 0.728
2008.1466 35.37 -114.15 0.270 0.110 -1.443 0.187 0.169 0.843
2008.1740 35.37 -114.15 0.336 -0.268 -3.929 0.163 0.147 0.740
2008.2014 35.37 -114.15 0.466 -0.298 -1.066 0.175 0.159 0.789
2008.2288 35.37 -114.15 0.392 0.557 -3.534 0.205 0.182 0.923
2008.2562 35.37 -114.15 0.408 -0.385 -0.634 0.191 0.171 0.860
2008.2836 35.37 -114.15 0.245 -0.389 0.065 0.229 0.205 1.031
2008.3110 35.37 -114.15 0.260 -0.035 -0.714 0.236 0.213 1.063
2008.3384 35.37 -114.15 0.641 0.088 -0.648 0.175 0.157 0.788
2008.3658 35.37 -114.15 0.517 -0.142 -1.328 0.179 0.159 0.806
2008.3932 35.37 -114.15 0.508 -0.090 -0.580 0.163 0.143 0.735
2008.4205 35.37 -114.15 0.436 -0.213 -1.980 0.143 0.125 0.643
2008.4479 35.37 -114.15 0.501 0.213 -1.515 0.145 0.128 0.652
2008.4753 35.37 -114.15 0.581 0.142 0.030 0.141 0.123 0.634
2008.5027 35.37 -114.15 0.077 0.076 1.995 0.172 0.150 0.771
2008.5301 35.37 -114.15 -0.033 -0.200 2.573 0.214 0.187 0.956
2008.5575 35.37 -114.15 -0.272 -0.269 0.164 0.140 0.119 0.627
2008.5849 35.37 -114.15 -0.336 0.082 1.499 0.157 0.138 0.705
2008.6123 35.37 -114.15 -0.240 0.057 1.329 0.132 0.113 0.593
2008.6397 35.37 -114.15 -0.560 0.290 -0.377 0.145 0.125 0.648
2008.6671 35.37 -114.15 -0.606 0.148 -1.020 0.139 0.120 0.623
2008.6945 35.37 -114.15 -0.681 0.637 -1.052 0.135 0.115 0.603
2008.7219 35.37 -114.15 -0.747 0.572 -0.824 0.154 0.135 0.691
2008.7493 35.37 -114.15 -0.633 0.397 0.182 0.140 0.122 0.628
2008.7767 35.37 -114.15 -0.522 0.267 -0.657 0.162 0.144 0.729
2008.8041 35.37 -114.15 -0.477 0.269 0.138 0.163 0.146 0.734
2008.8315 35.37 -114.15 -0.635 0.377 0.043 0.184 0.164 0.829
2008.8589 35.37 -114.15 -0.545 0.184 0.266 0.215 0.193 0.967
2008.8863 35.37 -114.15 -0.612 -0.029 0.274 0.206 0.185 0.928
2008.9137 35.37 -114.15 -0.455 0.128 -0.042 0.196 0.177 0.884
2008.9411 35.37 -114.15 -0.567 -0.005 0.900 0.206 0.184 0.927
2008.9685 35.37 -114.15 -0.326 -0.047 1.827 0.192 0.172 0.867
2008.9945 35.37 -114.15 -0.223 -0.189 -2.187 0.162 0.146 0.735
2009.0205 35.37 -114.15 0.226 -0.113 -2.085 0.159 0.144 0.723
2009.0479 35.37 -114.15 0.092 0.091 -2.119 0.160 0.145 0.725
2009.0753 35.37 -114.15 0.023 -0.197 -3.309 0.154 0.138 0.697
2009.1027 35.37 -114.15 0.130 -0.065 1.469 0.191 0.173 0.863
2009.1301 35.37 -114.15 0.177 -0.170 -0.041 0.152 0.137 0.690
2009.1575 35.37 -114.15 0.113 -0.426 -0.531 0.155 0.139 0.704
2009.1849 35.37 -114.15 0.298 -0.123 0.454 0.177 0.161 0.803
2009.2123 35.37 -114.15 0.418 0.609 0.704 0.154 0.134 0.692
2009.2397 35.37 -114.15 0.465 0.300 2.393 0.173 0.156 0.782
2009.2671 35.37 -114.15 0.452 0.450 1.901 0.145 0.130 0.657
2009.2945 35.37 -114.15 0.514 0.304 0.427 0.149 0.133 0.672
2009.3219 35.37 -114.15 0.496 0.334 2.693 0.155 0.139 0.701
2009.3493 35.37 -114.15 0.683 0.062 0.248 0.143 0.126 0.645
2009.3767 35.37 -114.15 0.640 0.607 0.667 0.150 0.133 0.677
2009.4041 35.37 -114.15 0.166 0.438 1.722 0.133 0.116 0.599
2009.4315 35.37 -114.15 0.421 0.799 -0.087 0.152 0.134 0.684
2009.4589 35.37 -114.15 0.276 0.328 0.209 0.129 0.112 0.583
2009.4863 35.37 -114.15 0.547 -0.430 1.227 0.143 0.123 0.640
2009.5137 35.37 -114.15 0.164 0.063 2.963 0.137 0.116 0.614
2009.5411 35.37 -114.15 0.316 0.051 2.041 0.168 0.145 0.752
2009.5685 35.37 -114.15 0.238 -0.065 1.881 0.181 0.155 0.809
2009.5959 35.37 -114.15 -0.037 -0.127 2.955 0.159 0.135 0.710
2009.6233 35.37 -114.15 -0.031 -0.070 3.228 0.164 0.142 0.733
2009.6507 35.37 -114.15 -0.240 -0.055 4.695 0.158 0.137 0.707
2009.6781 35.37 -114.15 -0.121 -0.029 4.705 0.168 0.148 0.755
2009.7055 35.37 -114.15 -0.244 0.380 2.788 0.174 0.154 0.781
2009.7329 35.37 -114.15 -0.463 0.235 2.128 0.168 0.149 0.755
2009.7603 35.37 -114.15 -0.587 0.115 3.979 0.191 0.170 0.860
2009.7877 35.37 -114.15 -0.494 0.311 2.338 0.176 0.157 0.794
2009.8151 35.37 -114.15 -0.376 0.336 3.236 0.189 0.169 0.850
2009.8425 35.37 -114.15 -0.398 0.253 0.666 0.172 0.153 0.775
2009.8699 35.37 -114.15 -0.250 -0.007 0.818 0.164 0.146 0.741
2009.8973 35.37 -114.15 -0.317 0.238 1.042 0.154 0.137 0.695
2009.9247 35.37 -114.15 -0.320 0.050 -0.359 0.155 0.134 0.695
2009.9521 35.37 -114.15 -0.204 0.201 -2.089 0.144 0.127 0.651
2009.9795 35.37 -114.15 0.127 0.121 -0.439 0.148 0.131 0.670
2010.0068 35.37 -114.15 0.076 0.060 0.191 0.186 0.167 0.840
2010.0342 35.37 -114.15 0.085 0.258 1.429 0.146 0.129 0.661
2010.0616 35.37 -114.15 0.237 0.260 -0.313 0.150 0.132 0.676
2010.0890 35.37 -114.15 0.037 0.630 -0.699 0.178 0.160 0.804
2010.1164 35.37 -114.15 0.152 0.358 -3.627 0.184 0.165 0.830
2010.1438 35.37 -114.15 -0.018 0.440 -2.514 0.178 0.158 0.801
2010.1712 35.37 -114.15 -0.080 0.088 -3.812 0.170 0.151 0.766
2010.1986 35.37 -114.15 0.129 0.366 -3.006 0.163 0.144 0.735
2010.2260 35.37 -114.15 0.219 -0.002 -1.396 0.178 0.158 0.802
2010.2534 35.37 -114.15 0.177 0.343 -1.748 0.184 0.162 0.827
2010.2808 35.37 -114.15 0.160 0.250 -1.319 0.143 0.124 0.642
2010.3082 35.37 -114.15 0.304 0.239 -1.646 0.149 0.130 0.670
2010.3356 35.37 -114.15 0.590 -0.144 -1.891 0.137 0.116 0.616
2010.3630 35.37 -114.15 0.406 -0.286 -2.428 0.146 0.124 0.653
2010.3904 35.37 -114.15 0.494 -0.268 0.283 0.152 0.120 0.664
2010.4178 35.37 -114.15 0.874 0.175 0.771 0.155 0.131 0.693
2010.4452 35.37 -114.15 0.357 -0.120 -0.877 0.138 0.117 0.619
2010.4726 35.37 -114.15 0.194 0.184 -1.281 0.125 0.104 0.561
2010.5000 35.37 -114.15 0.301 0.333 -0.334 0.140 0.119 0.627
2010.5274 35.37 -114.15 0.070 0.164 0.529 0.213 0.191 0.955
2010.5548 35.37 -114.15 0.232 0.491 -0.990 0.138 0.121 0.623
2010.5822 35.37 -114.15 -0.063 0.651 -0.751 0.125 0.110 0.566
2010.6096 35.37 -114.15 -0.501 0.493 -1.963 0.160 0.143 0.719
2010.6370 35.37 -114.15 -0.517 0.579 -1.257 0.143 0.127 0.647
2010.6644 35.37 -114.15 -0.489 0.526 -1.448 0.135 0.119 0.609
2010.6918 35.37 -114.15 -0.226 0.485 0.794 0.160 0.144 0.723
2010.7192 35.37 -114.15 -0.268 0.306 -1.870 0.149 0.134 0.675
2010.7466 35.37 -114.15 -0.365 0.341 -1.892 0.172 0.155 0.776
2010.7740 35.37 -114.15 -0.466 0.587 -0.218 0.142 0.126 0.643
2010.8014 35.37 -114.15 -0.439 0.249 -0.694 0.135 0.120 0.612
2010.8288 35.37 -114.15 -0.361 -0.105 -1.874 0.153 0.137 0.692
2010.8562 35.37 -114.15 -0.372 0.261 -0.737 0.151 0.135 0.680
2010.8836 35.37 -114.15 -0.191 0.088 -0.419 0.141 0.124 0.636
2010.9110 35.37 -114.15 -0.215 0.187 -0.842 0.153 0.136 0.690
2010.9384 35.37 -114.15 0.080 -0.092 -1.456 0.159 0.141 0.714
2010.9658 35.37 -114.15 0.174 -0.124 -0.176 0.174 0.155 0.780
2010.9932 35.37 -114.15 0.055 -0.040 -1.067 0.154 0.098 0.633
2011.1027 35.37 -114.15 0.255 -0.108 -4.230 0.149 0.116 0.654
2011.1301 35.37 -114.15 0.771 -0.421 -0.737 0.208 0.184 0.930
2011.1575 35.37 -114.15 0.617 -0.273 -2.538 0.143 0.122 0.638
2011.1849 35.37 -114.15 0.718 -0.366 -5.951 0.116 0.096 0.521
2011.2123 35.37 -114.15 0.766 -0.331 -5.760 0.177 0.157 0.794
2011.2397 35.37 -114.15 0.800 -0.652 -3.610 0.183 0.163 0.822
2011.2671 35.37 -114.15 0.871 -0.617 0.135 0.150 0.132 0.674
2011.2945 35.37 -114.15 1.068 -0.301 -2.250 0.173 0.154 0.776
2011.3219 35.37 -114.15 1.034 -0.288 -0.786 0.162 0.145 0.729
2011.3493 35.37 -114.15 0.745 -0.038 -2.266 0.147 0.130 0.661
2011.3767 35.37 -114.15 0.988 -0.208 -2.072 0.170 0.152 0.764
2011.4041 35.37 -114.15 0.960 -0.242 -1.718 0.152 0.133 0.682
2011.4315 35.37 -114.15 1.163 -0.615 -2.194 0.161 0.129 0.708
2011.5137 35.37 -114.15 0.620 0.120 -2.448 0.144 0.121 0.642
2011.5411 35.37 -114.15 0.481 0.101 -2.087 0.149 0.130 0.669
2011.5685 35.37 -114.15 0.348 -0.113 -1.913 0.147 0.126 0.658
2011.5959 35.37 -114.15 0.359 0.105 -2.906 0.156 0.136 0.699
2011.6233 35.37 -114.15 -0.042 -0.057 -4.066 0.157 0.135 0.703
2011.6507 35.37 -114.15 -0.082 0.180 -1.719 0.182 0.160 0.814
2011.6781 35.37 -114.15 0.246 -0.062 -2.144 0.169 0.149 0.757
2011.7055 35.37 -114.15 0.100 0.065 -2.053 0.169 0.150 0.757
2011.7329 35.37 -114.15 -0.152 -0.297 -0.776 0.194 0.174 0.868
2011.7603 35.37 -114.15 0.237 0.420 -4.227 0.167 0.149 0.751
2011.7877 35.37 -114.15 0.180 0.094 -2.808 0.177 0.159 0.796
2011.8151 35.37 -114.15 0.074 0.016 -1.806 0.175 0.156 0.783
2011.8425 35.37 -114.15 -0.090 -0.376 -2.923 0.188 0.169 0.842
2011.8699 35.37 -114.15 0.237 0.536 2.659 0.185 0.159 0.821
2011.9521 35.37 -114.15 0.091 0.027 -1.361 0.133 0.095 0.566
2011.9795 35.37 -114.15 -0.021 0.135 -1.238 0.154 0.133 0.685
2012.0068 35.37 -114.15 0.159 0.083 -1.157 0.144 0.123 0.639
2012.0342 35.37 -114.15 0.074 0.029 -0.479 0.171 0.146 0.754
2012.0616 35.37 -114.15 0.308 -0.088 -1.420 0.150 0.127 0.663
2012.0890 35.37 -114.15 0.211 -0.151 -0.922 0.149 0.124 0.655
2012.1164 35.37 -114.15 0.355 0.244 -0.694 0.147 0.121 0.643
2012.1438 35.37 -114.15 0.274 -0.289 -1.866 0.152 0.124 0.664
2012.1712 35.37 -114.15 0.252 -0.124 -1.258 0.147 0.118 0.639
2012.1986 35.37 -114.15 0.176 0.003 -1.062 0.134 0.106 0.583
2012.2260 35.37 -114.15 0.602 -0.103 0.730 0.135 0.109 0.588
2012.2534 35.37 -114.15 0.809 0.015 1.216 0.131 0.105 0.572
2012.2808 35.37 -114.15 0.700 0.001 -1.429 0.123 0.098 0.536
2012.3082 35.37 -114.15 0.521 -0.082 0.204 0.157 0.096 0.637
2012.3904 35.37 -114.15 0.429 -0.764 0.040 0.156 0.117 0.672
2012.4178 35.37 -114.15 0.592 -0.137 1.390 0.113 0.090 0.494
2012.4452 35.37 -114.15 0.497 -0.410 0.205 0.112 0.089 0.491
2012.4726 35.37 -114.15 0.458 -0.414 2.296 0.121 0.095 0.526
2012.5000 35.37 -114.15 0.199 -0.130 2.719 0.115 0.091 0.504
2012.5274 35.37 -114.15 -0.045 -0.397 1.417 0.122 0.097 0.531
2012.5548 35.37 -114.15 -0.250 -0.465 -1.152 0.122 0.097 0.530
2012.5822 35.37 -114.15 -0.249 -0.445 0.898 0.128 0.103 0.559
2012.6096 35.37 -114.15 -0.370 -0.299 2.068 0.126 0.103 0.550
2012.6370 35.37 -114.15 -0.341 0.140 1.705 0.116 0.095 0.512
2012.6644 35.37 -114.15 -0.319 -0.468 1.296 0.126 0.104 0.556
2012.6918 35.37 -114.15 -0.580 -0.064 2.451 0.129 0.109 0.572
2012.7192 35.37 -114.15 -0.715 -0.291 1.103 0.153 0.132 0.678
2012.7466 35.37 -114.15 -0.680 -0.074 -0.862 0.123 0.086 0.517
2012.8562 35.37 -114.15 -0.315 -0.710 2.942 0.161 0.138 0.712
2012.8836 35.37 -114.15 -0.277 -0.734 -0.440 0.148 0.133 0.666
2012.9110 35.37 -114.15 -0.078 -0.599 1.202 0.141 0.126 0.634
2012.9384 35.37 -114.15 -0.248 -0.865 -0.537 0.138 0.119 0.619
2012.9658 35.37 -114.15 -0.174 -0.901 -2.199 0.151 0.135 0.679
2012.9918 35.37 -114.15 0.098 -0.706 -1.480 0.077 0.067 0.353
2013.0178 35.37 -114.15 0.282 -0.725 -0.935 0.089 0.079 0.408
2013.0452 35.37 -114.15 0.224 -1.100 0.617 0.089 0.078 0.406
2013.0726 35.37 -114.15 0.409 -0.828 1.022 0.082 0.072 0.377
2013.1000 35.37 -114.15 0.251 -0.900 0.440 0.085 0.074 0.387
2013.1274 35.37 -114.15 0.344 -1.020 -1.179 0.079 0.068 0.362
2013.1548 35.37 -114.15 0.518 -1.015 1.309 0.077 0.062 0.348
2013.2644 35.37 -114.15 0.747 -0.509 2.800 0.095 0.044 0.368
2013.2918 35.37 -114.15 0.831 -0.258 2.808 0.081 0.070 0.371
2013.3192 35.37 -114.15 0.781 -0.270 3.106 0.089 0.078 0.406
2013.3466 35.37 -114.15 0.626 -0.394 2.011 0.091 0.081 0.416
2013.3740 35.37 -114.15 0.599 -0.050 2.917 0.078 0.069 0.362
2013.4014 35.37 -114.15 0.556 0.176 2.203 0.081 0.072 0.372
2013.4288 35.37 -114.15 0.349 0.064 2.296 0.072 0.063 0.334
2013.4562 35.37 -114.15 0.481 0.339 2.753 0.074 0.064 0.339
2013.4836 35.37 -114.15 0.626 -0.189 1.803 0.075 0.065 0.346
2013.5110 35.37 -114.15 0.108 0.388 2.081 0.084 0.074 0.384
2013.5384 35.37 -114.15 0.098 0.400 2.564 0.084 0.070 0.378
2013.5658 35.37 -114.15 -0.408 0.106 1.280 0.086 0.075 0.394
2013.7575 35.37 -114.15 -0.294 0.713 2.225 0.084 0.070 0.379
2013.7849 35.37 -114.15 -0.454 -0.087 -0.246 0.086 0.073 0.388
2013.8123 35.37 -114.15 -0.278 0.525 0.299 0.079 0.066 0.357
2013.8397 35.37 -114.15 -0.358 0.498 0.818 0.079 0.067 0.361
2013.8671 35.37 -114.15 -0.150 -0.123 0.704 0.085 0.071 0.385
2013.8945 35.37 -114.15 -0.225 0.200 -1.717 0.079 0.066 0.358
2013.9219 35.37 -114.15 -0.212 -0.121 -1.028 0.071 0.059 0.325
2013.9493 35.37 -114.15 -0.123 0.369 0.714 0.075 0.063 0.342
2013.9767 35.37 -114.15 0.109 0.433 -0.460 0.076 0.063 0.347
2014.0041 35.37 -114.15 0.195 0.647 1.943 0.074 0.061 0.336
2014.0315 35.37 -114.15 0.184 0.898 1.261 0.076 0.063 0.346
2014.1685 35.37 -114.15 0.212 0.549 4.432 0.081 0.068 0.367
2014.1959 35.37 -114.15 0.626 0.734 4.039 0.081 0.071 0.370
2014.2233 35.37 -114.15 0.363 0.176 2.747 0.077 0.067 0.354
2014.2507 35.37 -114.15 0.403 0.595 3.347 0.071 0.061 0.327
2014.2781 35.37 -114.15 0.392 0.301 4.529 0.075 0.065 0.345
2014.3055 35.37 -114.15 0.332 0.291 3.093 0.072 0.062 0.332
2014.3329 35.37 -114.15 0.312 0.360 4.152 0.060 0.051 0.280
2014.3603 35.37 -114.15 0.253 0.611 3.225 0.067 0.058 0.312
2014.3877 35.37 -114.15 0.773 0.290 4.369 0.067 0.058 0.312
2014.4151 35.37 -114.15 0.476 0.590 2.355 0.067 0.058 0.311
2014.4425 35.37 -114.15 0.440 0.721 1.859 0.071 0.061 0.328
2014.4699 35.37 -114.15 0.353 0.535 3.352 0.071 0.060 0.326
2014.5795 35.37 -114.15 -0.060 0.638 1.661 0.065 0.049 0.297
2014.6068 35.37 -114.15 -0.237 0.267 1.805 0.063 0.053 0.291
2014.6342 35.37 -114.15 -0.353 0.567 2.898 0.058 0.047 0.269
2014.6616 35.37 -114.15 -0.303 0.893 1.130 0.064 0.053 0.295
2014.6890 35.37 -114.15 -0.280 0.495 2.388 0.062 0.052 0.288
2014.7164 35.37 -114.15 -0.551 0.669 0.750 0.061 0.051 0.282
2014.7438 35.37 -114.15 -0.317 0.677 0.699 0.066 0.056 0.303
2014.7712 35.37 -114.15 -0.282 0.761 0.901 0.065 0.055 0.300
2014.7986 35.37 -114.15 -0.400 0.762 1.616 0.059 0.048 0.271
2014.8260 35.37 -114.15 -0.518 0.390 0.766 0.058 0.048 0.270
2014.8534 35.37 -114.15 -0.215 0.740 0.574 0.062 0.051 0.284
2014.8808 35.37 -114.15 -0.500 0.813 -0.320 0.062 0.051 0.284
2014.9082 35.37 -114.15 -0.019 0.578 1.375 0.063 0.052 0.289
2015.0452 35.37 -114.15 0.083 0.431 1.157 0.049 0.037 0.227
2015.0726 35.37 -114.15 0.062 0.442 1.711 0.053 0.038 0.238
2015.1000 35.37 -114.15 0.295 0.914 0.166 0.047 0.036 0.220
2015.1274 35.37 -114.15 0.146 0.281 2.326 0.044 0.033 0.207
2015.1548 35.37 -114.15 0.101 0.622 0.966 0.051 0.037 0.230
2015.1822 35.37 -114.15 0.126 0.306 0.492 0.048 0.035 0.221
2015.2096 35.37 -114.15 0.134 0.783 3.788 0.062 0.048 0.279
2015.2370 35.37 -114.15 0.261 0.441 2.922 0.067 0.055 0.305
2015.2644 35.37 -114.15 0.248 0.737 3.238 0.059 0.049 0.274
2015.2918 35.37 -114.15 0.197 0.416 2.245 0.060 0.050 0.277
2015.3192 35.37 -114.15 0.426 0.785 2.013 0.057 0.048 0.268
2015.3466 35.37 -114.15 0.064 0.575 3.390 0.062 0.051 0.286
2015.4836 35.37 -114.15 -0.264 0.652 4.507 0.059 0.041 0.264
2015.5110 35.37 -114.15 -0.211 1.184 5.173 0.056 0.043 0.258
2015.5384 35.37 -114.15 -0.219 0.865 4.991 0.061 0.048 0.279
2015.5658 35.37 -114.15 -0.231 0.335 5.034 0.061 0.050 0.281
2015.5932 35.37 -114.15 -0.373 0.451 3.297 0.064 0.052 0.290
2015.6205 35.37 -114.15 -0.312 0.782 2.362 0.062 0.050 0.282
2015.6479 35.37 -114.15 -0.444 0.960 3.288 0.060 0.049 0.275
2015.6753 35.37 -114.15 -0.634 0.626 3.526 0.058 0.046 0.266
2015.7027 35.37 -114.15 -0.616 0.833 2.853 0.063 0.051 0.287
2015.7301 35.37 -114.15 -0.945 0.450 6.711 0.063 0.051 0.287
2015.9493 35.37 -114.15 -0.180 1.398 1.775 0.061 0.050 0.281
2015.9767 35.37 -114.15 -0.165 1.052 2.938 0.063 0.053 0.291
2016.0041 35.37 -114.15 -0.010 0.703 1.080 0.058 0.047 0.266
2016.0315 35.37 -114.15 0.274 0.768 0.530 0.055 0.045 0.254
2016.0589 35.37 -114.15 0.417 0.874 1.518 0.056 0.046 0.260
2016.0863 35.37 -114.15 0.166 1.158 2.273 0.051 0.042 0.241
2016.1137 35.37 -114.15 0.275 1.244 0.051 0.057 0.047 0.264
2016.1411 35.37 -114.15 0.032 1.003 -1.172 0.067 0.055 0.304
2016.1685 35.37 -114.15 -0.002 0.400 1.082 0.072 0.061 0.326
2016.1959 35.37 -114.15 0.174 0.416 0.760 0.070 0.061 0.324
2016.2233 35.37 -114.15 0.523 0.137 -0.263 0.071 0.063 0.329
2016.2507 35.37 -114.15 0.563 0.066 4.571 0.060 0.049 0.275
2016.3603 35.37 -114.15 0.420 0.600 5.118 0.055 0.046 0.258
2016.3877 35.37 -114.15 0.781 0.580 5.771 0.065 0.054 0.296
2016.4151 35.37 -114.15 0.822 0.490 5.481 0.064 0.053 0.291
2016.4425 35.37 -114.15 0.643 1.087 6.766 0.068 0.057 0.309
2016.4699 35.37 -114.15 0.392 0.671 4.997 0.066 0.056 0.303
