2002.5877 39.02 -84.61 0.322 0.316 4.246 0.114 0.097 0.517
2002.6151 39.02 -84.61 0.120 0.226 6.568 0.109 0.094 0.495
2002.6425 39.02 -84.61 0.256 0.463 2.983 0.111 0.095 0.504
2002.6699 39.02 -84.61 -0.117 0.486 4.145 0.097 0.082 0.441
2002.6973 39.02 -84.61 -0.206 0.074 1.490 0.164 0.077 0.620
2002.7247 39.02 -84.61 -0.324 0.242 4.641 0.103 0.089 0.467
2002.7521 39.02 -84.61 -0.620 0.998 3.960 0.096 0.083 0.436
2002.7795 39.02 -84.61 -0.827 0.463 2.092 0.111 0.096 0.507
2002.8068 39.02 -84.61 -0.895 0.686 1.655 0.099 0.085 0.449
2002.8342 39.02 -84.61 -0.954 1.070 -1.331 0.098 0.084 0.445
2002.8616 39.02 -84.61 -1.316 0.399 -0.927 0.101 0.075 0.442
2002.8890 39.02 -84.61 -0.943 0.564 -0.709 0.099 0.084 0.448
2002.9164 39.02 -84.61 -0.863 0.402 -0.734 0.106 0.089 0.481
2003.0260 39.02 -84.61 -0.766 0.290 -1.372 0.120 0.101 0.545
2003.0534 39.02 -84.61 -0.932 -0.339 -1.329 0.194 0.167 0.866
2003.0808 39.02 -84.61 -0.649 -0.315 -0.083 0.174 0.142 0.775
2003.1082 39.02 -84.61 -1.015 0.428 -1.992 0.102 0.084 0.463
2003.1356 39.02 -84.61 -0.633 0.126 -3.127 0.095 0.078 0.432
2003.1630 39.02 -84.61 -0.981 0.047 -4.041 0.100 0.083 0.456
2003.1904 39.02 -84.61 -1.030 -0.213 -3.260 0.118 0.095 0.530
2003.2178 39.02 -84.61 -1.331 -0.096 -1.662 0.099 0.082 0.450
2003.2452 39.02 -84.61 -0.900 -0.049 -1.953 0.096 0.081 0.440
2003.2726 39.02 -84.61 -0.711 -0.136 0.225 0.094 0.079 0.429
2003.3000 39.02 -84.61 -0.867 0.043 -1.075 0.092 0.078 0.420
2003.3274 39.02 -84.61 -0.821 -0.118 -0.320 0.119 0.102 0.541
2003.3548 39.02 -84.61 -0.538 0.101 -3.148 0.130 0.113 0.588
2003.3822 39.02 -84.61 -0.710 -0.662 -2.857 0.120 0.098 0.538
2003.5192 39.02 -84.61 -0.671 0.056 -1.916 0.124 0.109 0.560
2003.5466 39.02 -84.61 -0.695 0.104 -0.548 0.136 0.121 0.616
2003.5740 39.02 -84.61 -0.882 0.229 -1.353 0.158 0.142 0.713
2003.6014 39.02 -84.61 -1.009 0.540 -0.917 0.136 0.121 0.616
2003.6288 39.02 -84.61 -1.069 0.545 -0.233 0.130 0.114 0.587
2003.6562 39.02 -84.61 -1.012 1.091 2.149 0.139 0.122 0.626
2003.6836 39.02 -84.61 -1.186 1.055 -0.189 0.137 0.121 0.616
2003.7110 39.02 -84.61 -1.219 0.555 -0.870 0.108 0.093 0.490
2003.7384 39.02 -84.61 -1.282 0.490 -0.226 0.130 0.114 0.586
2003.7658 39.02 -84.61 -1.294 0.117 -0.821 0.120 0.105 0.540
2003.7932 39.02 -84.61 -1.167 0.836 0.720 0.133 0.117 0.600
2003.8205 39.02 -84.61 -1.013 1.302 -1.940 0.145 0.123 0.642
2003.8479 39.02 -84.61 -0.870 0.309 -1.863 0.128 0.105 0.564
2003.8753 39.02 -84.61 -0.935 0.289 -0.821 0.133 0.115 0.596
2003.9027 39.02 -84.61 -0.772 0.811 -4.161 0.123 0.103 0.546
2003.9301 39.02 -84.61 -0.752 0.381 -2.002 0.128 0.108 0.567
2003.9575 39.02 -84.61 -0.897 0.588 -3.474 0.142 0.123 0.632
2003.9849 39.02 -84.61 -0.760 0.249 -3.541 0.136 0.115 0.600
2004.0123 39.02 -84.61 -0.697 0.085 -1.859 0.146 0.123 0.642
2004.0397 39.02 -84.61 -0.702 0.481 -1.899 0.124 0.099 0.549
2004.0945 39.02 -84.61 -0.674 0.308 -6.904 0.116 0.093 0.513
2004.1219 39.02 -84.61 -0.646 0.111 -5.034 0.123 0.101 0.540
2004.1493 39.02 -84.61 -0.673 -0.019 -3.553 0.144 0.119 0.630
2004.1767 39.02 -84.61 -0.902 0.231 -2.385 0.154 0.127 0.669
2004.2041 39.02 -84.61 -0.905 0.223 -1.005 0.126 0.102 0.550
2004.2315 39.02 -84.61 -0.474 0.164 -3.014 0.128 0.103 0.558
2004.2589 39.02 -84.61 -0.319 -0.237 -2.788 0.133 0.106 0.575
2004.2863 39.02 -84.61 -0.573 -0.091 -3.017 0.133 0.106 0.576
2004.3137 39.02 -84.61 -0.221 0.082 -4.201 0.127 0.100 0.548
2004.3411 39.02 -84.61 -0.122 -0.041 -4.071 0.139 0.110 0.597
2004.3685 39.02 -84.61 -0.064 -0.574 -2.412 0.134 0.105 0.580
2004.3959 39.02 -84.61 -0.014 -0.185 -3.312 0.118 0.093 0.514
2004.4233 39.02 -84.61 -0.203 -0.033 -4.527 0.114 0.089 0.494
2004.4507 39.02 -84.61 0.134 -0.331 -4.046 0.101 0.079 0.440
2004.4781 39.02 -84.61 -0.104 -0.359 -2.359 0.111 0.086 0.480
2004.5055 39.02 -84.61 -0.023 -0.121 -2.413 0.109 0.084 0.470
2004.5329 39.02 -84.61 -0.098 -0.187 -1.678 0.103 0.080 0.447
2004.5603 39.02 -84.61 -0.013 0.046 -0.463 0.106 0.082 0.457
2004.5877 39.02 -84.61 -0.237 0.270 -1.288 0.107 0.082 0.463
2004.6151 39.02 -84.61 -0.275 0.195 -0.033 0.118 0.091 0.508
2004.6425 39.02 -84.61 -0.307 0.305 0.910 0.100 0.078 0.439
2004.6699 39.02 -84.61 -0.499 0.527 0.869 0.101 0.078 0.440
2004.6973 39.02 -84.61 -0.581 0.806 0.659 0.094 0.074 0.416
2004.7247 39.02 -84.61 -0.778 0.721 -0.083 0.108 0.084 0.470
2004.7521 39.02 -84.61 -0.778 0.552 0.891 0.104 0.081 0.454
2004.7795 39.02 -84.61 -0.853 0.615 1.568 0.101 0.078 0.441
2004.8068 39.02 -84.61 -0.925 0.709 0.573 0.112 0.086 0.483
2004.8342 39.02 -84.61 -0.779 0.029 -1.217 0.110 0.085 0.476
2004.8616 39.02 -84.61 -0.655 0.261 -0.051 0.098 0.076 0.428
2004.8890 39.02 -84.61 -0.606 0.170 -1.885 0.098 0.076 0.427
2004.9164 39.02 -84.61 -0.699 0.084 -2.657 0.106 0.083 0.461
2004.9438 39.02 -84.61 -0.633 -0.433 -4.764 0.118 0.093 0.514
2004.9712 39.02 -84.61 -0.675 -0.074 -4.356 0.106 0.083 0.460
2004.9973 39.02 -84.61 -0.548 -0.174 -5.281 0.103 0.081 0.450
2005.0233 39.02 -84.61 -0.380 -0.019 -7.863 0.118 0.094 0.512
2005.0507 39.02 -84.61 -0.555 -0.208 -7.086 0.171 0.141 0.738
2005.0781 39.02 -84.61 -0.364 -0.158 -4.441 0.131 0.106 0.568
2005.1055 39.02 -84.61 -0.494 0.294 -3.300 0.130 0.106 0.566
2005.1329 39.02 -84.61 -0.161 0.394 -4.741 0.133 0.109 0.580
2005.1603 39.02 -84.61 -0.319 0.133 -6.812 0.120 0.097 0.523
2005.1877 39.02 -84.61 -0.110 -0.047 -4.024 0.121 0.096 0.526
2005.2151 39.02 -84.61 0.041 -0.105 -3.487 0.114 0.090 0.500
2005.2425 39.02 -84.61 -0.311 -0.314 -3.061 0.110 0.089 0.483
2005.2699 39.02 -84.61 -0.433 -0.558 -4.605 0.117 0.095 0.514
2005.2973 39.02 -84.61 -0.343 -0.548 -1.000 0.124 0.100 0.541
2005.3247 39.02 -84.61 -0.144 0.007 -0.682 0.130 0.106 0.570
2005.3521 39.02 -84.61 -0.079 -0.230 -0.441 0.058 0.047 0.276
2005.3795 39.02 -84.61 -0.063 -0.405 -2.095 0.122 0.100 0.537
2005.4068 39.02 -84.61 0.066 -0.298 -2.588 0.112 0.091 0.496
2005.4342 39.02 -84.61 -0.012 -0.539 -1.073 0.129 0.105 0.568
2005.4616 39.02 -84.61 -0.142 -0.521 0.568 0.117 0.096 0.516
2005.4890 39.02 -84.61 -0.188 -0.363 2.874 0.111 0.091 0.490
2005.5164 39.02 -84.61 -0.257 0.111 2.051 0.111 0.091 0.490
2005.5438 39.02 -84.61 -0.507 0.411 1.172 0.120 0.099 0.529
2005.5712 39.02 -84.61 -0.474 0.496 0.833 0.130 0.108 0.574
2005.5986 39.02 -84.61 -0.546 0.393 1.767 0.133 0.111 0.586
2005.6260 39.02 -84.61 -0.559 0.284 1.206 0.118 0.098 0.522
2005.6534 39.02 -84.61 -0.623 0.336 1.917 0.124 0.104 0.549
2005.6808 39.02 -84.61 -0.743 0.690 3.069 0.121 0.102 0.540
2005.7082 39.02 -84.61 -0.568 0.344 4.602 0.146 0.125 0.648
2005.7356 39.02 -84.61 -0.523 0.282 4.340 0.129 0.110 0.573
2005.7630 39.02 -84.61 -0.609 0.496 3.427 0.129 0.110 0.575
2005.7904 39.02 -84.61 -0.631 0.416 3.207 0.121 0.103 0.541
2005.8178 39.02 -84.61 -0.318 0.744 2.532 0.124 0.107 0.555
2005.8452 39.02 -84.61 -0.357 0.867 4.829 0.133 0.114 0.595
2005.8726 39.02 -84.61 -0.222 0.735 5.052 0.116 0.099 0.518
2005.9000 39.02 -84.61 -0.008 0.662 2.138 0.113 0.096 0.507
2005.9274 39.02 -84.61 -0.139 0.453 1.108 0.120 0.095 0.528
2005.9548 39.02 -84.61 -0.173 0.345 -0.801 0.116 0.095 0.542
2005.9822 39.02 -84.61 0.072 0.699 0.792 0.112 0.092 0.506
2006.0096 39.02 -84.61 -0.093 0.362 1.565 0.121 0.102 0.543
2006.0370 39.02 -84.61 -0.243 0.236 0.641 0.152 0.130 0.677
2006.0644 39.02 -84.61 -0.167 0.311 -1.193 0.154 0.132 0.689
2006.0918 39.02 -84.61 -0.071 0.109 -2.038 0.153 0.132 0.684
2006.1192 39.02 -84.61 0.134 0.349 -1.531 0.172 0.151 0.769
2006.1466 39.02 -84.61 0.042 0.134 -1.421 0.136 0.119 0.611
2006.1740 39.02 -84.61 0.061 0.072 -1.075 0.152 0.134 0.681
2006.2014 39.02 -84.61 0.013 -0.066 -2.332 0.119 0.103 0.536
2006.2288 39.02 -84.61 0.003 -0.262 -1.382 0.152 0.136 0.686
2006.2562 39.02 -84.61 0.179 0.079 -1.342 0.143 0.128 0.644
2006.2836 39.02 -84.61 0.260 -0.193 0.197 0.140 0.125 0.632
2006.3110 39.02 -84.61 0.450 -0.220 -1.224 0.149 0.134 0.673
2006.3384 39.02 -84.61 0.142 0.036 -0.044 0.135 0.122 0.612
2006.3658 39.02 -84.61 0.183 -0.127 0.591 0.150 0.135 0.677
2006.3932 39.02 -84.61 0.340 -0.232 -0.632 0.147 0.133 0.667
2006.4205 39.02 -84.61 0.186 -0.077 0.813 0.148 0.133 0.671
2006.4479 39.02 -84.61 0.305 -0.242 1.229 0.164 0.142 0.732
2006.4753 39.02 -84.61 0.086 0.417 1.013 0.165 0.148 0.744
2006.5027 39.02 -84.61 -0.276 0.414 1.140 0.171 0.154 0.772
2006.5301 39.02 -84.61 0.244 0.704 0.424 0.202 0.184 0.912
2006.5575 39.02 -84.61 0.114 0.535 -1.002 0.161 0.146 0.731
2006.5849 39.02 -84.61 0.164 0.170 1.303 0.166 0.150 0.751
2006.6123 39.02 -84.61 0.028 0.310 4.288 0.203 0.187 0.917
2006.6397 39.02 -84.61 -0.126 0.274 2.259 0.173 0.158 0.781
2006.6671 39.02 -84.61 -0.220 0.671 4.053 0.157 0.143 0.713
2006.6945 39.02 -84.61 -0.526 0.931 4.416 0.200 0.183 0.903
2006.7219 39.02 -84.61 -0.273 0.622 2.088 0.189 0.170 0.851
2006.7493 39.02 -84.61 -0.351 0.735 2.568 0.224 0.203 1.009
2006.7767 39.02 -84.61 -0.401 0.938 3.948 0.194 0.177 0.877
2006.8041 39.02 -84.61 -0.386 0.553 0.512 0.157 0.142 0.711
2006.8315 39.02 -84.61 -0.619 0.547 2.241 0.182 0.165 0.823
2006.8589 39.02 -84.61 -0.400 1.151 -0.518 0.178 0.160 0.801
2006.8863 39.02 -84.61 -0.416 0.639 -0.008 0.171 0.153 0.770
2006.9137 39.02 -84.61 -0.279 0.605 0.197 0.166 0.148 0.748
2006.9411 39.02 -84.61 -0.212 0.213 -2.126 0.163 0.145 0.736
2006.9685 39.02 -84.61 -0.142 0.436 -1.420 0.163 0.143 0.733
2006.9959 39.02 -84.61 -0.273 -0.047 -3.157 0.163 0.140 0.728
2007.0233 39.02 -84.61 -0.239 0.015 -2.705 0.152 0.128 0.678
2007.0507 39.02 -84.61 -0.297 -0.288 -3.561 0.158 0.135 0.706
2007.0781 39.02 -84.61 -0.215 -0.177 -2.819 0.161 0.143 0.726
2007.1055 39.02 -84.61 0.024 -0.586 -0.859 0.144 0.127 0.650
2007.1329 39.02 -84.61 0.081 -0.308 -0.518 0.157 0.138 0.707
2007.1603 39.02 -84.61 -0.102 -0.375 -3.079 0.149 0.132 0.674
2007.1877 39.02 -84.61 -0.199 -0.827 1.003 0.192 0.174 0.864
2007.2151 39.02 -84.61 0.114 0.083 -2.200 0.171 0.155 0.772
2007.2425 39.02 -84.61 0.463 -0.317 -1.929 0.164 0.149 0.743
2007.2699 39.02 -84.61 0.178 -0.255 -1.715 0.132 0.116 0.597
2007.2973 39.02 -84.61 0.076 -0.255 -2.106 0.125 0.109 0.565
2007.3247 39.02 -84.61 0.164 0.022 -0.640 0.151 0.136 0.685
2007.3521 39.02 -84.61 -0.052 -0.546 -0.490 0.165 0.150 0.748
2007.3795 39.02 -84.61 0.194 -0.316 0.395 0.173 0.158 0.784
2007.4068 39.02 -84.61 0.494 -0.470 -0.014 0.145 0.130 0.657
2007.4342 39.02 -84.61 0.458 -0.410 0.931 0.139 0.124 0.629
2007.4616 39.02 -84.61 0.474 -0.399 0.383 0.181 0.165 0.819
2007.4890 39.02 -84.61 0.329 -0.532 2.061 0.140 0.124 0.633
2007.5164 39.02 -84.61 0.145 -0.610 5.108 0.148 0.132 0.667
2007.5438 39.02 -84.61 0.211 -0.285 3.429 0.143 0.128 0.648
2007.5712 39.02 -84.61 -0.132 -0.081 3.581 0.147 0.131 0.665
2007.5986 39.02 -84.61 0.152 -0.080 6.006 0.180 0.161 0.810
2007.6260 39.02 -84.61 -0.045 -0.088 4.654 0.147 0.130 0.664
2007.6534 39.02 -84.61 0.427 -0.084 4.651 0.150 0.133 0.675
2007.6808 39.02 -84.61 -0.020 0.252 5.643 0.157 0.139 0.709
2007.7082 39.02 -84.61 -0.095 0.265 6.443 0.118 0.100 0.534
2007.7356 39.02 -84.61 -0.048 0.896 5.537 0.162 0.142 0.727
2007.7630 39.02 -84.61 -0.053 0.635 4.501 0.126 0.107 0.567
2007.7904 39.02 -84.61 0.124 0.515 5.984 0.159 0.141 0.716
2007.8178 39.02 -84.61 -0.061 0.564 2.689 0.182 0.164 0.821
2007.8452 39.02 -84.61 -0.133 0.343 2.964 0.149 0.132 0.674
2007.8726 39.02 -84.61 0.088 -0.198 4.346 0.173 0.154 0.781
2007.9000 39.02 -84.61 -0.043 0.655 4.083 0.185 0.159 0.823
2007.9274 39.02 -84.61 0.233 0.629 0.923 0.179 0.161 0.811
2007.9548 39.02 -84.61 0.037 0.395 -0.006 0.135 0.120 0.614
2007.9822 39.02 -84.61 0.004 0.243 -0.842 0.166 0.149 0.750
2008.0096 39.02 -84.61 0.341 0.297 -0.219 0.146 0.131 0.660
2008.0370 39.02 -84.61 0.050 0.024 -0.731 0.150 0.135 0.679
2008.0644 39.02 -84.61 0.175 -0.021 -0.673 0.172 0.157 0.778
2008.0918 39.02 -84.61 0.240 -0.053 -0.545 0.139 0.124 0.630
2008.1192 39.02 -84.61 0.491 0.053 -1.301 0.162 0.147 0.734
2008.1466 39.02 -84.61 0.365 -0.074 -1.846 0.187 0.172 0.850
2008.1740 39.02 -84.61 0.332 -0.046 -2.775 0.164 0.150 0.746
2008.2014 39.02 -84.61 0.201 0.209 -1.659 0.175 0.161 0.796
2008.2288 39.02 -84.61 0.215 -0.130 -1.549 0.206 0.185 0.932
2008.2562 39.02 -84.61 0.407 -0.350 -2.455 0.192 0.174 0.867
2008.2836 39.02 -84.61 0.393 -0.456 -1.694 0.230 0.209 1.040
2008.3110 39.02 -84.61 0.331 -0.651 -2.012 0.237 0.216 1.072
2008.3384 39.02 -84.61 0.606 -0.300 -2.344 0.176 0.160 0.796
2008.3658 39.02 -84.61 0.521 -0.647 -3.036 0.180 0.162 0.813
2008.3932 39.02 -84.61 0.445 -0.825 -3.259 0.164 0.146 0.742
2008.4205 39.02 -84.61 0.536 -0.724 -0.706 0.144 0.127 0.650
2008.4479 39.02 -84.61 0.576 -1.124 -1.122 0.146 0.130 0.658
2008.4753 39.02 -84.61 0.601 -1.112 1.463 0.142 0.126 0.640
2008.5027 39.02 -84.61 0.629 -0.580 1.563 0.173 0.153 0.779
2008.5301 39.02 -84.61 0.566 -0.258 1.417 0.215 0.191 0.966
2008.5575 39.02 -84.61 0.462 -0.250 0.737 0.141 0.122 0.635
2008.5849 39.02 -84.61 0.426 0.280 2.469 0.158 0.141 0.712
2008.6123 39.02 -84.61 0.146 0.395 0.956 0.133 0.116 0.600
2008.6397 39.02 -84.61 0.183 0.100 1.479 0.146 0.128 0.655
2008.6671 39.02 -84.61 -0.028 0.230 1.865 0.140 0.122 0.630
2008.6945 39.02 -84.61 -0.125 -0.094 2.323 0.136 0.118 0.610
2008.7219 39.02 -84.61 0.309 -0.205 2.038 0.155 0.138 0.698
2008.7493 39.02 -84.61 0.143 -0.213 3.806 0.140 0.125 0.634
2008.7767 39.02 -84.61 0.180 -0.054 3.663 0.163 0.147 0.735
2008.8041 39.02 -84.61 0.105 0.116 2.696 0.164 0.148 0.740
2008.8315 39.02 -84.61 -0.131 0.134 4.667 0.185 0.167 0.836
2008.8589 39.02 -84.61 0.259 -0.055 4.446 0.216 0.196 0.975
2008.8863 39.02 -84.61 0.399 0.089 4.911 0.207 0.188 0.936
2008.9137 39.02 -84.61 0.103 0.093 0.984 0.197 0.180 0.892
2008.9411 39.02 -84.61 0.124 0.169 2.050 0.207 0.187 0.935
2008.9685 39.02 -84.61 -0.001 0.189 -0.628 0.193 0.175 0.875
2008.9945 39.02 -84.61 0.522 0.092 1.372 0.163 0.148 0.742
2009.0205 39.02 -84.61 0.516 -0.411 0.116 0.160 0.147 0.729
2009.0479 39.02 -84.61 0.477 -0.246 -1.201 0.161 0.147 0.731
2009.0753 39.02 -84.61 0.262 -0.055 -1.332 0.155 0.140 0.703
2009.1027 39.02 -84.61 0.464 -0.113 -2.224 0.192 0.176 0.870
2009.1301 39.02 -84.61 0.357 -0.320 -2.657 0.153 0.139 0.696
2009.1575 39.02 -84.61 0.320 0.070 -1.027 0.156 0.141 0.710
2009.1849 39.02 -84.61 0.299 -0.402 -0.430 0.178 0.164 0.809
2009.2123 39.02 -84.61 0.650 -0.393 -1.469 0.155 0.137 0.699
2009.2397 39.02 -84.61 0.358 -0.532 -3.677 0.174 0.158 0.788
2009.2671 39.02 -84.61 0.450 -0.640 -2.605 0.146 0.132 0.662
2009.2945 39.02 -84.61 0.459 -0.904 -0.599 0.149 0.135 0.678
2009.3219 39.02 -84.61 0.420 -0.534 -1.264 0.156 0.141 0.707
2009.3493 39.02 -84.61 0.468 -1.188 -2.386 0.144 0.129 0.650
2009.3767 39.02 -84.61 0.330 -1.305 -1.618 0.151 0.135 0.683
2009.4041 39.02 -84.61 0.566 -0.897 -1.432 0.134 0.118 0.605
2009.4315 39.02 -84.61 0.627 -0.929 -0.761 0.153 0.137 0.690
2009.4589 39.02 -84.61 0.655 -0.380 0.562 0.130 0.114 0.589
2009.4863 39.02 -84.61 0.537 0.030 -0.333 0.143 0.126 0.647
2009.5137 39.02 -84.61 0.549 0.003 -0.358 0.139 0.119 0.621
2009.5411 39.02 -84.61 0.394 0.026 -0.624 0.169 0.148 0.760
2009.5685 39.02 -84.61 0.431 -0.194 -1.355 0.182 0.159 0.818
2009.5959 39.02 -84.61 -0.019 -0.105 -1.668 0.160 0.139 0.719
2009.6233 39.02 -84.61 0.060 0.387 -0.418 0.165 0.145 0.741
2009.6507 39.02 -84.61 0.247 0.188 -0.310 0.159 0.140 0.714
2009.6781 39.02 -84.61 0.233 0.273 0.967 0.169 0.151 0.762
2009.7055 39.02 -84.61 -0.153 -0.072 2.464 0.175 0.157 0.788
2009.7329 39.02 -84.61 -0.396 0.257 4.025 0.169 0.151 0.762
2009.7603 39.02 -84.61 -0.432 -0.024 1.567 0.192 0.173 0.868
2009.7877 39.02 -84.61 -0.366 -0.287 0.240 0.177 0.160 0.801
2009.8151 39.02 -84.61 -0.193 -0.391 0.280 0.190 0.172 0.857
2009.8425 39.02 -84.61 -0.372 -0.273 -1.162 0.173 0.156 0.782
2009.8699 39.02 -84.61 -0.316 -0.261 0.761 0.165 0.149 0.748
2009.8973 39.02 -84.61 -0.283 -0.613 1.778 0.155 0.139 0.701
2009.9247 39.02 -84.61 -0.179 0.050 1.398 0.156 0.137 0.702
2009.9521 39.02 -84.61 -0.442 -0.216 -2.719 0.145 0.130 0.657
2009.9795 39.02 -84.61 -0.214 -0.368 -1.696 0.149 0.133 0.676
2010.0068 39.02 -84.61 -0.015 -0.484 -1.813 0.187 0.170 0.847
2010.0342 39.02 -84.61 0.155 -0.642 -1.747 0.147 0.131 0.667
2010.0616 39.02 -84.61 -0.074 -0.211 -1.165 0.151 0.135 0.683
2010.0890 39.02 -84.61 -0.045 -0.445 -5.225 0.179 0.163 0.810
2010.1164 39.02 -84.61 -0.199 -0.540 -4.095 0.185 0.168 0.836
2010.1438 39.02 -84.61 -0.068 -0.409 -5.942 0.179 0.161 0.808
2010.1712 39.02 -84.61 -0.203 -0.403 -1.530 0.171 0.153 0.773
2010.1986 39.02 -84.61 -0.038 -0.575 -2.417 0.164 0.147 0.742
2010.2260 39.02 -84.61 -0.255 -0.640 -2.636 0.179 0.161 0.809
2010.2534 39.02 -84.61 -0.367 -0.587 -2.760 0.185 0.165 0.835
2010.2808 39.02 -84.61 0.459 -0.665 1.558 0.144 0.126 0.649
2010.3082 39.02 -84.61 0.193 -0.673 2.431 0.150 0.132 0.677
2010.3356 39.02 -84.61 0.462 -0.861 2.039 0.138 0.119 0.623
2010.3630 39.02 -84.61 0.234 -0.626 1.517 0.147 0.127 0.661
2010.3904 39.02 -84.61 0.313 -0.695 -0.094 0.153 0.124 0.674
2010.4178 39.02 -84.61 0.494 -0.723 0.389 0.157 0.135 0.701
2010.4452 39.02 -84.61 0.600 -0.862 -0.724 0.139 0.120 0.627
2010.4726 39.02 -84.61 0.569 -0.940 1.456 0.126 0.107 0.569
2010.5000 39.02 -84.61 0.411 -0.875 2.072 0.141 0.122 0.635
2010.5274 39.02 -84.61 0.293 -0.535 2.287 0.214 0.194 0.964
2010.5548 39.02 -84.61 -0.088 -0.692 2.637 0.139 0.124 0.629
2010.5822 39.02 -84.61 0.273 -0.683 1.795 0.126 0.112 0.571
2010.6096 39.02 -84.61 0.085 -0.164 1.640 0.160 0.145 0.726
2010.6370 39.02 -84.61 -0.170 -0.323 -0.059 0.144 0.130 0.652
2010.6644 39.02 -84.61 -0.406 0.094 2.292 0.135 0.121 0.614
2010.6918 39.02 -84.61 -0.310 0.107 2.834 0.161 0.146 0.729
2010.7192 39.02 -84.61 0.009 0.066 2.432 0.150 0.136 0.680
2010.7466 39.02 -84.61 0.060 -0.169 2.325 0.173 0.158 0.782
2010.7740 39.02 -84.61 -0.039 0.079 2.128 0.143 0.128 0.650
2010.8014 39.02 -84.61 0.090 0.050 4.697 0.136 0.122 0.618
2010.8288 39.02 -84.61 0.096 -0.062 3.453 0.154 0.140 0.698
2010.8562 39.02 -84.61 0.063 0.053 3.695 0.152 0.137 0.686
2010.8836 39.02 -84.61 -0.071 0.072 3.139 0.142 0.127 0.642
2010.9110 39.02 -84.61 0.102 -0.333 0.691 0.154 0.139 0.696
2010.9384 39.02 -84.61 -0.099 -0.211 0.053 0.160 0.144 0.721
2010.9658 39.02 -84.61 0.167 -0.331 -1.340 0.175 0.158 0.787
2010.9932 39.02 -84.61 0.114 -0.312 -1.579 0.156 0.102 0.643
2011.1027 39.02 -84.61 0.340 -0.352 -0.577 0.151 0.120 0.665
2011.1301 39.02 -84.61 0.423 0.068 -1.071 0.209 0.187 0.939
2011.1575 39.02 -84.61 0.407 -0.588 -0.270 0.144 0.125 0.646
2011.1849 39.02 -84.61 0.382 -0.415 -3.670 0.117 0.099 0.528
2011.2123 39.02 -84.61 0.023 -0.702 -3.619 0.178 0.160 0.802
2011.2397 39.02 -84.61 0.178 -0.245 -2.218 0.184 0.167 0.830
2011.2671 39.02 -84.61 0.225 -0.233 -1.091 0.151 0.135 0.682
2011.2945 39.02 -84.61 0.328 -0.794 -4.315 0.174 0.157 0.783
2011.3219 39.02 -84.61 0.197 -0.991 -3.370 0.163 0.148 0.736
2011.3493 39.02 -84.61 0.368 -1.254 -2.447 0.148 0.133 0.668
2011.3767 39.02 -84.61 0.724 -1.057 -2.761 0.171 0.155 0.771
2011.4041 39.02 -84.61 0.603 -0.978 -5.679 0.153 0.136 0.689
2011.4315 39.02 -84.61 1.044 -1.036 -3.508 0.163 0.133 0.715
2011.5137 39.02 -84.61 0.713 -1.168 -0.492 0.146 0.124 0.650
2011.5411 39.02 -84.61 0.419 -1.082 0.972 0.150 0.133 0.676
2011.5685 39.02 -84.61 0.580 -0.699 2.711 0.148 0.129 0.666
2011.5959 39.02 -84.61 0.435 -0.407 1.620 0.157 0.139 0.707
2011.6233 39.02 -84.61 0.315 -0.539 2.216 0.158 0.139 0.711
2011.6507 39.02 -84.61 0.441 -0.185 3.135 0.183 0.164 0.822
2011.6781 39.02 -84.61 0.317 0.259 1.762 0.170 0.152 0.765
2011.7055 39.02 -84.61 0.075 0.638 2.890 0.170 0.153 0.765
2011.7329 39.02 -84.61 0.291 0.574 3.065 0.194 0.177 0.876
2011.7603 39.02 -84.61 0.238 0.902 2.285 0.168 0.152 0.758
2011.7877 39.02 -84.61 0.021 0.176 2.717 0.178 0.162 0.803
2011.8151 39.02 -84.61 -0.107 0.459 1.255 0.175 0.158 0.790
2011.8425 39.02 -84.61 0.092 0.377 0.725 0.188 0.172 0.849
2011.8699 39.02 -84.61 0.137 -0.163 -0.816 0.186 0.161 0.829
2011.9521 39.02 -84.61 0.120 0.077 -3.740 0.134 0.097 0.573
2011.9795 39.02 -84.61 -0.147 -0.073 -3.144 0.155 0.136 0.690
2012.0068 39.02 -84.61 -0.006 -0.065 -2.429 0.145 0.125 0.645
2012.0342 39.02 -84.61 0.118 -0.314 -1.310 0.172 0.148 0.762
2012.0616 39.02 -84.61 0.243 -0.179 -2.960 0.151 0.129 0.668
2012.0890 39.02 -84.61 0.236 -0.308 -2.572 0.150 0.127 0.660
2012.1164 39.02 -84.61 -0.022 -0.267 -4.846 0.148 0.122 0.650
2012.1438 39.02 -84.61 0.441 -0.458 -3.376 0.153 0.127 0.669
2012.1712 39.02 -84.61 0.764 -0.432 -1.999 0.148 0.119 0.647
2012.1986 39.02 -84.61 0.189 -0.238 -2.187 0.135 0.108 0.587
2012.2260 39.02 -84.61 0.089 -0.482 -0.743 0.136 0.110 0.595
2012.2534 39.02 -84.61 0.380 -0.209 -0.303 0.133 0.107 0.577
2012.2808 39.02 -84.61 0.515 -0.608 -0.336 0.124 0.100 0.538
2012.3082 39.02 -84.61 0.598 -0.520 -0.963 0.159 0.100 0.652
2012.3904 39.02 -84.61 0.900 -0.415 2.998 0.157 0.119 0.680
2012.4178 39.02 -84.61 0.594 -0.350 0.456 0.114 0.090 0.498
2012.4452 39.02 -84.61 0.623 -0.370 1.876 0.113 0.089 0.494
2012.4726 39.02 -84.61 0.370 -0.142 2.150 0.122 0.097 0.529
2012.5000 39.02 -84.61 0.411 -0.041 4.179 0.117 0.092 0.507
2012.5274 39.02 -84.61 0.125 -0.017 5.996 0.123 0.098 0.536
2012.5548 39.02 -84.61 -0.021 0.242 4.932 0.123 0.098 0.535
2012.5822 39.02 -84.61 -0.147 0.569 4.689 0.129 0.105 0.561
2012.6096 39.02 -84.61 -0.187 0.715 4.420 0.127 0.104 0.556
2012.6370 39.02 -84.61 -0.127 0.788 3.672 0.117 0.096 0.516
2012.6644 39.02 -84.61 -0.490 0.781 4.746 0.127 0.106 0.560
2012.6918 39.02 -84.61 -0.600 0.542 2.929 0.130 0.110 0.577
2012.7192 39.02 -84.61 -0.385 0.692 6.079 0.154 0.134 0.685
2012.7466 39.02 -84.61 -0.343 0.493 3.990 0.124 0.088 0.526
2012.8562 39.02 -84.61 -0.079 0.790 2.062 0.162 0.140 0.720
2012.8836 39.02 -84.61 -0.158 0.636 3.048 0.149 0.134 0.672
2012.9110 39.02 -84.61 -0.242 0.708 2.242 0.142 0.128 0.639
2012.9384 39.02 -84.61 -0.208 0.949 3.486 0.139 0.122 0.626
2012.9658 39.02 -84.61 -0.112 0.783 3.101 0.151 0.138 0.684
2012.9918 39.02 -84.61 -0.246 0.665 0.667 0.078 0.068 0.356
2013.0178 39.02 -84.61 -0.296 0.240 0.193 0.090 0.080 0.411
2013.0452 39.02 -84.61 -0.397 0.292 0.233 0.090 0.080 0.410
2013.0726 39.02 -84.61 -0.396 0.616 1.115 0.083 0.073 0.380
2013.1000 39.02 -84.61 -0.014 0.441 -0.761 0.085 0.075 0.390
2013.1274 39.02 -84.61 0.068 0.561 0.265 0.080 0.070 0.365
2013.1548 39.02 -84.61 0.155 0.334 1.113 0.078 0.063 0.351
2013.2644 39.02 -84.61 0.273 0.255 -0.151 0.097 0.047 0.375
2013.2918 39.02 -84.61 0.257 0.211 3.493 0.082 0.072 0.374
2013.3192 39.02 -84.61 0.433 -0.078 -0.973 0.089 0.080 0.409
2013.3466 39.02 -84.61 0.364 0.140 -0.913 0.091 0.082 0.419
2013.3740 39.02 -84.61 -0.024 0.175 -1.141 0.079 0.071 0.365
2013.4014 39.02 -84.61 0.146 -0.288 0.151 0.081 0.073 0.375
2013.4288 39.02 -84.61 0.336 -0.483 -0.808 0.073 0.064 0.336
2013.4562 39.02 -84.61 0.213 -0.192 -1.074 0.074 0.065 0.342
2013.4836 39.02 -84.61 0.199 0.052 1.891 0.076 0.067 0.349
2013.5110 39.02 -84.61 -0.293 0.255 -2.594 0.084 0.075 0.387
2013.5384 39.02 -84.61 -0.194 0.026 -2.782 0.085 0.072 0.383
2013.5658 39.02 -84.61 0.038 0.457 1.122 0.087 0.077 0.397
2013.7575 39.02 -84.61 -0.336 0.687 2.050 0.084 0.072 0.383
2013.7849 39.02 -84.61 -0.153 0.689 1.598 0.086 0.074 0.392
2013.8123 39.02 -84.61 -0.013 0.361 2.029 0.079 0.068 0.361
2013.8397 39.02 -84.61 0.114 0.504 2.112 0.080 0.069 0.365
2013.8671 39.02 -84.61 0.040 0.571 2.082 0.086 0.073 0.390
2013.8945 39.02 -84.61 0.100 0.464 1.779 0.080 0.068 0.362
2013.9219 39.02 -84.61 -0.013 0.358 1.582 0.072 0.061 0.329
2013.9493 39.02 -84.61 -0.198 0.529 1.339 0.076 0.065 0.346
2013.9767 39.02 -84.61 -0.148 -0.370 1.540 0.077 0.066 0.351
2014.0041 39.02 -84.61 -0.070 -0.154 0.989 0.074 0.063 0.340
2014.0315 39.02 -84.61 -0.016 0.207 -0.515 0.077 0.066 0.350
2014.1685 39.02 -84.61 0.189 -0.118 0.481 0.082 0.070 0.371
2014.1959 39.02 -84.61 0.175 0.246 -1.261 0.082 0.072 0.373
2014.2233 39.02 -84.61 0.073 0.211 0.083 0.078 0.068 0.357
2014.2507 39.02 -84.61 0.002 0.256 -0.691 0.071 0.062 0.330
2014.2781 39.02 -84.61 -0.084 0.041 -1.895 0.075 0.066 0.347
2014.3055 39.02 -84.61 0.171 0.003 -0.491 0.073 0.064 0.335
2014.3329 39.02 -84.61 0.350 0.354 -1.089 0.060 0.052 0.282
2014.3603 39.02 -84.61 0.277 0.071 1.289 0.068 0.059 0.314
2014.3877 39.02 -84.61 0.585 -0.073 0.076 0.068 0.059 0.315
2014.4151 39.02 -84.61 0.646 -0.530 0.201 0.068 0.059 0.313
2014.4425 39.02 -84.61 0.552 -0.551 -0.547 0.072 0.062 0.330
2014.4699 39.02 -84.61 0.904 0.001 0.830 0.072 0.061 0.329
2014.5795 39.02 -84.61 0.687 0.135 2.515 0.066 0.051 0.300
2014.6068 39.02 -84.61 0.603 0.183 0.804 0.064 0.054 0.294
2014.6342 39.02 -84.61 0.504 0.290 1.331 0.059 0.049 0.272
2014.6616 39.02 -84.61 0.472 0.365 0.236 0.065 0.055 0.297
2014.6890 39.02 -84.61 0.469 0.657 -0.656 0.063 0.054 0.290
2014.7164 39.02 -84.61 0.444 -0.041 0.091 0.062 0.052 0.285
2014.7438 39.02 -84.61 0.585 0.331 3.202 0.066 0.057 0.306
2014.7712 39.02 -84.61 0.571 -0.106 4.377 0.066 0.056 0.302
2014.7986 39.02 -84.61 0.409 0.550 1.650 0.059 0.050 0.274
2014.8260 39.02 -84.61 0.456 0.266 1.418 0.059 0.049 0.273
2014.8534 39.02 -84.61 0.547 0.361 0.950 0.062 0.052 0.287
2014.8808 39.02 -84.61 0.412 0.252 -0.092 0.063 0.052 0.287
2014.9082 39.02 -84.61 0.710 0.485 0.014 0.064 0.053 0.292
2015.0452 39.02 -84.61 0.744 0.340 -0.993 0.049 0.038 0.229
2015.0726 39.02 -84.61 0.585 -0.010 -3.044 0.053 0.039 0.241
2015.1000 39.02 -84.61 0.826 -0.332 -3.176 0.048 0.037 0.222
2015.1274 39.02 -84.61 0.640 0.115 -0.341 0.045 0.034 0.209
2015.1548 39.02 -84.61 0.500 0.048 -2.728 0.051 0.038 0.234
2015.1822 39.02 -84.61 0.417 0.164 -2.747 0.048 0.037 0.224
2015.2096 39.02 -84.61 0.101 0.341 -2.159 0.063 0.050 0.282
2015.2370 39.02 -84.61 0.367 -0.627 -0.406 0.068 0.056 0.307
2015.2644 39.02 -84.61 0.562 -0.685 -1.567 0.060 0.050 0.275
2015.2918 39.02 -84.61 0.386 -0.042 -0.393 0.060 0.051 0.279
2015.3192 39.02 -84.61 0.491 -0.205 2.230 0.058 0.049 0.270
2015.3466 39.02 -84.61 0.502 -0.240 2.742 0.063 0.053 0.289
2015.4836 39.02 -84.61 1.007 -0.176 -1.313 0.060 0.043 0.268
2015.5110 39.02 -84.61 0.896 -0.478 -1.895 0.057 0.044 0.261
2015.5384 39.02 -84.61 0.914 -0.502 -1.880 0.062 0.049 0.283
2015.5658 39.02 -84.61 0.758 -0.184 0.350 0.062 0.052 0.284
2015.5932 39.02 -84.61 0.692 0.161 -0.126 0.064 0.054 0.293
2015.6205 39.02 -84.61 0.539 0.112 1.193 0.062 0.052 0.286
2015.6479 39.02 -84.61 0.213 0.171 1.535 0.061 0.050 0.278
2015.6753 39.02 -84.61 0.319 0.175 1.874 0.059 0.048 0.269
2015.7027 39.02 -84.61 0.407 -0.014 4.058 0.063 0.053 0.290
2015.7301 39.02 -84.61 0.389 0.393 5.545 0.064 0.052 0.291
2015.9493 39.02 -84.61 -0.043 -0.095 -3.575 0.061 0.052 0.284
2015.9767 39.02 -84.61 0.062 -0.061 -1.651 0.064 0.054 0.293
2016.0041 39.02 -84.61 0.206 -0.455 -3.902 0.058 0.049 0.269
2016.0315 39.02 -84.61 0.469 -0.145 -3.089 0.056 0.046 0.257
2016.0589 39.02 -84.61 0.386 -0.055 -4.815 0.057 0.047 0.263
2016.0863 39.02 -84.61 0.153 -0.842 -4.594 0.052 0.043 0.243
2016.1137 39.02 -84.61 0.234 -0.620 -4.994 0.058 0.048 0.266
2016.1411 39.02 -84.61 0.307 -0.543 -0.107 0.068 0.057 0.307
2016.1685 39.02 -84.61 0.121 -0.251 -3.623 0.072 0.062 0.328
2016.1959 39.02 -84.61 0.429 -1.121 1.630 0.071 0.063 0.326
2016.2233 39.02 -84.61 0.671 -0.412 -0.200 0.072 0.064 0.331
2016.2507 39.02 -84.61 0.661 -0.141 0.725 0.061 0.050 0.279
2016.3603 39.02 -84.61 0.646 -0.116 3.022 0.056 0.047 0.261
2016.3877 39.02 -84.61 0.932 0.035 0.057 0.065 0.056 0.299
2016.4151 39.02 -84.61 0.987 -0.369 3.118 0.064 0.054 0.294
2016.4425 39.02 -84.61 0.694 -0.129 1.791 0.069 0.059 0.313
2016.4699 39.02 -84.61 0.726 -0.091 2.535 0.067 0.057 0.306
