2002.5877 41.72 21.77 -33.23250891313916 10.14371896957438
2002.6151 41.72 21.77 -6.63470320760050 9.87455449519576
2002.6425 41.72 21.77 -2.51921285421841 10.08154695201491
2002.6699 41.72 21.77 -20.10141854693154 8.44222639717723
2002.6973 41.72 21.77 -5.36444022111636 13.47960819413433
2002.7247 41.72 21.77 -25.18230800061410 9.60147462028769
2002.7521 41.72 21.77 0.96531438855818 8.78244739767991
2002.7795 41.72 21.77 15.42650263643068 10.04808234408643
2002.8068 41.72 21.77 24.97726959082282 9.12793061111195
2002.8342 41.72 21.77 10.21087794972164 8.93344548908788
2002.8616 41.72 21.77 -1.28997930325588 8.51001444160259
2002.8890 41.72 21.77 1.63639864996422 9.09192087468366
2002.9164 41.72 21.77 2.98518406434593 9.39441252675385
2003.0260 41.72 21.77 47.41772036739975 10.46602471905359
2003.0534 41.72 21.77 38.38530158246000 18.40391874390330
2003.0808 41.72 21.77 74.08540913647167 15.14968014446249
2003.1082 41.72 21.77 52.07387810281047 8.40556728572130
2003.1356 41.72 21.77 62.74421861494062 7.73021730651832
2003.1630 41.72 21.77 38.04227377146208 8.41171829939297
2003.1904 41.72 21.77 33.22517373752757 9.84125650463280
2003.2178 41.72 21.77 -11.27835538342101 8.30144809495135
2003.2452 41.72 21.77 -5.55191071880847 8.25283512051556
2003.2726 41.72 21.77 8.80611822194541 8.02952006293298
2003.3000 41.72 21.77 0.19586289404274 7.88066272428310
2003.3274 41.72 21.77 3.72029998646489 10.58554227258692
2003.3548 41.72 21.77 -16.79849241966195 12.05523204602565
2003.3822 41.72 21.77 -29.58532902175512 10.24067103144056
2003.5192 41.72 21.77 2.09166528284071 11.77713510764796
2003.5466 41.72 21.77 -21.61392628434770 13.44619180834635
2003.5740 41.72 21.77 -35.15653424316784 16.11893499946331
2003.6014 41.72 21.77 -23.43203052965790 13.48961910267970
2003.6288 41.72 21.77 -28.75478040757812 12.39750572731942
2003.6562 41.72 21.77 -11.33664353625604 13.56482646102909
2003.6836 41.72 21.77 -38.69240370405446 13.61384545389407
2003.7110 41.72 21.77 -31.75159113609642 10.03407777282664
2003.7384 41.72 21.77 -27.20103949918227 12.74319840093783
2003.7658 41.72 21.77 -23.86720073619158 11.59211242505368
2003.7932 41.72 21.77 -37.02229406550664 13.19867887654694
2003.8205 41.72 21.77 -26.13093156588353 14.00441973852206
2003.8479 41.72 21.77 -13.00072029638655 11.82108932362523
2003.8753 41.72 21.77 -22.48078252461017 13.04608739267672
2003.9027 41.72 21.77 -16.79589762388520 11.44020466859274
2003.9301 41.72 21.77 -2.20880647334082 12.22163605488038
2003.9575 41.72 21.77 1.13868445251126 14.19954208142298
2003.9849 41.72 21.77 10.02656525475570 13.26594197939067
2004.0123 41.72 21.77 -8.46477795776490 14.24762992598154
2004.0397 41.72 21.77 -2.26418160049171 10.86948054379751
2004.0945 41.72 21.77 27.83457346043434 10.12693428667059
2004.1219 41.72 21.77 11.14851386680215 11.68229568989158
2004.1493 41.72 21.77 5.31539389853764 13.93023561461090
2004.1767 41.72 21.77 10.45758631250939 15.31188459191795
2004.2041 41.72 21.77 36.31558884126820 12.01100085589810
2004.2315 41.72 21.77 27.16272147151362 12.19654968740689
2004.2589 41.72 21.77 1.37375348928445 12.55145581635243
2004.2863 41.72 21.77 2.88694427906411 12.62516895437741
2004.3137 41.72 21.77 15.54550631602105 11.92203981294902
2004.3411 41.72 21.77 -7.49298319679180 13.22738836012391
2004.3685 41.72 21.77 -26.44093238704238 12.46295129844875
2004.3959 41.72 21.77 -8.20041606045577 10.72869466129367
2004.4233 41.72 21.77 9.45831746700545 10.26555240535075
2004.4507 41.72 21.77 31.33291662094282 9.18578000164021
2004.4781 41.72 21.77 3.76271762478690 10.21908128737806
2004.5055 41.72 21.77 14.03155649972774 9.91113063409929
2004.5329 41.72 21.77 9.92660196993225 9.26221032324908
2004.5603 41.72 21.77 -19.06284685594917 9.61427929692565
2004.5877 41.72 21.77 -9.87086228396993 9.65113104103199
2004.6151 41.72 21.77 -30.50291369294183 10.69150280031070
2004.6425 41.72 21.77 -13.29699228394099 8.91109758014243
2004.6699 41.72 21.77 -25.50966043769166 8.89135100464794
2004.6973 41.72 21.77 -28.45483707693393 8.25702588455098
2004.7247 41.72 21.77 -31.76064795426262 9.65198908810532
2004.7521 41.72 21.77 -24.27792383065989 9.15480826821331
2004.7795 41.72 21.77 -32.29911409730997 8.99700806799279
2004.8068 41.72 21.77 -26.45646939324012 10.15513804290154
2004.8342 41.72 21.77 -29.72920525647202 10.04665585443380
2004.8616 41.72 21.77 -27.49746985841381 8.65095301249345
2004.8890 41.72 21.77 -14.08770830243815 8.68960837459676
2004.9164 41.72 21.77 -14.66922319074321 9.65254827882597
2004.9438 41.72 21.77 -9.71802042639067 10.42879698203581
2004.9712 41.72 21.77 -7.75260021266389 9.79635464953254
2004.9973 41.72 21.77 -6.86738360179627 9.28535252219740
2005.0233 41.72 21.77 9.94674613630248 11.20765412212937
2005.0507 41.72 21.77 -4.05218288961060 17.55432873018869
2005.0781 41.72 21.77 34.14148320258003 12.81683868490732
2005.1055 41.72 21.77 -2.16842754754173 12.67014939060988
2005.1329 41.72 21.77 5.29332943829732 12.99601133535425
2005.1603 41.72 21.77 25.87244578377146 11.30821998724816
2005.1877 41.72 21.77 27.77721220929508 11.16523581646133
2005.2151 41.72 21.77 33.90929379220877 10.28335424172052
2005.2425 41.72 21.77 38.33421683403626 10.11273790077745
2005.2699 41.72 21.77 33.58786785811709 10.92437268301339
2005.2973 41.72 21.77 15.45703335825723 11.62514092447530
2005.3247 41.72 21.77 12.74158516234109 12.28025831518348
2005.3521 41.72 21.77 -3.04556201388722 4.36304016455795
2005.3795 41.72 21.77 21.93891788372786 11.39393692128541
2005.4068 41.72 21.77 -5.99600599952177 10.25506355836442
2005.4342 41.72 21.77 -14.42734099552633 11.75504675171343
2005.4616 41.72 21.77 -24.85928128150672 10.78502379167151
2005.4890 41.72 21.77 8.99730005855649 10.20834581258499
2005.5164 41.72 21.77 -6.94157683211935 10.14210174865410
2005.5438 41.72 21.77 -10.16965428684537 11.23119659510658
2005.5712 41.72 21.77 -19.55202291947918 12.38887073874829
2005.5986 41.72 21.77 21.15254533231920 12.67639710242821
2005.6260 41.72 21.77 -0.69094087114797 11.03802476754870
2005.6534 41.72 21.77 -2.26988645094112 11.81374124279569
2005.6808 41.72 21.77 3.94357046398646 11.52450447822326
2005.7082 41.72 21.77 -17.82938235204263 14.41762424600204
2005.7356 41.72 21.77 10.07248139855137 12.48800466350271
2005.7630 41.72 21.77 -3.25511048271942 12.50485829649657
2005.7904 41.72 21.77 -11.15168132383661 11.53747928449492
2005.8178 41.72 21.77 -10.41696498208744 11.95609864899346
2005.8452 41.72 21.77 11.61365097309856 12.78642946835946
2005.8726 41.72 21.77 -18.47577501119124 10.98621908815469
2005.9000 41.72 21.77 -14.61981535394700 10.61265145859564
2005.9274 41.72 21.77 4.60390383098189 10.40298693343526
2005.9548 41.72 21.77 23.71942205240451 8.94622935808788
2005.9822 41.72 21.77 19.32070136995885 9.68733400048231
2006.0096 41.72 21.77 32.08452703584557 11.13815283379659
2006.0370 41.72 21.77 33.28088302004591 14.43594498315337
2006.0644 41.72 21.77 33.21081671550096 14.58977543107937
2006.0918 41.72 21.77 28.92645522614914 14.71185396254572
2006.1192 41.72 21.77 49.15884148859408 17.21744547730358
2006.1466 41.72 21.77 60.72154052866789 13.09711641862042
2006.1740 41.72 21.77 32.81833529598828 15.30296137208803
2006.2014 41.72 21.77 49.40652442391641 11.33496398167499
2006.2288 41.72 21.77 49.71903954111408 15.41077001775349
2006.2562 41.72 21.77 41.50864477963444 14.56332683533247
2006.2836 41.72 21.77 19.30456769670111 14.09546973988290
2006.3110 41.72 21.77 53.57780734471481 15.16005846332484
2006.3384 41.72 21.77 40.92562995688239 13.65634407545636
2006.3658 41.72 21.77 38.07332413985080 15.25704334984111
2006.3932 41.72 21.77 14.36504659533979 14.91996039929139
2006.4205 41.72 21.77 17.83476081376719 14.86298947935108
2006.4479 41.72 21.77 21.47199265839989 15.81591788419720
2006.4753 41.72 21.77 2.21695590131551 16.47845431456568
2006.5027 41.72 21.77 20.73206190511659 17.24646832575945
2006.5301 41.72 21.77 0.66911454155247 21.01786637722438
2006.5575 41.72 21.77 6.62144675010762 16.34138602191824
2006.5849 41.72 21.77 15.67967523150100 16.86409353381065
2006.6123 41.72 21.77 3.07046194912088 21.77672275792935
2006.6397 41.72 21.77 -15.33495377511402 18.01218840483999
2006.6671 41.72 21.77 -8.12523242189986 15.99893726945855
2006.6945 41.72 21.77 -11.27513188977179 21.07226459983034
2006.7219 41.72 21.77 -18.39710192100488 19.06782471817151
2006.7493 41.72 21.77 -28.27904538948607 23.31270248544428
2006.7767 41.72 21.77 -7.67581267068959 20.28308742521428
2006.8041 41.72 21.77 -18.73288422306598 15.89690139094565
2006.8315 41.72 21.77 -30.72742518964847 18.95818454680099
2006.8589 41.72 21.77 -23.26052354077600 18.27016264804588
2006.8863 41.72 21.77 -21.86566777658287 17.29500638988623
2006.9137 41.72 21.77 -11.73107585468682 16.56401590547540
2006.9411 41.72 21.77 -1.25711570935494 16.19035386133683
2006.9685 41.72 21.77 -28.68109863650245 15.79958625384772
2006.9959 41.72 21.77 -18.45902774162047 15.32240477429827
2007.0233 41.72 21.77 -5.00732481661695 13.90919659592489
2007.0507 41.72 21.77 -0.73136601933200 14.81557443255731
2007.0781 41.72 21.77 -7.49031451139445 15.81404365870514
2007.1055 41.72 21.77 -27.86892824120543 13.88430295863998
2007.1329 41.72 21.77 -8.50722504731344 15.34221537243310
2007.1603 41.72 21.77 -10.21430042583270 14.59992020080820
2007.1877 41.72 21.77 -25.24024037479839 19.94778827076049
2007.2151 41.72 21.77 -16.97747982747739 17.60138904484571
2007.2425 41.72 21.77 11.66443876825219 16.84155805796296
2007.2699 41.72 21.77 -4.45097791412104 12.61817118115234
2007.2973 41.72 21.77 -14.05486317721782 11.82252434131960
2007.3247 41.72 21.77 -6.88007391897288 15.17207378259026
2007.3521 41.72 21.77 -18.15275355030814 16.89380861768020
2007.3795 41.72 21.77 -26.44969773078975 17.92647311717936
2007.4068 41.72 21.77 12.48536240633248 14.39860593431649
2007.4342 41.72 21.77 -12.21666586537034 13.60044248945323
2007.4616 41.72 21.77 6.33376993243460 18.92079925670575
2007.4890 41.72 21.77 -1.54648990880953 13.62910106375639
2007.5164 41.72 21.77 -21.23948573639298 14.66105282426727
2007.5438 41.72 21.77 -32.06333446903466 14.06776092861313
2007.5712 41.72 21.77 -44.19005063523356 14.46342466399600
2007.5986 41.72 21.77 -15.93923008293326 18.20936434100300
2007.6260 41.72 21.77 -34.36877298057019 14.34356091900792
2007.6534 41.72 21.77 -41.73727817054245 14.65013208990328
2007.6808 41.72 21.77 -36.92247238450031 15.30839180480565
2007.7082 41.72 21.77 -35.94536895003030 10.51982881454522
2007.7356 41.72 21.77 -35.91525085690385 15.72164033571725
2007.7630 41.72 21.77 -29.74606223187033 11.26549549233674
2007.7904 41.72 21.77 -32.94385207950265 15.66895934236948
2007.8178 41.72 21.77 -26.48170128524900 18.48984763952382
2007.8452 41.72 21.77 -1.22410966826915 14.35086566333950
2007.8726 41.72 21.77 6.92774541657639 16.99240658817028
2007.9000 41.72 21.77 5.58621651962587 17.89808500773047
2007.9274 41.72 21.77 -11.94375104945986 17.79964697660858
2007.9548 41.72 21.77 -6.62479499463491 12.99767230396648
2007.9822 41.72 21.77 23.40899313590512 16.44073309191919
2008.0096 41.72 21.77 27.33234660091201 14.30941266529723
2008.0370 41.72 21.77 37.97498899036759 14.96940948786767
2008.0644 41.72 21.77 16.16023896345899 17.66178971866684
2008.0918 41.72 21.77 -4.00438535196024 13.34153545283782
2008.1192 41.72 21.77 10.71511103251279 16.29656806437174
2008.1466 41.72 21.77 8.09113110434087 19.28361838309460
2008.1740 41.72 21.77 -7.03861891857587 16.62480646914813
2008.2014 41.72 21.77 -22.46320870179842 18.33000635292855
2008.2288 41.72 21.77 16.80369165207611 20.28189551818651
2008.2562 41.72 21.77 16.56307571557993 19.25716440316945
2008.2836 41.72 21.77 8.37194080403416 23.22631326878667
2008.3110 41.72 21.77 3.39103692722418 24.29792400585591
2008.3384 41.72 21.77 12.91482002328398 17.82753350272366
2008.3658 41.72 21.77 2.10801055432172 18.01710555938297
2008.3932 41.72 21.77 31.39395521025064 15.97377535634808
2008.4205 41.72 21.77 -1.70808231675741 13.95103527877659
2008.4479 41.72 21.77 -10.93961092370475 14.44746504362902
2008.4753 41.72 21.77 -15.65858285566037 13.85718390480901
2008.5027 41.72 21.77 -6.03814441169194 17.15071015042061
2008.5301 41.72 21.77 -17.88729053208304 21.21760974590544
2008.5575 41.72 21.77 -23.29236367600882 13.32656866165511
2008.5849 41.72 21.77 -42.84643547543784 15.91730612769056
2008.6123 41.72 21.77 -41.27889145427165 12.64869233036300
2008.6397 41.72 21.77 -35.54493254833714 14.14391598945330
2008.6671 41.72 21.77 -25.95344471014455 13.42150748956184
2008.6945 41.72 21.77 -38.55699939871455 12.92153758428876
2008.7219 41.72 21.77 -20.59799050940576 15.38145267674595
2008.7493 41.72 21.77 -16.56270253210879 13.75338269937651
2008.7767 41.72 21.77 -37.46113546119462 16.56763451043950
2008.8041 41.72 21.77 -42.01650934383877 16.72755935618719
2008.8315 41.72 21.77 -25.18123722741407 18.74452374053308
2008.8589 41.72 21.77 -28.46566340980741 21.94592474509831
2008.8863 41.72 21.77 -38.00347958382773 21.04280981653675
2008.9137 41.72 21.77 -26.39034409800233 20.14595650791598
2008.9411 41.72 21.77 -12.64278150106197 20.73654216081649
2008.9685 41.72 21.77 -3.59387498947796 19.33093533220567
2008.9945 41.72 21.77 -18.34371311978611 16.41248118653720
2009.0205 41.72 21.77 6.68391658349806 16.32322979369864
2009.0479 41.72 21.77 8.96430321988623 16.32472553111253
2009.0753 41.72 21.77 4.75578139863768 15.35905920217669
2009.1027 41.72 21.77 14.83086724722878 19.56858893308512
2009.1301 41.72 21.77 32.70194905680951 15.21645776878812
2009.1575 41.72 21.77 23.40939696329158 15.35730437702745
2009.1849 41.72 21.77 6.39193064861379 18.41856223055750
2009.2123 41.72 21.77 15.84023216224809 15.02612260432868
2009.2397 41.72 21.77 34.18368934785122 17.62115700403954
2009.2671 41.72 21.77 22.01308594993980 14.55907700638783
2009.2945 41.72 21.77 14.85862723969817 15.00213326307016
2009.3219 41.72 21.77 5.71752955492087 15.61235488380207
2009.3493 41.72 21.77 26.98352475952628 14.17161826252337
2009.3767 41.72 21.77 18.83713142653289 14.92191643094134
2009.4041 41.72 21.77 16.14106305126495 12.83882833861507
2009.4315 41.72 21.77 -4.18366498992913 15.21895030015663
2009.4589 41.72 21.77 9.41879548827714 12.41821435504422
2009.4863 41.72 21.77 -9.78297213978734 13.82321847417888
2009.5137 41.72 21.77 -18.45811046967660 12.92127729298315
2009.5411 41.72 21.77 -9.47869078754007 16.24048364339943
2009.5685 41.72 21.77 -3.19083256282375 17.42546908914865
2009.5959 41.72 21.77 -19.74400489238380 15.09010479132329
2009.6233 41.72 21.77 -14.95953262144695 16.06817803408133
2009.6507 41.72 21.77 -17.69478794479635 15.50481959275352
2009.6781 41.72 21.77 -21.01011816700325 16.83025423081306
2009.7055 41.72 21.77 -19.71060832973054 17.71951677134241
2009.7329 41.72 21.77 -22.82931042369551 16.88933347950001
2009.7603 41.72 21.77 -20.05233001612743 19.34702935717935
2009.7877 41.72 21.77 -17.26131567469902 17.79805893672082
2009.8151 41.72 21.77 13.43271407416869 19.36282815022999
2009.8425 41.72 21.77 0.68702662516224 17.40967275052665
2009.8699 41.72 21.77 -7.19561433575945 16.53938596404022
2009.8973 41.72 21.77 -19.82648044530522 15.36467969915969
2009.9247 41.72 21.77 5.73520724474142 14.84162723215705
2009.9521 41.72 21.77 13.83945349189815 14.10079254247465
2009.9795 41.72 21.77 25.94640510523071 14.50616056916424
2010.0068 41.72 21.77 22.51971092279816 19.02102726239494
2010.0342 41.72 21.77 27.94512987503938 14.33666017448565
2010.0616 41.72 21.77 28.81802775284280 14.81473766625743
2010.0890 41.72 21.77 17.75355979157586 18.27602025491185
2010.1164 41.72 21.77 19.92446513029275 18.89606195286337
2010.1438 41.72 21.77 31.15191782632828 17.83613286353474
2010.1712 41.72 21.77 43.79542159608167 16.99964599329335
2010.1986 41.72 21.77 31.07748448352892 16.26698274361866
2010.2260 41.72 21.77 18.84575353618161 17.87598845584775
2010.2534 41.72 21.77 -5.17614018253242 18.33380172845716
2010.2808 41.72 21.77 26.90542776344262 13.74098086171928
2010.3082 41.72 21.77 36.07457026093105 14.56547769927151
2010.3356 41.72 21.77 22.88092586857451 12.82203263508663
2010.3630 41.72 21.77 15.19983218650794 13.76389820339048
2010.3904 41.72 21.77 27.05680437087937 13.80274662204933
2010.4178 41.72 21.77 11.30606163433513 14.73726423054824
2010.4452 41.72 21.77 28.10627316742108 12.78817067109328
2010.4726 41.72 21.77 29.32991796290848 11.32390957760755
2010.5000 41.72 21.77 21.94380564660419 13.15859266529159
2010.5274 41.72 21.77 14.26776905216721 22.20447732694902
2010.5548 41.72 21.77 3.84882986264119 13.68158616279200
2010.5822 41.72 21.77 10.62571630781945 12.21543008379623
2010.6096 41.72 21.77 -5.15042121508208 16.44158507801825
2010.6370 41.72 21.77 -33.09437336005337 14.41615261973715
2010.6644 41.72 21.77 -34.26870347745837 13.36669491942921
2010.6918 41.72 21.77 -34.96290964494496 16.56255922966379
2010.7192 41.72 21.77 -18.07574727368836 15.33512118632695
2010.7466 41.72 21.77 -31.59376170186525 18.20045931282259
2010.7740 41.72 21.77 -46.60529220931514 14.12104381970260
2010.8014 41.72 21.77 -15.80712595098185 13.55260315471901
2010.8288 41.72 21.77 9.64685137250185 15.78303433602840
2010.8562 41.72 21.77 6.60191309470517 15.40591829071652
2010.8836 41.72 21.77 17.39348531081407 13.98531957954042
2010.9110 41.72 21.77 -8.04151876638616 15.60736010853754
2010.9384 41.72 21.77 12.12954193070723 16.29626547594372
2010.9658 41.72 21.77 19.17074359745828 18.10632404834035
2010.9932 41.72 21.77 33.52943438646895 12.96016950541850
2011.1027 41.72 21.77 3.40753380914401 13.01272645118528
2011.1301 41.72 21.77 34.08015557234507 21.48457477082240
2011.1575 41.72 21.77 -0.49195255690630 13.74071652147887
2011.1849 41.72 21.77 8.98848987118958 10.46538246469127
2011.2123 41.72 21.77 20.75992710164050 18.22901104668459
2011.2397 41.72 21.77 -11.56930150825562 19.17497388418255
2011.2671 41.72 21.77 -5.74270702524525 15.11167208247599
2011.2945 41.72 21.77 15.23757617527380 18.00737204356923
2011.3219 41.72 21.77 -2.06147325414555 16.79419063899058
2011.3493 41.72 21.77 34.98807017993772 14.78072812636495
2011.3767 41.72 21.77 11.54023922462984 17.68131531179293
2011.4041 41.72 21.77 3.02879260151492 15.19519791932660
2011.4315 41.72 21.77 16.04095163558605 14.85360953139537
2011.5137 41.72 21.77 -9.67702982780883 13.58293120985272
2011.5411 41.72 21.77 -4.94265752838991 14.79600752272425
2011.5685 41.72 21.77 -15.67155716674905 14.26332666694110
2011.5959 41.72 21.77 -38.07914712756411 15.49506022015366
2011.6233 41.72 21.77 -11.69444508755715 15.33996881121000
2011.6507 41.72 21.77 -20.57466512800950 18.80219047363793
2011.6781 41.72 21.77 -49.71826874292437 17.43419392865129
2011.7055 41.72 21.77 -50.38678292713652 17.53205921608948
2011.7329 41.72 21.77 -25.67415380285982 20.62428334467561
2011.7603 41.72 21.77 -38.44516393900435 17.46883703949713
2011.7877 41.72 21.77 -22.02792831695020 18.73919350265102
2011.8151 41.72 21.77 -34.65479741191152 18.27709673516526
2011.8425 41.72 21.77 -31.98587496808953 20.11927144569214
2011.8699 41.72 21.77 -21.19651289323312 18.57435667009337
2011.9521 41.72 21.77 -30.53133159454329 11.32704303272377
2011.9795 41.72 21.77 -32.28291965288412 15.74653627901248
2012.0068 41.72 21.77 -21.67443662548029 14.50824239425198
2012.0342 41.72 21.77 -1.65750738391285 17.58490931846510
2012.0616 41.72 21.77 6.22625850603740 15.15382893706087
2012.0890 41.72 21.77 17.58190771286353 14.87574154799143
2012.1164 41.72 21.77 29.26123835063597 14.47326706447421
2012.1438 41.72 21.77 17.09524278723663 14.93967884517331
2012.1712 41.72 21.77 45.98630759902070 14.08034984344161
2012.1986 41.72 21.77 20.63535995466895 12.60386948652162
2012.2260 41.72 21.77 16.92371995306925 13.10884752579686
2012.2534 41.72 21.77 10.65148295482346 12.70026712213823
2012.2808 41.72 21.77 16.06923384806905 11.75115602567359
2012.3082 41.72 21.77 6.84816872570550 13.29927109572343
2012.3904 41.72 21.77 -14.03237258898734 13.78045791878009
2012.4178 41.72 21.77 20.42946621359786 10.67847554881443
2012.4452 41.72 21.77 20.19323492578910 10.47451952145337
2012.4726 41.72 21.77 -6.94866851494906 11.42420020458076
2012.5000 41.72 21.77 -1.64725312561194 10.75607456010573
2012.5274 41.72 21.77 8.73368612593656 11.57544486896346
2012.5548 41.72 21.77 0.92168411397256 11.57446597832086
2012.5822 41.72 21.77 2.64656972806928 12.37408075197886
2012.6096 41.72 21.77 -35.93325841897077 12.39507872773508
2012.6370 41.72 21.77 -47.94976345952579 11.29664615043224
2012.6644 41.72 21.77 -22.41326711411038 12.50565663212237
2012.6918 41.72 21.77 -49.28994490655391 12.98090131697467
2012.7192 41.72 21.77 -47.01322986158593 16.06411470463234
2012.7466 41.72 21.77 -40.54662952034698 10.51918347479527
2012.8562 41.72 21.77 -59.07776750204835 16.50083015300467
2012.8836 41.72 21.77 -47.05878760619154 15.58994275149296
2012.9110 41.72 21.77 -34.14342582203680 14.69233879809084
2012.9384 41.72 21.77 -2.35455974192280 13.78078671826016
2012.9658 41.72 21.77 20.30900611611760 16.00660143680516
2012.9918 41.72 21.77 2.15141372265238 7.41035159011815
2013.0178 41.72 21.77 7.26995135271559 8.97862310995406
2013.0452 41.72 21.77 31.70961189553188 8.88617874359739
2013.0726 41.72 21.77 41.66992290995825 8.09941595880851
2013.1000 41.72 21.77 11.35676658271319 8.33645435892271
2013.1274 41.72 21.77 34.14108501959949 7.60905827941231
2013.1548 41.72 21.77 14.94129714664905 6.83468444772926
2013.2644 41.72 21.77 89.08942750579648 7.76178894462984
2013.2918 41.72 21.77 35.08075496917300 7.88836632540777
2013.3192 41.72 21.77 52.29450992147756 8.87460009270182
2013.3466 41.72 21.77 8.37334640325847 9.15528811142038
2013.3740 41.72 21.77 26.11689539362600 7.66913885747704
2013.4014 41.72 21.77 5.07089358580819 7.96329967593430
2013.4288 41.72 21.77 -4.35285241029912 6.82868501023246
2013.4562 41.72 21.77 2.30474776887173 6.94004745363804
2013.4836 41.72 21.77 19.79999992887148 7.18832062373556
2013.5110 41.72 21.77 -2.09679398681830 8.28397882543241
2013.5384 41.72 21.77 -14.88046294636716 7.92116729823103
2013.5658 41.72 21.77 -26.51699136632649 8.43737021071992
2013.7575 41.72 21.77 -16.94235616892083 7.83097056279764
2013.7849 41.72 21.77 -19.63131390243044 8.24488250337343
2013.8123 41.72 21.77 -16.63286802248934 7.48609331302763
2013.8397 41.72 21.77 -41.61823276658286 7.62003858579727
2013.8671 41.72 21.77 -20.45565866695956 8.11689663555316
2013.8945 41.72 21.77 -22.94938637183915 7.59618763695314
2013.9219 41.72 21.77 -14.23527587452326 6.58464076208704
2013.9493 41.72 21.77 -11.28776277451560 7.16344540516409
2013.9767 41.72 21.77 -23.95949542990603 7.11948759676353
2014.0041 41.72 21.77 -22.69931981902566 6.90453009285677
2014.0315 41.72 21.77 -40.18680755161110 7.30754806503898
2014.1685 41.72 21.77 -3.49679420722039 7.59984984310722
2014.1959 41.72 21.77 -18.61433557955083 8.03147952449782
2014.2233 41.72 21.77 -1.89456153733870 7.51203666913664
2014.2507 41.72 21.77 -20.86314277042494 6.78216076065629
2014.2781 41.72 21.77 -25.24887462865624 7.24951940876748
2014.3055 41.72 21.77 8.99751813079647 6.89503794521453
2014.3329 41.72 21.77 23.40287565396582 5.42710478166097
2014.3603 41.72 21.77 16.14681502238078 6.37864218078938
2014.3877 41.72 21.77 -5.93913651791095 6.39781417379407
2014.4151 41.72 21.77 0.00205431334985 6.31200811885327
2014.4425 41.72 21.77 -17.88213728533049 6.77732051363010
2014.4699 41.72 21.77 -7.37266556792598 6.64292584758399
2014.5795 41.72 21.77 7.53661980662985 5.28094607588179
2014.6068 41.72 21.77 -4.34404368603926 5.81470494476523
2014.6342 41.72 21.77 3.53141105010199 5.11851639220965
2014.6616 41.72 21.77 -15.00548847186639 5.92913694714570
2014.6890 41.72 21.77 3.64536009118153 5.76917277616470
2014.7164 41.72 21.77 -7.05744049742955 5.62835531407824
2014.7438 41.72 21.77 -11.07864476566527 6.25606126339854
2014.7712 41.72 21.77 12.63573822405780 6.18089717742061
2014.7986 41.72 21.77 -33.53129604301025 5.30634672828899
2014.8260 41.72 21.77 -3.60020699393860 5.25737736551190
2014.8534 41.72 21.77 -16.49425899188434 5.62227565563953
2014.8808 41.72 21.77 5.04362218006296 5.63786703272808
2014.9082 41.72 21.77 7.06627698563839 5.77303797407466
2015.0452 41.72 21.77 -10.93887227186282 4.00787954022926
2015.0726 41.72 21.77 -3.01350842374531 4.57780632169114
2015.1000 41.72 21.77 34.69359823102054 3.88890675895059
2015.1274 41.72 21.77 18.23988596953055 3.57728161396430
2015.1548 41.72 21.77 10.18093581126866 4.39798123875424
2015.1822 41.72 21.77 48.14722584329525 4.02390058849766
2015.2096 41.72 21.77 96.89079379155648 5.84494189031951
2015.2370 41.72 21.77 23.28219176364543 6.43171784811976
2015.2644 41.72 21.77 30.48588025250783 5.51049353020996
2015.2918 41.72 21.77 40.43065287225507 5.42221205419735
2015.3192 41.72 21.77 35.45069087779193 5.20552641346642
2015.3466 41.72 21.77 12.28108984183190 5.74089905893151
2015.4836 41.72 21.77 28.66383072549224 4.73400973862026
2015.5110 41.72 21.77 22.26850385688636 4.67073379407755
2015.5384 41.72 21.77 18.84225909879433 5.33227549725647
2015.5658 41.72 21.77 -0.72286620465289 5.68429950686459
2015.5932 41.72 21.77 -20.80504076104031 6.02347293036236
2015.6205 41.72 21.77 -15.38410342608079 5.67257076507919
2015.6479 41.72 21.77 -22.25321899693666 5.54559390012242
2015.6753 41.72 21.77 -38.76429302835008 5.18296291883227
2015.7027 41.72 21.77 -25.91450456336735 5.90389537836845
2015.7301 41.72 21.77 -6.92043509743490 5.78354608702677
2015.9493 41.72 21.77 5.53656812582619 5.50637312825426
2015.9767 41.72 21.77 4.00169337597249 6.08670526085319
2016.0041 41.72 21.77 -8.88265437519308 5.36778915403540
2016.0315 41.72 21.77 40.42447036529433 5.09297815823753
2016.0589 41.72 21.77 -0.07302648627486 5.20911021980905
2016.0863 41.72 21.77 -20.97759471696164 4.53539640796818
2016.1137 41.72 21.77 -0.36042490481156 5.33128251946250
2016.1411 41.72 21.77 36.45576111609672 6.59488941810427
2016.1685 41.72 21.77 42.97758096808008 7.29216976518271
2016.1959 41.72 21.77 27.67966944959549 7.18644633065075
2016.2233 41.72 21.77 53.81953644122626 7.33685400273041
2016.2507 41.72 21.77 47.51344217453067 5.47519087647385
2016.3603 41.72 21.77 22.21524536928208 5.15462684645054
2016.3877 41.72 21.77 33.53062495973640 6.36429123750268
2016.4151 41.72 21.77 12.99755489394660 6.15886324475365
2016.4425 41.72 21.77 22.49247172059892 6.78762289687394
2016.4699 41.72 21.77 26.68899021474449 6.63561616131933
