2002.5877 9.94 -84.05 0.140 -0.131 0.094 0.108 0.071 0.456
2002.6151 9.94 -84.05 0.082 -0.004 -1.863 0.104 0.069 0.437
2002.6425 9.94 -84.05 -0.221 0.133 -2.700 0.106 0.071 0.447
2002.6699 9.94 -84.05 0.111 -0.022 -4.126 0.092 0.059 0.388
2002.6973 9.94 -84.05 0.345 -0.822 -4.589 0.149 0.065 0.561
2002.7247 9.94 -84.05 0.359 -0.544 -4.271 0.099 0.068 0.418
2002.7521 9.94 -84.05 0.346 -0.092 -2.581 0.091 0.063 0.390
2002.7795 9.94 -84.05 0.481 -0.658 -4.819 0.106 0.071 0.447
2002.8068 9.94 -84.05 0.390 -0.878 -2.840 0.095 0.064 0.402
2002.8342 9.94 -84.05 0.559 -0.441 -5.185 0.093 0.063 0.396
2002.8616 9.94 -84.05 0.023 -0.437 -4.699 0.095 0.056 0.392
2002.8890 9.94 -84.05 0.398 -0.031 -1.717 0.094 0.064 0.401
2002.9164 9.94 -84.05 0.320 -0.454 -3.149 0.101 0.065 0.424
2003.0260 9.94 -84.05 0.099 -0.111 0.214 0.114 0.072 0.475
2003.0534 9.94 -84.05 0.234 -0.154 4.188 0.185 0.123 0.762
2003.0808 9.94 -84.05 -0.094 -0.153 1.035 0.165 0.101 0.672
2003.1082 9.94 -84.05 0.398 -0.392 0.851 0.096 0.059 0.403
2003.1356 9.94 -84.05 0.059 -0.393 2.314 0.089 0.055 0.377
2003.1630 9.94 -84.05 -0.013 -0.710 0.971 0.095 0.059 0.399
2003.1904 9.94 -84.05 -0.316 -0.444 1.541 0.111 0.067 0.460
2003.2178 9.94 -84.05 -0.384 -0.497 3.515 0.093 0.059 0.394
2003.2452 9.94 -84.05 -0.372 -0.172 3.025 0.092 0.058 0.387
2003.2726 9.94 -84.05 -0.961 -0.554 5.553 0.089 0.057 0.377
2003.3000 9.94 -84.05 -0.803 0.349 5.337 0.087 0.056 0.370
2003.3274 9.94 -84.05 -0.714 -0.258 4.032 0.114 0.074 0.475
2003.3548 9.94 -84.05 -1.074 0.675 3.710 0.124 0.083 0.519
2003.3822 9.94 -84.05 -0.867 0.358 3.292 0.113 0.070 0.469
2003.5192 9.94 -84.05 -0.038 0.390 0.268 0.119 0.082 0.498
2003.5466 9.94 -84.05 0.140 0.076 -2.484 0.131 0.093 0.551
2003.5740 9.94 -84.05 0.144 0.431 -2.607 0.153 0.111 0.641
2003.6014 9.94 -84.05 0.206 0.134 -2.651 0.131 0.093 0.551
2003.6288 9.94 -84.05 0.291 0.124 -3.714 0.124 0.086 0.522
2003.6562 9.94 -84.05 0.481 0.088 -1.674 0.133 0.093 0.559
2003.6836 9.94 -84.05 0.179 0.066 -1.746 0.132 0.094 0.553
2003.7110 9.94 -84.05 0.314 -0.682 -2.598 0.104 0.070 0.436
2003.7384 9.94 -84.05 0.439 -0.155 -1.516 0.125 0.088 0.525
2003.7658 9.94 -84.05 0.449 -0.459 -4.281 0.115 0.080 0.484
2003.7932 9.94 -84.05 0.479 -0.154 -2.634 0.128 0.091 0.538
2003.8205 9.94 -84.05 0.474 -0.274 -6.690 0.138 0.095 0.575
2003.8479 9.94 -84.05 0.478 -0.505 -4.027 0.122 0.080 0.504
2003.8753 9.94 -84.05 0.546 -0.448 -2.477 0.128 0.089 0.535
2003.9027 9.94 -84.05 0.194 -0.400 -2.228 0.117 0.078 0.487
2003.9301 9.94 -84.05 0.449 -0.356 -1.940 0.122 0.084 0.509
2003.9575 9.94 -84.05 0.471 -0.222 -2.548 0.137 0.098 0.574
2003.9849 9.94 -84.05 0.175 -0.360 -2.648 0.130 0.091 0.544
2004.0123 9.94 -84.05 0.197 -0.287 -1.094 0.139 0.098 0.581
2004.0397 9.94 -84.05 0.312 -0.109 -0.860 0.117 0.073 0.484
2004.0945 9.94 -84.05 0.142 -0.255 1.771 0.109 0.068 0.454
2004.1219 9.94 -84.05 0.014 -0.587 2.410 0.117 0.079 0.489
2004.1493 9.94 -84.05 -0.019 -0.679 1.815 0.138 0.095 0.573
2004.1767 9.94 -84.05 -0.258 -0.678 2.703 0.147 0.105 0.614
2004.2041 9.94 -84.05 -0.148 -0.427 4.860 0.120 0.082 0.500
2004.2315 9.94 -84.05 -0.456 -0.410 5.045 0.122 0.083 0.507
2004.2589 9.94 -84.05 -0.290 -0.190 5.062 0.126 0.085 0.523
2004.2863 9.94 -84.05 -0.410 -0.115 3.441 0.127 0.086 0.525
2004.3137 9.94 -84.05 -0.736 0.218 2.772 0.120 0.082 0.500
2004.3411 9.94 -84.05 -0.878 0.165 2.373 0.132 0.090 0.547
2004.3685 9.94 -84.05 -0.620 0.005 1.043 0.127 0.084 0.525
2004.3959 9.94 -84.05 -0.312 0.133 0.994 0.112 0.072 0.462
2004.4233 9.94 -84.05 -0.554 0.606 -1.900 0.107 0.069 0.444
2004.4507 9.94 -84.05 -0.201 0.304 -0.184 0.096 0.062 0.399
2004.4781 9.94 -84.05 -0.168 0.223 -0.462 0.105 0.068 0.436
2004.5055 9.94 -84.05 0.186 0.280 -0.466 0.103 0.066 0.425
2004.5329 9.94 -84.05 0.115 0.008 -1.760 0.097 0.062 0.403
2004.5603 9.94 -84.05 -0.077 -0.045 0.116 0.100 0.064 0.414
2004.5877 9.94 -84.05 0.083 -0.198 -3.192 0.101 0.064 0.418
2004.6151 9.94 -84.05 0.344 -0.194 -2.236 0.111 0.071 0.457
2004.6425 9.94 -84.05 0.316 -0.291 -2.893 0.095 0.059 0.393
2004.6699 9.94 -84.05 0.145 -0.204 -3.882 0.095 0.059 0.394
2004.6973 9.94 -84.05 0.062 0.057 -2.090 0.089 0.056 0.372
2004.7247 9.94 -84.05 -0.009 -0.771 -3.455 0.102 0.064 0.421
2004.7521 9.94 -84.05 -0.019 -0.516 -4.146 0.098 0.061 0.405
2004.7795 9.94 -84.05 0.432 -0.427 -3.821 0.095 0.060 0.395
2004.8068 9.94 -84.05 0.460 -0.422 -4.136 0.105 0.067 0.435
2004.8342 9.94 -84.05 0.358 -0.608 -4.163 0.104 0.067 0.430
2004.8616 9.94 -84.05 0.277 -0.303 -2.814 0.092 0.058 0.384
2004.8890 9.94 -84.05 0.282 -0.545 -2.190 0.092 0.059 0.385
2004.9164 9.94 -84.05 0.398 -0.104 -1.675 0.100 0.064 0.416
2004.9438 9.94 -84.05 0.289 -0.427 -3.919 0.111 0.069 0.457
2004.9712 9.94 -84.05 0.513 -0.164 -1.779 0.100 0.066 0.419
2004.9973 9.94 -84.05 0.367 -0.435 -1.656 0.097 0.063 0.405
2005.0233 9.94 -84.05 0.055 -0.592 -1.314 0.112 0.076 0.469
2005.0507 9.94 -84.05 0.054 0.123 0.167 0.164 0.123 0.691
2005.0781 9.94 -84.05 0.148 0.001 2.678 0.125 0.088 0.524
2005.1055 9.94 -84.05 0.084 0.151 1.648 0.124 0.087 0.520
2005.1329 9.94 -84.05 -0.195 0.200 2.760 0.127 0.090 0.532
2005.1603 9.94 -84.05 -0.365 0.108 2.740 0.114 0.077 0.475
2005.1877 9.94 -84.05 -0.467 0.227 2.502 0.115 0.075 0.474
2005.2151 9.94 -84.05 -0.730 0.189 4.954 0.108 0.069 0.447
2005.2425 9.94 -84.05 -0.530 0.118 3.352 0.104 0.068 0.435
2005.2699 9.94 -84.05 -0.551 0.354 3.095 0.111 0.074 0.463
2005.2973 9.94 -84.05 -0.880 0.054 3.337 0.117 0.078 0.487
2005.3247 9.94 -84.05 -0.884 -0.008 5.016 0.124 0.082 0.511
2005.3521 9.94 -84.05 -0.793 0.371 4.704 0.055 0.035 0.247
2005.3795 9.94 -84.05 -0.864 0.380 3.998 0.116 0.076 0.480
2005.4068 9.94 -84.05 -0.618 0.547 2.925 0.107 0.069 0.443
2005.4342 9.94 -84.05 -0.320 0.565 2.558 0.122 0.079 0.504
2005.4616 9.94 -84.05 -0.195 0.257 1.339 0.111 0.072 0.460
2005.4890 9.94 -84.05 -0.076 0.078 1.253 0.105 0.069 0.438
2005.5164 9.94 -84.05 -0.292 0.044 -0.545 0.105 0.069 0.437
2005.5438 9.94 -84.05 -0.026 0.114 -2.319 0.114 0.076 0.474
2005.5712 9.94 -84.05 -0.044 0.231 -1.279 0.124 0.083 0.514
2005.5986 9.94 -84.05 -0.166 -0.119 -2.990 0.126 0.085 0.525
2005.6260 9.94 -84.05 0.347 -0.413 -2.769 0.112 0.074 0.466
2005.6534 9.94 -84.05 0.136 -0.562 -1.026 0.118 0.079 0.491
2005.6808 9.94 -84.05 0.241 -0.621 -3.131 0.116 0.078 0.482
2005.7082 9.94 -84.05 0.440 -0.680 -1.326 0.140 0.097 0.581
2005.7356 9.94 -84.05 0.508 -0.672 -2.306 0.123 0.084 0.513
2005.7630 9.94 -84.05 0.690 -0.737 -1.810 0.123 0.085 0.515
2005.7904 9.94 -84.05 0.513 -0.816 -3.002 0.116 0.079 0.483
2005.8178 9.94 -84.05 0.590 -0.649 -3.371 0.119 0.081 0.497
2005.8452 9.94 -84.05 0.680 -0.555 -3.078 0.127 0.087 0.531
2005.8726 9.94 -84.05 0.525 -0.294 -1.633 0.110 0.075 0.463
2005.9000 9.94 -84.05 0.614 -0.203 -2.301 0.108 0.072 0.451
2005.9274 9.94 -84.05 0.695 -0.057 -2.746 0.113 0.069 0.464
2005.9548 9.94 -84.05 0.152 -0.385 -2.043 0.109 0.063 0.460
2005.9822 9.94 -84.05 0.101 -0.189 -0.670 0.106 0.066 0.442
2006.0096 9.94 -84.05 0.243 0.225 2.494 0.116 0.075 0.479
2006.0370 9.94 -84.05 0.220 -0.059 -0.254 0.145 0.097 0.599
2006.0644 9.94 -84.05 0.033 0.245 -0.128 0.147 0.098 0.608
2006.0918 9.94 -84.05 0.139 0.409 1.416 0.146 0.099 0.606
2006.1192 9.94 -84.05 -0.125 0.202 -0.437 0.165 0.116 0.686
2006.1466 9.94 -84.05 -0.310 0.230 1.215 0.130 0.089 0.543
2006.1740 9.94 -84.05 -0.166 0.367 0.628 0.146 0.104 0.611
2006.2014 9.94 -84.05 -0.722 0.222 1.180 0.114 0.078 0.477
2006.2288 9.94 -84.05 -0.631 0.107 1.873 0.147 0.106 0.616
2006.2562 9.94 -84.05 -0.885 0.353 3.109 0.138 0.100 0.580
2006.2836 9.94 -84.05 -0.702 0.477 3.356 0.135 0.097 0.568
2006.3110 9.94 -84.05 -0.826 0.327 4.202 0.144 0.105 0.606
2006.3384 9.94 -84.05 -0.847 0.747 3.057 0.131 0.095 0.551
2006.3658 9.94 -84.05 -0.589 0.726 4.726 0.145 0.106 0.609
2006.3932 9.94 -84.05 -0.765 0.578 2.751 0.142 0.103 0.599
2006.4205 9.94 -84.05 -0.736 0.816 2.710 0.143 0.102 0.600
2006.4479 9.94 -84.05 -0.592 0.834 1.144 0.157 0.108 0.652
2006.4753 9.94 -84.05 -0.382 0.845 0.000 0.159 0.114 0.665
2006.5027 9.94 -84.05 -0.509 0.722 -2.772 0.165 0.119 0.690
2006.5301 9.94 -84.05 -0.162 0.401 -0.788 0.196 0.145 0.822
2006.5575 9.94 -84.05 -0.011 0.143 -2.462 0.156 0.114 0.656
2006.5849 9.94 -84.05 0.115 0.155 -2.021 0.160 0.117 0.673
2006.6123 9.94 -84.05 0.097 -0.062 -0.604 0.197 0.151 0.835
2006.6397 9.94 -84.05 0.307 -0.313 -2.149 0.167 0.125 0.706
2006.6671 9.94 -84.05 0.270 -0.277 -2.061 0.152 0.111 0.640
2006.6945 9.94 -84.05 0.320 -0.732 -2.088 0.194 0.145 0.816
2006.7219 9.94 -84.05 0.442 -0.362 -2.958 0.182 0.131 0.761
2006.7493 9.94 -84.05 0.453 -0.359 -1.026 0.217 0.159 0.906
2006.7767 9.94 -84.05 0.600 -0.351 -2.398 0.188 0.139 0.791
2006.8041 9.94 -84.05 0.372 -0.394 -0.235 0.152 0.109 0.635
2006.8315 9.94 -84.05 -0.057 -0.055 -0.669 0.176 0.130 0.740
2006.8589 9.94 -84.05 0.451 0.024 -1.756 0.172 0.124 0.718
2006.8863 9.94 -84.05 0.216 0.059 -0.121 0.164 0.118 0.687
2006.9137 9.94 -84.05 0.255 -0.042 -1.261 0.160 0.112 0.664
2006.9411 9.94 -84.05 0.363 0.215 -1.246 0.157 0.109 0.652
2006.9685 9.94 -84.05 0.458 0.166 -0.206 0.156 0.106 0.646
2006.9959 9.94 -84.05 0.422 0.164 0.134 0.156 0.103 0.640
2007.0233 9.94 -84.05 0.208 0.098 0.403 0.144 0.094 0.594
2007.0507 9.94 -84.05 0.260 -0.035 -0.026 0.151 0.099 0.621
2007.0781 9.94 -84.05 -0.133 -0.275 -0.574 0.155 0.107 0.642
2007.1055 9.94 -84.05 -0.150 -0.306 3.245 0.138 0.094 0.575
2007.1329 9.94 -84.05 -0.113 -0.236 4.667 0.151 0.104 0.627
2007.1603 9.94 -84.05 -0.185 -0.330 4.931 0.143 0.099 0.597
2007.1877 9.94 -84.05 -0.353 -0.096 7.187 0.185 0.136 0.777
2007.2151 9.94 -84.05 -0.099 -0.187 4.350 0.165 0.120 0.692
2007.2425 9.94 -84.05 -0.389 -0.139 4.169 0.159 0.115 0.666
2007.2699 9.94 -84.05 -0.742 0.225 4.161 0.127 0.087 0.529
2007.2973 9.94 -84.05 -0.604 0.438 5.241 0.119 0.082 0.500
2007.3247 9.94 -84.05 -0.509 0.271 4.182 0.146 0.104 0.611
2007.3521 9.94 -84.05 -0.882 0.500 3.118 0.160 0.116 0.669
2007.3795 9.94 -84.05 -0.569 0.751 3.007 0.168 0.123 0.704
2007.4068 9.94 -84.05 -0.477 0.776 2.502 0.140 0.099 0.585
2007.4342 9.94 -84.05 -0.468 0.693 0.436 0.134 0.093 0.559
2007.4616 9.94 -84.05 -0.331 0.625 0.904 0.175 0.129 0.736
2007.4890 9.94 -84.05 -0.232 0.521 0.674 0.135 0.093 0.562
2007.5164 9.94 -84.05 -0.117 0.611 1.957 0.142 0.101 0.594
2007.5438 9.94 -84.05 0.023 0.454 -0.084 0.138 0.097 0.576
2007.5712 9.94 -84.05 0.076 0.272 -0.141 0.142 0.099 0.591
2007.5986 9.94 -84.05 0.108 -0.280 -0.116 0.173 0.124 0.722
2007.6260 9.94 -84.05 0.053 -0.067 -1.235 0.141 0.098 0.589
2007.6534 9.94 -84.05 0.155 -0.012 -1.484 0.144 0.100 0.598
2007.6808 9.94 -84.05 0.388 -0.302 -1.616 0.151 0.104 0.627
2007.7082 9.94 -84.05 0.264 -0.366 -2.357 0.112 0.072 0.467
2007.7356 9.94 -84.05 0.452 -0.196 -2.226 0.155 0.106 0.643
2007.7630 9.94 -84.05 0.355 -0.201 -3.733 0.120 0.077 0.496
2007.7904 9.94 -84.05 0.570 -0.157 -3.238 0.153 0.106 0.634
2007.8178 9.94 -84.05 0.483 -0.194 -3.615 0.176 0.125 0.731
2007.8452 9.94 -84.05 0.700 -0.312 -3.675 0.143 0.098 0.596
2007.8726 9.94 -84.05 0.276 -0.302 -1.974 0.167 0.117 0.694
2007.9000 9.94 -84.05 0.468 -0.006 -1.232 0.177 0.121 0.732
2007.9274 9.94 -84.05 0.441 0.057 -1.504 0.173 0.122 0.719
2007.9548 9.94 -84.05 0.483 0.015 -2.466 0.130 0.090 0.544
2007.9822 9.94 -84.05 0.116 0.057 -1.776 0.160 0.113 0.667
2008.0096 9.94 -84.05 0.163 0.234 -0.835 0.140 0.099 0.588
2008.0370 9.94 -84.05 0.222 -0.026 0.633 0.144 0.104 0.607
2008.0644 9.94 -84.05 0.497 0.119 1.154 0.166 0.122 0.699
2008.0918 9.94 -84.05 0.114 0.099 1.107 0.133 0.093 0.559
2008.1192 9.94 -84.05 -0.191 0.170 2.676 0.156 0.114 0.657
2008.1466 9.94 -84.05 -0.196 0.235 2.007 0.182 0.134 0.763
2008.1740 9.94 -84.05 -0.355 0.385 3.108 0.159 0.116 0.667
2008.2014 9.94 -84.05 -0.396 0.377 3.428 0.170 0.127 0.718
2008.2288 9.94 -84.05 -0.200 0.393 5.367 0.198 0.139 0.823
2008.2562 9.94 -84.05 -0.934 0.475 5.280 0.185 0.132 0.770
2008.2836 9.94 -84.05 -0.143 0.663 5.233 0.222 0.159 0.923
2008.3110 9.94 -84.05 -0.540 0.511 4.264 0.229 0.166 0.954
2008.3384 9.94 -84.05 -0.612 0.485 5.953 0.170 0.122 0.708
2008.3658 9.94 -84.05 -0.852 0.523 4.246 0.174 0.123 0.721
2008.3932 9.94 -84.05 -0.869 0.692 2.947 0.158 0.109 0.654
2008.4205 9.94 -84.05 -0.712 0.859 2.774 0.138 0.094 0.571
2008.4479 9.94 -84.05 -0.332 0.226 -0.104 0.140 0.098 0.583
2008.4753 9.94 -84.05 -0.212 0.167 2.513 0.136 0.094 0.566
2008.5027 9.94 -84.05 0.164 0.226 0.186 0.167 0.114 0.687
2008.5301 9.94 -84.05 -0.009 0.646 -0.341 0.207 0.142 0.850
2008.5575 9.94 -84.05 0.067 0.130 -1.686 0.135 0.089 0.556
2008.5849 9.94 -84.05 0.017 0.093 -2.301 0.152 0.107 0.632
2008.6123 9.94 -84.05 0.086 0.135 -3.198 0.128 0.085 0.528
2008.6397 9.94 -84.05 0.136 -0.500 -4.040 0.140 0.095 0.578
2008.6671 9.94 -84.05 0.391 -0.089 -2.925 0.134 0.090 0.554
2008.6945 9.94 -84.05 0.427 -0.371 -3.539 0.130 0.087 0.538
2008.7219 9.94 -84.05 0.276 -0.644 -3.941 0.149 0.104 0.618
2008.7493 9.94 -84.05 0.562 -0.530 -4.636 0.135 0.093 0.562
2008.7767 9.94 -84.05 0.555 -0.473 -3.264 0.157 0.113 0.656
2008.8041 9.94 -84.05 0.704 -0.515 -5.280 0.158 0.114 0.661
2008.8315 9.94 -84.05 1.069 -0.342 -4.399 0.179 0.128 0.744
2008.8589 9.94 -84.05 0.857 -0.141 -3.442 0.208 0.150 0.867
2008.8863 9.94 -84.05 0.591 -0.320 -3.969 0.200 0.144 0.832
2008.9137 9.94 -84.05 0.244 -0.063 -5.772 0.191 0.138 0.795
2008.9411 9.94 -84.05 0.284 0.330 -3.140 0.200 0.142 0.830
2008.9685 9.94 -84.05 0.283 -0.020 -4.144 0.187 0.132 0.776
2008.9945 9.94 -84.05 0.328 -0.243 0.590 0.158 0.114 0.662
2009.0205 9.94 -84.05 0.181 0.021 -0.960 0.155 0.115 0.656
2009.0479 9.94 -84.05 0.145 0.029 -0.887 0.156 0.115 0.657
2009.0753 9.94 -84.05 -0.026 0.357 -0.560 0.149 0.108 0.628
2009.1027 9.94 -84.05 -0.473 -0.433 -0.483 0.186 0.137 0.781
2009.1301 9.94 -84.05 -0.302 -0.078 0.101 0.148 0.107 0.623
2009.1575 9.94 -84.05 -0.514 0.398 0.680 0.151 0.108 0.633
2009.1849 9.94 -84.05 -0.648 0.413 -0.842 0.173 0.129 0.729
2009.2123 9.94 -84.05 -0.504 0.432 1.691 0.149 0.104 0.623
2009.2397 9.94 -84.05 -0.396 0.521 1.556 0.168 0.123 0.707
2009.2671 9.94 -84.05 -0.349 0.149 1.449 0.141 0.102 0.593
2009.2945 9.94 -84.05 -0.666 0.587 3.745 0.144 0.105 0.608
2009.3219 9.94 -84.05 -0.766 0.911 2.058 0.151 0.109 0.633
2009.3493 9.94 -84.05 -0.798 0.338 2.742 0.138 0.098 0.580
2009.3767 9.94 -84.05 -0.564 0.240 4.312 0.145 0.103 0.609
2009.4041 9.94 -84.05 -0.585 0.070 1.428 0.128 0.089 0.537
2009.4315 9.94 -84.05 -0.632 0.367 2.160 0.147 0.105 0.616
2009.4589 9.94 -84.05 -0.685 0.560 4.522 0.125 0.085 0.521
2009.4863 9.94 -84.05 -0.331 0.587 1.214 0.138 0.094 0.572
2009.5137 9.94 -84.05 -0.063 0.874 -0.441 0.132 0.087 0.548
2009.5411 9.94 -84.05 -0.214 0.759 -2.095 0.162 0.110 0.670
2009.5685 9.94 -84.05 0.254 0.418 -2.290 0.175 0.118 0.720
2009.5959 9.94 -84.05 0.436 -0.003 -2.261 0.153 0.102 0.632
2009.6233 9.94 -84.05 0.547 0.193 -2.495 0.158 0.109 0.656
2009.6507 9.94 -84.05 0.165 -0.223 -2.786 0.152 0.105 0.633
2009.6781 9.94 -84.05 0.102 -0.155 -3.499 0.163 0.115 0.678
2009.7055 9.94 -84.05 0.279 -0.397 -2.734 0.169 0.121 0.704
2009.7329 9.94 -84.05 0.781 -0.298 -2.339 0.163 0.115 0.678
2009.7603 9.94 -84.05 0.579 -0.204 -1.355 0.186 0.132 0.772
2009.7877 9.94 -84.05 0.439 0.008 -1.701 0.171 0.122 0.714
2009.8151 9.94 -84.05 0.432 -0.325 -1.598 0.183 0.133 0.765
2009.8425 9.94 -84.05 0.428 -0.235 -3.538 0.167 0.120 0.698
2009.8699 9.94 -84.05 0.528 -0.288 -2.372 0.160 0.114 0.668
2009.8973 9.94 -84.05 0.720 -0.317 0.267 0.149 0.107 0.625
2009.9247 9.94 -84.05 0.700 -0.349 -1.309 0.150 0.102 0.621
2009.9521 9.94 -84.05 0.483 -0.587 0.219 0.140 0.098 0.584
2009.9795 9.94 -84.05 0.094 -0.367 -1.173 0.144 0.101 0.600
2010.0068 9.94 -84.05 0.362 -0.459 1.504 0.181 0.132 0.758
2010.0342 9.94 -84.05 0.393 -0.096 3.753 0.142 0.100 0.593
2010.0616 9.94 -84.05 0.006 -0.311 4.357 0.145 0.103 0.608
2010.0890 9.94 -84.05 0.205 -0.579 2.607 0.173 0.127 0.726
2010.1164 9.94 -84.05 -0.155 -0.227 4.480 0.179 0.131 0.749
2010.1438 9.94 -84.05 0.205 -0.370 5.678 0.172 0.123 0.720
2010.1712 9.94 -84.05 -0.189 -0.214 1.929 0.165 0.117 0.689
2010.1986 9.94 -84.05 -0.227 0.190 3.782 0.158 0.112 0.660
2010.2260 9.94 -84.05 -0.572 0.006 3.274 0.173 0.122 0.719
2010.2534 9.94 -84.05 -0.773 -0.050 4.132 0.178 0.124 0.739
2010.2808 9.94 -84.05 -0.687 -0.099 5.554 0.138 0.094 0.573
2010.3082 9.94 -84.05 -0.728 0.028 6.525 0.144 0.099 0.600
2010.3356 9.94 -84.05 -0.509 0.216 7.136 0.132 0.087 0.548
2010.3630 9.94 -84.05 -0.456 0.551 7.978 0.141 0.093 0.580
2010.3904 9.94 -84.05 -0.470 0.264 5.330 0.145 0.089 0.589
2010.4178 9.94 -84.05 -0.224 0.151 3.511 0.149 0.098 0.613
2010.4452 9.94 -84.05 0.154 0.622 4.032 0.132 0.086 0.547
2010.4726 9.94 -84.05 0.027 0.428 2.212 0.120 0.076 0.496
2010.5000 9.94 -84.05 0.019 0.058 2.611 0.135 0.089 0.557
2010.5274 9.94 -84.05 0.410 0.383 0.249 0.207 0.151 0.863
2010.5548 9.94 -84.05 0.348 0.017 -1.435 0.134 0.094 0.560
2010.5822 9.94 -84.05 0.371 -0.223 -2.653 0.121 0.085 0.508
2010.6096 9.94 -84.05 0.452 0.153 -3.041 0.155 0.113 0.651
2010.6370 9.94 -84.05 0.545 0.040 -4.390 0.139 0.099 0.583
2010.6644 9.94 -84.05 0.939 -0.033 -4.925 0.131 0.092 0.548
2010.6918 9.94 -84.05 0.953 -0.197 -5.278 0.156 0.114 0.654
2010.7192 9.94 -84.05 0.854 -0.709 -5.537 0.145 0.105 0.610
2010.7466 9.94 -84.05 0.834 -0.740 -4.574 0.168 0.124 0.706
2010.7740 9.94 -84.05 0.860 -0.781 -6.779 0.138 0.097 0.578
2010.8014 9.94 -84.05 0.698 -0.779 -3.622 0.131 0.093 0.552
2010.8288 9.94 -84.05 0.622 -0.645 -4.047 0.149 0.108 0.625
2010.8562 9.94 -84.05 0.299 -0.743 -4.500 0.146 0.105 0.614
2010.8836 9.94 -84.05 0.738 -0.585 -2.991 0.137 0.096 0.571
2010.9110 9.94 -84.05 0.403 -0.374 -3.504 0.149 0.106 0.620
2010.9384 9.94 -84.05 0.548 -0.248 -3.550 0.154 0.110 0.643
2010.9658 9.94 -84.05 0.664 -0.183 -2.521 0.169 0.122 0.704
2010.9932 9.94 -84.05 0.026 -0.028 -2.728 0.144 0.076 0.569
2011.1027 9.94 -84.05 0.108 -0.532 1.843 0.142 0.086 0.579
2011.1301 9.94 -84.05 0.413 0.065 -0.224 0.202 0.143 0.836
2011.1575 9.94 -84.05 -0.168 -0.118 3.333 0.137 0.092 0.569
2011.1849 9.94 -84.05 -0.281 0.038 1.809 0.111 0.071 0.462
2011.2123 9.94 -84.05 0.015 0.195 3.989 0.172 0.122 0.713
2011.2397 9.94 -84.05 -0.415 0.262 2.861 0.178 0.129 0.744
2011.2671 9.94 -84.05 -0.625 0.477 2.291 0.145 0.102 0.606
2011.2945 9.94 -84.05 -0.630 0.636 -0.256 0.168 0.122 0.701
2011.3219 9.94 -84.05 -0.574 0.780 4.110 0.157 0.113 0.658
2011.3493 9.94 -84.05 -0.613 0.604 3.845 0.142 0.100 0.594
2011.3767 9.94 -84.05 -0.527 1.359 0.535 0.165 0.120 0.690
2011.4041 9.94 -84.05 -0.597 0.630 1.555 0.147 0.103 0.611
2011.4315 9.94 -84.05 -0.653 1.152 0.388 0.155 0.099 0.632
2011.5137 9.94 -84.05 0.223 -0.083 -0.213 0.139 0.091 0.571
2011.5411 9.94 -84.05 0.495 0.070 -1.483 0.144 0.099 0.597
2011.5685 9.94 -84.05 0.711 0.168 -1.127 0.142 0.095 0.586
2011.5959 9.94 -84.05 0.636 -0.068 -2.650 0.151 0.103 0.624
2011.6233 9.94 -84.05 0.299 -0.461 -4.150 0.152 0.102 0.626
2011.6507 9.94 -84.05 0.775 -0.693 -2.843 0.176 0.125 0.731
2011.6781 9.94 -84.05 0.455 -0.156 -4.116 0.164 0.116 0.681
2011.7055 9.94 -84.05 0.298 -0.525 -2.089 0.164 0.117 0.683
2011.7329 9.94 -84.05 0.331 -0.199 -1.661 0.188 0.138 0.787
2011.7603 9.94 -84.05 0.477 -0.391 -5.850 0.162 0.117 0.679
2011.7877 9.94 -84.05 0.288 -0.692 -5.094 0.172 0.126 0.721
2011.8151 9.94 -84.05 0.303 -0.674 -4.145 0.170 0.123 0.709
2011.8425 9.94 -84.05 0.126 -0.702 -4.550 0.183 0.136 0.767
2011.8699 9.94 -84.05 0.358 -0.540 -7.406 0.179 0.126 0.745
2011.9521 9.94 -84.05 0.701 0.214 -4.548 0.126 0.073 0.508
2011.9795 9.94 -84.05 0.537 0.340 -5.409 0.149 0.107 0.621
2012.0068 9.94 -84.05 0.600 -0.491 -4.294 0.139 0.098 0.580
2012.0342 9.94 -84.05 0.390 0.233 -1.317 0.166 0.117 0.689
2012.0616 9.94 -84.05 0.514 -0.146 -3.242 0.145 0.101 0.601
2012.0890 9.94 -84.05 0.343 -0.280 -4.376 0.143 0.099 0.594
2012.1164 9.94 -84.05 0.110 -0.037 -1.622 0.141 0.095 0.584
2012.1438 9.94 -84.05 -0.047 0.101 -0.719 0.146 0.099 0.600
2012.1712 9.94 -84.05 -0.021 0.166 0.761 0.141 0.091 0.577
2012.1986 9.94 -84.05 -0.423 0.104 -0.667 0.128 0.084 0.525
2012.2260 9.94 -84.05 -0.558 0.667 1.329 0.130 0.086 0.536
2012.2534 9.94 -84.05 -0.406 0.772 1.850 0.126 0.084 0.521
2012.2808 9.94 -84.05 -0.869 0.619 -0.162 0.117 0.079 0.486
2012.3082 9.94 -84.05 -0.458 0.914 2.964 0.147 0.074 0.574
2012.3904 9.94 -84.05 -0.563 0.853 2.033 0.148 0.089 0.603
2012.4178 9.94 -84.05 -0.482 0.791 1.137 0.109 0.072 0.451
2012.4452 9.94 -84.05 -0.363 0.399 0.922 0.108 0.070 0.446
2012.4726 9.94 -84.05 -0.290 0.650 -0.238 0.116 0.076 0.477
2012.5000 9.94 -84.05 -0.133 0.567 -0.377 0.110 0.072 0.456
2012.5274 9.94 -84.05 -0.041 0.449 -0.652 0.117 0.076 0.483
2012.5548 9.94 -84.05 -0.046 0.285 -1.869 0.117 0.077 0.483
2012.5822 9.94 -84.05 0.151 0.216 -3.670 0.123 0.083 0.507
2012.6096 9.94 -84.05 0.340 0.171 -2.957 0.121 0.082 0.504
2012.6370 9.94 -84.05 0.326 -0.336 -3.764 0.112 0.076 0.467
2012.6644 9.94 -84.05 0.560 -0.168 -2.922 0.122 0.084 0.507
2012.6918 9.94 -84.05 0.746 -0.171 -3.661 0.125 0.088 0.522
2012.7192 9.94 -84.05 0.849 -0.663 -2.961 0.148 0.108 0.625
2012.7466 9.94 -84.05 0.502 -0.543 -2.346 0.116 0.066 0.467
2012.8562 9.94 -84.05 0.416 -0.595 -3.237 0.156 0.111 0.650
2012.8836 9.94 -84.05 0.615 -0.246 -2.086 0.144 0.106 0.607
2012.9110 9.94 -84.05 0.289 -0.255 -3.206 0.137 0.100 0.575
2012.9384 9.94 -84.05 0.010 -0.549 -0.113 0.134 0.093 0.557
2012.9658 9.94 -84.05 -0.112 -0.240 1.670 0.146 0.108 0.616
2012.9918 9.94 -84.05 -0.131 -0.210 -2.933 0.074 0.054 0.327
2013.0178 9.94 -84.05 -0.152 -0.306 -1.714 0.087 0.064 0.376
2013.0452 9.94 -84.05 -0.229 0.139 -1.232 0.086 0.064 0.374
2013.0726 9.94 -84.05 0.113 -0.012 1.032 0.080 0.059 0.348
2013.1000 9.94 -84.05 0.308 -0.086 2.165 0.082 0.060 0.356
2013.1274 9.94 -84.05 -0.425 0.121 1.262 0.076 0.055 0.333
2013.1548 9.94 -84.05 -0.423 0.392 4.455 0.074 0.049 0.318
2013.2644 9.94 -84.05 -0.508 0.701 4.892 0.088 0.039 0.341
2013.2918 9.94 -84.05 -0.852 0.240 5.214 0.078 0.057 0.341
2013.3192 9.94 -84.05 -0.775 0.780 2.447 0.086 0.064 0.374
2013.3466 9.94 -84.05 -0.673 0.884 4.173 0.088 0.066 0.383
2013.3740 9.94 -84.05 -0.678 0.513 3.814 0.076 0.056 0.334
2013.4014 9.94 -84.05 -0.862 0.580 2.223 0.078 0.058 0.343
2013.4288 9.94 -84.05 -0.876 0.220 1.457 0.070 0.050 0.308
2013.4562 9.94 -84.05 -0.463 0.729 0.699 0.071 0.051 0.312
2013.4836 9.94 -84.05 -0.054 0.679 1.430 0.073 0.052 0.319
2013.5110 9.94 -84.05 -0.016 0.418 -1.934 0.081 0.060 0.354
2013.5384 9.94 -84.05 0.253 0.260 -1.649 0.081 0.056 0.346
2013.5658 9.94 -84.05 0.373 0.229 -0.915 0.083 0.060 0.361
2013.7575 9.94 -84.05 0.501 -0.217 -5.070 0.080 0.055 0.345
2013.7849 9.94 -84.05 0.494 -0.069 -2.837 0.083 0.058 0.354
2013.8123 9.94 -84.05 0.452 -0.602 -2.849 0.076 0.053 0.327
2013.8397 9.94 -84.05 0.579 -0.291 -3.724 0.077 0.054 0.331
2013.8671 9.94 -84.05 0.625 -0.043 -2.541 0.082 0.056 0.351
2013.8945 9.94 -84.05 0.526 -0.343 -3.490 0.076 0.053 0.328
2013.9219 9.94 -84.05 0.693 -0.368 -2.329 0.068 0.047 0.298
2013.9493 9.94 -84.05 0.577 -0.238 -1.403 0.072 0.050 0.314
2013.9767 9.94 -84.05 0.694 -0.156 -1.341 0.073 0.050 0.317
2014.0041 9.94 -84.05 0.724 -0.072 2.373 0.071 0.049 0.308
2014.0315 9.94 -84.05 0.483 -0.262 -0.219 0.073 0.051 0.317
2014.1685 9.94 -84.05 -0.290 -0.068 1.976 0.078 0.053 0.334
2014.1959 9.94 -84.05 -0.407 0.288 1.925 0.078 0.057 0.340
2014.2233 9.94 -84.05 -0.438 0.018 3.594 0.074 0.053 0.324
2014.2507 9.94 -84.05 -0.436 0.334 2.648 0.068 0.049 0.301
2014.2781 9.94 -84.05 -0.366 0.396 2.789 0.072 0.052 0.317
2014.3055 9.94 -84.05 -0.406 0.222 5.057 0.070 0.050 0.306
2014.3329 9.94 -84.05 -0.657 0.512 2.792 0.058 0.041 0.260
2014.3603 9.94 -84.05 -0.814 0.321 2.554 0.065 0.047 0.288
2014.3877 9.94 -84.05 -0.811 0.373 2.136 0.065 0.047 0.289
2014.4151 9.94 -84.05 -0.679 0.538 2.483 0.065 0.046 0.287
2014.4425 9.94 -84.05 -0.471 0.294 2.102 0.069 0.049 0.302
2014.4699 9.94 -84.05 -0.128 0.683 1.192 0.068 0.048 0.299
2014.5795 9.94 -84.05 0.193 0.274 1.296 0.062 0.038 0.269
2014.6068 9.94 -84.05 -0.134 0.040 -1.898 0.061 0.041 0.267
2014.6342 9.94 -84.05 0.046 0.064 -2.332 0.056 0.037 0.248
2014.6616 9.94 -84.05 0.210 -0.014 -1.713 0.061 0.042 0.270
2014.6890 9.94 -84.05 0.233 0.082 -3.210 0.060 0.041 0.265
2014.7164 9.94 -84.05 0.368 -0.618 -2.209 0.059 0.040 0.260
2014.7438 9.94 -84.05 0.502 -0.669 -0.372 0.063 0.044 0.278
2014.7712 9.94 -84.05 0.469 -0.397 1.484 0.063 0.043 0.275
2014.7986 9.94 -84.05 0.430 -0.497 -0.943 0.056 0.038 0.250
2014.8260 9.94 -84.05 0.393 -0.348 -1.718 0.056 0.037 0.249
2014.8534 9.94 -84.05 0.309 -0.038 -3.814 0.059 0.039 0.261
2014.8808 9.94 -84.05 0.486 -0.180 -3.424 0.059 0.040 0.261
2014.9082 9.94 -84.05 0.517 -0.276 -0.316 0.060 0.040 0.265
2015.0452 9.94 -84.05 0.160 -0.120 0.917 0.046 0.031 0.215
2015.0726 9.94 -84.05 -0.254 0.286 -0.424 0.050 0.032 0.226
2015.1000 9.94 -84.05 -0.139 0.014 -2.059 0.045 0.030 0.210
2015.1274 9.94 -84.05 -0.166 0.222 0.519 0.042 0.029 0.200
2015.1548 9.94 -84.05 -0.263 0.058 0.271 0.048 0.032 0.220
2015.1822 9.94 -84.05 -0.372 0.017 2.774 0.045 0.030 0.211
2015.2096 9.94 -84.05 -0.591 -0.035 1.488 0.059 0.040 0.262
2015.2370 9.94 -84.05 -0.574 -0.089 5.724 0.064 0.045 0.284
2015.2644 9.94 -84.05 -0.685 0.328 4.789 0.057 0.040 0.255
2015.2918 9.94 -84.05 -1.052 0.171 1.429 0.057 0.040 0.256
2015.3192 9.94 -84.05 -0.875 0.467 4.918 0.055 0.039 0.249
2015.3466 9.94 -84.05 -1.082 0.203 5.648 0.060 0.041 0.264
2015.4836 9.94 -84.05 -0.232 0.823 -0.324 0.056 0.033 0.244
2015.5110 9.94 -84.05 0.007 0.319 1.122 0.053 0.033 0.237
2015.5384 9.94 -84.05 -0.087 0.153 2.293 0.058 0.036 0.254
2015.5658 9.94 -84.05 0.203 0.356 3.715 0.059 0.038 0.257
2015.5932 9.94 -84.05 -0.028 0.721 2.265 0.061 0.040 0.265
2015.6205 9.94 -84.05 -0.081 0.172 0.386 0.059 0.038 0.258
2015.6479 9.94 -84.05 0.020 -0.103 -1.221 0.057 0.038 0.252
2015.6753 9.94 -84.05 -0.162 -0.246 -1.262 0.055 0.036 0.244
2015.7027 9.94 -84.05 0.025 -0.741 1.729 0.060 0.039 0.262
2015.7301 9.94 -84.05 0.259 -0.536 1.797 0.060 0.039 0.262
2015.9493 9.94 -84.05 0.694 -0.590 -2.482 0.058 0.040 0.259
2015.9767 9.94 -84.05 0.214 -0.310 -0.729 0.061 0.043 0.271
2016.0041 9.94 -84.05 0.452 -0.484 0.598 0.055 0.039 0.249
2016.0315 9.94 -84.05 0.253 0.205 2.875 0.053 0.038 0.240
2016.0589 9.94 -84.05 0.408 0.220 2.127 0.054 0.038 0.245
2016.0863 9.94 -84.05 0.032 -0.833 2.677 0.049 0.035 0.227
2016.1137 9.94 -84.05 0.148 -1.070 1.562 0.055 0.039 0.248
2016.1411 9.94 -84.05 -0.132 -1.071 2.997 0.064 0.047 0.285
2016.1685 9.94 -84.05 -0.323 -0.946 2.860 0.069 0.051 0.305
2016.1959 9.94 -84.05 -0.575 -0.664 5.028 0.068 0.051 0.302
2016.2233 9.94 -84.05 -0.798 -0.335 7.949 0.069 0.052 0.306
2016.2507 9.94 -84.05 -0.845 -0.339 5.659 0.057 0.039 0.255
2016.3603 9.94 -84.05 -0.802 0.729 5.731 0.053 0.036 0.238
2016.3877 9.94 -84.05 -0.576 1.079 4.789 0.062 0.042 0.270
2016.4151 9.94 -84.05 -0.855 0.739 6.256 0.061 0.040 0.265
2016.4425 9.94 -84.05 -0.400 0.356 3.774 0.065 0.044 0.281
2016.4699 9.94 -84.05 -0.330 0.492 3.480 0.064 0.043 0.276
