2002.5877 35.73 129.40 0.199 -0.446 1.642 0.113 0.094 0.512
2002.6151 35.73 129.40 -0.178 -0.995 1.178 0.108 0.091 0.491
2002.6425 35.73 129.40 -0.274 -0.842 2.407 0.110 0.092 0.499
2002.6699 35.73 129.40 -0.332 -0.638 1.131 0.096 0.080 0.437
2002.6973 35.73 129.40 -0.389 0.014 -0.626 0.162 0.073 0.610
2002.7247 35.73 129.40 0.097 -0.262 3.495 0.103 0.086 0.463
2002.7521 35.73 129.40 -0.115 -0.105 5.810 0.095 0.080 0.433
2002.7795 35.73 129.40 -0.258 -0.734 3.470 0.110 0.094 0.503
2002.8068 35.73 129.40 -0.230 -0.552 4.727 0.098 0.082 0.446
2002.8342 35.73 129.40 -0.294 -0.853 6.057 0.097 0.081 0.441
2002.8616 35.73 129.40 0.140 -0.609 7.630 0.100 0.072 0.436
2002.8890 35.73 129.40 -0.166 -0.767 5.135 0.098 0.082 0.445
2002.9164 35.73 129.40 -0.311 -0.355 2.984 0.105 0.086 0.476
2003.0260 35.73 129.40 -0.163 -0.123 5.966 0.119 0.098 0.540
2003.0534 35.73 129.40 -0.614 -0.220 6.741 0.193 0.162 0.856
2003.0808 35.73 129.40 -0.647 -0.326 4.132 0.173 0.138 0.765
2003.1082 35.73 129.40 -0.140 -0.075 1.859 0.101 0.081 0.459
2003.1356 35.73 129.40 0.127 0.060 3.512 0.094 0.075 0.428
2003.1630 35.73 129.40 0.154 -0.015 2.407 0.099 0.081 0.452
2003.1904 35.73 129.40 0.199 0.303 4.457 0.117 0.093 0.523
2003.2178 35.73 129.40 0.112 -0.416 1.508 0.098 0.080 0.447
2003.2452 35.73 129.40 0.276 -0.039 5.188 0.096 0.079 0.437
2003.2726 35.73 129.40 0.164 0.147 7.429 0.093 0.077 0.427
2003.3000 35.73 129.40 0.305 -0.457 3.841 0.091 0.076 0.418
2003.3274 35.73 129.40 0.610 -0.191 6.988 0.119 0.099 0.537
2003.3548 35.73 129.40 0.272 -0.265 3.740 0.129 0.110 0.584
2003.3822 35.73 129.40 -0.295 -0.559 1.719 0.119 0.095 0.533
2003.5192 35.73 129.40 -0.467 0.050 3.132 0.123 0.107 0.557
2003.5466 35.73 129.40 -0.341 -0.132 2.221 0.136 0.119 0.612
2003.5740 35.73 129.40 -0.477 -0.229 0.475 0.157 0.140 0.708
2003.6014 35.73 129.40 -0.271 -0.286 0.823 0.136 0.119 0.612
2003.6288 35.73 129.40 -0.518 -0.657 0.391 0.129 0.112 0.583
2003.6562 35.73 129.40 -0.340 -0.619 -0.755 0.138 0.120 0.621
2003.6836 35.73 129.40 -0.268 -0.628 0.541 0.136 0.119 0.613
2003.7110 35.73 129.40 -0.270 -1.039 -0.054 0.108 0.091 0.487
2003.7384 35.73 129.40 -0.037 -0.900 -2.892 0.130 0.112 0.582
2003.7658 35.73 129.40 0.070 -0.569 -1.000 0.119 0.103 0.537
2003.7932 35.73 129.40 -0.017 -0.608 0.603 0.133 0.115 0.596
2003.8205 35.73 129.40 -0.014 -0.732 2.072 0.144 0.121 0.637
2003.8479 35.73 129.40 -0.071 -0.046 0.858 0.127 0.102 0.560
2003.8753 35.73 129.40 0.173 -0.025 0.782 0.133 0.113 0.592
2003.9027 35.73 129.40 0.050 -0.113 -0.695 0.122 0.101 0.542
2003.9301 35.73 129.40 0.101 -0.288 0.561 0.127 0.106 0.563
2003.9575 35.73 129.40 0.023 0.415 4.203 0.142 0.121 0.629
2003.9849 35.73 129.40 0.032 0.634 6.037 0.135 0.113 0.596
2004.0123 35.73 129.40 0.064 0.299 3.748 0.145 0.121 0.638
2004.0397 35.73 129.40 0.319 -0.217 1.160 0.123 0.096 0.543
2004.0945 35.73 129.40 0.376 0.436 1.028 0.115 0.090 0.508
2004.1219 35.73 129.40 0.407 0.182 1.524 0.122 0.099 0.537
2004.1493 35.73 129.40 0.364 -0.014 3.216 0.143 0.117 0.627
2004.1767 35.73 129.40 0.413 0.022 1.491 0.152 0.126 0.666
2004.2041 35.73 129.40 0.345 -0.031 2.457 0.125 0.100 0.547
2004.2315 35.73 129.40 0.220 0.602 0.476 0.127 0.101 0.554
2004.2589 35.73 129.40 0.262 -0.037 1.734 0.131 0.104 0.572
2004.2863 35.73 129.40 0.230 -0.112 3.041 0.132 0.104 0.573
2004.3137 35.73 129.40 0.502 0.527 2.138 0.126 0.099 0.545
2004.3411 35.73 129.40 0.434 0.237 3.058 0.138 0.108 0.594
2004.3685 35.73 129.40 0.321 0.006 2.422 0.133 0.103 0.576
2004.3959 35.73 129.40 0.392 0.529 2.305 0.117 0.091 0.510
2004.4233 35.73 129.40 0.498 0.238 2.376 0.113 0.087 0.490
2004.4507 35.73 129.40 0.229 -0.252 3.070 0.100 0.077 0.437
2004.4781 35.73 129.40 0.380 -0.356 1.113 0.110 0.084 0.477
2004.5055 35.73 129.40 0.116 -0.447 0.217 0.107 0.082 0.467
2004.5329 35.73 129.40 0.005 -0.564 -0.761 0.102 0.078 0.444
2004.5603 35.73 129.40 -0.076 -0.974 0.211 0.105 0.080 0.454
2004.5877 35.73 129.40 0.111 -0.510 -2.572 0.106 0.080 0.459
2004.6151 35.73 129.40 0.046 -0.699 -2.194 0.116 0.089 0.504
2004.6425 35.73 129.40 -0.230 -0.904 -2.022 0.099 0.076 0.435
2004.6699 35.73 129.40 0.026 -0.730 -1.625 0.100 0.076 0.437
2004.6973 35.73 129.40 0.037 -0.818 -1.862 0.094 0.071 0.413
2004.7247 35.73 129.40 -0.083 -0.758 0.291 0.107 0.081 0.466
2004.7521 35.73 129.40 -0.357 -0.407 -0.728 0.103 0.078 0.451
2004.7795 35.73 129.40 -0.250 -0.383 -0.876 0.100 0.076 0.437
2004.8068 35.73 129.40 -0.061 -0.434 -0.298 0.111 0.084 0.479
2004.8342 35.73 129.40 -0.104 -0.103 0.217 0.109 0.083 0.473
2004.8616 35.73 129.40 -0.098 -0.246 2.205 0.097 0.074 0.425
2004.8890 35.73 129.40 -0.125 -0.244 1.466 0.097 0.074 0.424
2004.9164 35.73 129.40 0.259 0.265 4.036 0.105 0.081 0.458
2004.9438 35.73 129.40 0.029 0.477 2.617 0.116 0.090 0.510
2004.9712 35.73 129.40 0.229 0.048 0.739 0.105 0.081 0.458
2004.9973 35.73 129.40 0.265 0.032 -0.489 0.102 0.079 0.447
2005.0233 35.73 129.40 0.413 0.133 1.786 0.117 0.092 0.509
2005.0507 35.73 129.40 0.252 0.163 0.950 0.170 0.140 0.736
2005.0781 35.73 129.40 0.158 0.110 2.895 0.130 0.105 0.566
2005.1055 35.73 129.40 0.096 0.190 1.334 0.129 0.104 0.563
2005.1329 35.73 129.40 0.211 0.095 1.383 0.132 0.107 0.577
2005.1603 35.73 129.40 0.197 0.109 3.328 0.119 0.095 0.520
2005.1877 35.73 129.40 0.367 0.208 1.560 0.120 0.093 0.522
2005.2151 35.73 129.40 0.233 -0.000 2.227 0.113 0.088 0.496
2005.2425 35.73 129.40 0.276 0.498 2.486 0.109 0.087 0.481
2005.2699 35.73 129.40 0.176 0.176 3.320 0.116 0.093 0.511
2005.2973 35.73 129.40 0.374 0.255 2.648 0.123 0.098 0.538
2005.3247 35.73 129.40 0.484 0.497 1.584 0.129 0.104 0.566
2005.3521 35.73 129.40 0.553 0.277 2.754 0.057 0.045 0.276
2005.3795 35.73 129.40 0.388 0.020 2.129 0.121 0.097 0.533
2005.4068 35.73 129.40 0.637 0.013 1.769 0.111 0.089 0.493
2005.4342 35.73 129.40 0.457 -0.247 2.344 0.128 0.102 0.563
2005.4616 35.73 129.40 0.399 -0.032 2.185 0.116 0.093 0.512
2005.4890 35.73 129.40 0.286 -0.198 1.449 0.110 0.089 0.487
2005.5164 35.73 129.40 0.022 -0.090 0.602 0.110 0.089 0.487
2005.5438 35.73 129.40 0.278 -0.096 4.005 0.119 0.097 0.526
2005.5712 35.73 129.40 -0.059 -0.097 2.894 0.129 0.106 0.570
2005.5986 35.73 129.40 -0.100 -0.668 1.684 0.132 0.109 0.582
2005.6260 35.73 129.40 0.143 -0.046 1.988 0.117 0.096 0.519
2005.6534 35.73 129.40 -0.039 -0.389 1.128 0.123 0.102 0.545
2005.6808 35.73 129.40 -0.357 -0.319 0.500 0.121 0.100 0.536
2005.7082 35.73 129.40 -0.031 -0.148 1.625 0.145 0.123 0.643
2005.7356 35.73 129.40 -0.001 -0.001 0.710 0.128 0.108 0.569
2005.7630 35.73 129.40 0.204 -0.281 0.838 0.128 0.108 0.571
2005.7904 35.73 129.40 0.112 -0.143 -0.704 0.120 0.101 0.538
2005.8178 35.73 129.40 0.073 -0.521 2.161 0.123 0.104 0.551
2005.8452 35.73 129.40 0.380 -0.446 0.826 0.132 0.112 0.591
2005.8726 35.73 129.40 0.261 -0.384 0.327 0.115 0.097 0.515
2005.9000 35.73 129.40 0.200 -0.218 1.871 0.112 0.094 0.503
2005.9274 35.73 129.40 0.766 0.065 1.529 0.118 0.092 0.523
2005.9548 35.73 129.40 0.178 0.011 1.526 0.115 0.091 0.532
2005.9822 35.73 129.40 0.170 0.261 1.205 0.112 0.090 0.501
2006.0096 35.73 129.40 0.180 0.413 0.984 0.121 0.100 0.539
2006.0370 35.73 129.40 0.198 0.349 0.075 0.151 0.127 0.671
2006.0644 35.73 129.40 0.212 0.275 -0.849 0.153 0.129 0.683
2006.0918 35.73 129.40 0.349 0.436 -0.628 0.152 0.129 0.678
2006.1192 35.73 129.40 0.130 0.321 0.556 0.171 0.148 0.763
2006.1466 35.73 129.40 0.258 0.332 2.254 0.135 0.116 0.607
2006.1740 35.73 129.40 0.171 0.510 2.801 0.151 0.132 0.676
2006.2014 35.73 129.40 0.294 0.470 3.646 0.118 0.101 0.532
2006.2288 35.73 129.40 0.567 0.524 1.642 0.152 0.134 0.682
2006.2562 35.73 129.40 0.282 0.457 -0.774 0.142 0.126 0.640
2006.2836 35.73 129.40 0.340 0.316 0.460 0.139 0.123 0.628
2006.3110 35.73 129.40 0.321 -0.107 0.967 0.148 0.132 0.669
2006.3384 35.73 129.40 0.443 -0.128 1.389 0.135 0.119 0.609
2006.3658 35.73 129.40 0.398 -0.354 0.512 0.149 0.133 0.673
2006.3932 35.73 129.40 0.436 0.057 0.534 0.147 0.130 0.663
2006.4205 35.73 129.40 0.470 -0.132 0.530 0.147 0.131 0.666
2006.4479 35.73 129.40 0.213 -0.241 1.183 0.162 0.139 0.727
2006.4753 35.73 129.40 0.205 -0.192 2.499 0.164 0.145 0.739
2006.5027 35.73 129.40 0.189 0.186 3.379 0.170 0.152 0.767
2006.5301 35.73 129.40 -0.244 0.387 2.607 0.201 0.182 0.907
2006.5575 35.73 129.40 0.021 -0.135 -0.677 0.161 0.144 0.726
2006.5849 35.73 129.40 0.095 -0.104 -0.301 0.165 0.148 0.746
2006.6123 35.73 129.40 0.282 -0.159 0.815 0.202 0.185 0.912
2006.6397 35.73 129.40 -0.068 -0.085 -0.643 0.172 0.155 0.777
2006.6671 35.73 129.40 0.148 -0.237 -1.193 0.157 0.140 0.709
2006.6945 35.73 129.40 0.029 -0.590 -0.049 0.199 0.180 0.898
2006.7219 35.73 129.40 -0.324 -0.911 0.961 0.188 0.167 0.845
2006.7493 35.73 129.40 -0.125 -0.636 -1.876 0.223 0.199 1.002
2006.7767 35.73 129.40 -0.056 -0.349 -0.574 0.194 0.174 0.871
2006.8041 35.73 129.40 -0.096 -0.511 2.851 0.157 0.139 0.706
2006.8315 35.73 129.40 0.039 -0.374 4.177 0.182 0.163 0.817
2006.8589 35.73 129.40 0.245 0.197 2.549 0.177 0.158 0.796
2006.8863 35.73 129.40 0.167 -0.021 0.920 0.170 0.151 0.764
2006.9137 35.73 129.40 -0.084 0.139 3.062 0.165 0.145 0.743
2006.9411 35.73 129.40 -0.156 0.230 0.032 0.163 0.142 0.731
2006.9685 35.73 129.40 -0.103 0.601 1.209 0.162 0.140 0.726
2006.9959 35.73 129.40 0.070 0.453 0.624 0.162 0.136 0.721
2007.0233 35.73 129.40 0.018 0.573 2.124 0.151 0.125 0.672
2007.0507 35.73 129.40 0.098 0.258 0.203 0.157 0.131 0.699
2007.0781 35.73 129.40 0.041 0.200 3.067 0.160 0.140 0.720
2007.1055 35.73 129.40 0.349 0.197 2.122 0.143 0.124 0.646
2007.1329 35.73 129.40 0.159 0.346 3.407 0.156 0.136 0.702
2007.1603 35.73 129.40 0.077 0.528 0.753 0.149 0.130 0.669
2007.1877 35.73 129.40 0.206 0.508 -3.046 0.191 0.171 0.858
2007.2151 35.73 129.40 0.368 0.454 -4.271 0.170 0.152 0.767
2007.2425 35.73 129.40 0.288 0.527 -0.320 0.164 0.146 0.738
2007.2699 35.73 129.40 0.314 0.256 -0.233 0.131 0.114 0.593
2007.2973 35.73 129.40 0.441 0.047 0.943 0.124 0.107 0.561
2007.3247 35.73 129.40 0.422 0.421 1.335 0.151 0.133 0.680
2007.3521 35.73 129.40 0.183 0.356 2.046 0.165 0.147 0.743
2007.3795 35.73 129.40 0.209 0.313 0.813 0.173 0.155 0.779
2007.4068 35.73 129.40 0.216 0.164 1.609 0.144 0.128 0.653
2007.4342 35.73 129.40 0.382 0.456 2.474 0.138 0.121 0.625
2007.4616 35.73 129.40 0.112 0.572 4.913 0.180 0.162 0.813
2007.4890 35.73 129.40 0.050 0.363 3.099 0.139 0.121 0.628
2007.5164 35.73 129.40 -0.109 -0.084 1.315 0.147 0.130 0.663
2007.5438 35.73 129.40 -0.184 -0.231 2.233 0.142 0.125 0.643
2007.5712 35.73 129.40 0.060 -0.703 0.718 0.146 0.128 0.660
2007.5986 35.73 129.40 0.111 -0.614 -0.833 0.179 0.158 0.804
2007.6260 35.73 129.40 0.077 -0.686 -1.774 0.146 0.128 0.660
2007.6534 35.73 129.40 0.165 -0.438 1.063 0.149 0.130 0.670
2007.6808 35.73 129.40 -0.254 -1.082 1.228 0.157 0.136 0.704
2007.7082 35.73 129.40 -0.349 -0.701 -1.059 0.117 0.098 0.529
2007.7356 35.73 129.40 0.058 -0.588 0.931 0.161 0.139 0.722
2007.7630 35.73 129.40 -0.131 -0.639 0.937 0.125 0.104 0.562
2007.7904 35.73 129.40 -0.008 -0.307 1.749 0.158 0.138 0.711
2007.8178 35.73 129.40 -0.161 -0.340 2.123 0.181 0.161 0.815
2007.8452 35.73 129.40 0.013 -0.355 0.105 0.148 0.129 0.669
2007.8726 35.73 129.40 -0.171 0.374 0.681 0.172 0.151 0.776
2007.9000 35.73 129.40 -0.189 -0.018 -1.203 0.184 0.156 0.817
2007.9274 35.73 129.40 0.075 0.060 -1.500 0.178 0.158 0.805
2007.9548 35.73 129.40 0.280 0.201 1.419 0.135 0.118 0.610
2007.9822 35.73 129.40 0.265 0.424 1.112 0.165 0.146 0.745
2008.0096 35.73 129.40 0.148 0.327 3.118 0.145 0.128 0.656
2008.0370 35.73 129.40 0.331 0.386 1.541 0.149 0.133 0.675
2008.0644 35.73 129.40 0.350 0.060 0.294 0.171 0.154 0.774
2008.0918 35.73 129.40 -0.256 0.399 2.651 0.138 0.121 0.626
2008.1192 35.73 129.40 0.147 0.539 0.391 0.161 0.145 0.730
2008.1466 35.73 129.40 0.395 -0.190 -0.010 0.187 0.169 0.845
2008.1740 35.73 129.40 0.296 0.346 0.372 0.164 0.147 0.742
2008.2014 35.73 129.40 0.331 0.197 -1.088 0.175 0.159 0.791
2008.2288 35.73 129.40 0.087 1.110 0.098 0.205 0.182 0.925
2008.2562 35.73 129.40 0.126 0.267 0.154 0.191 0.171 0.862
2008.2836 35.73 129.40 -0.180 0.531 -2.101 0.229 0.205 1.033
2008.3110 35.73 129.40 0.132 0.012 -0.469 0.236 0.213 1.065
2008.3384 35.73 129.40 0.096 0.489 0.908 0.175 0.157 0.790
2008.3658 35.73 129.40 0.050 0.198 1.020 0.179 0.159 0.808
2008.3932 35.73 129.40 0.323 0.621 -0.481 0.163 0.143 0.737
2008.4205 35.73 129.40 -0.101 0.295 1.590 0.143 0.125 0.646
2008.4479 35.73 129.40 -0.030 -0.203 1.216 0.145 0.128 0.654
2008.4753 35.73 129.40 -0.003 -0.366 1.783 0.141 0.123 0.636
2008.5027 35.73 129.40 -0.305 -0.352 2.558 0.172 0.151 0.773
2008.5301 35.73 129.40 -0.053 -0.559 3.620 0.214 0.187 0.958
2008.5575 35.73 129.40 -0.032 -0.730 0.905 0.141 0.119 0.629
2008.5849 35.73 129.40 -0.020 -0.416 -0.419 0.157 0.138 0.707
2008.6123 35.73 129.40 0.016 -0.583 -0.404 0.133 0.113 0.595
2008.6397 35.73 129.40 -0.058 -0.819 1.461 0.145 0.125 0.650
2008.6671 35.73 129.40 -0.210 -0.373 0.078 0.139 0.120 0.625
2008.6945 35.73 129.40 -0.088 -0.479 2.021 0.135 0.116 0.606
2008.7219 35.73 129.40 -0.368 -0.350 0.107 0.154 0.135 0.693
2008.7493 35.73 129.40 -0.187 -0.328 1.443 0.140 0.122 0.630
2008.7767 35.73 129.40 -0.255 -0.215 -0.180 0.162 0.144 0.731
2008.8041 35.73 129.40 -0.176 0.114 0.469 0.163 0.146 0.736
2008.8315 35.73 129.40 -0.064 -0.106 0.786 0.184 0.165 0.831
2008.8589 35.73 129.40 -0.166 -0.455 -2.159 0.215 0.193 0.968
2008.8863 35.73 129.40 0.232 -0.501 -0.154 0.206 0.185 0.930
2008.9137 35.73 129.40 0.029 0.078 0.612 0.196 0.177 0.886
2008.9411 35.73 129.40 0.391 0.173 2.620 0.206 0.184 0.929
2008.9685 35.73 129.40 -0.146 0.058 2.440 0.193 0.172 0.869
2008.9945 35.73 129.40 0.137 -0.026 3.340 0.163 0.146 0.737
2009.0205 35.73 129.40 0.129 -0.041 0.318 0.160 0.144 0.725
2009.0479 35.73 129.40 0.089 0.365 3.549 0.160 0.145 0.727
2009.0753 35.73 129.40 0.142 0.372 4.574 0.154 0.138 0.699
2009.1027 35.73 129.40 0.080 0.510 1.836 0.191 0.173 0.865
2009.1301 35.73 129.40 0.623 0.278 0.912 0.152 0.137 0.692
2009.1575 35.73 129.40 0.132 0.539 0.941 0.155 0.139 0.706
2009.1849 35.73 129.40 0.033 0.163 -0.638 0.177 0.161 0.805
2009.2123 35.73 129.40 0.323 0.735 0.239 0.154 0.135 0.694
2009.2397 35.73 129.40 0.194 0.544 2.668 0.173 0.156 0.784
2009.2671 35.73 129.40 0.134 0.193 -1.266 0.145 0.130 0.659
2009.2945 35.73 129.40 0.206 0.140 -0.095 0.149 0.133 0.674
2009.3219 35.73 129.40 0.147 0.442 -1.827 0.155 0.139 0.703
2009.3493 35.73 129.40 0.421 0.087 -0.771 0.143 0.127 0.647
2009.3767 35.73 129.40 0.414 0.145 -0.733 0.150 0.133 0.679
2009.4041 35.73 129.40 0.378 -0.681 -1.112 0.133 0.116 0.602
2009.4315 35.73 129.40 0.128 -0.285 -0.605 0.152 0.135 0.686
2009.4589 35.73 129.40 0.285 -0.005 2.773 0.130 0.112 0.585
2009.4863 35.73 129.40 0.302 -0.396 2.270 0.143 0.123 0.642
2009.5137 35.73 129.40 -0.013 -0.236 0.256 0.138 0.116 0.616
2009.5411 35.73 129.40 -0.150 -0.306 0.126 0.168 0.145 0.754
2009.5685 35.73 129.40 -0.145 -0.042 -0.868 0.181 0.155 0.811
2009.5959 35.73 129.40 -0.426 -0.506 -1.373 0.159 0.136 0.712
2009.6233 35.73 129.40 -0.344 -0.758 -2.183 0.164 0.142 0.735
2009.6507 35.73 129.40 -0.084 -0.315 -1.851 0.158 0.137 0.709
2009.6781 35.73 129.40 -0.152 -0.313 -2.369 0.168 0.148 0.757
2009.7055 35.73 129.40 -0.074 -0.503 -3.763 0.174 0.155 0.783
2009.7329 35.73 129.40 -0.134 -0.135 -1.915 0.168 0.149 0.757
2009.7603 35.73 129.40 -0.209 0.041 -0.665 0.191 0.170 0.862
2009.7877 35.73 129.40 -0.068 -0.187 -1.031 0.177 0.157 0.796
2009.8151 35.73 129.40 0.121 -0.149 0.629 0.189 0.169 0.852
2009.8425 35.73 129.40 0.030 0.120 1.539 0.172 0.154 0.777
2009.8699 35.73 129.40 0.071 -0.103 0.682 0.165 0.146 0.744
2009.8973 35.73 129.40 -0.157 0.012 -0.624 0.154 0.137 0.697
2009.9247 35.73 129.40 0.057 -0.140 -4.439 0.155 0.134 0.697
2009.9521 35.73 129.40 -0.088 0.020 -4.308 0.144 0.127 0.654
2009.9795 35.73 129.40 -0.149 0.392 0.596 0.149 0.131 0.672
2010.0068 35.73 129.40 -0.040 0.250 0.225 0.186 0.167 0.842
2010.0342 35.73 129.40 -0.012 0.166 -0.198 0.146 0.129 0.663
2010.0616 35.73 129.40 0.004 0.537 2.155 0.150 0.132 0.678
2010.0890 35.73 129.40 -0.087 0.356 -0.192 0.178 0.160 0.805
2010.1164 35.73 129.40 0.146 0.436 -1.960 0.184 0.166 0.832
2010.1438 35.73 129.40 0.084 0.457 -0.240 0.178 0.158 0.803
2010.1712 35.73 129.40 0.005 0.967 -3.446 0.170 0.151 0.768
2010.1986 35.73 129.40 0.219 0.708 -1.105 0.163 0.144 0.737
2010.2260 35.73 129.40 0.031 0.517 1.531 0.178 0.158 0.803
2010.2534 35.73 129.40 0.268 0.221 -0.907 0.184 0.162 0.829
2010.2808 35.73 129.40 0.374 0.248 -3.003 0.143 0.124 0.644
2010.3082 35.73 129.40 0.273 -0.325 -1.707 0.149 0.130 0.672
2010.3356 35.73 129.40 0.389 -0.045 -1.677 0.138 0.117 0.619
2010.3630 35.73 129.40 0.179 -0.020 -1.334 0.146 0.124 0.655
2010.3904 35.73 129.40 0.225 -0.013 -2.752 0.152 0.120 0.666
2010.4178 35.73 129.40 0.232 -0.170 -1.167 0.156 0.131 0.695
2010.4452 35.73 129.40 0.332 -0.231 -0.238 0.138 0.117 0.621
2010.4726 35.73 129.40 -0.352 0.046 1.480 0.125 0.104 0.563
2010.5000 35.73 129.40 -0.037 0.338 2.643 0.140 0.119 0.630
2010.5274 35.73 129.40 -0.119 -0.017 -0.326 0.213 0.191 0.957
2010.5548 35.73 129.40 -0.218 0.163 -0.837 0.138 0.122 0.625
2010.5822 35.73 129.40 -0.048 0.233 0.047 0.125 0.110 0.568
2010.6096 35.73 129.40 0.170 0.308 1.131 0.160 0.143 0.721
2010.6370 35.73 129.40 0.123 -0.200 -0.282 0.143 0.127 0.649
2010.6644 35.73 129.40 0.385 -0.129 -1.681 0.135 0.119 0.611
2010.6918 35.73 129.40 0.156 -0.304 -2.474 0.160 0.144 0.724
2010.7192 35.73 129.40 0.152 -0.756 -1.947 0.149 0.134 0.677
2010.7466 35.73 129.40 -0.065 -0.535 -2.171 0.172 0.155 0.778
2010.7740 35.73 129.40 -0.269 -0.407 -5.189 0.143 0.126 0.646
2010.8014 35.73 129.40 -0.087 -0.673 -3.257 0.136 0.120 0.614
2010.8288 35.73 129.40 -0.282 -0.854 -2.811 0.153 0.137 0.694
2010.8562 35.73 129.40 -0.050 -0.094 -2.267 0.151 0.135 0.682
2010.8836 35.73 129.40 0.009 0.021 -1.793 0.141 0.124 0.638
2010.9110 35.73 129.40 0.042 0.336 -1.060 0.153 0.136 0.691
2010.9384 35.73 129.40 0.065 0.612 2.679 0.159 0.141 0.716
2010.9658 35.73 129.40 0.303 0.395 2.390 0.174 0.155 0.782
2010.9932 35.73 129.40 0.492 1.437 4.325 0.154 0.099 0.633
2011.1027 35.73 129.40 0.407 0.269 -1.018 0.149 0.116 0.657
2011.1301 35.73 129.40 0.196 0.498 0.972 0.208 0.184 0.932
2011.1575 35.73 129.40 0.200 0.293 1.230 0.143 0.122 0.640
2011.1849 35.73 129.40 0.378 0.109 0.645 0.116 0.096 0.523
2011.2123 35.73 129.40 0.693 -0.274 1.745 0.177 0.157 0.796
2011.2397 35.73 129.40 0.440 -0.072 2.742 0.183 0.164 0.824
2011.2671 35.73 129.40 0.221 0.322 1.645 0.150 0.132 0.677
2011.2945 35.73 129.40 0.587 0.548 2.080 0.173 0.154 0.778
2011.3219 35.73 129.40 0.381 0.225 1.582 0.162 0.145 0.731
2011.3493 35.73 129.40 -0.150 0.290 -1.039 0.147 0.130 0.664
2011.3767 35.73 129.40 -0.249 -0.120 0.392 0.170 0.152 0.766
2011.4041 35.73 129.40 0.214 0.462 1.819 0.152 0.133 0.684
2011.4315 35.73 129.40 0.050 1.004 3.335 0.162 0.129 0.710
2011.5137 35.73 129.40 -0.148 -0.157 0.171 0.145 0.121 0.645
2011.5411 35.73 129.40 0.046 -0.257 -2.538 0.149 0.130 0.671
2011.5685 35.73 129.40 -0.219 -0.250 -1.750 0.147 0.127 0.660
2011.5959 35.73 129.40 -0.446 -0.804 -3.209 0.156 0.136 0.702
2011.6233 35.73 129.40 -0.236 -0.654 -3.140 0.157 0.136 0.705
2011.6507 35.73 129.40 -0.187 -0.362 -1.653 0.182 0.161 0.816
2011.6781 35.73 129.40 -0.073 -0.105 -2.068 0.169 0.149 0.759
2011.7055 35.73 129.40 -0.306 -0.672 -2.638 0.169 0.150 0.759
2011.7329 35.73 129.40 -0.675 0.104 -2.184 0.194 0.174 0.870
2011.7603 35.73 129.40 -0.550 -0.378 -1.811 0.167 0.149 0.753
2011.7877 35.73 129.40 -0.617 0.346 -2.103 0.177 0.159 0.798
2011.8151 35.73 129.40 -0.574 0.126 -0.106 0.175 0.156 0.784
2011.8425 35.73 129.40 -0.346 0.240 -1.250 0.188 0.169 0.843
2011.8699 35.73 129.40 -0.410 -0.097 -1.401 0.185 0.159 0.823
2011.9521 35.73 129.40 -0.090 0.275 0.772 0.133 0.095 0.568
2011.9795 35.73 129.40 -0.041 0.215 -2.046 0.154 0.133 0.687
2012.0068 35.73 129.40 -0.032 0.302 -0.769 0.144 0.124 0.641
2012.0342 35.73 129.40 -0.089 0.026 -1.801 0.171 0.146 0.755
2012.0616 35.73 129.40 -0.072 -0.123 -0.798 0.150 0.127 0.666
2012.0890 35.73 129.40 -0.230 0.116 -0.501 0.149 0.124 0.658
2012.1164 35.73 129.40 0.108 0.374 -0.294 0.147 0.121 0.645
2012.1438 35.73 129.40 -0.229 0.312 -1.479 0.152 0.124 0.667
2012.1712 35.73 129.40 -0.140 0.254 -3.534 0.147 0.118 0.641
2012.1986 35.73 129.40 -0.098 0.187 -3.339 0.134 0.106 0.585
2012.2260 35.73 129.40 -0.623 0.095 -1.326 0.135 0.109 0.590
2012.2534 35.73 129.40 0.192 0.283 -0.512 0.131 0.105 0.575
2012.2808 35.73 129.40 -0.059 0.267 0.246 0.123 0.098 0.538
2012.3082 35.73 129.40 -0.108 0.318 0.341 0.157 0.097 0.639
2012.3904 35.73 129.40 0.107 0.170 -0.286 0.156 0.118 0.673
2012.4178 35.73 129.40 -0.076 0.491 -0.153 0.113 0.090 0.496
2012.4452 35.73 129.40 -0.019 0.111 -1.788 0.112 0.089 0.493
2012.4726 35.73 129.40 -0.400 -0.001 -1.806 0.121 0.095 0.529
2012.5000 35.73 129.40 -0.256 -0.024 -1.733 0.116 0.090 0.506
2012.5274 35.73 129.40 -0.273 -0.325 -4.587 0.122 0.097 0.533
2012.5548 35.73 129.40 -0.598 -0.178 -4.057 0.122 0.097 0.532
2012.5822 35.73 129.40 -0.454 -0.166 -1.604 0.128 0.102 0.561
2012.6096 35.73 129.40 -0.163 -0.298 -3.759 0.126 0.103 0.552
2012.6370 35.73 129.40 -0.200 -0.285 -3.975 0.116 0.095 0.514
2012.6644 35.73 129.40 -0.424 -0.071 -4.394 0.126 0.104 0.558
2012.6918 35.73 129.40 -0.206 -0.028 -1.433 0.129 0.109 0.574
2012.7192 35.73 129.40 -0.202 -0.339 -2.036 0.153 0.133 0.680
2012.7466 35.73 129.40 -0.400 -0.027 -3.132 0.123 0.085 0.522
2012.8562 35.73 129.40 -0.166 -0.614 -2.114 0.161 0.139 0.714
2012.8836 35.73 129.40 0.158 -0.394 -1.503 0.148 0.133 0.668
2012.9110 35.73 129.40 0.063 -0.178 -1.996 0.141 0.126 0.636
2012.9384 35.73 129.40 -0.087 -0.505 0.249 0.138 0.119 0.621
2012.9658 35.73 129.40 -0.390 -0.448 -1.686 0.151 0.135 0.681
2012.9918 35.73 129.40 -0.177 -0.706 -0.786 0.077 0.067 0.356
2013.0178 35.73 129.40 -0.120 -0.107 -0.935 0.089 0.079 0.410
2013.0452 35.73 129.40 -0.181 -0.105 -2.296 0.089 0.078 0.409
2013.0726 35.73 129.40 -0.148 -0.189 -2.656 0.083 0.072 0.380
2013.1000 35.73 129.40 -0.325 -0.454 -0.194 0.085 0.074 0.389
2013.1274 35.73 129.40 -0.229 -0.025 -0.453 0.079 0.068 0.365
2013.1548 35.73 129.40 -0.077 -0.261 -0.166 0.077 0.062 0.351
2013.2644 35.73 129.40 -0.326 0.495 -3.518 0.094 0.044 0.367
2013.2918 35.73 129.40 -0.105 0.083 -2.561 0.081 0.070 0.374
2013.3192 35.73 129.40 0.115 -0.115 -2.792 0.089 0.078 0.408
2013.3466 35.73 129.40 0.421 -0.243 -3.047 0.091 0.081 0.418
2013.3740 35.73 129.40 -0.013 -0.410 -2.060 0.079 0.069 0.365
2013.4014 35.73 129.40 0.345 -0.232 -2.191 0.081 0.071 0.375
2013.4288 35.73 129.40 0.318 -0.278 -0.428 0.072 0.063 0.337
2013.4562 35.73 129.40 0.100 -0.032 -2.908 0.074 0.063 0.342
2013.4836 35.73 129.40 -0.004 -0.068 -2.141 0.075 0.065 0.349
2013.5110 35.73 129.40 0.060 -0.188 -4.731 0.084 0.074 0.387
2013.5384 35.73 129.40 0.210 -0.622 -1.639 0.084 0.070 0.381
2013.5658 35.73 129.40 0.107 -0.681 -0.827 0.086 0.075 0.397
2013.7575 35.73 129.40 -0.062 0.383 -1.948 0.084 0.070 0.382
2013.7849 35.73 129.40 0.113 0.199 -2.445 0.086 0.073 0.391
2013.8123 35.73 129.40 0.059 -0.022 -3.507 0.079 0.066 0.361
2013.8397 35.73 129.40 -0.105 0.593 -2.796 0.080 0.067 0.364
2013.8671 35.73 129.40 0.207 0.479 -1.597 0.085 0.071 0.388
2013.8945 35.73 129.40 0.225 0.648 0.272 0.079 0.066 0.361
2013.9219 35.73 129.40 0.236 0.300 0.262 0.071 0.059 0.328
2013.9493 35.73 129.40 0.086 -0.006 1.208 0.075 0.063 0.345
2013.9767 35.73 129.40 0.265 -0.205 -1.288 0.076 0.063 0.350
2014.0041 35.73 129.40 -0.055 0.113 -0.490 0.074 0.061 0.339
2014.0315 35.73 129.40 0.191 0.403 -0.870 0.077 0.063 0.349
2014.1685 35.73 129.40 0.380 0.431 -0.997 0.081 0.068 0.370
2014.1959 35.73 129.40 0.323 0.627 -1.987 0.081 0.071 0.373
2014.2233 35.73 129.40 0.539 0.317 -0.931 0.077 0.067 0.357
2014.2507 35.73 129.40 0.568 -0.011 -1.942 0.071 0.061 0.330
2014.2781 35.73 129.40 0.499 0.328 -2.616 0.075 0.065 0.348
2014.3055 35.73 129.40 0.302 0.054 -2.680 0.072 0.062 0.335
2014.3329 35.73 129.40 0.177 0.178 -2.025 0.060 0.051 0.283
2014.3603 35.73 129.40 0.069 0.157 -0.618 0.067 0.058 0.315
2014.3877 35.73 129.40 0.200 0.243 -2.480 0.068 0.058 0.316
2014.4151 35.73 129.40 0.091 0.358 -2.561 0.067 0.057 0.314
2014.4425 35.73 129.40 0.061 0.287 -1.443 0.071 0.061 0.331
2014.4699 35.73 129.40 -0.465 0.687 -2.666 0.071 0.060 0.329
2014.5795 35.73 129.40 -0.314 0.058 -2.658 0.065 0.049 0.300
2014.6068 35.73 129.40 -0.487 0.146 -1.105 0.063 0.052 0.295
2014.6342 35.73 129.40 -0.402 -0.055 -2.865 0.058 0.047 0.273
2014.6616 35.73 129.40 -0.620 0.138 -3.841 0.064 0.053 0.298
2014.6890 35.73 129.40 -0.895 0.259 -4.034 0.062 0.052 0.291
2014.7164 35.73 129.40 -0.627 -0.587 -2.413 0.061 0.051 0.286
2014.7438 35.73 129.40 -0.701 -0.140 -4.662 0.066 0.056 0.307
2014.7712 35.73 129.40 -0.800 0.734 -3.338 0.065 0.055 0.303
2014.7986 35.73 129.40 -0.491 0.236 -6.253 0.059 0.048 0.275
2014.8260 35.73 129.40 -0.530 0.134 -4.439 0.059 0.048 0.274
2014.8534 35.73 129.40 -0.499 0.139 -2.215 0.062 0.050 0.287
2014.8808 35.73 129.40 -0.348 0.199 -1.147 0.062 0.051 0.288
2014.9082 35.73 129.40 -0.241 0.554 -2.852 0.063 0.051 0.293
2015.0452 35.73 129.40 -0.439 0.420 -0.203 0.049 0.037 0.231
2015.0726 35.73 129.40 -0.368 0.360 1.416 0.053 0.038 0.242
2015.1000 35.73 129.40 -0.388 0.709 -0.604 0.047 0.035 0.224
2015.1274 35.73 129.40 -0.167 0.452 -1.285 0.044 0.033 0.212
2015.1548 35.73 129.40 -0.181 0.437 -0.880 0.051 0.037 0.235
2015.1822 35.73 129.40 -0.332 0.799 -2.079 0.048 0.035 0.225
2015.2096 35.73 129.40 -0.370 0.593 -3.167 0.063 0.048 0.283
2015.2370 35.73 129.40 0.065 0.333 -4.209 0.067 0.055 0.308
2015.2644 35.73 129.40 -0.100 0.385 -2.789 0.059 0.049 0.277
2015.2918 35.73 129.40 -0.295 -0.018 -1.912 0.060 0.049 0.280
2015.3192 35.73 129.40 -0.174 0.874 -0.415 0.057 0.048 0.271
2015.3466 35.73 129.40 0.097 0.415 -1.993 0.062 0.051 0.290
2015.4836 35.73 129.40 -0.878 0.555 -3.675 0.059 0.041 0.268
2015.5110 35.73 129.40 -0.493 1.063 0.889 0.056 0.042 0.261
2015.5384 35.73 129.40 -0.436 0.018 -0.975 0.061 0.048 0.283
2015.5658 35.73 129.40 -0.905 -0.237 -1.373 0.061 0.050 0.285
2015.5932 35.73 129.40 -0.744 -0.161 -2.483 0.064 0.052 0.294
2015.6205 35.73 129.40 -0.409 -0.010 -4.623 0.062 0.050 0.286
2015.6479 35.73 129.40 -0.795 0.331 -3.800 0.060 0.049 0.278
2015.6753 35.73 129.40 -0.922 0.146 -2.558 0.058 0.046 0.270
2015.7027 35.73 129.40 -1.158 -0.019 -4.204 0.063 0.051 0.290
2015.7301 35.73 129.40 -0.701 -0.021 -3.985 0.063 0.051 0.291
2015.9493 35.73 129.40 -0.380 1.143 -4.738 0.061 0.050 0.285
2015.9767 35.73 129.40 -0.595 0.776 -5.405 0.063 0.053 0.294
2016.0041 35.73 129.40 -0.489 0.202 -3.044 0.058 0.047 0.270
2016.0315 35.73 129.40 -0.373 0.752 -3.494 0.055 0.045 0.258
2016.0589 35.73 129.40 -0.454 0.039 -1.930 0.056 0.046 0.264
2016.0863 35.73 129.40 -0.439 0.250 -0.369 0.051 0.042 0.245
2016.1137 35.73 129.40 -0.342 0.312 -3.096 0.057 0.047 0.267
2016.1411 35.73 129.40 -0.312 0.094 -2.421 0.067 0.055 0.307
2016.1685 35.73 129.40 -0.073 0.318 -5.035 0.072 0.061 0.329
2016.1959 35.73 129.40 -0.213 0.397 -5.006 0.070 0.061 0.327
2016.2233 35.73 129.40 -0.214 0.071 -3.867 0.071 0.063 0.332
2016.2507 35.73 129.40 -0.094 0.121 -5.159 0.060 0.049 0.279
2016.3603 35.73 129.40 0.174 -0.680 -7.895 0.055 0.046 0.262
2016.3877 35.73 129.40 0.168 -0.464 -1.095 0.065 0.054 0.299
2016.4151 35.73 129.40 0.043 -0.176 0.098 0.064 0.052 0.294
2016.4425 35.73 129.40 -0.419 0.324 -0.398 0.068 0.057 0.313
2016.4699 35.73 129.40 -0.338 0.809 -1.294 0.067 0.056 0.307
