2002.5877 -33.19 118.08 0.028 -0.262 -2.207 0.113 0.092 0.506
2002.6151 -33.19 118.08 -0.013 -0.820 -3.049 0.108 0.089 0.484
2002.6425 -33.19 118.08 -0.278 -0.048 -3.937 0.110 0.090 0.493
2002.6699 -33.19 118.08 -0.078 -0.306 -2.664 0.095 0.078 0.431
2002.6973 -33.19 118.08 -0.264 0.173 -3.383 0.159 0.071 0.600
2002.7247 -33.19 118.08 -0.507 0.077 -1.458 0.102 0.084 0.458
2002.7521 -33.19 118.08 -0.362 -0.421 -0.970 0.095 0.079 0.428
2002.7795 -33.19 118.08 0.215 -0.351 -4.054 0.110 0.092 0.496
2002.8068 -33.19 118.08 -0.128 -0.813 -2.160 0.098 0.081 0.440
2002.8342 -33.19 118.08 -0.050 -0.639 -3.339 0.097 0.080 0.436
2002.8616 -33.19 118.08 -0.152 -0.543 -1.904 0.099 0.070 0.429
2002.8890 -33.19 118.08 0.018 -0.904 -1.770 0.098 0.081 0.440
2002.9164 -33.19 118.08 0.022 -0.120 -1.688 0.105 0.084 0.470
2003.0260 -33.19 118.08 0.474 -0.093 -0.075 0.119 0.096 0.532
2003.0534 -33.19 118.08 0.281 -0.536 -2.895 0.192 0.159 0.847
2003.0808 -33.19 118.08 0.086 0.113 -0.373 0.172 0.135 0.757
2003.1082 -33.19 118.08 0.369 0.186 1.984 0.100 0.079 0.452
2003.1356 -33.19 118.08 0.047 0.540 0.284 0.093 0.073 0.421
2003.1630 -33.19 118.08 0.336 -0.100 -0.276 0.099 0.079 0.446
2003.1904 -33.19 118.08 0.042 0.140 -0.834 0.116 0.090 0.516
2003.2178 -33.19 118.08 0.139 0.593 -2.824 0.097 0.078 0.440
2003.2452 -33.19 118.08 0.381 0.107 -2.568 0.095 0.077 0.431
2003.2726 -33.19 118.08 0.332 0.057 -1.293 0.093 0.075 0.421
2003.3000 -33.19 118.08 -0.004 -0.071 -2.529 0.091 0.074 0.412
2003.3274 -33.19 118.08 0.118 0.273 -3.815 0.118 0.097 0.530
2003.3548 -33.19 118.08 0.197 -0.111 -3.566 0.129 0.108 0.577
2003.3822 -33.19 118.08 0.318 0.147 -2.970 0.118 0.093 0.525
2003.5192 -33.19 118.08 0.052 0.113 -1.202 0.122 0.105 0.551
2003.5466 -33.19 118.08 0.110 -0.131 -3.328 0.135 0.117 0.607
2003.5740 -33.19 118.08 -0.030 0.215 -2.154 0.157 0.138 0.702
2003.6014 -33.19 118.08 0.006 -0.082 -1.970 0.135 0.117 0.606
2003.6288 -33.19 118.08 -0.188 -0.041 -1.552 0.128 0.110 0.576
2003.6562 -33.19 118.08 -0.012 -0.057 -1.726 0.138 0.118 0.615
2003.6836 -33.19 118.08 -0.260 -0.382 -1.660 0.136 0.117 0.607
2003.7110 -33.19 118.08 -0.139 -0.294 -0.752 0.107 0.090 0.481
2003.7384 -33.19 118.08 -0.182 -0.518 -3.320 0.129 0.110 0.577
2003.7658 -33.19 118.08 -0.295 -0.419 -0.871 0.119 0.101 0.532
2003.7932 -33.19 118.08 -0.072 -0.224 -1.279 0.132 0.113 0.590
2003.8205 -33.19 118.08 -0.102 -0.249 -2.165 0.143 0.119 0.631
2003.8479 -33.19 118.08 -0.316 -0.114 -2.109 0.126 0.101 0.554
2003.8753 -33.19 118.08 -0.085 0.038 -1.718 0.132 0.111 0.587
2003.9027 -33.19 118.08 -0.026 -0.140 -1.715 0.121 0.099 0.536
2003.9301 -33.19 118.08 -0.122 -0.372 0.011 0.126 0.104 0.558
2003.9575 -33.19 118.08 0.167 -0.178 -1.723 0.141 0.119 0.624
2003.9849 -33.19 118.08 -0.106 -0.340 0.038 0.134 0.112 0.591
2004.0123 -33.19 118.08 0.445 -0.140 -0.116 0.144 0.119 0.632
2004.0397 -33.19 118.08 -0.157 -0.022 -1.904 0.122 0.094 0.536
2004.0945 -33.19 118.08 -0.032 -0.074 -1.467 0.114 0.088 0.501
2004.1219 -33.19 118.08 0.064 0.404 -0.624 0.121 0.098 0.532
2004.1493 -33.19 118.08 0.261 0.415 -2.498 0.142 0.115 0.621
2004.1767 -33.19 118.08 0.448 0.405 -1.420 0.152 0.125 0.661
2004.2041 -33.19 118.08 0.076 0.302 -2.940 0.124 0.099 0.542
2004.2315 -33.19 118.08 0.189 -0.141 -2.205 0.126 0.100 0.550
2004.2589 -33.19 118.08 0.380 -0.006 -2.527 0.131 0.103 0.567
2004.2863 -33.19 118.08 0.459 -0.372 -2.861 0.131 0.103 0.568
2004.3137 -33.19 118.08 0.026 -0.078 -1.394 0.125 0.098 0.541
2004.3411 -33.19 118.08 0.289 -0.199 -1.383 0.137 0.107 0.589
2004.3685 -33.19 118.08 0.405 0.047 -1.262 0.132 0.102 0.571
2004.3959 -33.19 118.08 0.092 0.239 -1.771 0.116 0.089 0.505
2004.4233 -33.19 118.08 0.452 0.308 -4.105 0.112 0.085 0.485
2004.4507 -33.19 118.08 0.508 0.158 -4.430 0.100 0.076 0.433
2004.4781 -33.19 118.08 0.340 -0.079 -4.625 0.109 0.083 0.472
2004.5055 -33.19 118.08 0.148 -0.242 -1.187 0.107 0.081 0.462
2004.5329 -33.19 118.08 0.242 -0.087 -0.868 0.101 0.077 0.439
2004.5603 -33.19 118.08 -0.075 -0.668 -0.981 0.104 0.079 0.449
2004.5877 -33.19 118.08 -0.056 -0.454 -0.894 0.105 0.079 0.454
2004.6151 -33.19 118.08 0.015 -0.316 -0.843 0.116 0.087 0.499
2004.6425 -33.19 118.08 0.052 -0.350 -0.600 0.099 0.075 0.430
2004.6699 -33.19 118.08 0.000 -0.526 -1.557 0.099 0.075 0.431
2004.6973 -33.19 118.08 0.093 -0.310 -0.428 0.093 0.070 0.407
2004.7247 -33.19 118.08 -0.176 -0.217 -0.992 0.106 0.080 0.460
2004.7521 -33.19 118.08 0.173 -0.141 -0.433 0.102 0.077 0.445
2004.7795 -33.19 118.08 0.219 0.148 -0.729 0.099 0.075 0.432
2004.8068 -33.19 118.08 0.063 -0.090 -0.280 0.110 0.083 0.474
2004.8342 -33.19 118.08 0.130 -0.187 -2.028 0.108 0.082 0.468
2004.8616 -33.19 118.08 0.065 -0.444 -1.541 0.096 0.073 0.420
2004.8890 -33.19 118.08 0.167 -0.221 0.294 0.096 0.073 0.419
2004.9164 -33.19 118.08 0.064 -0.325 0.921 0.104 0.080 0.453
2004.9438 -33.19 118.08 0.098 0.007 0.270 0.116 0.088 0.503
2004.9712 -33.19 118.08 -0.050 -0.245 -0.371 0.104 0.080 0.453
2004.9973 -33.19 118.08 -0.006 -0.356 -0.669 0.101 0.078 0.442
2005.0233 -33.19 118.08 0.029 -0.482 -1.957 0.116 0.091 0.505
2005.0507 -33.19 118.08 -0.410 -0.088 -0.764 0.169 0.139 0.732
2005.0781 -33.19 118.08 0.164 -0.127 0.817 0.129 0.104 0.562
2005.1055 -33.19 118.08 0.017 -0.197 1.595 0.128 0.103 0.559
2005.1329 -33.19 118.08 -0.145 -0.235 -0.015 0.131 0.106 0.573
2005.1603 -33.19 118.08 0.070 -0.005 0.664 0.118 0.094 0.515
2005.1877 -33.19 118.08 0.037 -0.133 0.944 0.119 0.092 0.517
2005.2151 -33.19 118.08 -0.255 -0.111 0.839 0.113 0.087 0.490
2005.2425 -33.19 118.08 -0.218 0.045 -0.345 0.109 0.085 0.475
2005.2699 -33.19 118.08 -0.020 0.225 -2.221 0.116 0.092 0.505
2005.2973 -33.19 118.08 0.041 0.122 -1.569 0.122 0.097 0.533
2005.3247 -33.19 118.08 -0.033 -0.178 -4.701 0.129 0.102 0.560
2005.3521 -33.19 118.08 -0.043 -0.745 -3.195 0.057 0.044 0.270
2005.3795 -33.19 118.08 0.049 -0.161 -3.972 0.121 0.096 0.528
2005.4068 -33.19 118.08 0.038 -0.038 -4.559 0.111 0.087 0.487
2005.4342 -33.19 118.08 0.065 -0.244 -3.429 0.127 0.101 0.557
2005.4616 -33.19 118.08 0.307 -0.429 -3.386 0.115 0.092 0.506
2005.4890 -33.19 118.08 0.325 -0.191 -2.258 0.109 0.087 0.482
2005.5164 -33.19 118.08 0.288 0.013 -0.959 0.109 0.087 0.481
2005.5438 -33.19 118.08 0.118 -0.176 -3.577 0.118 0.096 0.520
2005.5712 -33.19 118.08 -0.077 -0.247 -2.233 0.128 0.105 0.564
2005.5986 -33.19 118.08 -0.078 -0.265 -1.237 0.131 0.107 0.576
2005.6260 -33.19 118.08 -0.249 -0.072 -1.338 0.116 0.094 0.513
2005.6534 -33.19 118.08 -0.280 -0.222 -2.270 0.122 0.100 0.539
2005.6808 -33.19 118.08 -0.168 0.067 -1.680 0.120 0.099 0.531
2005.7082 -33.19 118.08 -0.116 0.150 -1.632 0.144 0.121 0.637
2005.7356 -33.19 118.08 -0.042 -0.048 -0.560 0.127 0.106 0.563
2005.7630 -33.19 118.08 -0.170 -0.295 -1.221 0.128 0.107 0.566
2005.7904 -33.19 118.08 -0.308 -0.309 -1.165 0.120 0.100 0.533
2005.8178 -33.19 118.08 -0.335 -0.184 -1.706 0.123 0.103 0.546
2005.8452 -33.19 118.08 0.073 0.001 -1.282 0.132 0.110 0.585
2005.8726 -33.19 118.08 -0.179 -0.140 0.023 0.114 0.095 0.509
2005.9000 -33.19 118.08 -0.022 -0.273 -1.070 0.112 0.092 0.498
2005.9274 -33.19 118.08 0.009 -0.002 -0.352 0.118 0.090 0.515
2005.9548 -33.19 118.08 -0.042 0.089 -0.488 0.115 0.087 0.522
2005.9822 -33.19 118.08 -0.072 -0.263 1.916 0.111 0.088 0.494
2006.0096 -33.19 118.08 0.284 -0.435 -0.760 0.120 0.098 0.532
2006.0370 -33.19 118.08 0.369 -0.100 -1.655 0.150 0.125 0.664
2006.0644 -33.19 118.08 0.180 0.060 -1.195 0.152 0.127 0.676
2006.0918 -33.19 118.08 0.081 0.034 -2.992 0.151 0.127 0.671
2006.1192 -33.19 118.08 0.104 0.067 -3.545 0.170 0.146 0.756
2006.1466 -33.19 118.08 0.162 -0.135 -2.305 0.135 0.114 0.601
2006.1740 -33.19 118.08 0.324 0.104 -2.792 0.150 0.130 0.670
2006.2014 -33.19 118.08 0.421 0.404 -4.291 0.118 0.100 0.527
2006.2288 -33.19 118.08 0.039 0.283 -3.327 0.151 0.132 0.676
2006.2562 -33.19 118.08 0.388 0.311 -2.734 0.142 0.124 0.635
2006.2836 -33.19 118.08 0.382 -0.033 -3.200 0.139 0.121 0.623
2006.3110 -33.19 118.08 0.438 0.120 -2.900 0.148 0.130 0.664
2006.3384 -33.19 118.08 0.247 0.127 -2.224 0.134 0.118 0.604
2006.3658 -33.19 118.08 0.327 -0.036 -1.698 0.148 0.131 0.667
2006.3932 -33.19 118.08 0.416 0.030 -3.362 0.146 0.129 0.657
2006.4205 -33.19 118.08 0.197 0.005 -1.698 0.147 0.129 0.660
2006.4479 -33.19 118.08 0.115 -0.347 -1.783 0.162 0.137 0.720
2006.4753 -33.19 118.08 -0.070 -0.057 -0.705 0.163 0.143 0.733
2006.5027 -33.19 118.08 -0.363 -0.101 0.137 0.169 0.149 0.761
2006.5301 -33.19 118.08 0.089 -0.223 -0.356 0.200 0.179 0.900
2006.5575 -33.19 118.08 -0.153 -0.534 0.031 0.160 0.142 0.720
2006.5849 -33.19 118.08 -0.278 0.121 0.001 0.165 0.146 0.740
2006.6123 -33.19 118.08 -0.172 -0.152 -0.044 0.201 0.183 0.906
2006.6397 -33.19 118.08 -0.328 0.214 -1.323 0.171 0.153 0.771
2006.6671 -33.19 118.08 -0.359 -0.002 -0.063 0.156 0.138 0.703
2006.6945 -33.19 118.08 -0.165 -0.168 -1.145 0.199 0.178 0.891
2006.7219 -33.19 118.08 -0.336 -0.091 -0.211 0.187 0.164 0.838
2006.7493 -33.19 118.08 0.051 -0.235 1.252 0.222 0.197 0.994
2006.7767 -33.19 118.08 -0.065 -0.384 -0.595 0.193 0.172 0.864
2006.8041 -33.19 118.08 -0.077 -0.245 0.474 0.156 0.137 0.700
2006.8315 -33.19 118.08 -0.053 -0.206 -1.006 0.181 0.160 0.811
2006.8589 -33.19 118.08 -0.127 -0.388 0.711 0.176 0.156 0.789
2006.8863 -33.19 118.08 -0.019 -0.131 1.371 0.169 0.148 0.758
2006.9137 -33.19 118.08 -0.121 -0.433 0.859 0.165 0.143 0.736
2006.9411 -33.19 118.08 -0.356 -0.198 1.469 0.162 0.140 0.724
2006.9685 -33.19 118.08 -0.231 -0.399 0.656 0.162 0.137 0.719
2006.9959 -33.19 118.08 -0.271 -0.271 0.851 0.161 0.134 0.714
2007.0233 -33.19 118.08 -0.065 -0.033 -0.327 0.150 0.123 0.664
2007.0507 -33.19 118.08 -0.022 0.098 0.809 0.156 0.129 0.692
2007.0781 -33.19 118.08 0.124 0.200 1.705 0.160 0.137 0.713
2007.1055 -33.19 118.08 -0.215 0.112 -0.152 0.143 0.122 0.639
2007.1329 -33.19 118.08 -0.195 0.268 0.328 0.156 0.133 0.695
2007.1603 -33.19 118.08 -0.226 0.265 1.762 0.148 0.128 0.663
2007.1877 -33.19 118.08 -0.083 0.446 0.416 0.190 0.168 0.852
2007.2151 -33.19 118.08 -0.085 0.079 -1.372 0.170 0.150 0.761
2007.2425 -33.19 118.08 0.227 -0.051 -1.674 0.163 0.144 0.732
2007.2699 -33.19 118.08 0.194 0.005 0.600 0.131 0.112 0.587
2007.2973 -33.19 118.08 0.122 -0.243 -1.254 0.123 0.105 0.555
2007.3247 -33.19 118.08 0.246 -0.113 1.074 0.150 0.131 0.674
2007.3521 -33.19 118.08 0.280 0.189 -1.607 0.164 0.145 0.737
2007.3795 -33.19 118.08 0.044 -0.252 -2.245 0.172 0.153 0.772
2007.4068 -33.19 118.08 0.132 -0.049 -1.634 0.144 0.126 0.647
2007.4342 -33.19 118.08 -0.154 -0.257 0.367 0.138 0.119 0.619
2007.4616 -33.19 118.08 0.034 -0.189 0.116 0.180 0.160 0.807
2007.4890 -33.19 118.08 0.061 0.056 -3.015 0.139 0.119 0.622
2007.5164 -33.19 118.08 0.044 0.332 -0.705 0.146 0.128 0.657
2007.5438 -33.19 118.08 -0.036 0.072 -2.241 0.142 0.123 0.637
2007.5712 -33.19 118.08 -0.402 -0.011 -1.569 0.146 0.126 0.654
2007.5986 -33.19 118.08 0.019 -0.206 0.037 0.178 0.156 0.797
2007.6260 -33.19 118.08 -0.142 -0.339 -0.972 0.146 0.126 0.653
2007.6534 -33.19 118.08 -0.118 -0.590 0.323 0.148 0.128 0.664
2007.6808 -33.19 118.08 -0.165 -0.488 1.456 0.156 0.134 0.697
2007.7082 -33.19 118.08 -0.223 -0.479 -0.001 0.116 0.096 0.522
2007.7356 -33.19 118.08 -0.159 -0.306 0.444 0.160 0.137 0.715
2007.7630 -33.19 118.08 -0.194 -0.403 1.712 0.124 0.102 0.555
2007.7904 -33.19 118.08 -0.389 -0.096 0.866 0.157 0.136 0.704
2007.8178 -33.19 118.08 -0.141 -0.564 1.098 0.181 0.158 0.808
2007.8452 -33.19 118.08 -0.196 -0.540 -0.109 0.148 0.127 0.663
2007.8726 -33.19 118.08 -0.087 -0.630 0.200 0.172 0.149 0.769
2007.9000 -33.19 118.08 -0.142 0.103 1.250 0.183 0.154 0.810
2007.9274 -33.19 118.08 -0.221 -0.333 -2.427 0.178 0.156 0.798
2007.9548 -33.19 118.08 0.031 -0.434 -2.048 0.134 0.116 0.604
2007.9822 -33.19 118.08 -0.412 -0.121 -1.059 0.164 0.144 0.739
2008.0096 -33.19 118.08 -0.323 -0.304 1.068 0.144 0.126 0.650
2008.0370 -33.19 118.08 -0.077 0.376 -0.131 0.148 0.131 0.669
2008.0644 -33.19 118.08 -0.294 -0.333 0.038 0.170 0.152 0.768
2008.0918 -33.19 118.08 -0.193 -0.289 0.374 0.137 0.120 0.620
2008.1192 -33.19 118.08 0.284 0.033 1.074 0.160 0.143 0.724
2008.1466 -33.19 118.08 0.257 -0.171 1.254 0.186 0.167 0.839
2008.1740 -33.19 118.08 0.122 0.234 0.152 0.163 0.145 0.736
2008.2014 -33.19 118.08 0.233 0.613 -0.782 0.174 0.157 0.785
2008.2288 -33.19 118.08 0.159 -0.038 1.483 0.204 0.179 0.917
2008.2562 -33.19 118.08 0.325 0.278 0.118 0.190 0.168 0.855
2008.2836 -33.19 118.08 0.272 0.150 -2.384 0.228 0.203 1.025
2008.3110 -33.19 118.08 0.089 -0.157 -1.779 0.235 0.210 1.056
2008.3384 -33.19 118.08 0.251 -0.110 1.824 0.174 0.155 0.784
2008.3658 -33.19 118.08 0.217 0.037 -0.979 0.178 0.157 0.801
2008.3932 -33.19 118.08 0.049 -0.102 -0.747 0.163 0.141 0.730
2008.4205 -33.19 118.08 0.078 -0.112 -1.448 0.143 0.123 0.639
2008.4479 -33.19 118.08 0.195 -0.046 -1.909 0.144 0.126 0.648
2008.4753 -33.19 118.08 0.160 -0.074 -1.493 0.140 0.121 0.630
2008.5027 -33.19 118.08 0.008 -0.280 -1.352 0.172 0.148 0.766
2008.5301 -33.19 118.08 0.055 -0.487 -0.480 0.213 0.184 0.950
2008.5575 -33.19 118.08 -0.047 -0.586 -0.147 0.140 0.117 0.623
2008.5849 -33.19 118.08 -0.282 -0.264 -0.977 0.157 0.136 0.701
2008.6123 -33.19 118.08 -0.179 -0.472 -0.050 0.132 0.111 0.589
2008.6397 -33.19 118.08 -0.169 -0.379 1.531 0.144 0.123 0.644
2008.6671 -33.19 118.08 -0.101 -0.261 2.201 0.138 0.118 0.618
2008.6945 -33.19 118.08 -0.691 -0.118 -0.881 0.134 0.114 0.600
2008.7219 -33.19 118.08 -0.279 -0.052 0.247 0.153 0.133 0.687
2008.7493 -33.19 118.08 -0.358 -0.298 -0.721 0.139 0.120 0.624
2008.7767 -33.19 118.08 0.163 -0.156 -0.481 0.161 0.142 0.725
2008.8041 -33.19 118.08 -0.080 -0.361 -0.278 0.162 0.144 0.730
2008.8315 -33.19 118.08 -0.319 -0.168 0.085 0.184 0.162 0.824
2008.8589 -33.19 118.08 0.017 -0.291 -0.319 0.214 0.190 0.961
2008.8863 -33.19 118.08 0.117 -0.232 -0.901 0.206 0.182 0.923
2008.9137 -33.19 118.08 -0.117 0.004 -0.892 0.196 0.174 0.879
2008.9411 -33.19 118.08 -0.339 0.018 -0.520 0.205 0.182 0.921
2008.9685 -33.19 118.08 -0.036 -0.351 -0.956 0.192 0.169 0.862
2008.9945 -33.19 118.08 0.148 -0.203 -0.141 0.162 0.144 0.731
2009.0205 -33.19 118.08 -0.097 0.265 2.116 0.159 0.143 0.720
2009.0479 -33.19 118.08 -0.093 0.017 -0.647 0.159 0.143 0.721
2009.0753 -33.19 118.08 -0.272 0.383 -0.207 0.153 0.136 0.693
2009.1027 -33.19 118.08 0.217 0.217 -1.025 0.190 0.171 0.859
2009.1301 -33.19 118.08 -0.025 0.455 -1.100 0.152 0.135 0.687
2009.1575 -33.19 118.08 0.361 0.094 -0.415 0.155 0.137 0.700
2009.1849 -33.19 118.08 0.110 0.163 -2.263 0.177 0.159 0.799
2009.2123 -33.19 118.08 0.144 0.423 0.327 0.153 0.133 0.688
2009.2397 -33.19 118.08 0.054 0.419 -0.241 0.172 0.154 0.778
2009.2671 -33.19 118.08 -0.113 0.267 0.261 0.145 0.128 0.654
2009.2945 -33.19 118.08 -0.059 0.073 -1.140 0.148 0.131 0.669
2009.3219 -33.19 118.08 0.172 0.102 -1.668 0.155 0.137 0.698
2009.3493 -33.19 118.08 0.133 -0.036 -1.266 0.142 0.125 0.641
2009.3767 -33.19 118.08 0.408 -0.338 -3.403 0.150 0.131 0.673
2009.4041 -33.19 118.08 0.301 -0.217 -2.326 0.132 0.114 0.596
2009.4315 -33.19 118.08 0.085 -0.456 -0.073 0.151 0.133 0.680
2009.4589 -33.19 118.08 0.026 -0.121 1.207 0.129 0.110 0.580
2009.4863 -33.19 118.08 -0.030 0.294 -2.571 0.142 0.121 0.635
2009.5137 -33.19 118.08 0.261 0.127 -0.685 0.137 0.114 0.610
2009.5411 -33.19 118.08 0.024 -0.203 -2.045 0.167 0.143 0.747
2009.5685 -33.19 118.08 -0.175 -0.422 -1.640 0.180 0.153 0.803
2009.5959 -33.19 118.08 -0.229 -0.383 -1.592 0.158 0.133 0.705
2009.6233 -33.19 118.08 0.077 -0.603 0.398 0.163 0.140 0.729
2009.6507 -33.19 118.08 0.164 -0.656 -2.023 0.157 0.135 0.703
2009.6781 -33.19 118.08 -0.161 -0.390 -0.084 0.168 0.146 0.751
2009.7055 -33.19 118.08 -0.147 -0.509 -1.003 0.173 0.152 0.777
2009.7329 -33.19 118.08 -0.073 -0.083 0.565 0.167 0.147 0.751
2009.7603 -33.19 118.08 -0.330 -0.314 0.707 0.191 0.168 0.855
2009.7877 -33.19 118.08 -0.172 -0.443 2.229 0.176 0.155 0.790
2009.8151 -33.19 118.08 -0.126 -0.351 -1.569 0.188 0.167 0.845
2009.8425 -33.19 118.08 -0.128 -0.328 1.337 0.171 0.151 0.771
2009.8699 -33.19 118.08 -0.319 -0.431 2.123 0.164 0.145 0.738
2009.8973 -33.19 118.08 -0.108 -0.673 2.310 0.153 0.135 0.691
2009.9247 -33.19 118.08 -0.246 -0.526 2.219 0.154 0.132 0.691
2009.9521 -33.19 118.08 0.054 0.134 1.363 0.144 0.125 0.648
2009.9795 -33.19 118.08 -0.067 -0.084 0.117 0.148 0.129 0.666
2010.0068 -33.19 118.08 0.316 -0.056 1.179 0.186 0.165 0.836
2010.0342 -33.19 118.08 0.196 0.091 0.953 0.146 0.127 0.657
2010.0616 -33.19 118.08 -0.358 -0.106 0.800 0.150 0.131 0.672
2010.0890 -33.19 118.08 -0.327 0.231 0.803 0.178 0.158 0.799
2010.1164 -33.19 118.08 -0.227 0.222 1.906 0.183 0.163 0.825
2010.1438 -33.19 118.08 -0.223 0.297 1.091 0.177 0.156 0.797
2010.1712 -33.19 118.08 -0.303 0.486 2.631 0.170 0.149 0.762
2010.1986 -33.19 118.08 -0.125 0.164 1.845 0.163 0.142 0.731
2010.2260 -33.19 118.08 -0.049 0.353 0.915 0.178 0.156 0.797
2010.2534 -33.19 118.08 0.069 0.227 1.856 0.184 0.160 0.822
2010.2808 -33.19 118.08 0.073 0.030 1.133 0.142 0.122 0.638
2010.3082 -33.19 118.08 -0.020 -0.002 1.943 0.149 0.128 0.666
2010.3356 -33.19 118.08 -0.137 0.251 1.067 0.137 0.115 0.612
2010.3630 -33.19 118.08 0.159 -0.072 1.290 0.146 0.121 0.648
2010.3904 -33.19 118.08 0.035 -0.005 -0.299 0.151 0.117 0.658
2010.4178 -33.19 118.08 -0.001 -0.184 0.602 0.155 0.129 0.687
2010.4452 -33.19 118.08 -0.042 -0.095 -0.242 0.137 0.114 0.614
2010.4726 -33.19 118.08 0.135 0.274 2.271 0.124 0.102 0.556
2010.5000 -33.19 118.08 -0.129 0.285 1.905 0.139 0.117 0.623
2010.5274 -33.19 118.08 0.319 0.471 2.058 0.212 0.188 0.950
2010.5548 -33.19 118.08 -0.117 0.331 0.584 0.138 0.120 0.619
2010.5822 -33.19 118.08 -0.190 0.409 0.114 0.125 0.108 0.563
2010.6096 -33.19 118.08 0.028 -0.057 0.234 0.159 0.141 0.715
2010.6370 -33.19 118.08 0.126 -0.009 -0.362 0.143 0.125 0.643
2010.6644 -33.19 118.08 -0.008 0.260 -0.383 0.134 0.117 0.605
2010.6918 -33.19 118.08 -0.080 0.403 0.652 0.160 0.142 0.719
2010.7192 -33.19 118.08 -0.059 -0.136 0.100 0.149 0.132 0.671
2010.7466 -33.19 118.08 0.037 -0.146 2.593 0.172 0.153 0.772
2010.7740 -33.19 118.08 -0.194 0.113 1.402 0.142 0.124 0.640
2010.8014 -33.19 118.08 -0.011 0.039 2.949 0.135 0.118 0.609
2010.8288 -33.19 118.08 -0.144 -0.114 2.477 0.153 0.135 0.688
2010.8562 -33.19 118.08 -0.133 0.186 2.077 0.150 0.133 0.677
2010.8836 -33.19 118.08 -0.314 0.161 2.614 0.141 0.122 0.632
2010.9110 -33.19 118.08 -0.086 0.397 3.349 0.153 0.134 0.685
2010.9384 -33.19 118.08 -0.326 0.363 3.049 0.158 0.139 0.710
2010.9658 -33.19 118.08 -0.180 0.397 2.856 0.173 0.153 0.775
2010.9932 -33.19 118.08 -0.402 0.414 3.164 0.153 0.096 0.624
2011.1027 -33.19 118.08 -0.141 0.460 1.437 0.148 0.114 0.649
2011.1301 -33.19 118.08 0.152 0.811 1.404 0.207 0.181 0.924
2011.1575 -33.19 118.08 0.347 0.758 0.864 0.142 0.120 0.634
2011.1849 -33.19 118.08 0.591 0.577 -0.630 0.115 0.094 0.517
2011.2123 -33.19 118.08 0.195 0.422 -1.200 0.177 0.155 0.789
2011.2397 -33.19 118.08 0.346 0.801 -1.348 0.183 0.161 0.818
2011.2671 -33.19 118.08 0.307 0.604 -2.108 0.150 0.130 0.670
2011.2945 -33.19 118.08 0.400 0.417 -1.632 0.172 0.152 0.772
2011.3219 -33.19 118.08 0.323 0.504 0.244 0.162 0.143 0.725
2011.3493 -33.19 118.08 0.593 0.642 0.618 0.146 0.128 0.658
2011.3767 -33.19 118.08 0.238 0.512 -2.417 0.169 0.150 0.759
2011.4041 -33.19 118.08 0.341 0.351 -2.014 0.151 0.131 0.678
2011.4315 -33.19 118.08 0.196 0.146 -2.550 0.161 0.128 0.704
2011.5137 -33.19 118.08 0.086 0.460 -0.234 0.144 0.119 0.638
2011.5411 -33.19 118.08 0.362 0.897 -0.457 0.149 0.128 0.665
2011.5685 -33.19 118.08 0.273 0.331 0.212 0.146 0.124 0.653
2011.5959 -33.19 118.08 0.499 0.260 2.165 0.156 0.134 0.695
2011.6233 -33.19 118.08 0.037 0.416 1.721 0.157 0.133 0.698
2011.6507 -33.19 118.08 0.147 0.295 1.416 0.182 0.158 0.809
2011.6781 -33.19 118.08 0.046 0.223 2.963 0.169 0.147 0.753
2011.7055 -33.19 118.08 -0.084 0.030 1.821 0.168 0.148 0.753
2011.7329 -33.19 118.08 -0.125 0.483 3.506 0.193 0.172 0.863
2011.7603 -33.19 118.08 -0.217 0.439 2.830 0.167 0.147 0.747
2011.7877 -33.19 118.08 0.004 0.322 2.895 0.177 0.157 0.792
2011.8151 -33.19 118.08 -0.168 0.123 -0.084 0.174 0.154 0.778
2011.8425 -33.19 118.08 0.126 0.355 -0.610 0.187 0.167 0.837
2011.8699 -33.19 118.08 -0.004 0.185 -0.456 0.184 0.157 0.817
2011.9521 -33.19 118.08 0.083 0.405 1.313 0.132 0.093 0.561
2011.9795 -33.19 118.08 0.136 0.512 -0.013 0.153 0.132 0.682
2012.0068 -33.19 118.08 0.214 0.678 1.782 0.143 0.122 0.636
2012.0342 -33.19 118.08 0.014 0.805 -0.034 0.171 0.144 0.751
2012.0616 -33.19 118.08 0.362 0.534 0.692 0.150 0.125 0.660
2012.0890 -33.19 118.08 0.098 0.876 -0.889 0.148 0.123 0.652
2012.1164 -33.19 118.08 -0.067 0.580 -1.760 0.146 0.120 0.640
2012.1438 -33.19 118.08 0.038 0.543 -0.302 0.151 0.123 0.660
2012.1712 -33.19 118.08 0.167 0.558 0.311 0.146 0.116 0.635
2012.1986 -33.19 118.08 0.075 0.700 -1.658 0.133 0.105 0.580
2012.2260 -33.19 118.08 0.101 0.872 -0.195 0.134 0.108 0.585
2012.2534 -33.19 118.08 0.401 0.840 -1.801 0.131 0.104 0.570
2012.2808 -33.19 118.08 0.672 0.685 -2.138 0.122 0.097 0.533
2012.3082 -33.19 118.08 0.508 0.236 -0.836 0.155 0.094 0.630
2012.3904 -33.19 118.08 0.230 0.201 -0.283 0.155 0.116 0.667
2012.4178 -33.19 118.08 0.255 0.176 -1.278 0.113 0.089 0.492
2012.4452 -33.19 118.08 0.129 0.359 -1.175 0.112 0.088 0.489
2012.4726 -33.19 118.08 0.233 0.095 -1.323 0.120 0.095 0.524
2012.5000 -33.19 118.08 0.157 0.074 0.324 0.115 0.090 0.502
2012.5274 -33.19 118.08 -0.030 -0.047 -0.131 0.121 0.096 0.529
2012.5548 -33.19 118.08 -0.241 -0.169 0.275 0.121 0.096 0.528
2012.5822 -33.19 118.08 -0.573 0.143 2.457 0.127 0.101 0.556
2012.6096 -33.19 118.08 -0.523 0.091 3.217 0.125 0.101 0.547
2012.6370 -33.19 118.08 -0.255 -0.005 2.129 0.116 0.094 0.509
2012.6644 -33.19 118.08 -0.399 0.379 2.413 0.126 0.103 0.553
2012.6918 -33.19 118.08 -0.555 0.061 2.022 0.129 0.108 0.569
2012.7192 -33.19 118.08 -0.284 0.104 3.610 0.153 0.131 0.675
2012.7466 -33.19 118.08 0.029 0.349 1.478 0.122 0.083 0.514
2012.8562 -33.19 118.08 -0.237 0.127 3.540 0.160 0.137 0.708
2012.8836 -33.19 118.08 -0.029 -0.123 3.016 0.148 0.131 0.663
2012.9110 -33.19 118.08 -0.143 -0.453 2.851 0.140 0.124 0.631
2012.9384 -33.19 118.08 -0.289 0.123 6.781 0.138 0.117 0.615
2012.9658 -33.19 118.08 0.053 -0.071 2.124 0.150 0.134 0.675
2012.9918 -33.19 118.08 -0.158 0.216 3.165 0.077 0.066 0.352
2013.0178 -33.19 118.08 -0.262 0.009 2.168 0.089 0.078 0.406
2013.0452 -33.19 118.08 0.054 0.358 3.345 0.089 0.077 0.405
2013.0726 -33.19 118.08 0.205 -0.010 3.121 0.082 0.071 0.376
2013.1000 -33.19 118.08 0.048 0.224 4.750 0.084 0.073 0.385
2013.1274 -33.19 118.08 -0.143 -0.105 4.266 0.079 0.067 0.361
2013.1548 -33.19 118.08 -0.034 -0.354 2.937 0.077 0.061 0.346
2013.2644 -33.19 118.08 0.358 0.704 0.014 0.093 0.043 0.361
2013.2918 -33.19 118.08 0.066 0.382 -0.751 0.081 0.069 0.369
2013.3192 -33.19 118.08 0.294 0.315 1.412 0.088 0.077 0.404
2013.3466 -33.19 118.08 0.024 0.472 1.586 0.091 0.080 0.414
2013.3740 -33.19 118.08 0.073 0.005 1.097 0.078 0.068 0.361
2013.4014 -33.19 118.08 0.066 0.577 -0.559 0.081 0.071 0.371
2013.4288 -33.19 118.08 0.054 0.099 1.793 0.072 0.062 0.332
2013.4562 -33.19 118.08 0.045 0.456 2.295 0.073 0.063 0.338
2013.4836 -33.19 118.08 0.047 0.277 0.661 0.075 0.064 0.345
2013.5110 -33.19 118.08 -0.091 0.455 2.236 0.083 0.073 0.383
2013.5384 -33.19 118.08 0.039 0.005 1.316 0.083 0.069 0.376
2013.5658 -33.19 118.08 -0.322 -0.248 0.518 0.086 0.074 0.392
2013.7575 -33.19 118.08 -0.436 -0.097 -0.880 0.083 0.068 0.376
2013.7849 -33.19 118.08 -0.378 -0.275 -0.556 0.085 0.071 0.386
2013.8123 -33.19 118.08 -0.374 -0.218 -0.904 0.078 0.065 0.355
2013.8397 -33.19 118.08 -0.422 -0.422 0.066 0.079 0.066 0.359
2013.8671 -33.19 118.08 -0.520 -0.154 -1.754 0.085 0.070 0.382
2013.8945 -33.19 118.08 -0.685 0.254 1.042 0.079 0.065 0.356
2013.9219 -33.19 118.08 -0.259 -0.108 -0.584 0.071 0.058 0.323
2013.9493 -33.19 118.08 0.008 -0.163 1.602 0.075 0.061 0.339
2013.9767 -33.19 118.08 -0.324 -0.194 1.839 0.076 0.062 0.344
2014.0041 -33.19 118.08 -0.088 -0.352 2.403 0.073 0.060 0.333
2014.0315 -33.19 118.08 -0.191 -0.047 2.664 0.076 0.062 0.343
2014.1685 -33.19 118.08 0.013 0.496 4.024 0.081 0.066 0.365
2014.1959 -33.19 118.08 -0.058 0.554 4.682 0.081 0.070 0.369
2014.2233 -33.19 118.08 -0.077 0.206 3.867 0.077 0.066 0.352
2014.2507 -33.19 118.08 -0.240 0.140 1.734 0.071 0.060 0.326
2014.2781 -33.19 118.08 -0.388 0.299 3.350 0.075 0.064 0.343
2014.3055 -33.19 118.08 0.004 0.289 2.074 0.072 0.062 0.331
2014.3329 -33.19 118.08 -0.014 0.244 1.552 0.060 0.050 0.279
2014.3603 -33.19 118.08 0.082 0.338 2.535 0.067 0.057 0.311
2014.3877 -33.19 118.08 0.117 0.295 2.958 0.067 0.057 0.311
2014.4151 -33.19 118.08 0.290 0.329 1.030 0.067 0.057 0.310
2014.4425 -33.19 118.08 0.372 -0.443 0.760 0.071 0.060 0.326
2014.4699 -33.19 118.08 0.375 0.302 -0.436 0.071 0.059 0.324
2014.5795 -33.19 118.08 0.245 -0.045 -0.044 0.065 0.048 0.294
2014.6068 -33.19 118.08 -0.125 -0.128 0.450 0.063 0.052 0.290
2014.6342 -33.19 118.08 0.100 -0.199 1.422 0.058 0.047 0.268
2014.6616 -33.19 118.08 0.005 -0.118 1.302 0.064 0.053 0.293
2014.6890 -33.19 118.08 -0.188 -0.197 1.157 0.062 0.051 0.287
2014.7164 -33.19 118.08 -0.103 -0.275 0.032 0.061 0.050 0.281
2014.7438 -33.19 118.08 -0.129 -0.274 1.522 0.066 0.055 0.302
2014.7712 -33.19 118.08 -0.053 -0.385 3.595 0.065 0.054 0.298
2014.7986 -33.19 118.08 0.099 -0.312 3.690 0.058 0.047 0.270
2014.8260 -33.19 118.08 -0.060 -0.632 -1.043 0.058 0.047 0.269
2014.8534 -33.19 118.08 -0.281 -0.274 0.451 0.061 0.050 0.282
2014.8808 -33.19 118.08 -0.160 -0.151 1.330 0.062 0.050 0.283
2014.9082 -33.19 118.08 0.059 -0.094 1.009 0.063 0.051 0.288
2015.0452 -33.19 118.08 0.011 0.475 1.916 0.048 0.036 0.226
2015.0726 -33.19 118.08 0.555 0.148 1.135 0.052 0.037 0.237
2015.1000 -33.19 118.08 0.538 0.346 -1.107 0.047 0.035 0.219
2015.1274 -33.19 118.08 0.328 0.143 3.793 0.043 0.033 0.207
2015.1548 -33.19 118.08 0.003 0.190 4.729 0.050 0.036 0.230
2015.1822 -33.19 118.08 0.046 0.497 3.622 0.047 0.035 0.220
2015.2096 -33.19 118.08 0.057 0.170 0.905 0.062 0.047 0.278
2015.2370 -33.19 118.08 0.095 -0.017 -0.621 0.067 0.054 0.304
2015.2644 -33.19 118.08 0.220 0.151 1.219 0.059 0.049 0.273
2015.2918 -33.19 118.08 0.013 -0.198 1.152 0.059 0.049 0.276
2015.3192 -33.19 118.08 0.318 0.368 -0.072 0.057 0.047 0.267
2015.3466 -33.19 118.08 0.005 0.141 -0.203 0.062 0.050 0.285
2015.4836 -33.19 118.08 -0.133 0.331 2.713 0.059 0.040 0.262
2015.5110 -33.19 118.08 0.229 0.241 -0.840 0.056 0.042 0.256
2015.5384 -33.19 118.08 0.403 -0.707 0.325 0.061 0.046 0.277
2015.5658 -33.19 118.08 0.251 -0.767 3.513 0.061 0.049 0.280
2015.5932 -33.19 118.08 -0.073 -0.061 1.872 0.063 0.051 0.289
2015.6205 -33.19 118.08 -0.195 0.138 1.775 0.061 0.049 0.281
2015.6479 -33.19 118.08 -0.214 0.522 1.470 0.060 0.048 0.273
2015.6753 -33.19 118.08 -0.273 0.372 1.297 0.058 0.045 0.264
2015.7027 -33.19 118.08 -0.251 -0.109 2.649 0.062 0.050 0.285
2015.7301 -33.19 118.08 -0.347 -0.348 2.619 0.063 0.050 0.286
2015.9493 -33.19 118.08 -0.284 -0.429 4.475 0.060 0.049 0.280
2015.9767 -33.19 118.08 -0.087 0.119 1.087 0.063 0.052 0.290
2016.0041 -33.19 118.08 -0.100 -0.202 2.320 0.057 0.047 0.265
2016.0315 -33.19 118.08 -0.030 0.310 3.941 0.055 0.044 0.254
2016.0589 -33.19 118.08 -0.023 0.182 1.676 0.056 0.045 0.259
2016.0863 -33.19 118.08 -0.010 0.533 0.531 0.051 0.041 0.240
2016.1137 -33.19 118.08 -0.053 0.652 1.524 0.057 0.046 0.263
2016.1411 -33.19 118.08 -0.155 0.748 0.595 0.067 0.055 0.303
2016.1685 -33.19 118.08 -0.304 -0.030 3.640 0.071 0.060 0.325
2016.1959 -33.19 118.08 -0.545 0.758 -0.809 0.070 0.061 0.323
2016.2233 -33.19 118.08 -0.064 -0.184 -0.249 0.071 0.063 0.328
2016.2507 -33.19 118.08 0.099 -0.210 -0.594 0.060 0.048 0.274
2016.3603 -33.19 118.08 -0.568 -0.270 6.901 0.055 0.045 0.257
2016.3877 -33.19 118.08 -0.056 -0.482 3.902 0.064 0.053 0.295
2016.4151 -33.19 118.08 0.060 -0.736 6.226 0.063 0.051 0.289
2016.4425 -33.19 118.08 -0.005 -0.083 8.116 0.068 0.056 0.308
2016.4699 -33.19 118.08 0.210 0.258 4.754 0.066 0.055 0.301
