2002.5877 45.50 -122.42 0.006 -0.271 1.633 0.115 0.101 0.531
2002.6151 45.50 -122.42 -0.276 -0.619 2.529 0.110 0.098 0.509
2002.6425 45.50 -122.42 -0.083 -0.585 4.496 0.112 0.100 0.518
2002.6699 45.50 -122.42 -0.165 -1.146 4.755 0.098 0.086 0.454
2002.6973 45.50 -122.42 -0.494 -1.302 1.518 0.171 0.087 0.656
2002.7247 45.50 -122.42 -0.283 -0.907 6.035 0.104 0.093 0.482
2002.7521 45.50 -122.42 -0.387 -1.312 3.936 0.097 0.087 0.449
2002.7795 45.50 -122.42 -0.183 -1.228 6.153 0.112 0.101 0.521
2002.8068 45.50 -122.42 -0.344 -1.240 5.840 0.100 0.089 0.463
2002.8342 45.50 -122.42 -0.514 -0.867 5.726 0.099 0.088 0.458
2002.8616 45.50 -122.42 -0.409 -0.405 3.698 0.103 0.081 0.460
2002.8890 45.50 -122.42 -0.267 -0.432 2.387 0.100 0.089 0.462
2002.9164 45.50 -122.42 -0.380 -0.626 2.673 0.108 0.094 0.495
2003.0260 45.50 -122.42 -0.130 -0.185 3.404 0.122 0.107 0.562
2003.0534 45.50 -122.42 -0.224 0.296 2.186 0.197 0.175 0.890
2003.0808 45.50 -122.42 -0.358 -0.111 2.558 0.177 0.150 0.798
2003.1082 45.50 -122.42 -0.127 -0.381 -3.307 0.103 0.088 0.479
2003.1356 45.50 -122.42 -0.297 0.181 -1.171 0.096 0.082 0.446
2003.1630 45.50 -122.42 -0.193 -0.154 -1.785 0.102 0.088 0.471
2003.1904 45.50 -122.42 -0.074 0.217 -2.991 0.119 0.101 0.546
2003.2178 45.50 -122.42 0.126 -0.001 -3.037 0.100 0.086 0.464
2003.2452 45.50 -122.42 0.109 -0.092 -5.732 0.098 0.085 0.453
2003.2726 45.50 -122.42 0.070 -0.253 -2.906 0.095 0.083 0.442
2003.3000 45.50 -122.42 0.425 0.142 -3.440 0.093 0.081 0.432
2003.3274 45.50 -122.42 0.144 0.227 -4.486 0.121 0.106 0.555
2003.3548 45.50 -122.42 0.485 0.088 -3.347 0.131 0.117 0.602
2003.3822 45.50 -122.42 0.248 0.047 -0.502 0.121 0.105 0.558
2003.5192 45.50 -122.42 0.037 -0.049 4.602 0.125 0.113 0.573
2003.5466 45.50 -122.42 -0.313 -0.611 1.502 0.137 0.126 0.629
2003.5740 45.50 -122.42 -0.445 -0.663 3.795 0.159 0.147 0.726
2003.6014 45.50 -122.42 -0.424 -0.871 3.694 0.138 0.125 0.629
2003.6288 45.50 -122.42 -0.556 -1.139 3.869 0.131 0.118 0.600
2003.6562 45.50 -122.42 -0.313 -1.081 5.715 0.140 0.127 0.640
2003.6836 45.50 -122.42 -0.451 -1.033 4.836 0.138 0.126 0.629
2003.7110 45.50 -122.42 -0.461 -1.004 3.535 0.110 0.097 0.502
2003.7384 45.50 -122.42 -0.623 -1.044 4.417 0.132 0.118 0.599
2003.7658 45.50 -122.42 -0.533 -0.651 5.578 0.121 0.109 0.553
2003.7932 45.50 -122.42 -0.305 -0.910 4.808 0.135 0.121 0.613
2003.8205 45.50 -122.42 0.205 -0.940 6.161 0.147 0.128 0.657
2003.8479 45.50 -122.42 -0.115 -0.490 5.919 0.130 0.110 0.581
2003.8753 45.50 -122.42 -0.088 -0.691 5.168 0.135 0.120 0.610
2003.9027 45.50 -122.42 -0.007 -0.507 1.713 0.124 0.108 0.562
2003.9301 45.50 -122.42 -0.157 -0.389 1.923 0.129 0.112 0.581
2003.9575 45.50 -122.42 0.002 -0.372 1.162 0.144 0.127 0.646
2003.9849 45.50 -122.42 0.026 -0.086 1.593 0.137 0.119 0.613
2004.0123 45.50 -122.42 -0.468 -0.244 0.460 0.147 0.127 0.657
2004.0397 45.50 -122.42 -0.356 -0.171 0.695 0.126 0.107 0.571
2004.0945 45.50 -122.42 0.034 0.205 -0.969 0.118 0.099 0.533
2004.1219 45.50 -122.42 -0.053 0.163 -1.647 0.125 0.105 0.555
2004.1493 45.50 -122.42 -0.056 -0.367 -3.507 0.147 0.123 0.647
2004.1767 45.50 -122.42 -0.355 -0.028 -2.078 0.156 0.131 0.684
2004.2041 45.50 -122.42 -0.320 -0.597 -2.851 0.128 0.106 0.565
2004.2315 45.50 -122.42 -0.413 -0.195 -3.287 0.130 0.108 0.573
2004.2589 45.50 -122.42 -0.173 0.193 -0.247 0.135 0.111 0.591
2004.2863 45.50 -122.42 -0.187 0.010 -4.642 0.136 0.110 0.592
2004.3137 45.50 -122.42 0.149 -0.106 -2.346 0.129 0.105 0.565
2004.3411 45.50 -122.42 -0.144 0.089 -1.806 0.141 0.114 0.614
2004.3685 45.50 -122.42 -0.282 -0.136 -1.494 0.137 0.111 0.599
2004.3959 45.50 -122.42 -0.526 -0.419 1.217 0.120 0.099 0.533
2004.4233 45.50 -122.42 -0.155 0.053 2.465 0.116 0.095 0.513
2004.4507 45.50 -122.42 -0.021 -0.121 -0.814 0.103 0.083 0.456
2004.4781 45.50 -122.42 0.000 -0.047 0.186 0.113 0.091 0.497
2004.5055 45.50 -122.42 -0.264 -0.049 3.192 0.110 0.089 0.487
2004.5329 45.50 -122.42 -0.364 -0.361 3.987 0.105 0.085 0.464
2004.5603 45.50 -122.42 -0.310 -0.365 3.761 0.108 0.087 0.474
2004.5877 45.50 -122.42 -0.497 -0.180 3.724 0.109 0.088 0.481
2004.6151 45.50 -122.42 -0.645 -0.686 4.623 0.120 0.097 0.527
2004.6425 45.50 -122.42 -0.596 -0.505 5.594 0.102 0.084 0.456
2004.6699 45.50 -122.42 -0.346 -0.466 3.470 0.102 0.084 0.458
2004.6973 45.50 -122.42 -0.300 -0.147 3.784 0.096 0.079 0.433
2004.7247 45.50 -122.42 -0.414 -0.331 5.043 0.110 0.090 0.489
2004.7521 45.50 -122.42 -0.285 -0.389 1.894 0.106 0.087 0.473
2004.7795 45.50 -122.42 -0.372 -0.255 1.893 0.103 0.084 0.458
2004.8068 45.50 -122.42 -0.552 -0.391 3.101 0.114 0.092 0.501
2004.8342 45.50 -122.42 -0.790 -0.079 1.602 0.112 0.090 0.494
2004.8616 45.50 -122.42 -0.673 -0.292 2.910 0.099 0.082 0.446
2004.8890 45.50 -122.42 -0.640 -0.491 2.286 0.099 0.081 0.444
2004.9164 45.50 -122.42 -0.402 -0.485 2.699 0.108 0.088 0.478
2004.9438 45.50 -122.42 -0.348 -0.015 2.477 0.119 0.099 0.535
2004.9712 45.50 -122.42 -0.544 -0.247 1.488 0.108 0.087 0.476
2004.9973 45.50 -122.42 -0.217 0.099 -0.473 0.105 0.086 0.466
2005.0233 45.50 -122.42 -0.312 0.254 -1.426 0.120 0.098 0.527
2005.0507 45.50 -122.42 -0.334 0.360 -2.480 0.174 0.144 0.752
2005.0781 45.50 -122.42 -0.092 0.068 -3.062 0.133 0.110 0.583
2005.1055 45.50 -122.42 -0.240 0.050 -2.620 0.132 0.109 0.580
2005.1329 45.50 -122.42 -0.453 -0.205 -2.067 0.135 0.113 0.594
2005.1603 45.50 -122.42 -0.322 -0.111 -1.212 0.122 0.101 0.538
2005.1877 45.50 -122.42 -0.122 -0.043 -0.413 0.123 0.101 0.543
2005.2151 45.50 -122.42 -0.029 -0.070 1.180 0.116 0.096 0.518
2005.2425 45.50 -122.42 -0.376 0.225 -1.557 0.112 0.093 0.499
2005.2699 45.50 -122.42 -0.010 0.122 -1.196 0.119 0.099 0.529
2005.2973 45.50 -122.42 0.054 0.061 0.633 0.126 0.105 0.557
2005.3247 45.50 -122.42 -0.231 0.288 -0.612 0.132 0.111 0.586
2005.3521 45.50 -122.42 -0.481 0.474 -0.828 0.059 0.050 0.287
2005.3795 45.50 -122.42 -0.294 0.140 -0.524 0.124 0.104 0.553
2005.4068 45.50 -122.42 -0.388 0.247 -0.773 0.114 0.096 0.512
2005.4342 45.50 -122.42 -0.197 0.161 -2.065 0.131 0.111 0.586
2005.4616 45.50 -122.42 -0.615 0.169 0.029 0.119 0.100 0.531
2005.4890 45.50 -122.42 -0.507 -0.197 1.232 0.113 0.095 0.505
2005.5164 45.50 -122.42 -0.236 0.088 1.406 0.112 0.095 0.505
2005.5438 45.50 -122.42 -0.478 -0.282 1.777 0.121 0.104 0.544
2005.5712 45.50 -122.42 -0.427 -0.376 4.461 0.132 0.113 0.589
2005.5986 45.50 -122.42 -0.465 -0.608 2.675 0.134 0.116 0.601
2005.6260 45.50 -122.42 -0.689 -0.399 3.720 0.119 0.102 0.537
2005.6534 45.50 -122.42 -0.798 -0.177 3.822 0.125 0.108 0.563
2005.6808 45.50 -122.42 -0.798 -0.581 3.900 0.123 0.107 0.554
2005.7082 45.50 -122.42 -0.546 -0.284 3.205 0.148 0.130 0.662
2005.7356 45.50 -122.42 -0.636 -0.502 5.740 0.130 0.114 0.586
2005.7630 45.50 -122.42 -0.783 -0.452 2.609 0.130 0.115 0.588
2005.7904 45.50 -122.42 -0.535 -0.353 3.494 0.123 0.107 0.555
2005.8178 45.50 -122.42 -0.420 -0.619 4.577 0.126 0.111 0.568
2005.8452 45.50 -122.42 -0.354 -0.279 4.579 0.135 0.119 0.609
2005.8726 45.50 -122.42 -0.439 -0.150 3.477 0.117 0.103 0.531
2005.9000 45.50 -122.42 -0.201 -0.387 2.426 0.114 0.100 0.520
2005.9274 45.50 -122.42 -0.255 0.032 2.079 0.121 0.102 0.548
2005.9548 45.50 -122.42 -0.186 -0.138 -0.542 0.118 0.101 0.560
2005.9822 45.50 -122.42 -0.354 -0.570 -0.076 0.114 0.098 0.522
2006.0096 45.50 -122.42 -0.374 -0.516 -0.765 0.123 0.107 0.558
2006.0370 45.50 -122.42 -0.364 0.083 -1.519 0.154 0.135 0.694
2006.0644 45.50 -122.42 -0.286 0.132 -0.916 0.156 0.138 0.706
2006.0918 45.50 -122.42 -0.019 0.353 -2.049 0.154 0.138 0.699
2006.1192 45.50 -122.42 -0.203 0.838 -4.817 0.174 0.156 0.785
2006.1466 45.50 -122.42 -0.276 0.494 -4.425 0.137 0.123 0.625
2006.1740 45.50 -122.42 -0.128 0.610 -3.205 0.153 0.139 0.694
2006.2014 45.50 -122.42 -0.326 0.305 -5.947 0.120 0.107 0.548
2006.2288 45.50 -122.42 0.018 0.357 -5.000 0.154 0.140 0.699
2006.2562 45.50 -122.42 -0.028 0.389 -5.341 0.144 0.132 0.656
2006.2836 45.50 -122.42 -0.302 0.197 -5.241 0.141 0.129 0.644
2006.3110 45.50 -122.42 0.096 0.358 -5.114 0.150 0.138 0.685
2006.3384 45.50 -122.42 -0.089 0.411 -2.189 0.136 0.125 0.624
2006.3658 45.50 -122.42 -0.173 0.232 -0.992 0.151 0.139 0.689
2006.3932 45.50 -122.42 -0.195 0.656 -1.134 0.149 0.137 0.679
2006.4205 45.50 -122.42 -0.244 0.540 -3.907 0.149 0.137 0.683
2006.4479 45.50 -122.42 0.087 0.515 -2.331 0.165 0.147 0.748
2006.4753 45.50 -122.42 -0.199 0.027 -1.313 0.166 0.153 0.759
2006.5027 45.50 -122.42 -0.693 -0.237 1.048 0.172 0.159 0.786
2006.5301 45.50 -122.42 -0.299 -0.172 1.583 0.203 0.189 0.926
2006.5575 45.50 -122.42 -0.129 -0.614 2.585 0.163 0.150 0.743
2006.5849 45.50 -122.42 -0.555 -0.298 2.428 0.167 0.155 0.763
2006.6123 45.50 -122.42 -0.965 -0.253 2.241 0.204 0.192 0.930
2006.6397 45.50 -122.42 -0.941 -0.693 3.145 0.174 0.162 0.794
2006.6671 45.50 -122.42 -0.690 -0.982 2.444 0.159 0.147 0.725
2006.6945 45.50 -122.42 -0.891 -0.977 4.070 0.201 0.188 0.917
2006.7219 45.50 -122.42 -0.864 -1.141 5.652 0.190 0.175 0.866
2006.7493 45.50 -122.42 -0.754 -0.537 6.037 0.226 0.209 1.026
2006.7767 45.50 -122.42 -0.527 -1.025 4.634 0.196 0.182 0.891
2006.8041 45.50 -122.42 -0.668 -0.697 4.627 0.159 0.146 0.724
2006.8315 45.50 -122.42 -0.640 -0.565 4.220 0.184 0.170 0.836
2006.8589 45.50 -122.42 -0.406 -0.826 0.014 0.179 0.165 0.815
2006.8863 45.50 -122.42 -0.273 -0.597 1.150 0.172 0.158 0.783
2006.9137 45.50 -122.42 -0.078 -0.558 -0.164 0.168 0.153 0.763
2006.9411 45.50 -122.42 -0.264 -0.412 0.019 0.165 0.150 0.751
2006.9685 45.50 -122.42 -0.015 -0.384 -1.175 0.165 0.148 0.749
2006.9959 45.50 -122.42 0.152 0.009 -2.284 0.165 0.145 0.746
2007.0233 45.50 -122.42 -0.064 0.032 -1.133 0.154 0.134 0.696
2007.0507 45.50 -122.42 0.078 0.396 -0.997 0.160 0.140 0.723
2007.0781 45.50 -122.42 0.426 0.243 -1.682 0.163 0.148 0.741
2007.1055 45.50 -122.42 0.363 0.256 -2.432 0.146 0.131 0.665
2007.1329 45.50 -122.42 0.318 0.307 -3.328 0.159 0.143 0.722
2007.1603 45.50 -122.42 0.115 0.477 -3.362 0.151 0.137 0.688
2007.1877 45.50 -122.42 0.387 0.043 -2.970 0.193 0.179 0.878
2007.2151 45.50 -122.42 0.295 0.113 -2.313 0.173 0.159 0.786
2007.2425 45.50 -122.42 0.601 0.410 -3.201 0.166 0.153 0.756
2007.2699 45.50 -122.42 0.610 0.455 -3.159 0.133 0.120 0.610
2007.2973 45.50 -122.42 0.620 0.560 -3.881 0.126 0.113 0.577
2007.3247 45.50 -122.42 0.386 0.296 -3.515 0.153 0.140 0.698
2007.3521 45.50 -122.42 0.341 0.064 -2.736 0.167 0.154 0.761
2007.3795 45.50 -122.42 0.240 -0.028 -1.606 0.175 0.162 0.797
2007.4068 45.50 -122.42 0.483 0.042 -0.621 0.146 0.134 0.669
2007.4342 45.50 -122.42 0.259 0.513 -1.358 0.140 0.128 0.642
2007.4616 45.50 -122.42 0.622 0.217 -0.917 0.183 0.169 0.832
2007.4890 45.50 -122.42 0.270 0.070 0.317 0.142 0.128 0.646
2007.5164 45.50 -122.42 0.232 0.086 1.156 0.149 0.136 0.680
2007.5438 45.50 -122.42 0.066 -0.542 0.604 0.144 0.132 0.660
2007.5712 45.50 -122.42 -0.370 -0.441 -0.051 0.148 0.135 0.678
2007.5986 45.50 -122.42 -0.518 -0.716 2.521 0.181 0.166 0.824
2007.6260 45.50 -122.42 -0.222 -0.476 3.427 0.148 0.135 0.678
2007.6534 45.50 -122.42 -0.416 -0.797 3.810 0.151 0.137 0.688
2007.6808 45.50 -122.42 -0.678 -1.382 3.351 0.159 0.144 0.724
2007.7082 45.50 -122.42 -0.354 -0.754 5.168 0.119 0.105 0.548
2007.7356 45.50 -122.42 -0.444 -0.712 4.938 0.163 0.147 0.743
2007.7630 45.50 -122.42 -0.270 -0.728 6.366 0.127 0.112 0.583
2007.7904 45.50 -122.42 -0.197 -0.477 4.024 0.160 0.146 0.730
2007.8178 45.50 -122.42 -0.509 -0.512 3.957 0.184 0.169 0.835
2007.8452 45.50 -122.42 -0.349 -0.126 4.584 0.151 0.136 0.688
2007.8726 45.50 -122.42 -0.193 -0.225 3.247 0.175 0.159 0.797
2007.9000 45.50 -122.42 -0.563 -0.349 2.468 0.188 0.164 0.841
2007.9274 45.50 -122.42 -0.215 -0.271 -0.552 0.181 0.166 0.825
2007.9548 45.50 -122.42 -0.232 -0.151 -0.929 0.137 0.124 0.626
2007.9822 45.50 -122.42 -0.192 -0.137 -0.803 0.167 0.153 0.763
2008.0096 45.50 -122.42 0.052 0.006 -1.746 0.147 0.135 0.672
2008.0370 45.50 -122.42 0.224 -0.124 -3.291 0.151 0.139 0.690
2008.0644 45.50 -122.42 -0.040 0.215 -2.770 0.173 0.161 0.790
2008.0918 45.50 -122.42 0.122 0.454 -5.098 0.140 0.128 0.643
2008.1192 45.50 -122.42 0.862 0.622 -2.101 0.163 0.151 0.746
2008.1466 45.50 -122.42 0.770 0.752 -2.408 0.189 0.176 0.863
2008.1740 45.50 -122.42 0.179 0.957 -6.164 0.165 0.153 0.758
2008.2014 45.50 -122.42 0.334 0.118 -6.068 0.177 0.165 0.807
2008.2288 45.50 -122.42 0.686 1.051 -4.526 0.208 0.191 0.948
2008.2562 45.50 -122.42 0.390 0.089 -4.940 0.193 0.179 0.881
2008.2836 45.50 -122.42 0.451 -0.119 -3.755 0.232 0.214 1.056
2008.3110 45.50 -122.42 0.246 0.267 -6.024 0.239 0.222 1.088
2008.3384 45.50 -122.42 0.562 0.333 -2.414 0.177 0.164 0.808
2008.3658 45.50 -122.42 0.401 0.349 -5.685 0.181 0.167 0.827
2008.3932 45.50 -122.42 0.318 0.323 -3.431 0.166 0.151 0.757
2008.4205 45.50 -122.42 0.302 0.571 -3.006 0.145 0.132 0.663
2008.4479 45.50 -122.42 0.336 0.344 -3.945 0.147 0.134 0.670
2008.4753 45.50 -122.42 0.032 0.323 0.370 0.143 0.130 0.652
2008.5027 45.50 -122.42 0.141 -0.033 -0.062 0.175 0.158 0.794
2008.5301 45.50 -122.42 -0.151 -0.946 0.794 0.217 0.197 0.983
2008.5575 45.50 -122.42 -0.385 -0.219 1.375 0.143 0.127 0.650
2008.5849 45.50 -122.42 0.056 -0.340 1.655 0.160 0.145 0.725
2008.6123 45.50 -122.42 -0.132 -0.458 3.421 0.135 0.120 0.614
2008.6397 45.50 -122.42 -0.224 -0.573 2.060 0.147 0.132 0.669
2008.6671 45.50 -122.42 -0.173 -0.428 2.179 0.141 0.127 0.644
2008.6945 45.50 -122.42 -0.283 0.009 2.999 0.137 0.122 0.623
2008.7219 45.50 -122.42 -0.520 -0.284 4.089 0.156 0.142 0.711
2008.7493 45.50 -122.42 -0.207 -0.386 4.179 0.142 0.128 0.647
2008.7767 45.50 -122.42 -0.029 -0.166 3.326 0.164 0.151 0.747
2008.8041 45.50 -122.42 -0.492 -0.281 3.504 0.165 0.152 0.752
2008.8315 45.50 -122.42 -0.528 -0.196 4.724 0.187 0.172 0.850
2008.8589 45.50 -122.42 -0.268 -0.318 3.109 0.217 0.201 0.990
2008.8863 45.50 -122.42 -0.024 -0.350 1.089 0.209 0.193 0.950
2008.9137 45.50 -122.42 -0.251 0.101 2.123 0.198 0.184 0.905
2008.9411 45.50 -122.42 -0.303 -0.105 1.554 0.208 0.192 0.949
2008.9685 45.50 -122.42 -0.040 -0.210 0.176 0.195 0.180 0.889
2008.9945 45.50 -122.42 0.095 0.155 -2.439 0.165 0.152 0.753
2009.0205 45.50 -122.42 0.271 0.600 -2.070 0.161 0.150 0.739
2009.0479 45.50 -122.42 0.235 0.306 -3.769 0.162 0.150 0.741
2009.0753 45.50 -122.42 0.266 0.401 -4.743 0.156 0.144 0.714
2009.1027 45.50 -122.42 0.609 -0.211 -0.656 0.193 0.179 0.881
2009.1301 45.50 -122.42 0.209 -0.346 -3.311 0.154 0.142 0.707
2009.1575 45.50 -122.42 0.061 -0.479 -2.828 0.157 0.145 0.722
2009.1849 45.50 -122.42 0.140 0.017 -1.401 0.179 0.167 0.819
2009.2123 45.50 -122.42 0.569 -0.006 -1.963 0.156 0.141 0.712
2009.2397 45.50 -122.42 0.194 0.029 -1.163 0.175 0.162 0.800
2009.2671 45.50 -122.42 0.551 -0.115 -2.358 0.147 0.135 0.673
2009.2945 45.50 -122.42 0.583 0.509 -2.720 0.150 0.139 0.689
2009.3219 45.50 -122.42 0.394 0.421 -1.078 0.157 0.145 0.719
2009.3493 45.50 -122.42 0.370 0.705 -2.615 0.145 0.132 0.662
2009.3767 45.50 -122.42 0.386 0.783 -1.023 0.152 0.139 0.695
2009.4041 45.50 -122.42 0.473 0.528 -0.506 0.135 0.122 0.617
2009.4315 45.50 -122.42 0.480 0.446 0.372 0.154 0.140 0.702
2009.4589 45.50 -122.42 0.300 0.481 1.089 0.132 0.118 0.602
2009.4863 45.50 -122.42 0.081 -0.111 -0.775 0.145 0.130 0.660
2009.5137 45.50 -122.42 0.138 0.002 0.587 0.140 0.123 0.636
2009.5411 45.50 -122.42 -0.051 -0.203 2.507 0.171 0.153 0.776
2009.5685 45.50 -122.42 -0.349 -0.085 2.034 0.184 0.165 0.835
2009.5959 45.50 -122.42 -0.442 -0.609 1.598 0.162 0.144 0.735
2009.6233 45.50 -122.42 -0.219 -0.811 1.255 0.166 0.150 0.756
2009.6507 45.50 -122.42 -0.620 -0.762 5.266 0.160 0.145 0.728
2009.6781 45.50 -122.42 -0.354 -0.740 4.855 0.171 0.155 0.776
2009.7055 45.50 -122.42 -0.248 -0.552 4.329 0.176 0.161 0.801
2009.7329 45.50 -122.42 -0.388 -0.599 7.010 0.170 0.155 0.775
2009.7603 45.50 -122.42 -0.495 -0.843 6.266 0.194 0.178 0.881
2009.7877 45.50 -122.42 -0.481 -0.251 6.511 0.179 0.164 0.814
2009.8151 45.50 -122.42 -0.114 -0.184 5.109 0.191 0.176 0.870
2009.8425 45.50 -122.42 -0.115 -0.234 2.067 0.174 0.160 0.794
2009.8699 45.50 -122.42 0.026 -0.143 0.443 0.167 0.153 0.760
2009.8973 45.50 -122.42 0.102 -0.105 0.142 0.156 0.143 0.712
2009.9247 45.50 -122.42 -0.079 0.068 -0.014 0.158 0.141 0.717
2009.9521 45.50 -122.42 0.138 0.328 -0.668 0.146 0.133 0.670
2009.9795 45.50 -122.42 0.176 0.059 -1.788 0.151 0.137 0.689
2010.0068 45.50 -122.42 0.491 -0.135 -1.048 0.189 0.174 0.860
2010.0342 45.50 -122.42 0.462 0.200 -0.425 0.148 0.135 0.679
2010.0616 45.50 -122.42 0.455 -0.188 -0.707 0.152 0.139 0.695
2010.0890 45.50 -122.42 0.093 0.048 0.282 0.180 0.166 0.822
2010.1164 45.50 -122.42 0.046 0.262 -0.500 0.186 0.172 0.848
2010.1438 45.50 -122.42 0.122 0.244 -1.343 0.180 0.165 0.821
2010.1712 45.50 -122.42 0.084 0.528 -2.147 0.173 0.158 0.786
2010.1986 45.50 -122.42 -0.094 0.303 -3.564 0.166 0.151 0.754
2010.2260 45.50 -122.42 -0.281 -0.189 -2.516 0.181 0.165 0.823
2010.2534 45.50 -122.42 -0.046 0.511 -0.958 0.187 0.170 0.850
2010.2808 45.50 -122.42 0.112 0.234 -0.206 0.145 0.130 0.662
2010.3082 45.50 -122.42 -0.133 0.353 -0.170 0.152 0.137 0.691
2010.3356 45.50 -122.42 0.297 0.813 -3.550 0.140 0.124 0.638
2010.3630 45.50 -122.42 0.028 0.383 -1.448 0.149 0.132 0.677
2010.3904 45.50 -122.42 0.077 -0.145 -0.067 0.156 0.131 0.696
2010.4178 45.50 -122.42 0.128 0.225 -1.607 0.158 0.140 0.718
2010.4452 45.50 -122.42 0.093 0.299 -2.173 0.141 0.125 0.642
2010.4726 45.50 -122.42 0.025 0.648 0.304 0.128 0.112 0.583
2010.5000 45.50 -122.42 -0.086 0.437 -1.141 0.142 0.127 0.649
2010.5274 45.50 -122.42 0.048 0.439 2.798 0.215 0.199 0.977
2010.5548 45.50 -122.42 -0.108 0.159 1.512 0.140 0.127 0.641
2010.5822 45.50 -122.42 -0.195 0.137 0.731 0.127 0.115 0.583
2010.6096 45.50 -122.42 -0.246 -0.101 2.972 0.162 0.149 0.737
2010.6370 45.50 -122.42 -0.532 -0.077 0.403 0.145 0.133 0.664
2010.6644 45.50 -122.42 -0.598 -0.081 3.599 0.137 0.125 0.625
2010.6918 45.50 -122.42 -0.593 -0.144 1.710 0.162 0.150 0.740
2010.7192 45.50 -122.42 -0.389 -0.329 1.325 0.151 0.140 0.691
2010.7466 45.50 -122.42 -0.294 0.088 1.181 0.174 0.162 0.794
2010.7740 45.50 -122.42 -0.239 -0.177 4.732 0.144 0.132 0.662
2010.8014 45.50 -122.42 -0.365 -0.132 2.244 0.137 0.126 0.629
2010.8288 45.50 -122.42 -0.480 -0.310 -0.861 0.155 0.143 0.709
2010.8562 45.50 -122.42 -0.158 -0.354 1.580 0.153 0.141 0.698
2010.8836 45.50 -122.42 -0.195 -0.200 1.223 0.143 0.131 0.655
2010.9110 45.50 -122.42 -0.216 0.051 1.104 0.155 0.143 0.708
2010.9384 45.50 -122.42 -0.119 0.459 -0.788 0.161 0.148 0.733
2010.9658 45.50 -122.42 0.118 0.166 -2.284 0.176 0.162 0.801
2010.9932 45.50 -122.42 -0.115 0.340 -0.935 0.160 0.109 0.671
2011.1027 45.50 -122.42 0.397 0.875 -5.658 0.153 0.127 0.686
2011.1301 45.50 -122.42 0.403 0.871 -3.206 0.211 0.193 0.956
2011.1575 45.50 -122.42 0.381 0.555 -5.260 0.145 0.130 0.660
2011.1849 45.50 -122.42 0.222 1.018 -6.137 0.118 0.104 0.542
2011.2123 45.50 -122.42 -0.147 0.839 -6.967 0.179 0.165 0.816
2011.2397 45.50 -122.42 -0.014 0.879 -3.760 0.186 0.171 0.844
2011.2671 45.50 -122.42 0.330 0.575 -5.349 0.152 0.139 0.695
2011.2945 45.50 -122.42 0.482 0.845 -5.974 0.175 0.162 0.797
2011.3219 45.50 -122.42 0.190 0.859 -4.960 0.164 0.152 0.749
2011.3493 45.50 -122.42 0.457 0.938 -5.268 0.149 0.137 0.681
2011.3767 45.50 -122.42 0.517 0.988 -6.644 0.172 0.159 0.784
2011.4041 45.50 -122.42 0.457 1.138 -7.188 0.154 0.141 0.702
2011.4315 45.50 -122.42 0.145 0.705 -7.202 0.166 0.138 0.734
2011.5137 45.50 -122.42 0.330 0.510 -3.138 0.147 0.129 0.666
2011.5411 45.50 -122.42 -0.086 0.575 -1.261 0.151 0.138 0.691
2011.5685 45.50 -122.42 -0.103 0.255 -0.271 0.149 0.134 0.681
2011.5959 45.50 -122.42 -0.235 0.229 -0.048 0.159 0.144 0.722
2011.6233 45.50 -122.42 -0.293 0.123 -0.939 0.160 0.144 0.727
2011.6507 45.50 -122.42 -0.301 0.076 1.772 0.185 0.169 0.838
2011.6781 45.50 -122.42 -0.282 0.493 2.030 0.171 0.157 0.779
2011.7055 45.50 -122.42 -0.219 -0.467 -0.052 0.171 0.157 0.778
2011.7329 45.50 -122.42 -0.217 -0.064 0.668 0.196 0.182 0.890
2011.7603 45.50 -122.42 -0.254 -0.076 0.399 0.169 0.156 0.771
2011.7877 45.50 -122.42 -0.289 -0.010 1.030 0.179 0.166 0.817
2011.8151 45.50 -122.42 -0.216 0.144 1.609 0.177 0.163 0.803
2011.8425 45.50 -122.42 -0.834 0.127 -1.632 0.190 0.176 0.862
2011.8699 45.50 -122.42 -0.037 -0.159 -0.573 0.189 0.165 0.841
2011.9521 45.50 -122.42 0.277 0.274 -0.838 0.138 0.102 0.594
2011.9795 45.50 -122.42 -0.123 -0.189 0.414 0.156 0.139 0.702
2012.0068 45.50 -122.42 0.293 0.377 -1.359 0.147 0.128 0.656
2012.0342 45.50 -122.42 0.415 0.035 1.238 0.175 0.151 0.775
2012.0616 45.50 -122.42 0.333 0.373 -2.372 0.153 0.132 0.681
2012.0890 45.50 -122.42 0.384 0.325 -3.397 0.152 0.129 0.673
2012.1164 45.50 -122.42 0.573 0.700 -3.095 0.150 0.126 0.662
2012.1438 45.50 -122.42 0.460 0.142 -4.283 0.155 0.129 0.682
2012.1712 45.50 -122.42 0.917 0.114 -3.379 0.151 0.123 0.659
2012.1986 45.50 -122.42 0.829 0.332 -6.466 0.137 0.110 0.599
2012.2260 45.50 -122.42 0.725 0.185 -4.212 0.139 0.112 0.604
2012.2534 45.50 -122.42 1.021 0.412 -5.051 0.135 0.108 0.587
2012.2808 45.50 -122.42 0.934 0.572 -4.955 0.126 0.100 0.548
2012.3082 45.50 -122.42 0.917 0.466 -4.991 0.163 0.111 0.677
2012.3904 45.50 -122.42 0.602 -0.100 -6.957 0.161 0.125 0.696
2012.4178 45.50 -122.42 0.673 0.211 -4.079 0.116 0.092 0.507
2012.4452 45.50 -122.42 0.571 0.141 -4.334 0.116 0.091 0.503
2012.4726 45.50 -122.42 0.447 0.156 -2.050 0.124 0.098 0.539
2012.5000 45.50 -122.42 0.607 0.230 -1.259 0.119 0.093 0.517
2012.5274 45.50 -122.42 0.208 0.233 -1.658 0.125 0.099 0.545
2012.5548 45.50 -122.42 0.189 0.119 -1.321 0.125 0.099 0.545
2012.5822 45.50 -122.42 0.094 -0.108 -0.800 0.131 0.106 0.572
2012.6096 45.50 -122.42 -0.026 -0.369 -0.216 0.129 0.106 0.565
2012.6370 45.50 -122.42 -0.122 -0.460 0.895 0.119 0.098 0.525
2012.6644 45.50 -122.42 -0.350 -0.340 2.297 0.129 0.108 0.570
2012.6918 45.50 -122.42 -0.310 -0.332 1.837 0.132 0.113 0.586
2012.7192 45.50 -122.42 -0.576 -0.433 1.244 0.156 0.137 0.696
2012.7466 45.50 -122.42 -0.514 -0.335 1.927 0.128 0.091 0.547
2012.8562 45.50 -122.42 -0.125 -0.627 1.317 0.164 0.143 0.731
2012.8836 45.50 -122.42 0.056 -0.505 -0.404 0.150 0.138 0.683
2012.9110 45.50 -122.42 0.330 -0.352 -0.859 0.143 0.131 0.650
2012.9384 45.50 -122.42 0.220 -0.410 -1.928 0.141 0.127 0.640
2012.9658 45.50 -122.42 0.299 0.029 -2.428 0.152 0.141 0.695
2012.9918 45.50 -122.42 0.297 0.502 -3.685 0.078 0.070 0.365
2013.0178 45.50 -122.42 0.143 0.262 -4.209 0.091 0.082 0.419
2013.0452 45.50 -122.42 0.125 0.105 -2.558 0.091 0.082 0.419
2013.0726 45.50 -122.42 0.183 -0.175 -2.604 0.084 0.075 0.389
2013.1000 45.50 -122.42 0.429 0.238 -4.593 0.086 0.077 0.398
2013.1274 45.50 -122.42 0.497 0.229 -4.847 0.080 0.072 0.375
2013.1548 45.50 -122.42 0.514 -0.287 -5.600 0.079 0.065 0.361
2013.2644 45.50 -122.42 0.579 0.101 -2.680 0.101 0.052 0.398
2013.2918 45.50 -122.42 0.907 0.546 -1.772 0.082 0.074 0.383
2013.3192 45.50 -122.42 0.948 0.546 -2.609 0.090 0.082 0.418
2013.3466 45.50 -122.42 0.684 0.373 -3.279 0.092 0.084 0.427
2013.3740 45.50 -122.42 0.714 0.375 -1.553 0.080 0.072 0.373
2013.4014 45.50 -122.42 0.919 0.416 -3.476 0.082 0.075 0.384
2013.4288 45.50 -122.42 1.071 0.382 -1.763 0.073 0.066 0.345
2013.4562 45.50 -122.42 0.622 0.553 0.349 0.075 0.067 0.351
2013.4836 45.50 -122.42 0.570 0.055 0.013 0.076 0.069 0.358
2013.5110 45.50 -122.42 0.377 0.530 -2.309 0.085 0.077 0.396
2013.5384 45.50 -122.42 0.372 0.202 -0.511 0.085 0.074 0.393
2013.5658 45.50 -122.42 0.315 -0.082 0.447 0.087 0.079 0.406
2013.7575 45.50 -122.42 -0.195 -0.365 3.586 0.085 0.075 0.395
2013.7849 45.50 -122.42 -0.198 -0.609 2.457 0.087 0.077 0.403
2013.8123 45.50 -122.42 0.007 -0.237 2.918 0.080 0.071 0.372
2013.8397 45.50 -122.42 -0.067 -0.399 2.466 0.081 0.072 0.376
2013.8671 45.50 -122.42 -0.024 -0.980 1.880 0.087 0.077 0.401
2013.8945 45.50 -122.42 -0.116 -0.226 1.060 0.080 0.071 0.374
2013.9219 45.50 -122.42 -0.025 -0.110 -1.093 0.072 0.064 0.340
2013.9493 45.50 -122.42 0.052 0.149 -0.014 0.077 0.068 0.357
2013.9767 45.50 -122.42 -0.060 0.072 -1.811 0.078 0.069 0.363
2014.0041 45.50 -122.42 0.442 -0.144 0.144 0.075 0.066 0.352
2014.0315 45.50 -122.42 0.709 0.467 1.112 0.078 0.069 0.363
2014.1685 45.50 -122.42 0.558 0.263 -1.703 0.082 0.073 0.383
2014.1959 45.50 -122.42 0.636 0.007 -3.335 0.082 0.074 0.382
2014.2233 45.50 -122.42 0.844 0.001 -2.471 0.078 0.070 0.366
2014.2507 45.50 -122.42 0.852 0.378 -4.825 0.072 0.064 0.338
2014.2781 45.50 -122.42 0.567 0.340 -4.024 0.076 0.068 0.356
2014.3055 45.50 -122.42 0.811 0.904 -1.464 0.073 0.065 0.343
2014.3329 45.50 -122.42 1.113 0.253 -0.920 0.061 0.053 0.290
2014.3603 45.50 -122.42 0.627 0.838 -1.434 0.068 0.061 0.322
2014.3877 45.50 -122.42 0.545 0.788 -0.503 0.069 0.061 0.323
2014.4151 45.50 -122.42 0.583 0.505 -0.448 0.068 0.060 0.322
2014.4425 45.50 -122.42 0.407 0.500 -2.567 0.072 0.064 0.339
2014.4699 45.50 -122.42 0.591 0.145 -2.176 0.072 0.063 0.338
2014.5795 45.50 -122.42 -0.035 0.150 0.664 0.067 0.053 0.312
2014.6068 45.50 -122.42 -0.025 -0.319 2.322 0.065 0.056 0.304
2014.6342 45.50 -122.42 -0.135 -0.403 2.079 0.059 0.051 0.282
2014.6616 45.50 -122.42 0.200 0.103 1.210 0.065 0.057 0.307
2014.6890 45.50 -122.42 0.057 -0.099 3.554 0.063 0.055 0.300
2014.7164 45.50 -122.42 -0.149 -0.037 3.564 0.062 0.054 0.294
2014.7438 45.50 -122.42 0.019 0.294 0.849 0.067 0.059 0.315
2014.7712 45.50 -122.42 0.247 -0.122 1.972 0.066 0.058 0.312
2014.7986 45.50 -122.42 0.316 -0.076 1.940 0.060 0.051 0.284
2014.8260 45.50 -122.42 0.218 -0.135 1.142 0.060 0.051 0.283
2014.8534 45.50 -122.42 0.387 0.213 2.779 0.063 0.054 0.297
2014.8808 45.50 -122.42 0.154 0.722 -0.226 0.063 0.054 0.298
2014.9082 45.50 -122.42 0.268 0.662 0.067 0.065 0.055 0.302
2015.0452 45.50 -122.42 0.296 0.428 -1.500 0.050 0.040 0.239
2015.0726 45.50 -122.42 0.573 0.189 -1.849 0.054 0.043 0.252
2015.1000 45.50 -122.42 0.633 0.815 -0.411 0.048 0.039 0.232
2015.1274 45.50 -122.42 0.471 0.279 -2.573 0.045 0.036 0.219
2015.1548 45.50 -122.42 0.503 0.292 -1.190 0.052 0.041 0.245
2015.1822 45.50 -122.42 0.399 0.642 -2.494 0.049 0.039 0.234
2015.2096 45.50 -122.42 0.309 0.682 -1.812 0.064 0.051 0.295
2015.2370 45.50 -122.42 0.375 0.680 0.205 0.068 0.058 0.316
2015.2644 45.50 -122.42 0.330 0.254 -3.183 0.060 0.051 0.285
2015.2918 45.50 -122.42 0.742 -0.226 -1.777 0.061 0.052 0.288
2015.3192 45.50 -122.42 0.600 0.717 0.113 0.059 0.050 0.279
2015.3466 45.50 -122.42 0.292 0.203 0.466 0.063 0.055 0.299
2015.4836 45.50 -122.42 -0.418 0.098 2.632 0.061 0.046 0.284
2015.5110 45.50 -122.42 0.240 0.505 3.523 0.058 0.046 0.273
2015.5384 45.50 -122.42 0.019 0.178 3.937 0.063 0.052 0.296
2015.5658 45.50 -122.42 -0.154 -0.278 4.176 0.063 0.054 0.295
2015.5932 45.50 -122.42 -0.074 -0.399 4.236 0.065 0.056 0.304
2015.6205 45.50 -122.42 0.157 0.093 3.785 0.063 0.054 0.296
2015.6479 45.50 -122.42 -0.042 -0.041 5.086 0.061 0.052 0.288
2015.6753 45.50 -122.42 -0.090 -0.426 5.770 0.059 0.050 0.280
2015.7027 45.50 -122.42 -0.166 0.136 5.522 0.064 0.055 0.300
2015.7301 45.50 -122.42 -0.150 -0.493 7.378 0.064 0.055 0.301
2015.9493 45.50 -122.42 0.389 1.125 1.396 0.062 0.054 0.295
2015.9767 45.50 -122.42 0.096 0.999 1.069 0.065 0.056 0.304
2016.0041 45.50 -122.42 0.521 0.708 -0.836 0.059 0.051 0.279
2016.0315 45.50 -122.42 0.749 0.805 -1.192 0.056 0.048 0.267
2016.0589 45.50 -122.42 0.442 1.079 -1.611 0.057 0.050 0.273
2016.0863 45.50 -122.42 0.354 0.722 -1.787 0.052 0.045 0.253
2016.1137 45.50 -122.42 0.480 0.881 -2.722 0.058 0.050 0.277
2016.1411 45.50 -122.42 0.297 1.055 -3.145 0.068 0.059 0.318
2016.1685 45.50 -122.42 0.226 0.878 -3.674 0.073 0.064 0.338
2016.1959 45.50 -122.42 0.401 0.798 -7.336 0.071 0.064 0.335
2016.2233 45.50 -122.42 0.443 0.617 -2.085 0.072 0.066 0.339
2016.2507 45.50 -122.42 0.165 0.428 -2.759 0.061 0.052 0.290
2016.3603 45.50 -122.42 0.247 0.632 3.404 0.056 0.049 0.270
2016.3877 45.50 -122.42 0.408 0.554 2.009 0.066 0.058 0.309
2016.4151 45.50 -122.42 0.307 0.508 2.820 0.065 0.056 0.304
2016.4425 45.50 -122.42 0.343 0.570 5.358 0.069 0.061 0.323
2016.4699 45.50 -122.42 0.441 0.745 3.701 0.068 0.060 0.317
