2002.5877 45.98 12.02 -49.78887034813286 10.37440798996487
2002.6151 45.98 12.02 -28.55259976281134 10.10017670416529
2002.6425 45.98 12.02 -23.15433953130270 10.31322286407271
2002.6699 45.98 12.02 -12.69366716935997 8.61853815853981
2002.6973 45.98 12.02 -15.43275070113832 13.98243883496364
2002.7247 45.98 12.02 -2.02721111478170 9.84869075263274
2002.7521 45.98 12.02 -7.42382015763521 8.98787450712969
2002.7795 45.98 12.02 -4.85459579389373 10.25519577201153
2002.8068 45.98 12.02 22.48005544067412 9.35672122646469
2002.8342 45.98 12.02 2.97773286536031 9.14630636464663
2002.8616 45.98 12.02 1.79916115977616 8.79903037643827
2002.8890 45.98 12.02 37.73359797438267 9.31992000548646
2002.9164 45.98 12.02 45.49797585773618 9.63057753837303
2003.0260 45.98 12.02 7.61919435156696 10.72558812904656
2003.0534 45.98 12.02 20.78384767185766 18.88301182075449
2003.0808 45.98 12.02 0.57005829904415 15.55362428381908
2003.1082 45.98 12.02 31.10995508078593 8.61319375331868
2003.1356 45.98 12.02 11.20988543079652 7.93176783622111
2003.1630 45.98 12.02 -19.58110077072338 8.63691561494219
2003.1904 45.98 12.02 -17.89554277326945 10.10113586345984
2003.2178 45.98 12.02 -3.07299125122347 8.50595482034648
2003.2452 45.98 12.02 -19.02755987189452 8.44895452350437
2003.2726 45.98 12.02 -6.56443140955757 8.21895031752331
2003.3000 45.98 12.02 -21.16652878774924 8.06236253099951
2003.3274 45.98 12.02 -15.99811535376373 10.82364183571611
2003.3548 45.98 12.02 -22.87612139582480 12.30532278298561
2003.3822 45.98 12.02 -30.03256420852948 10.50949667773705
2003.5192 45.98 12.02 -14.98998560519981 12.01372230267483
2003.5466 45.98 12.02 -28.84798263523428 13.71004294051551
2003.5740 45.98 12.02 -23.93578459836278 16.42211195130484
2003.6014 45.98 12.02 -36.23626359229714 13.75710078822654
2003.6288 45.98 12.02 -23.78258851953115 12.65869031222996
2003.6562 45.98 12.02 -53.45354887207354 13.86225702889828
2003.6836 45.98 12.02 -0.53563514570873 13.88706203209092
2003.7110 45.98 12.02 -25.23098345969195 10.25922967102841
2003.7384 45.98 12.02 -31.54179863349450 13.00752918190469
2003.7658 45.98 12.02 -38.05974728424027 11.83443985163436
2003.7932 45.98 12.02 -24.29410894734195 13.47020586348203
2003.8205 45.98 12.02 -17.08021432909147 14.31851280228819
2003.8479 45.98 12.02 -16.36464449876015 12.14151756206027
2003.8753 45.98 12.02 -2.78168480142791 13.32241848619135
2003.9027 45.98 12.02 8.88686487126498 11.73452700168559
2003.9301 45.98 12.02 -6.03804320610887 12.50299396778497
2003.9575 45.98 12.02 -5.63746848502540 14.50181593710785
2003.9849 45.98 12.02 2.59264274277952 13.55151848747909
2004.0123 45.98 12.02 -19.42891103184878 14.55284111404843
2004.0397 45.98 12.02 11.19510200697660 11.24858244860489
2004.0945 45.98 12.02 -14.68176906768222 10.46475836212196
2004.1219 45.98 12.02 -0.00754346738902 11.98175651342966
2004.1493 45.98 12.02 3.51595440993868 14.27287093063048
2004.1767 45.98 12.02 3.23143457918564 15.66186055132591
2004.2041 45.98 12.02 -0.36937351537147 12.31962870016714
2004.2315 45.98 12.02 -19.40973651468756 12.51563539265337
2004.2589 45.98 12.02 7.99989485220946 12.88998747726979
2004.2863 45.98 12.02 31.87597815378561 12.96439414644592
2004.3137 45.98 12.02 -25.21378046430220 12.25424774669905
2004.3411 45.98 12.02 -30.59960863202982 13.58958336736102
2004.3685 45.98 12.02 -13.52672880434666 12.84082085936432
2004.3959 45.98 12.02 -5.32344979751702 11.08107379914532
2004.4233 45.98 12.02 -15.42495892824079 10.60886440318021
2004.4507 45.98 12.02 -15.50112241407570 9.48608497070576
2004.4781 45.98 12.02 18.48200445092138 10.54866744283825
2004.5055 45.98 12.02 -4.27983703620798 10.23216912231960
2004.5329 45.98 12.02 -3.64841730113600 9.57124374822529
2004.5603 45.98 12.02 -19.73380625406794 9.93285132622071
2004.5877 45.98 12.02 -25.43523316022529 9.97996609153127
2004.6151 45.98 12.02 -69.83557183452045 11.05009911201441
2004.6425 45.98 12.02 -19.95002512480206 9.22185195065567
2004.6699 45.98 12.02 -16.90848734764453 9.20445194360976
2004.6973 45.98 12.02 -21.20292296839208 8.55430836983286
2004.7247 45.98 12.02 2.78986340138337 9.99200456440904
2004.7521 45.98 12.02 -24.83473820326505 9.48102088167388
2004.7795 45.98 12.02 -22.12066134348005 9.31078059983721
2004.8068 45.98 12.02 -11.18768970021009 10.49910694778852
2004.8342 45.98 12.02 6.89332358546779 10.38281539966859
2004.8616 45.98 12.02 2.67108440589715 8.95213055543785
2004.8890 45.98 12.02 -8.36613547868492 8.98556766184814
2004.9164 45.98 12.02 -7.68010366874812 9.95773529249721
2004.9438 45.98 12.02 3.74656697823960 10.77862599496010
2004.9712 45.98 12.02 -6.18637928058260 10.09280676579951
2004.9973 45.98 12.02 -1.39054481166694 9.58187059009631
2005.0233 45.98 12.02 -36.16523032704399 11.50630345429367
2005.0507 45.98 12.02 -28.09254316084747 17.92265277174465
2005.0781 45.98 12.02 -24.45047967979629 13.11908850111338
2005.1055 45.98 12.02 -14.61915361374560 12.97879376630213
2005.1329 45.98 12.02 5.36545811799766 13.31178095101454
2005.1603 45.98 12.02 -13.25118623510806 11.60566782034744
2005.1877 45.98 12.02 -9.20513939227557 11.50385493151986
2005.2151 45.98 12.02 -27.43903077487727 10.61771271013722
2005.2425 45.98 12.02 -13.63300913078070 10.39876943399816
2005.2699 45.98 12.02 -11.26086334036830 11.22162105755723
2005.2973 45.98 12.02 14.09087627809637 11.93984965962681
2005.3247 45.98 12.02 -12.81803814054055 12.60945067460586
2005.3521 45.98 12.02 4.08659552614534 4.46816205467584
2005.3795 45.98 12.02 -6.90411689727047 11.69994259808488
2005.4068 45.98 12.02 -19.36335219069395 10.54352892100906
2005.4342 45.98 12.02 11.90957655535080 12.09003650808816
2005.4616 45.98 12.02 -30.45198276931882 11.07968972666773
2005.4890 45.98 12.02 -25.40243433959462 10.48508928193267
2005.5164 45.98 12.02 -19.06619260258313 10.41322000296663
2005.5438 45.98 12.02 -20.21157915347202 11.51286664860609
2005.5712 45.98 12.02 -23.63445510798958 12.69067292873360
2005.5986 45.98 12.02 -40.17159994540732 12.98010894835935
2005.6260 45.98 12.02 -33.82810013084217 11.31270228036537
2005.6534 45.98 12.02 -24.80407146797322 12.09289172634779
2005.6808 45.98 12.02 -32.00584335176485 11.80035430537725
2005.7082 45.98 12.02 -10.25284373792619 14.72806157530194
2005.7356 45.98 12.02 -10.59414010016066 12.76431252846472
2005.7630 45.98 12.02 -8.79210514773693 12.78268636507910
2005.7904 45.98 12.02 -5.51791400163771 11.79904069193582
2005.8178 45.98 12.02 -17.47348475983170 12.22167987247470
2005.8452 45.98 12.02 -27.25865061920451 13.07090657887816
2005.8726 45.98 12.02 2.07789110889401 11.22974249385878
2005.9000 45.98 12.02 3.02369022515945 10.85903695000384
2005.9274 45.98 12.02 -16.08531870432848 10.74872908517036
2005.9548 45.98 12.02 -4.93747782718504 9.12752806341920
2005.9822 45.98 12.02 5.63464766464716 9.95787355732265
2006.0096 45.98 12.02 -1.83478874634246 11.41807057882090
2006.0370 45.98 12.02 -0.71572078387146 14.76716153406463
2006.0644 45.98 12.02 -10.36050427082563 14.92281021364461
2006.0918 45.98 12.02 -5.87795333889024 15.03475541738595
2006.1192 45.98 12.02 -8.63680345923286 17.56348790939328
2006.1466 45.98 12.02 -1.91394433634557 13.37416932892526
2006.1740 45.98 12.02 21.57758656964517 15.59716865228366
2006.2014 45.98 12.02 13.93231710636591 11.57579964848392
2006.2288 45.98 12.02 8.89353987693012 15.68287630926286
2006.2562 45.98 12.02 31.15829651647575 14.82031881514283
2006.2836 45.98 12.02 15.38321390926172 14.35794754005959
2006.3110 45.98 12.02 -1.11977548550947 15.42904465745454
2006.3384 45.98 12.02 1.01482950542344 13.90062580567731
2006.3658 45.98 12.02 5.92180016353115 15.52977078545610
2006.3932 45.98 12.02 -8.89555404683116 15.18687288026968
2006.4205 45.98 12.02 -14.30735345843320 15.13878007626247
2006.4479 45.98 12.02 2.55664407581113 16.14266663087437
2006.4753 45.98 12.02 -8.57215411251420 16.78273801909501
2006.5027 45.98 12.02 -30.35761090641905 17.55266280486327
2006.5301 45.98 12.02 -17.53194343976153 21.35630010035637
2006.5575 45.98 12.02 -35.10978413010717 16.62556071236389
2006.5849 45.98 12.02 -13.24464174352982 17.15533978684338
2006.6123 45.98 12.02 -12.75650077047244 22.10415393723809
2006.6397 45.98 12.02 -37.82940984384745 18.30675854224997
2006.6671 45.98 12.02 -4.56424284004746 16.28339987854357
2006.6945 45.98 12.02 -39.93619037834405 21.43121978880648
2006.7219 45.98 12.02 -6.50074820259996 19.40578091487473
2006.7493 45.98 12.02 -18.99109158547398 23.72640498770079
2006.7767 45.98 12.02 -39.54786464727249 20.63602119449419
2006.8041 45.98 12.02 -14.90598797444118 16.18965284238593
2006.8315 45.98 12.02 -14.40320962311081 19.29088832851861
2006.8589 45.98 12.02 -34.87662997968308 18.59577436016972
2006.8863 45.98 12.02 -24.63789752208155 17.61469320066657
2006.9137 45.98 12.02 -23.92996677250044 16.88633668033723
2006.9411 45.98 12.02 -29.67671628529596 16.50472570553350
2006.9685 45.98 12.02 -23.60304999908477 16.13304186710623
2006.9959 45.98 12.02 -17.77167991715891 15.66604005183292
2007.0233 45.98 12.02 -27.31880788487571 14.24239149398647
2007.0507 45.98 12.02 -21.65524995518568 15.15654553882812
2007.0781 45.98 12.02 -15.29729908593934 16.13069575133609
2007.1055 45.98 12.02 -22.85095062568348 14.16561413699935
2007.1329 45.98 12.02 -10.60910915142776 15.64677812497358
2007.1603 45.98 12.02 -27.38094002398663 14.88328830062123
2007.1877 45.98 12.02 -60.86612780397968 20.28993750265719
2007.2151 45.98 12.02 -17.01739624867527 17.91010508646041
2007.2425 45.98 12.02 -27.35258798009833 17.12811439307642
2007.2699 45.98 12.02 -7.18950110052532 12.86719584734045
2007.2973 45.98 12.02 -18.45780412093633 12.06013124070830
2007.3247 45.98 12.02 -25.49937422133554 15.45399259148872
2007.3521 45.98 12.02 -13.88550022008810 17.18546264019256
2007.3795 45.98 12.02 -44.99949605074071 18.22590559925404
2007.4068 45.98 12.02 -10.29374575924066 14.65961425513219
2007.4342 45.98 12.02 -39.45895888934940 13.85512987269645
2007.4616 45.98 12.02 -1.02054479520234 19.22904282734950
2007.4890 45.98 12.02 -11.80704484357804 13.89458048891680
2007.5164 45.98 12.02 -29.29183182503792 14.93033789429296
2007.5438 45.98 12.02 -13.87007914520061 14.33098702782010
2007.5712 45.98 12.02 -30.35200829748248 14.74045485366152
2007.5986 45.98 12.02 -33.35553409199553 18.53327100418283
2007.6260 45.98 12.02 -50.08396435148967 14.62035172573733
2007.6534 45.98 12.02 -30.63630399785535 14.93356109946006
2007.6808 45.98 12.02 -47.25706094791806 15.60798740496828
2007.7082 45.98 12.02 -28.53426343171165 10.76312742063910
2007.7356 45.98 12.02 -29.34493456288050 16.03526642731481
2007.7630 45.98 12.02 -14.90231895747382 11.53001338685777
2007.7904 45.98 12.02 -28.90433052784128 15.97408285394978
2007.8178 45.98 12.02 -10.68052212618249 18.81413836546316
2007.8452 45.98 12.02 -2.87261343587246 14.63134493777250
2007.8726 45.98 12.02 -6.64709880893030 17.31606397846563
2007.9000 45.98 12.02 -14.17492098976596 18.27183800482153
2007.9274 45.98 12.02 0.52333242027519 18.12464817572616
2007.9548 45.98 12.02 -17.08266309876453 13.24492541624528
2007.9822 45.98 12.02 -0.78811807182270 16.72575418430925
2008.0096 45.98 12.02 -17.26235151714663 14.55382964094641
2008.0370 45.98 12.02 -8.35904401295404 15.21177979546828
2008.0644 45.98 12.02 7.68864495947191 17.93007672053707
2008.0918 45.98 12.02 -17.39918763005524 13.58386117074751
2008.1192 45.98 12.02 -23.60202889663980 16.55344809191113
2008.1466 45.98 12.02 0.83256722054992 19.57505344727308
2008.1740 45.98 12.02 -7.88641337609624 16.88571978362093
2008.2014 45.98 12.02 40.94871751930251 18.58945133697581
2008.2288 45.98 12.02 25.80390139801690 20.63048685666771
2008.2562 45.98 12.02 -15.32612431939421 19.56567019148840
2008.2836 45.98 12.02 -1.31613016420501 23.58746682563580
2008.3110 45.98 12.02 -5.19351527805706 24.66461607689727
2008.3384 45.98 12.02 0.39950353590975 18.10388255159670
2008.3658 45.98 12.02 9.08115092669179 18.31186288331430
2008.3932 45.98 12.02 -7.86528652693920 16.26614611428128
2008.4205 45.98 12.02 8.46515260324636 14.21870661226114
2008.4479 45.98 12.02 -8.62505781585943 14.70532374127648
2008.4753 45.98 12.02 1.38470326553469 14.11458965630558
2008.5027 45.98 12.02 -15.04302653571960 17.46328880861130
2008.5301 45.98 12.02 -41.34635090940614 21.60666919239480
2008.5575 45.98 12.02 -0.26490677704064 13.62047020877810
2008.5849 45.98 12.02 -19.19254744037278 16.19489142908073
2008.6123 45.98 12.02 -13.28803786235029 12.91612921821635
2008.6397 45.98 12.02 -5.06263109211172 14.42457092944038
2008.6671 45.98 12.02 -19.19515474802884 13.69761377269983
2008.6945 45.98 12.02 -19.49048337968452 13.18216108436940
2008.7219 45.98 12.02 -13.95652489249426 15.65082218929213
2008.7493 45.98 12.02 -11.87475470616249 14.00309598499782
2008.7767 45.98 12.02 -8.12715849445082 16.82732417378955
2008.8041 45.98 12.02 -21.58540100000325 16.98500737398619
2008.8315 45.98 12.02 -38.34875847323811 19.03996867656236
2008.8589 45.98 12.02 -9.76735944595083 22.27653197068268
2008.8863 45.98 12.02 9.99507846143473 21.36204119446632
2008.9137 45.98 12.02 25.78508988385067 20.43133250023087
2008.9411 45.98 12.02 34.57826633570611 21.05970003822101
2008.9685 45.98 12.02 24.00340485163302 19.64146798452097
2008.9945 45.98 12.02 9.55638908916125 16.65962626025505
2009.0205 45.98 12.02 12.04550856943682 16.54856180333847
2009.0479 45.98 12.02 31.09022667834011 16.55060231537194
2009.0753 45.98 12.02 47.19938046402311 15.59868333612169
2009.1027 45.98 12.02 33.42958745118818 19.84207243584523
2009.1301 45.98 12.02 33.85061891749201 15.45560844445891
2009.1575 45.98 12.02 6.94045101888296 15.60111656701393
2009.1849 45.98 12.02 19.82430259961304 18.66546842024114
2009.2123 45.98 12.02 20.46086720792831 15.29332029738002
2009.2397 45.98 12.02 40.23103892929343 17.87884630672373
2009.2671 45.98 12.02 34.42836771661066 14.77776026336712
2009.2945 45.98 12.02 35.64760700621419 15.22923250784239
2009.3219 45.98 12.02 38.97143128228758 15.84903318238060
2009.3493 45.98 12.02 38.35697722517299 14.40811261402977
2009.3767 45.98 12.02 -0.94701393941793 15.17793499062019
2009.4041 45.98 12.02 -3.59193539294606 13.07981132477586
2009.4315 45.98 12.02 7.45236699182582 15.47249826777814
2009.4589 45.98 12.02 0.22048202312389 12.66454043770803
2009.4863 45.98 12.02 1.24636519149671 14.09556316124599
2009.5137 45.98 12.02 18.53390849579095 13.20348350594499
2009.5411 45.98 12.02 8.29865718996183 16.56689144290699
2009.5685 45.98 12.02 -13.94484728178373 17.78599390775673
2009.5959 45.98 12.02 -17.29079167975019 15.40995503889360
2009.6233 45.98 12.02 -21.35036842524715 16.37294402771590
2009.6507 45.98 12.02 -20.03375059834443 15.79740599400272
2009.6781 45.98 12.02 12.74638222751612 17.12110258748296
2009.7055 45.98 12.02 -11.51299679409725 18.00432579570746
2009.7329 45.98 12.02 -10.13626672008245 17.17076003408118
2009.7603 45.98 12.02 -28.16071210668232 19.66001757261592
2009.7877 45.98 12.02 -40.51263698382936 18.08310361660886
2009.8151 45.98 12.02 2.54875442438306 19.64752559285734
2009.8425 45.98 12.02 -5.97129628980972 17.67749493458793
2009.8699 45.98 12.02 2.21906949521770 16.79826136162188
2009.8973 45.98 12.02 -10.29909059977316 15.61740789017037
2009.9247 45.98 12.02 -5.00174627981978 15.14161960490414
2009.9521 45.98 12.02 -2.40523070297594 14.35130919728880
2009.9795 45.98 12.02 -3.47270143680630 14.76577819881846
2010.0068 45.98 12.02 -5.73224368224257 19.29185388061319
2010.0342 45.98 12.02 16.57142948755456 14.57863005420421
2010.0616 45.98 12.02 10.69822163448598 15.07256670714666
2010.0890 45.98 12.02 -23.11992802613539 18.54392033400670
2010.1164 45.98 12.02 -12.20246842957323 19.17593929080548
2010.1438 45.98 12.02 -3.23588406019882 18.12422512883882
2010.1712 45.98 12.02 -23.46795842751246 17.27639913728247
2010.1986 45.98 12.02 -6.75493521324008 16.53326186974321
2010.2260 45.98 12.02 -17.16618439568600 18.17392447838330
2010.2534 45.98 12.02 5.74990094788938 18.66360737257055
2010.2808 45.98 12.02 2.26727883535169 14.00953125925938
2010.3082 45.98 12.02 12.83378719205579 14.84010183359072
2010.3356 45.98 12.02 10.80849333347101 13.09870851314532
2010.3630 45.98 12.02 11.86682314807003 14.06827252623587
2010.3904 45.98 12.02 -3.83969763763228 14.21188084655745
2010.4178 45.98 12.02 -11.09344272726196 15.06919175699546
2010.4452 45.98 12.02 -6.50408097997815 13.07347058441790
2010.4726 45.98 12.02 -14.19648347290292 11.58422002954206
2010.5000 45.98 12.02 -2.43543955556309 13.43434542871482
2010.5274 45.98 12.02 36.48581360826896 22.53028197410829
2010.5548 45.98 12.02 -15.92152287388538 13.92155316142126
2010.5822 45.98 12.02 -3.44932019749769 12.44094110017287
2010.6096 45.98 12.02 -10.23088463961573 16.69647315352942
2010.6370 45.98 12.02 8.11254728264309 14.65492013189370
2010.6644 45.98 12.02 17.08819941111399 13.59326768290248
2010.6918 45.98 12.02 -8.84530903145708 16.81267773340258
2010.7192 45.98 12.02 -3.55292666822104 15.57774250753668
2010.7466 45.98 12.02 -15.55258379580418 18.47693168693862
2010.7740 45.98 12.02 -9.84742998132262 14.37199303624118
2010.8014 45.98 12.02 1.48499024616250 13.78209768971049
2010.8288 45.98 12.02 3.21560939633444 16.03694440353588
2010.8562 45.98 12.02 27.60150693876912 15.65571102977245
2010.8836 45.98 12.02 15.70769806768038 14.23926341915341
2010.9110 45.98 12.02 19.77484036356112 15.86942280920125
2010.9384 45.98 12.02 57.61245742557210 16.56860177702503
2010.9658 45.98 12.02 24.19988678143548 18.41966703490218
2010.9932 45.98 12.02 48.49541185183302 13.38255044924549
2011.1027 45.98 12.02 3.64086410978812 13.39657295620057
2011.1301 45.98 12.02 42.43248332214159 21.87760004925599
2011.1575 45.98 12.02 19.86210763155739 14.01518184708680
2011.1849 45.98 12.02 -1.28856455464561 10.70554227523157
2011.2123 45.98 12.02 11.38752920023510 18.55346212416844
2011.2397 45.98 12.02 25.51289777825595 19.51673393909887
2011.2671 45.98 12.02 -16.60844903227281 15.39080079055557
2011.2945 45.98 12.02 -11.60535502117777 18.32700456414155
2011.3219 45.98 12.02 -12.77344912873088 17.08887196140902
2011.3493 45.98 12.02 -21.35860430477965 15.05451901818591
2011.3767 45.98 12.02 -4.52563243116456 17.98985493535010
2011.4041 45.98 12.02 13.00531102978007 15.48833948509516
2011.4315 45.98 12.02 1.89760372544816 15.20690715231611
2011.5137 45.98 12.02 21.19873049489628 13.88368188607614
2011.5411 45.98 12.02 4.66588376632905 15.09012073040310
2011.5685 45.98 12.02 7.91442671035419 14.56052609198182
2011.5959 45.98 12.02 5.94794268553454 15.80492972502260
2011.6233 45.98 12.02 14.20328069551022 15.66181732035526
2011.6507 45.98 12.02 -33.76937060337613 19.15664631882762
2011.6781 45.98 12.02 -18.81768938308154 17.75777656020966
2011.7055 45.98 12.02 -18.25443207654095 17.85106801534856
2011.7329 45.98 12.02 -6.88622970707213 20.98121040469261
2011.7603 45.98 12.02 -4.43765653255840 17.77577117356908
2011.7877 45.98 12.02 -7.87190439370200 19.05589855999639
2011.8151 45.98 12.02 1.02578639079904 18.59521457099164
2011.8425 45.98 12.02 16.71098140631585 20.42704694429611
2011.8699 45.98 12.02 -9.03197376308063 18.86568508050354
2011.9521 45.98 12.02 11.08909343250521 11.66120407131914
2011.9795 45.98 12.02 -24.11194397220184 16.04974065689577
2012.0068 45.98 12.02 -10.34608321531995 14.73464166363379
2012.0342 45.98 12.02 -23.42972259355704 17.82070759474651
2012.0616 45.98 12.02 -15.36317015736658 15.43923776815588
2012.0890 45.98 12.02 -3.97136536307353 15.16172621199664
2012.1164 45.98 12.02 11.89023612014183 14.69136414353088
2012.1438 45.98 12.02 8.35542573769754 15.27652354287853
2012.1712 45.98 12.02 2.77900996635043 14.32501322559734
2012.1986 45.98 12.02 25.06568116287220 12.86861135254489
2012.2260 45.98 12.02 33.97347036450049 13.29209228097848
2012.2534 45.98 12.02 -28.48577045883400 12.91222091640345
2012.2808 45.98 12.02 -12.18361548525780 11.98650278339558
2012.3082 45.98 12.02 -3.33229366374660 13.78242853334811
2012.3904 45.98 12.02 6.39810131804946 14.11194062977040
2012.4178 45.98 12.02 -16.36380860690924 10.83082667819233
2012.4452 45.98 12.02 -15.46644404078359 10.65114622443636
2012.4726 45.98 12.02 -10.86740233052510 11.63988180323245
2012.5000 45.98 12.02 -32.17780265220342 10.97362391616877
2012.5274 45.98 12.02 -0.79154770597385 11.75704661846518
2012.5548 45.98 12.02 -13.19695478818392 11.75218109782479
2012.5822 45.98 12.02 -2.83858583466333 12.61780658667435
2012.6096 45.98 12.02 -23.41530494912315 12.57619042788069
2012.6370 45.98 12.02 -29.88144279969202 11.47223833658906
2012.6644 45.98 12.02 -52.70095614041566 12.72788877786843
2012.6918 45.98 12.02 -11.04746605687671 13.18210259211973
2012.7192 45.98 12.02 -18.57834916153067 16.27439322003642
2012.7466 45.98 12.02 -10.79111394923124 10.78642320667773
2012.8562 45.98 12.02 -0.64468949582088 16.71851689630412
2012.8836 45.98 12.02 -6.41556530636904 15.81043611466103
2012.9110 45.98 12.02 7.48825257661290 14.92440153784275
2012.9384 45.98 12.02 17.43419958591063 14.06111928826552
2012.9658 45.98 12.02 13.56510861816146 16.28094541096258
2012.9918 45.98 12.02 31.25897062455007 7.53974944746926
2013.0178 45.98 12.02 8.14610659794467 9.13811940477788
2013.0452 45.98 12.02 26.73672294592926 9.05015851268181
2013.0726 45.98 12.02 9.52030030778206 8.24489054263299
2013.1000 45.98 12.02 13.85022223075698 8.48856040389508
2013.1274 45.98 12.02 16.59481646349933 7.75608815762992
2013.1548 45.98 12.02 5.29806719325599 6.98140229626754
2013.2644 45.98 12.02 23.51541313315008 8.11991420975523
2013.2918 45.98 12.02 16.78027538854333 8.03875655057571
2013.3192 45.98 12.02 28.82149802977220 9.03356692120423
2013.3466 45.98 12.02 19.23836887906272 9.31262964777914
2013.3740 45.98 12.02 22.68244280453867 7.80724025943353
2013.4014 45.98 12.02 22.53462278913391 8.10657948038393
2013.4288 45.98 12.02 30.33825526653067 6.95450209462188
2013.4562 45.98 12.02 2.54439311351678 7.07519398380476
2013.4836 45.98 12.02 -44.42870923601439 7.32299435573798
2013.5110 45.98 12.02 11.47913182616458 8.43549448062486
2013.5384 45.98 12.02 2.07494653071111 8.09580957303084
2013.5658 45.98 12.02 10.66508442143985 8.59721975825370
2013.7575 45.98 12.02 11.63048071002184 8.01582589480765
2013.7849 45.98 12.02 27.99650217776765 8.42329116618668
2013.8123 45.98 12.02 -14.50942792324802 7.65927074028346
2013.8397 45.98 12.02 18.65328646722554 7.79700913459427
2013.8671 45.98 12.02 4.94011884988909 8.30473428291705
2013.8945 45.98 12.02 28.44812989980279 7.77801151629744
2013.9219 45.98 12.02 24.55361687775112 6.74438816842150
2013.9493 45.98 12.02 -18.38841711254719 7.34458588648303
2013.9767 45.98 12.02 -18.32944968736305 7.29710839005704
2014.0041 45.98 12.02 10.57524964127266 7.07755358843419
2014.0315 45.98 12.02 -1.58563353708665 7.50013526376895
2014.1685 45.98 12.02 33.65730654722739 7.78487187926304
2014.1959 45.98 12.02 24.15979853434732 8.18154007165068
2014.2233 45.98 12.02 37.55447160009376 7.65233473267316
2014.2507 45.98 12.02 39.68903038439097 6.90188431348660
2014.2781 45.98 12.02 11.52061642746690 7.37565686256903
2014.3055 45.98 12.02 34.09073520929763 7.01690985484405
2014.3329 45.98 12.02 23.61550166805027 5.53212488066436
2014.3603 45.98 12.02 31.60447872058725 6.49473814940613
2014.3877 45.98 12.02 31.47662217557655 6.51444658561127
2014.4151 45.98 12.02 13.25586692070842 6.43456258832414
2014.4425 45.98 12.02 48.25199190504944 6.91064980595130
2014.4699 45.98 12.02 41.08178349939941 6.78351225101188
2014.5795 45.98 12.02 58.61417330255327 5.39606062612608
2014.6068 45.98 12.02 42.08942791915418 5.94776597931049
2014.6342 45.98 12.02 46.81836682894897 5.24099311077272
2014.6616 45.98 12.02 50.10482457185552 6.05984466078659
2014.6890 45.98 12.02 65.98793041638061 5.89557117918339
2014.7164 45.98 12.02 41.89211093998524 5.75056479044903
2014.7438 45.98 12.02 52.76413149580363 6.38981194869601
2014.7712 45.98 12.02 46.48497936712696 6.31598440634763
2014.7986 45.98 12.02 61.82214419189562 5.42857981975007
2014.8260 45.98 12.02 23.29530932080440 5.37943815899894
2014.8534 45.98 12.02 55.80851197316685 5.75580265459589
2014.8808 45.98 12.02 66.99720964521268 5.77560147460324
2014.9082 45.98 12.02 61.74991485377976 5.91112271790550
2015.0452 45.98 12.02 52.04952183874347 4.09669690361396
2015.0726 45.98 12.02 44.03274093248326 4.71330758352857
2015.1000 45.98 12.02 53.29445396507521 3.98297655624830
2015.1274 45.98 12.02 37.55317310489565 3.66639011039210
2015.1548 45.98 12.02 32.33283750322684 4.53244560672014
2015.1822 45.98 12.02 54.23457636133143 4.13410421232038
2015.2096 45.98 12.02 70.39089971255828 6.04677858318392
2015.2370 45.98 12.02 35.04224852248993 6.55151007359705
2015.2644 45.98 12.02 40.98021918472477 5.63448298848667
2015.2918 45.98 12.02 43.89420724087233 5.53775130594963
2015.3192 45.98 12.02 12.12224023433137 5.31247343978605
2015.3466 45.98 12.02 29.18924426185870 5.86361254799309
2015.4836 45.98 12.02 21.93199783925601 4.89452738961221
2015.5110 45.98 12.02 28.52106781677857 4.79245003229658
2015.5384 45.98 12.02 27.26545559227877 5.48509707724719
2015.5658 45.98 12.02 23.49060734015479 5.82634681554719
2015.5932 45.98 12.02 12.84239903335044 6.16905325757630
2015.6205 45.98 12.02 5.18711814156211 5.81494339583556
2015.6479 45.98 12.02 2.42218266038928 5.68367017990987
2015.6753 45.98 12.02 0.04570895029095 5.31958607625377
2015.7027 45.98 12.02 30.91623780201811 6.04895092153663
2015.7301 45.98 12.02 42.03256970240824 5.93194242243130
2015.9493 45.98 12.02 6.70181801265987 5.64277567384354
2015.9767 45.98 12.02 17.76338408101292 6.23768901795010
2016.0041 45.98 12.02 -14.89630217955038 5.50801465705184
2016.0315 45.98 12.02 13.73675878591533 5.23272868652518
2016.0589 45.98 12.02 14.52252764401920 5.35355548269676
2016.0863 45.98 12.02 2.62359458082904 4.64599047424172
2016.1137 45.98 12.02 -8.68400290187673 5.48279418620410
2016.1411 45.98 12.02 44.51777147122451 6.77780895744327
2016.1685 45.98 12.02 34.96496175712226 7.46376680271268
2016.1959 45.98 12.02 42.47844607429599 7.32867638031643
2016.2233 45.98 12.02 38.11389378842006 7.46061913252565
2016.2507 45.98 12.02 14.71716609506918 5.62131154628153
2016.3603 45.98 12.02 32.16033243944810 5.27700379489199
2016.3877 45.98 12.02 39.31773813339021 6.51240180894462
2016.4151 45.98 12.02 32.33623179038419 6.30578796807200
2016.4425 45.98 12.02 46.91630874737793 6.94596971502577
2016.4699 45.98 12.02 39.64728360732677 6.78811911615372
