2002.5877 48.63 18.34 7.12698161906657 10.49954562498609
2002.6151 48.63 18.34 34.73783648895688 10.22990021015045
2002.6425 48.63 18.34 -1.14068571525682 10.46148512631251
2002.6699 48.63 18.34 -1.57574613141084 8.72215032363998
2002.6973 48.63 18.34 -22.33550899219481 14.54081224621665
2002.7247 48.63 18.34 -7.45792042543898 9.98132087857734
2002.7521 48.63 18.34 2.09083714515565 9.09689332126002
2002.7795 48.63 18.34 -9.09537887482325 10.35878196233408
2002.8068 48.63 18.34 26.93711252544241 9.47475849421474
2002.8342 48.63 18.34 31.68887807920326 9.27631213110196
2002.8616 48.63 18.34 7.22118814005420 9.00617625134358
2002.8890 48.63 18.34 -1.62683492459745 9.45583296537368
2002.9164 48.63 18.34 15.98359957753158 9.77441999726420
2003.0260 48.63 18.34 18.25269884520751 10.88339506454652
2003.0534 48.63 18.34 30.91736350670451 19.16202330421659
2003.0808 48.63 18.34 24.02536099752885 15.82327045939914
2003.1082 48.63 18.34 17.45845512667002 8.75634773814942
2003.1356 48.63 18.34 30.45882941397026 8.06519191972436
2003.1630 48.63 18.34 29.33587097083936 8.76867101760026
2003.1904 48.63 18.34 30.65492960159372 10.29013273885710
2003.2178 48.63 18.34 13.05501029082081 8.63721515551369
2003.2452 48.63 18.34 10.03178381092908 8.57189176477180
2003.2726 48.63 18.34 3.28479704530313 8.34132566648728
2003.3000 48.63 18.34 1.34085039838529 8.17397088155106
2003.3274 48.63 18.34 0.18056335507832 10.96733973407185
2003.3548 48.63 18.34 -17.24745163045493 12.44920856279250
2003.3822 48.63 18.34 -10.85834600921294 10.70723612454277
2003.5192 48.63 18.34 -24.85262463974794 12.16498057869586
2003.5466 48.63 18.34 -31.44465903983702 13.87301476984006
2003.5740 48.63 18.34 -30.69497541444518 16.60887561103619
2003.6014 48.63 18.34 -21.48547167518104 13.92544998715250
2003.6288 48.63 18.34 -42.62917249304888 12.81958591697836
2003.6562 48.63 18.34 -50.88448136535678 14.04119046497200
2003.6836 48.63 18.34 -77.07418039693921 14.05806522255945
2003.7110 48.63 18.34 -41.05377163552188 10.40839626371205
2003.7384 48.63 18.34 -28.41663584722271 13.17614101900242
2003.7658 48.63 18.34 -29.06293799327792 11.99054658356452
2003.7932 48.63 18.34 -30.23039284923741 13.64027123815849
2003.8205 48.63 18.34 -18.79376836541286 14.53639919012262
2003.8479 48.63 18.34 -25.27414063149111 12.37827563793822
2003.8753 48.63 18.34 -13.93881635888613 13.51410827629691
2003.9027 48.63 18.34 -12.09201936560812 11.92708289282188
2003.9301 48.63 18.34 -12.99302599434256 12.68887092499936
2003.9575 48.63 18.34 3.77132102721864 14.69730218846539
2003.9849 48.63 18.34 1.22469791942555 13.75516336413409
2004.0123 48.63 18.34 -11.89126302891190 14.78879409412909
2004.0397 48.63 18.34 -10.06109839797414 11.50283446826986
2004.0945 48.63 18.34 9.58952828221103 10.69954718999978
2004.1219 48.63 18.34 4.96739146965870 12.19375011283289
2004.1493 48.63 18.34 -16.61954096582132 14.52180969721254
2004.1767 48.63 18.34 17.64790444589824 15.90745326318735
2004.2041 48.63 18.34 -5.03350822621270 12.55546446536112
2004.2315 48.63 18.34 8.37773438480881 12.75968967723563
2004.2589 48.63 18.34 18.78373556205436 13.14779962995419
2004.2863 48.63 18.34 -11.41655264649783 13.23473420932688
2004.3137 48.63 18.34 15.38577443234775 12.51410720218780
2004.3411 48.63 18.34 -1.04190715973285 13.86981456165995
2004.3685 48.63 18.34 -39.07726440057066 13.13346125437767
2004.3959 48.63 18.34 -42.49223843495345 11.34198362811544
2004.4233 48.63 18.34 -15.65441686280945 10.86225710244476
2004.4507 48.63 18.34 21.38799200539411 9.71395704967922
2004.4781 48.63 18.34 -12.01154121194915 10.79410586230493
2004.5055 48.63 18.34 -12.75939026952833 10.47526423045719
2004.5329 48.63 18.34 -11.06880076990541 9.80514186927400
2004.5603 48.63 18.34 -24.80249204408197 10.17273376722158
2004.5877 48.63 18.34 -29.56711220082282 10.22389629841925
2004.6151 48.63 18.34 -8.66031616437245 11.32279662486805
2004.6425 48.63 18.34 -31.77296275394649 9.44847619948123
2004.6699 48.63 18.34 -27.36281248247881 9.43363320702729
2004.6973 48.63 18.34 -28.28136488395117 8.76299985503855
2004.7247 48.63 18.34 -32.53830075850877 10.23818300304344
2004.7521 48.63 18.34 -26.12353773115521 9.71559935627558
2004.7795 48.63 18.34 -21.42702908386777 9.54165199424562
2004.8068 48.63 18.34 -25.89926102316142 10.75562868369091
2004.8342 48.63 18.34 -5.30988886230351 10.63479931398228
2004.8616 48.63 18.34 -0.68331353017351 9.17168470459284
2004.8890 48.63 18.34 -6.46578357530908 9.20061881839566
2004.9164 48.63 18.34 8.42574883617157 10.19343477749606
2004.9438 48.63 18.34 3.69795287391827 11.02184798477093
2004.9712 48.63 18.34 4.29796904335082 10.32120028057657
2004.9973 48.63 18.34 2.44566422405463 9.80516422270914
2005.0233 48.63 18.34 6.06497473122371 11.74304539921351
2005.0507 48.63 18.34 21.22774801976513 18.19657648115605
2005.0781 48.63 18.34 14.10562701239106 13.36595639954451
2005.1055 48.63 18.34 6.74958224671905 13.21429160616782
2005.1329 48.63 18.34 10.79720495945008 13.54275784725250
2005.1603 48.63 18.34 7.61873570649199 11.82944350120702
2005.1877 48.63 18.34 14.67215264888363 11.76013182011498
2005.2151 48.63 18.34 17.94770285526633 10.85996402712596
2005.2425 48.63 18.34 16.44476553931820 10.61314239942328
2005.2699 48.63 18.34 22.46649383917503 11.43871273518306
2005.2973 48.63 18.34 23.05264244691399 12.16407122777149
2005.3247 48.63 18.34 0.11791132049840 12.85167995737637
2005.3521 48.63 18.34 8.87517773912930 4.52710635484589
2005.3795 48.63 18.34 14.65856508529788 11.92964852112088
2005.4068 48.63 18.34 -12.17647665154850 10.75181191201860
2005.4342 48.63 18.34 -23.79517431513177 12.32154755762585
2005.4616 48.63 18.34 -19.78478192606479 11.28479678217562
2005.4890 48.63 18.34 -28.31392438840971 10.68196174096870
2005.5164 48.63 18.34 -12.38054501284901 10.60845234662274
2005.5438 48.63 18.34 -17.55942373619462 11.71262750108678
2005.5712 48.63 18.34 -6.25522135979062 12.89760455275204
2005.5986 48.63 18.34 13.64243722391356 13.19539878152793
2005.6260 48.63 18.34 -6.23968468797718 11.50834399832491
2005.6534 48.63 18.34 7.88092642327818 12.28827470698497
2005.6808 48.63 18.34 5.23273170950030 11.99024415355055
2005.7082 48.63 18.34 -4.06592866916519 14.93794366472704
2005.7356 48.63 18.34 11.21303137947778 12.94905978799881
2005.7630 48.63 18.34 13.27286393159871 12.97000733271197
2005.7904 48.63 18.34 -12.12645415580623 11.97711881881592
2005.8178 48.63 18.34 7.93205107058212 12.39775516594819
2005.8452 48.63 18.34 19.38761662931415 13.25583300680745
2005.8726 48.63 18.34 -0.76124446639661 11.40036529868929
2005.9000 48.63 18.34 -4.55368261229855 11.02789917280815
2005.9274 48.63 18.34 10.94349087315996 10.96835998708714
2005.9548 48.63 18.34 13.80591195552660 9.22220253766741
2005.9822 48.63 18.34 14.38328764523182 10.13500485379561
2006.0096 48.63 18.34 29.29097825616271 11.60135360654620
2006.0370 48.63 18.34 28.97032267576556 14.98788008666801
2006.0644 48.63 18.34 41.01662468320988 15.13314997022374
2006.0918 48.63 18.34 27.03226572859285 15.23640773065664
2006.1192 48.63 18.34 28.07769976635048 17.78841732868728
2006.1466 48.63 18.34 48.81667759209458 13.54785313526236
2006.1740 48.63 18.34 37.62308521233341 15.79542886712975
2006.2014 48.63 18.34 31.21594640271568 11.72994732407750
2006.2288 48.63 18.34 37.17080636456159 15.85020843768487
2006.2562 48.63 18.34 10.29066029729923 14.99135406399145
2006.2836 48.63 18.34 12.05008196591204 14.51720372372470
2006.3110 48.63 18.34 26.10195579727795 15.59830078387751
2006.3384 48.63 18.34 26.29580085077093 14.05640635146132
2006.3658 48.63 18.34 22.04794608502576 15.69349014325511
2006.3932 48.63 18.34 12.26258690667048 15.35459594891277
2006.4205 48.63 18.34 16.17822113544334 15.30334780927074
2006.4479 48.63 18.34 20.14766408788496 16.36127602375512
2006.4753 48.63 18.34 -11.24381851335572 16.97867265312873
2006.5027 48.63 18.34 1.19193089256566 17.73804101306360
2006.5301 48.63 18.34 5.71021181992557 21.57499776453869
2006.5575 48.63 18.34 -11.46181303602549 16.79828113311465
2006.5849 48.63 18.34 -16.52815616441446 17.33061226264656
2006.6123 48.63 18.34 13.21045045317086 22.31408079171501
2006.6397 48.63 18.34 23.38514868154978 18.48955413258494
2006.6671 48.63 18.34 5.39375987519243 16.45611141826098
2006.6945 48.63 18.34 15.88185248904404 21.64148250826265
2006.7219 48.63 18.34 -9.30434923158843 19.62765725021305
2006.7493 48.63 18.34 -9.76729254306515 23.98616543628338
2006.7767 48.63 18.34 -13.85182515577256 20.85683119774133
2006.8041 48.63 18.34 -9.63339602057940 16.36322885390358
2006.8315 48.63 18.34 -14.02025361918825 19.49474667059477
2006.8589 48.63 18.34 -5.88011942117485 18.79539404146125
2006.8863 48.63 18.34 -2.71194738020107 17.80234103023487
2006.9137 48.63 18.34 -23.51029870081500 17.08626431195697
2006.9411 48.63 18.34 12.89420238122693 16.70006105166009
2006.9685 48.63 18.34 -0.12210821027743 16.34267587532602
2006.9959 48.63 18.34 -0.57355852200241 15.89463106167680
2007.0233 48.63 18.34 -8.53889217338801 14.46079435971391
2007.0507 48.63 18.34 -6.91244214055254 15.37436387165621
2007.0781 48.63 18.34 -0.09437224667924 16.32677719991539
2007.1055 48.63 18.34 -1.55264156713009 14.33793673724251
2007.1329 48.63 18.34 13.18585740291766 15.84323390753410
2007.1603 48.63 18.34 33.82238259727876 15.06075229041463
2007.1877 48.63 18.34 48.89239802998569 20.51171700182233
2007.2151 48.63 18.34 27.66196571175818 18.09775547464726
2007.2425 48.63 18.34 21.28746998324186 17.31600682792728
2007.2699 48.63 18.34 4.86519209803598 13.02222124654669
2007.2973 48.63 18.34 -6.91165337107825 12.21156928727430
2007.3247 48.63 18.34 -3.08263525733931 15.62176819048059
2007.3521 48.63 18.34 -15.72477509188693 17.36835828812352
2007.3795 48.63 18.34 -17.39293507708661 18.40588316804800
2007.4068 48.63 18.34 -22.68267489689792 14.82620508975980
2007.4342 48.63 18.34 -32.43798978875579 14.01405156617718
2007.4616 48.63 18.34 -37.13337549112584 19.43084927850308
2007.4890 48.63 18.34 -11.85788961254777 14.05885573673003
2007.5164 48.63 18.34 -20.04930605161477 15.09919764265076
2007.5438 48.63 18.34 -33.41569702175391 14.49896339045624
2007.5712 48.63 18.34 -40.57108883614986 14.90605893829517
2007.5986 48.63 18.34 -50.45688180516489 18.74252630115488
2007.6260 48.63 18.34 -42.68709071712761 14.79193266991645
2007.6534 48.63 18.34 -35.53148530251460 15.11505471815799
2007.6808 48.63 18.34 -34.38168371437121 15.79582231830988
2007.7082 48.63 18.34 -22.48182880638485 10.91899055109468
2007.7356 48.63 18.34 -17.00343178699980 16.23404525944389
2007.7630 48.63 18.34 -24.62341617436130 11.70093873848008
2007.7904 48.63 18.34 -1.22536707691202 16.15501690512764
2007.8178 48.63 18.34 -19.78572666568232 19.02258847148077
2007.8452 48.63 18.34 5.49442238963444 14.80649447574566
2007.8726 48.63 18.34 8.41389258596055 17.52111976082850
2007.9000 48.63 18.34 7.03221984993412 18.53520022500136
2007.9274 48.63 18.34 1.12133282629414 18.31492058915214
2007.9548 48.63 18.34 11.09329664668300 13.40253954011441
2007.9822 48.63 18.34 8.77809892986845 16.90186285764506
2008.0096 48.63 18.34 22.59750918318484 14.71403244899384
2008.0370 48.63 18.34 16.68774464472851 15.37070998238302
2008.0644 48.63 18.34 -0.91392115865283 18.09687776272678
2008.0918 48.63 18.34 5.88399700847755 13.74183665426569
2008.1192 48.63 18.34 -8.94740899260688 16.71512764924078
2008.1466 48.63 18.34 -2.63908344172713 19.76094697269700
2008.1740 48.63 18.34 1.82075265478199 17.04806051543474
2008.2014 48.63 18.34 -25.79508761570233 18.75387181630877
2008.2288 48.63 18.34 10.19291415440717 20.85382267355752
2008.2562 48.63 18.34 -8.01568151746854 19.76068052073910
2008.2836 48.63 18.34 -21.86421662439096 23.82326505145434
2008.3110 48.63 18.34 -23.70383385766656 24.90448099459795
2008.3384 48.63 18.34 -2.12768523596563 18.28742697373931
2008.3658 48.63 18.34 -25.90741136653881 18.50468789823099
2008.3932 48.63 18.34 0.49220793431154 16.44834281736991
2008.4205 48.63 18.34 8.36117335578536 14.39140217897529
2008.4479 48.63 18.34 -11.42554842103631 14.87392819747133
2008.4753 48.63 18.34 -15.92300772279060 14.27645585544687
2008.5027 48.63 18.34 -18.69888656017828 17.66932906391729
2008.5301 48.63 18.34 25.39926838041384 21.85543086809448
2008.5575 48.63 18.34 -18.82529455895926 13.80720228462394
2008.5849 48.63 18.34 -10.10626639566330 16.38239048935410
2008.6123 48.63 18.34 -21.13161666262981 13.08301991740748
2008.6397 48.63 18.34 -15.67360490540657 14.60413749768575
2008.6671 48.63 18.34 -15.09968081175455 13.87656275747272
2008.6945 48.63 18.34 -12.31975645672578 13.34718383505656
2008.7219 48.63 18.34 -5.78487471859667 15.83662748786655
2008.7493 48.63 18.34 -17.56114093585647 14.16471460031109
2008.7767 48.63 18.34 -30.22621266636568 16.99489888111919
2008.8041 48.63 18.34 -16.23295645269277 17.15396153883099
2008.8315 48.63 18.34 -14.61997506721187 19.23220921184307
2008.8589 48.63 18.34 -27.28400858764019 22.49585184564294
2008.8863 48.63 18.34 -28.24313471622978 21.57733579818226
2008.9137 48.63 18.34 -6.78550539840105 20.62528541352768
2008.9411 48.63 18.34 -12.97398491204313 21.26856003906794
2008.9685 48.63 18.34 -5.46759699512019 19.85308250873580
2008.9945 48.63 18.34 -14.68375225508189 16.82360116321373
2009.0205 48.63 18.34 0.21361456292611 16.69937591791741
2009.0479 48.63 18.34 0.09419191727024 16.70856129021917
2009.0753 48.63 18.34 -7.30191770766411 15.75338759655203
2009.1027 48.63 18.34 -13.92896018274002 20.01994572963575
2009.1301 48.63 18.34 -1.02051394107844 15.60953324736501
2009.1575 48.63 18.34 0.80827637065045 15.76516055592008
2009.1849 48.63 18.34 -6.72020017834573 18.82657360123795
2009.2123 48.63 18.34 -20.36769223717848 15.48196993168655
2009.2397 48.63 18.34 -2.00611944244715 18.04633033088053
2009.2671 48.63 18.34 3.17810982173468 14.92493828733187
2009.2945 48.63 18.34 -3.16517860018229 15.38395067990613
2009.3219 48.63 18.34 -15.88845402189665 16.01578696488168
2009.3493 48.63 18.34 -4.33511468014864 14.56337268337746
2009.3767 48.63 18.34 15.50190337271848 15.34919702451122
2009.4041 48.63 18.34 11.36803156521344 13.23167478878669
2009.4315 48.63 18.34 -1.99072075761120 15.63835246584495
2009.4589 48.63 18.34 -23.40298123104789 12.82492098510819
2009.4863 48.63 18.34 -9.25136041232217 14.27343690688413
2009.5137 48.63 18.34 -5.63740120889281 13.37735573879609
2009.5411 48.63 18.34 -13.89882433340915 16.78019575203166
2009.5685 48.63 18.34 5.39316275393271 18.01050881254176
2009.5959 48.63 18.34 -18.57260135110526 15.60875494379973
2009.6233 48.63 18.34 -25.56563278750126 16.57069996013697
2009.6507 48.63 18.34 -18.35960563036785 15.99117938688386
2009.6781 48.63 18.34 -16.53274928753688 17.31552016792571
2009.7055 48.63 18.34 -7.77911656763550 18.18914204664980
2009.7329 48.63 18.34 -3.41744387397121 17.35565692479687
2009.7603 48.63 18.34 -26.33021688089271 19.87430345109233
2009.7877 48.63 18.34 -3.77661284933330 18.27430782385121
2009.8151 48.63 18.34 11.42931580460576 19.84281908428478
2009.8425 48.63 18.34 -0.03185284468154 17.86504486520873
2009.8699 48.63 18.34 3.12175953161399 16.97512033258198
2009.8973 48.63 18.34 5.48177457186482 15.78015713165180
2009.9247 48.63 18.34 10.74841349447676 15.31965770128505
2009.9521 48.63 18.34 11.18295411664320 14.51055730936000
2009.9795 48.63 18.34 15.44791777456528 14.93066595304503
2010.0068 48.63 18.34 -3.28911650399720 19.48027597286148
2010.0342 48.63 18.34 3.14472289463215 14.74278488536511
2010.0616 48.63 18.34 5.21950808821447 15.23649104656908
2010.0890 48.63 18.34 27.55799244357690 18.71050143170560
2010.1164 48.63 18.34 11.36671789954078 19.35843212446279
2010.1438 48.63 18.34 16.52672304724476 18.31721800373172
2010.1712 48.63 18.34 19.57716853657767 17.46489449736358
2010.1986 48.63 18.34 -6.76462196733275 16.71646623814125
2010.2260 48.63 18.34 8.00865722182214 18.36946327414161
2010.2534 48.63 18.34 -4.13182509312367 18.87237012242537
2010.2808 48.63 18.34 -0.89779316366770 14.18897451921525
2010.3082 48.63 18.34 5.68553875782434 15.02028452321954
2010.3356 48.63 18.34 8.28977309024544 13.27343495392618
2010.3630 48.63 18.34 11.57623360449979 14.25927089807757
2010.3904 48.63 18.34 28.82275572948005 14.48015932178889
2010.4178 48.63 18.34 26.24961021439909 15.28274770711955
2010.4452 48.63 18.34 30.91480331073182 13.25234646137241
2010.4726 48.63 18.34 13.99115600187021 11.75794505309831
2010.5000 48.63 18.34 10.16673676461288 13.61429635317003
2010.5274 48.63 18.34 -52.37317722366425 22.75130690747279
2010.5548 48.63 18.34 13.90262911905953 14.08028636279882
2010.5822 48.63 18.34 28.17062718809751 12.58486651159151
2010.6096 48.63 18.34 37.95025953082435 16.86237524633721
2010.6370 48.63 18.34 12.20334392813336 14.80904165478317
2010.6644 48.63 18.34 13.95380473732515 13.74332389591507
2010.6918 48.63 18.34 19.99024262605201 16.97656947153019
2010.7192 48.63 18.34 14.17033444751049 15.73421540043203
2010.7466 48.63 18.34 20.53202574243731 18.65109289651184
2010.7740 48.63 18.34 11.52022199583969 14.53079463527753
2010.8014 48.63 18.34 23.26102194378027 13.93217658162991
2010.8288 48.63 18.34 14.58198441735700 16.19456440111548
2010.8562 48.63 18.34 23.25518822737323 15.82235136575489
2010.8836 48.63 18.34 18.27193045365913 14.40139202315932
2010.9110 48.63 18.34 18.55154145763309 16.03834253571607
2010.9384 48.63 18.34 30.37461508606505 16.74613441114743
2010.9658 48.63 18.34 33.29257596672193 18.60100988541643
2010.9932 48.63 18.34 14.46665842413793 13.69266811691044
2011.1027 48.63 18.34 3.78222550506563 13.62868973993579
2011.1301 48.63 18.34 32.11663243252313 22.12510415263840
2011.1575 48.63 18.34 8.86907187404245 14.20503335946651
2011.1849 48.63 18.34 20.93044990554776 10.86502484000797
2011.2123 48.63 18.34 29.02278666780233 18.75714311982276
2011.2397 48.63 18.34 30.54543118849121 19.72348688914398
2011.2671 48.63 18.34 25.98340585502532 15.56638581309448
2011.2945 48.63 18.34 37.40348337885818 18.52137240313659
2011.3219 48.63 18.34 6.29456092900752 17.26728158153256
2011.3493 48.63 18.34 19.76409697067705 15.21831016018013
2011.3767 48.63 18.34 16.20925045760690 18.18186780376037
2011.4041 48.63 18.34 -12.59839068166203 15.65848633614266
2011.4315 48.63 18.34 -9.83298165331110 15.43849729549741
2011.5137 48.63 18.34 5.71352669388939 14.07657649125674
2011.5411 48.63 18.34 16.41220073061926 15.27110357763551
2011.5685 48.63 18.34 9.49387182716501 14.74807906043595
2011.5959 48.63 18.34 -1.07277963896168 15.99257595642219
2011.6233 48.63 18.34 18.23713275374630 15.86288020719061
2011.6507 48.63 18.34 16.28456587253517 19.37566560851321
2011.6781 48.63 18.34 9.51562340492623 17.95703159743733
2011.7055 48.63 18.34 13.28294198037416 18.04681103291865
2011.7329 48.63 18.34 11.13918998934166 21.20665710168788
2011.7603 48.63 18.34 1.16375250437282 17.96739687270793
2011.7877 48.63 18.34 -19.15159771118066 19.24741835240994
2011.8151 48.63 18.34 1.05267942614634 18.79063322310514
2011.8425 48.63 18.34 2.72549859830711 20.64640055678906
2011.8699 48.63 18.34 3.39949605627551 19.08397279662176
2011.9521 48.63 18.34 14.61157513608783 11.84709043021364
2011.9795 48.63 18.34 5.30293134105866 16.18750376218427
2012.0068 48.63 18.34 13.59666796071175 14.90409232391463
2012.0342 48.63 18.34 32.72398317607431 18.05210391153883
2012.0616 48.63 18.34 37.51850767089521 15.59621701697927
2012.0890 48.63 18.34 22.87041327643204 15.31576596722880
2012.1164 48.63 18.34 6.74812637537778 14.89597677311136
2012.1438 48.63 18.34 7.05148328353380 15.43047802535554
2012.1712 48.63 18.34 21.44494425418709 14.53071644389230
2012.1986 48.63 18.34 -5.26609077436733 13.02777322262671
2012.2260 48.63 18.34 -17.98959783583798 13.47287212158045
2012.2534 48.63 18.34 6.48685356182274 13.06381324928238
2012.2808 48.63 18.34 10.05457294476160 12.10970530218786
2012.3082 48.63 18.34 -7.55802059657804 14.14727214499617
2012.3904 48.63 18.34 -10.80384622175090 14.38348898708536
2012.4178 48.63 18.34 -27.70139119642270 10.97855862330353
2012.4452 48.63 18.34 -6.51785152240167 10.80035814138450
2012.4726 48.63 18.34 -0.12176340900772 11.78082410894983
2012.5000 48.63 18.34 -34.57323626563307 11.12201392602262
2012.5274 48.63 18.34 -37.15522770325816 11.91410669025555
2012.5548 48.63 18.34 -35.81503832741053 11.90152619395436
2012.5822 48.63 18.34 -23.65943344610288 12.75291370702685
2012.6096 48.63 18.34 -17.99643774840045 12.72939435579866
2012.6370 48.63 18.34 -29.86686481424505 11.60279338011346
2012.6644 48.63 18.34 -21.37768062797008 12.85865045070261
2012.6918 48.63 18.34 -31.89942542634893 13.31822232244867
2012.7192 48.63 18.34 -10.40751058398290 16.45196211932971
2012.7466 48.63 18.34 -3.45573098717457 10.93377749071454
2012.8562 48.63 18.34 -0.44407462843703 16.90172201561171
2012.8836 48.63 18.34 2.69042064438292 15.97391758616456
2012.9110 48.63 18.34 7.34602310796974 15.07421499188907
2012.9384 48.63 18.34 -13.82851844300254 14.21978113439453
2012.9658 48.63 18.34 -11.54335682195801 16.43344635955655
2012.9918 48.63 18.34 -9.47862683134697 7.62810757929543
2013.0178 48.63 18.34 -12.89968281511864 9.24092505503942
2013.0452 48.63 18.34 7.09058882304015 9.14626959691470
2013.0726 48.63 18.34 -13.19595354313116 8.33801659638066
2013.1000 48.63 18.34 15.56661130656164 8.58316347821431
2013.1274 48.63 18.34 3.81287128007969 7.85309390744791
2013.1548 48.63 18.34 21.78932153883373 7.08736038987878
2013.2644 48.63 18.34 52.97149226516232 8.28987136735457
2013.2918 48.63 18.34 23.45238384390001 8.13424502858184
2013.3192 48.63 18.34 -24.92955583092150 9.13569144001909
2013.3466 48.63 18.34 16.93658323349053 9.41021991717806
2013.3740 48.63 18.34 10.56236129682427 7.89368277578820
2013.4014 48.63 18.34 -1.58500300284792 8.19506109564853
2013.4288 48.63 18.34 20.18281806666633 7.03775561841051
2013.4562 48.63 18.34 3.54785241453225 7.16523343541099
2013.4836 48.63 18.34 37.38382377021787 7.40884189141455
2013.5110 48.63 18.34 8.32729070007847 8.53083508631224
2013.5384 48.63 18.34 -5.87763151975590 8.20759147338685
2013.5658 48.63 18.34 24.11611803385499 8.69678431302864
2013.7575 48.63 18.34 -20.19237801564732 8.13434095247896
2013.7849 48.63 18.34 -49.43036078854053 8.54050564472758
2013.8123 48.63 18.34 -25.34164026070759 7.76561006576276
2013.8397 48.63 18.34 -9.72403663420169 7.90870977289198
2013.8671 48.63 18.34 -12.26622379640682 8.42853228086963
2013.8945 48.63 18.34 -21.23911153560095 7.89240041204358
2013.9219 48.63 18.34 1.04820076949774 6.83578724331135
2013.9493 48.63 18.34 18.88648567251044 7.45134147099257
2013.9767 48.63 18.34 -18.10419200595757 7.39799924365604
2014.0041 48.63 18.34 10.85569956174958 7.17767149044241
2014.0315 48.63 18.34 10.77058105701342 7.61666398492248
2014.1685 48.63 18.34 30.05666419893726 7.89619123599499
2014.1959 48.63 18.34 6.46715584531287 8.27711014682722
2014.2233 48.63 18.34 12.93887638610340 7.74555304500065
2014.2507 48.63 18.34 16.21796966053098 6.98677277624088
2014.2781 48.63 18.34 17.35454456097748 7.46399181392894
2014.3055 48.63 18.34 -14.35774114133055 7.10227654396145
2014.3329 48.63 18.34 14.09489965391721 5.60591121038483
2014.3603 48.63 18.34 20.35830919960227 6.57556021975277
2014.3877 48.63 18.34 8.14146807267223 6.59650421760084
2014.4151 48.63 18.34 7.61545768291928 6.51826578355979
2014.4425 48.63 18.34 -27.72380950270483 7.00017260070992
2014.4699 48.63 18.34 -46.65687889315367 6.87768102475915
2014.5795 48.63 18.34 -21.94131348985792 5.45560501327677
2014.6068 48.63 18.34 -18.67836895152684 6.03598853877108
2014.6342 48.63 18.34 0.99573109405956 5.32133052164412
2014.6616 48.63 18.34 -9.86477934405720 6.14625917631961
2014.6890 48.63 18.34 -12.89685091035485 5.97910090023784
2014.7164 48.63 18.34 26.60979312030168 5.82989797549584
2014.7438 48.63 18.34 6.44245281673231 6.47639796387039
2014.7712 48.63 18.34 5.15161727836745 6.40275483541062
2014.7986 48.63 18.34 3.93275775332699 5.51116575133112
2014.8260 48.63 18.34 5.14162692835511 5.46442704743132
2014.8534 48.63 18.34 10.02701658093889 5.84365404896996
2014.8808 48.63 18.34 31.65515007081325 5.86371261557226
2014.9082 48.63 18.34 -7.77374232548806 5.99878791241983
2015.0452 48.63 18.34 11.93324712497885 4.16079493967585
2015.0726 48.63 18.34 37.64249179027383 4.82378088580130
2015.1000 48.63 18.34 36.03590175290296 4.04695762771763
2015.1274 48.63 18.34 14.61303427656887 3.72669199426846
2015.1548 48.63 18.34 30.90415600952626 4.63796193661563
2015.1822 48.63 18.34 33.48664543009718 4.22068796140761
2015.2096 48.63 18.34 -31.31332600008048 6.16491236813370
2015.2370 48.63 18.34 19.77081096118128 6.66347109704384
2015.2644 48.63 18.34 -20.05459340277400 5.70539357450682
2015.2918 48.63 18.34 0.75593576585377 5.60907886790542
2015.3192 48.63 18.34 -2.37761818808385 5.38492096941757
2015.3466 48.63 18.34 21.87142465469373 5.95126017249145
2015.4836 48.63 18.34 -15.83991316588701 4.97081604363030
2015.5110 48.63 18.34 -22.65856943360991 4.86131897196215
2015.5384 48.63 18.34 -10.22192122720639 5.58770783963091
2015.5658 48.63 18.34 -16.52634392263134 5.91650206280845
2015.5932 48.63 18.34 -20.06583296178686 6.26574241254990
2015.6205 48.63 18.34 -21.54442085023383 5.90864747140636
2015.6479 48.63 18.34 -15.28464607707357 5.77625892575467
2015.6753 48.63 18.34 -44.10153820252849 5.41308778933953
2015.7027 48.63 18.34 -16.72202165392427 6.14361091321257
2015.7301 48.63 18.34 -4.34603605476895 6.03066537587979
2015.9493 48.63 18.34 6.82467651966560 5.72984903647708
2015.9767 48.63 18.34 3.52374191638028 6.33438828268468
2016.0041 48.63 18.34 12.66627588710455 5.60017830321956
2016.0315 48.63 18.34 5.54832078237857 5.32758961361592
2016.0589 48.63 18.34 -22.08895733407619 5.44457272189828
2016.0863 48.63 18.34 -14.90323710499870 4.70979329982656
2016.1137 48.63 18.34 -4.04682067271450 5.57603325112316
2016.1411 48.63 18.34 -19.12150430149523 6.90190867491044
2016.1685 48.63 18.34 -1.72095013320227 7.58089629685268
2016.1959 48.63 18.34 24.87631455760280 7.42089371009275
2016.2233 48.63 18.34 0.02103810101650 7.53958904407881
2016.2507 48.63 18.34 5.07708739614693 5.71027660739832
2016.3603 48.63 18.34 5.68692614923703 5.35440155360085
2016.3877 48.63 18.34 10.82905836472659 6.60612696845553
2016.4151 48.63 18.34 14.89330941497173 6.40547875665162
2016.4425 48.63 18.34 55.92035503518073 7.04507225153262
2016.4699 48.63 18.34 3.58011727958795 6.88874586103249
