2002.5877 70.47 -157.41 0.226 0.135 -1.595 0.122 0.116 0.578
2002.6151 70.47 -157.41 0.048 0.819 0.091 0.116 0.111 0.550
2002.6425 70.47 -157.41 0.109 0.690 -2.356 0.119 0.113 0.560
2002.6699 70.47 -157.41 0.164 0.594 -2.062 0.104 0.098 0.494
2002.6973 70.47 -157.41 0.246 0.840 0.413 0.212 0.164 0.902
2002.7247 70.47 -157.41 0.345 0.964 -2.928 0.110 0.105 0.518
2002.7521 70.47 -157.41 0.364 0.318 -2.606 0.102 0.097 0.483
2002.7795 70.47 -157.41 0.476 0.406 -2.610 0.118 0.113 0.559
2002.8068 70.47 -157.41 0.065 0.361 0.538 0.105 0.100 0.500
2002.8342 70.47 -157.41 -0.265 -0.015 0.770 0.104 0.099 0.495
2002.8616 70.47 -157.41 -0.157 0.233 -0.352 0.113 0.104 0.531
2002.8890 70.47 -157.41 0.031 0.248 -0.524 0.106 0.101 0.501
2002.9164 70.47 -157.41 -0.172 0.075 -1.559 0.114 0.108 0.541
2003.0260 70.47 -157.41 0.040 0.194 -2.990 0.128 0.123 0.610
2003.0534 70.47 -157.41 -0.289 0.147 -7.060 0.205 0.198 0.956
2003.0808 70.47 -157.41 -0.347 0.235 -2.168 0.188 0.180 0.882
2003.1082 70.47 -157.41 -1.018 0.380 1.460 0.110 0.104 0.527
2003.1356 70.47 -157.41 -0.300 0.323 -1.125 0.102 0.096 0.493
2003.1630 70.47 -157.41 -0.365 0.598 -2.170 0.108 0.102 0.518
2003.1904 70.47 -157.41 -0.807 0.440 -2.342 0.127 0.121 0.607
2003.2178 70.47 -157.41 -0.945 0.889 -1.858 0.106 0.101 0.510
2003.2452 70.47 -157.41 -1.193 0.815 -1.235 0.104 0.098 0.496
2003.2726 70.47 -157.41 -0.518 0.570 -4.613 0.101 0.096 0.484
2003.3000 70.47 -157.41 -0.644 0.681 -3.584 0.098 0.093 0.473
2003.3274 70.47 -157.41 -0.928 0.376 -4.414 0.127 0.122 0.604
2003.3548 70.47 -157.41 -0.800 0.397 -3.150 0.138 0.132 0.648
2003.3822 70.47 -157.41 -0.763 0.401 -2.301 0.128 0.122 0.610
2003.5192 70.47 -157.41 -0.156 0.260 -1.298 0.130 0.126 0.613
2003.5466 70.47 -157.41 0.133 0.356 -2.196 0.143 0.138 0.669
2003.5740 70.47 -157.41 -0.082 0.242 -2.131 0.165 0.160 0.768
2003.6014 70.47 -157.41 0.063 -0.062 -0.080 0.143 0.139 0.669
2003.6288 70.47 -157.41 0.071 0.712 1.247 0.136 0.132 0.641
2003.6562 70.47 -157.41 0.043 -0.321 -1.603 0.146 0.141 0.683
2003.6836 70.47 -157.41 -0.191 0.030 -0.439 0.143 0.139 0.670
2003.7110 70.47 -157.41 -0.222 -0.121 -1.386 0.115 0.111 0.545
2003.7384 70.47 -157.41 0.065 -0.144 0.512 0.137 0.133 0.643
2003.7658 70.47 -157.41 -0.086 -0.117 -0.852 0.126 0.122 0.594
2003.7932 70.47 -157.41 0.005 -0.288 -0.598 0.140 0.136 0.657
2003.8205 70.47 -157.41 0.156 0.015 -3.744 0.154 0.149 0.717
2003.8479 70.47 -157.41 -0.212 -0.063 -2.223 0.137 0.132 0.643
2003.8753 70.47 -157.41 0.113 0.220 -2.277 0.141 0.136 0.660
2003.9027 70.47 -157.41 -0.136 0.549 -2.391 0.131 0.126 0.615
2003.9301 70.47 -157.41 -0.447 0.483 0.581 0.136 0.131 0.637
2003.9575 70.47 -157.41 -0.324 -0.175 -1.907 0.151 0.146 0.703
2003.9849 70.47 -157.41 -0.725 0.155 -2.954 0.144 0.139 0.672
2004.0123 70.47 -157.41 -0.688 0.157 -1.056 0.155 0.150 0.722
2004.0397 70.47 -157.41 -1.038 -0.296 -1.367 0.133 0.127 0.630
2004.0945 70.47 -157.41 -0.955 0.109 0.642 0.124 0.119 0.590
2004.1219 70.47 -157.41 -0.852 0.377 -0.581 0.132 0.127 0.618
2004.1493 70.47 -157.41 -1.140 -0.092 -1.393 0.155 0.150 0.721
2004.1767 70.47 -157.41 -1.642 0.049 -1.426 0.165 0.160 0.764
2004.2041 70.47 -157.41 -0.817 0.764 -2.567 0.136 0.131 0.634
2004.2315 70.47 -157.41 -1.023 0.700 -0.491 0.138 0.133 0.645
2004.2589 70.47 -157.41 -1.422 0.490 0.641 0.143 0.138 0.667
2004.2863 70.47 -157.41 -1.430 0.237 -1.129 0.144 0.139 0.671
2004.3137 70.47 -157.41 -1.311 0.411 -1.451 0.136 0.132 0.639
2004.3411 70.47 -157.41 -1.001 0.468 -0.830 0.150 0.145 0.698
2004.3685 70.47 -157.41 -1.267 0.189 -0.827 0.145 0.140 0.677
2004.3959 70.47 -157.41 -0.660 0.090 -1.307 0.127 0.122 0.599
2004.4233 70.47 -157.41 -0.201 0.482 0.500 0.122 0.118 0.577
2004.4507 70.47 -157.41 0.012 0.319 -0.804 0.109 0.105 0.518
2004.4781 70.47 -157.41 -0.027 0.180 1.038 0.120 0.115 0.566
2004.5055 70.47 -157.41 0.138 0.156 -0.912 0.117 0.113 0.553
2004.5329 70.47 -157.41 -0.136 0.250 0.278 0.111 0.106 0.525
2004.5603 70.47 -157.41 -0.350 0.054 1.424 0.114 0.109 0.539
2004.5877 70.47 -157.41 -0.022 0.273 0.235 0.116 0.111 0.545
2004.6151 70.47 -157.41 0.089 -0.094 1.518 0.127 0.122 0.597
2004.6425 70.47 -157.41 0.039 -0.142 0.312 0.108 0.103 0.514
2004.6699 70.47 -157.41 0.110 -0.050 1.265 0.109 0.104 0.515
2004.6973 70.47 -157.41 0.374 0.238 2.217 0.102 0.097 0.486
2004.7247 70.47 -157.41 0.257 0.158 2.164 0.117 0.112 0.551
2004.7521 70.47 -157.41 0.254 0.059 1.127 0.112 0.107 0.531
2004.7795 70.47 -157.41 0.678 -0.375 -0.273 0.109 0.104 0.517
2004.8068 70.47 -157.41 0.667 -0.322 -2.201 0.121 0.116 0.569
2004.8342 70.47 -157.41 0.366 0.057 1.402 0.119 0.114 0.562
2004.8616 70.47 -157.41 0.251 0.234 3.556 0.106 0.101 0.502
2004.8890 70.47 -157.41 -0.158 0.189 0.560 0.105 0.101 0.500
2004.9164 70.47 -157.41 0.268 -0.433 -1.454 0.115 0.110 0.542
2004.9438 70.47 -157.41 0.049 -0.050 1.257 0.127 0.121 0.599
2004.9712 70.47 -157.41 -0.300 -0.428 0.435 0.115 0.110 0.541
2004.9973 70.47 -157.41 -0.546 -0.210 1.237 0.111 0.107 0.526
2005.0233 70.47 -157.41 -0.764 0.048 0.563 0.128 0.123 0.598
2005.0507 70.47 -157.41 -0.720 0.353 -1.256 0.185 0.179 0.852
2005.0781 70.47 -157.41 -0.927 0.232 -1.975 0.141 0.137 0.659
2005.1055 70.47 -157.41 -1.201 -0.008 0.296 0.140 0.136 0.654
2005.1329 70.47 -157.41 -0.937 0.394 -1.689 0.143 0.139 0.668
2005.1603 70.47 -157.41 -1.028 0.546 -0.303 0.129 0.124 0.605
2005.1877 70.47 -157.41 -1.363 0.833 -0.523 0.130 0.126 0.613
2005.2151 70.47 -157.41 -1.178 0.325 -1.775 0.123 0.118 0.581
2005.2425 70.47 -157.41 -0.885 0.227 -2.631 0.118 0.114 0.559
2005.2699 70.47 -157.41 -0.667 0.002 -1.441 0.126 0.121 0.592
2005.2973 70.47 -157.41 -1.022 0.153 -0.094 0.133 0.128 0.622
2005.3247 70.47 -157.41 -0.863 -0.054 0.713 0.140 0.135 0.655
2005.3521 70.47 -157.41 -0.970 -0.018 0.533 0.064 0.059 0.321
2005.3795 70.47 -157.41 -0.920 0.260 -0.389 0.131 0.126 0.616
2005.4068 70.47 -157.41 -0.662 0.195 -1.522 0.121 0.116 0.570
2005.4342 70.47 -157.41 -0.305 0.573 -1.324 0.138 0.132 0.649
2005.4616 70.47 -157.41 -0.099 0.333 -0.355 0.126 0.120 0.590
2005.4890 70.47 -157.41 0.185 0.071 0.085 0.119 0.114 0.561
2005.5164 70.47 -157.41 0.191 0.014 1.854 0.119 0.114 0.559
2005.5438 70.47 -157.41 0.193 -0.045 0.257 0.128 0.123 0.601
2005.5712 70.47 -157.41 0.025 -0.036 1.329 0.139 0.133 0.649
2005.5986 70.47 -157.41 0.259 0.150 2.650 0.142 0.136 0.661
2005.6260 70.47 -157.41 0.575 -0.197 1.758 0.126 0.121 0.591
2005.6534 70.47 -157.41 0.636 -0.183 0.427 0.132 0.127 0.618
2005.6808 70.47 -157.41 0.261 -0.182 0.836 0.130 0.125 0.608
2005.7082 70.47 -157.41 0.224 -0.327 0.805 0.155 0.150 0.721
2005.7356 70.47 -157.41 0.343 -0.309 1.371 0.137 0.132 0.639
2005.7630 70.47 -157.41 0.494 -0.521 -0.371 0.137 0.132 0.640
2005.7904 70.47 -157.41 0.628 -0.557 -0.329 0.129 0.124 0.605
2005.8178 70.47 -157.41 0.409 -0.148 0.840 0.132 0.127 0.618
2005.8452 70.47 -157.41 0.562 -0.360 0.450 0.141 0.136 0.661
2005.8726 70.47 -157.41 0.256 -0.230 3.810 0.123 0.118 0.578
2005.9000 70.47 -157.41 -0.025 -0.148 2.020 0.120 0.116 0.567
2005.9274 70.47 -157.41 -0.192 -0.017 2.123 0.129 0.123 0.611
2005.9548 70.47 -157.41 -0.444 0.085 1.955 0.127 0.119 0.618
2005.9822 70.47 -157.41 -0.591 0.197 1.445 0.121 0.115 0.575
2006.0096 70.47 -157.41 -0.382 0.244 0.751 0.130 0.124 0.611
2006.0370 70.47 -157.41 -0.317 0.086 -0.361 0.161 0.155 0.752
2006.0644 70.47 -157.41 -0.235 -0.073 0.015 0.163 0.157 0.764
2006.0918 70.47 -157.41 -0.191 0.558 -0.073 0.162 0.156 0.754
2006.1192 70.47 -157.41 -0.618 0.127 -1.692 0.181 0.175 0.841
2006.1466 70.47 -157.41 -0.337 0.294 0.074 0.144 0.139 0.672
2006.1740 70.47 -157.41 -0.870 0.415 1.196 0.159 0.154 0.741
2006.2014 70.47 -157.41 -0.892 0.746 1.625 0.126 0.121 0.591
2006.2288 70.47 -157.41 -0.818 0.319 1.236 0.160 0.155 0.745
2006.2562 70.47 -157.41 -0.914 0.256 2.262 0.149 0.145 0.697
2006.2836 70.47 -157.41 -1.146 0.884 1.848 0.147 0.142 0.684
2006.3110 70.47 -157.41 -1.160 0.669 1.179 0.156 0.152 0.727
2006.3384 70.47 -157.41 -1.193 0.437 1.657 0.141 0.137 0.661
2006.3658 70.47 -157.41 -0.823 0.549 1.785 0.156 0.152 0.728
2006.3932 70.47 -157.41 -0.721 -0.066 0.119 0.154 0.150 0.718
2006.4205 70.47 -157.41 -0.063 0.037 -0.996 0.155 0.150 0.723
2006.4479 70.47 -157.41 -0.511 -0.370 1.459 0.172 0.167 0.805
2006.4753 70.47 -157.41 -0.056 0.343 -0.418 0.172 0.167 0.802
2006.5027 70.47 -157.41 0.411 0.319 0.268 0.178 0.173 0.828
2006.5301 70.47 -157.41 0.220 0.251 2.117 0.209 0.205 0.971
2006.5575 70.47 -157.41 0.280 0.319 -0.534 0.168 0.164 0.783
2006.5849 70.47 -157.41 0.253 0.131 1.179 0.173 0.168 0.804
2006.6123 70.47 -157.41 -0.039 0.383 0.279 0.209 0.205 0.969
2006.6397 70.47 -157.41 0.185 0.166 -1.448 0.179 0.175 0.832
2006.6671 70.47 -157.41 0.508 0.076 0.302 0.164 0.160 0.764
2006.6945 70.47 -157.41 0.367 -0.088 0.176 0.207 0.203 0.961
2006.7219 70.47 -157.41 0.158 -0.190 2.079 0.197 0.192 0.915
2006.7493 70.47 -157.41 0.340 -0.209 1.463 0.233 0.227 1.078
2006.7767 70.47 -157.41 0.535 -0.264 3.426 0.202 0.197 0.936
2006.8041 70.47 -157.41 0.528 -0.220 1.737 0.164 0.160 0.765
2006.8315 70.47 -157.41 0.417 0.006 1.531 0.190 0.185 0.880
2006.8589 70.47 -157.41 0.057 -0.146 2.295 0.185 0.180 0.860
2006.8863 70.47 -157.41 0.226 -0.203 1.545 0.178 0.173 0.829
2006.9137 70.47 -157.41 0.299 -0.409 -2.840 0.174 0.169 0.811
2006.9411 70.47 -157.41 0.036 0.176 0.182 0.172 0.166 0.800
2006.9685 70.47 -157.41 0.012 -0.074 -0.311 0.173 0.166 0.804
2006.9959 70.47 -157.41 -0.312 0.012 0.449 0.173 0.167 0.809
2007.0233 70.47 -157.41 -0.179 0.165 -0.056 0.162 0.155 0.758
2007.0507 70.47 -157.41 0.255 0.032 1.176 0.169 0.162 0.788
2007.0781 70.47 -157.41 -0.139 0.568 2.103 0.169 0.164 0.790
2007.1055 70.47 -157.41 -0.281 0.459 0.053 0.152 0.147 0.711
2007.1329 70.47 -157.41 -0.154 0.108 -2.230 0.166 0.160 0.772
2007.1603 70.47 -157.41 -0.176 0.335 -2.014 0.157 0.152 0.733
2007.1877 70.47 -157.41 -0.803 -0.070 -4.169 0.200 0.194 0.925
2007.2151 70.47 -157.41 -0.808 0.303 -0.741 0.179 0.173 0.829
2007.2425 70.47 -157.41 -0.798 0.056 2.137 0.172 0.167 0.798
2007.2699 70.47 -157.41 -0.769 0.390 3.643 0.139 0.134 0.653
2007.2973 70.47 -157.41 -0.792 0.262 1.490 0.132 0.127 0.619
2007.3247 70.47 -157.41 -0.893 0.249 1.033 0.159 0.154 0.739
2007.3521 70.47 -157.41 -0.601 0.247 0.622 0.173 0.168 0.803
2007.3795 70.47 -157.41 -0.638 0.366 0.419 0.181 0.176 0.838
2007.4068 70.47 -157.41 -0.087 0.314 -0.268 0.152 0.147 0.710
2007.4342 70.47 -157.41 0.486 0.296 -1.313 0.146 0.141 0.683
2007.4616 70.47 -157.41 0.524 0.279 -2.181 0.188 0.183 0.874
2007.4890 70.47 -157.41 0.482 0.493 -1.208 0.148 0.143 0.691
2007.5164 70.47 -157.41 0.196 0.451 -0.410 0.155 0.150 0.722
2007.5438 70.47 -157.41 0.358 0.174 0.462 0.150 0.145 0.702
2007.5712 70.47 -157.41 0.216 0.304 0.381 0.155 0.149 0.722
2007.5986 70.47 -157.41 0.292 0.289 2.210 0.188 0.182 0.872
2007.6260 70.47 -157.41 0.294 0.059 2.660 0.155 0.150 0.723
2007.6534 70.47 -157.41 0.309 -0.160 0.970 0.157 0.152 0.735
2007.6808 70.47 -157.41 0.178 0.376 2.624 0.166 0.160 0.774
2007.7082 70.47 -157.41 0.317 0.181 2.200 0.126 0.120 0.596
2007.7356 70.47 -157.41 0.750 -0.295 2.331 0.171 0.165 0.795
2007.7630 70.47 -157.41 0.862 -0.545 0.717 0.134 0.128 0.633
2007.7904 70.47 -157.41 1.115 -0.378 0.816 0.167 0.161 0.778
2007.8178 70.47 -157.41 0.840 -0.515 0.989 0.191 0.185 0.884
2007.8452 70.47 -157.41 0.956 -0.526 1.329 0.157 0.152 0.735
2007.8726 70.47 -157.41 0.542 -0.523 2.374 0.182 0.176 0.848
2007.9000 70.47 -157.41 0.409 -0.237 2.999 0.197 0.190 0.917
2007.9274 70.47 -157.41 0.512 -0.540 1.944 0.188 0.182 0.874
2007.9548 70.47 -157.41 0.542 0.046 1.227 0.142 0.138 0.668
2007.9822 70.47 -157.41 0.398 -0.103 1.388 0.173 0.168 0.808
2008.0096 70.47 -157.41 0.343 -0.216 1.115 0.152 0.148 0.713
2008.0370 70.47 -157.41 0.153 -0.061 0.746 0.156 0.152 0.729
2008.0644 70.47 -157.41 -0.208 0.112 -0.109 0.178 0.174 0.830
2008.0918 70.47 -157.41 0.159 -0.096 1.040 0.145 0.141 0.683
2008.1192 70.47 -157.41 0.028 0.105 1.140 0.168 0.164 0.785
2008.1466 70.47 -157.41 0.075 0.361 1.534 0.194 0.190 0.904
2008.1740 70.47 -157.41 -0.154 0.399 0.916 0.171 0.166 0.798
2008.2014 70.47 -157.41 -0.747 0.279 0.293 0.182 0.178 0.845
2008.2288 70.47 -157.41 -0.545 0.712 3.378 0.215 0.209 1.001
2008.2562 70.47 -157.41 -0.570 0.616 2.607 0.200 0.195 0.929
2008.2836 70.47 -157.41 -0.752 0.424 0.868 0.240 0.234 1.113
2008.3110 70.47 -157.41 -0.455 0.451 0.109 0.247 0.241 1.143
2008.3384 70.47 -157.41 -0.120 0.315 -0.855 0.183 0.178 0.852
2008.3658 70.47 -157.41 -0.163 0.584 -0.292 0.188 0.183 0.875
2008.3932 70.47 -157.41 0.265 0.486 -1.223 0.172 0.167 0.806
2008.4205 70.47 -157.41 0.063 0.130 -0.689 0.151 0.146 0.709
2008.4479 70.47 -157.41 0.318 0.123 0.194 0.153 0.148 0.714
2008.4753 70.47 -157.41 0.335 0.015 -0.427 0.149 0.144 0.697
2008.5027 70.47 -157.41 0.433 0.260 0.465 0.183 0.177 0.849
2008.5301 70.47 -157.41 0.159 0.382 0.458 0.226 0.219 1.048
2008.5575 70.47 -157.41 0.034 0.311 1.623 0.150 0.144 0.703
2008.5849 70.47 -157.41 0.249 -0.051 0.097 0.167 0.161 0.774
2008.6123 70.47 -157.41 0.150 -0.102 -0.172 0.142 0.136 0.663
2008.6397 70.47 -157.41 -0.028 -0.061 1.116 0.154 0.148 0.719
2008.6671 70.47 -157.41 0.163 -0.167 1.152 0.148 0.142 0.692
2008.6945 70.47 -157.41 0.728 -0.284 1.110 0.144 0.138 0.674
2008.7219 70.47 -157.41 0.748 -0.277 0.868 0.163 0.157 0.759
2008.7493 70.47 -157.41 0.777 -0.232 0.223 0.148 0.143 0.691
2008.7767 70.47 -157.41 0.871 -0.209 -0.354 0.170 0.165 0.793
2008.8041 70.47 -157.41 0.457 -0.216 -0.795 0.171 0.166 0.795
2008.8315 70.47 -157.41 0.563 -0.133 2.079 0.193 0.188 0.898
2008.8589 70.47 -157.41 0.592 -0.141 1.075 0.225 0.219 1.042
2008.8863 70.47 -157.41 0.667 -0.134 0.992 0.216 0.210 1.001
2008.9137 70.47 -157.41 0.125 -0.129 1.932 0.205 0.200 0.952
2008.9411 70.47 -157.41 0.067 0.055 2.600 0.215 0.210 1.001
2008.9685 70.47 -157.41 -0.049 0.156 1.748 0.202 0.196 0.939
2008.9945 70.47 -157.41 0.170 0.451 2.840 0.170 0.166 0.794
2009.0205 70.47 -157.41 0.030 0.489 2.157 0.167 0.162 0.777
2009.0479 70.47 -157.41 -0.182 0.064 1.302 0.167 0.163 0.780
2009.0753 70.47 -157.41 -0.126 0.022 -1.402 0.161 0.157 0.754
2009.1027 70.47 -157.41 0.041 0.422 -0.687 0.199 0.194 0.925
2009.1301 70.47 -157.41 -0.189 0.794 -0.102 0.160 0.155 0.747
2009.1575 70.47 -157.41 -0.380 0.514 -1.750 0.163 0.158 0.762
2009.1849 70.47 -157.41 -0.818 0.328 -1.933 0.185 0.180 0.858
2009.2123 70.47 -157.41 -0.687 0.333 -2.332 0.163 0.158 0.763
2009.2397 70.47 -157.41 -0.838 0.511 -0.149 0.181 0.176 0.842
2009.2671 70.47 -157.41 -0.474 0.977 1.306 0.152 0.148 0.712
2009.2945 70.47 -157.41 -0.487 0.699 -0.392 0.156 0.151 0.728
2009.3219 70.47 -157.41 -0.897 0.387 -1.848 0.163 0.158 0.760
2009.3493 70.47 -157.41 -0.996 0.426 -1.555 0.151 0.146 0.704
2009.3767 70.47 -157.41 -0.429 0.524 -4.405 0.158 0.153 0.739
2009.4041 70.47 -157.41 -0.255 0.225 -2.320 0.141 0.136 0.661
2009.4315 70.47 -157.41 -0.059 0.327 -2.181 0.160 0.155 0.746
2009.4589 70.47 -157.41 0.655 -0.080 -2.476 0.138 0.133 0.647
2009.4863 70.47 -157.41 0.568 -0.059 -0.652 0.152 0.146 0.709
2009.5137 70.47 -157.41 0.391 0.194 0.837 0.148 0.142 0.693
2009.5411 70.47 -157.41 0.628 0.212 0.095 0.179 0.172 0.833
2009.5685 70.47 -157.41 0.289 0.172 2.115 0.193 0.186 0.899
2009.5959 70.47 -157.41 0.764 0.233 1.987 0.170 0.163 0.793
2009.6233 70.47 -157.41 0.883 -0.158 1.993 0.174 0.168 0.810
2009.6507 70.47 -157.41 0.770 -0.141 0.516 0.167 0.162 0.780
2009.6781 70.47 -157.41 0.499 0.313 0.209 0.178 0.172 0.827
2009.7055 70.47 -157.41 0.574 -0.294 0.530 0.183 0.178 0.850
2009.7329 70.47 -157.41 0.372 -0.295 -0.656 0.177 0.171 0.824
2009.7603 70.47 -157.41 0.958 -0.399 0.394 0.201 0.196 0.934
2009.7877 70.47 -157.41 0.846 -0.212 -0.338 0.186 0.180 0.864
2009.8151 70.47 -157.41 0.933 -0.368 -0.158 0.198 0.193 0.920
2009.8425 70.47 -157.41 0.870 -0.333 1.133 0.181 0.176 0.841
2009.8699 70.47 -157.41 0.683 -0.266 2.083 0.173 0.168 0.806
2009.8973 70.47 -157.41 0.571 -0.289 0.059 0.162 0.157 0.756
2009.9247 70.47 -157.41 0.275 -0.169 0.144 0.165 0.159 0.772
2009.9521 70.47 -157.41 0.510 -0.145 0.561 0.152 0.147 0.713
2009.9795 70.47 -157.41 0.311 -0.232 0.270 0.157 0.152 0.734
2010.0068 70.47 -157.41 0.321 0.489 0.490 0.195 0.190 0.907
2010.0342 70.47 -157.41 0.384 0.376 -1.401 0.154 0.150 0.723
2010.0616 70.47 -157.41 -0.036 -0.267 -3.112 0.158 0.153 0.740
2010.0890 70.47 -157.41 0.070 -0.284 -1.179 0.187 0.182 0.867
2010.1164 70.47 -157.41 0.152 -0.119 -1.380 0.193 0.188 0.895
2010.1438 70.47 -157.41 -0.349 -0.462 -1.969 0.187 0.182 0.871
2010.1712 70.47 -157.41 -0.254 -0.207 0.362 0.179 0.174 0.836
2010.1986 70.47 -157.41 -0.160 0.441 -1.402 0.172 0.167 0.802
2010.2260 70.47 -157.41 -0.395 -0.044 -1.075 0.188 0.182 0.874
2010.2534 70.47 -157.41 -0.292 -0.135 -1.164 0.195 0.189 0.905
2010.2808 70.47 -157.41 -0.297 0.335 0.071 0.152 0.147 0.711
2010.3082 70.47 -157.41 -0.517 0.405 -0.343 0.158 0.153 0.740
2010.3356 70.47 -157.41 -0.213 0.221 0.269 0.147 0.141 0.691
2010.3630 70.47 -157.41 -0.023 0.247 -1.145 0.156 0.150 0.732
2010.3904 70.47 -157.41 0.016 0.657 0.143 0.166 0.159 0.776
2010.4178 70.47 -157.41 0.351 0.047 -1.513 0.166 0.160 0.777
2010.4452 70.47 -157.41 0.838 0.248 -1.560 0.148 0.142 0.694
2010.4726 70.47 -157.41 0.432 0.130 0.233 0.134 0.129 0.635
2010.5000 70.47 -157.41 0.955 -0.045 -0.469 0.149 0.144 0.701
2010.5274 70.47 -157.41 1.217 0.315 -3.186 0.223 0.217 1.030
2010.5548 70.47 -157.41 0.581 0.083 0.482 0.146 0.141 0.684
2010.5822 70.47 -157.41 0.668 -0.290 0.681 0.133 0.128 0.623
2010.6096 70.47 -157.41 0.648 0.055 1.151 0.168 0.163 0.779
2010.6370 70.47 -157.41 0.867 -0.130 1.770 0.151 0.146 0.705
2010.6644 70.47 -157.41 0.826 -0.204 2.041 0.142 0.138 0.666
2010.6918 70.47 -157.41 0.746 -0.182 1.302 0.168 0.163 0.780
2010.7192 70.47 -157.41 0.962 0.066 2.907 0.157 0.152 0.731
2010.7466 70.47 -157.41 0.587 -0.090 3.039 0.180 0.175 0.836
2010.7740 70.47 -157.41 0.851 -0.109 2.897 0.150 0.145 0.702
2010.8014 70.47 -157.41 0.817 0.013 2.917 0.143 0.138 0.668
2010.8288 70.47 -157.41 0.747 -0.001 2.483 0.161 0.156 0.749
2010.8562 70.47 -157.41 0.699 -0.311 1.202 0.158 0.154 0.739
2010.8836 70.47 -157.41 0.542 -0.357 0.307 0.149 0.144 0.696
2010.9110 70.47 -157.41 0.633 -0.358 -1.066 0.161 0.156 0.750
2010.9384 70.47 -157.41 0.356 -0.390 0.136 0.167 0.162 0.776
2010.9658 70.47 -157.41 0.274 -0.275 0.795 0.182 0.177 0.845
2010.9932 70.47 -157.41 -0.302 -0.482 -0.266 0.183 0.163 0.839
2011.1027 70.47 -157.41 -0.062 0.167 2.020 0.164 0.156 0.772
2011.1301 70.47 -157.41 0.082 0.080 -2.492 0.219 0.212 1.013
2011.1575 70.47 -157.41 -0.176 0.351 -1.078 0.152 0.146 0.710
2011.1849 70.47 -157.41 -0.452 0.062 -0.277 0.125 0.119 0.592
2011.2123 70.47 -157.41 -0.697 0.147 -0.959 0.186 0.181 0.863
2011.2397 70.47 -157.41 -0.482 0.002 -2.348 0.192 0.187 0.890
2011.2671 70.47 -157.41 -0.744 0.506 -0.914 0.158 0.153 0.737
2011.2945 70.47 -157.41 -0.619 0.260 0.345 0.181 0.176 0.838
2011.3219 70.47 -157.41 -0.473 -0.173 -2.310 0.170 0.165 0.789
2011.3493 70.47 -157.41 -0.045 0.134 -2.810 0.154 0.150 0.721
2011.3767 70.47 -157.41 -0.231 0.568 -1.423 0.178 0.173 0.826
2011.4041 70.47 -157.41 0.030 -0.035 -2.168 0.160 0.155 0.746
2011.4315 70.47 -157.41 0.575 -0.314 -2.744 0.177 0.170 0.829
2011.5137 70.47 -157.41 0.530 0.143 1.306 0.156 0.149 0.728
2011.5411 70.47 -157.41 0.806 0.076 0.647 0.158 0.153 0.736
2011.5685 70.47 -157.41 0.551 0.141 0.778 0.156 0.151 0.730
2011.5959 70.47 -157.41 0.490 0.116 1.857 0.166 0.160 0.771
2011.6233 70.47 -157.41 0.598 -0.173 1.667 0.167 0.161 0.779
2011.6507 70.47 -157.41 0.735 -0.101 1.037 0.192 0.186 0.888
2011.6781 70.47 -157.41 0.722 -0.363 2.227 0.178 0.173 0.825
2011.7055 70.47 -157.41 0.605 -0.271 0.885 0.177 0.172 0.823
2011.7329 70.47 -157.41 0.831 -0.493 -0.558 0.202 0.197 0.937
2011.7603 70.47 -157.41 0.649 -0.590 0.692 0.175 0.170 0.815
2011.7877 70.47 -157.41 0.572 -0.571 0.994 0.186 0.181 0.860
2011.8151 70.47 -157.41 1.100 -0.684 -0.774 0.183 0.178 0.851
2011.8425 70.47 -157.41 0.757 -0.719 -0.568 0.197 0.191 0.909
2011.8699 70.47 -157.41 0.805 -1.107 -0.105 0.200 0.193 0.927
2011.9521 70.47 -157.41 0.112 -0.317 2.654 0.152 0.142 0.716
2011.9795 70.47 -157.41 0.210 -0.488 3.171 0.166 0.159 0.767
2012.0068 70.47 -157.41 0.157 -0.249 1.218 0.157 0.150 0.726
2012.0342 70.47 -157.41 0.005 0.035 0.804 0.187 0.179 0.860
2012.0616 70.47 -157.41 -0.115 -0.233 1.011 0.165 0.157 0.761
2012.0890 70.47 -157.41 -0.122 0.034 -0.263 0.165 0.157 0.760
2012.1164 70.47 -157.41 -0.113 -0.077 -1.493 0.163 0.155 0.754
2012.1438 70.47 -157.41 -1.077 -0.018 -0.598 0.169 0.161 0.781
2012.1712 70.47 -157.41 -0.626 0.304 0.748 0.164 0.156 0.761
2012.1986 70.47 -157.41 -0.641 0.058 1.579 0.150 0.143 0.697
2012.2260 70.47 -157.41 -0.632 0.340 1.524 0.152 0.145 0.703
2012.2534 70.47 -157.41 -0.304 0.352 -0.971 0.148 0.141 0.685
2012.2808 70.47 -157.41 -0.359 0.275 -1.695 0.138 0.131 0.643
2012.3082 70.47 -157.41 0.019 0.072 -0.509 0.188 0.166 0.855
2012.3904 70.47 -157.41 0.150 -0.014 -2.270 0.174 0.166 0.815
2012.4178 70.47 -157.41 0.367 0.014 -3.062 0.128 0.121 0.597
2012.4452 70.47 -157.41 0.448 0.264 -0.710 0.127 0.120 0.593
2012.4726 70.47 -157.41 0.506 -0.025 -1.458 0.136 0.129 0.635
2012.5000 70.47 -157.41 0.469 -0.271 -0.285 0.130 0.124 0.609
2012.5274 70.47 -157.41 0.153 0.026 1.207 0.138 0.131 0.640
2012.5548 70.47 -157.41 0.028 -0.303 0.794 0.137 0.130 0.638
2012.5822 70.47 -157.41 0.589 0.029 0.939 0.144 0.137 0.667
2012.6096 70.47 -157.41 0.368 -0.309 0.553 0.141 0.134 0.654
2012.6370 70.47 -157.41 0.421 -0.313 1.277 0.130 0.124 0.606
2012.6644 70.47 -157.41 0.208 -0.026 2.092 0.141 0.134 0.653
2012.6918 70.47 -157.41 0.228 -0.248 0.398 0.143 0.137 0.662
2012.7192 70.47 -157.41 0.173 -0.427 1.547 0.167 0.159 0.769
2012.7466 70.47 -157.41 0.211 -0.296 0.583 0.143 0.131 0.674
2012.8562 70.47 -157.41 0.023 -0.733 1.198 0.175 0.168 0.809
2012.8836 70.47 -157.41 0.155 -0.584 -0.564 0.157 0.152 0.728
2012.9110 70.47 -157.41 0.171 -0.525 0.998 0.149 0.144 0.693
2012.9384 70.47 -157.41 0.061 -0.282 1.054 0.147 0.142 0.688
2012.9658 70.47 -157.41 0.160 -0.603 0.443 0.158 0.154 0.735
2012.9918 70.47 -157.41 -0.065 -0.369 1.727 0.083 0.079 0.398
2013.0178 70.47 -157.41 -0.433 -0.258 -0.976 0.095 0.091 0.451
2013.0452 70.47 -157.41 -0.273 0.005 -1.086 0.095 0.091 0.452
2013.0726 70.47 -157.41 -0.355 0.189 0.117 0.088 0.084 0.421
2013.1000 70.47 -157.41 0.114 0.339 -1.040 0.091 0.086 0.430
2013.1274 70.47 -157.41 -0.466 0.426 -0.556 0.085 0.081 0.407
2013.1548 70.47 -157.41 -0.325 0.626 0.935 0.086 0.081 0.412
2013.2644 70.47 -157.41 -0.429 0.544 0.427 0.124 0.094 0.545
2013.2918 70.47 -157.41 -0.289 0.565 0.328 0.087 0.083 0.413
2013.3192 70.47 -157.41 -0.761 -0.045 -0.924 0.094 0.090 0.446
2013.3466 70.47 -157.41 -0.480 0.293 -0.261 0.096 0.092 0.455
2013.3740 70.47 -157.41 -0.852 -0.131 -1.515 0.084 0.080 0.400
2013.4014 70.47 -157.41 -0.826 -0.038 -1.664 0.086 0.082 0.411
2013.4288 70.47 -157.41 -0.400 -0.061 -1.266 0.078 0.074 0.374
2013.4562 70.47 -157.41 0.104 0.003 0.751 0.079 0.075 0.381
2013.4836 70.47 -157.41 0.080 0.179 0.221 0.080 0.077 0.387
2013.5110 70.47 -157.41 -0.113 0.066 0.722 0.089 0.085 0.425
2013.5384 70.47 -157.41 0.429 0.283 3.211 0.091 0.087 0.435
2013.5658 70.47 -157.41 0.346 0.067 2.368 0.092 0.088 0.437
2013.7575 70.47 -157.41 0.228 0.001 1.415 0.091 0.086 0.432
2013.7849 70.47 -157.41 0.496 0.037 1.980 0.092 0.088 0.439
2013.8123 70.47 -157.41 0.542 -0.114 -0.368 0.085 0.081 0.406
2013.8397 70.47 -157.41 0.486 0.063 0.530 0.086 0.081 0.408
2013.8671 70.47 -157.41 -0.014 -0.575 -1.221 0.092 0.087 0.437
2013.8945 70.47 -157.41 0.005 -0.242 0.260 0.085 0.081 0.407
2013.9219 70.47 -157.41 -0.014 -0.286 0.201 0.077 0.073 0.373
2013.9493 70.47 -157.41 0.274 -0.387 -0.769 0.081 0.077 0.390
2013.9767 70.47 -157.41 0.216 -0.601 -1.572 0.083 0.078 0.397
2014.0041 70.47 -157.41 0.147 -0.451 -1.405 0.080 0.075 0.384
2014.0315 70.47 -157.41 0.184 -0.009 -0.945 0.082 0.078 0.395
2014.1685 70.47 -157.41 -0.907 0.169 0.747 0.087 0.083 0.418
2014.1959 70.47 -157.41 -0.736 0.101 0.260 0.087 0.083 0.412
2014.2233 70.47 -157.41 -1.078 0.159 -0.046 0.083 0.079 0.396
2014.2507 70.47 -157.41 -0.748 -0.073 0.615 0.076 0.072 0.368
2014.2781 70.47 -157.41 -0.709 0.307 -0.091 0.080 0.076 0.386
2014.3055 70.47 -157.41 -0.475 0.062 -0.867 0.078 0.073 0.373
2014.3329 70.47 -157.41 -0.563 0.218 -0.142 0.065 0.061 0.321
2014.3603 70.47 -157.41 -0.162 0.069 -0.767 0.073 0.069 0.352
2014.3877 70.47 -157.41 -0.018 -0.236 -2.341 0.073 0.069 0.353
2014.4151 70.47 -157.41 -0.287 -0.208 -1.392 0.073 0.069 0.353
2014.4425 70.47 -157.41 0.334 -0.377 -2.220 0.077 0.073 0.371
2014.4699 70.47 -157.41 0.102 -0.435 1.691 0.077 0.073 0.371
2014.5795 70.47 -157.41 0.511 -0.168 -0.832 0.075 0.068 0.367
2014.6068 70.47 -157.41 0.626 -0.451 -1.075 0.069 0.065 0.337
2014.6342 70.47 -157.41 0.495 -0.403 -1.840 0.064 0.060 0.315
2014.6616 70.47 -157.41 0.354 -0.580 0.044 0.070 0.065 0.339
2014.6890 70.47 -157.41 0.699 -0.290 0.343 0.068 0.064 0.331
2014.7164 70.47 -157.41 0.937 -0.407 0.874 0.067 0.062 0.325
2014.7438 70.47 -157.41 0.812 -0.347 0.188 0.071 0.067 0.346
2014.7712 70.47 -157.41 0.846 -0.588 -1.001 0.071 0.067 0.343
2014.7986 70.47 -157.41 0.837 -0.412 -1.039 0.065 0.060 0.316
2014.8260 70.47 -157.41 0.827 -0.694 -1.569 0.065 0.060 0.316
2014.8534 70.47 -157.41 0.873 -0.794 -1.295 0.068 0.063 0.331
2014.8808 70.47 -157.41 1.059 -0.648 -2.411 0.069 0.063 0.332
2014.9082 70.47 -157.41 1.063 -0.479 -2.748 0.070 0.064 0.338
2015.0452 70.47 -157.41 -0.044 -0.386 1.087 0.056 0.050 0.280
2015.0726 70.47 -157.41 0.051 -0.610 0.241 0.061 0.054 0.295
2015.1000 70.47 -157.41 -0.478 -0.314 0.065 0.055 0.048 0.272
2015.1274 70.47 -157.41 -0.341 -0.310 1.289 0.051 0.045 0.256
2015.1548 70.47 -157.41 -0.325 -0.489 -0.882 0.059 0.052 0.286
2015.1822 70.47 -157.41 -0.617 0.222 0.862 0.055 0.049 0.273
2015.2096 70.47 -157.41 -0.264 -0.364 -1.006 0.071 0.063 0.336
2015.2370 70.47 -157.41 -0.541 -0.290 -1.585 0.075 0.068 0.353
2015.2644 70.47 -157.41 -0.655 -0.360 -1.490 0.066 0.060 0.317
2015.2918 70.47 -157.41 -0.394 -0.427 -1.706 0.066 0.060 0.321
2015.3192 70.47 -157.41 -0.545 -0.283 -1.309 0.064 0.058 0.310
2015.3466 70.47 -157.41 -0.379 -0.360 0.380 0.068 0.064 0.333
2015.4836 70.47 -157.41 0.703 -0.217 1.388 0.068 0.063 0.338
2015.5110 70.47 -157.41 0.798 -0.417 -1.275 0.064 0.058 0.318
2015.5384 70.47 -157.41 0.990 -0.553 0.636 0.068 0.064 0.334
2015.5658 70.47 -157.41 0.806 -0.488 2.943 0.067 0.063 0.329
2015.5932 70.47 -157.41 0.584 -0.617 1.286 0.070 0.065 0.338
2015.6205 70.47 -157.41 0.728 -0.784 -0.864 0.068 0.063 0.331
2015.6479 70.47 -157.41 0.712 -0.873 -0.598 0.066 0.061 0.322
2015.6753 70.47 -157.41 0.721 -0.762 0.308 0.064 0.060 0.315
2015.7027 70.47 -157.41 0.768 -0.968 0.238 0.069 0.064 0.335
2015.7301 70.47 -157.41 0.804 -0.979 0.069 0.069 0.065 0.337
2015.9493 70.47 -157.41 0.034 -1.137 2.398 0.066 0.062 0.325
2015.9767 70.47 -157.41 0.315 -0.363 0.804 0.069 0.065 0.335
2016.0041 70.47 -157.41 0.667 -1.122 -1.946 0.063 0.059 0.310
2016.0315 70.47 -157.41 0.180 -1.263 -3.293 0.060 0.056 0.298
2016.0589 70.47 -157.41 -0.154 -0.399 -0.886 0.062 0.058 0.304
2016.0863 70.47 -157.41 -0.223 -0.761 -2.105 0.056 0.052 0.282
2016.1137 70.47 -157.41 -0.334 -0.856 -1.209 0.062 0.059 0.308
2016.1411 70.47 -157.41 -0.371 -0.739 -1.190 0.072 0.069 0.351
2016.1685 70.47 -157.41 -0.283 -0.868 -0.773 0.077 0.074 0.370
2016.1959 70.47 -157.41 -0.096 -0.799 1.013 0.075 0.072 0.362
2016.2233 70.47 -157.41 -0.336 -0.220 2.698 0.075 0.072 0.363
2016.2507 70.47 -157.41 -0.443 -0.385 0.228 0.065 0.062 0.323
2016.3603 70.47 -157.41 0.212 -1.011 -1.014 0.060 0.057 0.299
2016.3877 70.47 -157.41 0.142 -0.471 0.488 0.070 0.066 0.341
2016.4151 70.47 -157.41 0.067 -0.522 1.369 0.070 0.065 0.338
2016.4425 70.47 -157.41 0.207 -0.738 2.179 0.073 0.070 0.355
2016.4699 70.47 -157.41 0.364 -0.382 1.335 0.072 0.068 0.348
