2002.5877 41.16 -73.21 -0.677 1.449 1.698 0.114 0.099 0.521
2002.6151 41.16 -73.21 -0.642 1.739 0.991 0.109 0.095 0.499
2002.6425 41.16 -73.21 -0.759 1.313 3.466 0.112 0.097 0.508
2002.6699 41.16 -73.21 -1.040 1.824 1.327 0.097 0.084 0.444
2002.6973 41.16 -73.21 -0.959 0.603 0.503 0.166 0.080 0.629
2002.7247 41.16 -73.21 -1.053 1.334 2.861 0.104 0.091 0.471
2002.7521 41.16 -73.21 -0.971 1.035 1.740 0.096 0.084 0.440
2002.7795 41.16 -73.21 -1.188 0.828 1.682 0.111 0.098 0.511
2002.8068 41.16 -73.21 -1.269 0.699 2.261 0.100 0.087 0.453
2002.8342 41.16 -73.21 -1.451 0.401 0.009 0.098 0.086 0.448
2002.8616 41.16 -73.21 -1.347 0.337 -0.801 0.102 0.077 0.448
2002.8890 41.16 -73.21 -0.957 0.299 -1.173 0.100 0.086 0.452
2002.9164 41.16 -73.21 -0.778 0.139 -0.729 0.107 0.091 0.485
2003.0260 41.16 -73.21 -0.499 -0.092 -1.528 0.121 0.103 0.550
2003.0534 41.16 -73.21 -0.148 0.035 -3.125 0.195 0.169 0.874
2003.0808 41.16 -73.21 -0.312 0.529 -0.595 0.175 0.145 0.782
2003.1082 41.16 -73.21 -0.500 -0.041 -3.042 0.102 0.086 0.467
2003.1356 41.16 -73.21 -0.496 -0.005 -5.380 0.095 0.079 0.436
2003.1630 41.16 -73.21 -0.084 -0.250 -2.370 0.101 0.085 0.460
2003.1904 41.16 -73.21 -0.286 -0.029 -1.874 0.118 0.098 0.535
2003.2178 41.16 -73.21 -0.044 -0.174 -1.657 0.099 0.084 0.454
2003.2452 41.16 -73.21 -0.154 -0.052 -1.489 0.097 0.083 0.443
2003.2726 41.16 -73.21 0.185 -0.054 -0.180 0.094 0.081 0.433
2003.3000 41.16 -73.21 -0.066 0.627 0.560 0.092 0.079 0.423
2003.3274 41.16 -73.21 0.135 -0.220 -1.246 0.120 0.103 0.545
2003.3548 41.16 -73.21 -0.254 0.224 -0.794 0.130 0.115 0.592
2003.3822 41.16 -73.21 -0.142 0.211 -0.533 0.120 0.101 0.544
2003.5192 41.16 -73.21 -0.667 0.296 1.478 0.124 0.110 0.564
2003.5466 41.16 -73.21 -0.958 0.134 0.044 0.137 0.123 0.620
2003.5740 41.16 -73.21 -1.109 1.007 0.645 0.159 0.144 0.716
2003.6014 41.16 -73.21 -0.796 0.598 -0.249 0.137 0.123 0.620
2003.6288 41.16 -73.21 -1.129 0.770 0.798 0.130 0.116 0.590
2003.6562 41.16 -73.21 -1.085 0.779 -0.046 0.139 0.124 0.630
2003.6836 41.16 -73.21 -1.316 0.818 -0.102 0.137 0.123 0.620
2003.7110 41.16 -73.21 -1.292 0.642 1.871 0.109 0.095 0.493
2003.7384 41.16 -73.21 -1.436 0.766 -1.108 0.131 0.116 0.590
2003.7658 41.16 -73.21 -1.392 0.689 1.372 0.120 0.106 0.544
2003.7932 41.16 -73.21 -1.113 0.801 -0.673 0.134 0.119 0.603
2003.8205 41.16 -73.21 -1.097 0.534 -1.791 0.145 0.125 0.646
2003.8479 41.16 -73.21 -1.175 0.818 -1.863 0.129 0.107 0.568
2003.8753 41.16 -73.21 -0.888 0.542 -2.639 0.134 0.117 0.600
2003.9027 41.16 -73.21 -0.716 0.035 0.443 0.123 0.105 0.551
2003.9301 41.16 -73.21 -0.614 0.135 -3.534 0.128 0.109 0.571
2003.9575 41.16 -73.21 -0.553 0.207 -3.938 0.143 0.124 0.636
2003.9849 41.16 -73.21 -0.251 0.021 -1.613 0.136 0.116 0.603
2004.0123 41.16 -73.21 -0.593 0.304 -5.222 0.146 0.124 0.646
2004.0397 41.16 -73.21 -0.636 0.156 -1.809 0.125 0.102 0.555
2004.0945 41.16 -73.21 -0.375 -0.557 -2.511 0.117 0.095 0.518
2004.1219 41.16 -73.21 -0.314 -0.652 -1.582 0.124 0.102 0.544
2004.1493 41.16 -73.21 -0.315 -0.221 2.376 0.145 0.120 0.635
2004.1767 41.16 -73.21 -0.366 -0.360 2.577 0.154 0.129 0.673
2004.2041 41.16 -73.21 -0.158 -0.277 -1.428 0.127 0.103 0.553
2004.2315 41.16 -73.21 -0.373 0.022 1.469 0.129 0.105 0.561
2004.2589 41.16 -73.21 0.179 0.257 1.720 0.133 0.107 0.579
2004.2863 41.16 -73.21 0.171 -0.510 -0.413 0.134 0.107 0.580
2004.3137 41.16 -73.21 0.115 -0.504 -0.632 0.127 0.102 0.552
2004.3411 41.16 -73.21 -0.021 -0.338 1.576 0.140 0.111 0.601
2004.3685 41.16 -73.21 -0.111 -0.169 3.195 0.135 0.107 0.585
2004.3959 41.16 -73.21 0.279 -0.309 3.159 0.119 0.095 0.519
2004.4233 41.16 -73.21 0.026 -0.336 0.942 0.114 0.091 0.499
2004.4507 41.16 -73.21 0.088 -0.127 0.838 0.102 0.080 0.444
2004.4781 41.16 -73.21 -0.252 0.223 0.859 0.112 0.088 0.484
2004.5055 41.16 -73.21 -0.620 0.159 1.352 0.109 0.086 0.474
2004.5329 41.16 -73.21 -0.336 -0.028 1.474 0.103 0.081 0.451
2004.5603 41.16 -73.21 -0.345 0.420 2.961 0.106 0.083 0.461
2004.5877 41.16 -73.21 -0.631 0.091 -0.275 0.107 0.084 0.467
2004.6151 41.16 -73.21 -0.714 0.294 0.802 0.118 0.093 0.513
2004.6425 41.16 -73.21 -0.753 0.322 0.699 0.101 0.080 0.443
2004.6699 41.16 -73.21 -0.620 0.493 -0.650 0.101 0.080 0.445
2004.6973 41.16 -73.21 -0.653 0.341 -1.863 0.095 0.076 0.420
2004.7247 41.16 -73.21 -0.864 0.008 -1.440 0.109 0.086 0.475
2004.7521 41.16 -73.21 -1.017 0.215 -1.754 0.104 0.083 0.459
2004.7795 41.16 -73.21 -1.099 0.364 -0.052 0.102 0.080 0.445
2004.8068 41.16 -73.21 -1.107 0.162 -2.817 0.112 0.088 0.487
2004.8342 41.16 -73.21 -0.866 0.069 -3.957 0.111 0.087 0.481
2004.8616 41.16 -73.21 -1.020 0.369 -2.222 0.098 0.078 0.433
2004.8890 41.16 -73.21 -1.064 -0.017 -1.083 0.098 0.078 0.431
2004.9164 41.16 -73.21 -0.554 -0.051 -3.571 0.107 0.084 0.465
2004.9438 41.16 -73.21 -0.692 0.343 -2.777 0.118 0.095 0.519
2004.9712 41.16 -73.21 -0.443 -0.423 -1.796 0.107 0.084 0.464
2004.9973 41.16 -73.21 -0.533 0.203 -2.169 0.104 0.082 0.454
2005.0233 41.16 -73.21 -0.346 -0.452 -3.575 0.119 0.095 0.515
2005.0507 41.16 -73.21 -0.316 -0.348 -2.995 0.172 0.142 0.742
2005.0781 41.16 -73.21 -0.323 -0.292 -2.839 0.132 0.107 0.572
2005.1055 41.16 -73.21 -0.456 -0.361 -2.081 0.131 0.107 0.569
2005.1329 41.16 -73.21 -0.018 -0.318 -5.917 0.134 0.110 0.584
2005.1603 41.16 -73.21 -0.040 -0.943 -3.777 0.120 0.098 0.527
2005.1877 41.16 -73.21 0.299 -0.570 -0.413 0.122 0.097 0.530
2005.2151 41.16 -73.21 0.187 -0.716 0.622 0.115 0.092 0.504
2005.2425 41.16 -73.21 0.291 -0.700 -2.936 0.111 0.090 0.487
2005.2699 41.16 -73.21 0.317 -0.610 -2.212 0.118 0.096 0.518
2005.2973 41.16 -73.21 -0.059 -0.491 -0.053 0.124 0.102 0.545
2005.3247 41.16 -73.21 0.146 -0.855 -1.205 0.131 0.107 0.574
2005.3521 41.16 -73.21 0.083 -0.533 -0.476 0.058 0.049 0.278
2005.3795 41.16 -73.21 0.046 -0.520 0.266 0.123 0.101 0.541
2005.4068 41.16 -73.21 -0.109 -0.549 0.609 0.113 0.093 0.500
2005.4342 41.16 -73.21 -0.323 -0.168 0.221 0.129 0.107 0.573
2005.4616 41.16 -73.21 -0.100 0.031 1.437 0.117 0.097 0.520
2005.4890 41.16 -73.21 -0.114 0.436 2.086 0.111 0.092 0.494
2005.5164 41.16 -73.21 -0.496 0.275 2.891 0.111 0.092 0.494
2005.5438 41.16 -73.21 -0.762 0.374 0.311 0.120 0.101 0.533
2005.5712 41.16 -73.21 -0.788 0.154 0.912 0.130 0.110 0.578
2005.5986 41.16 -73.21 -1.045 0.721 0.373 0.133 0.113 0.590
2005.6260 41.16 -73.21 -0.871 0.225 2.134 0.118 0.100 0.526
2005.6534 41.16 -73.21 -1.047 0.907 2.033 0.124 0.106 0.552
2005.6808 41.16 -73.21 -0.888 0.692 1.822 0.122 0.104 0.544
2005.7082 41.16 -73.21 -0.890 0.744 3.039 0.146 0.127 0.652
2005.7356 41.16 -73.21 -0.992 0.920 3.760 0.129 0.111 0.576
2005.7630 41.16 -73.21 -0.897 0.389 1.167 0.129 0.112 0.579
2005.7904 41.16 -73.21 -0.424 0.508 -0.821 0.122 0.105 0.545
2005.8178 41.16 -73.21 -0.612 0.288 -0.169 0.125 0.108 0.559
2005.8452 41.16 -73.21 -0.691 0.081 0.111 0.134 0.116 0.599
2005.8726 41.16 -73.21 -0.550 0.560 0.211 0.116 0.100 0.521
2005.9000 41.16 -73.21 -0.149 0.467 -0.580 0.113 0.098 0.510
2005.9274 41.16 -73.21 -0.364 0.069 -0.775 0.120 0.097 0.534
2005.9548 41.16 -73.21 -0.329 0.350 -1.490 0.117 0.098 0.548
2005.9822 41.16 -73.21 -0.181 0.078 -0.532 0.113 0.094 0.510
2006.0096 41.16 -73.21 -0.114 0.449 -1.303 0.122 0.104 0.547
2006.0370 41.16 -73.21 0.047 -0.076 -0.251 0.152 0.132 0.682
2006.0644 41.16 -73.21 0.251 -0.013 -1.470 0.155 0.134 0.694
2006.0918 41.16 -73.21 0.405 0.067 -1.527 0.153 0.134 0.688
2006.1192 41.16 -73.21 0.425 -0.531 -2.586 0.173 0.153 0.774
2006.1466 41.16 -73.21 0.528 0.100 -1.572 0.136 0.120 0.615
2006.1740 41.16 -73.21 0.366 0.011 -0.682 0.152 0.136 0.685
2006.2014 41.16 -73.21 0.501 -0.231 -2.287 0.119 0.105 0.539
2006.2288 41.16 -73.21 0.454 -0.296 -1.316 0.153 0.138 0.690
2006.2562 41.16 -73.21 0.328 -0.439 -0.847 0.143 0.129 0.647
2006.2836 41.16 -73.21 0.287 -0.478 0.102 0.140 0.127 0.635
2006.3110 41.16 -73.21 0.588 -0.494 1.600 0.150 0.135 0.677
2006.3384 41.16 -73.21 0.034 0.005 1.669 0.136 0.123 0.615
2006.3658 41.16 -73.21 0.259 0.100 -0.166 0.150 0.137 0.680
2006.3932 41.16 -73.21 0.182 0.495 1.080 0.148 0.134 0.670
2006.4205 41.16 -73.21 0.203 0.300 2.700 0.149 0.135 0.674
2006.4479 41.16 -73.21 0.399 0.335 1.352 0.164 0.144 0.737
2006.4753 41.16 -73.21 -0.133 0.054 1.553 0.165 0.149 0.748
2006.5027 41.16 -73.21 -0.132 0.541 -2.397 0.171 0.156 0.776
2006.5301 41.16 -73.21 -0.181 0.171 -0.322 0.202 0.186 0.917
2006.5575 41.16 -73.21 -0.449 0.636 0.589 0.162 0.148 0.734
2006.5849 41.16 -73.21 -0.234 0.877 1.677 0.166 0.152 0.755
2006.6123 41.16 -73.21 -0.778 0.769 2.276 0.203 0.189 0.921
2006.6397 41.16 -73.21 -0.632 0.459 1.270 0.173 0.159 0.785
2006.6671 41.16 -73.21 -1.041 0.599 1.229 0.158 0.144 0.716
2006.6945 41.16 -73.21 -0.985 1.104 1.047 0.201 0.185 0.907
2006.7219 41.16 -73.21 -1.012 0.489 -0.112 0.189 0.172 0.855
2006.7493 41.16 -73.21 -0.717 0.723 1.047 0.225 0.205 1.014
2006.7767 41.16 -73.21 -0.856 0.836 2.290 0.195 0.179 0.881
2006.8041 41.16 -73.21 -0.483 0.563 -0.044 0.158 0.143 0.715
2006.8315 41.16 -73.21 -0.430 0.830 -1.856 0.183 0.167 0.827
2006.8589 41.16 -73.21 -0.463 0.474 -2.904 0.178 0.162 0.805
2006.8863 41.16 -73.21 -0.311 0.161 -0.442 0.171 0.155 0.774
2006.9137 41.16 -73.21 -0.234 0.132 -1.721 0.167 0.150 0.753
2006.9411 41.16 -73.21 -0.252 -0.061 -1.462 0.164 0.147 0.741
2006.9685 41.16 -73.21 -0.155 0.081 -0.001 0.164 0.145 0.737
2006.9959 41.16 -73.21 -0.122 0.285 -0.435 0.164 0.142 0.733
2007.0233 41.16 -73.21 -0.094 -0.291 0.084 0.152 0.130 0.683
2007.0507 41.16 -73.21 -0.022 -0.083 -1.531 0.159 0.137 0.711
2007.0781 41.16 -73.21 0.207 -0.160 -0.878 0.162 0.144 0.730
2007.1055 41.16 -73.21 0.339 -0.128 2.374 0.145 0.129 0.655
2007.1329 41.16 -73.21 0.604 -0.243 1.551 0.158 0.140 0.712
2007.1603 41.16 -73.21 0.089 -0.286 -0.264 0.150 0.134 0.678
2007.1877 41.16 -73.21 0.463 -0.697 3.190 0.192 0.176 0.869
2007.2151 41.16 -73.21 0.414 -0.005 -0.353 0.172 0.156 0.776
2007.2425 41.16 -73.21 0.254 -0.683 -0.399 0.165 0.150 0.747
2007.2699 41.16 -73.21 0.674 -0.018 0.344 0.132 0.118 0.601
2007.2973 41.16 -73.21 0.605 -0.235 -0.772 0.125 0.111 0.568
2007.3247 41.16 -73.21 0.816 -0.370 -1.345 0.152 0.137 0.689
2007.3521 41.16 -73.21 0.510 -0.159 0.020 0.166 0.151 0.752
2007.3795 41.16 -73.21 0.019 0.165 0.074 0.174 0.159 0.788
2007.4068 41.16 -73.21 0.095 -0.150 2.251 0.145 0.132 0.660
2007.4342 41.16 -73.21 0.572 0.365 2.016 0.139 0.125 0.633
2007.4616 41.16 -73.21 0.071 0.114 2.615 0.182 0.167 0.823
2007.4890 41.16 -73.21 -0.103 0.303 0.489 0.141 0.125 0.637
2007.5164 41.16 -73.21 -0.302 0.420 1.664 0.148 0.134 0.671
2007.5438 41.16 -73.21 -0.367 0.846 1.986 0.144 0.129 0.651
2007.5712 41.16 -73.21 -0.407 0.389 3.499 0.148 0.133 0.669
2007.5986 41.16 -73.21 -0.422 0.548 5.690 0.180 0.163 0.814
2007.6260 41.16 -73.21 -0.499 0.312 5.389 0.148 0.132 0.668
2007.6534 41.16 -73.21 -0.772 0.916 4.197 0.150 0.134 0.679
2007.6808 41.16 -73.21 -0.484 0.850 3.892 0.158 0.141 0.714
2007.7082 41.16 -73.21 -0.786 0.794 3.004 0.118 0.102 0.538
2007.7356 41.16 -73.21 -0.753 0.930 3.225 0.162 0.144 0.732
2007.7630 41.16 -73.21 -0.863 1.067 1.984 0.126 0.109 0.572
2007.7904 41.16 -73.21 -0.544 1.321 1.075 0.159 0.143 0.720
2007.8178 41.16 -73.21 -0.612 0.855 -0.224 0.183 0.166 0.825
2007.8452 41.16 -73.21 -0.416 0.868 -0.891 0.150 0.133 0.678
2007.8726 41.16 -73.21 -0.299 0.607 -1.403 0.174 0.156 0.786
2007.9000 41.16 -73.21 -0.371 0.745 0.347 0.186 0.161 0.828
2007.9274 41.16 -73.21 -0.256 0.790 0.572 0.180 0.163 0.815
2007.9548 41.16 -73.21 -0.071 0.292 0.723 0.136 0.122 0.617
2007.9822 41.16 -73.21 -0.200 -0.017 -1.529 0.166 0.151 0.754
2008.0096 41.16 -73.21 0.217 0.369 0.433 0.146 0.132 0.664
2008.0370 41.16 -73.21 0.149 0.114 1.087 0.150 0.137 0.682
2008.0644 41.16 -73.21 0.142 0.154 -0.069 0.172 0.158 0.782
2008.0918 41.16 -73.21 0.318 -0.196 0.082 0.139 0.125 0.634
2008.1192 41.16 -73.21 0.614 0.298 -0.753 0.162 0.149 0.737
2008.1466 41.16 -73.21 0.751 -0.767 -0.711 0.188 0.173 0.854
2008.1740 41.16 -73.21 0.714 -0.547 -0.908 0.165 0.151 0.749
2008.2014 41.16 -73.21 1.141 -0.358 -3.425 0.176 0.163 0.800
2008.2288 41.16 -73.21 0.868 -0.560 -0.829 0.206 0.187 0.937
2008.2562 41.16 -73.21 0.968 -0.475 -0.905 0.192 0.176 0.872
2008.2836 41.16 -73.21 1.147 -0.558 -0.550 0.231 0.211 1.045
2008.3110 41.16 -73.21 0.776 -0.524 -3.001 0.238 0.218 1.077
2008.3384 41.16 -73.21 0.712 -0.393 0.659 0.176 0.161 0.799
2008.3658 41.16 -73.21 0.491 -0.389 -2.557 0.180 0.164 0.817
2008.3932 41.16 -73.21 0.487 -0.540 -0.083 0.165 0.148 0.747
2008.4205 41.16 -73.21 0.245 0.028 2.822 0.144 0.129 0.654
2008.4479 41.16 -73.21 0.471 -0.146 4.713 0.146 0.131 0.662
2008.4753 41.16 -73.21 0.131 -0.282 4.785 0.142 0.127 0.643
2008.5027 41.16 -73.21 0.302 0.071 5.466 0.174 0.155 0.783
2008.5301 41.16 -73.21 0.073 0.092 5.419 0.215 0.193 0.971
2008.5575 41.16 -73.21 -0.236 0.504 3.520 0.142 0.124 0.639
2008.5849 41.16 -73.21 0.376 0.260 3.690 0.159 0.142 0.716
2008.6123 41.16 -73.21 0.073 0.399 0.743 0.134 0.117 0.604
2008.6397 41.16 -73.21 0.075 0.220 1.879 0.146 0.129 0.659
2008.6671 41.16 -73.21 -0.318 0.439 1.501 0.140 0.124 0.634
2008.6945 41.16 -73.21 -0.674 0.112 0.192 0.136 0.119 0.614
2008.7219 41.16 -73.21 -0.707 0.064 1.849 0.155 0.139 0.702
2008.7493 41.16 -73.21 -0.561 0.432 0.163 0.141 0.126 0.638
2008.7767 41.16 -73.21 -0.487 0.527 1.557 0.163 0.148 0.739
2008.8041 41.16 -73.21 -0.605 0.227 1.572 0.164 0.150 0.744
2008.8315 41.16 -73.21 -0.485 0.232 -0.312 0.186 0.169 0.840
2008.8589 41.16 -73.21 -0.312 0.346 1.289 0.216 0.198 0.980
2008.8863 41.16 -73.21 -0.321 0.444 2.107 0.208 0.190 0.941
2008.9137 41.16 -73.21 -0.357 0.249 -0.616 0.197 0.181 0.896
2008.9411 41.16 -73.21 -0.086 0.291 -0.342 0.207 0.189 0.939
2008.9685 41.16 -73.21 -0.033 0.125 0.533 0.194 0.177 0.880
2008.9945 41.16 -73.21 0.550 -0.203 1.741 0.164 0.150 0.745
2009.0205 41.16 -73.21 0.470 0.031 -0.063 0.161 0.148 0.732
2009.0479 41.16 -73.21 0.126 0.160 -2.171 0.161 0.148 0.734
2009.0753 41.16 -73.21 0.483 -0.168 0.430 0.155 0.141 0.706
2009.1027 41.16 -73.21 0.597 -0.293 0.084 0.192 0.177 0.873
2009.1301 41.16 -73.21 0.702 -0.437 -0.806 0.153 0.140 0.699
2009.1575 41.16 -73.21 0.602 0.115 -0.427 0.157 0.143 0.714
2009.1849 41.16 -73.21 0.662 -0.425 0.756 0.178 0.165 0.812
2009.2123 41.16 -73.21 0.753 -0.048 0.920 0.155 0.138 0.702
2009.2397 41.16 -73.21 0.712 -0.759 -0.434 0.174 0.160 0.792
2009.2671 41.16 -73.21 0.778 -0.379 1.892 0.146 0.133 0.665
2009.2945 41.16 -73.21 0.770 -0.484 1.011 0.150 0.137 0.681
2009.3219 41.16 -73.21 0.900 -0.269 1.557 0.156 0.142 0.711
2009.3493 41.16 -73.21 0.580 -0.300 3.000 0.144 0.130 0.654
2009.3767 41.16 -73.21 0.747 -0.648 4.299 0.151 0.137 0.686
2009.4041 41.16 -73.21 0.757 -0.171 2.592 0.134 0.120 0.609
2009.4315 41.16 -73.21 0.566 0.285 1.784 0.153 0.138 0.693
2009.4589 41.16 -73.21 0.690 0.424 -0.778 0.131 0.116 0.593
2009.4863 41.16 -73.21 0.320 0.309 -2.285 0.144 0.128 0.651
2009.5137 41.16 -73.21 0.363 0.340 -0.482 0.139 0.120 0.626
2009.5411 41.16 -73.21 0.272 0.040 -0.156 0.170 0.150 0.765
2009.5685 41.16 -73.21 0.226 0.249 -0.833 0.183 0.161 0.823
2009.5959 41.16 -73.21 0.296 -0.087 -1.330 0.161 0.141 0.724
2009.6233 41.16 -73.21 -0.106 0.487 -1.006 0.165 0.147 0.746
2009.6507 41.16 -73.21 -0.155 -0.308 -0.115 0.159 0.142 0.718
2009.6781 41.16 -73.21 0.014 0.121 0.085 0.170 0.152 0.766
2009.7055 41.16 -73.21 -0.590 0.459 -0.429 0.175 0.159 0.792
2009.7329 41.16 -73.21 -0.474 0.442 0.706 0.169 0.153 0.766
2009.7603 41.16 -73.21 -0.516 0.049 -1.693 0.193 0.175 0.872
2009.7877 41.16 -73.21 -0.636 0.404 -0.994 0.178 0.161 0.805
2009.8151 41.16 -73.21 -0.543 0.055 0.147 0.190 0.174 0.861
2009.8425 41.16 -73.21 -0.534 0.180 -3.883 0.173 0.158 0.785
2009.8699 41.16 -73.21 -0.645 0.125 -1.695 0.166 0.150 0.752
2009.8973 41.16 -73.21 -0.213 0.089 -0.932 0.155 0.141 0.704
2009.9247 41.16 -73.21 -0.371 0.316 -3.905 0.156 0.138 0.706
2009.9521 41.16 -73.21 -0.190 -0.446 -0.203 0.145 0.131 0.661
2009.9795 41.16 -73.21 -0.451 -0.391 -3.283 0.150 0.135 0.680
2010.0068 41.16 -73.21 0.457 -0.757 -3.600 0.188 0.172 0.851
2010.0342 41.16 -73.21 0.344 -0.080 -0.228 0.148 0.133 0.671
2010.0616 41.16 -73.21 0.337 -0.235 -2.730 0.151 0.136 0.686
2010.0890 41.16 -73.21 0.272 -0.527 -2.977 0.179 0.164 0.813
2010.1164 41.16 -73.21 0.209 -0.365 -3.501 0.185 0.170 0.840
2010.1438 41.16 -73.21 0.232 -1.246 -0.506 0.179 0.162 0.812
2010.1712 41.16 -73.21 0.473 -0.363 -3.207 0.172 0.155 0.777
2010.1986 41.16 -73.21 0.103 -0.412 -2.455 0.165 0.148 0.745
2010.2260 41.16 -73.21 0.154 -0.364 -1.462 0.180 0.162 0.813
2010.2534 41.16 -73.21 0.338 -0.627 -1.631 0.186 0.167 0.839
2010.2808 41.16 -73.21 0.385 -0.331 -0.537 0.144 0.128 0.652
2010.3082 41.16 -73.21 0.111 -0.371 1.903 0.151 0.134 0.681
2010.3356 41.16 -73.21 0.201 -0.114 1.726 0.139 0.121 0.628
2010.3630 41.16 -73.21 0.325 -0.201 2.459 0.148 0.129 0.666
2010.3904 41.16 -73.21 0.257 -0.387 0.583 0.154 0.126 0.680
2010.4178 41.16 -73.21 0.551 -0.296 0.850 0.157 0.137 0.706
2010.4452 41.16 -73.21 0.136 -0.276 0.244 0.140 0.121 0.631
2010.4726 41.16 -73.21 -0.017 0.004 1.484 0.126 0.109 0.573
2010.5000 41.16 -73.21 0.118 0.094 2.091 0.141 0.124 0.639
2010.5274 41.16 -73.21 -0.143 -0.022 2.175 0.214 0.196 0.968
2010.5548 41.16 -73.21 -0.021 0.026 2.608 0.139 0.125 0.632
2010.5822 41.16 -73.21 0.092 -0.210 2.837 0.126 0.113 0.574
2010.6096 41.16 -73.21 -0.365 0.297 0.879 0.161 0.147 0.729
2010.6370 41.16 -73.21 -0.512 -0.023 1.603 0.144 0.131 0.656
2010.6644 41.16 -73.21 -0.575 0.246 1.110 0.136 0.123 0.617
2010.6918 41.16 -73.21 -0.259 0.255 0.355 0.161 0.148 0.732
2010.7192 41.16 -73.21 -0.409 0.537 -0.472 0.151 0.137 0.684
2010.7466 41.16 -73.21 -0.285 -0.202 -1.587 0.173 0.159 0.786
2010.7740 41.16 -73.21 -0.316 -0.021 0.990 0.144 0.130 0.653
2010.8014 41.16 -73.21 -0.254 0.187 0.774 0.137 0.123 0.621
2010.8288 41.16 -73.21 -0.102 0.285 -0.449 0.155 0.141 0.701
2010.8562 41.16 -73.21 -0.065 0.180 0.442 0.152 0.138 0.690
2010.8836 41.16 -73.21 -0.010 0.172 -1.850 0.142 0.128 0.646
2010.9110 41.16 -73.21 -0.045 -0.001 -2.021 0.154 0.140 0.700
2010.9384 41.16 -73.21 0.011 -0.479 -1.600 0.160 0.145 0.724
2010.9658 41.16 -73.21 0.071 -0.513 0.393 0.175 0.160 0.791
2010.9932 41.16 -73.21 0.136 -0.547 0.196 0.157 0.104 0.651
2011.1027 41.16 -73.21 0.183 -0.861 0.756 0.151 0.122 0.671
2011.1301 41.16 -73.21 0.398 -0.263 -3.516 0.210 0.190 0.945
2011.1575 41.16 -73.21 0.414 -0.495 0.407 0.144 0.127 0.650
2011.1849 41.16 -73.21 0.427 -0.607 -0.322 0.117 0.101 0.532
2011.2123 41.16 -73.21 0.823 -0.734 -2.029 0.178 0.162 0.806
2011.2397 41.16 -73.21 1.046 -0.603 -1.058 0.185 0.168 0.834
2011.2671 41.16 -73.21 0.901 -0.867 1.662 0.151 0.137 0.686
2011.2945 41.16 -73.21 0.899 -1.118 -1.438 0.174 0.159 0.787
2011.3219 41.16 -73.21 0.797 -0.974 0.572 0.163 0.149 0.740
2011.3493 41.16 -73.21 1.107 -0.480 -0.617 0.148 0.134 0.672
2011.3767 41.16 -73.21 0.540 -0.834 -2.562 0.171 0.156 0.775
2011.4041 41.16 -73.21 0.951 -0.939 0.299 0.153 0.138 0.693
2011.4315 41.16 -73.21 0.985 -0.087 -1.233 0.164 0.134 0.721
2011.5137 41.16 -73.21 0.456 -0.674 2.105 0.146 0.126 0.655
2011.5411 41.16 -73.21 0.361 -0.171 2.859 0.151 0.135 0.681
2011.5685 41.16 -73.21 -0.099 0.073 3.939 0.148 0.131 0.670
2011.5959 41.16 -73.21 -0.123 -0.072 3.859 0.158 0.141 0.712
2011.6233 41.16 -73.21 -0.183 -0.058 3.708 0.159 0.141 0.716
2011.6507 41.16 -73.21 -0.273 -0.022 2.373 0.184 0.166 0.827
2011.6781 41.16 -73.21 -0.311 -0.029 -1.916 0.170 0.154 0.769
2011.7055 41.16 -73.21 -0.219 0.274 -1.207 0.170 0.154 0.769
2011.7329 41.16 -73.21 -0.183 0.089 -0.111 0.195 0.179 0.880
2011.7603 41.16 -73.21 -0.382 -0.361 -1.690 0.169 0.154 0.762
2011.7877 41.16 -73.21 -0.261 0.294 -0.463 0.179 0.164 0.807
2011.8151 41.16 -73.21 -0.243 -0.185 0.056 0.176 0.160 0.794
2011.8425 41.16 -73.21 -0.316 -0.113 -0.838 0.189 0.173 0.853
2011.8699 41.16 -73.21 -0.101 -0.126 -1.361 0.187 0.163 0.832
2011.9521 41.16 -73.21 0.119 -0.367 -2.909 0.135 0.098 0.578
2011.9795 41.16 -73.21 -0.171 -0.567 -2.551 0.155 0.137 0.694
2012.0068 41.16 -73.21 0.238 -0.469 -0.364 0.145 0.126 0.648
2012.0342 41.16 -73.21 0.476 -0.773 -1.387 0.173 0.149 0.766
2012.0616 41.16 -73.21 0.377 -0.542 -0.427 0.152 0.130 0.672
2012.0890 41.16 -73.21 0.432 -0.275 -2.269 0.151 0.128 0.664
2012.1164 41.16 -73.21 0.285 -0.757 -1.491 0.149 0.124 0.653
2012.1438 41.16 -73.21 0.293 -0.565 -0.464 0.154 0.128 0.673
2012.1712 41.16 -73.21 0.593 -0.340 -0.467 0.149 0.121 0.650
2012.1986 41.16 -73.21 0.468 -0.364 -2.241 0.136 0.109 0.590
2012.2260 41.16 -73.21 0.304 -0.480 -0.578 0.137 0.111 0.597
2012.2534 41.16 -73.21 0.902 -0.174 -1.072 0.133 0.107 0.579
2012.2808 41.16 -73.21 0.838 -0.282 -1.360 0.124 0.100 0.541
2012.3082 41.16 -73.21 0.819 -0.303 0.382 0.161 0.103 0.660
2012.3904 41.16 -73.21 0.466 0.415 1.295 0.158 0.121 0.685
2012.4178 41.16 -73.21 0.414 -0.046 0.498 0.115 0.091 0.499
2012.4452 41.16 -73.21 0.422 -0.101 1.309 0.114 0.090 0.496
2012.4726 41.16 -73.21 0.253 0.218 1.936 0.122 0.097 0.531
2012.5000 41.16 -73.21 0.223 0.228 3.137 0.117 0.092 0.509
2012.5274 41.16 -73.21 0.059 0.637 2.705 0.124 0.098 0.538
2012.5548 41.16 -73.21 -0.066 0.477 4.633 0.123 0.098 0.537
2012.5822 41.16 -73.21 -0.258 0.566 3.804 0.130 0.105 0.565
2012.6096 41.16 -73.21 -0.416 0.507 2.755 0.128 0.105 0.558
2012.6370 41.16 -73.21 -0.459 0.773 3.293 0.118 0.097 0.519
2012.6644 41.16 -73.21 -0.620 0.716 3.819 0.128 0.107 0.563
2012.6918 41.16 -73.21 -0.779 0.510 2.136 0.131 0.111 0.579
2012.7192 41.16 -73.21 -0.493 0.733 1.492 0.155 0.136 0.688
2012.7466 41.16 -73.21 -0.464 0.557 3.499 0.125 0.089 0.531
2012.8562 41.16 -73.21 -0.437 0.372 -0.961 0.162 0.142 0.723
2012.8836 41.16 -73.21 -0.200 0.685 -2.366 0.149 0.136 0.675
2012.9110 41.16 -73.21 -0.133 0.831 -1.274 0.142 0.129 0.642
2012.9384 41.16 -73.21 -0.088 0.170 -2.521 0.140 0.124 0.630
2012.9658 41.16 -73.21 -0.101 0.580 -1.407 0.152 0.139 0.687
2012.9918 41.16 -73.21 0.149 0.279 -3.140 0.078 0.069 0.358
2013.0178 41.16 -73.21 0.064 0.019 0.661 0.090 0.081 0.413
2013.0452 41.16 -73.21 0.005 0.185 -0.482 0.090 0.080 0.412
2013.0726 41.16 -73.21 0.312 -0.177 0.428 0.083 0.074 0.382
2013.1000 41.16 -73.21 0.295 -0.367 1.202 0.085 0.076 0.391
2013.1274 41.16 -73.21 0.451 -0.488 0.529 0.080 0.071 0.367
2013.1548 41.16 -73.21 0.637 -0.281 0.684 0.078 0.064 0.353
2013.2644 41.16 -73.21 0.891 -0.141 -0.392 0.098 0.049 0.380
2013.2918 41.16 -73.21 0.893 -0.205 0.158 0.082 0.073 0.376
2013.3192 41.16 -73.21 0.663 -0.083 -0.637 0.089 0.081 0.411
2013.3466 41.16 -73.21 0.433 0.357 -2.316 0.092 0.083 0.421
2013.3740 41.16 -73.21 0.422 -0.236 1.134 0.079 0.071 0.366
2013.4014 41.16 -73.21 0.493 -0.420 -0.751 0.082 0.074 0.377
2013.4288 41.16 -73.21 0.543 -0.028 0.341 0.073 0.065 0.338
2013.4562 41.16 -73.21 0.450 0.132 -1.776 0.074 0.066 0.344
2013.4836 41.16 -73.21 0.653 -0.138 -0.888 0.076 0.068 0.351
2013.5110 41.16 -73.21 0.477 0.166 -1.763 0.085 0.076 0.389
2013.5384 41.16 -73.21 -0.025 0.162 -1.092 0.085 0.073 0.385
2013.5658 41.16 -73.21 0.317 0.138 -0.425 0.087 0.078 0.399
2013.7575 41.16 -73.21 -0.490 0.233 -1.310 0.085 0.073 0.386
2013.7849 41.16 -73.21 -0.387 0.404 -0.590 0.087 0.076 0.395
2013.8123 41.16 -73.21 0.017 -0.189 -0.303 0.080 0.069 0.364
2013.8397 41.16 -73.21 -0.146 0.263 0.311 0.080 0.070 0.368
2013.8671 41.16 -73.21 0.105 0.210 -0.045 0.086 0.075 0.392
2013.8945 41.16 -73.21 0.319 0.631 0.363 0.080 0.069 0.365
2013.9219 41.16 -73.21 0.311 0.116 0.118 0.072 0.062 0.331
2013.9493 41.16 -73.21 0.149 -0.149 -0.054 0.076 0.066 0.349
2013.9767 41.16 -73.21 0.507 0.015 -2.088 0.077 0.067 0.354
2014.0041 41.16 -73.21 0.308 -0.726 -1.462 0.075 0.065 0.343
2014.0315 41.16 -73.21 0.816 -0.506 -1.968 0.077 0.067 0.353
2014.1685 41.16 -73.21 0.898 -0.710 0.053 0.082 0.071 0.374
2014.1959 41.16 -73.21 0.901 -0.276 -0.126 0.082 0.073 0.375
2014.2233 41.16 -73.21 0.888 -1.308 -0.926 0.078 0.069 0.358
2014.2507 41.16 -73.21 0.944 -0.546 -0.793 0.072 0.063 0.331
2014.2781 41.16 -73.21 0.657 -0.743 0.203 0.076 0.067 0.349
2014.3055 41.16 -73.21 0.659 -0.865 1.148 0.073 0.064 0.336
2014.3329 41.16 -73.21 0.882 -0.722 -0.684 0.061 0.053 0.283
2014.3603 41.16 -73.21 0.917 -0.456 0.794 0.068 0.060 0.316
2014.3877 41.16 -73.21 0.732 -0.895 0.816 0.068 0.060 0.316
2014.4151 41.16 -73.21 0.815 -0.288 -0.096 0.068 0.059 0.315
2014.4425 41.16 -73.21 0.458 -1.162 2.968 0.072 0.063 0.332
2014.4699 41.16 -73.21 0.844 0.320 -0.379 0.072 0.062 0.331
2014.5795 41.16 -73.21 0.546 0.124 0.035 0.066 0.052 0.302
2014.6068 41.16 -73.21 0.356 -0.289 -0.259 0.064 0.055 0.296
2014.6342 41.16 -73.21 0.240 0.068 -0.498 0.059 0.050 0.274
2014.6616 41.16 -73.21 -0.016 -0.069 0.498 0.065 0.056 0.299
2014.6890 41.16 -73.21 -0.021 0.075 -1.159 0.063 0.054 0.292
2014.7164 41.16 -73.21 -0.025 -0.329 -1.020 0.062 0.053 0.287
2014.7438 41.16 -73.21 -0.130 0.104 2.674 0.067 0.058 0.308
2014.7712 41.16 -73.21 0.070 0.239 2.137 0.066 0.057 0.304
2014.7986 41.16 -73.21 0.105 -0.178 2.043 0.059 0.050 0.276
2014.8260 41.16 -73.21 0.182 0.015 -1.120 0.059 0.050 0.275
2014.8534 41.16 -73.21 0.350 -0.091 -0.604 0.063 0.053 0.289
2014.8808 41.16 -73.21 0.391 -0.133 -1.686 0.063 0.053 0.289
2014.9082 41.16 -73.21 0.352 0.069 -1.487 0.064 0.054 0.294
2015.0452 41.16 -73.21 0.608 -0.178 -1.584 0.050 0.039 0.231
2015.0726 41.16 -73.21 0.592 -0.025 -2.710 0.054 0.041 0.244
2015.1000 41.16 -73.21 0.698 -0.629 -2.544 0.048 0.038 0.224
2015.1274 41.16 -73.21 0.734 -0.545 -3.341 0.045 0.035 0.211
2015.1548 41.16 -73.21 0.629 -0.752 -1.188 0.052 0.039 0.236
2015.1822 41.16 -73.21 0.811 -0.103 -1.531 0.049 0.038 0.225
2015.2096 41.16 -73.21 0.850 -0.906 -1.273 0.063 0.051 0.284
2015.2370 41.16 -73.21 0.927 -0.309 -0.146 0.068 0.057 0.309
2015.2644 41.16 -73.21 0.852 -1.262 -1.670 0.060 0.051 0.277
2015.2918 41.16 -73.21 1.086 -0.343 0.480 0.060 0.051 0.280
2015.3192 41.16 -73.21 1.052 -0.441 -0.555 0.058 0.050 0.271
2015.3466 41.16 -73.21 0.773 -0.464 2.056 0.063 0.053 0.291
2015.4836 41.16 -73.21 0.767 -0.162 -2.395 0.060 0.045 0.272
2015.5110 41.16 -73.21 0.872 -0.410 -1.335 0.057 0.045 0.263
2015.5384 41.16 -73.21 0.754 -0.025 2.575 0.062 0.051 0.286
2015.5658 41.16 -73.21 0.563 0.117 2.752 0.062 0.053 0.286
2015.5932 41.16 -73.21 0.055 -0.006 1.227 0.064 0.055 0.296
2015.6205 41.16 -73.21 0.184 0.151 1.156 0.063 0.053 0.288
2015.6479 41.16 -73.21 -0.001 -0.011 1.885 0.061 0.051 0.280
2015.6753 41.16 -73.21 -0.183 -0.188 1.091 0.059 0.049 0.271
2015.7027 41.16 -73.21 -0.159 -0.127 2.470 0.064 0.054 0.292
2015.7301 41.16 -73.21 -0.503 0.027 3.366 0.064 0.053 0.293
2015.9493 41.16 -73.21 -0.068 -0.619 -4.610 0.062 0.053 0.287
2015.9767 41.16 -73.21 0.081 -0.232 -3.451 0.064 0.055 0.295
2016.0041 41.16 -73.21 0.510 -0.258 -3.650 0.058 0.050 0.270
2016.0315 41.16 -73.21 0.693 -0.251 -3.342 0.056 0.047 0.259
2016.0589 41.16 -73.21 0.515 -0.897 -4.704 0.057 0.048 0.264
2016.0863 41.16 -73.21 0.310 -0.688 -2.847 0.052 0.044 0.245
2016.1137 41.16 -73.21 0.502 -1.098 -4.696 0.058 0.049 0.268
2016.1411 41.16 -73.21 0.517 -1.578 -0.067 0.068 0.058 0.309
2016.1685 41.16 -73.21 0.684 -0.249 0.707 0.072 0.063 0.330
2016.1959 41.16 -73.21 0.771 -1.103 1.060 0.071 0.063 0.328
2016.2233 41.16 -73.21 0.998 -0.788 1.420 0.072 0.065 0.333
2016.2507 41.16 -73.21 1.164 -0.542 0.307 0.061 0.051 0.281
2016.3603 41.16 -73.21 0.693 -0.233 2.656 0.056 0.048 0.262
2016.3877 41.16 -73.21 0.765 -0.556 -0.191 0.066 0.057 0.301
2016.4151 41.16 -73.21 0.707 -0.638 2.860 0.065 0.055 0.296
2016.4425 41.16 -73.21 0.663 -0.713 3.787 0.069 0.060 0.315
2016.4699 41.16 -73.21 0.616 -0.225 1.930 0.067 0.058 0.309
