2002.5877 47.45 -122.32 -5.15228830510976 10.44525558653271
2002.6151 47.45 -122.32 -11.67956892327126 10.17703018440347
2002.6425 47.45 -122.32 -26.42788185641075 10.40379847022846
2002.6699 47.45 -122.32 -26.04155610224991 8.68315939227643
2002.6973 47.45 -122.32 -39.96016972340563 14.24229839063985
2002.7247 47.45 -122.32 -43.48918911192642 9.92743749119954
2002.7521 47.45 -122.32 -32.05180338557448 9.05581880500252
2002.7795 47.45 -122.32 -28.03334575135991 10.31261033476948
2002.8068 47.45 -122.32 -42.62627297281304 9.42474490000496
2002.8342 47.45 -122.32 -35.28043880914431 9.22943521408250
2002.8616 47.45 -122.32 -2.10832759876542 8.91007193902126
2002.8890 47.45 -122.32 4.32627738136745 9.39781536531795
2002.9164 47.45 -122.32 7.69270214186790 9.70836469961302
2003.0260 47.45 -122.32 16.44907472344208 10.82019001733737
2003.0534 47.45 -122.32 8.11526581333457 19.04682909835838
2003.0808 47.45 -122.32 -14.19156969082059 15.71804626368965
2003.1082 47.45 -122.32 61.10451458683175 8.70881341703974
2003.1356 47.45 -122.32 30.97664371964446 8.00969876249457
2003.1630 47.45 -122.32 19.32908286156689 8.70655350586751
2003.1904 47.45 -122.32 32.91050324179806 10.18376725168768
2003.2178 47.45 -122.32 34.37718104090343 8.58080147648732
2003.2452 47.45 -122.32 42.52679173328814 8.52122374063903
2003.2726 47.45 -122.32 30.26825538454699 8.28945662731870
2003.3000 47.45 -122.32 46.15618625911875 8.12913030207618
2003.3274 47.45 -122.32 36.97706369779640 10.90617336771968
2003.3548 47.45 -122.32 51.69790872796080 12.38870747898780
2003.3822 47.45 -122.32 4.28624041040882 10.64243897681115
2003.5192 47.45 -122.32 -15.18216253040958 12.10354170324879
2003.5466 47.45 -122.32 -16.14460029363368 13.80040536489044
2003.5740 47.45 -122.32 -21.22718353454731 16.52402216999046
2003.6014 47.45 -122.32 -15.80630412030421 13.85710268608863
2003.6288 47.45 -122.32 -25.38649823501879 12.74777177985580
2003.6562 47.45 -122.32 -9.48038455392676 13.96646583539318
2003.6836 47.45 -122.32 -7.04610399040622 13.98372119511695
2003.7110 47.45 -122.32 1.39532415359347 10.34472429245574
2003.7384 47.45 -122.32 -7.39533163586609 13.10337416897117
2003.7658 47.45 -122.32 -7.31510439915240 11.92204171374329
2003.7932 47.45 -122.32 14.94048400657232 13.56758923467221
2003.8205 47.45 -122.32 15.57626843912100 14.44136749145721
2003.8479 47.45 -122.32 -5.54158120472255 12.27510692733331
2003.8753 47.45 -122.32 0.22818959039325 13.43476915094151
2003.9027 47.45 -122.32 28.42204555650233 11.84154683550416
2003.9301 47.45 -122.32 14.69038683679335 12.60826694101399
2003.9575 47.45 -122.32 38.31152438947031 14.60895906887734
2003.9849 47.45 -122.32 26.89327304630631 13.66664047168637
2004.0123 47.45 -122.32 12.13284394068256 14.68444650870130
2004.0397 47.45 -122.32 13.72923668803633 11.39767442979454
2004.0945 47.45 -122.32 31.47659362817924 10.59900874933220
2004.1219 47.45 -122.32 27.90156556504820 12.09744719158390
2004.1493 47.45 -122.32 68.94106845703759 14.40678092736321
2004.1767 47.45 -122.32 15.54339447620098 15.79318110389338
2004.2041 47.45 -122.32 17.04137631454206 12.44976874065487
2004.2315 47.45 -122.32 10.55554084194673 12.64983139942192
2004.2589 47.45 -122.32 -3.48122351745099 13.02893331189637
2004.2863 47.45 -122.32 15.76461936153097 13.11409937415665
2004.3137 47.45 -122.32 21.10175563708649 12.39526826368789
2004.3411 47.45 -122.32 -15.18429461828466 13.73655028597914
2004.3685 47.45 -122.32 -20.13460188589351 12.99881600985037
2004.3959 47.45 -122.32 -58.57847589131350 11.22303959402176
2004.4233 47.45 -122.32 -38.18681978610310 10.75066920989163
2004.4507 47.45 -122.32 -3.08068540003223 9.61046216737889
2004.4781 47.45 -122.32 -1.64902857091888 10.68184823137114
2004.5055 47.45 -122.32 -32.68260867846168 10.36777654840961
2004.5329 47.45 -122.32 -26.20265850919332 9.70281622974426
2004.5603 47.45 -122.32 -0.29426271711955 10.06673088402288
2004.5877 47.45 -122.32 -13.02280922278349 10.11286191200481
2004.6151 47.45 -122.32 -28.53385358455256 11.19935024310630
2004.6425 47.45 -122.32 -29.50655122610308 9.34927675571247
2004.6699 47.45 -122.32 19.85625824221315 9.33269147763132
2004.6973 47.45 -122.32 7.57712241228216 8.66989426922244
2004.7247 47.45 -122.32 -20.82211503032983 10.12710537977453
2004.7521 47.45 -122.32 14.03704122665174 9.61095119742446
2004.7795 47.45 -122.32 15.87769751000726 9.43799541782053
2004.8068 47.45 -122.32 -14.50887969028580 10.64147721048158
2004.8342 47.45 -122.32 -25.71103393951520 10.52144875724270
2004.8616 47.45 -122.32 -22.25404513002503 9.07613110119287
2004.8890 47.45 -122.32 -20.00802037308218 9.10644580053755
2004.9164 47.45 -122.32 -25.05922850135156 10.08853539116104
2004.9438 47.45 -122.32 -18.55235703611843 10.91974395178998
2004.9712 47.45 -122.32 -25.99720028958728 10.21804447509080
2004.9973 47.45 -122.32 7.23158546194723 9.70703270962235
2005.0233 47.45 -122.32 22.74256702360554 11.63613753927598
2005.0507 47.45 -122.32 12.40134378316826 18.06163983096430
2005.0781 47.45 -122.32 34.81218818707100 13.25483273908957
2005.1055 47.45 -122.32 26.20999999279172 13.10678895583567
2005.1329 47.45 -122.32 -1.65844408579111 13.43406558767537
2005.1603 47.45 -122.32 -0.93510797989423 11.72951055874454
2005.1877 47.45 -122.32 7.34830476198797 11.64386483964367
2005.2151 47.45 -122.32 -10.69754454232764 10.75249900149381
2005.2425 47.45 -122.32 -9.49197006266439 10.51851739199898
2005.2699 47.45 -122.32 0.09125790731573 11.34240472988400
2005.2973 47.45 -122.32 -6.15874411139579 12.06123724784409
2005.3247 47.45 -122.32 -4.45141650741675 12.74321967907153
2005.3521 47.45 -122.32 -23.32111807854557 4.50871285509436
2005.3795 47.45 -122.32 -12.28083114698582 11.82847472260941
2005.4068 47.45 -122.32 -17.40653359079986 10.66221963014311
2005.4342 47.45 -122.32 -1.24021770640746 12.22003765499391
2005.4616 47.45 -122.32 -28.42009820774590 11.19077551248358
2005.4890 47.45 -122.32 -27.32748195758979 10.59467535231172
2005.5164 47.45 -122.32 -14.46303119651608 10.52235350298111
2005.5438 47.45 -122.32 -21.15207967271900 11.62637925599382
2005.5712 47.45 -122.32 -34.89115080203566 12.80177701950119
2005.5986 47.45 -122.32 -12.04713056963419 13.10100899445223
2005.6260 47.45 -122.32 -37.10892716829911 11.42297292220266
2005.6534 47.45 -122.32 -37.69582030311769 12.20427675816973
2005.6808 47.45 -122.32 -51.73795955893319 11.90436683935578
2005.7082 47.45 -122.32 -30.21293404383094 14.84299671782845
2005.7356 47.45 -122.32 -54.69423881232786 12.86553715839287
2005.7630 47.45 -122.32 -41.95908287692164 12.88539208996570
2005.7904 47.45 -122.32 -38.40547641168332 11.89997834818116
2005.8178 47.45 -122.32 -35.35027035858231 12.31696713175853
2005.8452 47.45 -122.32 -19.19013356826325 13.17516447351553
2005.8726 47.45 -122.32 -29.25381582347266 11.32648812819364
2005.9000 47.45 -122.32 -3.36427323249431 10.95312249982806
2005.9274 47.45 -122.32 -13.77039654894400 10.87546318270255
2005.9548 47.45 -122.32 12.02005321926254 9.17828760400297
2005.9822 47.45 -122.32 4.22709491065870 10.05981343342165
2006.0096 47.45 -122.32 19.12736828766696 11.52038710356400
2006.0370 47.45 -122.32 7.01375052923929 14.89184276674436
2006.0644 47.45 -122.32 12.31351332388052 15.04710684781733
2006.0918 47.45 -122.32 25.74650360996980 15.14740392247069
2006.1192 47.45 -122.32 37.58310446831828 17.69186899823341
2006.1466 47.45 -122.32 18.02806505175282 13.47474489925373
2006.1740 47.45 -122.32 14.55604413968309 15.70536083179428
2006.2014 47.45 -122.32 22.00840985298617 11.66115000717694
2006.2288 47.45 -122.32 32.15966605716510 15.78226313910676
2006.2562 47.45 -122.32 48.00032137339348 14.91899333959075
2006.2836 47.45 -122.32 15.17470121006991 14.44883840542584
2006.3110 47.45 -122.32 30.61417560272022 15.52527558655135
2006.3384 47.45 -122.32 10.60631411827396 13.99288424254387
2006.3658 47.45 -122.32 7.59710216421658 15.62359045364064
2006.3932 47.45 -122.32 -18.85567463640961 15.27990326277613
2006.4205 47.45 -122.32 0.05427632656555 15.22908365148406
2006.4479 47.45 -122.32 25.92805462610252 16.26506962724023
2006.4753 47.45 -122.32 6.28256525244899 16.89437385842727
2006.5027 47.45 -122.32 -33.84534240669843 17.66226110894140
2006.5301 47.45 -122.32 -16.24165659770759 21.47819460780507
2006.5575 47.45 -122.32 -11.41442607673774 16.72789319175374
2006.5849 47.45 -122.32 -19.73945493230934 17.25213745120645
2006.6123 47.45 -122.32 -42.20624110562409 22.22155655898041
2006.6397 47.45 -122.32 -46.45782848953018 18.41123835868019
2006.6671 47.45 -122.32 -4.41871868245371 16.37972338685157
2006.6945 47.45 -122.32 -3.10445991052847 21.55454680367196
2006.7219 47.45 -122.32 -24.59078357581570 19.53260112356970
2006.7493 47.45 -122.32 -20.37654980860502 23.87906761834034
2006.7767 47.45 -122.32 9.10424766536705 20.75686117399655
2006.8041 47.45 -122.32 -17.28779261932296 16.29142340368563
2006.8315 47.45 -122.32 -18.90099578526284 19.40099798320805
2006.8589 47.45 -122.32 25.94519997441308 18.70753398427829
2006.8863 47.45 -122.32 14.99170300693758 17.72329530055626
2006.9137 47.45 -122.32 23.03144987355797 16.99931941629583
2006.9411 47.45 -122.32 13.37130227385610 16.61373273590712
2006.9685 47.45 -122.32 40.13597003480963 16.25300636685165
2006.9959 47.45 -122.32 47.15814629460482 15.79614407942710
2007.0233 47.45 -122.32 28.56568625465530 14.36679273797174
2007.0507 47.45 -122.32 28.77277891094115 15.27739250501797
2007.0781 47.45 -122.32 47.33169395685897 16.23688375216168
2007.1055 47.45 -122.32 47.21896559940655 14.26760709792256
2007.1329 47.45 -122.32 39.18397285118169 15.75946821828733
2007.1603 47.45 -122.32 32.12466928322630 14.98668057192523
2007.1877 47.45 -122.32 49.38133389314908 20.41627531021719
2007.2151 47.45 -122.32 38.04896597813728 18.01863992420710
2007.2425 47.45 -122.32 63.44270929795187 17.23466489033069
2007.2699 47.45 -122.32 36.44026393635514 12.95916533446599
2007.2973 47.45 -122.32 50.02113504441699 12.14209982327808
2007.3247 47.45 -122.32 22.08101934999886 15.54912862098199
2007.3521 47.45 -122.32 16.49176579954712 17.28951225891645
2007.3795 47.45 -122.32 6.75168073606921 18.32836413219246
2007.4068 47.45 -122.32 -5.58492225057494 14.75579836507952
2007.4342 47.45 -122.32 -16.55993188200810 13.94713289096530
2007.4616 47.45 -122.32 -0.49944417844918 19.34263468208288
2007.4890 47.45 -122.32 -12.84896033893954 13.99150966166822
2007.5164 47.45 -122.32 -5.70016543453218 15.02567425439964
2007.5438 47.45 -122.32 -2.42923050703935 14.42317588498875
2007.5712 47.45 -122.32 -13.23933888422006 14.82907911994531
2007.5986 47.45 -122.32 -19.00577814226827 18.65277141980093
2007.6260 47.45 -122.32 -2.20699982843582 14.71970862748156
2007.6534 47.45 -122.32 -27.49550236582714 15.03430681805550
2007.6808 47.45 -122.32 -24.03263352894990 15.71967225829964
2007.7082 47.45 -122.32 -14.41130361741167 10.85193546100681
2007.7356 47.45 -122.32 -27.54811122625593 16.15281553125803
2007.7630 47.45 -122.32 -23.37360797017223 11.62287821971580
2007.7904 47.45 -122.32 -10.69604223329500 16.07442891713670
2007.8178 47.45 -122.32 -30.75477727756726 18.93186581198640
2007.8452 47.45 -122.32 -36.95907379319372 14.73482384198314
2007.8726 47.45 -122.32 -20.79181710842809 17.43358054085350
2007.9000 47.45 -122.32 -35.71710373829268 18.42429932351363
2007.9274 47.45 -122.32 -2.67029604377052 18.23382940494870
2007.9548 47.45 -122.32 -9.55683252720344 13.33300467930445
2007.9822 47.45 -122.32 -6.21100049381145 16.82435913580326
2008.0096 47.45 -122.32 22.11817996657790 14.64455638836056
2008.0370 47.45 -122.32 42.24823912809508 15.30057169318799
2008.0644 47.45 -122.32 6.62983500311897 18.02188974180710
2008.0918 47.45 -122.32 45.45422390707999 13.67279855278043
2008.1192 47.45 -122.32 75.59924477740145 16.64910316910990
2008.1466 47.45 -122.32 51.84682725746315 19.67915519107244
2008.1740 47.45 -122.32 31.53589530628722 16.97629177454698
2008.2014 47.45 -122.32 39.29373819489022 18.68392953045540
2008.2288 47.45 -122.32 49.65639683425688 20.75871081645633
2008.2562 47.45 -122.32 39.33281385944454 19.67843756811752
2008.2836 47.45 -122.32 19.93063553738154 23.71720572895614
2008.3110 47.45 -122.32 24.91799030745280 24.80207851206120
2008.3384 47.45 -122.32 4.92831663180006 18.21127186655773
2008.3658 47.45 -122.32 11.52187937707132 18.42094284958992
2008.3932 47.45 -122.32 -5.38201441860748 16.37115869329968
2008.4205 47.45 -122.32 -1.02890228903912 14.31701275974390
2008.4479 47.45 -122.32 9.40915751130189 14.79965442245075
2008.4753 47.45 -122.32 -24.45251290871133 14.20606069843233
2008.5027 47.45 -122.32 3.99717226771187 17.58479413377434
2008.5301 47.45 -122.32 -5.13539393749355 21.75167516752693
2008.5575 47.45 -122.32 -34.10029662080473 13.71780942970633
2008.5849 47.45 -122.32 12.25538686489963 16.30170973406678
2008.6123 47.45 -122.32 -10.95216965213196 13.01526319343314
2008.6397 47.45 -122.32 -14.88461713475887 14.52443231986963
2008.6671 47.45 -122.32 -4.10002315809076 13.80008214048520
2008.6945 47.45 -122.32 -15.55322699663943 13.27968295033228
2008.7219 47.45 -122.32 -29.65498790013017 15.75475072107367
2008.7493 47.45 -122.32 -13.01418557423842 14.09433695589816
2008.7767 47.45 -122.32 -3.66597241983717 16.92347241142666
2008.8041 47.45 -122.32 -24.92921635965413 17.07770899112753
2008.8315 47.45 -122.32 -47.07324549478305 19.15346713958732
2008.8589 47.45 -122.32 -17.41562400943103 22.40222925860732
2008.8863 47.45 -122.32 13.80200508160720 21.48859723293371
2008.9137 47.45 -122.32 -22.55702069999667 20.54077949149072
2008.9411 47.45 -122.32 -28.08954957552250 21.18116567663699
2008.9685 47.45 -122.32 -3.77565504703198 19.75744193777386
2008.9945 47.45 -122.32 30.88606419517773 16.75285624601579
2009.0205 47.45 -122.32 31.40774209061795 16.63360404884970
2009.0479 47.45 -122.32 41.74801530713611 16.64474926708490
2009.0753 47.45 -122.32 46.64057149957656 15.68399767101181
2009.1027 47.45 -122.32 25.96783762839122 19.94515210531079
2009.1301 47.45 -122.32 22.41897926099945 15.54022039533896
2009.1575 47.45 -122.32 1.46705205698105 15.69473380940965
2009.1849 47.45 -122.32 -2.50390685060819 18.75792725913152
2009.2123 47.45 -122.32 23.18601458763596 15.39889963735630
2009.2397 47.45 -122.32 -3.89761501532377 17.97245653707920
2009.2671 47.45 -122.32 17.50636218094170 14.86472251622823
2009.2945 47.45 -122.32 15.23303407935706 15.31717747525038
2009.3219 47.45 -122.32 3.89582361226776 15.94502243116301
2009.3493 47.45 -122.32 12.39827737421428 14.49434704445903
2009.3767 47.45 -122.32 -15.22552571590350 15.26963434518503
2009.4041 47.45 -122.32 7.35786941966913 13.16565069288068
2009.4315 47.45 -122.32 -1.39626970362776 15.56682956313848
2009.4589 47.45 -122.32 -11.48197703549527 12.75441533644368
2009.4863 47.45 -122.32 -5.20736511477682 14.19576651629601
2009.5137 47.45 -122.32 -0.88993835806249 13.30081463200358
2009.5411 47.45 -122.32 -25.27125923297031 16.68507389762456
2009.5685 47.45 -122.32 -32.91431488706922 17.91405374322157
2009.5959 47.45 -122.32 -24.72320982826302 15.52306643853473
2009.6233 47.45 -122.32 -0.46053068592041 16.47998831488205
2009.6507 47.45 -122.32 -58.22300370548799 15.90383060005695
2009.6781 47.45 -122.32 -39.73923914863615 17.22961004770800
2009.7055 47.45 -122.32 -26.10795003159763 18.10468858690025
2009.7329 47.45 -122.32 -45.11767633751527 17.27257632108388
2009.7603 47.45 -122.32 -57.24395049576701 19.77967021855861
2009.7877 47.45 -122.32 -57.21048307275018 18.19026528259866
2009.8151 47.45 -122.32 -16.07874192290084 19.76349112780941
2009.8425 47.45 -122.32 -11.32744222585092 17.78475847439583
2009.8699 47.45 -122.32 14.09993087708104 16.89876572292382
2009.8973 47.45 -122.32 17.90762639219404 15.70774678535367
2009.9247 47.45 -122.32 4.91535050832960 15.23532512821024
2009.9521 47.45 -122.32 24.29791400132276 14.44194006331693
2009.9795 47.45 -122.32 17.99753903656581 14.86038120294627
2010.0068 47.45 -122.32 26.33623462401328 19.39885241727906
2010.0342 47.45 -122.32 22.58480424014340 14.67191284765424
2010.0616 47.45 -122.32 33.88902114454735 15.16079017446553
2010.0890 47.45 -122.32 -1.32125306044476 18.63757784852700
2010.1164 47.45 -122.32 11.89932572929352 19.27872229725693
2010.1438 47.45 -122.32 8.87473354942942 18.23195379127580
2010.1712 47.45 -122.32 35.62142433807673 17.38113236752298
2010.1986 47.45 -122.32 18.22727280128509 16.63954577161375
2010.2260 47.45 -122.32 -7.90394363452035 18.28756261912364
2010.2534 47.45 -122.32 3.56520311085589 18.78016785388485
2010.2808 47.45 -122.32 22.40574318390451 14.10995115109414
2010.3082 47.45 -122.32 -20.13717637789125 14.94283067965225
2010.3356 47.45 -122.32 24.63058191731628 13.19793706011673
2010.3630 47.45 -122.32 5.21377065847259 14.17447493750146
2010.3904 47.45 -122.32 -8.86600356387125 14.35936588705294
2010.4178 47.45 -122.32 -1.12013611298980 15.19317631237904
2010.4452 47.45 -122.32 0.96648997350231 13.17457309908642
2010.4726 47.45 -122.32 -1.28575099772432 11.68776556396826
2010.5000 47.45 -122.32 -8.71463514666928 13.53209942236133
2010.5274 47.45 -122.32 1.11076155453346 22.64960247485278
2010.5548 47.45 -122.32 -8.32368211479783 14.01089862887047
2010.5822 47.45 -122.32 -7.20731444342805 12.52290870184727
2010.6096 47.45 -122.32 -14.45959128254144 16.78766230457353
2010.6370 47.45 -122.32 -20.88923817961741 14.74527772710212
2010.6644 47.45 -122.32 -48.28921551651020 13.67660307961051
2010.6918 47.45 -122.32 -34.19248770429577 16.90422672469998
2010.7192 47.45 -122.32 -20.81540713536680 15.66475548844683
2010.7466 47.45 -122.32 -11.89138233903072 18.57586486774250
2010.7740 47.45 -122.32 -24.72141521219293 14.46213721865029
2010.8014 47.45 -122.32 -14.47314019942230 13.86878131309928
2010.8288 47.45 -122.32 -5.01614897961210 16.12469143061537
2010.8562 47.45 -122.32 -2.95568022572466 15.75192082108190
2010.8836 47.45 -122.32 3.59915426011217 14.32849811865428
2010.9110 47.45 -122.32 -9.13818695345323 15.96808648938255
2010.9384 47.45 -122.32 6.92828638130705 16.66901657348523
2010.9658 47.45 -122.32 51.02048340501847 18.52259417005939
2010.9932 47.45 -122.32 21.99367736223436 13.52024047013620
2011.1027 47.45 -122.32 43.78610453292946 13.52651205284851
2011.1301 47.45 -122.32 36.53178549400504 22.01002830271747
2011.1575 47.45 -122.32 31.75211833392207 14.12396946538736
2011.1849 47.45 -122.32 27.02641696120754 10.79428569541319
2011.2123 47.45 -122.32 7.52836140150952 18.66654710716683
2011.2397 47.45 -122.32 -6.94641610193362 19.63421238040246
2011.2671 47.45 -122.32 37.23781465282086 15.49159816334638
2011.2945 47.45 -122.32 34.96589744880387 18.43632044718074
2011.3219 47.45 -122.32 13.70055951967194 17.19271877514965
2011.3493 47.45 -122.32 22.56189249438659 15.14778501150853
2011.3767 47.45 -122.32 27.52168315041646 18.09222368355180
2011.4041 47.45 -122.32 15.23542477366352 15.58518765572592
2011.4315 47.45 -122.32 5.92572427263899 15.33608589646167
2011.5137 47.45 -122.32 -2.44924736407023 13.99468117254910
2011.5411 47.45 -122.32 -18.14670740297757 15.19410671159227
2011.5685 47.45 -122.32 -23.93637516997921 14.66744228483977
2011.5959 47.45 -122.32 -39.22962449231849 15.91096273300652
2011.6233 47.45 -122.32 -24.51813233590078 15.77626467436080
2011.6507 47.45 -122.32 -30.39845250571818 19.27473993615960
2011.6781 47.45 -122.32 -34.11505482670914 17.86859099903761
2011.7055 47.45 -122.32 4.77219569042309 17.96421731858004
2011.7329 47.45 -122.32 -28.31958813720108 21.10521428826955
2011.7603 47.45 -122.32 -28.03586828028364 17.88395841973827
2011.7877 47.45 -122.32 -17.17066732475435 19.16505117633419
2011.8151 47.45 -122.32 -13.31579902038011 18.70183646144264
2011.8425 47.45 -122.32 -57.00237046190802 20.56028264390604
2011.8699 47.45 -122.32 11.73376361316537 18.98870293915732
2011.9521 47.45 -122.32 -3.96836543379591 11.78131733013108
2011.9795 47.45 -122.32 -35.32338469787112 16.12165250101500
2012.0068 47.45 -122.32 7.04838091789748 14.83473783106438
2012.0342 47.45 -122.32 -12.38910304237998 17.96606344044294
2012.0616 47.45 -122.32 7.23061462954593 15.52160733718294
2012.0890 47.45 -122.32 10.65642746557258 15.24261296691971
2012.1164 47.45 -122.32 20.32143695248432 14.81567179558546
2012.1438 47.45 -122.32 25.93811943873695 15.35256684786561
2012.1712 47.45 -122.32 39.24437610770794 14.44140806401691
2012.1986 47.45 -122.32 53.88090192643373 12.95829428672268
2012.2260 47.45 -122.32 25.70012020447816 13.39437252936227
2012.2534 47.45 -122.32 48.77181019411809 12.99659337882231
2012.2808 47.45 -122.32 22.55851486767126 12.04639663370331
2012.3082 47.45 -122.32 33.21058748884841 13.92704107384046
2012.3904 47.45 -122.32 7.19748429801945 14.22822679342523
2012.4178 47.45 -122.32 -22.96418926075195 10.91511832111273
2012.4452 47.45 -122.32 -8.25982099986842 10.73176655856469
2012.4726 47.45 -122.32 -25.88756228726158 11.71193604060749
2012.5000 47.45 -122.32 -5.83977027526132 11.05062122749837
2012.5274 47.45 -122.32 -7.53508717992834 11.84591325253020
2012.5548 47.45 -122.32 0.96664998286995 11.84297038899151
2012.5822 47.45 -122.32 -8.77359847518695 12.68789745434801
2012.6096 47.45 -122.32 -13.45540023956823 12.66179108715830
2012.6370 47.45 -122.32 -12.14576478771322 11.54752452071209
2012.6644 47.45 -122.32 -19.94764158401161 12.80104189397733
2012.6918 47.45 -122.32 -16.79195389832669 13.25856036241944
2012.7192 47.45 -122.32 -21.04003508748023 16.37970083509519
2012.7466 47.45 -122.32 -28.84624379494609 10.89674193858637
2012.8562 47.45 -122.32 -24.08732051101270 16.82830775500415
2012.8836 47.45 -122.32 -12.10992324559432 15.91523962970725
2012.9110 47.45 -122.32 7.25593667651817 15.01257883481217
2012.9384 47.45 -122.32 15.68664289252717 14.15373510603899
2012.9658 47.45 -122.32 24.08536116361939 16.36322467337164
2012.9918 47.45 -122.32 40.25537501656979 7.59275262841147
2013.0178 47.45 -122.32 17.79057135597713 9.19835137567300
2013.0452 47.45 -122.32 19.42538417549662 9.10501197604670
2013.0726 47.45 -122.32 15.04474898098318 8.30222655657386
2013.1000 47.45 -122.32 34.68118021781384 8.54316851141580
2013.1274 47.45 -122.32 19.84809064788027 7.81281437541723
2013.1548 47.45 -122.32 30.95384415240945 7.04726619973480
2013.2644 47.45 -122.32 1.75174745983770 8.22328277880900
2013.2918 47.45 -122.32 29.27898695900867 8.09477430094476
2013.3192 47.45 -122.32 33.69602850057376 9.09337987437865
2013.3466 47.45 -122.32 4.52803868950537 9.37266075682810
2013.3740 47.45 -122.32 6.64094685340507 7.85707218387851
2013.4014 47.45 -122.32 26.67675919448803 8.15757272754994
2013.4288 47.45 -122.32 23.49765547601126 7.00408751579891
2013.4562 47.45 -122.32 -6.64131951371177 7.12710047053296
2013.4836 47.45 -122.32 -14.96174442894354 7.37405526201471
2013.5110 47.45 -122.32 24.29302693887226 8.49171684519266
2013.5384 47.45 -122.32 -1.32416505796132 8.15999986849484
2013.5658 47.45 -122.32 -15.59990985112059 8.65555600603635
2013.7575 47.45 -122.32 -29.57072680267246 8.08640020739424
2013.7849 47.45 -122.32 -32.39158775597272 8.49472996410339
2013.8123 47.45 -122.32 -14.68304002045126 7.72083478485392
2013.8397 47.45 -122.32 0.81459413630849 7.86219991843152
2013.8671 47.45 -122.32 -26.39882550813221 8.37726541568950
2013.8945 47.45 -122.32 -25.80127358230972 7.84612557529164
2013.9219 47.45 -122.32 -3.47658330354049 6.80064479605050
2013.9493 47.45 -122.32 -22.33524148428830 7.40408554275139
2013.9767 47.45 -122.32 -23.07228064583680 7.35884411719139
2014.0041 47.45 -122.32 -17.44449768861279 7.13825293908496
2014.0315 47.45 -122.32 -5.55168051855758 7.57004134321526
2014.1685 47.45 -122.32 12.40265618277018 7.85063783112107
2014.1959 47.45 -122.32 22.62457122586268 8.23786564188893
2014.2233 47.45 -122.32 21.06383057433411 7.71135540534759
2014.2507 47.45 -122.32 79.34298301790894 6.95250932464063
2014.2781 47.45 -122.32 21.39332935774907 7.42734472826383
2014.3055 47.45 -122.32 6.92056196336794 7.06724355152901
2014.3329 47.45 -122.32 24.56877988944917 5.57666761308744
2014.3603 47.45 -122.32 4.87792644858310 6.54363499556197
2014.3877 47.45 -122.32 -31.44411954004096 6.56347162939375
2014.4151 47.45 -122.32 -16.74748285085902 6.48474713867875
2014.4425 47.45 -122.32 -35.38443954750548 6.96453861582161
2014.4699 47.45 -122.32 -3.64294499418382 6.83918322604928
2014.5795 47.45 -122.32 -36.50319523741311 5.43145421523131
2014.6068 47.45 -122.32 -33.85311227440513 6.00035349226638
2014.6342 47.45 -122.32 -45.46551236253431 5.29055805047426
2014.6616 47.45 -122.32 -1.04045585647715 6.11436694072952
2014.6890 47.45 -122.32 -37.90813281407464 5.94708232178973
2014.7164 47.45 -122.32 -54.45647193143370 5.80048182526624
2014.7438 47.45 -122.32 -15.13776790349995 6.44096545054609
2014.7712 47.45 -122.32 5.00418528710380 6.36800062577815
2014.7986 47.45 -122.32 5.21953137436915 5.47909790902686
2014.8260 47.45 -122.32 6.00643918256410 5.43127285792518
2014.8534 47.45 -122.32 -6.39765088335816 5.80866681490230
2014.8808 47.45 -122.32 -3.35088762153535 5.83035693566079
2014.9082 47.45 -122.32 -21.63491422426779 5.96446931011625
2015.0452 47.45 -122.32 0.74540621897443 4.13782002250452
2015.0726 47.45 -122.32 22.32449945078933 4.77463687084553
2015.1000 47.45 -122.32 -4.38133113362365 4.02430973560455
2015.1274 47.45 -122.32 13.35679679043994 3.70627738772076
2015.1548 47.45 -122.32 7.84704408858027 4.59287459021916
2015.1822 47.45 -122.32 19.69342367207442 4.18603569894928
2015.2096 47.45 -122.32 6.37074034717700 6.12419351299698
2015.2370 47.45 -122.32 -29.94568329233975 6.60989675903453
2015.2644 47.45 -122.32 -15.94653718227548 5.68026086147120
2015.2918 47.45 -122.32 16.47631685950002 5.58492922961401
2015.3192 47.45 -122.32 0.60610924486779 5.35767585015264
2015.3466 47.45 -122.32 -19.29523305213712 5.91645311484498
2015.4836 47.45 -122.32 -59.19370031775877 4.94886806410097
2015.5110 47.45 -122.32 -33.78717201579885 4.84844509882113
2015.5384 47.45 -122.32 -22.05013055729163 5.54530079561666
2015.5658 47.45 -122.32 -40.44305965571754 5.88269159764393
2015.5932 47.45 -122.32 -41.06144615092614 6.22611512895486
2015.6205 47.45 -122.32 -10.81394166950442 5.87139125617025
2015.6479 47.45 -122.32 -37.75753252874166 5.73831113880618
2015.6753 47.45 -122.32 -41.39962660283785 5.37581983806719
2015.7027 47.45 -122.32 -15.68442507068469 6.10653726275828
2015.7301 47.45 -122.32 -26.46926709695345 5.99138631417216
2015.9493 47.45 -122.32 22.04943051385847 5.69354406981759
2015.9767 47.45 -122.32 -10.81545792213931 6.29655926037485
2016.0041 47.45 -122.32 26.16901220602007 5.56386613567561
2016.0315 47.45 -122.32 44.30134235474927 5.28859693338652
2016.0589 47.45 -122.32 33.20271870306057 5.41093982988224
2016.0863 47.45 -122.32 28.27985518076729 4.68952126360339
2016.1137 47.45 -122.32 48.66225406180289 5.54239576645813
2016.1411 47.45 -122.32 35.69093627228568 6.85042129650886
2016.1685 47.45 -122.32 39.04244367322548 7.53186612964247
2016.1959 47.45 -122.32 87.51663213537569 7.38372921337308
2016.2233 47.45 -122.32 7.56382322290070 7.50955835743825
2016.2507 47.45 -122.32 -1.12985140164916 5.67542067110269
2016.3603 47.45 -122.32 -24.17027615288605 5.32639909085046
2016.3877 47.45 -122.32 -12.96960283177765 6.57021340158748
2016.4151 47.45 -122.32 -25.22233578615603 6.36437177545997
2016.4425 47.45 -122.32 -21.43468839502694 7.00516261492147
2016.4699 47.45 -122.32 -12.78588883923846 6.84743763300898
