2002.5877 38.37 -78.88 0.063 1.142 3.681 0.114 0.096 0.516
2002.6151 38.37 -78.88 -0.457 1.347 5.245 0.109 0.093 0.493
2002.6425 38.37 -78.88 -0.171 0.296 7.138 0.111 0.095 0.502
2002.6699 38.37 -78.88 -0.665 0.505 5.471 0.096 0.082 0.440
2002.6973 38.37 -78.88 -0.327 0.217 5.012 0.165 0.076 0.623
2002.7247 38.37 -78.88 -0.721 0.048 5.929 0.103 0.088 0.466
2002.7521 38.37 -78.88 -0.582 0.323 3.357 0.096 0.082 0.435
2002.7795 38.37 -78.88 -0.690 0.118 3.812 0.111 0.096 0.506
2002.8068 38.37 -78.88 -0.784 0.116 3.189 0.099 0.085 0.448
2002.8342 38.37 -78.88 -0.778 0.059 -0.104 0.098 0.084 0.443
2002.8616 38.37 -78.88 -0.791 0.212 2.073 0.101 0.075 0.439
2002.8890 38.37 -78.88 -0.589 0.310 -0.200 0.099 0.084 0.447
2002.9164 38.37 -78.88 -0.701 0.290 -0.309 0.106 0.088 0.479
2003.0260 38.37 -78.88 -0.294 0.416 -0.700 0.120 0.101 0.544
2003.0534 38.37 -78.88 -0.090 0.094 0.655 0.194 0.166 0.864
2003.0808 38.37 -78.88 -0.328 0.448 3.911 0.174 0.141 0.773
2003.1082 38.37 -78.88 -0.307 0.513 -2.760 0.102 0.083 0.462
2003.1356 38.37 -78.88 -0.103 0.256 -2.279 0.094 0.077 0.430
2003.1630 38.37 -78.88 -0.270 -0.317 -2.143 0.100 0.083 0.455
2003.1904 38.37 -78.88 -0.494 0.049 -1.055 0.117 0.095 0.528
2003.2178 38.37 -78.88 -0.729 -0.063 -1.718 0.099 0.082 0.449
2003.2452 38.37 -78.88 -0.367 -0.168 -1.785 0.096 0.081 0.439
2003.2726 38.37 -78.88 -0.656 0.105 1.212 0.094 0.079 0.428
2003.3000 38.37 -78.88 -0.843 0.046 0.486 0.092 0.078 0.419
2003.3274 38.37 -78.88 -0.173 0.017 -1.577 0.119 0.101 0.539
2003.3548 38.37 -78.88 -0.060 -0.051 -1.889 0.130 0.113 0.587
2003.3822 38.37 -78.88 -0.267 -0.255 -0.133 0.119 0.098 0.536
2003.5192 38.37 -78.88 -0.879 0.065 -0.464 0.124 0.109 0.559
2003.5466 38.37 -78.88 -0.774 0.342 -0.995 0.136 0.121 0.615
2003.5740 38.37 -78.88 -0.943 0.461 1.590 0.158 0.142 0.711
2003.6014 38.37 -78.88 -0.852 0.339 0.048 0.136 0.121 0.615
2003.6288 38.37 -78.88 -0.911 0.421 0.667 0.130 0.114 0.585
2003.6562 38.37 -78.88 -0.840 0.579 0.676 0.139 0.122 0.625
2003.6836 38.37 -78.88 -0.934 0.463 -0.007 0.137 0.121 0.615
2003.7110 38.37 -78.88 -1.181 0.022 0.590 0.108 0.093 0.488
2003.7384 38.37 -78.88 -1.136 0.548 0.970 0.130 0.114 0.585
2003.7658 38.37 -78.88 -1.121 0.075 2.945 0.120 0.105 0.539
2003.7932 38.37 -78.88 -1.100 0.498 0.373 0.133 0.117 0.598
2003.8205 38.37 -78.88 -1.100 0.330 -3.451 0.144 0.123 0.640
2003.8479 38.37 -78.88 -0.904 0.258 -0.092 0.128 0.104 0.562
2003.8753 38.37 -78.88 -0.839 0.626 -0.385 0.133 0.115 0.595
2003.9027 38.37 -78.88 -0.687 -0.508 -3.397 0.123 0.103 0.545
2003.9301 38.37 -78.88 -0.512 0.381 -3.000 0.127 0.108 0.566
2003.9575 38.37 -78.88 -0.482 0.172 -3.449 0.142 0.122 0.631
2003.9849 38.37 -78.88 -0.446 -0.082 -3.398 0.135 0.115 0.598
2004.0123 38.37 -78.88 -0.402 0.640 -1.765 0.145 0.122 0.640
2004.0397 38.37 -78.88 -0.440 0.687 -3.082 0.124 0.099 0.547
2004.0945 38.37 -78.88 -0.129 -0.295 -5.120 0.116 0.092 0.511
2004.1219 38.37 -78.88 -0.049 -0.366 -2.683 0.123 0.101 0.539
2004.1493 38.37 -78.88 -0.212 -0.795 0.343 0.144 0.118 0.629
2004.1767 38.37 -78.88 -0.306 -0.481 -2.162 0.153 0.127 0.668
2004.2041 38.37 -78.88 -0.165 0.107 -1.257 0.126 0.102 0.548
2004.2315 38.37 -78.88 -0.146 -0.162 -0.687 0.128 0.103 0.556
2004.2589 38.37 -78.88 -0.014 -0.411 2.216 0.132 0.106 0.574
2004.2863 38.37 -78.88 -0.115 -0.293 -2.462 0.133 0.106 0.575
2004.3137 38.37 -78.88 0.184 -0.551 -2.042 0.126 0.100 0.547
2004.3411 38.37 -78.88 -0.047 -0.665 -1.633 0.138 0.109 0.596
2004.3685 38.37 -78.88 0.022 -0.564 -0.678 0.134 0.105 0.578
2004.3959 38.37 -78.88 0.212 -0.951 -0.968 0.118 0.092 0.513
2004.4233 38.37 -78.88 0.036 -0.564 -2.850 0.113 0.088 0.493
2004.4507 38.37 -78.88 -0.125 -0.525 -2.015 0.101 0.078 0.439
2004.4781 38.37 -78.88 -0.131 -0.196 -1.071 0.111 0.086 0.479
2004.5055 38.37 -78.88 0.010 -0.360 -1.249 0.108 0.084 0.468
2004.5329 38.37 -78.88 -0.304 -0.350 0.031 0.103 0.079 0.445
2004.5603 38.37 -78.88 -0.122 -0.179 1.167 0.105 0.081 0.456
2004.5877 38.37 -78.88 -0.197 0.017 -1.133 0.107 0.082 0.461
2004.6151 38.37 -78.88 -0.334 0.101 0.661 0.117 0.090 0.506
2004.6425 38.37 -78.88 -0.447 0.367 0.789 0.100 0.078 0.437
2004.6699 38.37 -78.88 -0.655 0.484 0.314 0.100 0.078 0.439
2004.6973 38.37 -78.88 -0.585 0.645 -1.074 0.094 0.073 0.414
2004.7247 38.37 -78.88 -0.671 0.169 -1.281 0.108 0.083 0.468
2004.7521 38.37 -78.88 -0.799 0.431 -1.222 0.104 0.081 0.453
2004.7795 38.37 -78.88 -0.985 0.381 0.753 0.101 0.078 0.439
2004.8068 38.37 -78.88 -0.829 0.542 -1.358 0.112 0.086 0.481
2004.8342 38.37 -78.88 -0.669 0.288 -1.486 0.110 0.085 0.475
2004.8616 38.37 -78.88 -0.504 0.494 -1.016 0.098 0.076 0.427
2004.8890 38.37 -78.88 -0.402 -0.191 -1.770 0.097 0.076 0.426
2004.9164 38.37 -78.88 -0.395 0.130 -3.128 0.106 0.082 0.460
2004.9438 38.37 -78.88 -0.458 -0.223 -2.390 0.117 0.092 0.512
2004.9712 38.37 -78.88 -0.268 -0.132 -4.140 0.106 0.083 0.459
2004.9973 38.37 -78.88 -0.423 -0.291 -2.881 0.103 0.081 0.449
2005.0233 38.37 -78.88 -0.108 -0.490 -5.358 0.118 0.093 0.510
2005.0507 38.37 -78.88 0.076 -0.433 -3.812 0.171 0.140 0.737
2005.0781 38.37 -78.88 -0.355 -0.171 -2.730 0.131 0.106 0.567
2005.1055 38.37 -78.88 -0.451 0.013 -5.072 0.130 0.105 0.565
2005.1329 38.37 -78.88 0.017 -0.191 -3.655 0.133 0.108 0.579
2005.1603 38.37 -78.88 0.019 -0.406 -5.263 0.120 0.096 0.522
2005.1877 38.37 -78.88 -0.022 -0.402 -2.134 0.121 0.095 0.524
2005.2151 38.37 -78.88 0.029 -0.665 -2.422 0.114 0.090 0.498
2005.2425 38.37 -78.88 0.213 -0.419 -3.079 0.110 0.088 0.482
2005.2699 38.37 -78.88 -0.165 -0.546 -2.177 0.117 0.095 0.513
2005.2973 38.37 -78.88 -0.324 -0.306 -0.590 0.123 0.100 0.540
2005.3247 38.37 -78.88 0.046 -0.299 -3.427 0.130 0.105 0.568
2005.3521 38.37 -78.88 -0.151 -0.087 -2.582 0.058 0.047 0.275
2005.3795 38.37 -78.88 -0.167 -0.486 -2.832 0.122 0.099 0.536
2005.4068 38.37 -78.88 -0.188 -0.243 -3.240 0.112 0.091 0.495
2005.4342 38.37 -78.88 -0.453 -0.135 -2.149 0.129 0.105 0.566
2005.4616 38.37 -78.88 -0.381 -0.080 -1.034 0.117 0.095 0.514
2005.4890 38.37 -78.88 -0.434 0.051 2.257 0.111 0.090 0.489
2005.5164 38.37 -78.88 -0.512 -0.113 0.089 0.110 0.090 0.488
2005.5438 38.37 -78.88 -0.613 0.363 -1.983 0.119 0.099 0.528
2005.5712 38.37 -78.88 -0.511 0.071 -1.193 0.130 0.108 0.572
2005.5986 38.37 -78.88 -1.024 0.319 0.651 0.132 0.111 0.585
2005.6260 38.37 -78.88 -0.672 0.204 0.671 0.117 0.098 0.521
2005.6534 38.37 -78.88 -0.991 0.187 2.542 0.123 0.104 0.547
2005.6808 38.37 -78.88 -0.773 0.256 1.802 0.121 0.102 0.539
2005.7082 38.37 -78.88 -0.933 0.362 4.016 0.146 0.125 0.646
2005.7356 38.37 -78.88 -0.848 0.613 5.155 0.128 0.110 0.571
2005.7630 38.37 -78.88 -0.411 0.621 3.620 0.129 0.110 0.574
2005.7904 38.37 -78.88 -0.598 0.519 1.973 0.121 0.103 0.540
2005.8178 38.37 -78.88 -0.371 0.585 1.451 0.124 0.106 0.554
2005.8452 38.37 -78.88 -0.340 0.966 0.181 0.133 0.114 0.594
2005.8726 38.37 -78.88 -0.181 0.827 3.376 0.115 0.099 0.517
2005.9000 38.37 -78.88 -0.225 0.615 1.025 0.113 0.096 0.505
2005.9274 38.37 -78.88 -0.274 0.695 -0.670 0.119 0.095 0.526
2005.9548 38.37 -78.88 -0.408 0.657 -1.048 0.116 0.095 0.539
2005.9822 38.37 -78.88 0.087 0.550 -0.967 0.112 0.092 0.504
2006.0096 38.37 -78.88 -0.277 0.360 0.735 0.121 0.102 0.542
2006.0370 38.37 -78.88 0.002 0.179 -0.269 0.152 0.129 0.675
2006.0644 38.37 -78.88 -0.150 0.191 -1.567 0.154 0.132 0.687
2006.0918 38.37 -78.88 0.234 0.121 -1.467 0.153 0.132 0.682
2006.1192 38.37 -78.88 0.191 0.162 -3.153 0.172 0.151 0.768
2006.1466 38.37 -78.88 0.054 -0.000 -0.111 0.136 0.118 0.610
2006.1740 38.37 -78.88 0.025 -0.179 0.180 0.151 0.134 0.680
2006.2014 38.37 -78.88 0.186 -0.095 -0.668 0.119 0.103 0.534
2006.2288 38.37 -78.88 0.156 -0.228 0.456 0.152 0.136 0.685
2006.2562 38.37 -78.88 0.275 -0.265 -0.087 0.143 0.128 0.642
2006.2836 38.37 -78.88 0.239 0.052 -0.230 0.140 0.125 0.631
2006.3110 38.37 -78.88 0.427 -0.420 0.729 0.149 0.134 0.672
2006.3384 38.37 -78.88 0.287 -0.045 -0.573 0.135 0.121 0.611
2006.3658 38.37 -78.88 0.138 0.212 0.651 0.150 0.135 0.675
2006.3932 38.37 -78.88 0.358 0.189 0.950 0.147 0.132 0.666
2006.4205 38.37 -78.88 0.308 -0.064 -0.870 0.148 0.133 0.669
2006.4479 38.37 -78.88 0.122 0.278 0.289 0.163 0.142 0.731
2006.4753 38.37 -78.88 -0.165 0.502 -2.525 0.165 0.147 0.743
2006.5027 38.37 -78.88 0.069 0.686 -0.153 0.171 0.154 0.771
2006.5301 38.37 -78.88 -0.100 0.191 -1.213 0.202 0.184 0.911
2006.5575 38.37 -78.88 -0.015 0.332 0.884 0.161 0.146 0.729
2006.5849 38.37 -78.88 -0.202 0.488 3.301 0.166 0.150 0.750
2006.6123 38.37 -78.88 -0.053 0.886 4.430 0.203 0.187 0.916
2006.6397 38.37 -78.88 -0.376 0.593 3.632 0.172 0.157 0.780
2006.6671 38.37 -78.88 -0.486 0.970 2.102 0.157 0.142 0.711
2006.6945 38.37 -78.88 -0.941 0.599 2.955 0.200 0.182 0.902
2006.7219 38.37 -78.88 -0.704 0.411 2.948 0.188 0.169 0.849
2006.7493 38.37 -78.88 -0.504 0.490 3.904 0.224 0.202 1.007
2006.7767 38.37 -78.88 -0.597 0.856 2.123 0.194 0.176 0.875
2006.8041 38.37 -78.88 -0.407 0.420 1.430 0.157 0.141 0.709
2006.8315 38.37 -78.88 -0.261 1.072 2.569 0.182 0.165 0.821
2006.8589 38.37 -78.88 -0.505 0.547 -1.537 0.177 0.160 0.800
2006.8863 38.37 -78.88 -0.439 0.416 -1.340 0.170 0.153 0.768
2006.9137 38.37 -78.88 -0.384 0.538 -1.570 0.166 0.147 0.747
2006.9411 38.37 -78.88 -0.309 0.254 -1.145 0.163 0.145 0.735
2006.9685 38.37 -78.88 -0.352 0.159 -2.616 0.163 0.142 0.731
2006.9959 38.37 -78.88 -0.230 -0.040 -0.867 0.163 0.139 0.726
2007.0233 38.37 -78.88 -0.134 -0.043 -1.595 0.152 0.128 0.676
2007.0507 38.37 -78.88 -0.192 -0.256 -0.179 0.158 0.134 0.704
2007.0781 38.37 -78.88 -0.320 -0.338 -1.512 0.161 0.142 0.724
2007.1055 38.37 -78.88 -0.090 -0.226 1.783 0.144 0.126 0.649
2007.1329 38.37 -78.88 0.121 -0.407 0.473 0.157 0.138 0.706
2007.1603 38.37 -78.88 0.003 -0.465 0.152 0.149 0.132 0.673
2007.1877 38.37 -78.88 0.127 -0.216 3.852 0.192 0.173 0.863
2007.2151 38.37 -78.88 0.030 -0.387 -0.699 0.171 0.154 0.771
2007.2425 38.37 -78.88 0.424 -0.177 -1.393 0.164 0.148 0.742
2007.2699 38.37 -78.88 0.308 -0.385 0.624 0.132 0.116 0.596
2007.2973 38.37 -78.88 0.406 -0.316 -1.033 0.124 0.109 0.563
2007.3247 38.37 -78.88 0.368 -0.252 -1.860 0.151 0.135 0.684
2007.3521 38.37 -78.88 0.385 0.081 -0.095 0.165 0.149 0.746
2007.3795 38.37 -78.88 0.392 -0.092 0.432 0.173 0.157 0.782
2007.4068 38.37 -78.88 0.526 0.003 0.038 0.145 0.130 0.656
2007.4342 38.37 -78.88 0.341 0.012 0.090 0.139 0.123 0.628
2007.4616 38.37 -78.88 0.256 -0.206 2.329 0.181 0.165 0.817
2007.4890 38.37 -78.88 -0.107 0.273 0.403 0.140 0.123 0.631
2007.5164 38.37 -78.88 -0.127 0.797 3.519 0.147 0.132 0.666
2007.5438 38.37 -78.88 -0.141 0.471 3.785 0.143 0.127 0.646
2007.5712 38.37 -78.88 -0.234 0.226 2.738 0.147 0.131 0.664
2007.5986 38.37 -78.88 -0.534 0.431 4.588 0.179 0.161 0.808
2007.6260 38.37 -78.88 -0.376 0.570 4.727 0.147 0.130 0.663
2007.6534 38.37 -78.88 -0.433 0.800 5.592 0.149 0.132 0.673
2007.6808 38.37 -78.88 -0.549 0.457 5.601 0.157 0.138 0.708
2007.7082 38.37 -78.88 -0.359 0.810 6.557 0.118 0.100 0.532
2007.7356 38.37 -78.88 -0.362 1.054 5.514 0.162 0.142 0.726
2007.7630 38.37 -78.88 -0.622 0.926 5.155 0.126 0.106 0.566
2007.7904 38.37 -78.88 -0.353 0.757 5.614 0.159 0.141 0.714
2007.8178 38.37 -78.88 -0.407 0.502 3.991 0.182 0.163 0.819
2007.8452 38.37 -78.88 -0.345 0.762 4.166 0.149 0.131 0.673
2007.8726 38.37 -78.88 -0.209 0.901 4.896 0.173 0.153 0.780
2007.9000 38.37 -78.88 0.045 0.538 4.218 0.185 0.158 0.821
2007.9274 38.37 -78.88 0.157 0.400 1.515 0.179 0.161 0.809
2007.9548 38.37 -78.88 0.254 0.118 0.868 0.135 0.120 0.613
2007.9822 38.37 -78.88 0.209 0.297 -0.207 0.165 0.149 0.748
2008.0096 38.37 -78.88 0.152 0.195 0.966 0.145 0.130 0.659
2008.0370 38.37 -78.88 0.064 0.053 0.832 0.149 0.135 0.678
2008.0644 38.37 -78.88 0.199 0.161 1.031 0.171 0.157 0.777
2008.0918 38.37 -78.88 0.373 -0.031 0.163 0.139 0.123 0.629
2008.1192 38.37 -78.88 0.635 -0.055 0.768 0.161 0.147 0.733
2008.1466 38.37 -78.88 0.621 -0.173 -0.348 0.187 0.171 0.849
2008.1740 38.37 -78.88 0.849 -0.478 -1.669 0.164 0.149 0.745
2008.2014 38.37 -78.88 0.783 -0.218 -0.727 0.175 0.161 0.795
2008.2288 38.37 -78.88 0.749 -0.269 -1.467 0.206 0.185 0.930
2008.2562 38.37 -78.88 0.971 -0.163 1.296 0.191 0.173 0.866
2008.2836 38.37 -78.88 0.677 -0.404 -0.750 0.230 0.208 1.038
2008.3110 38.37 -78.88 0.946 -0.148 0.656 0.237 0.216 1.070
2008.3384 38.37 -78.88 0.854 -0.242 -0.851 0.176 0.159 0.794
2008.3658 38.37 -78.88 0.737 -0.193 -1.651 0.180 0.162 0.812
2008.3932 38.37 -78.88 0.506 -0.414 -0.860 0.164 0.146 0.741
2008.4205 38.37 -78.88 0.529 -0.523 1.180 0.144 0.127 0.648
2008.4479 38.37 -78.88 0.536 -0.667 2.176 0.145 0.130 0.657
2008.4753 38.37 -78.88 0.449 -0.248 2.866 0.141 0.125 0.639
2008.5027 38.37 -78.88 0.343 -0.141 2.738 0.173 0.153 0.777
2008.5301 38.37 -78.88 0.317 0.075 3.052 0.215 0.190 0.964
2008.5575 38.37 -78.88 0.226 0.128 3.059 0.141 0.122 0.633
2008.5849 38.37 -78.88 0.259 0.012 2.363 0.158 0.140 0.710
2008.6123 38.37 -78.88 0.352 0.288 2.279 0.133 0.115 0.598
2008.6397 38.37 -78.88 -0.007 0.093 3.388 0.145 0.127 0.654
2008.6671 38.37 -78.88 -0.253 0.163 3.584 0.140 0.122 0.628
2008.6945 38.37 -78.88 -0.322 0.428 2.790 0.135 0.117 0.609
2008.7219 38.37 -78.88 -0.178 0.197 3.159 0.155 0.137 0.696
2008.7493 38.37 -78.88 -0.508 0.548 4.554 0.140 0.124 0.633
2008.7767 38.37 -78.88 -0.319 0.399 5.965 0.163 0.146 0.734
2008.8041 38.37 -78.88 -0.421 0.217 3.471 0.164 0.148 0.739
2008.8315 38.37 -78.88 -0.529 0.607 3.686 0.185 0.167 0.835
2008.8589 38.37 -78.88 -0.419 0.719 4.064 0.215 0.196 0.973
2008.8863 38.37 -78.88 -0.307 0.630 2.998 0.207 0.188 0.935
2008.9137 38.37 -78.88 -0.206 0.503 1.332 0.197 0.179 0.890
2008.9411 38.37 -78.88 -0.261 0.450 1.863 0.206 0.187 0.933
2008.9685 38.37 -78.88 -0.107 0.123 0.516 0.193 0.174 0.874
2008.9945 38.37 -78.88 0.221 0.010 0.125 0.163 0.148 0.740
2009.0205 38.37 -78.88 0.486 -0.008 1.643 0.160 0.146 0.728
2009.0479 38.37 -78.88 0.432 0.353 0.252 0.160 0.146 0.729
2009.0753 38.37 -78.88 0.260 -0.213 -0.541 0.154 0.140 0.702
2009.1027 38.37 -78.88 0.450 -0.033 -0.822 0.191 0.175 0.868
2009.1301 38.37 -78.88 0.380 -0.140 -1.956 0.153 0.138 0.695
2009.1575 38.37 -78.88 0.228 -0.085 0.097 0.156 0.141 0.709
2009.1849 38.37 -78.88 0.384 -0.143 2.946 0.178 0.163 0.808
2009.2123 38.37 -78.88 0.470 -0.403 1.138 0.155 0.136 0.697
2009.2397 38.37 -78.88 0.502 -0.356 0.112 0.174 0.158 0.787
2009.2671 38.37 -78.88 0.314 -0.902 1.028 0.146 0.132 0.661
2009.2945 38.37 -78.88 0.370 -0.650 0.649 0.149 0.135 0.677
2009.3219 38.37 -78.88 0.489 -0.686 2.107 0.156 0.141 0.706
2009.3493 38.37 -78.88 0.308 -0.743 0.508 0.143 0.128 0.649
2009.3767 38.37 -78.88 0.461 -1.006 0.689 0.151 0.135 0.682
2009.4041 38.37 -78.88 0.499 -0.700 0.654 0.133 0.118 0.604
2009.4315 38.37 -78.88 0.731 -0.486 0.850 0.152 0.136 0.689
2009.4589 38.37 -78.88 0.480 0.042 0.114 0.130 0.114 0.588
2009.4863 38.37 -78.88 0.448 0.232 -2.520 0.143 0.126 0.646
2009.5137 38.37 -78.88 0.315 0.069 -0.408 0.138 0.118 0.620
2009.5411 38.37 -78.88 0.366 -0.030 -0.809 0.169 0.148 0.759
2009.5685 38.37 -78.88 0.265 -0.181 -0.192 0.182 0.158 0.816
2009.5959 38.37 -78.88 0.086 -0.227 -0.097 0.160 0.138 0.717
2009.6233 38.37 -78.88 -0.049 0.304 0.253 0.165 0.145 0.740
2009.6507 38.37 -78.88 0.250 -0.160 0.060 0.159 0.139 0.713
2009.6781 38.37 -78.88 0.032 0.112 2.990 0.169 0.150 0.761
2009.7055 38.37 -78.88 -0.273 0.625 2.824 0.175 0.157 0.787
2009.7329 38.37 -78.88 -0.363 0.304 3.557 0.169 0.151 0.760
2009.7603 38.37 -78.88 -0.199 0.612 2.925 0.192 0.173 0.866
2009.7877 38.37 -78.88 -0.106 0.333 2.629 0.177 0.159 0.800
2009.8151 38.37 -78.88 -0.037 0.071 3.493 0.190 0.172 0.856
2009.8425 38.37 -78.88 -0.254 0.312 -0.868 0.173 0.156 0.780
2009.8699 38.37 -78.88 -0.486 0.371 -0.277 0.165 0.149 0.747
2009.8973 38.37 -78.88 -0.452 0.420 1.579 0.155 0.139 0.699
2009.9247 38.37 -78.88 -0.511 0.385 -1.465 0.156 0.136 0.701
2009.9521 38.37 -78.88 -0.117 -0.510 -2.328 0.145 0.129 0.656
2009.9795 38.37 -78.88 -0.271 0.017 -2.574 0.149 0.133 0.675
2010.0068 38.37 -78.88 -0.066 -0.546 -2.551 0.187 0.170 0.846
2010.0342 38.37 -78.88 0.041 -0.366 0.017 0.147 0.131 0.666
2010.0616 38.37 -78.88 0.015 -0.289 -1.948 0.151 0.134 0.681
2010.0890 38.37 -78.88 -0.167 -0.590 -2.974 0.179 0.162 0.809
2010.1164 38.37 -78.88 -0.121 -0.432 -3.615 0.185 0.168 0.835
2010.1438 38.37 -78.88 0.259 -0.859 -2.963 0.179 0.160 0.807
2010.1712 38.37 -78.88 -0.011 -0.683 -3.226 0.171 0.153 0.772
2010.1986 38.37 -78.88 -0.004 -0.258 -3.490 0.164 0.146 0.740
2010.2260 38.37 -78.88 -0.201 -0.688 -1.242 0.179 0.160 0.807
2010.2534 38.37 -78.88 -0.310 -0.932 -2.921 0.185 0.164 0.833
2010.2808 38.37 -78.88 -0.061 -0.357 1.119 0.144 0.126 0.647
2010.3082 38.37 -78.88 0.105 -0.554 2.099 0.150 0.132 0.676
2010.3356 38.37 -78.88 0.216 -0.367 2.478 0.138 0.119 0.622
2010.3630 38.37 -78.88 0.255 -0.339 1.089 0.147 0.126 0.659
2010.3904 38.37 -78.88 0.138 -0.318 -1.616 0.153 0.123 0.672
2010.4178 38.37 -78.88 -0.067 -0.255 -1.282 0.156 0.134 0.700
2010.4452 38.37 -78.88 0.197 -0.326 -1.064 0.139 0.119 0.625
2010.4726 38.37 -78.88 0.090 0.071 0.329 0.126 0.107 0.567
2010.5000 38.37 -78.88 0.159 0.048 1.572 0.141 0.121 0.633
2010.5274 38.37 -78.88 0.152 0.116 2.067 0.214 0.193 0.962
2010.5548 38.37 -78.88 -0.412 -0.239 1.911 0.139 0.123 0.627
2010.5822 38.37 -78.88 -0.113 -0.288 0.441 0.126 0.111 0.570
2010.6096 38.37 -78.88 -0.468 0.031 1.568 0.160 0.145 0.724
2010.6370 38.37 -78.88 -0.478 -0.204 0.230 0.144 0.129 0.651
2010.6644 38.37 -78.88 -0.597 0.301 1.391 0.135 0.121 0.613
2010.6918 38.37 -78.88 -0.519 0.239 2.129 0.161 0.146 0.727
2010.7192 38.37 -78.88 -0.356 0.371 2.831 0.150 0.136 0.679
2010.7466 38.37 -78.88 -0.324 0.642 1.499 0.173 0.158 0.781
2010.7740 38.37 -78.88 -0.455 -0.084 2.681 0.143 0.128 0.648
2010.8014 38.37 -78.88 -0.329 0.346 3.882 0.136 0.122 0.616
2010.8288 38.37 -78.88 -0.105 0.405 1.307 0.154 0.139 0.697
2010.8562 38.37 -78.88 -0.155 0.356 2.052 0.152 0.137 0.685
2010.8836 38.37 -78.88 -0.187 0.354 1.594 0.142 0.126 0.641
2010.9110 38.37 -78.88 -0.010 0.085 0.648 0.154 0.138 0.695
2010.9384 38.37 -78.88 -0.076 -0.111 -0.976 0.159 0.144 0.719
2010.9658 38.37 -78.88 0.325 -0.205 -0.884 0.174 0.157 0.786
2010.9932 38.37 -78.88 0.044 -0.372 -1.218 0.156 0.100 0.643
2011.1027 38.37 -78.88 0.217 -0.257 -1.516 0.150 0.119 0.663
2011.1301 38.37 -78.88 0.084 0.314 -1.371 0.209 0.187 0.937
2011.1575 38.37 -78.88 0.427 -0.351 1.259 0.143 0.125 0.644
2011.1849 38.37 -78.88 -0.102 -0.435 -1.391 0.117 0.099 0.527
2011.2123 38.37 -78.88 0.383 -0.309 -1.718 0.178 0.160 0.800
2011.2397 38.37 -78.88 0.717 -0.538 -2.676 0.184 0.166 0.828
2011.2671 38.37 -78.88 0.629 -0.256 -1.897 0.151 0.135 0.680
2011.2945 38.37 -78.88 0.469 -0.541 -3.166 0.173 0.157 0.782
2011.3219 38.37 -78.88 0.720 -0.537 -1.002 0.163 0.147 0.735
2011.3493 38.37 -78.88 0.799 -0.528 1.288 0.148 0.132 0.667
2011.3767 38.37 -78.88 0.919 -0.097 -0.727 0.171 0.154 0.769
2011.4041 38.37 -78.88 0.938 -1.093 -1.401 0.152 0.136 0.687
2011.4315 38.37 -78.88 0.997 -0.571 0.587 0.163 0.132 0.714
2011.5137 38.37 -78.88 0.535 -0.672 0.776 0.145 0.123 0.649
2011.5411 38.37 -78.88 0.167 -0.441 2.537 0.150 0.132 0.675
2011.5685 38.37 -78.88 0.231 -0.325 3.244 0.148 0.129 0.664
2011.5959 38.37 -78.88 0.234 -0.361 2.006 0.157 0.138 0.706
2011.6233 38.37 -78.88 -0.092 -0.352 3.011 0.158 0.138 0.710
2011.6507 38.37 -78.88 0.298 0.007 3.723 0.183 0.163 0.821
2011.6781 38.37 -78.88 0.058 0.548 1.551 0.170 0.152 0.763
2011.7055 38.37 -78.88 0.086 0.572 0.478 0.170 0.152 0.763
2011.7329 38.37 -78.88 0.279 0.657 0.543 0.194 0.176 0.874
2011.7603 38.37 -78.88 0.505 0.581 -1.680 0.168 0.152 0.757
2011.7877 38.37 -78.88 0.125 0.558 1.649 0.178 0.161 0.802
2011.8151 38.37 -78.88 0.423 0.335 -0.401 0.175 0.158 0.788
2011.8425 38.37 -78.88 0.211 0.437 -0.524 0.188 0.171 0.847
2011.8699 38.37 -78.88 0.450 0.190 -0.239 0.186 0.161 0.827
2011.9521 38.37 -78.88 0.400 0.098 -4.394 0.134 0.096 0.572
2011.9795 38.37 -78.88 0.444 0.349 -4.315 0.154 0.135 0.690
2012.0068 38.37 -78.88 0.328 -0.054 -2.594 0.145 0.125 0.643
2012.0342 38.37 -78.88 0.234 0.230 -2.107 0.172 0.148 0.760
2012.0616 38.37 -78.88 0.561 -0.326 -1.683 0.151 0.129 0.668
2012.0890 38.37 -78.88 0.585 0.015 -2.538 0.150 0.126 0.660
2012.1164 38.37 -78.88 0.227 -0.499 -3.259 0.148 0.123 0.647
2012.1438 38.37 -78.88 0.458 -0.251 -0.474 0.153 0.126 0.669
2012.1712 38.37 -78.88 0.277 -0.260 -1.250 0.148 0.120 0.644
2012.1986 38.37 -78.88 0.301 -0.365 -0.638 0.135 0.107 0.587
2012.2260 38.37 -78.88 0.085 -0.168 0.035 0.136 0.110 0.592
2012.2534 38.37 -78.88 0.295 0.096 -0.450 0.132 0.107 0.576
2012.2808 38.37 -78.88 0.407 -0.193 1.743 0.124 0.099 0.538
2012.3082 38.37 -78.88 0.619 -0.259 1.770 0.158 0.100 0.648
2012.3904 38.37 -78.88 0.185 0.345 2.625 0.157 0.119 0.678
2012.4178 38.37 -78.88 0.632 0.019 0.277 0.114 0.091 0.496
2012.4452 38.37 -78.88 0.528 0.012 -0.626 0.113 0.089 0.493
2012.4726 38.37 -78.88 0.140 0.077 0.579 0.122 0.096 0.529
2012.5000 38.37 -78.88 0.203 0.178 1.232 0.116 0.092 0.507
2012.5274 38.37 -78.88 -0.097 0.527 1.609 0.123 0.098 0.534
2012.5548 38.37 -78.88 -0.277 0.226 1.263 0.123 0.098 0.533
2012.5822 38.37 -78.88 -0.473 0.417 0.856 0.129 0.104 0.562
2012.6096 38.37 -78.88 -0.207 0.333 1.130 0.127 0.104 0.554
2012.6370 38.37 -78.88 -0.256 0.410 1.719 0.117 0.096 0.515
2012.6644 38.37 -78.88 -0.768 0.425 1.529 0.127 0.106 0.560
2012.6918 38.37 -78.88 -0.544 0.236 2.495 0.130 0.110 0.575
2012.7192 38.37 -78.88 -0.638 0.590 3.142 0.154 0.134 0.683
2012.7466 38.37 -78.88 -0.708 0.200 4.010 0.124 0.088 0.524
2012.8562 38.37 -78.88 -0.042 0.752 1.605 0.162 0.140 0.717
2012.8836 38.37 -78.88 -0.050 0.823 0.760 0.149 0.134 0.670
2012.9110 38.37 -78.88 0.120 0.638 1.560 0.141 0.127 0.638
2012.9384 38.37 -78.88 0.359 0.775 1.114 0.139 0.121 0.624
2012.9658 38.37 -78.88 -0.042 0.393 1.471 0.151 0.137 0.683
2012.9918 38.37 -78.88 0.037 0.448 -2.554 0.077 0.068 0.355
2013.0178 38.37 -78.88 0.317 -0.065 0.864 0.090 0.080 0.410
2013.0452 38.37 -78.88 0.123 0.319 -0.133 0.090 0.079 0.409
2013.0726 38.37 -78.88 0.073 0.116 -1.817 0.083 0.073 0.380
2013.1000 38.37 -78.88 0.419 -0.239 -1.394 0.085 0.075 0.389
2013.1274 38.37 -78.88 0.519 0.201 -2.888 0.080 0.070 0.364
2013.1548 38.37 -78.88 0.559 0.182 0.241 0.078 0.063 0.350
2013.2644 38.37 -78.88 0.494 -0.371 -0.620 0.097 0.046 0.375
2013.2918 38.37 -78.88 0.453 0.011 -0.935 0.081 0.072 0.373
2013.3192 38.37 -78.88 0.429 -0.462 -0.673 0.089 0.080 0.408
2013.3466 38.37 -78.88 -0.214 -0.417 -2.592 0.091 0.082 0.418
2013.3740 38.37 -78.88 0.254 -0.488 -0.829 0.079 0.070 0.364
2013.4014 38.37 -78.88 0.023 -0.621 -2.283 0.081 0.073 0.374
2013.4288 38.37 -78.88 0.167 -0.222 -1.280 0.073 0.064 0.335
2013.4562 38.37 -78.88 0.054 -0.304 -2.931 0.074 0.065 0.341
2013.4836 38.37 -78.88 0.093 0.071 -2.487 0.076 0.067 0.348
2013.5110 38.37 -78.88 -0.390 -0.549 -4.799 0.084 0.075 0.386
2013.5384 38.37 -78.88 -0.151 -0.282 -4.002 0.084 0.071 0.381
2013.5658 38.37 -78.88 -0.078 -0.344 -3.307 0.087 0.077 0.396
2013.7575 38.37 -78.88 -0.451 0.106 -0.184 0.084 0.071 0.382
2013.7849 38.37 -78.88 -0.174 0.175 1.933 0.086 0.074 0.391
2013.8123 38.37 -78.88 -0.300 0.223 0.996 0.079 0.068 0.360
2013.8397 38.37 -78.88 -0.442 0.361 0.017 0.080 0.069 0.364
2013.8671 38.37 -78.88 -0.203 0.046 0.552 0.086 0.073 0.388
2013.8945 38.37 -78.88 -0.254 -0.531 -0.084 0.080 0.068 0.361
2013.9219 38.37 -78.88 -0.008 -0.233 -1.464 0.072 0.061 0.328
2013.9493 38.37 -78.88 -0.138 -0.105 -3.854 0.076 0.065 0.345
2013.9767 38.37 -78.88 -0.062 0.129 -2.077 0.077 0.065 0.350
2014.0041 38.37 -78.88 0.200 0.301 -3.932 0.074 0.063 0.339
2014.0315 38.37 -78.88 0.126 -0.280 -4.156 0.077 0.065 0.349
2014.1685 38.37 -78.88 0.479 -0.161 -1.870 0.082 0.069 0.370
2014.1959 38.37 -78.88 0.263 -0.545 -2.559 0.081 0.072 0.373
2014.2233 38.37 -78.88 0.303 -0.369 -3.329 0.078 0.068 0.356
2014.2507 38.37 -78.88 0.101 -0.388 -2.754 0.071 0.062 0.329
2014.2781 38.37 -78.88 0.474 -0.685 -3.858 0.075 0.066 0.346
2014.3055 38.37 -78.88 0.320 -0.767 -3.349 0.072 0.063 0.334
2014.3329 38.37 -78.88 0.602 -0.662 -5.260 0.060 0.052 0.281
2014.3603 38.37 -78.88 0.300 -0.832 -5.126 0.068 0.059 0.313
2014.3877 38.37 -78.88 0.894 -0.706 -1.635 0.068 0.059 0.314
2014.4151 38.37 -78.88 0.428 -1.005 -3.031 0.068 0.059 0.312
2014.4425 38.37 -78.88 0.946 -0.548 -2.970 0.072 0.062 0.329
2014.4699 38.37 -78.88 0.510 -0.463 -2.921 0.072 0.061 0.328
2014.5795 38.37 -78.88 0.577 -0.052 0.642 0.066 0.051 0.299
2014.6068 38.37 -78.88 0.314 -0.296 0.080 0.064 0.054 0.293
2014.6342 38.37 -78.88 0.458 0.090 -0.482 0.059 0.049 0.271
2014.6616 38.37 -78.88 0.225 -0.267 -0.313 0.064 0.055 0.296
2014.6890 38.37 -78.88 0.056 -0.261 -1.193 0.063 0.053 0.289
2014.7164 38.37 -78.88 0.248 -0.189 1.338 0.061 0.052 0.284
2014.7438 38.37 -78.88 0.256 0.004 2.057 0.066 0.057 0.305
2014.7712 38.37 -78.88 0.205 0.393 2.983 0.066 0.056 0.301
2014.7986 38.37 -78.88 0.313 -0.366 -0.783 0.059 0.050 0.273
2014.8260 38.37 -78.88 0.199 0.046 0.597 0.059 0.049 0.272
2014.8534 38.37 -78.88 0.262 -0.145 -1.070 0.062 0.052 0.286
2014.8808 38.37 -78.88 0.539 -0.307 -1.673 0.062 0.052 0.286
2014.9082 38.37 -78.88 0.425 -0.252 -2.187 0.064 0.053 0.291
2015.0452 38.37 -78.88 0.639 -0.154 -3.018 0.049 0.038 0.228
2015.0726 38.37 -78.88 0.549 -0.295 -1.925 0.053 0.039 0.240
2015.1000 38.37 -78.88 0.685 -0.232 -1.739 0.048 0.037 0.221
2015.1274 38.37 -78.88 0.475 0.147 -1.866 0.044 0.034 0.208
2015.1548 38.37 -78.88 0.605 -0.410 -2.760 0.051 0.038 0.232
2015.1822 38.37 -78.88 0.631 -0.835 -2.190 0.048 0.036 0.222
2015.2096 38.37 -78.88 0.502 -0.466 -4.410 0.063 0.050 0.281
2015.2370 38.37 -78.88 0.832 -0.372 -1.893 0.068 0.056 0.307
2015.2644 38.37 -78.88 0.903 0.189 0.049 0.059 0.050 0.275
2015.2918 38.37 -78.88 0.625 -0.989 -2.428 0.060 0.051 0.278
2015.3192 38.37 -78.88 0.554 -0.260 -0.880 0.058 0.049 0.269
2015.3466 38.37 -78.88 0.562 -0.293 0.856 0.063 0.052 0.288
2015.4836 38.37 -78.88 1.011 -0.280 -3.604 0.060 0.043 0.268
2015.5110 38.37 -78.88 1.143 -0.518 -3.112 0.057 0.044 0.260
2015.5384 38.37 -78.88 0.959 -0.723 -0.641 0.062 0.049 0.282
2015.5658 38.37 -78.88 0.786 -0.373 1.330 0.062 0.051 0.283
2015.5932 38.37 -78.88 0.562 0.075 0.229 0.064 0.054 0.292
2015.6205 38.37 -78.88 0.398 0.079 1.070 0.062 0.051 0.285
2015.6479 38.37 -78.88 0.400 -0.315 0.698 0.060 0.050 0.277
2015.6753 38.37 -78.88 0.190 -0.171 2.508 0.059 0.047 0.268
2015.7027 38.37 -78.88 0.347 0.042 4.961 0.063 0.053 0.289
2015.7301 38.37 -78.88 -0.072 0.233 5.153 0.064 0.052 0.289
2015.9493 38.37 -78.88 0.026 0.112 -6.441 0.061 0.052 0.283
2015.9767 38.37 -78.88 0.154 0.124 -2.052 0.064 0.054 0.292
2016.0041 38.37 -78.88 0.192 -0.743 -4.367 0.058 0.048 0.267
2016.0315 38.37 -78.88 0.492 -0.071 -3.568 0.055 0.046 0.256
2016.0589 38.37 -78.88 0.427 -0.071 -5.467 0.057 0.047 0.261
2016.0863 38.37 -78.88 0.275 -0.678 -1.408 0.052 0.043 0.242
2016.1137 38.37 -78.88 0.352 -0.728 -2.936 0.058 0.048 0.265
2016.1411 38.37 -78.88 0.356 -0.091 -3.078 0.068 0.057 0.306
2016.1685 38.37 -78.88 0.402 -1.273 2.605 0.072 0.062 0.327
2016.1959 38.37 -78.88 0.622 -0.496 -0.598 0.071 0.062 0.325
2016.2233 38.37 -78.88 0.637 -0.225 1.836 0.071 0.064 0.330
2016.2507 38.37 -78.88 0.809 -0.392 -0.556 0.060 0.050 0.277
2016.3603 38.37 -78.88 0.508 -0.176 0.550 0.056 0.047 0.260
2016.3877 38.37 -78.88 0.820 -0.074 -2.155 0.065 0.055 0.298
2016.4151 38.37 -78.88 0.765 -0.485 1.108 0.064 0.054 0.293
2016.4425 38.37 -78.88 0.522 -0.804 0.437 0.068 0.058 0.312
2016.4699 38.37 -78.88 0.402 -0.259 0.340 0.067 0.057 0.305
