2002.5877 34.73 -118.24 0.080 -0.044 -2.460 0.113 0.093 0.509
2002.6151 34.73 -118.24 -0.081 -0.699 -1.087 0.108 0.090 0.487
2002.6425 34.73 -118.24 -0.079 -0.387 0.091 0.110 0.091 0.496
2002.6699 34.73 -118.24 -0.275 -0.436 1.295 0.096 0.079 0.434
2002.6973 34.73 -118.24 -0.172 -0.223 0.928 0.161 0.072 0.605
2002.7247 34.73 -118.24 -0.511 -0.188 1.282 0.102 0.085 0.460
2002.7521 34.73 -118.24 -0.449 -0.224 1.849 0.095 0.080 0.430
2002.7795 34.73 -118.24 -0.497 -0.277 0.922 0.110 0.093 0.499
2002.8068 34.73 -118.24 -0.462 -0.473 2.790 0.098 0.082 0.443
2002.8342 34.73 -118.24 -0.619 -0.127 0.587 0.097 0.081 0.438
2002.8616 34.73 -118.24 -0.328 0.248 0.435 0.100 0.071 0.433
2002.8890 34.73 -118.24 -0.279 -0.079 -2.436 0.098 0.082 0.442
2002.9164 34.73 -118.24 -0.586 -0.438 -1.316 0.105 0.085 0.473
2003.0260 34.73 -118.24 0.020 -0.260 0.192 0.119 0.097 0.536
2003.0534 34.73 -118.24 0.082 0.338 0.867 0.193 0.161 0.852
2003.0808 34.73 -118.24 -0.095 0.064 -2.678 0.172 0.137 0.762
2003.1082 34.73 -118.24 0.144 -0.453 -2.861 0.101 0.080 0.455
2003.1356 34.73 -118.24 0.256 -0.172 -1.321 0.093 0.074 0.424
2003.1630 34.73 -118.24 0.374 0.014 -1.532 0.099 0.080 0.449
2003.1904 34.73 -118.24 0.261 0.034 -3.669 0.116 0.091 0.520
2003.2178 34.73 -118.24 0.248 -0.099 -2.659 0.098 0.079 0.443
2003.2452 34.73 -118.24 0.582 -0.280 -5.860 0.095 0.078 0.434
2003.2726 34.73 -118.24 0.309 -0.569 -2.812 0.093 0.076 0.423
2003.3000 34.73 -118.24 0.710 -0.285 -5.774 0.091 0.075 0.415
2003.3274 34.73 -118.24 0.844 -0.193 -4.608 0.118 0.098 0.533
2003.3548 34.73 -118.24 0.936 -0.291 -3.930 0.129 0.110 0.580
2003.3822 34.73 -118.24 0.702 -0.198 -2.657 0.118 0.094 0.529
2003.5192 34.73 -118.24 0.226 -0.329 0.281 0.123 0.106 0.554
2003.5466 34.73 -118.24 0.143 -0.662 -0.310 0.135 0.118 0.609
2003.5740 34.73 -118.24 -0.233 -0.715 -0.212 0.157 0.139 0.705
2003.6014 34.73 -118.24 -0.272 -0.713 -0.490 0.136 0.118 0.609
2003.6288 34.73 -118.24 -0.407 -0.998 -1.028 0.129 0.111 0.579
2003.6562 34.73 -118.24 -0.457 -0.494 1.440 0.138 0.119 0.618
2003.6836 34.73 -118.24 -0.457 -0.673 -0.196 0.136 0.118 0.610
2003.7110 34.73 -118.24 -0.468 -0.497 -0.104 0.107 0.090 0.484
2003.7384 34.73 -118.24 -0.834 -0.274 1.109 0.129 0.111 0.580
2003.7658 34.73 -118.24 -0.784 0.067 -0.335 0.119 0.102 0.534
2003.7932 34.73 -118.24 -0.813 -0.214 0.676 0.132 0.114 0.593
2003.8205 34.73 -118.24 -0.622 -0.228 2.949 0.143 0.120 0.634
2003.8479 34.73 -118.24 -0.909 -0.002 0.003 0.127 0.102 0.557
2003.8753 34.73 -118.24 -0.537 -0.074 1.542 0.132 0.113 0.589
2003.9027 34.73 -118.24 -0.519 0.019 -1.012 0.122 0.100 0.539
2003.9301 34.73 -118.24 -0.275 -0.220 -1.169 0.127 0.105 0.560
2003.9575 34.73 -118.24 -0.244 -0.273 0.473 0.141 0.120 0.626
2003.9849 34.73 -118.24 -0.089 -0.181 0.473 0.134 0.113 0.594
2004.0123 34.73 -118.24 0.149 -0.238 -0.109 0.144 0.120 0.635
2004.0397 34.73 -118.24 0.098 -0.267 -0.344 0.123 0.095 0.539
2004.0945 34.73 -118.24 0.303 -0.010 -0.161 0.115 0.089 0.504
2004.1219 34.73 -118.24 0.469 -0.241 -0.350 0.122 0.099 0.534
2004.1493 34.73 -118.24 0.343 -0.676 -2.097 0.143 0.116 0.624
2004.1767 34.73 -118.24 0.389 -0.353 -3.257 0.152 0.125 0.663
2004.2041 34.73 -118.24 0.494 -0.661 -2.217 0.125 0.100 0.544
2004.2315 34.73 -118.24 0.438 -0.364 -2.547 0.127 0.101 0.552
2004.2589 34.73 -118.24 0.531 -0.258 -0.332 0.131 0.104 0.569
2004.2863 34.73 -118.24 0.572 -0.217 -3.957 0.132 0.104 0.570
2004.3137 34.73 -118.24 0.669 -0.135 -3.724 0.125 0.098 0.543
2004.3411 34.73 -118.24 0.600 -0.385 -3.378 0.137 0.108 0.591
2004.3685 34.73 -118.24 0.419 -0.306 -1.369 0.133 0.103 0.573
2004.3959 34.73 -118.24 0.363 -0.331 0.917 0.117 0.090 0.507
2004.4233 34.73 -118.24 0.374 0.011 0.682 0.112 0.086 0.487
2004.4507 34.73 -118.24 0.101 -0.398 -0.041 0.100 0.076 0.435
2004.4781 34.73 -118.24 0.152 -0.057 0.309 0.110 0.084 0.474
2004.5055 34.73 -118.24 0.323 -0.092 3.194 0.107 0.082 0.464
2004.5329 34.73 -118.24 -0.198 -0.285 2.133 0.101 0.077 0.441
2004.5603 34.73 -118.24 -0.204 -0.439 2.963 0.104 0.079 0.452
2004.5877 34.73 -118.24 -0.150 -0.329 1.323 0.105 0.080 0.456
2004.6151 34.73 -118.24 -0.445 -0.348 0.908 0.116 0.088 0.501
2004.6425 34.73 -118.24 -0.338 -0.022 0.986 0.099 0.075 0.432
2004.6699 34.73 -118.24 -0.453 -0.250 0.236 0.099 0.075 0.434
2004.6973 34.73 -118.24 -0.528 -0.113 0.266 0.093 0.071 0.410
2004.7247 34.73 -118.24 -0.365 -0.016 3.244 0.107 0.081 0.463
2004.7521 34.73 -118.24 -0.340 0.002 0.421 0.102 0.078 0.447
2004.7795 34.73 -118.24 -0.477 -0.101 1.035 0.100 0.076 0.434
2004.8068 34.73 -118.24 -0.545 0.048 1.918 0.110 0.084 0.476
2004.8342 34.73 -118.24 -0.395 0.215 -1.777 0.109 0.083 0.470
2004.8616 34.73 -118.24 -0.302 -0.122 -0.065 0.097 0.074 0.422
2004.8890 34.73 -118.24 -0.504 -0.013 -1.168 0.096 0.074 0.421
2004.9164 34.73 -118.24 -0.418 0.182 0.670 0.105 0.080 0.455
2004.9438 34.73 -118.24 -0.346 0.446 -1.467 0.116 0.089 0.506
2004.9712 34.73 -118.24 -0.439 0.110 -0.679 0.105 0.081 0.455
2004.9973 34.73 -118.24 -0.341 0.609 -2.468 0.102 0.079 0.444
2005.0233 34.73 -118.24 0.234 0.395 -3.353 0.117 0.092 0.507
2005.0507 34.73 -118.24 0.389 0.791 -6.378 0.169 0.140 0.734
2005.0781 34.73 -118.24 0.289 0.344 -7.108 0.130 0.104 0.564
2005.1055 34.73 -118.24 0.496 0.137 -5.675 0.129 0.104 0.561
2005.1329 34.73 -118.24 0.526 -0.004 -8.260 0.132 0.107 0.575
2005.1603 34.73 -118.24 0.581 0.485 -6.046 0.119 0.095 0.517
2005.1877 34.73 -118.24 0.605 0.169 -5.930 0.120 0.093 0.519
2005.2151 34.73 -118.24 0.703 0.479 -5.665 0.113 0.087 0.493
2005.2425 34.73 -118.24 1.050 0.435 -6.180 0.109 0.086 0.478
2005.2699 34.73 -118.24 1.056 0.518 -7.228 0.116 0.092 0.508
2005.2973 34.73 -118.24 1.015 0.574 -4.837 0.122 0.098 0.535
2005.3247 34.73 -118.24 0.870 0.546 -4.824 0.129 0.103 0.563
2005.3521 34.73 -118.24 1.003 0.332 -5.567 0.057 0.045 0.272
2005.3795 34.73 -118.24 1.207 0.251 -4.512 0.121 0.097 0.530
2005.4068 34.73 -118.24 0.764 0.046 -4.368 0.111 0.088 0.490
2005.4342 34.73 -118.24 0.960 0.130 -4.712 0.127 0.102 0.560
2005.4616 34.73 -118.24 0.775 -0.033 -3.282 0.116 0.093 0.509
2005.4890 34.73 -118.24 0.668 -0.314 -2.680 0.110 0.088 0.484
2005.5164 34.73 -118.24 0.453 0.173 -3.457 0.109 0.088 0.483
2005.5438 34.73 -118.24 0.259 -0.228 -2.673 0.118 0.096 0.523
2005.5712 34.73 -118.24 0.072 0.068 -0.456 0.129 0.106 0.567
2005.5986 34.73 -118.24 0.142 -0.162 -2.400 0.131 0.108 0.579
2005.6260 34.73 -118.24 -0.186 0.325 -1.598 0.117 0.095 0.516
2005.6534 34.73 -118.24 -0.119 0.407 -2.658 0.123 0.101 0.542
2005.6808 34.73 -118.24 -0.263 0.129 -2.390 0.120 0.099 0.533
2005.7082 34.73 -118.24 -0.303 0.132 -3.852 0.145 0.122 0.640
2005.7356 34.73 -118.24 -0.416 0.314 -1.985 0.127 0.107 0.566
2005.7630 34.73 -118.24 -0.369 -0.095 -3.733 0.128 0.108 0.568
2005.7904 34.73 -118.24 -0.271 0.209 -2.067 0.120 0.101 0.535
2005.8178 34.73 -118.24 -0.408 0.066 -0.060 0.123 0.104 0.549
2005.8452 34.73 -118.24 -0.370 0.433 1.531 0.132 0.111 0.588
2005.8726 34.73 -118.24 -0.308 0.206 0.540 0.115 0.096 0.512
2005.9000 34.73 -118.24 -0.250 -0.175 -0.710 0.112 0.093 0.500
2005.9274 34.73 -118.24 -0.288 0.423 -1.719 0.118 0.091 0.519
2005.9548 34.73 -118.24 -0.132 0.001 -1.781 0.115 0.090 0.528
2005.9822 34.73 -118.24 0.073 -0.713 -0.395 0.111 0.089 0.497
2006.0096 34.73 -118.24 0.460 -0.515 -1.750 0.120 0.099 0.535
2006.0370 34.73 -118.24 0.580 -0.260 -1.935 0.151 0.126 0.668
2006.0644 34.73 -118.24 0.398 -0.285 -2.514 0.153 0.128 0.680
2006.0918 34.73 -118.24 0.733 -0.111 -1.739 0.152 0.129 0.675
2006.1192 34.73 -118.24 0.865 -0.036 -4.269 0.171 0.148 0.760
2006.1466 34.73 -118.24 1.070 0.024 -3.497 0.135 0.115 0.604
2006.1740 34.73 -118.24 1.223 0.074 -4.537 0.151 0.131 0.673
2006.2014 34.73 -118.24 1.014 -0.225 -4.835 0.118 0.101 0.530
2006.2288 34.73 -118.24 0.896 -0.165 -4.952 0.151 0.133 0.679
2006.2562 34.73 -118.24 1.256 -0.374 -6.275 0.142 0.125 0.637
2006.2836 34.73 -118.24 1.263 -0.608 -6.148 0.139 0.122 0.625
2006.3110 34.73 -118.24 1.402 0.056 -5.923 0.148 0.131 0.667
2006.3384 34.73 -118.24 1.122 -0.106 -4.451 0.134 0.119 0.606
2006.3658 34.73 -118.24 0.963 -0.043 -4.655 0.149 0.132 0.670
2006.3932 34.73 -118.24 1.131 -0.070 -3.235 0.147 0.130 0.660
2006.4205 34.73 -118.24 0.852 0.207 -6.151 0.147 0.130 0.663
2006.4479 34.73 -118.24 1.024 -0.108 -3.794 0.162 0.139 0.723
2006.4753 34.73 -118.24 0.952 -0.510 -1.721 0.164 0.144 0.736
2006.5027 34.73 -118.24 0.523 -0.561 -1.809 0.170 0.151 0.764
2006.5301 34.73 -118.24 0.234 -0.195 -0.875 0.201 0.181 0.904
2006.5575 34.73 -118.24 0.134 0.244 -2.585 0.160 0.143 0.723
2006.5849 34.73 -118.24 -0.131 -0.150 -2.510 0.165 0.147 0.743
2006.6123 34.73 -118.24 -0.060 -0.338 -2.270 0.202 0.184 0.910
2006.6397 34.73 -118.24 -0.158 -0.602 -2.815 0.172 0.155 0.774
2006.6671 34.73 -118.24 -0.447 -0.516 -2.373 0.156 0.139 0.706
2006.6945 34.73 -118.24 -0.377 -0.506 -2.716 0.199 0.179 0.895
2006.7219 34.73 -118.24 -0.646 -0.269 0.508 0.187 0.166 0.842
2006.7493 34.73 -118.24 -0.335 -0.326 -0.394 0.223 0.198 0.998
2006.7767 34.73 -118.24 -0.683 -0.243 -0.221 0.193 0.173 0.868
2006.8041 34.73 -118.24 -0.352 0.200 -2.380 0.156 0.138 0.703
2006.8315 34.73 -118.24 -0.273 -0.031 -2.186 0.181 0.162 0.814
2006.8589 34.73 -118.24 -0.522 -0.508 -1.259 0.177 0.157 0.793
2006.8863 34.73 -118.24 -0.244 0.048 -2.093 0.169 0.150 0.761
2006.9137 34.73 -118.24 -0.030 -0.175 -0.557 0.165 0.144 0.740
2006.9411 34.73 -118.24 0.058 -0.328 -1.910 0.162 0.141 0.727
2006.9685 34.73 -118.24 0.049 -0.355 -0.543 0.162 0.139 0.723
2006.9959 34.73 -118.24 0.177 -0.066 -3.422 0.162 0.136 0.718
2007.0233 34.73 -118.24 0.088 -0.191 -1.209 0.150 0.124 0.668
2007.0507 34.73 -118.24 0.298 0.257 -1.621 0.157 0.131 0.696
2007.0781 34.73 -118.24 0.291 0.256 -1.852 0.160 0.139 0.717
2007.1055 34.73 -118.24 0.395 0.020 -1.783 0.143 0.123 0.642
2007.1329 34.73 -118.24 0.756 -0.237 -2.589 0.156 0.135 0.699
2007.1603 34.73 -118.24 0.618 -0.210 -3.681 0.148 0.129 0.666
2007.1877 34.73 -118.24 0.678 0.258 -2.479 0.191 0.170 0.855
2007.2151 34.73 -118.24 0.522 -0.290 -2.005 0.170 0.151 0.764
2007.2425 34.73 -118.24 0.618 0.068 -1.415 0.163 0.145 0.735
2007.2699 34.73 -118.24 0.881 0.223 -0.947 0.131 0.113 0.590
2007.2973 34.73 -118.24 0.922 -0.235 -1.820 0.124 0.106 0.558
2007.3247 34.73 -118.24 1.050 -0.106 -3.122 0.150 0.133 0.677
2007.3521 34.73 -118.24 0.887 -0.287 -2.172 0.164 0.146 0.740
2007.3795 34.73 -118.24 0.483 -0.052 -3.127 0.172 0.154 0.776
2007.4068 34.73 -118.24 0.645 0.010 0.271 0.144 0.127 0.650
2007.4342 34.73 -118.24 0.797 0.331 -1.932 0.138 0.121 0.622
2007.4616 34.73 -118.24 0.577 0.048 -2.334 0.180 0.161 0.810
2007.4890 34.73 -118.24 0.428 0.142 -0.693 0.139 0.121 0.626
2007.5164 34.73 -118.24 0.110 -0.205 -2.760 0.147 0.129 0.660
2007.5438 34.73 -118.24 -0.109 -0.402 -1.391 0.142 0.124 0.640
2007.5712 34.73 -118.24 -0.254 -0.295 -1.412 0.146 0.128 0.657
2007.5986 34.73 -118.24 -0.397 -0.218 -1.271 0.178 0.158 0.801
2007.6260 34.73 -118.24 -0.406 -0.268 0.814 0.146 0.127 0.657
2007.6534 34.73 -118.24 -0.472 -0.337 0.360 0.149 0.129 0.667
2007.6808 34.73 -118.24 -0.686 -0.697 -0.364 0.156 0.135 0.700
2007.7082 34.73 -118.24 -0.589 -0.439 0.135 0.117 0.097 0.526
2007.7356 34.73 -118.24 -0.634 -0.234 1.087 0.161 0.138 0.718
2007.7630 34.73 -118.24 -0.725 0.089 2.875 0.125 0.103 0.559
2007.7904 34.73 -118.24 -0.385 0.210 0.481 0.158 0.137 0.708
2007.8178 34.73 -118.24 -0.532 -0.000 1.502 0.181 0.160 0.812
2007.8452 34.73 -118.24 -0.322 0.269 1.519 0.148 0.128 0.666
2007.8726 34.73 -118.24 -0.425 0.396 -0.908 0.172 0.150 0.772
2007.9000 34.73 -118.24 -0.535 0.140 0.213 0.184 0.155 0.814
2007.9274 34.73 -118.24 -0.456 0.037 -0.287 0.178 0.157 0.802
2007.9548 34.73 -118.24 -0.394 -0.030 -1.539 0.134 0.117 0.607
2007.9822 34.73 -118.24 -0.385 -0.075 0.359 0.165 0.146 0.742
2008.0096 34.73 -118.24 -0.246 0.026 -0.458 0.145 0.128 0.653
2008.0370 34.73 -118.24 0.062 -0.014 -2.583 0.149 0.132 0.672
2008.0644 34.73 -118.24 0.052 0.241 -0.965 0.171 0.154 0.771
2008.0918 34.73 -118.24 0.273 -0.015 -3.035 0.138 0.121 0.623
2008.1192 34.73 -118.24 0.309 0.327 -1.766 0.161 0.144 0.727
2008.1466 34.73 -118.24 0.535 0.318 -1.364 0.186 0.168 0.842
2008.1740 34.73 -118.24 0.772 0.344 -5.027 0.163 0.146 0.739
2008.2014 34.73 -118.24 0.732 -0.372 -3.039 0.174 0.158 0.789
2008.2288 34.73 -118.24 0.882 0.884 -2.083 0.205 0.181 0.922
2008.2562 34.73 -118.24 0.720 -0.324 -3.051 0.190 0.170 0.859
2008.2836 34.73 -118.24 0.706 -0.424 -1.884 0.229 0.204 1.029
2008.3110 34.73 -118.24 0.776 0.002 -2.278 0.236 0.212 1.061
2008.3384 34.73 -118.24 0.859 0.180 -1.359 0.175 0.156 0.788
2008.3658 34.73 -118.24 0.655 -0.007 -2.463 0.179 0.158 0.804
2008.3932 34.73 -118.24 0.688 0.104 -1.296 0.163 0.143 0.734
2008.4205 34.73 -118.24 0.718 0.232 -2.392 0.143 0.124 0.643
2008.4479 34.73 -118.24 0.494 0.179 -1.003 0.145 0.127 0.651
2008.4753 34.73 -118.24 0.520 0.102 0.431 0.141 0.123 0.633
2008.5027 34.73 -118.24 0.150 -0.214 1.594 0.172 0.150 0.770
2008.5301 34.73 -118.24 -0.238 -0.682 2.578 0.213 0.186 0.954
2008.5575 34.73 -118.24 -0.385 -0.104 -1.599 0.140 0.118 0.626
2008.5849 34.73 -118.24 -0.274 -0.189 2.043 0.157 0.138 0.704
2008.6123 34.73 -118.24 -0.250 -0.350 1.209 0.132 0.112 0.592
2008.6397 34.73 -118.24 -0.463 -0.068 0.231 0.145 0.124 0.647
2008.6671 34.73 -118.24 -0.506 0.065 -0.981 0.139 0.119 0.622
2008.6945 34.73 -118.24 -0.579 0.305 0.090 0.135 0.115 0.603
2008.7219 34.73 -118.24 -0.726 0.250 0.449 0.154 0.134 0.690
2008.7493 34.73 -118.24 -0.700 0.245 0.500 0.139 0.122 0.627
2008.7767 34.73 -118.24 -0.699 0.202 -0.086 0.162 0.144 0.728
2008.8041 34.73 -118.24 -0.623 0.061 1.071 0.163 0.145 0.733
2008.8315 34.73 -118.24 -0.672 0.129 0.874 0.184 0.164 0.828
2008.8589 34.73 -118.24 -0.529 0.028 2.194 0.214 0.192 0.965
2008.8863 34.73 -118.24 -0.695 0.042 0.684 0.206 0.184 0.927
2008.9137 34.73 -118.24 -0.543 -0.060 0.459 0.196 0.176 0.883
2008.9411 34.73 -118.24 -0.303 -0.002 1.363 0.205 0.183 0.926
2008.9685 34.73 -118.24 -0.566 -0.324 0.945 0.192 0.171 0.866
2008.9945 34.73 -118.24 -0.256 0.192 -0.890 0.162 0.145 0.735
2009.0205 34.73 -118.24 0.221 0.415 0.272 0.159 0.144 0.723
2009.0479 34.73 -118.24 -0.145 0.018 -1.538 0.160 0.144 0.724
2009.0753 34.73 -118.24 0.064 -0.073 -2.319 0.154 0.137 0.696
2009.1027 34.73 -118.24 0.292 -0.173 0.453 0.190 0.172 0.862
2009.1301 34.73 -118.24 0.317 -0.315 -0.697 0.152 0.136 0.690
2009.1575 34.73 -118.24 0.287 -0.258 -1.611 0.155 0.138 0.703
2009.1849 34.73 -118.24 0.393 -0.210 -0.100 0.177 0.161 0.802
2009.2123 34.73 -118.24 0.410 0.369 2.518 0.154 0.134 0.692
2009.2397 34.73 -118.24 0.511 -0.206 1.674 0.173 0.155 0.781
2009.2671 34.73 -118.24 0.835 0.206 1.910 0.145 0.129 0.656
2009.2945 34.73 -118.24 0.915 0.483 0.455 0.148 0.132 0.672
2009.3219 34.73 -118.24 0.732 -0.247 1.007 0.155 0.138 0.701
2009.3493 34.73 -118.24 0.769 0.304 0.542 0.143 0.126 0.644
2009.3767 34.73 -118.24 0.677 0.364 1.501 0.150 0.132 0.676
2009.4041 34.73 -118.24 0.436 0.225 2.556 0.133 0.115 0.599
2009.4315 34.73 -118.24 0.495 0.474 2.855 0.152 0.134 0.683
2009.4589 34.73 -118.24 0.427 0.324 1.286 0.129 0.111 0.583
2009.4863 34.73 -118.24 0.243 -0.356 -0.253 0.142 0.122 0.639
2009.5137 34.73 -118.24 0.046 -0.364 1.612 0.137 0.115 0.613
2009.5411 34.73 -118.24 0.163 -0.406 2.535 0.168 0.144 0.751
2009.5685 34.73 -118.24 -0.312 -0.260 0.895 0.181 0.154 0.807
2009.5959 34.73 -118.24 -0.402 -0.498 1.409 0.159 0.135 0.709
2009.6233 34.73 -118.24 -0.436 -0.551 2.846 0.164 0.141 0.732
2009.6507 34.73 -118.24 -0.476 -0.379 4.067 0.158 0.136 0.706
2009.6781 34.73 -118.24 -0.427 -0.481 2.421 0.168 0.148 0.755
2009.7055 34.73 -118.24 -0.444 -0.368 2.494 0.174 0.154 0.780
2009.7329 34.73 -118.24 -0.738 0.041 3.167 0.168 0.148 0.754
2009.7603 34.73 -118.24 -0.654 -0.202 3.936 0.191 0.169 0.859
2009.7877 34.73 -118.24 -0.648 0.289 2.394 0.176 0.156 0.793
2009.8151 34.73 -118.24 -0.224 -0.032 2.403 0.189 0.168 0.849
2009.8425 34.73 -118.24 -0.454 0.205 1.205 0.172 0.153 0.774
2009.8699 34.73 -118.24 -0.555 0.060 0.394 0.164 0.146 0.741
2009.8973 34.73 -118.24 -0.552 0.008 1.518 0.154 0.136 0.694
2009.9247 34.73 -118.24 -0.646 0.133 -0.075 0.155 0.133 0.694
2009.9521 34.73 -118.24 -0.551 0.536 -1.719 0.144 0.127 0.651
2009.9795 34.73 -118.24 -0.188 -0.025 -0.250 0.148 0.130 0.669
2010.0068 34.73 -118.24 -0.368 -0.142 0.646 0.186 0.167 0.839
2010.0342 34.73 -118.24 -0.217 0.046 1.550 0.146 0.129 0.660
2010.0616 34.73 -118.24 0.082 0.222 1.420 0.150 0.132 0.675
2010.0890 34.73 -118.24 0.027 0.543 0.530 0.178 0.160 0.803
2010.1164 34.73 -118.24 0.063 0.718 -2.289 0.184 0.165 0.829
2010.1438 34.73 -118.24 0.338 0.561 -2.193 0.178 0.157 0.800
2010.1712 34.73 -118.24 0.411 0.648 -6.213 0.170 0.150 0.766
2010.1986 34.73 -118.24 0.659 0.338 -2.832 0.163 0.144 0.734
2010.2260 34.73 -118.24 0.723 0.062 -3.671 0.178 0.157 0.800
2010.2534 34.73 -118.24 0.440 0.556 -0.266 0.184 0.161 0.826
2010.2808 34.73 -118.24 0.481 0.338 -1.314 0.143 0.123 0.641
2010.3082 34.73 -118.24 0.618 0.447 -0.661 0.149 0.129 0.670
2010.3356 34.73 -118.24 0.665 0.354 -1.766 0.137 0.116 0.615
2010.3630 34.73 -118.24 0.739 0.188 -1.763 0.146 0.123 0.652
2010.3904 34.73 -118.24 0.602 -0.020 -0.169 0.152 0.119 0.663
2010.4178 34.73 -118.24 0.947 0.018 2.001 0.155 0.131 0.691
2010.4452 34.73 -118.24 0.514 0.427 -0.964 0.138 0.116 0.618
2010.4726 34.73 -118.24 0.575 0.422 -1.054 0.125 0.103 0.560
2010.5000 34.73 -118.24 0.572 0.140 -0.345 0.140 0.118 0.626
2010.5274 34.73 -118.24 -0.243 0.288 0.939 0.212 0.190 0.954
2010.5548 34.73 -118.24 0.069 0.180 -0.041 0.138 0.121 0.622
2010.5822 34.73 -118.24 -0.134 0.190 0.005 0.125 0.109 0.565
2010.6096 34.73 -118.24 -0.407 0.166 -1.010 0.159 0.142 0.718
2010.6370 34.73 -118.24 -0.388 0.153 -0.964 0.143 0.127 0.646
2010.6644 34.73 -118.24 -0.494 0.425 1.082 0.135 0.119 0.608
2010.6918 34.73 -118.24 -0.682 -0.170 0.727 0.160 0.143 0.722
2010.7192 34.73 -118.24 -0.582 0.214 -0.903 0.149 0.133 0.674
2010.7466 34.73 -118.24 -0.439 0.192 -1.342 0.172 0.155 0.775
2010.7740 34.73 -118.24 -0.819 0.486 2.558 0.142 0.125 0.643
2010.8014 34.73 -118.24 -0.686 0.109 -0.293 0.135 0.119 0.611
2010.8288 34.73 -118.24 -0.618 -0.070 -0.891 0.153 0.137 0.691
2010.8562 34.73 -118.24 -0.417 -0.155 0.521 0.151 0.134 0.680
2010.8836 34.73 -118.24 -0.329 0.293 0.468 0.141 0.124 0.635
2010.9110 34.73 -118.24 -0.218 0.496 -0.521 0.153 0.135 0.689
2010.9384 34.73 -118.24 -0.133 0.569 -0.876 0.159 0.141 0.713
2010.9658 34.73 -118.24 0.102 0.201 -0.885 0.174 0.154 0.779
2010.9932 34.73 -118.24 0.085 0.290 -1.446 0.153 0.098 0.629
2011.1027 34.73 -118.24 0.443 0.197 -4.324 0.149 0.115 0.653
2011.1301 34.73 -118.24 0.821 0.089 -1.365 0.208 0.183 0.928
2011.1575 34.73 -118.24 0.717 -0.165 -3.704 0.142 0.121 0.637
2011.1849 34.73 -118.24 0.765 0.533 -4.421 0.116 0.096 0.520
2011.2123 34.73 -118.24 0.672 0.330 -5.686 0.177 0.156 0.793
2011.2397 34.73 -118.24 1.036 0.062 -6.625 0.183 0.163 0.821
2011.2671 34.73 -118.24 1.117 -0.348 -2.997 0.150 0.132 0.674
2011.2945 34.73 -118.24 1.217 0.123 -3.401 0.172 0.154 0.775
2011.3219 34.73 -118.24 1.149 0.003 -2.580 0.162 0.144 0.729
2011.3493 34.73 -118.24 1.179 0.022 -3.196 0.147 0.129 0.661
2011.3767 34.73 -118.24 1.269 0.043 -2.628 0.170 0.151 0.763
2011.4041 34.73 -118.24 1.259 0.020 -3.620 0.152 0.133 0.681
2011.4315 34.73 -118.24 1.235 -0.132 -2.641 0.161 0.129 0.707
2011.5137 34.73 -118.24 0.741 0.113 -1.889 0.144 0.120 0.641
2011.5411 34.73 -118.24 0.458 0.169 -1.891 0.149 0.129 0.668
2011.5685 34.73 -118.24 0.377 -0.024 -0.647 0.147 0.126 0.657
2011.5959 34.73 -118.24 0.278 0.224 -0.395 0.156 0.135 0.698
2011.6233 34.73 -118.24 -0.059 0.255 -3.523 0.157 0.135 0.702
2011.6507 34.73 -118.24 -0.204 0.192 -2.131 0.182 0.160 0.813
2011.6781 34.73 -118.24 0.116 -0.018 -2.533 0.169 0.149 0.756
2011.7055 34.73 -118.24 -0.290 -0.397 -2.406 0.169 0.149 0.756
2011.7329 34.73 -118.24 -0.485 0.040 -2.747 0.193 0.173 0.867
2011.7603 34.73 -118.24 -0.020 0.388 -1.561 0.167 0.149 0.750
2011.7877 34.73 -118.24 -0.182 0.207 -3.176 0.177 0.158 0.795
2011.8151 34.73 -118.24 -0.136 -0.165 -1.855 0.174 0.155 0.782
2011.8425 34.73 -118.24 -0.400 -0.017 -2.793 0.187 0.168 0.841
2011.8699 34.73 -118.24 0.139 -0.465 1.693 0.185 0.159 0.820
2011.9521 34.73 -118.24 -0.072 0.298 -0.552 0.132 0.094 0.565
2011.9795 34.73 -118.24 -0.203 0.109 -0.452 0.154 0.133 0.684
2012.0068 34.73 -118.24 -0.128 0.087 -1.193 0.144 0.123 0.639
2012.0342 34.73 -118.24 0.051 0.060 1.002 0.171 0.145 0.754
2012.0616 34.73 -118.24 -0.013 0.225 -0.714 0.150 0.126 0.662
2012.0890 34.73 -118.24 0.044 0.049 -0.556 0.149 0.124 0.654
2012.1164 34.73 -118.24 0.394 0.229 -0.760 0.147 0.120 0.643
2012.1438 34.73 -118.24 0.142 -0.052 -2.107 0.152 0.124 0.663
2012.1712 34.73 -118.24 0.129 -0.059 -2.291 0.147 0.117 0.639
2012.1986 34.73 -118.24 0.299 -0.000 -0.829 0.133 0.106 0.582
2012.2260 34.73 -118.24 0.449 -0.153 -0.731 0.135 0.108 0.588
2012.2534 34.73 -118.24 0.721 0.029 0.997 0.131 0.105 0.572
2012.2808 34.73 -118.24 0.807 0.240 -1.590 0.122 0.098 0.535
2012.3082 34.73 -118.24 0.564 0.074 -0.392 0.156 0.095 0.636
2012.3904 34.73 -118.24 0.303 -0.479 -1.857 0.155 0.117 0.671
2012.4178 34.73 -118.24 0.466 -0.136 1.389 0.113 0.090 0.494
2012.4452 34.73 -118.24 0.432 -0.445 -1.044 0.112 0.088 0.491
2012.4726 34.73 -118.24 0.398 -0.342 1.501 0.120 0.095 0.526
2012.5000 34.73 -118.24 0.086 -0.195 2.038 0.115 0.090 0.503
2012.5274 34.73 -118.24 -0.113 -0.411 -0.066 0.122 0.097 0.531
2012.5548 34.73 -118.24 0.037 -0.137 -1.168 0.121 0.097 0.530
2012.5822 34.73 -118.24 -0.535 -0.349 -0.443 0.128 0.102 0.558
2012.6096 34.73 -118.24 -0.553 -0.507 0.518 0.126 0.102 0.550
2012.6370 34.73 -118.24 -0.514 -0.341 1.875 0.116 0.095 0.512
2012.6644 34.73 -118.24 -0.701 -0.168 -0.441 0.126 0.104 0.555
2012.6918 34.73 -118.24 -0.725 -0.300 0.942 0.129 0.108 0.571
2012.7192 34.73 -118.24 -0.630 -0.348 -0.385 0.153 0.132 0.678
2012.7466 34.73 -118.24 -0.880 0.014 -0.807 0.123 0.085 0.518
2012.8562 34.73 -118.24 -0.653 -0.346 2.175 0.161 0.138 0.712
2012.8836 34.73 -118.24 -0.709 -0.217 0.671 0.148 0.132 0.666
2012.9110 34.73 -118.24 -0.462 -0.079 1.659 0.141 0.125 0.633
2012.9384 34.73 -118.24 -0.268 0.079 1.954 0.138 0.119 0.618
2012.9658 34.73 -118.24 -0.194 0.176 0.153 0.150 0.135 0.678
2012.9918 34.73 -118.24 0.068 0.467 -0.199 0.077 0.066 0.354
2013.0178 34.73 -118.24 -0.035 0.093 -0.339 0.089 0.078 0.408
2013.0452 34.73 -118.24 0.161 -0.099 -0.205 0.089 0.078 0.406
2013.0726 34.73 -118.24 0.112 -0.241 1.418 0.082 0.072 0.378
2013.1000 34.73 -118.24 0.120 -0.112 0.751 0.084 0.074 0.387
2013.1274 34.73 -118.24 0.376 0.064 0.337 0.079 0.068 0.362
2013.1548 34.73 -118.24 0.319 -0.386 0.006 0.077 0.061 0.348
2013.2644 34.73 -118.24 0.409 -0.056 2.067 0.094 0.044 0.365
2013.2918 34.73 -118.24 0.411 -0.094 3.166 0.081 0.070 0.371
2013.3192 34.73 -118.24 0.316 -0.099 3.272 0.089 0.078 0.406
2013.3466 34.73 -118.24 0.305 -0.352 0.538 0.091 0.080 0.416
2013.3740 34.73 -118.24 0.243 -0.241 2.869 0.078 0.069 0.362
2013.4014 34.73 -118.24 0.199 -0.085 4.087 0.081 0.071 0.372
2013.4288 34.73 -118.24 0.112 -0.292 2.940 0.072 0.062 0.334
2013.4562 34.73 -118.24 0.085 -0.149 3.672 0.074 0.063 0.340
2013.4836 34.73 -118.24 0.012 -0.177 3.517 0.075 0.065 0.346
2013.5110 34.73 -118.24 -0.013 -0.186 2.825 0.084 0.073 0.384
2013.5384 34.73 -118.24 -0.585 0.016 5.261 0.084 0.069 0.378
2013.5658 34.73 -118.24 -0.772 0.087 3.494 0.086 0.075 0.394
2013.7575 34.73 -118.24 -1.104 0.202 5.153 0.084 0.069 0.378
2013.7849 34.73 -118.24 -0.999 0.634 2.361 0.086 0.072 0.388
2013.8123 34.73 -118.24 -0.903 0.513 3.307 0.079 0.066 0.357
2013.8397 34.73 -118.24 -0.854 0.181 5.560 0.079 0.067 0.361
2013.8671 34.73 -118.24 -0.778 0.263 2.955 0.085 0.071 0.384
2013.8945 34.73 -118.24 -0.795 0.596 2.636 0.079 0.066 0.358
2013.9219 34.73 -118.24 -0.807 0.203 0.890 0.071 0.059 0.325
2013.9493 34.73 -118.24 -0.633 0.477 2.373 0.075 0.062 0.341
2013.9767 34.73 -118.24 -0.674 0.128 2.576 0.076 0.063 0.347
2014.0041 34.73 -118.24 -0.626 -0.144 5.222 0.074 0.061 0.336
2014.0315 34.73 -118.24 -0.390 0.555 5.167 0.076 0.063 0.346
2014.1685 34.73 -118.24 0.045 -0.032 7.223 0.081 0.067 0.367
2014.1959 34.73 -118.24 0.232 -0.410 5.775 0.081 0.070 0.371
2014.2233 34.73 -118.24 0.230 0.010 4.251 0.077 0.066 0.354
2014.2507 34.73 -118.24 0.284 -0.212 5.731 0.071 0.061 0.327
2014.2781 34.73 -118.24 0.041 -0.266 4.210 0.075 0.065 0.345
2014.3055 34.73 -118.24 0.198 0.248 4.148 0.072 0.062 0.333
2014.3329 34.73 -118.24 -0.404 0.296 4.690 0.060 0.050 0.280
2014.3603 34.73 -118.24 -0.158 0.330 4.502 0.067 0.058 0.312
2014.3877 34.73 -118.24 0.053 -0.242 3.341 0.067 0.058 0.313
2014.4151 34.73 -118.24 0.053 0.339 4.175 0.067 0.057 0.311
2014.4425 34.73 -118.24 0.140 0.146 4.565 0.071 0.061 0.328
2014.4699 34.73 -118.24 -0.118 -0.382 5.443 0.071 0.060 0.326
2014.5795 34.73 -118.24 -0.558 -0.069 4.144 0.065 0.049 0.296
2014.6068 34.73 -118.24 -0.939 0.112 3.781 0.063 0.052 0.292
2014.6342 34.73 -118.24 -0.744 -0.418 3.740 0.058 0.047 0.270
2014.6616 34.73 -118.24 -1.097 0.121 5.495 0.064 0.053 0.295
2014.6890 34.73 -118.24 -1.001 0.138 4.959 0.062 0.052 0.288
2014.7164 34.73 -118.24 -1.050 0.401 2.394 0.061 0.051 0.283
2014.7438 34.73 -118.24 -0.874 -0.045 2.389 0.066 0.055 0.303
2014.7712 34.73 -118.24 -0.685 0.030 5.650 0.065 0.055 0.300
2014.7986 34.73 -118.24 -0.974 0.165 4.594 0.059 0.048 0.272
2014.8260 34.73 -118.24 -0.985 0.283 4.620 0.058 0.047 0.271
2014.8534 34.73 -118.24 -0.739 0.453 5.199 0.062 0.050 0.284
2014.8808 34.73 -118.24 -0.956 0.389 3.401 0.062 0.050 0.285
2014.9082 34.73 -118.24 -0.628 0.179 3.550 0.063 0.051 0.290
2015.0452 34.73 -118.24 -0.339 0.298 3.888 0.048 0.036 0.227
2015.0726 34.73 -118.24 -0.309 0.036 2.002 0.052 0.038 0.239
2015.1000 34.73 -118.24 -0.306 0.598 2.968 0.047 0.035 0.221
2015.1274 34.73 -118.24 -0.345 -0.103 2.963 0.044 0.033 0.208
2015.1548 34.73 -118.24 -0.397 0.276 1.726 0.051 0.036 0.231
2015.1822 34.73 -118.24 -0.364 0.122 1.653 0.048 0.035 0.222
2015.2096 34.73 -118.24 -0.219 -0.230 4.841 0.062 0.048 0.280
2015.2370 34.73 -118.24 -0.256 0.483 2.879 0.067 0.055 0.305
2015.2644 34.73 -118.24 -0.040 0.186 4.323 0.059 0.049 0.274
2015.2918 34.73 -118.24 -0.102 0.484 5.542 0.059 0.049 0.277
2015.3192 34.73 -118.24 -0.173 0.387 5.893 0.057 0.048 0.268
2015.3466 34.73 -118.24 -0.305 0.329 6.178 0.062 0.051 0.287
2015.4836 34.73 -118.24 -0.823 -0.119 6.125 0.059 0.041 0.264
2015.5110 34.73 -118.24 -0.835 0.252 7.319 0.056 0.042 0.258
2015.5384 34.73 -118.24 -1.038 -0.365 6.930 0.061 0.047 0.280
2015.5658 34.73 -118.24 -0.909 -0.344 6.207 0.061 0.050 0.282
2015.5932 34.73 -118.24 -1.004 0.012 6.935 0.063 0.052 0.291
2015.6205 34.73 -118.24 -0.861 0.035 6.225 0.062 0.050 0.283
2015.6479 34.73 -118.24 -1.112 0.181 5.423 0.060 0.048 0.275
2015.6753 34.73 -118.24 -1.409 0.157 6.072 0.058 0.046 0.266
2015.7027 34.73 -118.24 -1.245 0.322 6.053 0.063 0.051 0.287
2015.7301 34.73 -118.24 -1.641 -0.144 7.450 0.063 0.050 0.287
2015.9493 34.73 -118.24 -1.187 1.198 6.358 0.061 0.050 0.281
2015.9767 34.73 -118.24 -0.535 0.424 6.238 0.063 0.053 0.291
2016.0041 34.73 -118.24 -0.779 1.107 4.017 0.057 0.047 0.267
2016.0315 34.73 -118.24 -0.247 0.562 4.874 0.055 0.045 0.255
2016.0589 34.73 -118.24 0.069 0.434 5.632 0.056 0.046 0.261
2016.0863 34.73 -118.24 -0.211 0.647 5.136 0.051 0.042 0.242
2016.1137 34.73 -118.24 -0.140 0.977 3.858 0.057 0.046 0.264
2016.1411 34.73 -118.24 -0.350 0.316 2.523 0.067 0.055 0.304
2016.1685 34.73 -118.24 -0.552 0.171 1.371 0.072 0.061 0.326
2016.1959 34.73 -118.24 -0.181 0.122 0.417 0.070 0.061 0.324
2016.2233 34.73 -118.24 0.080 -0.112 3.613 0.071 0.063 0.329
2016.2507 34.73 -118.24 0.000 -0.376 5.274 0.060 0.048 0.276
2016.3603 34.73 -118.24 -0.083 0.186 7.853 0.055 0.046 0.259
2016.3877 34.73 -118.24 0.298 0.192 8.504 0.065 0.054 0.296
2016.4151 34.73 -118.24 0.317 0.097 5.702 0.064 0.052 0.291
2016.4425 34.73 -118.24 -0.263 0.003 8.919 0.068 0.057 0.309
2016.4699 34.73 -118.24 -0.125 0.456 7.344 0.066 0.055 0.303
