2002.5877 42.90 -79.61 -0.157 0.678 1.438 0.115 0.100 0.525
2002.6151 42.90 -79.61 -0.102 0.572 4.112 0.110 0.096 0.502
2002.6425 42.90 -79.61 -0.072 -0.296 3.366 0.112 0.098 0.512
2002.6699 42.90 -79.61 -0.493 -0.055 4.183 0.097 0.085 0.448
2002.6973 42.90 -79.61 -0.537 -0.548 4.073 0.169 0.082 0.644
2002.7247 42.90 -79.61 -0.557 -0.441 5.641 0.104 0.092 0.475
2002.7521 42.90 -79.61 -0.776 0.187 2.845 0.096 0.086 0.443
2002.7795 42.90 -79.61 -0.884 -0.114 4.712 0.112 0.099 0.515
2002.8068 42.90 -79.61 -0.809 -0.168 4.528 0.100 0.088 0.457
2002.8342 42.90 -79.61 -1.184 0.018 1.938 0.098 0.087 0.452
2002.8616 42.90 -79.61 -1.193 0.244 4.328 0.102 0.078 0.452
2002.8890 42.90 -79.61 -1.197 0.558 1.919 0.100 0.087 0.456
2002.9164 42.90 -79.61 -1.174 0.658 2.702 0.107 0.092 0.489
2003.0260 42.90 -79.61 -1.121 0.837 1.483 0.121 0.105 0.554
2003.0534 42.90 -79.61 -1.475 1.192 5.412 0.196 0.172 0.880
2003.0808 42.90 -79.61 -1.043 0.629 2.430 0.176 0.147 0.788
2003.1082 42.90 -79.61 -1.150 0.923 0.990 0.103 0.087 0.471
2003.1356 42.90 -79.61 -1.601 0.559 1.672 0.095 0.080 0.439
2003.1630 42.90 -79.61 -1.212 0.244 0.626 0.101 0.086 0.464
2003.1904 42.90 -79.61 -0.763 0.338 1.224 0.119 0.099 0.539
2003.2178 42.90 -79.61 -0.516 0.295 1.779 0.100 0.085 0.457
2003.2452 42.90 -79.61 -0.523 0.138 0.914 0.097 0.084 0.446
2003.2726 42.90 -79.61 -0.641 0.414 1.777 0.095 0.082 0.436
2003.3000 42.90 -79.61 -0.406 0.423 3.374 0.093 0.080 0.426
2003.3274 42.90 -79.61 -0.502 0.311 -0.877 0.120 0.105 0.549
2003.3548 42.90 -79.61 -0.923 0.189 -0.217 0.131 0.116 0.596
2003.3822 42.90 -79.61 -0.667 0.048 0.572 0.121 0.102 0.549
2003.5192 42.90 -79.61 -1.054 0.405 1.652 0.124 0.111 0.567
2003.5466 42.90 -79.61 -1.023 0.441 0.606 0.137 0.124 0.623
2003.5740 42.90 -79.61 -1.154 0.510 2.634 0.159 0.145 0.720
2003.6014 42.90 -79.61 -1.123 0.623 1.047 0.137 0.124 0.623
2003.6288 42.90 -79.61 -1.537 0.648 2.631 0.130 0.117 0.594
2003.6562 42.90 -79.61 -1.530 0.590 4.533 0.140 0.125 0.634
2003.6836 42.90 -79.61 -1.614 0.632 4.390 0.138 0.124 0.623
2003.7110 42.90 -79.61 -1.509 0.131 3.620 0.109 0.096 0.496
2003.7384 42.90 -79.61 -1.402 0.366 4.234 0.131 0.117 0.593
2003.7658 42.90 -79.61 -1.574 0.021 5.013 0.121 0.107 0.547
2003.7932 42.90 -79.61 -1.389 0.695 4.548 0.134 0.120 0.606
2003.8205 42.90 -79.61 -1.236 0.548 1.184 0.146 0.126 0.650
2003.8479 42.90 -79.61 -1.109 0.313 3.131 0.129 0.108 0.573
2003.8753 42.90 -79.61 -1.053 0.756 4.360 0.134 0.118 0.603
2003.9027 42.90 -79.61 -1.216 0.035 0.283 0.124 0.106 0.554
2003.9301 42.90 -79.61 -1.171 0.804 1.050 0.129 0.110 0.574
2003.9575 42.90 -79.61 -1.068 0.662 -0.496 0.143 0.125 0.639
2003.9849 42.90 -79.61 -0.930 0.504 0.159 0.137 0.117 0.607
2004.0123 42.90 -79.61 -1.019 1.008 1.404 0.147 0.125 0.649
2004.0397 42.90 -79.61 -0.937 0.962 0.239 0.125 0.104 0.560
2004.0945 42.90 -79.61 -0.919 0.217 -2.526 0.117 0.097 0.523
2004.1219 42.90 -79.61 -0.961 0.139 -1.111 0.124 0.103 0.547
2004.1493 42.90 -79.61 -1.027 -0.301 2.081 0.146 0.121 0.639
2004.1767 42.90 -79.61 -0.603 0.049 0.262 0.155 0.129 0.676
2004.2041 42.90 -79.61 -0.752 0.486 -0.431 0.127 0.104 0.557
2004.2315 42.90 -79.61 -0.553 -0.035 1.485 0.130 0.106 0.565
2004.2589 42.90 -79.61 -0.344 -0.297 3.171 0.134 0.109 0.583
2004.2863 42.90 -79.61 -0.435 -0.029 -0.703 0.135 0.108 0.584
2004.3137 42.90 -79.61 -0.404 -0.324 -2.227 0.128 0.103 0.556
2004.3411 42.90 -79.61 -0.174 -0.682 -0.770 0.140 0.112 0.605
2004.3685 42.90 -79.61 -0.113 -0.841 0.238 0.136 0.109 0.589
2004.3959 42.90 -79.61 -0.140 -0.899 -1.017 0.120 0.096 0.523
2004.4233 42.90 -79.61 -0.128 -0.430 -3.354 0.115 0.092 0.503
2004.4507 42.90 -79.61 -0.213 -0.611 -2.224 0.102 0.081 0.448
2004.4781 42.90 -79.61 -0.033 -0.495 -0.725 0.112 0.089 0.488
2004.5055 42.90 -79.61 -0.455 -0.607 -1.443 0.110 0.087 0.478
2004.5329 42.90 -79.61 -0.386 -0.457 -0.233 0.104 0.083 0.455
2004.5603 42.90 -79.61 -0.516 -0.341 0.097 0.107 0.084 0.465
2004.5877 42.90 -79.61 -0.662 -0.101 -1.465 0.108 0.085 0.471
2004.6151 42.90 -79.61 -0.558 -0.158 -0.190 0.119 0.094 0.517
2004.6425 42.90 -79.61 -0.607 0.107 -0.727 0.101 0.081 0.447
2004.6699 42.90 -79.61 -0.789 0.273 -0.779 0.102 0.082 0.449
2004.6973 42.90 -79.61 -0.665 0.538 -1.682 0.095 0.077 0.425
2004.7247 42.90 -79.61 -0.829 0.241 -0.329 0.109 0.087 0.480
2004.7521 42.90 -79.61 -0.889 0.272 1.272 0.105 0.084 0.464
2004.7795 42.90 -79.61 -0.950 0.113 3.012 0.102 0.082 0.449
2004.8068 42.90 -79.61 -1.050 0.462 1.956 0.113 0.089 0.492
2004.8342 42.90 -79.61 -0.943 0.179 1.637 0.112 0.088 0.485
2004.8616 42.90 -79.61 -1.202 0.348 2.240 0.099 0.079 0.437
2004.8890 42.90 -79.61 -1.138 -0.264 2.001 0.099 0.079 0.435
2004.9164 42.90 -79.61 -1.004 0.349 0.327 0.107 0.085 0.469
2004.9438 42.90 -79.61 -0.895 -0.159 0.977 0.119 0.096 0.525
2004.9712 42.90 -79.61 -0.705 0.043 -2.807 0.107 0.085 0.468
2004.9973 42.90 -79.61 -0.831 -0.117 -1.711 0.104 0.084 0.458
2005.0233 42.90 -79.61 -0.760 -0.028 -4.838 0.119 0.096 0.519
2005.0507 42.90 -79.61 -0.825 -0.003 -3.177 0.172 0.142 0.745
2005.0781 42.90 -79.61 -0.586 -0.071 -1.270 0.132 0.108 0.575
2005.1055 42.90 -79.61 -0.666 0.216 -3.405 0.131 0.108 0.573
2005.1329 42.90 -79.61 -0.676 0.147 -3.315 0.135 0.111 0.587
2005.1603 42.90 -79.61 -0.529 -0.078 -3.056 0.121 0.099 0.530
2005.1877 42.90 -79.61 -0.164 -0.129 -2.173 0.122 0.098 0.534
2005.2151 42.90 -79.61 -0.367 -0.535 -2.190 0.116 0.093 0.509
2005.2425 42.90 -79.61 -0.522 -0.284 -1.761 0.111 0.091 0.491
2005.2699 42.90 -79.61 -0.293 -0.469 -2.292 0.118 0.097 0.522
2005.2973 42.90 -79.61 -0.336 -0.458 -0.446 0.125 0.103 0.549
2005.3247 42.90 -79.61 -0.364 -0.287 -3.694 0.132 0.109 0.578
2005.3521 42.90 -79.61 -0.275 -0.336 -2.329 0.059 0.049 0.281
2005.3795 42.90 -79.61 -0.253 -0.729 -1.368 0.123 0.102 0.545
2005.4068 42.90 -79.61 -0.358 -0.540 -1.993 0.114 0.094 0.504
2005.4342 42.90 -79.61 -0.275 -0.505 -0.539 0.130 0.108 0.577
2005.4616 42.90 -79.61 -0.219 -0.313 0.274 0.118 0.098 0.524
2005.4890 42.90 -79.61 -0.388 -0.057 2.279 0.112 0.093 0.498
2005.5164 42.90 -79.61 -0.186 -0.197 1.087 0.112 0.093 0.497
2005.5438 42.90 -79.61 -0.540 0.274 0.494 0.121 0.102 0.537
2005.5712 42.90 -79.61 -0.958 0.111 1.292 0.131 0.111 0.581
2005.5986 42.90 -79.61 -0.679 0.051 1.982 0.134 0.114 0.594
2005.6260 42.90 -79.61 -0.759 0.075 2.149 0.119 0.101 0.530
2005.6534 42.90 -79.61 -0.774 -0.059 4.460 0.125 0.107 0.556
2005.6808 42.90 -79.61 -0.575 0.319 2.157 0.122 0.105 0.547
2005.7082 42.90 -79.61 -0.522 0.232 5.534 0.147 0.128 0.655
2005.7356 42.90 -79.61 -0.637 0.153 5.705 0.129 0.112 0.580
2005.7630 42.90 -79.61 -0.571 0.432 4.064 0.130 0.113 0.582
2005.7904 42.90 -79.61 -0.513 0.480 2.676 0.122 0.106 0.549
2005.8178 42.90 -79.61 -0.653 0.588 2.376 0.125 0.109 0.562
2005.8452 42.90 -79.61 -0.769 0.902 1.361 0.134 0.117 0.603
2005.8726 42.90 -79.61 -0.725 0.806 3.984 0.116 0.101 0.525
2005.9000 42.90 -79.61 -0.440 0.665 2.824 0.114 0.099 0.514
2005.9274 42.90 -79.61 -0.688 0.419 -1.004 0.121 0.099 0.539
2005.9548 42.90 -79.61 -0.586 0.658 1.113 0.118 0.099 0.553
2005.9822 42.90 -79.61 -0.606 0.722 1.181 0.113 0.096 0.514
2006.0096 42.90 -79.61 -0.445 0.674 2.805 0.122 0.105 0.551
2006.0370 42.90 -79.61 -0.666 0.561 1.417 0.153 0.133 0.686
2006.0644 42.90 -79.61 -0.298 0.629 -0.813 0.155 0.136 0.698
2006.0918 42.90 -79.61 -0.204 0.534 -0.204 0.154 0.135 0.692
2006.1192 42.90 -79.61 -0.164 0.453 -2.040 0.173 0.154 0.778
2006.1466 42.90 -79.61 0.154 0.345 0.210 0.137 0.121 0.619
2006.1740 42.90 -79.61 -0.025 0.071 0.346 0.153 0.137 0.688
2006.2014 42.90 -79.61 0.220 0.094 -1.195 0.120 0.106 0.542
2006.2288 42.90 -79.61 0.082 -0.098 0.683 0.153 0.139 0.693
2006.2562 42.90 -79.61 -0.038 -0.272 -0.036 0.144 0.130 0.650
2006.2836 42.90 -79.61 0.070 0.009 0.618 0.141 0.128 0.638
2006.3110 42.90 -79.61 -0.025 -0.318 0.015 0.150 0.136 0.680
2006.3384 42.90 -79.61 -0.575 -0.194 1.492 0.136 0.124 0.618
2006.3658 42.90 -79.61 -0.454 0.074 3.937 0.150 0.138 0.683
2006.3932 42.90 -79.61 -0.271 -0.225 0.620 0.148 0.135 0.673
2006.4205 42.90 -79.61 -0.058 -0.221 -1.287 0.149 0.136 0.677
2006.4479 42.90 -79.61 -0.103 0.132 0.785 0.165 0.145 0.741
2006.4753 42.90 -79.61 -0.501 0.226 -2.088 0.166 0.151 0.752
2006.5027 42.90 -79.61 -0.552 0.879 -0.396 0.172 0.157 0.780
2006.5301 42.90 -79.61 -0.413 0.665 -0.006 0.203 0.187 0.920
2006.5575 42.90 -79.61 -0.526 0.363 -0.287 0.162 0.149 0.738
2006.5849 42.90 -79.61 -0.294 0.458 0.032 0.167 0.153 0.758
2006.6123 42.90 -79.61 -0.309 0.408 2.490 0.203 0.190 0.924
2006.6397 42.90 -79.61 -0.181 0.444 2.455 0.173 0.160 0.788
2006.6671 42.90 -79.61 -0.609 0.579 1.943 0.158 0.145 0.720
2006.6945 42.90 -79.61 -0.788 0.471 4.595 0.201 0.186 0.911
2006.7219 42.90 -79.61 -1.080 0.218 2.586 0.190 0.173 0.859
2006.7493 42.90 -79.61 -0.767 0.272 4.341 0.225 0.207 1.018
2006.7767 42.90 -79.61 -0.647 0.485 2.501 0.195 0.180 0.885
2006.8041 42.90 -79.61 -0.644 0.271 1.763 0.158 0.144 0.718
2006.8315 42.90 -79.61 -0.424 1.059 1.567 0.183 0.168 0.830
2006.8589 42.90 -79.61 -0.851 0.660 -0.363 0.178 0.163 0.809
2006.8863 42.90 -79.61 -0.688 0.536 0.801 0.171 0.156 0.777
2006.9137 42.90 -79.61 -0.658 0.712 -0.774 0.167 0.151 0.757
2006.9411 42.90 -79.61 -0.585 0.508 -0.044 0.164 0.148 0.745
2006.9685 42.90 -79.61 -0.466 0.312 -0.115 0.164 0.146 0.742
2006.9959 42.90 -79.61 -0.568 0.273 0.719 0.164 0.143 0.738
2007.0233 42.90 -79.61 -0.567 0.178 -0.875 0.153 0.132 0.688
2007.0507 42.90 -79.61 -0.627 0.229 -0.254 0.159 0.138 0.715
2007.0781 42.90 -79.61 -0.685 -0.005 -0.021 0.162 0.146 0.734
2007.1055 42.90 -79.61 -0.145 -0.116 0.822 0.145 0.130 0.658
2007.1329 42.90 -79.61 -0.101 -0.043 1.401 0.158 0.142 0.715
2007.1603 42.90 -79.61 -0.278 -0.289 -0.210 0.150 0.135 0.682
2007.1877 42.90 -79.61 -0.531 0.456 2.430 0.193 0.177 0.872
2007.2151 42.90 -79.61 -0.422 -0.283 0.039 0.172 0.157 0.780
2007.2425 42.90 -79.61 -0.478 -0.261 -0.438 0.165 0.151 0.750
2007.2699 42.90 -79.61 0.260 -0.123 0.379 0.133 0.119 0.604
2007.2973 42.90 -79.61 0.098 -0.093 -0.751 0.125 0.112 0.571
2007.3247 42.90 -79.61 0.001 0.036 -0.070 0.152 0.139 0.692
2007.3521 42.90 -79.61 0.144 -0.121 -0.732 0.166 0.152 0.755
2007.3795 42.90 -79.61 0.026 0.004 -0.956 0.174 0.160 0.791
2007.4068 42.90 -79.61 0.172 -0.138 -1.287 0.146 0.133 0.664
2007.4342 42.90 -79.61 0.392 -0.112 -0.388 0.140 0.126 0.636
2007.4616 42.90 -79.61 0.070 -0.304 0.852 0.182 0.168 0.826
2007.4890 42.90 -79.61 0.171 0.032 0.696 0.141 0.126 0.640
2007.5164 42.90 -79.61 -0.198 0.612 3.102 0.148 0.135 0.674
2007.5438 42.90 -79.61 -0.149 0.213 3.213 0.144 0.130 0.655
2007.5712 42.90 -79.61 -0.057 0.120 3.523 0.148 0.134 0.672
2007.5986 42.90 -79.61 -0.240 0.206 4.707 0.180 0.164 0.818
2007.6260 42.90 -79.61 -0.224 0.267 5.342 0.148 0.133 0.672
2007.6534 42.90 -79.61 -0.447 0.062 5.303 0.150 0.135 0.682
2007.6808 42.90 -79.61 -0.327 0.366 6.456 0.158 0.142 0.717
2007.7082 42.90 -79.61 -0.476 0.436 6.523 0.119 0.103 0.541
2007.7356 42.90 -79.61 -0.394 0.707 4.533 0.163 0.145 0.736
2007.7630 42.90 -79.61 -0.421 0.519 6.008 0.127 0.110 0.576
2007.7904 42.90 -79.61 -0.167 0.325 6.809 0.160 0.144 0.724
2007.8178 42.90 -79.61 -0.166 0.598 4.359 0.183 0.167 0.829
2007.8452 42.90 -79.61 -0.373 0.626 5.170 0.150 0.135 0.682
2007.8726 42.90 -79.61 -0.247 0.932 7.147 0.174 0.157 0.790
2007.9000 42.90 -79.61 -0.406 0.873 6.023 0.187 0.162 0.833
2007.9274 42.90 -79.61 -0.353 0.534 3.073 0.180 0.164 0.819
2007.9548 42.90 -79.61 -0.584 0.652 2.221 0.136 0.123 0.621
2007.9822 42.90 -79.61 -0.379 0.709 1.313 0.166 0.152 0.757
2008.0096 42.90 -79.61 -0.324 0.700 2.571 0.146 0.133 0.667
2008.0370 42.90 -79.61 -0.127 0.508 1.419 0.150 0.138 0.685
2008.0644 42.90 -79.61 0.072 0.393 2.306 0.172 0.159 0.785
2008.0918 42.90 -79.61 -0.033 0.183 0.571 0.139 0.126 0.637
2008.1192 42.90 -79.61 0.007 0.352 0.245 0.162 0.149 0.741
2008.1466 42.90 -79.61 0.157 0.483 -1.127 0.188 0.174 0.857
2008.1740 42.90 -79.61 -0.082 -0.139 -2.658 0.165 0.152 0.752
2008.2014 42.90 -79.61 -0.118 0.494 -2.659 0.176 0.164 0.803
2008.2288 42.90 -79.61 0.192 -0.016 -4.091 0.207 0.189 0.941
2008.2562 42.90 -79.61 0.216 0.211 -0.893 0.192 0.177 0.875
2008.2836 42.90 -79.61 0.174 -0.104 -2.536 0.231 0.212 1.049
2008.3110 42.90 -79.61 -0.007 -0.014 -2.360 0.238 0.220 1.081
2008.3384 42.90 -79.61 0.310 -0.418 -3.468 0.177 0.162 0.803
2008.3658 42.90 -79.61 0.526 -0.423 -2.649 0.181 0.165 0.821
2008.3932 42.90 -79.61 0.156 -0.444 -3.065 0.165 0.149 0.750
2008.4205 42.90 -79.61 -0.060 -0.405 0.097 0.145 0.130 0.657
2008.4479 42.90 -79.61 0.344 -0.729 -0.278 0.146 0.132 0.665
2008.4753 42.90 -79.61 0.581 -0.519 0.878 0.142 0.128 0.647
2008.5027 42.90 -79.61 0.329 -0.406 -0.449 0.174 0.157 0.787
2008.5301 42.90 -79.61 0.259 -0.033 0.245 0.216 0.195 0.976
2008.5575 42.90 -79.61 0.283 -0.016 0.647 0.142 0.125 0.643
2008.5849 42.90 -79.61 0.295 0.434 1.169 0.159 0.144 0.719
2008.6123 42.90 -79.61 0.379 0.582 -0.726 0.134 0.118 0.607
2008.6397 42.90 -79.61 0.231 0.124 -0.633 0.147 0.131 0.662
2008.6671 42.90 -79.61 -0.052 0.138 2.050 0.141 0.125 0.637
2008.6945 42.90 -79.61 -0.145 0.091 1.169 0.136 0.120 0.617
2008.7219 42.90 -79.61 -0.200 -0.413 1.400 0.156 0.140 0.705
2008.7493 42.90 -79.61 -0.072 -0.203 2.792 0.141 0.127 0.641
2008.7767 42.90 -79.61 0.172 -0.065 3.097 0.164 0.149 0.742
2008.8041 42.90 -79.61 -0.102 -0.155 2.001 0.164 0.151 0.747
2008.8315 42.90 -79.61 -0.022 0.428 1.830 0.186 0.170 0.844
2008.8589 42.90 -79.61 0.013 0.258 2.709 0.217 0.199 0.983
2008.8863 42.90 -79.61 -0.019 0.310 1.738 0.208 0.191 0.944
2008.9137 42.90 -79.61 0.049 0.172 -0.483 0.198 0.182 0.899
2008.9411 42.90 -79.61 0.184 0.623 0.260 0.208 0.190 0.943
2008.9685 42.90 -79.61 -0.095 0.306 -1.042 0.194 0.178 0.883
2008.9945 42.90 -79.61 0.260 0.258 -0.939 0.164 0.151 0.748
2009.0205 42.90 -79.61 0.481 0.239 -1.014 0.161 0.149 0.734
2009.0479 42.90 -79.61 0.347 0.333 -1.336 0.161 0.149 0.736
2009.0753 42.90 -79.61 0.317 0.164 -1.792 0.155 0.142 0.709
2009.1027 42.90 -79.61 0.409 0.328 -1.910 0.192 0.178 0.876
2009.1301 42.90 -79.61 0.287 -0.065 -2.984 0.154 0.141 0.702
2009.1575 42.90 -79.61 0.411 0.056 -1.526 0.157 0.144 0.716
2009.1849 42.90 -79.61 0.212 0.163 -1.758 0.179 0.166 0.815
2009.2123 42.90 -79.61 0.311 -0.284 -1.441 0.156 0.139 0.706
2009.2397 42.90 -79.61 0.338 -0.373 -2.869 0.174 0.161 0.795
2009.2671 42.90 -79.61 0.661 -0.997 -2.317 0.146 0.134 0.668
2009.2945 42.90 -79.61 0.479 -0.845 -0.772 0.150 0.137 0.683
2009.3219 42.90 -79.61 0.499 -0.438 -0.604 0.157 0.143 0.714
2009.3493 42.90 -79.61 0.572 -1.266 -2.117 0.144 0.131 0.657
2009.3767 42.90 -79.61 0.501 -1.143 -1.430 0.152 0.138 0.689
2009.4041 42.90 -79.61 0.502 -1.032 -2.285 0.134 0.121 0.612
2009.4315 42.90 -79.61 0.276 -0.721 -1.620 0.153 0.139 0.696
2009.4589 42.90 -79.61 0.519 -0.100 -0.164 0.131 0.117 0.596
2009.4863 42.90 -79.61 0.520 0.141 -2.123 0.144 0.129 0.654
2009.5137 42.90 -79.61 0.299 -0.182 -2.949 0.140 0.121 0.629
2009.5411 42.90 -79.61 0.475 -0.077 -2.744 0.170 0.151 0.769
2009.5685 42.90 -79.61 0.279 -0.212 -2.428 0.184 0.163 0.828
2009.5959 42.90 -79.61 0.361 -0.026 -2.439 0.161 0.142 0.728
2009.6233 42.90 -79.61 0.421 0.029 -2.409 0.166 0.148 0.749
2009.6507 42.90 -79.61 0.046 -0.338 -1.500 0.160 0.143 0.722
2009.6781 42.90 -79.61 0.011 0.008 -0.665 0.170 0.154 0.770
2009.7055 42.90 -79.61 0.095 -0.266 2.564 0.176 0.160 0.795
2009.7329 42.90 -79.61 -0.222 0.002 2.745 0.170 0.154 0.769
2009.7603 42.90 -79.61 -0.186 0.241 0.163 0.193 0.176 0.875
2009.7877 42.90 -79.61 -0.323 0.097 2.008 0.178 0.162 0.808
2009.8151 42.90 -79.61 -0.290 -0.364 1.047 0.191 0.175 0.865
2009.8425 42.90 -79.61 -0.242 -0.012 -0.629 0.174 0.159 0.789
2009.8699 42.90 -79.61 -0.295 -0.072 1.717 0.166 0.151 0.755
2009.8973 42.90 -79.61 -0.081 0.190 2.979 0.156 0.141 0.707
2009.9247 42.90 -79.61 -0.279 0.220 0.148 0.157 0.139 0.710
2009.9521 42.90 -79.61 -0.168 -0.195 -1.252 0.146 0.132 0.664
2009.9795 42.90 -79.61 -0.167 0.020 -1.513 0.150 0.136 0.683
2010.0068 42.90 -79.61 -0.141 0.064 -0.909 0.188 0.173 0.854
2010.0342 42.90 -79.61 0.139 -0.233 0.527 0.148 0.134 0.674
2010.0616 42.90 -79.61 -0.052 0.177 0.113 0.152 0.137 0.689
2010.0890 42.90 -79.61 0.074 -0.227 -1.995 0.180 0.165 0.816
2010.1164 42.90 -79.61 -0.076 -0.265 -1.307 0.186 0.171 0.843
2010.1438 42.90 -79.61 -0.065 -0.340 -3.245 0.180 0.164 0.815
2010.1712 42.90 -79.61 0.020 -0.460 -0.594 0.172 0.156 0.780
2010.1986 42.90 -79.61 0.269 -0.503 -2.007 0.165 0.149 0.748
2010.2260 42.90 -79.61 0.276 -0.787 -0.625 0.180 0.163 0.816
2010.2534 42.90 -79.61 0.174 -0.583 0.621 0.186 0.168 0.843
2010.2808 42.90 -79.61 -0.348 -0.701 0.473 0.145 0.129 0.656
2010.3082 42.90 -79.61 -0.114 -0.488 3.163 0.151 0.135 0.684
2010.3356 42.90 -79.61 -0.048 -0.563 2.854 0.139 0.122 0.631
2010.3630 42.90 -79.61 -0.036 -0.469 1.420 0.148 0.130 0.670
2010.3904 42.90 -79.61 -0.051 -0.423 0.853 0.155 0.128 0.686
2010.4178 42.90 -79.61 -0.265 -0.457 -0.793 0.158 0.138 0.711
2010.4452 42.90 -79.61 -0.224 -0.584 -1.296 0.140 0.123 0.635
2010.4726 42.90 -79.61 0.083 -0.294 0.605 0.127 0.110 0.577
2010.5000 42.90 -79.61 0.159 -0.237 -0.041 0.142 0.125 0.643
2010.5274 42.90 -79.61 -0.267 -0.064 1.218 0.215 0.197 0.972
2010.5548 42.90 -79.61 0.369 -0.250 1.052 0.140 0.126 0.635
2010.5822 42.90 -79.61 0.006 -0.369 0.643 0.127 0.114 0.577
2010.6096 42.90 -79.61 -0.047 -0.226 -1.182 0.161 0.148 0.732
2010.6370 42.90 -79.61 -0.012 -0.392 0.159 0.145 0.132 0.659
2010.6644 42.90 -79.61 -0.057 0.064 0.414 0.136 0.123 0.620
2010.6918 42.90 -79.61 0.373 0.384 1.216 0.162 0.149 0.735
2010.7192 42.90 -79.61 0.272 -0.041 1.309 0.151 0.138 0.686
2010.7466 42.90 -79.61 -0.079 0.401 1.213 0.174 0.160 0.789
2010.7740 42.90 -79.61 0.216 -0.234 1.639 0.144 0.131 0.656
2010.8014 42.90 -79.61 0.198 -0.035 4.071 0.137 0.124 0.624
2010.8288 42.90 -79.61 0.225 0.188 1.770 0.155 0.142 0.704
2010.8562 42.90 -79.61 0.050 0.172 3.194 0.152 0.139 0.693
2010.8836 42.90 -79.61 0.017 0.233 1.406 0.143 0.129 0.649
2010.9110 42.90 -79.61 0.056 -0.012 0.274 0.155 0.141 0.703
2010.9384 42.90 -79.61 -0.004 -0.107 -0.582 0.160 0.147 0.728
2010.9658 42.90 -79.61 0.308 -0.243 0.197 0.175 0.161 0.795
2010.9932 42.90 -79.61 0.163 -0.137 -0.133 0.159 0.105 0.660
2011.1027 42.90 -79.61 0.284 0.098 0.554 0.152 0.124 0.677
2011.1301 42.90 -79.61 0.322 0.890 -0.885 0.210 0.191 0.949
2011.1575 42.90 -79.61 0.238 0.098 1.793 0.144 0.128 0.654
2011.1849 42.90 -79.61 0.383 -0.265 -2.437 0.118 0.102 0.536
2011.2123 42.90 -79.61 0.645 -0.110 -2.573 0.179 0.163 0.810
2011.2397 42.90 -79.61 0.617 -0.006 -1.547 0.185 0.170 0.838
2011.2671 42.90 -79.61 0.503 -0.164 -1.917 0.152 0.138 0.689
2011.2945 42.90 -79.61 0.625 -0.607 -2.960 0.174 0.160 0.791
2011.3219 42.90 -79.61 0.354 -0.584 -3.161 0.164 0.150 0.743
2011.3493 42.90 -79.61 0.618 -0.575 -2.577 0.148 0.135 0.675
2011.3767 42.90 -79.61 0.630 -0.585 -3.334 0.172 0.158 0.778
2011.4041 42.90 -79.61 0.490 -0.948 -5.582 0.153 0.139 0.696
2011.4315 42.90 -79.61 0.810 -0.529 -3.944 0.165 0.136 0.726
2011.5137 42.90 -79.61 0.707 -0.817 -1.641 0.147 0.127 0.659
2011.5411 42.90 -79.61 0.363 -0.681 -0.376 0.151 0.136 0.684
2011.5685 42.90 -79.61 0.431 -0.569 1.235 0.149 0.133 0.674
2011.5959 42.90 -79.61 0.409 -0.754 -0.246 0.158 0.142 0.716
2011.6233 42.90 -79.61 0.260 -0.685 1.028 0.159 0.142 0.720
2011.6507 42.90 -79.61 0.201 -0.354 0.538 0.184 0.167 0.831
2011.6781 42.90 -79.61 0.296 0.254 -2.343 0.171 0.155 0.773
2011.7055 42.90 -79.61 0.055 0.512 0.101 0.171 0.156 0.772
2011.7329 42.90 -79.61 -0.236 0.391 0.584 0.195 0.180 0.884
2011.7603 42.90 -79.61 -0.311 0.622 -1.480 0.169 0.155 0.766
2011.7877 42.90 -79.61 -0.159 0.243 1.587 0.179 0.165 0.811
2011.8151 42.90 -79.61 0.248 0.213 0.230 0.176 0.161 0.797
2011.8425 42.90 -79.61 -0.025 0.187 -0.751 0.189 0.174 0.856
2011.8699 42.90 -79.61 -0.008 -0.090 -0.221 0.188 0.164 0.836
2011.9521 42.90 -79.61 0.128 0.105 -4.008 0.136 0.099 0.584
2011.9795 42.90 -79.61 0.146 0.313 -4.540 0.156 0.138 0.696
2012.0068 42.90 -79.61 0.194 0.063 -2.283 0.146 0.127 0.651
2012.0342 42.90 -79.61 0.148 0.257 -3.042 0.174 0.150 0.769
2012.0616 42.90 -79.61 0.134 -0.045 -2.211 0.152 0.131 0.675
2012.0890 42.90 -79.61 0.209 0.016 -2.499 0.151 0.128 0.667
2012.1164 42.90 -79.61 0.202 -0.265 -4.286 0.149 0.124 0.657
2012.1438 42.90 -79.61 0.364 -0.080 -1.254 0.155 0.128 0.676
2012.1712 42.90 -79.61 0.381 -0.302 -1.970 0.150 0.121 0.653
2012.1986 42.90 -79.61 0.296 -0.314 -2.277 0.136 0.109 0.593
2012.2260 42.90 -79.61 0.547 -0.414 -1.013 0.138 0.111 0.600
2012.2534 42.90 -79.61 0.978 -0.180 -2.458 0.134 0.108 0.582
2012.2808 42.90 -79.61 0.770 -0.333 -0.572 0.125 0.100 0.543
2012.3082 42.90 -79.61 0.954 -0.231 0.422 0.162 0.106 0.665
2012.3904 42.90 -79.61 0.888 -0.014 1.846 0.159 0.122 0.689
2012.4178 42.90 -79.61 0.879 -0.243 -0.181 0.116 0.091 0.502
2012.4452 42.90 -79.61 0.715 -0.229 -0.398 0.115 0.090 0.498
2012.4726 42.90 -79.61 0.557 -0.023 0.416 0.123 0.098 0.534
2012.5000 42.90 -79.61 0.690 -0.119 1.228 0.118 0.093 0.512
2012.5274 42.90 -79.61 0.588 0.174 1.795 0.124 0.099 0.540
2012.5548 42.90 -79.61 0.282 -0.048 1.941 0.124 0.099 0.540
2012.5822 42.90 -79.61 0.226 0.179 1.364 0.130 0.106 0.567
2012.6096 42.90 -79.61 0.136 0.303 3.125 0.128 0.105 0.561
2012.6370 42.90 -79.61 0.128 0.228 3.188 0.118 0.098 0.521
2012.6644 42.90 -79.61 0.156 0.339 4.427 0.129 0.107 0.565
2012.6918 42.90 -79.61 -0.067 0.125 3.560 0.131 0.112 0.582
2012.7192 42.90 -79.61 -0.100 0.582 5.637 0.155 0.136 0.691
2012.7466 42.90 -79.61 0.320 0.211 5.186 0.126 0.090 0.536
2012.8562 42.90 -79.61 0.104 0.868 2.887 0.163 0.142 0.726
2012.8836 42.90 -79.61 0.220 0.875 3.156 0.150 0.136 0.678
2012.9110 42.90 -79.61 0.256 0.835 4.076 0.142 0.130 0.645
2012.9384 42.90 -79.61 0.055 1.207 2.024 0.140 0.125 0.634
2012.9658 42.90 -79.61 0.367 0.884 3.615 0.152 0.140 0.690
2012.9918 42.90 -79.61 0.152 1.026 -0.607 0.078 0.069 0.360
2013.0178 42.90 -79.61 0.102 0.543 1.189 0.090 0.081 0.415
2013.0452 42.90 -79.61 0.176 0.952 0.514 0.090 0.081 0.414
2013.0726 42.90 -79.61 0.303 0.787 -0.719 0.084 0.075 0.384
2013.1000 42.90 -79.61 0.557 0.434 -1.126 0.086 0.077 0.394
2013.1274 42.90 -79.61 0.600 0.909 -0.172 0.080 0.071 0.370
2013.1548 42.90 -79.61 0.614 0.914 0.830 0.079 0.064 0.356
2013.2644 42.90 -79.61 0.730 0.250 -0.407 0.100 0.050 0.389
2013.2918 42.90 -79.61 0.738 0.505 -0.438 0.082 0.073 0.378
2013.3192 42.90 -79.61 0.676 -0.037 -0.243 0.090 0.081 0.413
2013.3466 42.90 -79.61 0.465 -0.414 -3.252 0.092 0.084 0.423
2013.3740 42.90 -79.61 0.624 -0.387 -1.731 0.079 0.072 0.368
2013.4014 42.90 -79.61 0.724 -0.038 -2.373 0.082 0.074 0.379
2013.4288 42.90 -79.61 0.837 -0.373 -2.061 0.073 0.065 0.340
2013.4562 42.90 -79.61 0.155 -0.565 -4.291 0.075 0.066 0.346
2013.4836 42.90 -79.61 0.159 0.177 -4.085 0.076 0.068 0.353
2013.5110 42.90 -79.61 0.180 -0.174 -5.836 0.085 0.077 0.391
2013.5384 42.90 -79.61 0.274 -0.239 -3.378 0.085 0.073 0.388
2013.5658 42.90 -79.61 0.236 0.025 -4.409 0.087 0.078 0.402
2013.7575 42.90 -79.61 0.095 0.242 0.579 0.085 0.074 0.389
2013.7849 42.90 -79.61 0.334 0.007 2.021 0.087 0.076 0.397
2013.8123 42.90 -79.61 0.411 0.288 0.252 0.080 0.070 0.366
2013.8397 42.90 -79.61 0.465 0.327 1.101 0.081 0.071 0.370
2013.8671 42.90 -79.61 0.706 0.312 -0.263 0.087 0.075 0.395
2013.8945 42.90 -79.61 0.669 -0.269 -1.755 0.080 0.070 0.368
2013.9219 42.90 -79.61 0.649 0.258 -1.636 0.072 0.063 0.334
2013.9493 42.90 -79.61 0.347 0.295 -2.321 0.076 0.067 0.352
2013.9767 42.90 -79.61 0.499 0.479 -0.822 0.078 0.068 0.357
2014.0041 42.90 -79.61 0.497 0.846 -2.052 0.075 0.065 0.345
2014.0315 42.90 -79.61 0.575 0.498 -3.729 0.078 0.068 0.356
2014.1685 42.90 -79.61 0.661 0.253 -2.112 0.082 0.072 0.377
2014.1959 42.90 -79.61 0.690 -0.148 -3.343 0.082 0.073 0.377
2014.2233 42.90 -79.61 0.674 0.181 -3.541 0.078 0.070 0.361
2014.2507 42.90 -79.61 0.568 0.142 -3.457 0.072 0.064 0.333
2014.2781 42.90 -79.61 0.697 -0.149 -5.097 0.076 0.067 0.351
2014.3055 42.90 -79.61 0.748 -0.424 -4.742 0.073 0.065 0.338
2014.3329 42.90 -79.61 0.492 -0.362 -4.652 0.061 0.053 0.285
2014.3603 42.90 -79.61 0.840 -0.393 -5.073 0.068 0.060 0.317
2014.3877 42.90 -79.61 0.811 -0.651 -4.768 0.068 0.060 0.318
2014.4151 42.90 -79.61 1.035 -1.094 -3.241 0.068 0.060 0.317
2014.4425 42.90 -79.61 0.835 -0.555 -3.545 0.072 0.064 0.334
2014.4699 42.90 -79.61 0.795 -0.758 0.344 0.072 0.063 0.333
2014.5795 42.90 -79.61 0.890 -0.184 -2.131 0.067 0.052 0.306
2014.6068 42.90 -79.61 0.612 -0.625 -2.193 0.064 0.055 0.298
2014.6342 42.90 -79.61 0.565 -0.037 -1.833 0.059 0.050 0.276
2014.6616 42.90 -79.61 0.518 -0.650 -1.827 0.065 0.056 0.302
2014.6890 42.90 -79.61 0.773 -0.764 -2.320 0.063 0.055 0.294
2014.7164 42.90 -79.61 0.968 -0.784 -1.912 0.062 0.054 0.289
2014.7438 42.90 -79.61 0.998 -0.719 -1.456 0.067 0.058 0.310
2014.7712 42.90 -79.61 1.258 -0.538 1.693 0.066 0.058 0.306
2014.7986 42.90 -79.61 0.884 -0.564 -1.837 0.060 0.051 0.278
2014.8260 42.90 -79.61 1.292 -0.502 0.159 0.060 0.050 0.277
2014.8534 42.90 -79.61 1.024 -0.598 -1.588 0.063 0.053 0.291
2014.8808 42.90 -79.61 1.236 -0.612 -2.647 0.063 0.053 0.291
2014.9082 42.90 -79.61 1.174 -0.523 -2.544 0.064 0.054 0.296
2015.0452 42.90 -79.61 1.016 -0.114 -2.233 0.050 0.039 0.233
2015.0726 42.90 -79.61 1.116 -0.376 -2.282 0.054 0.042 0.246
2015.1000 42.90 -79.61 1.265 -0.549 -2.518 0.048 0.038 0.226
2015.1274 42.90 -79.61 1.032 0.013 -2.149 0.045 0.036 0.213
2015.1548 42.90 -79.61 1.033 -0.555 -4.177 0.052 0.040 0.238
2015.1822 42.90 -79.61 0.858 -0.648 -2.070 0.049 0.038 0.228
2015.2096 42.90 -79.61 0.947 -0.217 -4.052 0.064 0.051 0.287
2015.2370 42.90 -79.61 1.409 -0.322 -1.586 0.068 0.057 0.311
2015.2644 42.90 -79.61 1.478 -0.256 0.095 0.060 0.051 0.279
2015.2918 42.90 -79.61 1.189 -0.629 -2.066 0.061 0.052 0.282
2015.3192 42.90 -79.61 1.213 -0.411 -1.307 0.058 0.050 0.273
2015.3466 42.90 -79.61 1.094 -0.618 0.729 0.063 0.054 0.293
2015.4836 42.90 -79.61 0.847 -0.700 -4.943 0.061 0.045 0.276
2015.5110 42.90 -79.61 1.028 -0.676 -5.903 0.058 0.046 0.266
2015.5384 42.90 -79.61 0.885 -1.069 -3.080 0.063 0.051 0.289
2015.5658 42.90 -79.61 1.001 -0.589 -2.448 0.062 0.053 0.289
2015.5932 42.90 -79.61 0.868 -0.196 -3.547 0.065 0.055 0.298
2015.6205 42.90 -79.61 1.071 -0.390 -2.355 0.063 0.053 0.290
2015.6479 42.90 -79.61 0.838 -0.848 -2.666 0.061 0.052 0.282
2015.6753 42.90 -79.61 0.975 -0.652 -1.274 0.059 0.049 0.274
2015.7027 42.90 -79.61 0.634 -0.475 2.038 0.064 0.054 0.294
2015.7301 42.90 -79.61 0.839 -0.488 1.752 0.064 0.054 0.295
2015.9493 42.90 -79.61 0.806 -0.249 -5.168 0.062 0.053 0.289
2015.9767 42.90 -79.61 0.803 -0.033 -1.619 0.064 0.056 0.298
2016.0041 42.90 -79.61 0.955 -0.710 -3.405 0.059 0.050 0.273
2016.0315 42.90 -79.61 1.101 -0.271 -4.134 0.056 0.047 0.261
2016.0589 42.90 -79.61 0.983 -0.205 -5.182 0.057 0.049 0.267
2016.0863 42.90 -79.61 1.050 -0.967 -2.192 0.052 0.045 0.247
2016.1137 42.90 -79.61 1.065 -0.861 -3.960 0.058 0.050 0.271
2016.1411 42.90 -79.61 0.983 -0.336 -3.059 0.068 0.058 0.311
2016.1685 42.90 -79.61 1.225 -1.380 -0.010 0.073 0.064 0.333
2016.1959 42.90 -79.61 1.384 -0.711 -1.999 0.071 0.064 0.330
2016.2233 42.90 -79.61 1.483 -0.615 -0.993 0.072 0.065 0.334
2016.2507 42.90 -79.61 1.579 -0.324 -2.680 0.061 0.052 0.283
2016.3603 42.90 -79.61 0.903 -0.677 -0.627 0.056 0.049 0.264
2016.3877 42.90 -79.61 1.340 -0.585 -4.180 0.066 0.057 0.303
2016.4151 42.90 -79.61 1.317 -0.915 -1.371 0.065 0.056 0.298
2016.4425 42.90 -79.61 1.170 -1.033 -2.399 0.069 0.060 0.317
2016.4699 42.90 -79.61 1.056 -0.696 -2.431 0.068 0.059 0.311
