2002.5877 24.29 153.98 -0.151 -0.465 1.424 0.111 0.084 0.487
2002.6151 24.29 153.98 -0.118 0.211 1.759 0.106 0.081 0.467
2002.6425 24.29 153.98 -0.002 0.020 2.775 0.108 0.083 0.476
2002.6699 24.29 153.98 0.242 0.092 0.903 0.093 0.071 0.414
2002.6973 24.29 153.98 0.219 -0.467 2.571 0.154 0.066 0.579
2002.7247 24.29 153.98 -0.015 0.031 1.977 0.100 0.079 0.444
2002.7521 24.29 153.98 0.436 0.304 0.403 0.093 0.073 0.415
2002.7795 24.29 153.98 0.142 0.118 1.521 0.108 0.084 0.478
2002.8068 24.29 153.98 0.386 0.087 2.529 0.096 0.075 0.427
2002.8342 24.29 153.98 0.144 0.325 2.605 0.095 0.074 0.421
2002.8616 24.29 153.98 0.259 0.391 -1.608 0.097 0.064 0.412
2002.8890 24.29 153.98 -0.124 0.292 -3.000 0.096 0.075 0.426
2002.9164 24.29 153.98 0.124 -0.363 1.948 0.103 0.077 0.452
2003.0260 24.29 153.98 -0.149 0.095 1.314 0.116 0.087 0.509
2003.0534 24.29 153.98 -0.097 0.505 0.870 0.189 0.147 0.817
2003.0808 24.29 153.98 -0.350 0.645 -2.047 0.169 0.122 0.724
2003.1082 24.29 153.98 0.346 -0.074 -0.118 0.098 0.071 0.432
2003.1356 24.29 153.98 0.103 0.013 -0.205 0.091 0.065 0.402
2003.1630 24.29 153.98 0.226 -0.046 3.358 0.097 0.071 0.427
2003.1904 24.29 153.98 0.178 0.053 -1.217 0.114 0.080 0.493
2003.2178 24.29 153.98 0.718 -0.357 -0.551 0.096 0.070 0.422
2003.2452 24.29 153.98 0.438 -0.243 1.702 0.093 0.070 0.414
2003.2726 24.29 153.98 0.445 -0.065 -0.604 0.091 0.068 0.404
2003.3000 24.29 153.98 0.136 -0.093 -0.066 0.089 0.067 0.396
2003.3274 24.29 153.98 0.000 -0.372 1.676 0.116 0.089 0.510
2003.3548 24.29 153.98 0.069 0.078 3.889 0.127 0.100 0.558
2003.3822 24.29 153.98 0.056 -0.020 2.641 0.115 0.084 0.503
2003.5192 24.29 153.98 -0.097 0.233 0.833 0.121 0.098 0.534
2003.5466 24.29 153.98 0.035 -0.071 -0.082 0.133 0.110 0.589
2003.5740 24.29 153.98 0.176 0.136 1.524 0.155 0.130 0.684
2003.6014 24.29 153.98 -0.001 -0.158 0.680 0.133 0.110 0.589
2003.6288 24.29 153.98 0.028 -0.079 2.842 0.126 0.102 0.559
2003.6562 24.29 153.98 0.048 -0.519 1.900 0.136 0.110 0.597
2003.6836 24.29 153.98 0.048 -0.225 4.441 0.134 0.110 0.591
2003.7110 24.29 153.98 0.253 0.092 3.610 0.105 0.083 0.467
2003.7384 24.29 153.98 -0.000 -0.196 3.441 0.127 0.103 0.561
2003.7658 24.29 153.98 0.354 0.006 1.694 0.117 0.095 0.517
2003.7932 24.29 153.98 0.241 0.052 0.421 0.130 0.107 0.575
2003.8205 24.29 153.98 0.039 0.230 3.188 0.141 0.112 0.614
2003.8479 24.29 153.98 0.046 -0.231 1.676 0.124 0.095 0.538
2003.8753 24.29 153.98 0.101 -0.032 1.342 0.130 0.105 0.571
2003.9027 24.29 153.98 0.166 -0.459 1.984 0.119 0.093 0.521
2003.9301 24.29 153.98 0.212 -0.019 1.358 0.124 0.098 0.544
2003.9575 24.29 153.98 0.202 -0.058 0.770 0.139 0.114 0.610
2003.9849 24.29 153.98 0.181 0.043 0.947 0.132 0.106 0.578
2004.0123 24.29 153.98 0.132 0.221 2.805 0.142 0.113 0.618
2004.0397 24.29 153.98 -0.016 -0.271 2.512 0.120 0.087 0.518
2004.0945 24.29 153.98 0.393 -0.098 2.609 0.112 0.081 0.484
2004.1219 24.29 153.98 0.029 -0.172 2.882 0.119 0.093 0.520
2004.1493 24.29 153.98 0.212 0.141 2.409 0.140 0.110 0.608
2004.1767 24.29 153.98 0.286 -0.204 1.875 0.149 0.120 0.649
2004.2041 24.29 153.98 0.071 0.105 3.537 0.122 0.095 0.531
2004.2315 24.29 153.98 -0.079 0.149 0.545 0.124 0.096 0.538
2004.2589 24.29 153.98 0.047 0.005 2.791 0.128 0.099 0.555
2004.2863 24.29 153.98 -0.041 0.054 1.876 0.129 0.099 0.557
2004.3137 24.29 153.98 0.134 0.235 2.138 0.122 0.094 0.530
2004.3411 24.29 153.98 -0.029 0.415 2.349 0.134 0.104 0.579
2004.3685 24.29 153.98 0.097 -0.059 1.067 0.130 0.098 0.558
2004.3959 24.29 153.98 0.142 -0.296 1.482 0.114 0.085 0.492
2004.4233 24.29 153.98 -0.085 -0.125 0.693 0.110 0.081 0.473
2004.4507 24.29 153.98 -0.136 -0.317 1.818 0.097 0.072 0.423
2004.4781 24.29 153.98 -0.149 -0.392 2.895 0.107 0.080 0.462
2004.5055 24.29 153.98 0.067 -0.242 3.498 0.105 0.078 0.452
2004.5329 24.29 153.98 0.101 -0.186 1.724 0.099 0.073 0.428
2004.5603 24.29 153.98 0.306 -0.155 2.383 0.102 0.075 0.439
2004.5877 24.29 153.98 0.309 -0.263 1.818 0.103 0.075 0.443
2004.6151 24.29 153.98 0.341 0.192 3.505 0.113 0.083 0.486
2004.6425 24.29 153.98 0.165 0.164 2.603 0.096 0.070 0.418
2004.6699 24.29 153.98 0.250 0.281 1.596 0.097 0.070 0.419
2004.6973 24.29 153.98 -0.057 -0.102 2.211 0.091 0.065 0.395
2004.7247 24.29 153.98 -0.079 0.142 2.128 0.104 0.075 0.448
2004.7521 24.29 153.98 -0.085 0.066 1.748 0.100 0.072 0.431
2004.7795 24.29 153.98 0.124 -0.074 1.148 0.097 0.070 0.420
2004.8068 24.29 153.98 0.113 -0.092 0.414 0.108 0.079 0.462
2004.8342 24.29 153.98 0.119 -0.149 1.668 0.106 0.078 0.457
2004.8616 24.29 153.98 -0.023 0.175 0.830 0.094 0.068 0.408
2004.8890 24.29 153.98 0.086 0.187 1.845 0.094 0.069 0.408
2004.9164 24.29 153.98 -0.001 -0.052 1.362 0.102 0.076 0.443
2004.9438 24.29 153.98 0.170 0.086 0.623 0.113 0.082 0.487
2004.9712 24.29 153.98 -0.076 0.243 2.241 0.102 0.077 0.444
2004.9973 24.29 153.98 0.034 -0.016 1.855 0.099 0.073 0.431
2005.0233 24.29 153.98 -0.014 0.486 3.064 0.114 0.088 0.496
2005.0507 24.29 153.98 0.111 -0.230 0.296 0.166 0.137 0.724
2005.0781 24.29 153.98 0.099 0.206 3.322 0.127 0.101 0.554
2005.1055 24.29 153.98 0.283 0.241 1.692 0.126 0.100 0.550
2005.1329 24.29 153.98 0.250 0.099 1.869 0.129 0.103 0.563
2005.1603 24.29 153.98 0.191 0.497 -0.207 0.116 0.090 0.504
2005.1877 24.29 153.98 -0.030 0.561 0.430 0.117 0.088 0.505
2005.2151 24.29 153.98 0.087 0.243 2.497 0.110 0.081 0.477
2005.2425 24.29 153.98 0.282 0.260 -0.115 0.106 0.081 0.463
2005.2699 24.29 153.98 -0.014 0.172 0.581 0.113 0.087 0.493
2005.2973 24.29 153.98 0.117 0.245 1.207 0.120 0.092 0.519
2005.3247 24.29 153.98 0.098 0.179 -0.926 0.126 0.096 0.545
2005.3521 24.29 153.98 -0.081 0.567 -0.704 0.056 0.040 0.259
2005.3795 24.29 153.98 0.028 -0.248 0.391 0.118 0.090 0.513
2005.4068 24.29 153.98 0.038 -0.255 1.093 0.109 0.082 0.472
2005.4342 24.29 153.98 0.063 -0.044 3.638 0.125 0.093 0.539
2005.4616 24.29 153.98 0.009 0.191 1.748 0.113 0.086 0.491
2005.4890 24.29 153.98 -0.107 0.205 0.919 0.107 0.081 0.468
2005.5164 24.29 153.98 0.050 0.029 1.392 0.107 0.081 0.467
2005.5438 24.29 153.98 -0.178 -0.009 1.937 0.116 0.090 0.506
2005.5712 24.29 153.98 -0.079 0.177 1.203 0.126 0.098 0.548
2005.5986 24.29 153.98 -0.102 0.379 2.269 0.129 0.100 0.560
2005.6260 24.29 153.98 0.103 0.152 0.404 0.114 0.088 0.498
2005.6534 24.29 153.98 0.270 -0.331 1.796 0.120 0.094 0.524
2005.6808 24.29 153.98 0.211 -0.036 1.258 0.118 0.092 0.516
2005.7082 24.29 153.98 0.384 0.061 2.251 0.142 0.114 0.620
2005.7356 24.29 153.98 0.229 -0.162 0.131 0.125 0.100 0.548
2005.7630 24.29 153.98 0.122 0.205 2.130 0.125 0.100 0.550
2005.7904 24.29 153.98 0.149 -0.116 2.907 0.118 0.093 0.517
2005.8178 24.29 153.98 0.248 -0.248 2.579 0.121 0.096 0.531
2005.8452 24.29 153.98 0.031 -0.128 1.414 0.130 0.103 0.568
2005.8726 24.29 153.98 0.009 0.142 0.403 0.112 0.089 0.495
2005.9000 24.29 153.98 -0.011 0.013 1.120 0.110 0.086 0.482
2005.9274 24.29 153.98 -0.049 -0.254 0.547 0.115 0.082 0.496
2005.9548 24.29 153.98 -0.320 -0.262 0.310 0.112 0.074 0.487
2005.9822 24.29 153.98 -0.035 0.070 1.696 0.109 0.079 0.473
2006.0096 24.29 153.98 0.051 0.044 1.709 0.118 0.090 0.514
2006.0370 24.29 153.98 0.029 0.236 0.152 0.148 0.116 0.643
2006.0644 24.29 153.98 0.159 0.253 2.023 0.150 0.117 0.653
2006.0918 24.29 153.98 0.202 -0.042 -0.053 0.149 0.118 0.650
2006.1192 24.29 153.98 -0.011 0.122 2.905 0.168 0.137 0.734
2006.1466 24.29 153.98 0.050 0.308 2.710 0.133 0.106 0.582
2006.1740 24.29 153.98 0.199 0.523 1.884 0.148 0.122 0.652
2006.2014 24.29 153.98 0.238 0.404 1.186 0.116 0.093 0.511
2006.2288 24.29 153.98 0.500 0.208 -0.828 0.149 0.124 0.658
2006.2562 24.29 153.98 0.356 -0.263 -0.590 0.140 0.117 0.619
2006.2836 24.29 153.98 0.252 0.147 0.736 0.137 0.114 0.606
2006.3110 24.29 153.98 0.119 -0.064 3.108 0.146 0.123 0.647
2006.3384 24.29 153.98 0.111 0.272 2.096 0.132 0.111 0.588
2006.3658 24.29 153.98 -0.135 0.345 1.097 0.147 0.123 0.650
2006.3932 24.29 153.98 0.248 0.142 2.639 0.144 0.121 0.640
2006.4205 24.29 153.98 -0.033 -0.123 2.958 0.145 0.121 0.642
2006.4479 24.29 153.98 -0.022 0.115 2.629 0.159 0.129 0.699
2006.4753 24.29 153.98 -0.068 0.421 1.231 0.161 0.134 0.712
2006.5027 24.29 153.98 0.161 0.374 1.403 0.167 0.140 0.739
2006.5301 24.29 153.98 0.111 0.027 1.145 0.198 0.170 0.878
2006.5575 24.29 153.98 0.054 0.146 -0.231 0.158 0.133 0.701
2006.5849 24.29 153.98 -0.084 -0.157 1.351 0.163 0.137 0.720
2006.6123 24.29 153.98 0.147 -0.221 1.002 0.199 0.174 0.886
2006.6397 24.29 153.98 -0.044 -0.513 2.154 0.170 0.145 0.752
2006.6671 24.29 153.98 -0.004 -0.088 0.794 0.154 0.130 0.684
2006.6945 24.29 153.98 -0.093 -0.213 2.514 0.197 0.168 0.869
2006.7219 24.29 153.98 -0.022 -0.010 2.452 0.185 0.154 0.814
2006.7493 24.29 153.98 0.007 0.120 0.402 0.220 0.186 0.968
2006.7767 24.29 153.98 -0.172 0.291 0.509 0.191 0.162 0.843
2006.8041 24.29 153.98 -0.133 0.023 1.163 0.154 0.128 0.680
2006.8315 24.29 153.98 -0.137 0.365 2.374 0.179 0.151 0.790
2006.8589 24.29 153.98 -0.243 0.178 0.465 0.174 0.146 0.768
2006.8863 24.29 153.98 -0.044 0.248 0.514 0.167 0.139 0.736
2006.9137 24.29 153.98 0.050 0.399 1.022 0.162 0.133 0.713
2006.9411 24.29 153.98 -0.009 0.228 -2.190 0.160 0.130 0.701
2006.9685 24.29 153.98 -0.054 0.264 -0.204 0.159 0.127 0.695
2006.9959 24.29 153.98 -0.089 0.316 -0.364 0.159 0.123 0.689
2007.0233 24.29 153.98 0.086 0.186 -0.974 0.147 0.113 0.640
2007.0507 24.29 153.98 -0.002 0.159 0.183 0.154 0.119 0.667
2007.0781 24.29 153.98 -0.135 0.135 0.995 0.157 0.127 0.690
2007.1055 24.29 153.98 0.084 0.041 0.783 0.141 0.113 0.618
2007.1329 24.29 153.98 0.169 -0.229 0.539 0.153 0.124 0.673
2007.1603 24.29 153.98 0.042 -0.344 -0.606 0.146 0.118 0.642
2007.1877 24.29 153.98 0.145 -0.411 1.388 0.188 0.159 0.829
2007.2151 24.29 153.98 0.212 -0.215 0.628 0.168 0.141 0.740
2007.2425 24.29 153.98 -0.036 0.180 0.225 0.161 0.135 0.712
2007.2699 24.29 153.98 -0.079 0.182 0.103 0.129 0.104 0.569
2007.2973 24.29 153.98 -0.069 0.124 0.692 0.121 0.097 0.537
2007.3247 24.29 153.98 -0.125 -0.048 -0.106 0.148 0.123 0.654
2007.3521 24.29 153.98 0.029 0.356 1.351 0.162 0.136 0.716
2007.3795 24.29 153.98 0.200 -0.012 3.134 0.170 0.144 0.752
2007.4068 24.29 153.98 -0.284 0.199 -0.042 0.142 0.117 0.627
2007.4342 24.29 153.98 -0.129 0.044 0.701 0.136 0.111 0.600
2007.4616 24.29 153.98 -0.037 0.003 -0.334 0.178 0.151 0.785
2007.4890 24.29 153.98 -0.008 -0.407 -0.229 0.137 0.111 0.603
2007.5164 24.29 153.98 -0.089 -0.315 0.726 0.144 0.119 0.637
2007.5438 24.29 153.98 0.142 -0.124 1.426 0.140 0.115 0.618
2007.5712 24.29 153.98 0.219 -0.120 2.230 0.144 0.118 0.634
2007.5986 24.29 153.98 -0.242 -0.098 2.124 0.176 0.146 0.773
2007.6260 24.29 153.98 0.077 -0.326 2.504 0.144 0.117 0.633
2007.6534 24.29 153.98 0.303 -0.161 3.453 0.146 0.119 0.643
2007.6808 24.29 153.98 0.174 0.016 1.528 0.154 0.124 0.674
2007.7082 24.29 153.98 0.143 0.086 0.684 0.114 0.087 0.502
2007.7356 24.29 153.98 -0.082 0.244 0.826 0.158 0.127 0.691
2007.7630 24.29 153.98 0.127 0.252 -0.138 0.122 0.093 0.534
2007.7904 24.29 153.98 0.073 0.226 -0.563 0.155 0.127 0.682
2007.8178 24.29 153.98 0.076 0.049 0.033 0.178 0.148 0.784
2007.8452 24.29 153.98 0.078 0.188 -0.624 0.146 0.118 0.641
2007.8726 24.29 153.98 0.278 0.264 -0.781 0.169 0.139 0.745
2007.9000 24.29 153.98 0.326 0.114 0.158 0.181 0.144 0.786
2007.9274 24.29 153.98 0.364 0.221 0.967 0.176 0.145 0.773
2007.9548 24.29 153.98 0.346 0.122 -0.128 0.132 0.108 0.585
2007.9822 24.29 153.98 0.125 0.187 -1.747 0.162 0.135 0.717
2008.0096 24.29 153.98 0.125 0.095 -1.367 0.142 0.118 0.631
2008.0370 24.29 153.98 0.315 0.020 -0.592 0.147 0.123 0.650
2008.0644 24.29 153.98 0.152 -0.180 0.305 0.168 0.143 0.747
2008.0918 24.29 153.98 0.353 0.326 1.740 0.136 0.111 0.601
2008.1192 24.29 153.98 -0.011 -0.041 1.401 0.159 0.134 0.704
2008.1466 24.29 153.98 -0.203 0.190 0.416 0.184 0.157 0.816
2008.1740 24.29 153.98 0.038 0.129 0.767 0.161 0.136 0.715
2008.2014 24.29 153.98 0.174 0.082 1.650 0.172 0.148 0.765
2008.2288 24.29 153.98 -0.132 0.003 -2.226 0.202 0.167 0.888
2008.2562 24.29 153.98 -0.141 0.251 0.945 0.188 0.157 0.829
2008.2836 24.29 153.98 -0.089 -0.045 0.580 0.226 0.189 0.994
2008.3110 24.29 153.98 0.048 -0.036 1.472 0.233 0.196 1.025
2008.3384 24.29 153.98 -0.240 0.153 0.860 0.172 0.145 0.761
2008.3658 24.29 153.98 -0.175 -0.263 0.247 0.176 0.147 0.777
2008.3932 24.29 153.98 -0.119 -0.408 0.332 0.161 0.131 0.707
2008.4205 24.29 153.98 -0.122 -0.128 1.121 0.141 0.113 0.616
2008.4479 24.29 153.98 -0.125 -0.484 1.234 0.142 0.117 0.627
2008.4753 24.29 153.98 -0.080 -0.202 1.079 0.138 0.113 0.609
2008.5027 24.29 153.98 0.072 0.016 0.526 0.169 0.137 0.740
2008.5301 24.29 153.98 0.044 0.445 1.121 0.210 0.170 0.917
2008.5575 24.29 153.98 0.164 0.038 0.814 0.138 0.107 0.600
2008.5849 24.29 153.98 0.109 0.097 0.243 0.155 0.127 0.679
2008.6123 24.29 153.98 0.241 0.221 0.337 0.130 0.103 0.569
2008.6397 24.29 153.98 0.010 0.254 0.196 0.142 0.114 0.623
2008.6671 24.29 153.98 0.138 0.134 -0.244 0.136 0.109 0.598
2008.6945 24.29 153.98 0.171 0.249 1.216 0.132 0.105 0.580
2008.7219 24.29 153.98 -0.023 -0.041 -0.451 0.151 0.124 0.666
2008.7493 24.29 153.98 -0.195 0.206 -1.020 0.137 0.112 0.605
2008.7767 24.29 153.98 0.054 -0.096 -0.269 0.160 0.133 0.704
2008.8041 24.29 153.98 0.066 0.070 -1.061 0.161 0.135 0.709
2008.8315 24.29 153.98 0.107 -0.303 0.011 0.182 0.152 0.800
2008.8589 24.29 153.98 0.198 -0.188 1.940 0.212 0.178 0.932
2008.8863 24.29 153.98 0.382 -0.112 0.343 0.203 0.171 0.895
2008.9137 24.29 153.98 0.014 -0.020 -1.956 0.193 0.164 0.854
2008.9411 24.29 153.98 -0.082 0.232 -0.194 0.203 0.170 0.894
2008.9685 24.29 153.98 -0.064 -0.057 1.515 0.190 0.158 0.835
2008.9945 24.29 153.98 -0.077 -0.043 1.338 0.160 0.135 0.711
2009.0205 24.29 153.98 0.016 -0.074 1.730 0.157 0.134 0.701
2009.0479 24.29 153.98 0.114 0.114 0.027 0.158 0.135 0.703
2009.0753 24.29 153.98 0.145 -0.130 -0.286 0.152 0.128 0.674
2009.1027 24.29 153.98 -0.038 -0.159 -1.182 0.188 0.161 0.836
2009.1301 24.29 153.98 -0.027 0.301 -2.646 0.150 0.127 0.668
2009.1575 24.29 153.98 0.035 0.048 -1.665 0.153 0.128 0.680
2009.1849 24.29 153.98 0.190 -0.264 -0.397 0.175 0.150 0.778
2009.2123 24.29 153.98 -0.031 -0.128 -1.032 0.151 0.124 0.669
2009.2397 24.29 153.98 -0.059 0.192 -1.955 0.170 0.145 0.757
2009.2671 24.29 153.98 -0.168 -0.200 -1.183 0.143 0.121 0.636
2009.2945 24.29 153.98 0.110 -0.012 -0.076 0.146 0.124 0.651
2009.3219 24.29 153.98 0.409 -0.453 -0.440 0.153 0.129 0.679
2009.3493 24.29 153.98 0.113 -0.443 0.834 0.140 0.117 0.623
2009.3767 24.29 153.98 -0.246 -0.357 1.291 0.148 0.123 0.654
2009.4041 24.29 153.98 -0.246 -0.095 0.898 0.131 0.107 0.578
2009.4315 24.29 153.98 -0.299 0.030 2.384 0.149 0.124 0.661
2009.4589 24.29 153.98 -0.250 0.435 0.864 0.127 0.102 0.561
2009.4863 24.29 153.98 -0.170 -0.001 1.261 0.140 0.113 0.615
2009.5137 24.29 153.98 -0.081 -0.100 0.041 0.135 0.105 0.589
2009.5411 24.29 153.98 -0.013 0.034 -0.168 0.165 0.132 0.722
2009.5685 24.29 153.98 -0.152 0.005 -0.457 0.178 0.142 0.776
2009.5959 24.29 153.98 -0.031 0.313 -0.272 0.156 0.124 0.682
2009.6233 24.29 153.98 -0.338 0.498 0.399 0.161 0.131 0.707
2009.6507 24.29 153.98 -0.119 0.097 -0.370 0.155 0.126 0.682
2009.6781 24.29 153.98 0.014 0.169 1.330 0.166 0.137 0.729
2009.7055 24.29 153.98 -0.062 0.382 0.891 0.171 0.143 0.755
2009.7329 24.29 153.98 0.178 0.060 -0.805 0.165 0.137 0.729
2009.7603 24.29 153.98 -0.081 0.338 -1.279 0.188 0.157 0.830
2009.7877 24.29 153.98 0.105 0.061 -0.704 0.174 0.145 0.767
2009.8151 24.29 153.98 0.070 -0.138 -1.160 0.186 0.157 0.822
2009.8425 24.29 153.98 0.075 -0.160 -1.604 0.169 0.142 0.749
2009.8699 24.29 153.98 0.043 -0.145 -0.340 0.162 0.136 0.717
2009.8973 24.29 153.98 0.120 -0.054 -2.018 0.152 0.127 0.671
2009.9247 24.29 153.98 0.006 -0.164 -2.604 0.152 0.123 0.669
2009.9521 24.29 153.98 -0.203 -0.123 -1.241 0.142 0.117 0.629
2009.9795 24.29 153.98 -0.316 0.258 -1.684 0.146 0.120 0.646
2010.0068 24.29 153.98 -0.514 -0.227 -0.992 0.184 0.155 0.813
2010.0342 24.29 153.98 -0.282 -0.130 -0.209 0.144 0.119 0.638
2010.0616 24.29 153.98 -0.245 -0.117 -0.688 0.148 0.122 0.654
2010.0890 24.29 153.98 -0.337 -0.193 -3.024 0.176 0.149 0.778
2010.1164 24.29 153.98 0.053 0.228 -2.146 0.181 0.154 0.802
2010.1438 24.29 153.98 0.014 -0.203 -2.913 0.175 0.146 0.774
2010.1712 24.29 153.98 0.131 -0.199 -1.561 0.168 0.140 0.741
2010.1986 24.29 153.98 0.254 0.025 -1.792 0.161 0.133 0.710
2010.2260 24.29 153.98 0.059 0.096 -0.866 0.175 0.145 0.773
2010.2534 24.29 153.98 -0.081 0.009 -2.362 0.181 0.149 0.796
2010.2808 24.29 153.98 0.036 0.031 -1.390 0.140 0.113 0.617
2010.3082 24.29 153.98 -0.200 0.279 -1.511 0.147 0.119 0.646
2010.3356 24.29 153.98 -0.318 -0.215 -0.184 0.135 0.106 0.591
2010.3630 24.29 153.98 -0.419 0.014 -1.627 0.143 0.112 0.625
2010.3904 24.29 153.98 -0.213 -0.023 -2.197 0.148 0.107 0.631
2010.4178 24.29 153.98 -0.166 0.107 -1.284 0.152 0.118 0.661
2010.4452 24.29 153.98 0.058 -0.156 -0.536 0.135 0.104 0.589
2010.4726 24.29 153.98 0.098 -0.011 -0.186 0.122 0.092 0.533
2010.5000 24.29 153.98 -0.152 0.155 -0.993 0.137 0.107 0.600
2010.5274 24.29 153.98 -0.148 -0.100 -1.261 0.210 0.177 0.923
2010.5548 24.29 153.98 -0.080 -0.119 -1.982 0.136 0.112 0.602
2010.5822 24.29 153.98 -0.201 -0.038 -1.525 0.123 0.101 0.546
2010.6096 24.29 153.98 -0.027 0.086 -1.980 0.157 0.132 0.696
2010.6370 24.29 153.98 -0.015 -0.220 -0.501 0.141 0.118 0.625
2010.6644 24.29 153.98 -0.090 -0.171 -0.414 0.133 0.110 0.588
2010.6918 24.29 153.98 -0.118 -0.364 1.211 0.158 0.133 0.699
2010.7192 24.29 153.98 0.089 -0.218 0.660 0.147 0.124 0.653
2010.7466 24.29 153.98 -0.032 -0.142 0.915 0.170 0.145 0.752
2010.7740 24.29 153.98 -0.187 -0.121 -0.105 0.140 0.116 0.621
2010.8014 24.29 153.98 -0.104 -0.160 -0.086 0.133 0.111 0.591
2010.8288 24.29 153.98 -0.165 -0.083 1.387 0.151 0.127 0.669
2010.8562 24.29 153.98 -0.123 0.122 0.780 0.149 0.124 0.658
2010.8836 24.29 153.98 -0.048 0.055 0.382 0.139 0.114 0.613
2010.9110 24.29 153.98 -0.133 0.160 -0.439 0.151 0.126 0.666
2010.9384 24.29 153.98 -0.155 0.375 -0.453 0.156 0.130 0.690
2010.9658 24.29 153.98 -0.152 -0.026 -0.404 0.171 0.144 0.754
2010.9932 24.29 153.98 0.169 0.363 -0.883 0.148 0.088 0.600
2011.1027 24.29 153.98 0.140 -0.367 0.213 0.145 0.103 0.621
2011.1301 24.29 153.98 0.383 0.354 1.815 0.205 0.169 0.896
2011.1575 24.29 153.98 -0.271 0.017 1.745 0.140 0.111 0.612
2011.1849 24.29 153.98 -0.015 0.129 0.125 0.113 0.086 0.497
2011.2123 24.29 153.98 -0.034 -0.193 1.122 0.174 0.145 0.765
2011.2397 24.29 153.98 0.081 0.023 1.127 0.181 0.152 0.795
2011.2671 24.29 153.98 0.117 0.094 0.339 0.148 0.121 0.650
2011.2945 24.29 153.98 0.224 -0.341 0.862 0.170 0.143 0.750
2011.3219 24.29 153.98 -0.001 -0.017 0.203 0.160 0.134 0.705
2011.3493 24.29 153.98 -0.272 0.058 0.442 0.145 0.120 0.638
2011.3767 24.29 153.98 -0.392 0.076 -0.214 0.167 0.141 0.739
2011.4041 24.29 153.98 -0.089 0.018 -0.462 0.149 0.123 0.657
2011.4315 24.29 153.98 -0.251 0.248 -1.353 0.158 0.119 0.680
2011.5137 24.29 153.98 -0.661 -0.458 -1.275 0.141 0.109 0.615
2011.5411 24.29 153.98 -0.390 -0.297 -1.927 0.147 0.119 0.643
2011.5685 24.29 153.98 -0.128 -0.346 -0.725 0.144 0.115 0.631
2011.5959 24.29 153.98 0.033 -0.318 0.732 0.154 0.124 0.672
2011.6233 24.29 153.98 -0.233 -0.257 -1.238 0.154 0.123 0.674
2011.6507 24.29 153.98 -0.009 -0.285 -2.096 0.179 0.148 0.785
2011.6781 24.29 153.98 -0.222 -0.109 0.044 0.166 0.138 0.731
2011.7055 24.29 153.98 -0.007 0.026 1.198 0.166 0.139 0.732
2011.7329 24.29 153.98 0.005 -0.210 -0.398 0.191 0.162 0.840
2011.7603 24.29 153.98 0.068 -0.130 -0.307 0.165 0.138 0.727
2011.7877 24.29 153.98 0.035 -0.054 -2.536 0.175 0.148 0.771
2011.8151 24.29 153.98 0.052 0.003 -0.969 0.172 0.145 0.758
2011.8425 24.29 153.98 -0.081 -0.235 -0.381 0.185 0.158 0.818
2011.8699 24.29 153.98 -0.044 0.244 -1.192 0.182 0.149 0.796
2011.9521 24.29 153.98 -0.284 -0.110 -5.919 0.129 0.086 0.542
2011.9795 24.29 153.98 -0.051 0.125 -3.039 0.151 0.125 0.664
2012.0068 24.29 153.98 -0.304 -0.212 -2.451 0.141 0.115 0.620
2012.0342 24.29 153.98 -0.125 -0.562 -4.006 0.168 0.136 0.734
2012.0616 24.29 153.98 -0.230 -0.083 -0.893 0.147 0.119 0.642
2012.0890 24.29 153.98 -0.043 -0.213 -1.426 0.146 0.116 0.634
2012.1164 24.29 153.98 -0.330 -0.215 -1.716 0.144 0.112 0.624
2012.1438 24.29 153.98 -0.050 0.066 -1.057 0.149 0.116 0.641
2012.1712 24.29 153.98 0.109 -0.158 -1.234 0.144 0.108 0.618
2012.1986 24.29 153.98 0.107 -0.268 -1.617 0.130 0.099 0.563
2012.2260 24.29 153.98 -0.362 -0.185 -2.590 0.132 0.101 0.572
2012.2534 24.29 153.98 -0.263 0.007 -1.717 0.128 0.099 0.556
2012.2808 24.29 153.98 -0.267 0.063 0.514 0.120 0.093 0.519
2012.3082 24.29 153.98 -0.522 -0.049 -3.979 0.151 0.084 0.603
2012.3904 24.29 153.98 -0.235 -0.116 -1.700 0.152 0.107 0.645
2012.4178 24.29 153.98 -0.188 -0.405 -1.619 0.110 0.085 0.482
2012.4452 24.29 153.98 -0.288 -0.525 -0.443 0.110 0.083 0.477
2012.4726 24.29 153.98 -0.135 -0.388 -0.738 0.118 0.090 0.510
2012.5000 24.29 153.98 -0.208 -0.030 -1.024 0.113 0.085 0.488
2012.5274 24.29 153.98 -0.079 -0.220 -1.448 0.119 0.091 0.516
2012.5548 24.29 153.98 -0.003 -0.309 -2.738 0.119 0.091 0.516
2012.5822 24.29 153.98 -0.063 -0.223 -1.983 0.125 0.097 0.541
2012.6096 24.29 153.98 0.050 -0.053 -1.546 0.123 0.096 0.535
2012.6370 24.29 153.98 0.204 0.029 -1.688 0.114 0.089 0.497
2012.6644 24.29 153.98 0.038 -0.174 -1.857 0.124 0.098 0.540
2012.6918 24.29 153.98 0.108 -0.058 -1.607 0.127 0.102 0.555
2012.7192 24.29 153.98 0.106 0.204 0.488 0.151 0.124 0.661
2012.7466 24.29 153.98 0.063 -0.055 -1.840 0.119 0.077 0.493
2012.8562 24.29 153.98 0.034 -0.035 -2.892 0.158 0.129 0.692
2012.8836 24.29 153.98 -0.231 -0.072 -2.197 0.146 0.124 0.648
2012.9110 24.29 153.98 -0.109 0.075 -0.217 0.139 0.117 0.615
2012.9384 24.29 153.98 -0.234 0.113 -1.236 0.136 0.110 0.596
2012.9658 24.29 153.98 -0.219 -0.202 -1.620 0.148 0.127 0.659
2012.9918 24.29 153.98 0.003 -0.187 -1.801 0.075 0.062 0.344
2013.0178 24.29 153.98 0.063 0.374 -2.108 0.088 0.074 0.397
2013.0452 24.29 153.98 0.056 -0.376 -2.461 0.088 0.073 0.396
2013.0726 24.29 153.98 0.186 0.141 -1.864 0.081 0.067 0.367
2013.1000 24.29 153.98 0.355 0.288 -1.663 0.083 0.069 0.376
2013.1274 24.29 153.98 0.138 0.128 -0.141 0.078 0.063 0.352
2013.1548 24.29 153.98 0.185 0.512 -1.133 0.075 0.057 0.336
2013.2644 24.29 153.98 0.474 -0.333 0.655 0.090 0.040 0.350
2013.2918 24.29 153.98 -0.100 0.002 -1.605 0.079 0.065 0.360
2013.3192 24.29 153.98 0.050 -0.159 1.426 0.087 0.073 0.395
2013.3466 24.29 153.98 -0.132 0.184 -1.057 0.089 0.075 0.404
2013.3740 24.29 153.98 0.058 0.463 -0.530 0.077 0.065 0.353
2013.4014 24.29 153.98 -0.165 0.307 0.257 0.079 0.067 0.363
2013.4288 24.29 153.98 -0.162 0.244 -0.416 0.071 0.058 0.325
2013.4562 24.29 153.98 -0.152 -0.255 -0.740 0.072 0.059 0.330
2013.4836 24.29 153.98 -0.196 0.108 -0.646 0.074 0.061 0.337
2013.5110 24.29 153.98 -0.095 -0.025 -1.718 0.082 0.069 0.374
2013.5384 24.29 153.98 -0.151 0.104 -2.776 0.082 0.064 0.366
2013.5658 24.29 153.98 -0.070 0.252 -0.396 0.085 0.070 0.382
2013.7575 24.29 153.98 0.120 0.274 -2.292 0.082 0.063 0.365
2013.7849 24.29 153.98 0.108 0.013 -1.717 0.084 0.067 0.375
2013.8123 24.29 153.98 -0.059 0.171 -1.678 0.077 0.061 0.346
2013.8397 24.29 153.98 -0.354 0.243 -2.056 0.078 0.062 0.349
2013.8671 24.29 153.98 -0.113 -0.113 -0.277 0.083 0.065 0.371
2013.8945 24.29 153.98 -0.328 0.065 -1.312 0.077 0.060 0.345
2013.9219 24.29 153.98 -0.080 0.328 -3.035 0.069 0.054 0.313
2013.9493 24.29 153.98 -0.226 0.015 -1.912 0.073 0.057 0.329
2013.9767 24.29 153.98 -0.130 0.150 -1.644 0.074 0.057 0.334
2014.0041 24.29 153.98 -0.162 -0.382 -0.724 0.072 0.055 0.323
2014.0315 24.29 153.98 -0.084 0.278 -2.468 0.075 0.058 0.333
2014.1685 24.29 153.98 -0.100 -0.010 -2.995 0.079 0.061 0.353
2014.1959 24.29 153.98 0.176 0.202 -1.078 0.079 0.066 0.360
2014.2233 24.29 153.98 0.156 0.171 -0.312 0.076 0.062 0.343
2014.2507 24.29 153.98 0.328 0.405 -1.601 0.069 0.057 0.318
2014.2781 24.29 153.98 -0.054 0.256 -2.738 0.073 0.060 0.335
2014.3055 24.29 153.98 -0.113 0.334 -2.026 0.070 0.058 0.323
2014.3329 24.29 153.98 -0.114 0.130 -0.658 0.058 0.047 0.273
2014.3603 24.29 153.98 -0.211 0.349 -2.447 0.066 0.054 0.304
2014.3877 24.29 153.98 -0.110 -0.006 -1.429 0.066 0.054 0.304
2014.4151 24.29 153.98 -0.027 0.201 -0.672 0.066 0.053 0.302
2014.4425 24.29 153.98 -0.192 0.134 -1.835 0.070 0.056 0.318
2014.4699 24.29 153.98 -0.196 -0.207 -0.931 0.069 0.055 0.316
2014.5795 24.29 153.98 -0.008 -0.176 -2.342 0.063 0.044 0.283
2014.6068 24.29 153.98 -0.054 0.054 -4.457 0.062 0.048 0.282
2014.6342 24.29 153.98 -0.028 -0.522 -3.449 0.056 0.043 0.261
2014.6616 24.29 153.98 0.011 -0.301 -2.086 0.062 0.049 0.286
2014.6890 24.29 153.98 -0.024 -0.148 -3.794 0.061 0.048 0.279
2014.7164 24.29 153.98 0.006 0.009 -1.726 0.059 0.047 0.274
2014.7438 24.29 153.98 -0.175 -0.110 -1.496 0.064 0.051 0.294
2014.7712 24.29 153.98 -0.237 -0.149 -1.373 0.063 0.050 0.291
2014.7986 24.29 153.98 -0.199 -0.331 -0.640 0.057 0.044 0.263
2014.8260 24.29 153.98 -0.046 0.061 -1.160 0.057 0.044 0.262
2014.8534 24.29 153.98 -0.145 0.199 0.265 0.060 0.046 0.275
2014.8808 24.29 153.98 -0.145 -0.230 -0.154 0.060 0.046 0.275
2014.9082 24.29 153.98 0.101 -0.173 -0.159 0.061 0.047 0.280
2015.0452 24.29 153.98 -0.312 0.126 -1.751 0.047 0.034 0.222
2015.0726 24.29 153.98 -0.155 0.112 -0.021 0.051 0.036 0.234
2015.1000 24.29 153.98 -0.196 -0.236 0.946 0.045 0.033 0.216
2015.1274 24.29 153.98 0.076 0.190 0.480 0.042 0.031 0.205
2015.1548 24.29 153.98 -0.141 -0.124 -1.142 0.049 0.035 0.227
2015.1822 24.29 153.98 -0.152 -0.001 -3.105 0.046 0.033 0.218
2015.2096 24.29 153.98 -0.048 -0.093 -2.742 0.060 0.045 0.272
2015.2370 24.29 153.98 0.125 0.013 -2.824 0.065 0.051 0.297
2015.2644 24.29 153.98 -0.149 0.003 -1.495 0.057 0.046 0.267
2015.2918 24.29 153.98 -0.221 0.129 -1.270 0.058 0.046 0.269
2015.3192 24.29 153.98 -0.166 -0.008 -3.550 0.056 0.044 0.261
2015.3466 24.29 153.98 -0.091 -0.111 -0.439 0.060 0.047 0.278
2015.4836 24.29 153.98 -0.175 -0.393 -2.966 0.057 0.037 0.253
2015.5110 24.29 153.98 -0.234 0.038 -3.775 0.054 0.038 0.248
2015.5384 24.29 153.98 0.429 0.015 0.280 0.059 0.042 0.266
2015.5658 24.29 153.98 -0.045 0.220 -0.588 0.060 0.045 0.271
2015.5932 24.29 153.98 0.020 0.001 -1.812 0.062 0.047 0.280
2015.6205 24.29 153.98 0.056 -0.362 -1.679 0.060 0.045 0.273
2015.6479 24.29 153.98 0.050 -0.245 -3.622 0.058 0.044 0.266
2015.6753 24.29 153.98 0.051 -0.384 -3.176 0.056 0.042 0.257
2015.7027 24.29 153.98 0.107 -0.094 -3.747 0.061 0.046 0.277
2015.7301 24.29 153.98 0.101 -0.259 -3.928 0.061 0.046 0.277
2015.9493 24.29 153.98 -0.187 -0.223 -6.553 0.059 0.046 0.273
2015.9767 24.29 153.98 -0.285 -0.125 -4.228 0.062 0.049 0.284
2016.0041 24.29 153.98 -0.396 -0.045 -1.292 0.056 0.044 0.261
2016.0315 24.29 153.98 -0.095 -0.000 -1.118 0.053 0.042 0.250
2016.0589 24.29 153.98 -0.106 0.136 -4.256 0.055 0.043 0.255
2016.0863 24.29 153.98 -0.129 -0.030 -3.846 0.050 0.039 0.236
2016.1137 24.29 153.98 -0.167 -0.439 -2.464 0.056 0.044 0.259
2016.1411 24.29 153.98 -0.031 -0.387 -1.577 0.065 0.053 0.298
2016.1685 24.29 153.98 -0.171 -0.607 -3.810 0.070 0.058 0.319
2016.1959 24.29 153.98 -0.236 -0.693 -1.260 0.069 0.058 0.317
2016.2233 24.29 153.98 -0.012 -0.208 0.785 0.070 0.060 0.322
2016.2507 24.29 153.98 0.094 -0.431 0.372 0.058 0.045 0.268
2016.3603 24.29 153.98 0.053 -0.165 0.436 0.054 0.042 0.251
2016.3877 24.29 153.98 -0.102 0.296 2.277 0.063 0.049 0.286
2016.4151 24.29 153.98 -0.105 0.827 1.327 0.062 0.048 0.281
2016.4425 24.29 153.98 -0.053 0.083 -0.910 0.066 0.052 0.299
2016.4699 24.29 153.98 0.011 -0.170 -0.307 0.065 0.050 0.293
