2002.5877 43.48 -112.04 -0.247 -0.743 2.554 0.115 0.100 0.527
2002.6151 43.48 -112.04 -0.339 -0.921 4.677 0.110 0.097 0.504
2002.6425 43.48 -112.04 -0.264 -0.749 5.270 0.112 0.099 0.513
2002.6699 43.48 -112.04 -0.351 -0.584 4.451 0.097 0.085 0.449
2002.6973 43.48 -112.04 -0.441 -0.116 3.363 0.170 0.083 0.647
2002.7247 43.48 -112.04 -0.464 0.032 5.119 0.104 0.092 0.477
2002.7521 43.48 -112.04 -0.731 -0.128 4.212 0.096 0.086 0.445
2002.7795 43.48 -112.04 -0.630 0.054 5.082 0.112 0.100 0.516
2002.8068 43.48 -112.04 -0.623 0.025 5.840 0.100 0.088 0.458
2002.8342 43.48 -112.04 -0.836 0.024 6.225 0.098 0.087 0.453
2002.8616 43.48 -112.04 -0.930 0.156 5.510 0.102 0.079 0.453
2002.8890 43.48 -112.04 -0.931 -0.165 3.926 0.100 0.088 0.457
2002.9164 43.48 -112.04 -1.025 -0.065 4.618 0.107 0.092 0.490
2003.0260 43.48 -112.04 -0.551 -0.417 4.347 0.121 0.105 0.556
2003.0534 43.48 -112.04 -0.397 -0.507 -0.481 0.196 0.172 0.883
2003.0808 43.48 -112.04 0.522 -0.570 -2.178 0.176 0.148 0.790
2003.1082 43.48 -112.04 -0.757 -0.580 0.086 0.103 0.087 0.473
2003.1356 43.48 -112.04 -0.533 -0.503 0.643 0.095 0.081 0.441
2003.1630 43.48 -112.04 -0.555 -0.329 -2.583 0.101 0.086 0.465
2003.1904 43.48 -112.04 -0.298 -0.724 -1.709 0.119 0.100 0.540
2003.2178 43.48 -112.04 0.012 -0.312 -2.670 0.100 0.085 0.458
2003.2452 43.48 -112.04 -0.048 -0.642 -4.900 0.097 0.084 0.448
2003.2726 43.48 -112.04 -0.043 -0.452 -2.794 0.095 0.082 0.437
2003.3000 43.48 -112.04 0.162 -0.914 -3.611 0.093 0.080 0.428
2003.3274 43.48 -112.04 0.165 -0.548 -3.633 0.120 0.105 0.550
2003.3548 43.48 -112.04 0.534 -0.694 -2.920 0.131 0.116 0.597
2003.3822 43.48 -112.04 0.019 -0.385 -2.901 0.121 0.103 0.551
2003.5192 43.48 -112.04 -0.264 -0.433 2.781 0.125 0.112 0.569
2003.5466 43.48 -112.04 -0.337 -0.445 3.916 0.137 0.124 0.624
2003.5740 43.48 -112.04 -0.496 -0.513 4.741 0.159 0.145 0.721
2003.6014 43.48 -112.04 -0.408 -0.330 4.502 0.137 0.124 0.624
2003.6288 43.48 -112.04 -0.629 -0.674 7.116 0.131 0.117 0.595
2003.6562 43.48 -112.04 -0.499 -0.551 4.772 0.140 0.126 0.635
2003.6836 43.48 -112.04 -0.692 -0.448 6.515 0.138 0.124 0.625
2003.7110 43.48 -112.04 -0.808 -0.317 5.519 0.109 0.096 0.498
2003.7384 43.48 -112.04 -0.867 0.137 5.569 0.131 0.117 0.595
2003.7658 43.48 -112.04 -1.021 0.021 3.486 0.121 0.108 0.548
2003.7932 43.48 -112.04 -1.046 -0.205 5.875 0.134 0.120 0.608
2003.8205 43.48 -112.04 -0.520 0.176 7.419 0.146 0.126 0.651
2003.8479 43.48 -112.04 -0.860 0.114 4.071 0.129 0.108 0.574
2003.8753 43.48 -112.04 -0.803 0.071 5.176 0.134 0.118 0.605
2003.9027 43.48 -112.04 -0.905 -0.299 4.281 0.124 0.106 0.556
2003.9301 43.48 -112.04 -0.633 -0.163 3.276 0.129 0.111 0.576
2003.9575 43.48 -112.04 -0.565 -0.067 4.797 0.144 0.125 0.641
2003.9849 43.48 -112.04 -0.495 -0.402 3.138 0.137 0.118 0.608
2004.0123 43.48 -112.04 -0.672 -0.094 2.925 0.147 0.126 0.651
2004.0397 43.48 -112.04 -0.541 -0.538 2.376 0.126 0.105 0.563
2004.0945 43.48 -112.04 -0.547 -0.444 -0.862 0.117 0.097 0.525
2004.1219 43.48 -112.04 -0.373 -0.701 -0.250 0.124 0.104 0.549
2004.1493 43.48 -112.04 -0.615 -1.233 0.362 0.146 0.122 0.641
2004.1767 43.48 -112.04 -0.921 -0.659 -1.071 0.155 0.130 0.678
2004.2041 43.48 -112.04 -0.346 -1.108 -0.325 0.127 0.105 0.559
2004.2315 43.48 -112.04 -0.498 -0.490 -2.508 0.130 0.106 0.567
2004.2589 43.48 -112.04 -0.267 -0.548 -1.150 0.134 0.109 0.585
2004.2863 43.48 -112.04 -0.264 -0.705 -1.124 0.135 0.109 0.586
2004.3137 43.48 -112.04 -0.404 -0.554 -2.498 0.128 0.103 0.558
2004.3411 43.48 -112.04 -0.013 -0.649 -1.876 0.140 0.113 0.607
2004.3685 43.48 -112.04 -0.144 -0.334 0.678 0.136 0.109 0.591
2004.3959 43.48 -112.04 -0.132 -0.293 0.743 0.120 0.097 0.525
2004.4233 43.48 -112.04 -0.061 -0.285 -0.048 0.115 0.093 0.505
2004.4507 43.48 -112.04 -0.069 -0.136 1.289 0.102 0.082 0.449
2004.4781 43.48 -112.04 0.205 -0.007 0.603 0.113 0.089 0.490
2004.5055 43.48 -112.04 -0.114 0.248 1.730 0.110 0.087 0.480
2004.5329 43.48 -112.04 -0.277 0.162 3.398 0.104 0.083 0.457
2004.5603 43.48 -112.04 -0.402 0.127 3.952 0.107 0.085 0.467
2004.5877 43.48 -112.04 -0.528 -0.238 4.478 0.108 0.086 0.473
2004.6151 43.48 -112.04 -0.536 -0.020 3.874 0.119 0.095 0.520
2004.6425 43.48 -112.04 -0.711 -0.117 3.763 0.102 0.082 0.449
2004.6699 43.48 -112.04 -0.681 -0.329 4.290 0.102 0.082 0.451
2004.6973 43.48 -112.04 -0.564 -0.357 5.000 0.096 0.078 0.426
2004.7247 43.48 -112.04 -0.392 0.333 4.539 0.109 0.088 0.482
2004.7521 43.48 -112.04 -0.582 -0.029 4.135 0.105 0.085 0.466
2004.7795 43.48 -112.04 -0.713 0.008 4.145 0.102 0.082 0.451
2004.8068 43.48 -112.04 -0.555 0.310 3.727 0.113 0.090 0.494
2004.8342 43.48 -112.04 -0.666 0.133 1.571 0.112 0.088 0.487
2004.8616 43.48 -112.04 -0.591 0.171 3.688 0.099 0.080 0.439
2004.8890 43.48 -112.04 -0.765 0.375 2.959 0.099 0.080 0.437
2004.9164 43.48 -112.04 -0.483 0.417 1.987 0.107 0.086 0.471
2004.9438 43.48 -112.04 -0.507 0.165 -0.197 0.119 0.097 0.527
2004.9712 43.48 -112.04 -0.752 -0.039 1.224 0.107 0.086 0.469
2004.9973 43.48 -112.04 -0.684 -0.066 0.116 0.104 0.084 0.460
2005.0233 43.48 -112.04 -0.645 0.174 -0.667 0.120 0.096 0.521
2005.0507 43.48 -112.04 -0.954 -0.289 -2.346 0.173 0.143 0.747
2005.0781 43.48 -112.04 -0.865 -0.539 -2.083 0.133 0.108 0.577
2005.1055 43.48 -112.04 -0.861 -0.830 1.037 0.132 0.108 0.574
2005.1329 43.48 -112.04 -0.797 -0.647 -1.274 0.135 0.111 0.589
2005.1603 43.48 -112.04 -0.695 -0.143 -1.548 0.121 0.099 0.532
2005.1877 43.48 -112.04 -0.818 -0.350 0.158 0.123 0.099 0.536
2005.2151 43.48 -112.04 -0.668 -0.045 -0.644 0.116 0.094 0.511
2005.2425 43.48 -112.04 -0.633 -0.095 -2.064 0.111 0.092 0.493
2005.2699 43.48 -112.04 -0.582 -0.204 -2.350 0.118 0.098 0.523
2005.2973 43.48 -112.04 -0.352 -0.006 -2.662 0.125 0.104 0.551
2005.3247 43.48 -112.04 -0.520 0.009 -2.230 0.132 0.109 0.580
2005.3521 43.48 -112.04 -0.509 -0.105 -3.187 0.058 0.049 0.282
2005.3795 43.48 -112.04 -0.350 -0.118 -1.510 0.124 0.103 0.547
2005.4068 43.48 -112.04 -0.391 0.112 -2.378 0.114 0.095 0.506
2005.4342 43.48 -112.04 -0.206 -0.002 -3.127 0.130 0.109 0.579
2005.4616 43.48 -112.04 -0.340 0.111 -1.828 0.118 0.099 0.525
2005.4890 43.48 -112.04 -0.395 -0.174 0.619 0.112 0.094 0.500
2005.5164 43.48 -112.04 -0.433 0.112 -0.084 0.112 0.094 0.499
2005.5438 43.48 -112.04 -0.566 -0.164 2.984 0.121 0.102 0.538
2005.5712 43.48 -112.04 -0.712 0.144 3.527 0.131 0.112 0.583
2005.5986 43.48 -112.04 -0.746 -0.165 3.703 0.134 0.114 0.596
2005.6260 43.48 -112.04 -0.776 0.418 3.926 0.119 0.101 0.531
2005.6534 43.48 -112.04 -0.871 0.041 1.627 0.125 0.107 0.557
2005.6808 43.48 -112.04 -0.849 0.147 2.276 0.123 0.105 0.549
2005.7082 43.48 -112.04 -0.747 -0.132 4.070 0.147 0.128 0.657
2005.7356 43.48 -112.04 -0.915 0.215 3.465 0.130 0.113 0.581
2005.7630 43.48 -112.04 -0.571 0.040 1.076 0.130 0.113 0.583
2005.7904 43.48 -112.04 -0.528 0.316 2.269 0.122 0.106 0.550
2005.8178 43.48 -112.04 -0.315 0.302 4.791 0.125 0.109 0.563
2005.8452 43.48 -112.04 -0.562 0.439 4.526 0.134 0.117 0.604
2005.8726 43.48 -112.04 -0.352 -0.097 3.591 0.117 0.102 0.526
2005.9000 43.48 -112.04 -0.280 -0.083 3.256 0.114 0.099 0.515
2005.9274 43.48 -112.04 -0.435 -0.034 1.115 0.121 0.100 0.541
2005.9548 43.48 -112.04 -0.360 -0.485 0.965 0.118 0.100 0.554
2005.9822 43.48 -112.04 -0.250 -0.615 2.682 0.114 0.096 0.516
2006.0096 43.48 -112.04 -0.240 -0.746 2.149 0.123 0.105 0.553
2006.0370 43.48 -112.04 -0.033 -0.694 -0.555 0.153 0.134 0.688
2006.0644 43.48 -112.04 -0.110 -0.568 -2.112 0.155 0.136 0.700
2006.0918 43.48 -112.04 -0.198 -0.708 -1.671 0.154 0.136 0.694
2006.1192 43.48 -112.04 -0.258 -0.660 -4.678 0.173 0.155 0.779
2006.1466 43.48 -112.04 0.015 -0.620 -4.884 0.137 0.122 0.620
2006.1740 43.48 -112.04 0.065 -1.141 -4.980 0.153 0.137 0.689
2006.2014 43.48 -112.04 0.058 -1.173 -5.112 0.120 0.106 0.544
2006.2288 43.48 -112.04 0.033 -0.848 -4.593 0.153 0.139 0.695
2006.2562 43.48 -112.04 -0.060 -1.264 -4.061 0.144 0.131 0.651
2006.2836 43.48 -112.04 0.006 -1.092 -4.515 0.141 0.128 0.639
2006.3110 43.48 -112.04 -0.006 -1.056 -6.034 0.150 0.137 0.681
2006.3384 43.48 -112.04 -0.050 -0.731 -4.082 0.136 0.124 0.619
2006.3658 43.48 -112.04 0.124 -0.428 -3.565 0.150 0.138 0.685
2006.3932 43.48 -112.04 0.153 -0.314 -5.647 0.148 0.136 0.675
2006.4205 43.48 -112.04 -0.049 -0.622 -5.816 0.149 0.136 0.679
2006.4479 43.48 -112.04 0.239 -0.851 -3.945 0.165 0.146 0.742
2006.4753 43.48 -112.04 -0.053 -0.667 -0.998 0.166 0.151 0.754
2006.5027 43.48 -112.04 -0.196 -0.911 1.358 0.172 0.158 0.781
2006.5301 43.48 -112.04 -0.199 -0.560 1.544 0.203 0.188 0.922
2006.5575 43.48 -112.04 -0.487 -0.439 1.040 0.162 0.149 0.739
2006.5849 43.48 -112.04 -0.613 -0.575 1.941 0.167 0.153 0.759
2006.6123 43.48 -112.04 -0.818 -0.445 2.806 0.204 0.190 0.925
2006.6397 43.48 -112.04 -0.832 -0.872 1.925 0.173 0.161 0.789
2006.6671 43.48 -112.04 -0.824 -0.618 2.668 0.158 0.145 0.721
2006.6945 43.48 -112.04 -1.014 -0.835 3.845 0.201 0.186 0.913
2006.7219 43.48 -112.04 -1.062 0.070 4.691 0.190 0.173 0.861
2006.7493 43.48 -112.04 -1.071 -0.203 5.162 0.225 0.207 1.020
2006.7767 43.48 -112.04 -1.199 -0.335 5.068 0.195 0.180 0.886
2006.8041 43.48 -112.04 -0.927 -0.206 1.806 0.158 0.145 0.719
2006.8315 43.48 -112.04 -0.941 -0.568 3.176 0.183 0.169 0.832
2006.8589 43.48 -112.04 -0.886 -0.287 2.647 0.179 0.164 0.810
2006.8863 43.48 -112.04 -0.692 -0.535 2.243 0.171 0.157 0.779
2006.9137 43.48 -112.04 -0.279 -0.703 2.473 0.167 0.152 0.758
2006.9411 43.48 -112.04 -0.466 -0.675 2.570 0.164 0.149 0.746
2006.9685 43.48 -112.04 -0.389 -0.673 2.920 0.164 0.146 0.743
2006.9959 43.48 -112.04 -0.501 -0.717 -0.100 0.164 0.144 0.739
2007.0233 43.48 -112.04 -0.357 -0.552 1.313 0.153 0.133 0.690
2007.0507 43.48 -112.04 -0.474 -0.419 -1.032 0.159 0.139 0.717
2007.0781 43.48 -112.04 -0.484 -0.328 -2.282 0.162 0.146 0.736
2007.1055 43.48 -112.04 -0.305 -0.559 -1.841 0.145 0.130 0.660
2007.1329 43.48 -112.04 -0.044 -0.749 -1.366 0.158 0.142 0.717
2007.1603 43.48 -112.04 -0.016 -0.765 -3.056 0.150 0.136 0.683
2007.1877 43.48 -112.04 -0.395 -0.969 -5.798 0.193 0.177 0.874
2007.2151 43.48 -112.04 -0.052 -0.961 -3.083 0.172 0.158 0.781
2007.2425 43.48 -112.04 -0.142 -0.221 -1.918 0.165 0.152 0.752
2007.2699 43.48 -112.04 0.225 -0.233 -3.073 0.133 0.119 0.605
2007.2973 43.48 -112.04 0.079 -0.512 -2.145 0.125 0.112 0.573
2007.3247 43.48 -112.04 0.096 -0.774 -3.976 0.152 0.139 0.693
2007.3521 43.48 -112.04 0.182 -0.652 -0.944 0.166 0.153 0.756
2007.3795 43.48 -112.04 -0.008 -1.024 -0.453 0.174 0.161 0.792
2007.4068 43.48 -112.04 0.285 -0.211 0.305 0.146 0.133 0.665
2007.4342 43.48 -112.04 0.295 -0.464 -3.064 0.140 0.127 0.638
2007.4616 43.48 -112.04 0.509 -0.444 -1.572 0.182 0.168 0.827
2007.4890 43.48 -112.04 0.178 0.010 0.064 0.141 0.127 0.642
2007.5164 43.48 -112.04 -0.313 -0.533 0.734 0.148 0.135 0.675
2007.5438 43.48 -112.04 -0.307 -0.499 2.782 0.144 0.131 0.656
2007.5712 43.48 -112.04 -0.390 -0.791 2.334 0.148 0.134 0.674
2007.5986 43.48 -112.04 -0.744 -0.464 4.925 0.181 0.165 0.819
2007.6260 43.48 -112.04 -0.631 -0.398 4.326 0.148 0.133 0.673
2007.6534 43.48 -112.04 -0.552 -0.294 3.713 0.151 0.136 0.684
2007.6808 43.48 -112.04 -0.818 -0.352 3.559 0.158 0.142 0.719
2007.7082 43.48 -112.04 -0.757 -0.489 4.646 0.119 0.104 0.543
2007.7356 43.48 -112.04 -0.668 -0.299 6.518 0.163 0.146 0.737
2007.7630 43.48 -112.04 -0.637 0.313 6.128 0.127 0.110 0.577
2007.7904 43.48 -112.04 -0.433 0.275 3.862 0.160 0.144 0.725
2007.8178 43.48 -112.04 -0.590 0.423 3.416 0.183 0.167 0.830
2007.8452 43.48 -112.04 -0.691 0.256 2.550 0.150 0.135 0.683
2007.8726 43.48 -112.04 -0.400 -0.082 1.906 0.174 0.158 0.791
2007.9000 43.48 -112.04 -0.496 -0.263 2.216 0.187 0.163 0.834
2007.9274 43.48 -112.04 -0.256 -0.468 0.530 0.180 0.164 0.820
2007.9548 43.48 -112.04 -0.227 -0.576 1.865 0.136 0.123 0.622
2007.9822 43.48 -112.04 0.009 -0.451 1.891 0.167 0.152 0.758
2008.0096 43.48 -112.04 -0.377 -0.316 1.530 0.146 0.133 0.668
2008.0370 43.48 -112.04 -0.241 -0.435 -0.833 0.150 0.138 0.686
2008.0644 43.48 -112.04 0.075 -0.363 -1.896 0.172 0.160 0.786
2008.0918 43.48 -112.04 -0.477 -0.558 -0.908 0.140 0.127 0.638
2008.1192 43.48 -112.04 -0.213 -0.483 -3.446 0.162 0.150 0.742
2008.1466 43.48 -112.04 -0.096 -0.725 -2.551 0.188 0.175 0.859
2008.1740 43.48 -112.04 0.010 -0.622 -4.121 0.165 0.152 0.754
2008.2014 43.48 -112.04 0.058 -0.466 -3.286 0.176 0.164 0.804
2008.2288 43.48 -112.04 -0.090 -0.090 -3.977 0.207 0.189 0.943
2008.2562 43.48 -112.04 -0.021 -0.713 -2.777 0.193 0.177 0.877
2008.2836 43.48 -112.04 0.155 -0.507 -1.781 0.231 0.213 1.051
2008.3110 43.48 -112.04 0.116 -0.132 -3.421 0.238 0.220 1.083
2008.3384 43.48 -112.04 0.380 -0.146 -3.318 0.177 0.163 0.804
2008.3658 43.48 -112.04 0.394 -0.256 -3.737 0.181 0.165 0.822
2008.3932 43.48 -112.04 0.433 0.074 -4.118 0.165 0.150 0.752
2008.4205 43.48 -112.04 0.295 0.003 -4.657 0.145 0.130 0.659
2008.4479 43.48 -112.04 0.558 0.352 -5.342 0.146 0.133 0.666
2008.4753 43.48 -112.04 0.525 0.062 -2.968 0.142 0.129 0.648
2008.5027 43.48 -112.04 0.197 0.007 0.357 0.174 0.157 0.789
2008.5301 43.48 -112.04 -0.081 -0.047 1.620 0.216 0.195 0.978
2008.5575 43.48 -112.04 -0.076 -0.157 0.609 0.142 0.126 0.645
2008.5849 43.48 -112.04 -0.293 -0.112 2.928 0.159 0.144 0.720
2008.6123 43.48 -112.04 -0.179 -0.122 3.264 0.134 0.119 0.609
2008.6397 43.48 -112.04 -0.451 -0.109 3.523 0.147 0.131 0.664
2008.6671 43.48 -112.04 -0.481 -0.161 2.456 0.141 0.125 0.639
2008.6945 43.48 -112.04 -0.603 0.080 2.069 0.137 0.121 0.619
2008.7219 43.48 -112.04 -0.618 0.163 2.181 0.156 0.141 0.706
2008.7493 43.48 -112.04 -0.510 0.307 3.893 0.141 0.127 0.642
2008.7767 43.48 -112.04 -0.497 0.057 2.302 0.164 0.150 0.743
2008.8041 43.48 -112.04 -0.575 0.431 2.964 0.165 0.151 0.748
2008.8315 43.48 -112.04 -0.609 0.438 3.018 0.186 0.171 0.845
2008.8589 43.48 -112.04 -0.417 0.179 3.717 0.217 0.200 0.985
2008.8863 43.48 -112.04 -0.326 0.174 3.131 0.208 0.192 0.945
2008.9137 43.48 -112.04 -0.098 0.255 2.700 0.198 0.183 0.900
2008.9411 43.48 -112.04 0.042 0.237 3.684 0.208 0.191 0.944
2008.9685 43.48 -112.04 -0.015 0.172 2.803 0.194 0.178 0.885
2008.9945 43.48 -112.04 -0.113 -0.315 -0.094 0.164 0.151 0.749
2009.0205 43.48 -112.04 0.473 0.152 -0.618 0.161 0.149 0.736
2009.0479 43.48 -112.04 0.114 -0.038 -2.598 0.161 0.149 0.737
2009.0753 43.48 -112.04 -0.003 -0.628 -2.389 0.155 0.143 0.710
2009.1027 43.48 -112.04 0.146 -0.264 0.768 0.192 0.178 0.877
2009.1301 43.48 -112.04 0.124 -0.595 1.019 0.154 0.141 0.703
2009.1575 43.48 -112.04 0.115 -0.725 -0.922 0.157 0.144 0.718
2009.1849 43.48 -112.04 0.408 -0.677 -1.519 0.179 0.166 0.816
2009.2123 43.48 -112.04 0.365 0.181 -0.635 0.156 0.140 0.707
2009.2397 43.48 -112.04 0.397 0.273 -0.319 0.175 0.161 0.796
2009.2671 43.48 -112.04 0.458 0.338 -2.455 0.146 0.134 0.669
2009.2945 43.48 -112.04 0.497 0.426 -4.340 0.150 0.138 0.685
2009.3219 43.48 -112.04 0.596 0.183 -3.085 0.157 0.144 0.715
2009.3493 43.48 -112.04 0.703 0.165 -4.500 0.144 0.131 0.658
2009.3767 43.48 -112.04 0.491 0.751 -4.909 0.152 0.138 0.691
2009.4041 43.48 -112.04 0.193 0.577 -2.502 0.134 0.121 0.613
2009.4315 43.48 -112.04 0.285 0.876 -4.708 0.153 0.139 0.697
2009.4589 43.48 -112.04 -0.291 0.468 -3.668 0.131 0.117 0.597
2009.4863 43.48 -112.04 -0.091 0.081 -3.475 0.144 0.129 0.656
2009.5137 43.48 -112.04 0.004 0.262 -0.103 0.140 0.122 0.631
2009.5411 43.48 -112.04 -0.004 0.173 0.913 0.170 0.152 0.771
2009.5685 43.48 -112.04 -0.275 0.125 1.548 0.184 0.163 0.830
2009.5959 43.48 -112.04 -0.365 0.194 2.813 0.161 0.143 0.729
2009.6233 43.48 -112.04 -0.222 0.341 3.746 0.166 0.149 0.751
2009.6507 43.48 -112.04 -0.395 0.272 5.590 0.160 0.143 0.723
2009.6781 43.48 -112.04 -0.264 0.464 4.605 0.170 0.154 0.771
2009.7055 43.48 -112.04 -0.235 0.388 3.784 0.176 0.160 0.797
2009.7329 43.48 -112.04 -0.502 0.535 4.571 0.170 0.154 0.770
2009.7603 43.48 -112.04 -0.699 0.311 5.193 0.193 0.176 0.877
2009.7877 43.48 -112.04 -0.235 0.890 2.915 0.178 0.163 0.810
2009.8151 43.48 -112.04 -0.239 0.445 1.546 0.191 0.175 0.866
2009.8425 43.48 -112.04 -0.192 0.559 1.105 0.174 0.159 0.790
2009.8699 43.48 -112.04 -0.163 0.466 1.048 0.166 0.152 0.756
2009.8973 43.48 -112.04 -0.216 0.499 0.556 0.156 0.142 0.708
2009.9247 43.48 -112.04 -0.302 0.392 -0.731 0.157 0.140 0.711
2009.9521 43.48 -112.04 -0.262 0.559 -1.243 0.146 0.132 0.665
2009.9795 43.48 -112.04 -0.101 0.210 0.241 0.150 0.136 0.684
2010.0068 43.48 -112.04 0.080 -0.071 -0.268 0.188 0.173 0.855
2010.0342 43.48 -112.04 0.068 0.131 0.973 0.148 0.134 0.675
2010.0616 43.48 -112.04 0.008 -0.182 0.510 0.152 0.138 0.691
2010.0890 43.48 -112.04 -0.239 0.494 -0.784 0.180 0.165 0.818
2010.1164 43.48 -112.04 -0.113 0.262 -2.170 0.186 0.171 0.844
2010.1438 43.48 -112.04 -0.122 0.084 -1.501 0.180 0.164 0.817
2010.1712 43.48 -112.04 -0.206 0.006 -4.919 0.172 0.156 0.782
2010.1986 43.48 -112.04 -0.055 -0.033 -4.549 0.165 0.150 0.750
2010.2260 43.48 -112.04 -0.208 -0.000 -3.033 0.180 0.164 0.818
2010.2534 43.48 -112.04 0.179 0.334 -2.860 0.187 0.169 0.845
2010.2808 43.48 -112.04 -0.043 0.247 -2.447 0.145 0.129 0.657
2010.3082 43.48 -112.04 -0.278 0.138 -2.021 0.151 0.135 0.686
2010.3356 43.48 -112.04 0.418 -0.119 -2.392 0.140 0.123 0.633
2010.3630 43.48 -112.04 0.155 -0.085 -3.691 0.148 0.131 0.672
2010.3904 43.48 -112.04 0.217 0.337 -1.618 0.155 0.129 0.688
2010.4178 43.48 -112.04 0.496 0.296 -2.221 0.158 0.139 0.712
2010.4452 43.48 -112.04 0.385 0.566 -3.036 0.140 0.123 0.637
2010.4726 43.48 -112.04 0.178 0.466 -2.909 0.127 0.111 0.578
2010.5000 43.48 -112.04 0.366 0.498 -2.755 0.142 0.125 0.644
2010.5274 43.48 -112.04 0.234 0.381 -0.096 0.215 0.197 0.973
2010.5548 43.48 -112.04 0.194 0.482 0.019 0.140 0.126 0.636
2010.5822 43.48 -112.04 -0.115 0.419 0.310 0.127 0.114 0.579
2010.6096 43.48 -112.04 -0.567 0.480 0.243 0.161 0.148 0.733
2010.6370 43.48 -112.04 -0.529 0.527 -0.453 0.145 0.132 0.660
2010.6644 43.48 -112.04 -0.224 0.450 0.431 0.136 0.124 0.621
2010.6918 43.48 -112.04 -0.191 0.490 -0.414 0.162 0.149 0.736
2010.7192 43.48 -112.04 -0.109 0.288 0.197 0.151 0.139 0.688
2010.7466 43.48 -112.04 -0.108 0.149 1.047 0.174 0.161 0.790
2010.7740 43.48 -112.04 -0.328 0.657 3.151 0.144 0.131 0.657
2010.8014 43.48 -112.04 -0.307 0.618 1.668 0.137 0.125 0.625
2010.8288 43.48 -112.04 -0.275 0.165 1.378 0.155 0.142 0.705
2010.8562 43.48 -112.04 -0.326 0.215 0.856 0.153 0.140 0.694
2010.8836 43.48 -112.04 0.008 0.540 0.517 0.143 0.130 0.650
2010.9110 43.48 -112.04 -0.068 0.674 0.297 0.155 0.142 0.704
2010.9384 43.48 -112.04 -0.042 0.374 -1.068 0.161 0.147 0.729
2010.9658 43.48 -112.04 0.012 0.275 -1.396 0.176 0.161 0.796
2010.9932 43.48 -112.04 -0.156 0.193 -0.252 0.159 0.106 0.663
2011.1027 43.48 -112.04 0.283 -0.296 -7.178 0.152 0.125 0.679
2011.1301 43.48 -112.04 0.583 -0.507 -1.564 0.210 0.192 0.950
2011.1575 43.48 -112.04 0.472 -0.473 -4.417 0.145 0.128 0.655
2011.1849 43.48 -112.04 0.401 -0.329 -6.126 0.118 0.102 0.537
2011.2123 43.48 -112.04 0.032 -0.212 -8.363 0.179 0.164 0.811
2011.2397 43.48 -112.04 0.351 -0.193 -7.598 0.185 0.170 0.839
2011.2671 43.48 -112.04 0.618 -0.580 -6.211 0.152 0.138 0.690
2011.2945 43.48 -112.04 0.511 -0.129 -8.038 0.174 0.161 0.792
2011.3219 43.48 -112.04 0.611 -0.020 -7.240 0.164 0.151 0.745
2011.3493 43.48 -112.04 0.587 0.062 -8.874 0.149 0.136 0.676
2011.3767 43.48 -112.04 0.883 -0.054 -9.414 0.172 0.158 0.780
2011.4041 43.48 -112.04 1.122 0.271 -10.040 0.154 0.139 0.698
2011.4315 43.48 -112.04 0.875 0.146 -9.473 0.165 0.136 0.727
2011.5137 43.48 -112.04 0.431 0.482 -6.202 0.147 0.127 0.660
2011.5411 43.48 -112.04 0.235 0.563 -6.116 0.151 0.136 0.686
2011.5685 43.48 -112.04 0.141 0.251 -4.002 0.149 0.133 0.676
2011.5959 43.48 -112.04 0.112 0.305 -3.669 0.158 0.142 0.717
2011.6233 43.48 -112.04 -0.032 0.384 -4.134 0.159 0.142 0.722
2011.6507 43.48 -112.04 -0.131 0.606 -3.316 0.184 0.168 0.832
2011.6781 43.48 -112.04 0.110 0.287 -2.450 0.171 0.156 0.774
2011.7055 43.48 -112.04 -0.108 0.227 -1.455 0.171 0.156 0.774
2011.7329 43.48 -112.04 -0.126 0.122 0.106 0.195 0.180 0.885
2011.7603 43.48 -112.04 -0.645 0.568 -1.374 0.169 0.155 0.767
2011.7877 43.48 -112.04 -0.404 0.476 -1.026 0.179 0.165 0.812
2011.8151 43.48 -112.04 0.174 0.443 -2.886 0.176 0.161 0.799
2011.8425 43.48 -112.04 -0.356 0.349 -1.574 0.189 0.175 0.858
2011.8699 43.48 -112.04 -0.065 1.485 1.248 0.188 0.164 0.837
2011.9521 43.48 -112.04 0.155 0.416 -1.408 0.137 0.100 0.587
2011.9795 43.48 -112.04 -0.118 0.633 -0.958 0.156 0.138 0.698
2012.0068 43.48 -112.04 -0.002 0.417 -1.527 0.146 0.127 0.653
2012.0342 43.48 -112.04 0.059 0.145 -2.031 0.174 0.150 0.771
2012.0616 43.48 -112.04 0.218 0.088 -0.567 0.153 0.132 0.676
2012.0890 43.48 -112.04 0.286 -0.227 -2.910 0.151 0.129 0.668
2012.1164 43.48 -112.04 0.480 -0.084 -4.909 0.150 0.125 0.658
2012.1438 43.48 -112.04 0.335 -0.218 -3.361 0.155 0.129 0.677
2012.1712 43.48 -112.04 0.611 -0.177 -4.583 0.150 0.122 0.655
2012.1986 43.48 -112.04 0.349 -0.129 -4.507 0.136 0.110 0.594
2012.2260 43.48 -112.04 1.159 0.005 -4.049 0.138 0.111 0.601
2012.2534 43.48 -112.04 1.146 -0.170 -5.156 0.134 0.108 0.583
2012.2808 43.48 -112.04 1.105 -0.111 -6.468 0.125 0.100 0.544
2012.3082 43.48 -112.04 1.064 -0.070 -4.197 0.162 0.107 0.668
2012.3904 43.48 -112.04 1.094 -0.581 -2.838 0.159 0.123 0.691
2012.4178 43.48 -112.04 1.397 0.053 -4.157 0.116 0.091 0.503
2012.4452 43.48 -112.04 1.117 -0.172 -3.886 0.115 0.090 0.499
2012.4726 43.48 -112.04 1.030 -0.122 -1.658 0.123 0.098 0.535
2012.5000 43.48 -112.04 1.001 0.041 -1.006 0.118 0.093 0.513
2012.5274 43.48 -112.04 0.820 -0.351 -1.145 0.125 0.099 0.541
2012.5548 43.48 -112.04 0.418 -0.303 -0.924 0.124 0.099 0.541
2012.5822 43.48 -112.04 0.277 -0.385 -0.484 0.130 0.106 0.568
2012.6096 43.48 -112.04 0.414 -0.272 2.769 0.128 0.105 0.562
2012.6370 43.48 -112.04 0.083 0.080 2.618 0.119 0.098 0.522
2012.6644 43.48 -112.04 0.043 -0.220 2.749 0.129 0.108 0.566
2012.6918 43.48 -112.04 0.049 0.212 2.825 0.131 0.112 0.583
2012.7192 43.48 -112.04 -0.140 -0.121 2.359 0.155 0.137 0.693
2012.7466 43.48 -112.04 -0.344 -0.059 1.072 0.126 0.090 0.538
2012.8562 43.48 -112.04 0.261 -0.018 5.935 0.163 0.143 0.727
2012.8836 43.48 -112.04 0.245 -0.318 1.522 0.150 0.137 0.679
2012.9110 43.48 -112.04 0.561 -0.182 2.929 0.142 0.130 0.646
2012.9384 43.48 -112.04 0.520 -0.512 0.830 0.140 0.125 0.635
2012.9658 43.48 -112.04 0.572 -0.554 0.581 0.152 0.140 0.691
2012.9918 43.48 -112.04 0.382 -0.373 0.541 0.078 0.069 0.361
2013.0178 43.48 -112.04 0.263 -0.570 -0.833 0.090 0.082 0.416
2013.0452 43.48 -112.04 0.599 -0.599 -0.242 0.090 0.081 0.415
2013.0726 43.48 -112.04 0.469 -0.884 0.719 0.084 0.075 0.385
2013.1000 43.48 -112.04 0.592 -0.886 0.234 0.086 0.077 0.395
2013.1274 43.48 -112.04 0.652 -0.978 -0.639 0.080 0.071 0.371
2013.1548 43.48 -112.04 0.584 -0.971 0.001 0.079 0.065 0.357
2013.2644 43.48 -112.04 0.983 -0.416 -1.744 0.100 0.050 0.391
2013.2918 43.48 -112.04 1.002 -0.397 -1.682 0.082 0.073 0.379
2013.3192 43.48 -112.04 1.018 -0.123 -0.758 0.090 0.082 0.414
2013.3466 43.48 -112.04 0.960 -0.536 -3.426 0.092 0.084 0.424
2013.3740 43.48 -112.04 0.915 -0.192 -2.019 0.079 0.072 0.369
2013.4014 43.48 -112.04 0.874 0.106 -1.998 0.082 0.074 0.380
2013.4288 43.48 -112.04 1.153 -0.122 -1.779 0.073 0.065 0.341
2013.4562 43.48 -112.04 0.938 0.519 -1.321 0.075 0.066 0.347
2013.4836 43.48 -112.04 0.792 -0.057 -0.636 0.076 0.068 0.354
2013.5110 43.48 -112.04 0.583 0.565 -0.142 0.085 0.077 0.392
2013.5384 43.48 -112.04 0.689 0.586 2.311 0.085 0.074 0.389
2013.5658 43.48 -112.04 0.604 0.061 2.025 0.087 0.079 0.403
2013.7575 43.48 -112.04 0.349 0.676 3.169 0.085 0.074 0.390
2013.7849 43.48 -112.04 0.114 0.136 2.710 0.087 0.077 0.399
2013.8123 43.48 -112.04 0.123 0.396 1.359 0.080 0.070 0.368
2013.8397 43.48 -112.04 0.207 0.338 3.900 0.081 0.071 0.371
2013.8671 43.48 -112.04 0.309 0.413 2.540 0.087 0.076 0.397
2013.8945 43.48 -112.04 0.046 0.351 2.133 0.080 0.071 0.369
2013.9219 43.48 -112.04 0.308 0.123 0.853 0.072 0.063 0.335
2013.9493 43.48 -112.04 0.320 0.438 0.942 0.076 0.067 0.353
2013.9767 43.48 -112.04 0.363 0.395 -0.281 0.077 0.068 0.359
2014.0041 43.48 -112.04 0.497 0.381 0.942 0.075 0.066 0.347
2014.0315 43.48 -112.04 0.628 0.808 0.243 0.078 0.068 0.358
2014.1685 43.48 -112.04 1.073 0.364 -0.239 0.082 0.072 0.378
2014.1959 43.48 -112.04 1.116 0.535 -3.565 0.082 0.074 0.379
2014.2233 43.48 -112.04 1.122 0.163 -1.991 0.078 0.070 0.362
2014.2507 43.48 -112.04 1.135 0.558 -2.711 0.072 0.064 0.334
2014.2781 43.48 -112.04 1.238 0.316 -2.524 0.076 0.068 0.352
2014.3055 43.48 -112.04 0.996 0.174 -2.518 0.073 0.065 0.339
2014.3329 43.48 -112.04 1.196 0.478 -1.885 0.061 0.053 0.286
2014.3603 43.48 -112.04 0.936 0.631 -3.295 0.068 0.060 0.319
2014.3877 43.48 -112.04 1.309 0.542 -3.147 0.068 0.060 0.319
2014.4151 43.48 -112.04 1.187 0.832 -3.499 0.068 0.060 0.318
2014.4425 43.48 -112.04 1.101 1.078 -2.852 0.072 0.064 0.335
2014.4699 43.48 -112.04 1.573 0.848 -1.028 0.072 0.063 0.334
2014.5795 43.48 -112.04 0.662 0.766 -0.021 0.067 0.052 0.307
2014.6068 43.48 -112.04 0.450 0.789 1.586 0.064 0.056 0.300
2014.6342 43.48 -112.04 0.662 0.926 1.174 0.059 0.050 0.277
2014.6616 43.48 -112.04 0.253 1.096 1.353 0.065 0.056 0.303
2014.6890 43.48 -112.04 0.684 0.765 2.883 0.063 0.055 0.296
2014.7164 43.48 -112.04 0.417 0.961 0.597 0.062 0.054 0.290
2014.7438 43.48 -112.04 0.418 0.819 0.454 0.067 0.059 0.311
2014.7712 43.48 -112.04 0.292 0.992 2.859 0.066 0.058 0.308
2014.7986 43.48 -112.04 0.323 1.159 2.860 0.060 0.051 0.279
2014.8260 43.48 -112.04 0.388 0.870 2.440 0.060 0.051 0.278
2014.8534 43.48 -112.04 0.499 1.010 1.367 0.063 0.054 0.292
2014.8808 43.48 -112.04 0.575 1.131 0.252 0.063 0.054 0.293
2014.9082 43.48 -112.04 0.825 1.022 -0.359 0.064 0.055 0.298
2015.0452 43.48 -112.04 0.985 0.584 -0.478 0.050 0.039 0.235
2015.0726 43.48 -112.04 1.179 0.817 -2.426 0.054 0.042 0.248
2015.1000 43.48 -112.04 1.136 0.887 -3.629 0.048 0.038 0.228
2015.1274 43.48 -112.04 1.136 0.324 -2.332 0.045 0.036 0.215
2015.1548 43.48 -112.04 1.015 0.942 -2.993 0.052 0.040 0.240
2015.1822 43.48 -112.04 0.806 0.443 -1.350 0.049 0.038 0.229
2015.2096 43.48 -112.04 1.084 0.569 -0.503 0.064 0.051 0.289
2015.2370 43.48 -112.04 1.140 0.322 -2.233 0.068 0.057 0.312
2015.2644 43.48 -112.04 1.514 1.041 -2.413 0.060 0.051 0.280
2015.2918 43.48 -112.04 1.201 0.271 0.070 0.061 0.052 0.284
2015.3192 43.48 -112.04 0.986 0.438 -2.283 0.058 0.050 0.274
2015.3466 43.48 -112.04 0.935 0.766 0.456 0.063 0.054 0.294
2015.4836 43.48 -112.04 0.497 1.343 0.946 0.061 0.046 0.277
2015.5110 43.48 -112.04 0.550 1.589 1.611 0.058 0.046 0.268
2015.5384 43.48 -112.04 0.327 1.067 2.361 0.063 0.052 0.290
2015.5658 43.48 -112.04 0.405 0.725 4.216 0.062 0.053 0.290
2015.5932 43.48 -112.04 0.301 0.703 2.964 0.065 0.055 0.299
2015.6205 43.48 -112.04 0.335 0.847 2.915 0.063 0.053 0.292
2015.6479 43.48 -112.04 0.161 1.273 2.858 0.061 0.052 0.283
2015.6753 43.48 -112.04 0.273 1.016 5.437 0.059 0.049 0.275
2015.7027 43.48 -112.04 -0.088 0.932 4.580 0.064 0.054 0.296
2015.7301 43.48 -112.04 0.107 0.917 7.937 0.064 0.054 0.297
2015.9493 43.48 -112.04 0.329 1.301 2.036 0.062 0.054 0.290
2015.9767 43.48 -112.04 0.566 0.915 1.305 0.064 0.056 0.299
2016.0041 43.48 -112.04 0.551 0.792 -0.078 0.059 0.050 0.274
2016.0315 43.48 -112.04 0.722 0.787 -0.515 0.056 0.048 0.262
2016.0589 43.48 -112.04 0.711 0.532 0.529 0.057 0.049 0.268
2016.0863 43.48 -112.04 0.514 0.958 -0.407 0.052 0.045 0.249
2016.1137 43.48 -112.04 0.346 1.011 -2.664 0.058 0.050 0.272
2016.1411 43.48 -112.04 0.241 0.451 -2.851 0.068 0.059 0.313
2016.1685 43.48 -112.04 0.399 0.088 -1.677 0.073 0.064 0.334
2016.1959 43.48 -112.04 0.509 0.416 -4.995 0.071 0.064 0.331
2016.2233 43.48 -112.04 0.786 -0.464 -2.652 0.072 0.066 0.335
2016.2507 43.48 -112.04 0.993 0.140 -1.532 0.061 0.052 0.285
2016.3603 43.48 -112.04 0.724 0.729 -0.104 0.056 0.049 0.266
2016.3877 43.48 -112.04 1.021 0.812 0.138 0.066 0.057 0.305
2016.4151 43.48 -112.04 0.861 0.995 -0.383 0.065 0.056 0.300
2016.4425 43.48 -112.04 0.619 1.361 2.910 0.069 0.060 0.318
2016.4699 43.48 -112.04 0.494 0.994 1.862 0.068 0.059 0.312
