2002.5877 36.71 -97.08 -0.277 -0.986 5.256 0.113 0.095 0.512
2002.6151 36.71 -97.08 -0.239 -0.930 5.046 0.109 0.092 0.490
2002.6425 36.71 -97.08 -0.160 -1.025 3.295 0.111 0.093 0.499
2002.6699 36.71 -97.08 -0.450 -0.171 1.368 0.096 0.081 0.437
2002.6973 36.71 -97.08 -0.566 -1.289 -2.512 0.162 0.074 0.611
2002.7247 36.71 -97.08 -0.798 -0.609 1.475 0.103 0.087 0.463
2002.7521 36.71 -97.08 -0.728 -0.866 1.613 0.095 0.081 0.432
2002.7795 36.71 -97.08 -0.947 -0.763 -1.192 0.111 0.095 0.502
2002.8068 36.71 -97.08 -0.880 -1.036 -0.716 0.099 0.083 0.445
2002.8342 36.71 -97.08 -0.956 -0.444 0.639 0.097 0.082 0.440
2002.8616 36.71 -97.08 -0.960 -0.583 -0.478 0.101 0.073 0.436
2002.8890 36.71 -97.08 -0.740 -0.673 0.530 0.099 0.083 0.444
2002.9164 36.71 -97.08 -0.900 -0.870 0.792 0.106 0.087 0.475
2003.0260 36.71 -97.08 -1.186 -0.359 0.738 0.120 0.099 0.540
2003.0534 36.71 -97.08 -1.059 -0.267 1.435 0.193 0.163 0.858
2003.0808 36.71 -97.08 -1.070 -0.895 -0.096 0.173 0.140 0.767
2003.1082 36.71 -97.08 -0.830 -0.957 0.401 0.101 0.082 0.458
2003.1356 36.71 -97.08 -1.024 -0.308 -0.612 0.094 0.076 0.427
2003.1630 36.71 -97.08 -0.814 -0.777 -0.611 0.100 0.082 0.452
2003.1904 36.71 -97.08 -0.810 -0.680 -1.849 0.117 0.093 0.524
2003.2178 36.71 -97.08 -0.601 -1.046 -1.653 0.098 0.081 0.446
2003.2452 36.71 -97.08 -0.407 -0.712 -3.188 0.096 0.080 0.436
2003.2726 36.71 -97.08 -0.530 -1.296 -3.187 0.094 0.078 0.425
2003.3000 36.71 -97.08 -0.185 -0.790 -1.885 0.091 0.076 0.416
2003.3274 36.71 -97.08 -0.173 -0.707 -3.763 0.119 0.100 0.536
2003.3548 36.71 -97.08 0.407 -0.129 -1.419 0.129 0.111 0.584
2003.3822 36.71 -97.08 0.135 0.045 -2.607 0.119 0.096 0.532
2003.5192 36.71 -97.08 -0.449 -0.168 0.017 0.123 0.107 0.556
2003.5466 36.71 -97.08 -0.646 -0.171 -0.458 0.136 0.120 0.612
2003.5740 36.71 -97.08 -0.559 -0.397 2.117 0.158 0.140 0.708
2003.6014 36.71 -97.08 -0.503 -0.200 3.097 0.136 0.120 0.612
2003.6288 36.71 -97.08 -0.716 -0.469 3.365 0.129 0.112 0.582
2003.6562 36.71 -97.08 -0.600 -0.489 5.433 0.138 0.120 0.621
2003.6836 36.71 -97.08 -0.717 -0.333 3.086 0.136 0.120 0.612
2003.7110 36.71 -97.08 -0.764 -0.759 1.582 0.108 0.092 0.486
2003.7384 36.71 -97.08 -0.965 -0.595 2.809 0.130 0.113 0.582
2003.7658 36.71 -97.08 -1.126 -0.546 0.190 0.119 0.104 0.536
2003.7932 36.71 -97.08 -0.950 -0.649 3.350 0.133 0.116 0.596
2003.8205 36.71 -97.08 -0.697 -0.192 2.683 0.144 0.122 0.637
2003.8479 36.71 -97.08 -0.786 -0.245 1.017 0.127 0.103 0.559
2003.8753 36.71 -97.08 -0.783 -0.511 3.780 0.133 0.114 0.592
2003.9027 36.71 -97.08 -0.968 0.009 1.808 0.122 0.101 0.542
2003.9301 36.71 -97.08 -0.872 -0.480 0.465 0.127 0.107 0.563
2003.9575 36.71 -97.08 -0.920 0.028 0.211 0.142 0.121 0.628
2003.9849 36.71 -97.08 -0.697 -0.280 0.400 0.135 0.114 0.596
2004.0123 36.71 -97.08 -0.705 -0.221 0.144 0.145 0.121 0.638
2004.0397 36.71 -97.08 -0.726 -0.460 0.589 0.124 0.097 0.543
2004.0945 36.71 -97.08 -0.334 -0.400 1.246 0.115 0.091 0.507
2004.1219 36.71 -97.08 -0.492 -0.470 -1.584 0.122 0.100 0.536
2004.1493 36.71 -97.08 -0.651 -0.560 -0.041 0.144 0.117 0.626
2004.1767 36.71 -97.08 -0.492 -0.639 -2.872 0.153 0.126 0.665
2004.2041 36.71 -97.08 -0.479 -0.480 -0.928 0.125 0.101 0.546
2004.2315 36.71 -97.08 -0.469 -0.648 -0.972 0.128 0.102 0.554
2004.2589 36.71 -97.08 -0.267 -0.475 0.364 0.132 0.105 0.571
2004.2863 36.71 -97.08 -0.271 -0.346 -2.340 0.132 0.105 0.572
2004.3137 36.71 -97.08 -0.208 -0.120 -1.609 0.126 0.099 0.544
2004.3411 36.71 -97.08 -0.175 -0.129 -2.377 0.138 0.108 0.593
2004.3685 36.71 -97.08 -0.277 0.057 -1.728 0.134 0.104 0.575
2004.3959 36.71 -97.08 -0.201 0.053 0.418 0.118 0.091 0.510
2004.4233 36.71 -97.08 -0.178 0.313 0.986 0.113 0.087 0.490
2004.4507 36.71 -97.08 -0.333 -0.029 -1.078 0.101 0.077 0.436
2004.4781 36.71 -97.08 -0.295 0.261 -0.093 0.110 0.085 0.476
2004.5055 36.71 -97.08 -0.350 -0.062 -0.643 0.108 0.083 0.466
2004.5329 36.71 -97.08 -0.496 -0.179 -0.786 0.102 0.078 0.443
2004.5603 36.71 -97.08 -0.241 -0.290 1.488 0.105 0.080 0.453
2004.5877 36.71 -97.08 -0.410 -0.190 -0.810 0.106 0.081 0.458
2004.6151 36.71 -97.08 -0.312 -0.500 -0.793 0.117 0.089 0.503
2004.6425 36.71 -97.08 -0.540 -0.431 -0.488 0.100 0.077 0.434
2004.6699 36.71 -97.08 -0.287 -0.173 0.190 0.100 0.077 0.436
2004.6973 36.71 -97.08 -0.424 -0.175 3.369 0.094 0.072 0.411
2004.7247 36.71 -97.08 -0.356 -0.328 2.202 0.107 0.082 0.465
2004.7521 36.71 -97.08 -0.393 -0.594 1.105 0.103 0.079 0.450
2004.7795 36.71 -97.08 -0.742 -0.708 0.858 0.100 0.077 0.436
2004.8068 36.71 -97.08 -0.798 -0.435 -0.169 0.111 0.085 0.478
2004.8342 36.71 -97.08 -0.917 -0.290 -2.648 0.110 0.084 0.472
2004.8616 36.71 -97.08 -1.128 -0.125 -0.686 0.097 0.075 0.424
2004.8890 36.71 -97.08 -1.143 -0.641 -2.340 0.097 0.075 0.423
2004.9164 36.71 -97.08 -1.187 -0.060 -3.270 0.105 0.081 0.457
2004.9438 36.71 -97.08 -1.025 0.304 -4.047 0.117 0.091 0.509
2004.9712 36.71 -97.08 -0.947 0.098 -2.622 0.105 0.082 0.457
2004.9973 36.71 -97.08 -0.956 -0.362 -3.439 0.102 0.080 0.446
2005.0233 36.71 -97.08 -0.866 -0.242 -5.182 0.117 0.093 0.508
2005.0507 36.71 -97.08 -0.977 -0.078 -4.074 0.170 0.140 0.736
2005.0781 36.71 -97.08 -0.828 -0.179 -3.240 0.130 0.105 0.565
2005.1055 36.71 -97.08 -0.952 -0.139 -3.567 0.129 0.105 0.562
2005.1329 36.71 -97.08 -0.884 -0.275 -4.428 0.133 0.108 0.577
2005.1603 36.71 -97.08 -0.642 -0.289 -3.937 0.119 0.095 0.519
2005.1877 36.71 -97.08 -0.709 -0.505 -2.782 0.120 0.094 0.521
2005.2151 36.71 -97.08 -0.581 -0.472 -2.882 0.114 0.089 0.495
2005.2425 36.71 -97.08 -0.553 -0.431 -6.497 0.109 0.087 0.480
2005.2699 36.71 -97.08 -0.540 -0.415 -5.894 0.117 0.094 0.510
2005.2973 36.71 -97.08 -0.609 -0.228 -3.694 0.123 0.099 0.537
2005.3247 36.71 -97.08 -0.384 -0.676 -2.890 0.130 0.104 0.565
2005.3521 36.71 -97.08 -0.435 -0.727 -0.981 0.058 0.046 0.272
2005.3795 36.71 -97.08 -0.021 -0.299 -0.817 0.122 0.098 0.533
2005.4068 36.71 -97.08 0.002 -0.312 -1.776 0.112 0.090 0.492
2005.4342 36.71 -97.08 -0.084 -0.172 -2.390 0.128 0.103 0.563
2005.4616 36.71 -97.08 0.015 -0.807 -2.139 0.116 0.094 0.511
2005.4890 36.71 -97.08 0.006 -0.734 0.695 0.110 0.089 0.486
2005.5164 36.71 -97.08 -0.078 -0.687 -0.308 0.110 0.089 0.486
2005.5438 36.71 -97.08 -0.163 -0.339 1.155 0.119 0.098 0.525
2005.5712 36.71 -97.08 -0.350 -0.154 2.292 0.129 0.107 0.569
2005.5986 36.71 -97.08 -0.564 -0.239 1.690 0.132 0.110 0.582
2005.6260 36.71 -97.08 -0.432 -0.383 0.669 0.117 0.097 0.518
2005.6534 36.71 -97.08 -0.533 -0.644 0.234 0.123 0.103 0.544
2005.6808 36.71 -97.08 -0.381 -1.032 0.696 0.121 0.101 0.536
2005.7082 36.71 -97.08 -0.521 -0.879 0.862 0.145 0.124 0.643
2005.7356 36.71 -97.08 -0.609 -0.965 2.031 0.128 0.109 0.568
2005.7630 36.71 -97.08 -0.600 -1.147 -0.268 0.128 0.109 0.571
2005.7904 36.71 -97.08 -0.387 -0.712 0.639 0.121 0.102 0.537
2005.8178 36.71 -97.08 -0.307 -0.582 2.933 0.124 0.105 0.551
2005.8452 36.71 -97.08 -0.447 -0.812 3.165 0.133 0.113 0.591
2005.8726 36.71 -97.08 -0.230 -0.748 4.174 0.115 0.098 0.514
2005.9000 36.71 -97.08 -0.267 -0.584 2.776 0.112 0.095 0.503
2005.9274 36.71 -97.08 -0.338 -0.311 0.945 0.119 0.093 0.522
2005.9548 36.71 -97.08 -0.215 -0.452 2.633 0.116 0.093 0.534
2005.9822 36.71 -97.08 -0.131 -0.662 3.339 0.112 0.091 0.500
2006.0096 36.71 -97.08 -0.029 -0.465 4.300 0.121 0.100 0.538
2006.0370 36.71 -97.08 0.165 -0.302 2.244 0.151 0.128 0.672
2006.0644 36.71 -97.08 -0.006 -0.404 1.658 0.153 0.130 0.683
2006.0918 36.71 -97.08 0.066 -0.634 0.996 0.152 0.130 0.678
2006.1192 36.71 -97.08 0.042 -0.676 0.772 0.171 0.149 0.764
2006.1466 36.71 -97.08 0.203 -0.733 0.888 0.135 0.117 0.607
2006.1740 36.71 -97.08 0.081 -0.601 0.970 0.151 0.133 0.676
2006.2014 36.71 -97.08 0.210 -0.757 0.946 0.118 0.102 0.532
2006.2288 36.71 -97.08 0.056 -0.737 0.471 0.152 0.134 0.682
2006.2562 36.71 -97.08 0.115 -0.525 -0.210 0.142 0.126 0.640
2006.2836 36.71 -97.08 0.496 -0.609 2.065 0.140 0.124 0.628
2006.3110 36.71 -97.08 0.294 -0.931 1.390 0.149 0.132 0.669
2006.3384 36.71 -97.08 -0.019 -0.219 0.374 0.135 0.120 0.608
2006.3658 36.71 -97.08 -0.035 -0.029 -0.180 0.149 0.134 0.673
2006.3932 36.71 -97.08 0.048 -0.385 -1.081 0.147 0.131 0.663
2006.4205 36.71 -97.08 0.130 -0.755 0.428 0.148 0.132 0.666
2006.4479 36.71 -97.08 -0.198 -0.180 0.433 0.163 0.140 0.727
2006.4753 36.71 -97.08 -0.208 -0.060 1.325 0.164 0.146 0.739
2006.5027 36.71 -97.08 -0.077 0.109 2.928 0.170 0.153 0.768
2006.5301 36.71 -97.08 0.182 -0.125 2.815 0.201 0.183 0.907
2006.5575 36.71 -97.08 -0.178 -0.472 3.886 0.161 0.144 0.726
2006.5849 36.71 -97.08 -0.376 -0.639 4.399 0.165 0.149 0.746
2006.6123 36.71 -97.08 -0.148 -1.337 4.424 0.202 0.185 0.913
2006.6397 36.71 -97.08 -0.192 -1.300 3.106 0.172 0.156 0.777
2006.6671 36.71 -97.08 -0.245 -0.897 3.490 0.157 0.141 0.708
2006.6945 36.71 -97.08 -0.578 -1.364 3.536 0.199 0.181 0.898
2006.7219 36.71 -97.08 -0.642 -0.590 5.866 0.188 0.168 0.846
2006.7493 36.71 -97.08 -0.572 -0.644 6.508 0.223 0.201 1.003
2006.7767 36.71 -97.08 -0.479 -0.962 6.598 0.194 0.175 0.872
2006.8041 36.71 -97.08 -0.792 -0.734 4.556 0.157 0.140 0.706
2006.8315 36.71 -97.08 -0.789 -0.828 6.403 0.182 0.164 0.818
2006.8589 36.71 -97.08 -0.820 -0.656 5.524 0.177 0.159 0.796
2006.8863 36.71 -97.08 -0.621 -0.490 5.763 0.170 0.151 0.765
2006.9137 36.71 -97.08 -0.456 -0.093 3.951 0.166 0.146 0.743
2006.9411 36.71 -97.08 -0.499 0.084 4.230 0.163 0.143 0.731
2006.9685 36.71 -97.08 -0.522 -0.322 2.687 0.163 0.141 0.727
2006.9959 36.71 -97.08 -0.260 -0.159 0.525 0.162 0.137 0.722
2007.0233 36.71 -97.08 -0.365 -0.426 1.716 0.151 0.126 0.672
2007.0507 36.71 -97.08 -0.505 -0.401 -1.021 0.157 0.132 0.700
2007.0781 36.71 -97.08 -0.560 -0.341 -0.303 0.161 0.141 0.721
2007.1055 36.71 -97.08 -0.361 -0.539 0.235 0.144 0.125 0.646
2007.1329 36.71 -97.08 -0.103 -0.458 -0.264 0.157 0.137 0.702
2007.1603 36.71 -97.08 0.059 -0.531 -0.311 0.149 0.131 0.669
2007.1877 36.71 -97.08 -0.199 -0.669 0.951 0.191 0.172 0.859
2007.2151 36.71 -97.08 -0.226 -0.830 1.350 0.171 0.153 0.767
2007.2425 36.71 -97.08 0.002 -0.542 -2.245 0.164 0.147 0.738
2007.2699 36.71 -97.08 0.036 -0.718 -2.198 0.131 0.115 0.593
2007.2973 36.71 -97.08 0.122 -0.601 -3.490 0.124 0.108 0.560
2007.3247 36.71 -97.08 0.102 -0.566 -2.265 0.151 0.134 0.681
2007.3521 36.71 -97.08 0.153 -0.706 -1.421 0.165 0.148 0.743
2007.3795 36.71 -97.08 -0.145 -0.437 -3.548 0.173 0.156 0.779
2007.4068 36.71 -97.08 0.108 -0.321 -1.985 0.145 0.128 0.653
2007.4342 36.71 -97.08 -0.013 -0.042 -3.312 0.139 0.122 0.625
2007.4616 36.71 -97.08 -0.333 -0.258 -4.423 0.181 0.163 0.814
2007.4890 36.71 -97.08 -0.588 -0.335 -4.796 0.140 0.122 0.628
2007.5164 36.71 -97.08 -0.951 -0.557 -1.525 0.147 0.130 0.663
2007.5438 36.71 -97.08 -0.987 -0.262 -2.209 0.143 0.126 0.643
2007.5712 36.71 -97.08 -0.652 -0.542 -0.697 0.147 0.129 0.660
2007.5986 36.71 -97.08 -0.946 -0.853 0.516 0.179 0.159 0.804
2007.6260 36.71 -97.08 -0.504 -0.909 1.328 0.147 0.129 0.660
2007.6534 36.71 -97.08 -0.623 -0.830 1.332 0.149 0.131 0.670
2007.6808 36.71 -97.08 -0.839 -1.087 1.936 0.157 0.137 0.704
2007.7082 36.71 -97.08 -0.914 -0.914 3.162 0.117 0.099 0.529
2007.7356 36.71 -97.08 -0.607 -0.584 3.205 0.161 0.140 0.722
2007.7630 36.71 -97.08 -0.580 -0.556 3.315 0.125 0.105 0.562
2007.7904 36.71 -97.08 -0.594 -0.386 1.341 0.158 0.139 0.711
2007.8178 36.71 -97.08 -0.573 -0.583 -0.245 0.182 0.162 0.815
2007.8452 36.71 -97.08 -0.805 -0.457 0.057 0.149 0.130 0.670
2007.8726 36.71 -97.08 -0.567 -0.511 0.687 0.173 0.152 0.776
2007.9000 36.71 -97.08 -0.587 -0.272 2.025 0.185 0.157 0.817
2007.9274 36.71 -97.08 -0.546 -0.502 2.302 0.179 0.159 0.805
2007.9548 36.71 -97.08 -0.565 -0.239 0.422 0.135 0.119 0.610
2007.9822 36.71 -97.08 -0.514 -0.177 -0.778 0.165 0.147 0.745
2008.0096 36.71 -97.08 -0.486 -0.449 -0.305 0.145 0.129 0.656
2008.0370 36.71 -97.08 -0.292 -0.490 0.130 0.149 0.134 0.675
2008.0644 36.71 -97.08 -0.220 -0.603 -0.851 0.171 0.155 0.774
2008.0918 36.71 -97.08 -0.091 -0.698 -3.203 0.138 0.122 0.626
2008.1192 36.71 -97.08 -0.024 -0.204 -1.578 0.161 0.145 0.730
2008.1466 36.71 -97.08 0.144 -0.469 -2.904 0.187 0.170 0.846
2008.1740 36.71 -97.08 0.068 -0.550 -3.799 0.164 0.148 0.742
2008.2014 36.71 -97.08 -0.075 -0.490 -2.935 0.175 0.160 0.792
2008.2288 36.71 -97.08 0.040 -0.309 -7.137 0.205 0.183 0.926
2008.2562 36.71 -97.08 -0.103 -0.253 -1.562 0.191 0.172 0.863
2008.2836 36.71 -97.08 -0.200 0.300 -2.924 0.229 0.207 1.034
2008.3110 36.71 -97.08 -0.031 0.325 -3.655 0.237 0.214 1.066
2008.3384 36.71 -97.08 0.036 0.161 -3.074 0.175 0.158 0.791
2008.3658 36.71 -97.08 0.263 0.115 -4.507 0.179 0.160 0.808
2008.3932 36.71 -97.08 -0.066 0.199 -3.275 0.164 0.144 0.738
2008.4205 36.71 -97.08 0.413 -0.166 -3.594 0.143 0.126 0.645
2008.4479 36.71 -97.08 0.462 -0.189 -4.712 0.145 0.128 0.654
2008.4753 36.71 -97.08 0.264 -0.175 -4.713 0.141 0.124 0.635
2008.5027 36.71 -97.08 0.299 -0.236 -2.874 0.173 0.152 0.774
2008.5301 36.71 -97.08 0.295 0.092 3.187 0.214 0.189 0.959
2008.5575 36.71 -97.08 -0.031 -0.280 -0.756 0.141 0.120 0.630
2008.5849 36.71 -97.08 0.351 0.029 2.043 0.158 0.139 0.707
2008.6123 36.71 -97.08 0.238 -0.019 1.249 0.133 0.114 0.595
2008.6397 36.71 -97.08 -0.277 -0.348 -1.574 0.145 0.126 0.650
2008.6671 36.71 -97.08 -0.628 -0.232 -0.439 0.139 0.121 0.625
2008.6945 36.71 -97.08 -0.510 0.037 -2.959 0.135 0.116 0.605
2008.7219 36.71 -97.08 -0.750 -0.011 -2.807 0.154 0.136 0.693
2008.7493 36.71 -97.08 -0.584 0.002 -0.675 0.140 0.123 0.630
2008.7767 36.71 -97.08 -0.411 -0.391 -1.979 0.162 0.145 0.731
2008.8041 36.71 -97.08 -0.453 -0.351 -1.828 0.163 0.147 0.736
2008.8315 36.71 -97.08 -0.462 -0.668 -0.907 0.185 0.166 0.831
2008.8589 36.71 -97.08 -0.213 -0.390 -0.065 0.215 0.194 0.970
2008.8863 36.71 -97.08 -0.331 -0.635 -1.560 0.206 0.186 0.931
2008.9137 36.71 -97.08 -0.096 -0.345 -2.658 0.196 0.178 0.887
2008.9411 36.71 -97.08 -0.072 -0.278 0.813 0.206 0.185 0.930
2008.9685 36.71 -97.08 -0.107 -0.116 -0.736 0.193 0.173 0.870
2008.9945 36.71 -97.08 0.266 -0.276 -0.222 0.163 0.147 0.737
2009.0205 36.71 -97.08 0.519 -0.327 -0.962 0.160 0.145 0.725
2009.0479 36.71 -97.08 0.376 -0.767 -0.321 0.160 0.145 0.727
2009.0753 36.71 -97.08 0.357 -0.658 -1.903 0.154 0.139 0.699
2009.1027 36.71 -97.08 0.486 -0.278 -2.172 0.191 0.174 0.865
2009.1301 36.71 -97.08 0.388 -0.044 -2.780 0.153 0.137 0.692
2009.1575 36.71 -97.08 0.471 0.099 -1.005 0.156 0.140 0.706
2009.1849 36.71 -97.08 0.253 0.172 -2.554 0.177 0.162 0.805
2009.2123 36.71 -97.08 0.379 0.070 -5.051 0.154 0.135 0.694
2009.2397 36.71 -97.08 0.606 -0.037 -5.319 0.173 0.157 0.784
2009.2671 36.71 -97.08 0.732 0.103 -5.509 0.145 0.131 0.659
2009.2945 36.71 -97.08 0.830 -0.166 -5.857 0.149 0.134 0.674
2009.3219 36.71 -97.08 0.883 0.076 -3.742 0.155 0.140 0.703
2009.3493 36.71 -97.08 0.485 -0.090 -6.558 0.143 0.127 0.647
2009.3767 36.71 -97.08 0.394 0.364 -7.234 0.150 0.134 0.679
2009.4041 36.71 -97.08 0.234 0.240 -5.639 0.133 0.117 0.601
2009.4315 36.71 -97.08 0.420 0.351 -4.797 0.152 0.135 0.686
2009.4589 36.71 -97.08 0.688 0.045 -1.163 0.130 0.113 0.585
2009.4863 36.71 -97.08 0.749 0.211 0.865 0.143 0.124 0.642
2009.5137 36.71 -97.08 0.517 0.315 0.827 0.138 0.117 0.616
2009.5411 36.71 -97.08 0.382 0.577 0.098 0.168 0.146 0.755
2009.5685 36.71 -97.08 0.546 0.183 -1.278 0.182 0.157 0.812
2009.5959 36.71 -97.08 0.151 0.542 -0.895 0.159 0.137 0.713
2009.6233 36.71 -97.08 0.159 0.274 1.886 0.164 0.143 0.736
2009.6507 36.71 -97.08 0.067 0.407 -0.314 0.158 0.138 0.709
2009.6781 36.71 -97.08 0.455 0.280 0.038 0.169 0.149 0.758
2009.7055 36.71 -97.08 -0.269 0.298 -0.622 0.174 0.155 0.784
2009.7329 36.71 -97.08 -0.379 0.273 -0.112 0.168 0.150 0.757
2009.7603 36.71 -97.08 -0.365 0.499 -0.472 0.192 0.171 0.862
2009.7877 36.71 -97.08 -0.403 0.610 -0.823 0.177 0.158 0.797
2009.8151 36.71 -97.08 -0.538 0.412 -3.000 0.189 0.170 0.853
2009.8425 36.71 -97.08 -0.309 0.428 -3.846 0.172 0.154 0.777
2009.8699 36.71 -97.08 -0.291 0.543 -2.631 0.165 0.147 0.744
2009.8973 36.71 -97.08 -0.263 0.072 -1.360 0.154 0.138 0.697
2009.9247 36.71 -97.08 -0.212 0.568 -3.354 0.155 0.135 0.698
2009.9521 36.71 -97.08 -0.351 0.384 -4.057 0.144 0.128 0.653
2009.9795 36.71 -97.08 -0.065 0.535 -1.835 0.149 0.132 0.672
2010.0068 36.71 -97.08 -0.156 0.671 -2.451 0.187 0.168 0.843
2010.0342 36.71 -97.08 0.167 0.255 -1.876 0.147 0.130 0.663
2010.0616 36.71 -97.08 -0.008 0.320 -0.702 0.150 0.133 0.678
2010.0890 36.71 -97.08 -0.036 0.443 -4.665 0.178 0.161 0.806
2010.1164 36.71 -97.08 -0.124 0.193 -4.265 0.184 0.166 0.832
2010.1438 36.71 -97.08 -0.135 0.135 -4.607 0.178 0.159 0.803
2010.1712 36.71 -97.08 -0.365 -0.096 -7.306 0.171 0.152 0.769
2010.1986 36.71 -97.08 0.020 -0.231 -4.500 0.164 0.145 0.737
2010.2260 36.71 -97.08 -0.165 0.079 -5.939 0.179 0.159 0.804
2010.2534 36.71 -97.08 0.329 0.109 -6.155 0.185 0.163 0.829
2010.2808 36.71 -97.08 -0.207 -0.084 -3.191 0.143 0.125 0.644
2010.3082 36.71 -97.08 0.158 -0.354 -2.992 0.150 0.131 0.673
2010.3356 36.71 -97.08 0.345 -0.213 -1.786 0.138 0.118 0.619
2010.3630 36.71 -97.08 0.376 -0.182 -1.065 0.147 0.125 0.655
2010.3904 36.71 -97.08 0.276 0.253 -3.796 0.153 0.121 0.667
2010.4178 36.71 -97.08 0.598 0.352 -3.846 0.156 0.132 0.696
2010.4452 36.71 -97.08 0.273 0.129 -3.866 0.138 0.118 0.622
2010.4726 36.71 -97.08 0.435 -0.007 -2.282 0.125 0.105 0.563
2010.5000 36.71 -97.08 0.315 0.009 -1.520 0.140 0.120 0.630
2010.5274 36.71 -97.08 0.220 -0.056 -1.998 0.213 0.192 0.958
2010.5548 36.71 -97.08 0.227 -0.293 -2.676 0.139 0.122 0.625
2010.5822 36.71 -97.08 0.291 -0.467 -1.886 0.126 0.110 0.568
2010.6096 36.71 -97.08 0.226 -0.406 -1.848 0.160 0.144 0.721
2010.6370 36.71 -97.08 0.065 -0.246 -0.380 0.144 0.128 0.649
2010.6644 36.71 -97.08 -0.003 0.046 -0.244 0.135 0.120 0.610
2010.6918 36.71 -97.08 0.095 -0.078 0.384 0.160 0.145 0.725
2010.7192 36.71 -97.08 0.066 -0.217 -1.280 0.150 0.135 0.676
2010.7466 36.71 -97.08 0.071 0.044 -0.437 0.173 0.156 0.778
2010.7740 36.71 -97.08 -0.032 -0.110 2.147 0.143 0.127 0.646
2010.8014 36.71 -97.08 0.052 -0.223 0.524 0.136 0.121 0.614
2010.8288 36.71 -97.08 0.370 0.003 0.094 0.154 0.138 0.694
2010.8562 36.71 -97.08 0.059 -0.491 0.852 0.151 0.135 0.682
2010.8836 36.71 -97.08 0.197 -0.310 -0.873 0.141 0.125 0.638
2010.9110 36.71 -97.08 0.131 -0.026 -2.464 0.154 0.137 0.692
2010.9384 36.71 -97.08 0.308 0.022 -1.202 0.159 0.142 0.716
2010.9658 36.71 -97.08 0.470 -0.219 -0.886 0.174 0.156 0.782
2010.9932 36.71 -97.08 0.569 -0.023 -0.996 0.155 0.100 0.634
2011.1027 36.71 -97.08 0.810 -0.886 -1.326 0.150 0.117 0.658
2011.1301 36.71 -97.08 0.937 0.218 -0.102 0.209 0.185 0.933
2011.1575 36.71 -97.08 1.057 -0.206 -0.266 0.143 0.123 0.640
2011.1849 36.71 -97.08 1.199 -0.323 -2.092 0.116 0.097 0.523
2011.2123 36.71 -97.08 0.923 -0.459 -2.038 0.177 0.158 0.796
2011.2397 36.71 -97.08 1.002 0.198 -1.577 0.184 0.165 0.825
2011.2671 36.71 -97.08 1.078 -0.123 -1.050 0.150 0.133 0.677
2011.2945 36.71 -97.08 1.362 0.161 -3.153 0.173 0.155 0.778
2011.3219 36.71 -97.08 0.987 0.372 -2.287 0.162 0.146 0.732
2011.3493 36.71 -97.08 0.877 0.543 -2.985 0.147 0.131 0.664
2011.3767 36.71 -97.08 0.911 0.745 -4.622 0.170 0.153 0.766
2011.4041 36.71 -97.08 1.453 0.648 -4.029 0.152 0.134 0.684
2011.4315 36.71 -97.08 1.598 0.564 -2.153 0.162 0.130 0.710
2011.5137 36.71 -97.08 1.355 0.075 -1.517 0.145 0.122 0.645
2011.5411 36.71 -97.08 1.070 0.209 -0.558 0.150 0.131 0.671
2011.5685 36.71 -97.08 1.071 -0.086 1.407 0.147 0.128 0.661
2011.5959 36.71 -97.08 1.056 -0.278 0.951 0.157 0.137 0.702
2011.6233 36.71 -97.08 0.748 -0.161 0.704 0.158 0.137 0.706
2011.6507 36.71 -97.08 0.730 -0.066 1.089 0.182 0.162 0.817
2011.6781 36.71 -97.08 0.697 -0.084 3.128 0.169 0.150 0.760
2011.7055 36.71 -97.08 0.535 -0.092 5.112 0.169 0.151 0.760
2011.7329 36.71 -97.08 0.520 -0.468 5.649 0.194 0.175 0.871
2011.7603 36.71 -97.08 0.355 -0.185 3.945 0.168 0.150 0.753
2011.7877 36.71 -97.08 0.249 -0.370 3.028 0.178 0.160 0.799
2011.8151 36.71 -97.08 0.278 -0.589 2.860 0.175 0.157 0.785
2011.8425 36.71 -97.08 0.401 -0.407 3.157 0.188 0.170 0.844
2011.8699 36.71 -97.08 0.259 0.078 1.769 0.186 0.160 0.824
2011.9521 36.71 -97.08 0.034 0.595 -1.648 0.133 0.095 0.568
2011.9795 36.71 -97.08 -0.010 0.225 -0.864 0.154 0.134 0.687
2012.0068 36.71 -97.08 0.342 0.159 -1.043 0.144 0.124 0.641
2012.0342 36.71 -97.08 0.127 0.004 0.368 0.172 0.147 0.756
2012.0616 36.71 -97.08 0.268 0.197 -1.063 0.151 0.128 0.665
2012.0890 36.71 -97.08 0.501 0.278 -1.703 0.149 0.125 0.657
2012.1164 36.71 -97.08 0.392 0.113 -3.060 0.147 0.122 0.645
2012.1438 36.71 -97.08 0.522 0.072 -0.624 0.152 0.125 0.666
2012.1712 36.71 -97.08 0.854 0.297 -0.512 0.147 0.119 0.641
2012.1986 36.71 -97.08 0.592 0.043 -1.578 0.134 0.107 0.584
2012.2260 36.71 -97.08 0.575 0.167 -1.292 0.136 0.109 0.590
2012.2534 36.71 -97.08 0.723 0.322 -2.182 0.132 0.106 0.574
2012.2808 36.71 -97.08 0.880 0.031 -3.296 0.123 0.098 0.536
2012.3082 36.71 -97.08 0.882 -0.135 -2.102 0.157 0.098 0.642
2012.3904 36.71 -97.08 0.814 -0.231 1.046 0.156 0.118 0.674
2012.4178 36.71 -97.08 0.810 0.064 0.070 0.114 0.090 0.495
2012.4452 36.71 -97.08 1.017 -0.141 0.119 0.113 0.089 0.491
2012.4726 36.71 -97.08 0.344 -0.092 1.928 0.121 0.096 0.527
2012.5000 36.71 -97.08 0.496 -0.223 2.273 0.116 0.091 0.505
2012.5274 36.71 -97.08 0.223 -0.361 2.839 0.122 0.097 0.532
2012.5548 36.71 -97.08 -0.362 -0.228 2.703 0.122 0.097 0.531
2012.5822 36.71 -97.08 0.365 -0.116 5.124 0.128 0.103 0.560
2012.6096 36.71 -97.08 0.176 -0.086 6.078 0.126 0.103 0.552
2012.6370 36.71 -97.08 -0.019 0.059 6.124 0.117 0.096 0.513
2012.6644 36.71 -97.08 -0.049 0.124 4.446 0.127 0.105 0.557
2012.6918 36.71 -97.08 -0.057 0.032 5.594 0.130 0.110 0.573
2012.7192 36.71 -97.08 -0.043 0.263 5.437 0.153 0.133 0.680
2012.7466 36.71 -97.08 -0.049 -0.130 4.559 0.123 0.086 0.521
2012.8562 36.71 -97.08 0.057 0.245 6.550 0.161 0.139 0.714
2012.8836 36.71 -97.08 0.110 0.312 5.551 0.148 0.133 0.668
2012.9110 36.71 -97.08 0.154 0.372 5.126 0.141 0.126 0.635
2012.9384 36.71 -97.08 0.155 -0.007 4.186 0.139 0.120 0.621
2012.9658 36.71 -97.08 0.392 0.430 5.781 0.151 0.136 0.680
2012.9918 36.71 -97.08 0.447 0.411 3.542 0.077 0.067 0.354
2013.0178 36.71 -97.08 0.007 0.363 4.775 0.090 0.079 0.408
2013.0452 36.71 -97.08 -0.007 0.890 5.499 0.089 0.079 0.407
2013.0726 36.71 -97.08 0.203 0.486 4.873 0.083 0.073 0.378
2013.1000 36.71 -97.08 0.370 0.557 4.540 0.085 0.074 0.387
2013.1274 36.71 -97.08 0.338 0.432 3.735 0.079 0.069 0.363
2013.1548 36.71 -97.08 0.440 0.519 4.615 0.078 0.062 0.348
2013.2644 36.71 -97.08 0.482 0.970 4.287 0.096 0.045 0.370
2013.2918 36.71 -97.08 0.597 0.630 1.902 0.081 0.071 0.371
2013.3192 36.71 -97.08 0.559 1.303 1.535 0.089 0.079 0.406
2013.3466 36.71 -97.08 0.681 0.987 1.046 0.091 0.081 0.416
2013.3740 36.71 -97.08 0.602 1.094 1.141 0.079 0.070 0.362
2013.4014 36.71 -97.08 0.675 1.251 0.335 0.081 0.072 0.373
2013.4288 36.71 -97.08 0.922 0.986 -1.147 0.072 0.063 0.334
2013.4562 36.71 -97.08 0.569 1.292 -1.887 0.074 0.064 0.340
2013.4836 36.71 -97.08 0.762 0.870 0.472 0.075 0.066 0.346
2013.5110 36.71 -97.08 0.910 0.839 -0.816 0.084 0.074 0.385
2013.5384 36.71 -97.08 0.974 0.849 0.116 0.084 0.071 0.379
2013.5658 36.71 -97.08 0.785 0.818 1.573 0.086 0.076 0.395
2013.7575 36.71 -97.08 -0.108 0.903 3.374 0.084 0.071 0.380
2013.7849 36.71 -97.08 0.308 0.436 3.885 0.086 0.073 0.389
2013.8123 36.71 -97.08 -0.262 0.250 3.287 0.079 0.067 0.358
2013.8397 36.71 -97.08 -0.059 0.361 3.480 0.080 0.068 0.362
2013.8671 36.71 -97.08 -0.096 0.660 3.056 0.086 0.072 0.386
2013.8945 36.71 -97.08 -0.105 0.539 2.498 0.079 0.067 0.359
2013.9219 36.71 -97.08 -0.086 0.526 1.332 0.071 0.060 0.325
2013.9493 36.71 -97.08 -0.153 0.608 1.538 0.076 0.064 0.343
2013.9767 36.71 -97.08 -0.214 0.367 0.022 0.077 0.064 0.348
2014.0041 36.71 -97.08 0.032 0.313 1.744 0.074 0.062 0.336
2014.0315 36.71 -97.08 0.122 0.833 0.313 0.077 0.064 0.347
2014.1685 36.71 -97.08 0.623 1.353 3.501 0.081 0.068 0.368
2014.1959 36.71 -97.08 0.707 1.184 1.462 0.081 0.071 0.371
2014.2233 36.71 -97.08 0.668 1.261 0.893 0.077 0.067 0.354
2014.2507 36.71 -97.08 0.704 1.023 0.775 0.071 0.062 0.327
2014.2781 36.71 -97.08 0.493 1.293 0.870 0.075 0.066 0.345
2014.3055 36.71 -97.08 0.578 1.127 1.210 0.072 0.063 0.332
2014.3329 36.71 -97.08 0.763 1.097 1.249 0.060 0.051 0.279
2014.3603 36.71 -97.08 0.353 0.977 1.819 0.068 0.059 0.312
2014.3877 36.71 -97.08 0.693 1.360 0.975 0.068 0.059 0.313
2014.4151 36.71 -97.08 0.880 1.135 -0.522 0.068 0.058 0.311
2014.4425 36.71 -97.08 0.855 1.499 -0.256 0.072 0.062 0.328
2014.4699 36.71 -97.08 1.031 1.366 0.657 0.071 0.061 0.326
2014.5795 36.71 -97.08 0.680 0.668 0.992 0.066 0.050 0.297
2014.6068 36.71 -97.08 0.549 0.757 0.701 0.064 0.053 0.292
2014.6342 36.71 -97.08 0.669 1.074 2.251 0.058 0.048 0.269
2014.6616 36.71 -97.08 0.837 0.707 2.889 0.064 0.054 0.295
2014.6890 36.71 -97.08 0.946 1.050 3.001 0.063 0.053 0.288
2014.7164 36.71 -97.08 0.759 0.871 0.739 0.061 0.052 0.283
2014.7438 36.71 -97.08 0.704 0.393 2.654 0.066 0.056 0.303
2014.7712 36.71 -97.08 0.790 0.248 3.482 0.065 0.055 0.300
2014.7986 36.71 -97.08 0.665 1.023 2.288 0.059 0.049 0.271
2014.8260 36.71 -97.08 0.657 0.684 3.045 0.059 0.048 0.271
2014.8534 36.71 -97.08 0.590 1.107 2.612 0.062 0.051 0.284
2014.8808 36.71 -97.08 0.505 0.773 1.741 0.062 0.051 0.285
2014.9082 36.71 -97.08 0.517 1.286 1.350 0.063 0.052 0.290
2015.0452 36.71 -97.08 0.859 1.483 1.939 0.049 0.037 0.226
2015.0726 36.71 -97.08 0.555 1.477 1.080 0.053 0.039 0.238
2015.1000 36.71 -97.08 0.892 1.641 -1.499 0.047 0.036 0.220
2015.1274 36.71 -97.08 0.861 1.422 1.491 0.044 0.034 0.207
2015.1548 36.71 -97.08 0.662 1.244 0.183 0.051 0.038 0.230
2015.1822 36.71 -97.08 0.663 1.184 -0.881 0.048 0.036 0.221
2015.2096 36.71 -97.08 0.261 1.617 1.443 0.063 0.049 0.280
2015.2370 36.71 -97.08 0.527 1.204 2.887 0.067 0.055 0.305
2015.2644 36.71 -97.08 0.837 1.109 0.548 0.059 0.050 0.274
2015.2918 36.71 -97.08 0.481 1.776 2.415 0.060 0.050 0.277
2015.3192 36.71 -97.08 0.560 1.228 0.430 0.058 0.048 0.268
2015.3466 36.71 -97.08 0.322 1.041 2.021 0.062 0.052 0.286
2015.4836 36.71 -97.08 0.521 1.504 -1.740 0.059 0.042 0.265
2015.5110 36.71 -97.08 0.543 1.673 -2.858 0.056 0.043 0.258
2015.5384 36.71 -97.08 0.233 1.429 -0.843 0.062 0.048 0.280
2015.5658 36.71 -97.08 0.274 1.097 1.602 0.062 0.051 0.282
2015.5932 36.71 -97.08 0.521 1.264 1.185 0.064 0.053 0.291
2015.6205 36.71 -97.08 0.568 1.151 0.358 0.062 0.051 0.283
2015.6479 36.71 -97.08 0.570 1.219 0.984 0.060 0.049 0.275
2015.6753 36.71 -97.08 0.330 1.002 2.406 0.058 0.047 0.266
2015.7027 36.71 -97.08 0.192 0.650 2.927 0.063 0.052 0.287
2015.7301 36.71 -97.08 0.138 0.740 5.740 0.063 0.051 0.288
2015.9493 36.71 -97.08 -0.146 1.904 -3.622 0.061 0.051 0.282
2015.9767 36.71 -97.08 -0.085 1.678 -1.118 0.064 0.053 0.291
2016.0041 36.71 -97.08 -0.094 1.653 -4.044 0.058 0.048 0.266
2016.0315 36.71 -97.08 0.095 1.580 -2.005 0.055 0.045 0.254
2016.0589 36.71 -97.08 0.254 1.596 -3.306 0.057 0.046 0.260
2016.0863 36.71 -97.08 0.028 0.708 -4.309 0.051 0.043 0.241
2016.1137 36.71 -97.08 0.162 1.029 -5.470 0.057 0.047 0.264
2016.1411 36.71 -97.08 0.138 0.239 -1.085 0.067 0.056 0.304
2016.1685 36.71 -97.08 0.001 1.041 -1.659 0.072 0.061 0.326
2016.1959 36.71 -97.08 0.079 0.214 -0.705 0.071 0.062 0.324
2016.2233 36.71 -97.08 0.187 0.406 0.009 0.071 0.064 0.329
2016.2507 36.71 -97.08 0.626 0.759 1.896 0.060 0.049 0.276
2016.3603 36.71 -97.08 0.404 1.501 1.277 0.056 0.047 0.258
2016.3877 36.71 -97.08 0.852 1.408 1.549 0.065 0.055 0.296
2016.4151 36.71 -97.08 0.787 1.398 0.246 0.064 0.053 0.291
2016.4425 36.71 -97.08 0.286 1.200 0.794 0.068 0.058 0.310
2016.4699 36.71 -97.08 0.311 0.940 2.112 0.067 0.056 0.304
