2002.5877 42.69 0.98 0.245 -0.597 3.120 0.115 0.100 0.526
2002.6151 42.69 0.98 0.254 -0.090 5.412 0.109 0.096 0.504
2002.6425 42.69 0.98 0.018 -0.501 3.065 0.112 0.098 0.513
2002.6699 42.69 0.98 0.106 -0.751 1.538 0.097 0.085 0.449
2002.6973 42.69 0.98 0.046 -1.222 2.332 0.167 0.082 0.638
2002.7247 42.69 0.98 0.097 -0.595 0.255 0.104 0.092 0.477
2002.7521 42.69 0.98 -0.071 -0.764 -1.176 0.096 0.085 0.445
2002.7795 42.69 0.98 0.032 -0.785 -2.425 0.111 0.099 0.516
2002.8068 42.69 0.98 -0.083 -0.846 -2.446 0.100 0.088 0.459
2002.8342 42.69 0.98 0.013 0.190 -0.140 0.098 0.087 0.453
2002.8616 42.69 0.98 0.070 -0.369 -2.322 0.102 0.079 0.452
2002.8890 42.69 0.98 0.092 -0.578 -4.069 0.100 0.087 0.457
2002.9164 42.69 0.98 0.361 0.626 -3.815 0.107 0.092 0.490
2003.0260 42.69 0.98 0.733 -0.040 -5.466 0.121 0.105 0.556
2003.0534 42.69 0.98 0.723 0.071 -2.205 0.195 0.172 0.880
2003.0808 42.69 0.98 1.065 -0.449 -4.379 0.175 0.147 0.788
2003.1082 42.69 0.98 0.942 -0.285 -5.493 0.102 0.087 0.473
2003.1356 42.69 0.98 0.452 -0.131 -5.216 0.095 0.080 0.441
2003.1630 42.69 0.98 0.623 -0.101 -6.089 0.101 0.086 0.466
2003.1904 42.69 0.98 1.077 -0.042 -5.918 0.119 0.099 0.541
2003.2178 42.69 0.98 1.071 -0.394 -1.498 0.099 0.085 0.459
2003.2452 42.69 0.98 1.196 -0.371 -3.227 0.097 0.084 0.448
2003.2726 42.69 0.98 0.820 -0.561 -2.905 0.094 0.082 0.438
2003.3000 42.69 0.98 0.719 -0.281 -3.957 0.092 0.080 0.428
2003.3274 42.69 0.98 0.238 -0.148 -3.014 0.120 0.105 0.550
2003.3548 42.69 0.98 0.363 -0.105 -3.215 0.131 0.116 0.597
2003.3822 42.69 0.98 0.287 -1.014 -3.471 0.120 0.102 0.550
2003.5192 42.69 0.98 -0.052 -0.206 -0.799 0.124 0.111 0.569
2003.5466 42.69 0.98 -0.217 -0.731 0.087 0.137 0.124 0.624
2003.5740 42.69 0.98 -0.388 -0.619 0.263 0.159 0.145 0.721
2003.6014 42.69 0.98 -0.364 -0.806 1.526 0.137 0.124 0.624
2003.6288 42.69 0.98 -0.387 -0.481 1.981 0.130 0.117 0.595
2003.6562 42.69 0.98 -0.833 -0.912 1.705 0.140 0.125 0.635
2003.6836 42.69 0.98 -0.693 -0.914 1.035 0.137 0.124 0.625
2003.7110 42.69 0.98 -0.534 -0.988 1.616 0.109 0.096 0.498
2003.7384 42.69 0.98 -0.436 -1.468 0.868 0.131 0.117 0.594
2003.7658 42.69 0.98 -0.667 -0.840 -0.095 0.120 0.107 0.548
2003.7932 42.69 0.98 -0.682 -1.009 1.351 0.134 0.120 0.608
2003.8205 42.69 0.98 -0.491 -0.603 -0.478 0.146 0.126 0.651
2003.8479 42.69 0.98 -0.642 -0.505 -0.583 0.129 0.108 0.574
2003.8753 42.69 0.98 -0.422 -0.538 -0.012 0.134 0.118 0.605
2003.9027 42.69 0.98 -0.112 -0.906 -1.109 0.124 0.106 0.556
2003.9301 42.69 0.98 -0.121 -0.731 -1.450 0.128 0.110 0.576
2003.9575 42.69 0.98 -0.049 -0.269 -2.644 0.143 0.125 0.640
2003.9849 42.69 0.98 0.132 -0.088 -3.764 0.136 0.117 0.608
2004.0123 42.69 0.98 0.158 -0.194 -3.892 0.146 0.125 0.651
2004.0397 42.69 0.98 0.382 -0.191 -4.749 0.125 0.104 0.561
2004.0945 42.69 0.98 0.578 0.033 -5.551 0.117 0.096 0.524
2004.1219 42.69 0.98 0.644 -0.053 -3.994 0.124 0.103 0.549
2004.1493 42.69 0.98 0.386 0.355 -5.994 0.145 0.121 0.640
2004.1767 42.69 0.98 0.224 -0.181 -5.313 0.155 0.129 0.678
2004.2041 42.69 0.98 0.350 -0.077 -4.265 0.127 0.104 0.559
2004.2315 42.69 0.98 0.690 -0.744 -3.835 0.129 0.106 0.567
2004.2589 42.69 0.98 0.412 -0.587 -7.051 0.134 0.109 0.584
2004.2863 42.69 0.98 0.024 0.144 -4.882 0.134 0.108 0.585
2004.3137 42.69 0.98 -0.008 -0.049 -2.819 0.128 0.103 0.558
2004.3411 42.69 0.98 0.176 -0.036 -4.397 0.140 0.112 0.607
2004.3685 42.69 0.98 0.066 0.295 -4.582 0.136 0.108 0.591
2004.3959 42.69 0.98 0.049 0.170 -4.307 0.119 0.096 0.525
2004.4233 42.69 0.98 0.372 0.429 -2.836 0.115 0.092 0.505
2004.4507 42.69 0.98 -0.083 0.165 -2.265 0.102 0.081 0.449
2004.4781 42.69 0.98 0.165 -0.305 -2.242 0.112 0.089 0.490
2004.5055 42.69 0.98 -0.235 0.153 -0.591 0.109 0.087 0.480
2004.5329 42.69 0.98 -0.086 -0.189 -1.546 0.104 0.083 0.457
2004.5603 42.69 0.98 -0.216 -0.982 -0.436 0.106 0.084 0.467
2004.5877 42.69 0.98 -0.130 -0.617 -0.545 0.108 0.085 0.473
2004.6151 42.69 0.98 0.050 -0.228 1.603 0.119 0.094 0.519
2004.6425 42.69 0.98 -0.136 -0.688 1.455 0.101 0.081 0.449
2004.6699 42.69 0.98 -0.116 -1.003 -0.102 0.101 0.081 0.451
2004.6973 42.69 0.98 -0.281 -0.750 -0.948 0.095 0.077 0.426
2004.7247 42.69 0.98 -0.534 -0.443 0.802 0.109 0.087 0.481
2004.7521 42.69 0.98 -0.595 -0.452 0.399 0.105 0.084 0.466
2004.7795 42.69 0.98 -0.323 -0.578 -0.045 0.102 0.081 0.451
2004.8068 42.69 0.98 -0.166 -0.257 1.088 0.113 0.089 0.493
2004.8342 42.69 0.98 -0.276 0.154 1.726 0.111 0.088 0.487
2004.8616 42.69 0.98 -0.120 -0.241 -1.118 0.098 0.079 0.439
2004.8890 42.69 0.98 -0.002 -0.107 -1.577 0.098 0.079 0.437
2004.9164 42.69 0.98 0.173 -0.280 -0.988 0.107 0.085 0.471
2004.9438 42.69 0.98 -0.048 -0.491 -1.338 0.118 0.096 0.526
2004.9712 42.69 0.98 0.353 -0.346 -0.543 0.107 0.085 0.469
2004.9973 42.69 0.98 0.545 -0.384 -0.790 0.104 0.084 0.460
2005.0233 42.69 0.98 0.635 -0.026 -1.708 0.119 0.096 0.520
2005.0507 42.69 0.98 0.585 -0.251 -5.680 0.172 0.142 0.746
2005.0781 42.69 0.98 0.339 -0.454 -3.902 0.132 0.108 0.577
2005.1055 42.69 0.98 0.518 -0.311 -1.307 0.131 0.108 0.574
2005.1329 42.69 0.98 0.715 -0.388 0.363 0.134 0.111 0.588
2005.1603 42.69 0.98 0.304 0.113 -1.850 0.121 0.099 0.532
2005.1877 42.69 0.98 0.468 -0.014 -3.760 0.122 0.098 0.536
2005.2151 42.69 0.98 0.688 0.057 -1.974 0.115 0.093 0.510
2005.2425 42.69 0.98 0.237 0.558 -1.902 0.111 0.091 0.493
2005.2699 42.69 0.98 0.391 0.725 -1.494 0.118 0.097 0.523
2005.2973 42.69 0.98 0.427 0.364 -1.996 0.125 0.103 0.551
2005.3247 42.69 0.98 0.379 0.526 -4.061 0.131 0.109 0.580
2005.3521 42.69 0.98 0.395 0.500 1.904 0.058 0.049 0.284
2005.3795 42.69 0.98 0.296 0.318 -0.842 0.123 0.102 0.547
2005.4068 42.69 0.98 0.717 0.077 -1.068 0.113 0.094 0.506
2005.4342 42.69 0.98 0.312 0.604 0.556 0.130 0.108 0.578
2005.4616 42.69 0.98 0.222 0.125 0.660 0.118 0.098 0.525
2005.4890 42.69 0.98 0.198 0.373 2.652 0.112 0.093 0.500
2005.5164 42.69 0.98 0.017 0.034 2.525 0.111 0.093 0.499
2005.5438 42.69 0.98 -0.126 0.018 2.762 0.120 0.102 0.538
2005.5712 42.69 0.98 -0.256 0.207 1.896 0.131 0.111 0.583
2005.5986 42.69 0.98 -0.356 -0.067 1.567 0.133 0.114 0.595
2005.6260 42.69 0.98 -0.397 -0.088 2.896 0.118 0.101 0.531
2005.6534 42.69 0.98 -0.469 -0.179 2.185 0.124 0.106 0.557
2005.6808 42.69 0.98 -0.519 -0.156 1.400 0.122 0.105 0.549
2005.7082 42.69 0.98 -0.354 -0.188 0.372 0.147 0.128 0.656
2005.7356 42.69 0.98 -0.791 -0.064 1.736 0.129 0.112 0.581
2005.7630 42.69 0.98 -0.497 -0.051 1.922 0.130 0.113 0.583
2005.7904 42.69 0.98 -0.768 -0.046 -0.392 0.122 0.106 0.550
2005.8178 42.69 0.98 -0.651 -0.165 -3.112 0.125 0.109 0.563
2005.8452 42.69 0.98 -0.399 -0.039 -1.492 0.134 0.117 0.604
2005.8726 42.69 0.98 -0.213 -0.179 -1.804 0.116 0.101 0.526
2005.9000 42.69 0.98 -0.519 -0.242 0.535 0.114 0.099 0.515
2005.9274 42.69 0.98 -0.355 0.274 -1.821 0.120 0.099 0.540
2005.9548 42.69 0.98 -0.159 -0.424 -0.549 0.117 0.099 0.554
2005.9822 42.69 0.98 -0.043 -0.100 0.929 0.113 0.096 0.516
2006.0096 42.69 0.98 -0.144 -0.159 -1.975 0.122 0.105 0.552
2006.0370 42.69 0.98 -0.083 -0.276 -3.230 0.153 0.133 0.687
2006.0644 42.69 0.98 0.127 -0.069 -2.250 0.155 0.136 0.699
2006.0918 42.69 0.98 0.087 -0.150 -2.835 0.154 0.135 0.693
2006.1192 42.69 0.98 -0.103 0.472 -2.945 0.173 0.154 0.779
2006.1466 42.69 0.98 0.323 0.318 -3.887 0.137 0.121 0.620
2006.1740 42.69 0.98 0.156 1.046 -4.596 0.152 0.137 0.689
2006.2014 42.69 0.98 0.352 0.766 -3.644 0.119 0.106 0.544
2006.2288 42.69 0.98 0.054 0.749 -5.769 0.153 0.139 0.694
2006.2562 42.69 0.98 0.233 0.580 -3.768 0.143 0.130 0.651
2006.2836 42.69 0.98 0.311 0.794 -1.408 0.140 0.127 0.639
2006.3110 42.69 0.98 0.075 0.426 -0.162 0.150 0.136 0.681
2006.3384 42.69 0.98 -0.037 0.460 -0.416 0.136 0.124 0.619
2006.3658 42.69 0.98 0.506 0.412 1.578 0.150 0.138 0.684
2006.3932 42.69 0.98 0.359 0.520 3.335 0.148 0.135 0.675
2006.4205 42.69 0.98 0.315 0.460 2.791 0.149 0.136 0.678
2006.4479 42.69 0.98 0.013 0.487 0.830 0.164 0.145 0.742
2006.4753 42.69 0.98 -0.106 0.303 1.748 0.165 0.151 0.753
2006.5027 42.69 0.98 -0.003 0.221 1.586 0.171 0.157 0.781
2006.5301 42.69 0.98 -0.336 0.058 2.814 0.203 0.187 0.921
2006.5575 42.69 0.98 -0.493 -0.385 3.766 0.162 0.149 0.739
2006.5849 42.69 0.98 -0.435 -0.216 3.301 0.166 0.153 0.759
2006.6123 42.69 0.98 -0.408 -0.269 1.011 0.203 0.190 0.925
2006.6397 42.69 0.98 -0.490 -0.215 2.049 0.173 0.160 0.789
2006.6671 42.69 0.98 -0.096 -0.596 1.149 0.158 0.145 0.721
2006.6945 42.69 0.98 -0.514 -0.594 1.560 0.201 0.186 0.912
2006.7219 42.69 0.98 -0.454 -0.126 -0.958 0.189 0.173 0.860
2006.7493 42.69 0.98 -0.488 -0.202 0.763 0.225 0.207 1.019
2006.7767 42.69 0.98 -0.041 -0.467 -1.849 0.195 0.180 0.886
2006.8041 42.69 0.98 -0.176 -0.401 0.218 0.158 0.144 0.719
2006.8315 42.69 0.98 -0.065 -1.094 0.509 0.183 0.168 0.831
2006.8589 42.69 0.98 -0.231 -0.714 1.064 0.178 0.163 0.810
2006.8863 42.69 0.98 0.072 -0.165 0.046 0.171 0.156 0.778
2006.9137 42.69 0.98 -0.163 -0.273 0.963 0.167 0.151 0.758
2006.9411 42.69 0.98 0.297 -0.138 0.346 0.164 0.148 0.745
2006.9685 42.69 0.98 0.227 -0.337 1.941 0.164 0.146 0.742
2006.9959 42.69 0.98 0.035 -0.418 1.520 0.164 0.143 0.738
2007.0233 42.69 0.98 0.508 -0.058 0.078 0.153 0.132 0.689
2007.0507 42.69 0.98 0.661 0.211 -0.092 0.159 0.138 0.716
2007.0781 42.69 0.98 0.382 0.622 -3.051 0.162 0.146 0.735
2007.1055 42.69 0.98 0.652 -0.036 -2.428 0.145 0.130 0.659
2007.1329 42.69 0.98 0.715 0.351 -2.272 0.158 0.141 0.716
2007.1603 42.69 0.98 0.876 0.200 -0.901 0.150 0.135 0.683
2007.1877 42.69 0.98 0.647 0.458 -4.256 0.192 0.177 0.873
2007.2151 42.69 0.98 0.635 0.412 -1.257 0.172 0.157 0.781
2007.2425 42.69 0.98 0.403 0.522 -2.055 0.165 0.151 0.751
2007.2699 42.69 0.98 0.362 -0.011 -0.257 0.133 0.119 0.605
2007.2973 42.69 0.98 0.223 -0.202 -1.266 0.125 0.112 0.573
2007.3247 42.69 0.98 0.127 0.111 -0.811 0.152 0.139 0.693
2007.3521 42.69 0.98 0.149 0.003 -1.319 0.166 0.152 0.756
2007.3795 42.69 0.98 -0.072 -0.079 0.422 0.174 0.160 0.792
2007.4068 42.69 0.98 0.150 -0.031 -0.774 0.146 0.132 0.665
2007.4342 42.69 0.98 0.424 0.244 0.007 0.140 0.126 0.637
2007.4616 42.69 0.98 0.274 0.112 1.544 0.182 0.168 0.827
2007.4890 42.69 0.98 0.194 0.013 -1.182 0.141 0.126 0.641
2007.5164 42.69 0.98 0.186 0.173 -1.647 0.148 0.135 0.675
2007.5438 42.69 0.98 0.223 -0.195 -1.087 0.144 0.130 0.656
2007.5712 42.69 0.98 0.229 -0.266 -1.203 0.148 0.134 0.673
2007.5986 42.69 0.98 0.106 -0.465 -1.173 0.180 0.164 0.819
2007.6260 42.69 0.98 0.125 -0.506 -0.425 0.148 0.133 0.673
2007.6534 42.69 0.98 -0.067 -0.835 0.435 0.150 0.135 0.683
2007.6808 42.69 0.98 0.008 -1.093 2.868 0.158 0.142 0.718
2007.7082 42.69 0.98 -0.128 -1.019 2.103 0.118 0.103 0.543
2007.7356 42.69 0.98 -0.086 -0.982 2.208 0.163 0.145 0.737
2007.7630 42.69 0.98 -0.297 -0.477 1.377 0.126 0.110 0.577
2007.7904 42.69 0.98 -0.342 -0.783 1.753 0.160 0.144 0.725
2007.8178 42.69 0.98 -0.459 -0.412 4.390 0.183 0.167 0.830
2007.8452 42.69 0.98 -0.151 -0.408 3.957 0.150 0.135 0.683
2007.8726 42.69 0.98 -0.247 -0.315 3.004 0.174 0.157 0.791
2007.9000 42.69 0.98 -0.101 -0.057 0.647 0.187 0.162 0.833
2007.9274 42.69 0.98 0.348 -0.776 1.719 0.180 0.164 0.820
2007.9548 42.69 0.98 0.403 -0.209 1.313 0.136 0.123 0.622
2007.9822 42.69 0.98 0.368 0.277 1.699 0.166 0.152 0.758
2008.0096 42.69 0.98 0.382 -0.155 -2.025 0.146 0.133 0.668
2008.0370 42.69 0.98 0.533 0.029 -1.709 0.150 0.138 0.686
2008.0644 42.69 0.98 0.902 0.239 -0.275 0.172 0.159 0.786
2008.0918 42.69 0.98 0.971 0.073 0.128 0.139 0.126 0.638
2008.1192 42.69 0.98 0.767 0.065 0.652 0.162 0.149 0.742
2008.1466 42.69 0.98 0.734 -0.257 -1.325 0.188 0.174 0.858
2008.1740 42.69 0.98 0.829 0.327 1.029 0.165 0.152 0.753
2008.2014 42.69 0.98 0.596 -0.287 1.268 0.176 0.164 0.803
2008.2288 42.69 0.98 0.430 0.009 0.966 0.207 0.189 0.942
2008.2562 42.69 0.98 0.581 0.451 0.843 0.192 0.177 0.876
2008.2836 42.69 0.98 0.336 0.354 -0.063 0.231 0.212 1.050
2008.3110 42.69 0.98 0.549 0.492 0.236 0.238 0.220 1.082
2008.3384 42.69 0.98 0.629 0.392 0.956 0.176 0.162 0.804
2008.3658 42.69 0.98 0.384 0.292 1.504 0.181 0.165 0.822
2008.3932 42.69 0.98 0.304 0.507 -0.282 0.165 0.149 0.751
2008.4205 42.69 0.98 0.332 0.356 -1.626 0.145 0.130 0.658
2008.4479 42.69 0.98 0.413 -0.142 -1.849 0.146 0.132 0.666
2008.4753 42.69 0.98 0.399 0.035 -0.596 0.142 0.128 0.648
2008.5027 42.69 0.98 0.367 -0.381 -0.913 0.174 0.156 0.788
2008.5301 42.69 0.98 0.264 -0.586 -1.736 0.216 0.195 0.976
2008.5575 42.69 0.98 0.247 -0.224 1.053 0.142 0.125 0.644
2008.5849 42.69 0.98 0.083 -0.500 0.357 0.159 0.143 0.720
2008.6123 42.69 0.98 -0.116 -0.416 1.995 0.134 0.118 0.609
2008.6397 42.69 0.98 -0.216 -0.875 2.065 0.146 0.130 0.664
2008.6671 42.69 0.98 -0.136 -0.568 1.820 0.140 0.125 0.638
2008.6945 42.69 0.98 -0.268 -0.434 1.532 0.136 0.120 0.618
2008.7219 42.69 0.98 -0.349 -0.544 2.100 0.156 0.140 0.706
2008.7493 42.69 0.98 -0.772 -0.334 0.930 0.141 0.127 0.642
2008.7767 42.69 0.98 -0.414 -0.657 1.804 0.163 0.149 0.743
2008.8041 42.69 0.98 -0.548 0.070 1.936 0.164 0.151 0.748
2008.8315 42.69 0.98 -0.477 -0.209 1.030 0.186 0.170 0.845
2008.8589 42.69 0.98 -0.274 -0.002 1.305 0.216 0.199 0.984
2008.8863 42.69 0.98 -0.160 -0.252 1.182 0.208 0.191 0.945
2008.9137 42.69 0.98 0.027 0.251 0.456 0.198 0.182 0.900
2008.9411 42.69 0.98 -0.045 0.145 -0.731 0.207 0.190 0.944
2008.9685 42.69 0.98 0.341 -0.058 -2.143 0.194 0.178 0.884
2008.9945 42.69 0.98 0.162 -0.128 -0.968 0.164 0.151 0.749
2009.0205 42.69 0.98 0.154 -0.249 -0.806 0.161 0.149 0.735
2009.0479 42.69 0.98 0.100 -0.308 -1.613 0.161 0.149 0.737
2009.0753 42.69 0.98 0.394 -0.291 0.617 0.155 0.142 0.710
2009.1027 42.69 0.98 0.213 0.323 -3.832 0.192 0.178 0.877
2009.1301 42.69 0.98 0.371 0.295 2.437 0.154 0.141 0.703
2009.1575 42.69 0.98 0.433 0.316 -1.028 0.157 0.143 0.717
2009.1849 42.69 0.98 0.512 -0.054 -3.134 0.178 0.166 0.816
2009.2123 42.69 0.98 0.363 0.736 0.709 0.156 0.139 0.707
2009.2397 42.69 0.98 0.201 0.431 -0.257 0.174 0.161 0.796
2009.2671 42.69 0.98 -0.012 0.344 -1.953 0.146 0.134 0.669
2009.2945 42.69 0.98 0.136 0.565 -2.461 0.150 0.137 0.685
2009.3219 42.69 0.98 0.195 0.476 -3.046 0.156 0.143 0.715
2009.3493 42.69 0.98 0.144 0.688 -0.174 0.144 0.131 0.658
2009.3767 42.69 0.98 0.499 0.246 2.333 0.152 0.137 0.691
2009.4041 42.69 0.98 0.075 0.495 1.240 0.134 0.121 0.613
2009.4315 42.69 0.98 0.150 0.315 0.453 0.153 0.139 0.697
2009.4589 42.69 0.98 0.264 0.214 0.465 0.131 0.117 0.597
2009.4863 42.69 0.98 -0.061 0.062 2.126 0.144 0.129 0.655
2009.5137 42.69 0.98 0.089 0.153 1.719 0.139 0.121 0.630
2009.5411 42.69 0.98 0.042 -0.059 3.420 0.170 0.151 0.770
2009.5685 42.69 0.98 -0.119 -0.384 3.765 0.183 0.162 0.829
2009.5959 42.69 0.98 -0.124 -0.264 2.723 0.161 0.142 0.729
2009.6233 42.69 0.98 -0.423 -0.128 1.403 0.166 0.148 0.750
2009.6507 42.69 0.98 -0.595 -0.164 2.581 0.159 0.143 0.723
2009.6781 42.69 0.98 -0.561 -0.376 2.758 0.170 0.153 0.771
2009.7055 42.69 0.98 -0.599 -0.386 1.793 0.175 0.160 0.796
2009.7329 42.69 0.98 -0.726 -0.151 2.841 0.169 0.154 0.770
2009.7603 42.69 0.98 -0.584 0.309 2.914 0.193 0.176 0.876
2009.7877 42.69 0.98 -0.397 -0.351 1.451 0.178 0.162 0.809
2009.8151 42.69 0.98 -0.589 0.545 2.657 0.191 0.174 0.865
2009.8425 42.69 0.98 -0.347 0.228 1.057 0.174 0.158 0.790
2009.8699 42.69 0.98 -0.236 0.055 2.157 0.166 0.151 0.756
2009.8973 42.69 0.98 0.059 0.098 1.396 0.155 0.141 0.708
2009.9247 42.69 0.98 0.043 -0.115 0.982 0.157 0.139 0.711
2009.9521 42.69 0.98 0.246 0.269 1.480 0.146 0.132 0.665
2009.9795 42.69 0.98 0.582 0.235 0.083 0.150 0.135 0.684
2010.0068 42.69 0.98 0.216 0.359 -1.270 0.188 0.172 0.855
2010.0342 42.69 0.98 0.074 0.563 -2.570 0.148 0.134 0.675
2010.0616 42.69 0.98 0.184 0.480 -4.192 0.151 0.137 0.690
2010.0890 42.69 0.98 0.226 0.236 -1.081 0.180 0.165 0.817
2010.1164 42.69 0.98 0.008 0.362 -1.319 0.185 0.170 0.844
2010.1438 42.69 0.98 -0.172 0.333 -4.923 0.179 0.163 0.816
2010.1712 42.69 0.98 0.201 0.906 -4.549 0.172 0.156 0.781
2010.1986 42.69 0.98 -0.191 0.723 -3.427 0.165 0.149 0.749
2010.2260 42.69 0.98 0.397 -0.028 -2.787 0.180 0.163 0.817
2010.2534 42.69 0.98 0.176 0.559 -1.227 0.186 0.168 0.844
2010.2808 42.69 0.98 0.033 0.531 -1.952 0.144 0.129 0.657
2010.3082 42.69 0.98 -0.061 0.064 -3.438 0.151 0.135 0.686
2010.3356 42.69 0.98 0.155 -0.093 -2.528 0.139 0.122 0.633
2010.3630 42.69 0.98 -0.034 0.184 -2.394 0.148 0.130 0.671
2010.3904 42.69 0.98 -0.016 0.267 -0.811 0.155 0.128 0.687
2010.4178 42.69 0.98 -0.082 0.084 0.425 0.157 0.138 0.711
2010.4452 42.69 0.98 -0.049 -0.029 -1.212 0.140 0.123 0.636
2010.4726 42.69 0.98 -0.214 0.169 -1.454 0.127 0.110 0.578
2010.5000 42.69 0.98 0.016 0.355 -1.176 0.142 0.125 0.644
2010.5274 42.69 0.98 -0.356 -0.331 -1.138 0.214 0.197 0.972
2010.5548 42.69 0.98 -0.414 0.090 0.623 0.140 0.126 0.636
2010.5822 42.69 0.98 -0.698 0.299 0.376 0.127 0.114 0.579
2010.6096 42.69 0.98 -0.239 0.158 2.878 0.161 0.148 0.733
2010.6370 42.69 0.98 -0.360 0.112 1.110 0.145 0.132 0.660
2010.6644 42.69 0.98 -0.581 -0.099 0.923 0.136 0.123 0.621
2010.6918 42.69 0.98 -0.403 -0.259 0.374 0.161 0.149 0.736
2010.7192 42.69 0.98 -0.735 -0.183 2.104 0.151 0.138 0.688
2010.7466 42.69 0.98 -0.771 -0.688 0.766 0.174 0.160 0.790
2010.7740 42.69 0.98 -0.676 0.262 2.869 0.144 0.131 0.658
2010.8014 42.69 0.98 -0.722 -0.248 -0.007 0.137 0.124 0.625
2010.8288 42.69 0.98 -0.712 -0.022 1.640 0.155 0.142 0.705
2010.8562 42.69 0.98 -0.390 -0.111 -0.986 0.152 0.139 0.694
2010.8836 42.69 0.98 -0.338 0.073 -2.257 0.142 0.129 0.650
2010.9110 42.69 0.98 -0.452 0.935 -0.803 0.155 0.141 0.704
2010.9384 42.69 0.98 -0.253 0.657 -1.146 0.160 0.146 0.729
2010.9658 42.69 0.98 -0.136 0.045 -2.609 0.175 0.161 0.796
2010.9932 42.69 0.98 -0.083 1.019 -2.276 0.158 0.106 0.658
2011.1027 42.69 0.98 0.389 -0.029 -2.168 0.152 0.124 0.677
2011.1301 42.69 0.98 0.426 0.319 -1.983 0.210 0.191 0.949
2011.1575 42.69 0.98 0.350 0.442 -3.057 0.144 0.128 0.655
2011.1849 42.69 0.98 0.143 -0.234 -1.415 0.117 0.102 0.537
2011.2123 42.69 0.98 0.132 0.071 -1.422 0.179 0.163 0.811
2011.2397 42.69 0.98 0.189 -0.087 -0.037 0.185 0.169 0.838
2011.2671 42.69 0.98 0.167 0.405 -0.266 0.152 0.138 0.690
2011.2945 42.69 0.98 -0.006 0.026 1.324 0.174 0.160 0.791
2011.3219 42.69 0.98 -0.127 0.814 0.545 0.163 0.150 0.744
2011.3493 42.69 0.98 -0.212 1.247 0.430 0.148 0.135 0.676
2011.3767 42.69 0.98 -0.266 0.763 0.472 0.171 0.157 0.779
2011.4041 42.69 0.98 -0.111 0.601 3.379 0.153 0.139 0.697
2011.4315 42.69 0.98 -0.259 0.954 3.381 0.164 0.135 0.727
2011.5137 42.69 0.98 -0.494 0.384 2.119 0.146 0.127 0.660
2011.5411 42.69 0.98 0.036 0.140 0.608 0.151 0.136 0.685
2011.5685 42.69 0.98 -0.184 0.034 1.469 0.149 0.133 0.675
2011.5959 42.69 0.98 -0.423 0.248 1.664 0.158 0.142 0.717
2011.6233 42.69 0.98 -0.440 -0.046 0.661 0.159 0.142 0.721
2011.6507 42.69 0.98 -0.341 -0.073 0.806 0.184 0.167 0.832
2011.6781 42.69 0.98 -0.770 -0.147 1.647 0.171 0.155 0.774
2011.7055 42.69 0.98 -0.707 -0.785 1.286 0.170 0.156 0.773
2011.7329 42.69 0.98 -0.659 -0.551 1.051 0.195 0.180 0.885
2011.7603 42.69 0.98 -0.747 -0.326 4.707 0.169 0.155 0.766
2011.7877 42.69 0.98 -0.711 -0.229 4.705 0.179 0.165 0.812
2011.8151 42.69 0.98 -0.399 0.009 3.049 0.176 0.161 0.798
2011.8425 42.69 0.98 -0.782 0.013 2.921 0.189 0.174 0.857
2011.8699 42.69 0.98 -0.716 -0.391 1.127 0.187 0.164 0.836
2011.9521 42.69 0.98 -0.023 -0.028 -0.284 0.136 0.099 0.586
2011.9795 42.69 0.98 0.169 0.188 1.762 0.155 0.138 0.698
2012.0068 42.69 0.98 0.145 -0.439 1.045 0.146 0.127 0.652
2012.0342 42.69 0.98 0.305 0.689 3.029 0.173 0.150 0.770
2012.0616 42.69 0.98 0.400 0.169 0.596 0.152 0.131 0.676
2012.0890 42.69 0.98 0.141 0.532 2.158 0.151 0.128 0.668
2012.1164 42.69 0.98 0.312 0.278 1.947 0.149 0.125 0.657
2012.1438 42.69 0.98 0.173 0.414 3.312 0.154 0.128 0.677
2012.1712 42.69 0.98 -0.039 0.469 2.789 0.149 0.122 0.654
2012.1986 42.69 0.98 -0.209 1.207 3.678 0.136 0.109 0.594
2012.2260 42.69 0.98 0.172 0.613 0.324 0.137 0.111 0.600
2012.2534 42.69 0.98 0.474 0.563 0.988 0.134 0.108 0.583
2012.2808 42.69 0.98 0.154 0.685 3.272 0.125 0.100 0.545
2012.3082 42.69 0.98 0.223 0.728 1.618 0.161 0.106 0.665
2012.3904 42.69 0.98 0.347 0.686 2.206 0.159 0.122 0.690
2012.4178 42.69 0.98 0.598 0.719 1.612 0.115 0.091 0.503
2012.4452 42.69 0.98 0.482 0.353 0.717 0.114 0.090 0.500
2012.4726 42.69 0.98 0.604 0.185 2.686 0.123 0.097 0.535
2012.5000 42.69 0.98 0.371 0.158 1.674 0.118 0.093 0.514
2012.5274 42.69 0.98 0.221 -0.208 2.458 0.124 0.099 0.541
2012.5548 42.69 0.98 -0.130 0.054 3.599 0.124 0.099 0.541
2012.5822 42.69 0.98 -0.393 0.117 4.161 0.130 0.105 0.569
2012.6096 42.69 0.98 -0.430 -0.017 4.636 0.128 0.105 0.562
2012.6370 42.69 0.98 -0.513 -0.446 4.014 0.118 0.098 0.522
2012.6644 42.69 0.98 -0.741 -0.584 1.652 0.128 0.107 0.567
2012.6918 42.69 0.98 -0.844 -0.074 3.655 0.131 0.112 0.583
2012.7192 42.69 0.98 -0.898 -0.313 3.888 0.155 0.137 0.692
2012.7466 42.69 0.98 -0.922 0.008 1.643 0.126 0.090 0.538
2012.8562 42.69 0.98 -0.584 -0.667 0.761 0.163 0.143 0.727
2012.8836 42.69 0.98 -0.456 -0.163 0.174 0.149 0.137 0.679
2012.9110 42.69 0.98 -0.066 -0.243 0.318 0.142 0.130 0.646
2012.9384 42.69 0.98 0.004 0.281 0.658 0.140 0.125 0.635
2012.9658 42.69 0.98 -0.083 0.669 -1.198 0.152 0.140 0.691
2012.9918 42.69 0.98 -0.054 0.717 -3.202 0.078 0.069 0.362
2013.0178 42.69 0.98 0.171 0.072 -2.440 0.090 0.081 0.417
2013.0452 42.69 0.98 0.165 -0.004 -3.321 0.090 0.081 0.416
2013.0726 42.69 0.98 0.313 0.327 -4.341 0.083 0.075 0.387
2013.1000 42.69 0.98 0.613 -0.170 -0.290 0.085 0.077 0.396
2013.1274 42.69 0.98 0.290 0.297 -0.785 0.080 0.071 0.372
2013.1548 42.69 0.98 0.388 -0.067 -1.267 0.078 0.064 0.358
2013.2644 42.69 0.98 0.074 0.713 -0.172 0.099 0.050 0.390
2013.2918 42.69 0.98 0.374 0.507 -1.327 0.082 0.073 0.380
2013.3192 42.69 0.98 0.150 0.468 -0.137 0.089 0.081 0.415
2013.3466 42.69 0.98 -0.019 0.603 -2.013 0.091 0.084 0.425
2013.3740 42.69 0.98 -0.157 0.346 -1.136 0.079 0.072 0.371
2013.4014 42.69 0.98 0.080 0.573 -1.210 0.081 0.074 0.381
2013.4288 42.69 0.98 -0.089 0.854 -0.679 0.073 0.065 0.343
2013.4562 42.69 0.98 -0.091 0.441 0.082 0.074 0.066 0.349
2013.4836 42.69 0.98 -0.159 -0.156 -2.499 0.076 0.068 0.355
2013.5110 42.69 0.98 -0.250 -0.149 0.620 0.084 0.077 0.393
2013.5384 42.69 0.98 -0.258 -0.028 1.528 0.085 0.073 0.390
2013.5658 42.69 0.98 -0.401 -0.447 4.543 0.087 0.078 0.404
2013.7575 42.69 0.98 -0.891 0.078 1.885 0.085 0.074 0.391
2013.7849 42.69 0.98 -0.596 -0.084 2.145 0.087 0.076 0.400
2013.8123 42.69 0.98 -0.478 -0.084 0.338 0.080 0.070 0.369
2013.8397 42.69 0.98 -0.242 -0.469 3.170 0.080 0.071 0.373
2013.8671 42.69 0.98 -0.554 -0.190 -0.280 0.086 0.075 0.397
2013.8945 42.69 0.98 -0.235 -0.530 2.314 0.080 0.070 0.370
2013.9219 42.69 0.98 -0.153 -0.456 0.599 0.072 0.063 0.337
2013.9493 42.69 0.98 0.000 -0.255 0.708 0.076 0.067 0.354
2013.9767 42.69 0.98 0.045 -0.467 3.067 0.077 0.068 0.360
2014.0041 42.69 0.98 0.183 -0.011 2.277 0.074 0.065 0.348
2014.0315 42.69 0.98 0.042 -0.440 -1.432 0.077 0.068 0.359
2014.1685 42.69 0.98 0.893 0.107 -3.856 0.082 0.072 0.380
2014.1959 42.69 0.98 0.264 0.392 -1.341 0.082 0.073 0.380
2014.2233 42.69 0.98 0.411 0.091 -2.093 0.078 0.070 0.363
2014.2507 42.69 0.98 0.158 0.716 -2.596 0.071 0.064 0.336
2014.2781 42.69 0.98 0.157 0.762 -0.257 0.076 0.068 0.354
2014.3055 42.69 0.98 0.117 0.449 -0.450 0.073 0.065 0.341
2014.3329 42.69 0.98 -0.058 0.085 -0.386 0.060 0.053 0.288
2014.3603 42.69 0.98 0.090 0.513 1.830 0.068 0.060 0.320
2014.3877 42.69 0.98 0.099 -0.154 1.321 0.068 0.060 0.321
2014.4151 42.69 0.98 0.194 0.168 3.522 0.068 0.060 0.320
2014.4425 42.69 0.98 -0.073 -0.193 1.224 0.072 0.064 0.337
2014.4699 42.69 0.98 -0.068 0.663 5.694 0.072 0.063 0.336
2014.5795 42.69 0.98 -0.116 0.366 2.218 0.066 0.052 0.309
2014.6068 42.69 0.98 -0.090 -0.162 1.739 0.064 0.055 0.302
2014.6342 42.69 0.98 -0.569 -0.349 4.047 0.059 0.050 0.280
2014.6616 42.69 0.98 -0.430 0.254 3.884 0.065 0.056 0.305
2014.6890 42.69 0.98 -0.613 0.015 1.084 0.063 0.055 0.298
2014.7164 42.69 0.98 -0.665 -0.400 3.391 0.062 0.054 0.292
2014.7438 42.69 0.98 -0.511 -0.869 3.789 0.066 0.058 0.313
2014.7712 42.69 0.98 -0.475 -0.179 1.874 0.066 0.058 0.309
2014.7986 42.69 0.98 -0.555 0.133 2.663 0.059 0.051 0.281
2014.8260 42.69 0.98 -0.490 -0.316 1.552 0.059 0.051 0.281
2014.8534 42.69 0.98 -0.253 -0.208 1.801 0.063 0.053 0.294
2014.8808 42.69 0.98 -0.184 0.266 2.351 0.063 0.053 0.295
2014.9082 42.69 0.98 -0.365 0.007 1.885 0.064 0.054 0.300
2015.0452 42.69 0.98 0.319 0.490 -0.248 0.049 0.040 0.237
2015.0726 42.69 0.98 0.262 0.366 1.504 0.053 0.042 0.249
2015.1000 42.69 0.98 0.379 0.663 0.474 0.048 0.038 0.230
2015.1274 42.69 0.98 0.404 0.385 -1.353 0.044 0.036 0.217
2015.1548 42.69 0.98 0.420 -0.106 0.205 0.051 0.041 0.242
2015.1822 42.69 0.98 0.190 0.209 -1.753 0.048 0.039 0.231
2015.2096 42.69 0.98 0.099 0.024 -1.633 0.064 0.051 0.291
2015.2370 42.69 0.98 0.186 0.188 -0.391 0.068 0.058 0.314
2015.2644 42.69 0.98 0.258 0.389 -0.835 0.060 0.051 0.283
2015.2918 42.69 0.98 0.144 -0.034 1.677 0.060 0.052 0.286
2015.3192 42.69 0.98 -0.012 0.759 0.253 0.058 0.050 0.277
2015.3466 42.69 0.98 0.099 0.648 2.014 0.063 0.054 0.296
2015.4836 42.69 0.98 -0.142 0.786 4.872 0.060 0.045 0.279
2015.5110 42.69 0.98 -0.320 0.902 2.154 0.057 0.046 0.270
2015.5384 42.69 0.98 -0.252 0.114 4.333 0.062 0.051 0.292
2015.5658 42.69 0.98 -0.379 -0.289 1.979 0.062 0.053 0.292
2015.5932 42.69 0.98 -0.570 -0.013 2.744 0.064 0.055 0.301
2015.6205 42.69 0.98 -0.724 -0.245 2.657 0.063 0.053 0.293
2015.6479 42.69 0.98 -0.871 -0.171 2.682 0.061 0.052 0.285
2015.6753 42.69 0.98 -0.830 0.013 3.282 0.059 0.049 0.277
2015.7027 42.69 0.98 -0.689 -0.196 1.941 0.063 0.054 0.297
2015.7301 42.69 0.98 -0.890 0.159 -0.889 0.064 0.054 0.298
2015.9493 42.69 0.98 -0.249 0.300 2.105 0.061 0.053 0.292
2015.9767 42.69 0.98 -0.221 0.172 1.288 0.064 0.056 0.301
2016.0041 42.69 0.98 -0.308 -0.037 1.903 0.058 0.050 0.276
2016.0315 42.69 0.98 0.058 -0.379 1.869 0.055 0.048 0.265
2016.0589 42.69 0.98 0.026 0.369 -1.030 0.057 0.049 0.271
2016.0863 42.69 0.98 0.095 0.520 0.089 0.052 0.045 0.251
2016.1137 42.69 0.98 0.184 0.407 -0.357 0.058 0.050 0.274
2016.1411 42.69 0.98 0.078 0.201 -0.928 0.068 0.058 0.314
2016.1685 42.69 0.98 0.186 0.298 -2.397 0.072 0.064 0.335
2016.1959 42.69 0.98 0.145 0.442 -0.560 0.071 0.064 0.333
2016.2233 42.69 0.98 0.176 0.128 0.266 0.071 0.066 0.337
2016.2507 42.69 0.98 0.205 0.527 -1.985 0.060 0.052 0.287
2016.3603 42.69 0.98 0.054 0.947 1.155 0.056 0.049 0.268
2016.3877 42.69 0.98 0.128 0.630 1.877 0.065 0.057 0.306
2016.4151 42.69 0.98 0.036 0.629 0.716 0.064 0.056 0.302
2016.4425 42.69 0.98 0.191 0.438 -1.893 0.069 0.060 0.320
2016.4699 42.69 0.98 0.289 0.694 -2.405 0.067 0.059 0.314
