2002.5877 36.04 -96.03 -0.367 -0.452 5.647 0.113 0.094 0.511
2002.6151 36.04 -96.03 -0.355 -0.328 5.512 0.108 0.091 0.489
2002.6425 36.04 -96.03 -0.235 -0.617 4.234 0.111 0.093 0.498
2002.6699 36.04 -96.03 -0.496 0.070 0.929 0.096 0.080 0.436
2002.6973 36.04 -96.03 -0.677 -0.953 -0.931 0.162 0.074 0.608
2002.7247 36.04 -96.03 -0.869 -0.291 1.332 0.103 0.086 0.462
2002.7521 36.04 -96.03 -0.782 -0.547 2.198 0.095 0.081 0.431
2002.7795 36.04 -96.03 -0.939 -0.546 -0.339 0.110 0.094 0.501
2002.8068 36.04 -96.03 -0.886 -0.910 0.706 0.099 0.083 0.444
2002.8342 36.04 -96.03 -0.968 -0.112 1.341 0.097 0.082 0.439
2002.8616 36.04 -96.03 -0.976 -0.232 0.526 0.100 0.073 0.434
2002.8890 36.04 -96.03 -0.776 -0.299 1.507 0.099 0.082 0.443
2002.9164 36.04 -96.03 -0.906 -0.493 2.031 0.106 0.086 0.474
2003.0260 36.04 -96.03 -1.208 -0.033 0.368 0.120 0.099 0.538
2003.0534 36.04 -96.03 -1.352 0.005 0.741 0.193 0.163 0.855
2003.0808 36.04 -96.03 -1.118 -0.353 -0.226 0.173 0.139 0.765
2003.1082 36.04 -96.03 -0.849 -0.546 1.042 0.101 0.081 0.457
2003.1356 36.04 -96.03 -1.017 0.062 -1.296 0.094 0.075 0.426
2003.1630 36.04 -96.03 -0.930 -0.201 -0.473 0.100 0.081 0.451
2003.1904 36.04 -96.03 -0.810 -0.233 -1.716 0.117 0.093 0.523
2003.2178 36.04 -96.03 -0.594 -0.490 -0.943 0.098 0.080 0.444
2003.2452 36.04 -96.03 -0.380 -0.411 -2.889 0.096 0.079 0.435
2003.2726 36.04 -96.03 -0.493 -1.028 -2.142 0.093 0.077 0.424
2003.3000 36.04 -96.03 -0.048 -0.553 -1.348 0.091 0.076 0.415
2003.3274 36.04 -96.03 0.016 -0.480 -3.125 0.119 0.099 0.535
2003.3548 36.04 -96.03 0.349 0.066 -1.011 0.129 0.111 0.582
2003.3822 36.04 -96.03 0.152 0.259 -2.645 0.119 0.096 0.530
2003.5192 36.04 -96.03 -0.459 -0.064 0.044 0.123 0.107 0.555
2003.5466 36.04 -96.03 -0.711 -0.014 -0.859 0.136 0.119 0.611
2003.5740 36.04 -96.03 -0.634 -0.164 2.365 0.157 0.140 0.707
2003.6014 36.04 -96.03 -0.517 0.240 3.016 0.136 0.119 0.611
2003.6288 36.04 -96.03 -0.821 -0.016 3.468 0.129 0.112 0.581
2003.6562 36.04 -96.03 -0.683 -0.006 6.001 0.138 0.120 0.620
2003.6836 36.04 -96.03 -0.704 0.027 3.444 0.136 0.119 0.611
2003.7110 36.04 -96.03 -0.854 -0.358 2.359 0.108 0.091 0.485
2003.7384 36.04 -96.03 -0.933 -0.196 3.439 0.130 0.112 0.581
2003.7658 36.04 -96.03 -1.042 -0.284 0.823 0.119 0.103 0.535
2003.7932 36.04 -96.03 -0.903 -0.278 4.407 0.133 0.115 0.594
2003.8205 36.04 -96.03 -0.692 0.144 3.892 0.144 0.121 0.636
2003.8479 36.04 -96.03 -0.838 0.052 1.248 0.127 0.103 0.558
2003.8753 36.04 -96.03 -0.886 -0.096 4.442 0.133 0.113 0.591
2003.9027 36.04 -96.03 -0.901 0.302 1.343 0.122 0.101 0.541
2003.9301 36.04 -96.03 -0.906 -0.219 0.887 0.127 0.106 0.562
2003.9575 36.04 -96.03 -0.795 0.261 0.113 0.142 0.121 0.627
2003.9849 36.04 -96.03 -0.631 -0.008 0.768 0.135 0.113 0.595
2004.0123 36.04 -96.03 -0.629 0.083 0.142 0.145 0.121 0.636
2004.0397 36.04 -96.03 -0.658 -0.081 1.012 0.123 0.097 0.541
2004.0945 36.04 -96.03 -0.265 0.132 1.840 0.115 0.090 0.506
2004.1219 36.04 -96.03 -0.468 -0.226 -1.193 0.122 0.099 0.535
2004.1493 36.04 -96.03 -0.606 -0.235 0.159 0.143 0.117 0.625
2004.1767 36.04 -96.03 -0.442 -0.511 -2.407 0.153 0.126 0.664
2004.2041 36.04 -96.03 -0.446 -0.214 -0.381 0.125 0.101 0.545
2004.2315 36.04 -96.03 -0.339 -0.436 -0.497 0.127 0.102 0.553
2004.2589 36.04 -96.03 -0.149 -0.273 0.758 0.132 0.105 0.570
2004.2863 36.04 -96.03 -0.192 -0.268 -1.888 0.132 0.104 0.571
2004.3137 36.04 -96.03 -0.073 0.092 -1.996 0.126 0.099 0.543
2004.3411 36.04 -96.03 -0.039 0.009 -2.362 0.138 0.108 0.592
2004.3685 36.04 -96.03 -0.220 0.138 -1.860 0.133 0.104 0.574
2004.3959 36.04 -96.03 -0.164 0.130 0.247 0.117 0.091 0.508
2004.4233 36.04 -96.03 -0.123 0.363 0.979 0.113 0.087 0.488
2004.4507 36.04 -96.03 -0.282 -0.034 -1.096 0.100 0.077 0.435
2004.4781 36.04 -96.03 -0.259 0.393 -0.616 0.110 0.085 0.475
2004.5055 36.04 -96.03 -0.350 0.067 -0.493 0.108 0.083 0.465
2004.5329 36.04 -96.03 -0.459 -0.054 -0.739 0.102 0.078 0.442
2004.5603 36.04 -96.03 -0.206 0.023 1.847 0.105 0.080 0.452
2004.5877 36.04 -96.03 -0.342 0.034 -0.426 0.106 0.081 0.457
2004.6151 36.04 -96.03 -0.221 -0.246 0.090 0.117 0.089 0.502
2004.6425 36.04 -96.03 -0.387 -0.208 0.277 0.100 0.076 0.433
2004.6699 36.04 -96.03 -0.225 0.128 0.968 0.100 0.076 0.434
2004.6973 36.04 -96.03 -0.369 0.165 3.791 0.094 0.072 0.410
2004.7247 36.04 -96.03 -0.301 0.008 3.218 0.107 0.082 0.464
2004.7521 36.04 -96.03 -0.410 -0.272 2.341 0.103 0.079 0.448
2004.7795 36.04 -96.03 -0.774 -0.462 2.084 0.100 0.077 0.435
2004.8068 36.04 -96.03 -0.840 -0.275 0.661 0.111 0.084 0.477
2004.8342 36.04 -96.03 -0.787 -0.088 -2.307 0.109 0.083 0.471
2004.8616 36.04 -96.03 -1.011 0.053 -0.779 0.097 0.074 0.423
2004.8890 36.04 -96.03 -0.988 -0.522 -1.801 0.097 0.075 0.422
2004.9164 36.04 -96.03 -1.008 0.063 -3.525 0.105 0.081 0.456
2004.9438 36.04 -96.03 -0.888 0.436 -4.678 0.117 0.090 0.508
2004.9712 36.04 -96.03 -0.936 0.232 -2.720 0.105 0.082 0.456
2004.9973 36.04 -96.03 -0.720 -0.157 -2.645 0.102 0.079 0.445
2005.0233 36.04 -96.03 -0.572 -0.051 -4.839 0.117 0.092 0.507
2005.0507 36.04 -96.03 -0.692 0.120 -4.732 0.170 0.140 0.734
2005.0781 36.04 -96.03 -0.551 -0.005 -3.615 0.130 0.105 0.564
2005.1055 36.04 -96.03 -0.842 0.009 -3.679 0.129 0.104 0.561
2005.1329 36.04 -96.03 -0.599 -0.117 -4.996 0.132 0.108 0.576
2005.1603 36.04 -96.03 -0.460 -0.081 -3.657 0.119 0.095 0.518
2005.1877 36.04 -96.03 -0.490 -0.290 -2.696 0.120 0.094 0.520
2005.2151 36.04 -96.03 -0.407 -0.205 -2.789 0.113 0.088 0.494
2005.2425 36.04 -96.03 -0.330 -0.406 -6.324 0.109 0.087 0.478
2005.2699 36.04 -96.03 -0.299 -0.306 -5.847 0.116 0.093 0.509
2005.2973 36.04 -96.03 -0.391 -0.115 -4.067 0.123 0.099 0.536
2005.3247 36.04 -96.03 -0.167 -0.545 -2.348 0.129 0.104 0.564
2005.3521 36.04 -96.03 -0.178 -0.580 -0.679 0.058 0.046 0.272
2005.3795 36.04 -96.03 0.209 -0.255 -0.411 0.121 0.098 0.532
2005.4068 36.04 -96.03 0.166 -0.312 -1.661 0.112 0.089 0.491
2005.4342 36.04 -96.03 0.056 -0.147 -2.321 0.128 0.103 0.561
2005.4616 36.04 -96.03 0.173 -0.723 -1.153 0.116 0.094 0.510
2005.4890 36.04 -96.03 0.161 -0.663 1.558 0.110 0.089 0.485
2005.5164 36.04 -96.03 0.089 -0.621 0.565 0.110 0.089 0.485
2005.5438 36.04 -96.03 -0.085 -0.214 1.891 0.119 0.097 0.524
2005.5712 36.04 -96.03 -0.356 -0.021 2.383 0.129 0.106 0.568
2005.5986 36.04 -96.03 -0.462 -0.162 1.743 0.132 0.109 0.580
2005.6260 36.04 -96.03 -0.316 -0.245 1.418 0.117 0.096 0.517
2005.6534 36.04 -96.03 -0.421 -0.515 0.897 0.123 0.102 0.543
2005.6808 36.04 -96.03 -0.310 -0.783 2.111 0.121 0.100 0.535
2005.7082 36.04 -96.03 -0.296 -0.753 1.957 0.145 0.123 0.642
2005.7356 36.04 -96.03 -0.436 -0.777 3.256 0.128 0.108 0.567
2005.7630 36.04 -96.03 -0.393 -1.122 1.163 0.128 0.109 0.570
2005.7904 36.04 -96.03 -0.275 -0.578 1.830 0.121 0.102 0.536
2005.8178 36.04 -96.03 -0.227 -0.454 4.229 0.123 0.105 0.550
2005.8452 36.04 -96.03 -0.317 -0.633 4.554 0.132 0.112 0.590
2005.8726 36.04 -96.03 -0.039 -0.680 5.642 0.115 0.097 0.513
2005.9000 36.04 -96.03 -0.065 -0.487 3.631 0.112 0.094 0.501
2005.9274 36.04 -96.03 -0.182 -0.178 1.482 0.119 0.093 0.521
2005.9548 36.04 -96.03 -0.165 -0.208 3.371 0.116 0.092 0.531
2005.9822 36.04 -96.03 0.044 -0.480 4.412 0.112 0.090 0.499
2006.0096 36.04 -96.03 0.164 -0.231 4.900 0.121 0.100 0.537
2006.0370 36.04 -96.03 0.331 -0.136 3.146 0.151 0.127 0.670
2006.0644 36.04 -96.03 0.136 -0.088 2.336 0.153 0.130 0.682
2006.0918 36.04 -96.03 0.128 -0.362 2.043 0.152 0.130 0.677
2006.1192 36.04 -96.03 0.170 -0.349 1.539 0.171 0.149 0.762
2006.1466 36.04 -96.03 0.299 -0.393 1.997 0.135 0.116 0.605
2006.1740 36.04 -96.03 0.179 -0.390 1.914 0.151 0.132 0.675
2006.2014 36.04 -96.03 0.250 -0.517 2.106 0.118 0.102 0.531
2006.2288 36.04 -96.03 0.034 -0.537 0.965 0.152 0.134 0.681
2006.2562 36.04 -96.03 0.076 -0.433 0.152 0.142 0.126 0.639
2006.2836 36.04 -96.03 0.380 -0.401 2.680 0.139 0.123 0.627
2006.3110 36.04 -96.03 0.241 -0.741 2.062 0.149 0.132 0.668
2006.3384 36.04 -96.03 0.044 -0.299 0.171 0.135 0.120 0.607
2006.3658 36.04 -96.03 0.103 -0.036 -0.745 0.149 0.133 0.671
2006.3932 36.04 -96.03 0.213 -0.401 -0.926 0.147 0.131 0.662
2006.4205 36.04 -96.03 0.276 -0.630 1.143 0.148 0.131 0.665
2006.4479 36.04 -96.03 0.092 -0.221 0.011 0.163 0.140 0.726
2006.4753 36.04 -96.03 0.066 -0.001 1.302 0.164 0.145 0.738
2006.5027 36.04 -96.03 0.145 0.043 3.209 0.170 0.152 0.766
2006.5301 36.04 -96.03 0.313 -0.060 3.629 0.201 0.182 0.906
2006.5575 36.04 -96.03 -0.117 -0.316 4.724 0.161 0.144 0.725
2006.5849 36.04 -96.03 -0.356 -0.487 4.788 0.165 0.148 0.745
2006.6123 36.04 -96.03 -0.032 -1.137 6.202 0.202 0.185 0.912
2006.6397 36.04 -96.03 -0.106 -1.038 4.906 0.172 0.156 0.776
2006.6671 36.04 -96.03 -0.103 -0.682 4.918 0.157 0.140 0.707
2006.6945 36.04 -96.03 -0.460 -1.199 5.202 0.199 0.180 0.897
2006.7219 36.04 -96.03 -0.598 -0.171 6.035 0.188 0.167 0.844
2006.7493 36.04 -96.03 -0.560 -0.299 6.876 0.223 0.200 1.001
2006.7767 36.04 -96.03 -0.414 -0.674 8.015 0.194 0.174 0.871
2006.8041 36.04 -96.03 -0.760 -0.458 5.146 0.157 0.139 0.705
2006.8315 36.04 -96.03 -0.809 -0.470 6.984 0.182 0.163 0.816
2006.8589 36.04 -96.03 -0.801 -0.291 5.901 0.177 0.158 0.795
2006.8863 36.04 -96.03 -0.612 -0.107 5.997 0.170 0.151 0.763
2006.9137 36.04 -96.03 -0.339 0.188 4.065 0.165 0.145 0.742
2006.9411 36.04 -96.03 -0.484 0.397 3.957 0.163 0.143 0.730
2006.9685 36.04 -96.03 -0.376 -0.099 3.067 0.162 0.140 0.725
2006.9959 36.04 -96.03 -0.150 0.074 0.981 0.162 0.137 0.721
2007.0233 36.04 -96.03 -0.354 -0.078 2.325 0.151 0.126 0.671
2007.0507 36.04 -96.03 -0.443 -0.063 -0.553 0.157 0.132 0.698
2007.0781 36.04 -96.03 -0.558 -0.031 0.068 0.160 0.140 0.719
2007.1055 36.04 -96.03 -0.482 -0.168 0.129 0.143 0.125 0.644
2007.1329 36.04 -96.03 -0.009 -0.161 -0.027 0.156 0.136 0.701
2007.1603 36.04 -96.03 0.006 -0.258 0.039 0.149 0.130 0.668
2007.1877 36.04 -96.03 -0.171 -0.499 1.095 0.191 0.171 0.858
2007.2151 36.04 -96.03 -0.378 -0.492 1.618 0.170 0.152 0.766
2007.2425 36.04 -96.03 0.138 -0.454 -1.557 0.164 0.146 0.737
2007.2699 36.04 -96.03 0.206 -0.695 -1.399 0.131 0.114 0.592
2007.2973 36.04 -96.03 0.275 -0.649 -2.804 0.124 0.107 0.559
2007.3247 36.04 -96.03 0.311 -0.600 -1.863 0.151 0.134 0.679
2007.3521 36.04 -96.03 0.243 -0.646 -0.594 0.165 0.147 0.742
2007.3795 36.04 -96.03 0.124 -0.621 -3.417 0.173 0.155 0.778
2007.4068 36.04 -96.03 0.172 -0.382 -1.789 0.144 0.128 0.651
2007.4342 36.04 -96.03 0.260 -0.239 -3.288 0.138 0.122 0.624
2007.4616 36.04 -96.03 -0.113 -0.667 -4.910 0.181 0.163 0.813
2007.4890 36.04 -96.03 -0.271 -0.619 -5.145 0.140 0.122 0.627
2007.5164 36.04 -96.03 -0.825 -0.721 -2.197 0.147 0.130 0.661
2007.5438 36.04 -96.03 -0.924 -0.456 -3.239 0.142 0.125 0.642
2007.5712 36.04 -96.03 -0.726 -0.617 -0.841 0.146 0.129 0.659
2007.5986 36.04 -96.03 -0.866 -0.920 0.548 0.179 0.159 0.803
2007.6260 36.04 -96.03 -0.544 -0.845 2.110 0.146 0.128 0.659
2007.6534 36.04 -96.03 -0.681 -0.766 1.704 0.149 0.130 0.669
2007.6808 36.04 -96.03 -0.842 -1.010 2.665 0.157 0.136 0.703
2007.7082 36.04 -96.03 -0.949 -0.834 3.582 0.117 0.098 0.527
2007.7356 36.04 -96.03 -0.616 -0.582 4.246 0.161 0.140 0.720
2007.7630 36.04 -96.03 -0.579 -0.377 4.372 0.125 0.104 0.561
2007.7904 36.04 -96.03 -0.564 -0.376 1.606 0.158 0.139 0.709
2007.8178 36.04 -96.03 -0.582 -0.655 0.540 0.181 0.161 0.814
2007.8452 36.04 -96.03 -0.626 -0.532 0.366 0.149 0.130 0.668
2007.8726 36.04 -96.03 -0.392 -0.545 1.166 0.173 0.151 0.775
2007.9000 36.04 -96.03 -0.436 -0.387 1.985 0.184 0.156 0.816
2007.9274 36.04 -96.03 -0.494 -0.466 2.524 0.179 0.158 0.804
2007.9548 36.04 -96.03 -0.382 -0.277 0.467 0.135 0.118 0.609
2007.9822 36.04 -96.03 -0.455 -0.179 -0.943 0.165 0.147 0.744
2008.0096 36.04 -96.03 -0.347 -0.486 -0.145 0.145 0.129 0.655
2008.0370 36.04 -96.03 -0.185 -0.397 0.456 0.149 0.133 0.674
2008.0644 36.04 -96.03 -0.090 -0.572 -0.186 0.171 0.155 0.773
2008.0918 36.04 -96.03 0.167 -0.770 -2.159 0.138 0.122 0.625
2008.1192 36.04 -96.03 0.129 -0.252 -1.601 0.161 0.145 0.729
2008.1466 36.04 -96.03 0.309 -0.458 -1.888 0.187 0.169 0.844
2008.1740 36.04 -96.03 0.169 -0.544 -3.550 0.164 0.147 0.741
2008.2014 36.04 -96.03 0.032 -0.507 -2.693 0.175 0.159 0.791
2008.2288 36.04 -96.03 0.160 -0.360 -6.961 0.205 0.183 0.924
2008.2562 36.04 -96.03 -0.068 -0.057 -2.257 0.191 0.171 0.861
2008.2836 36.04 -96.03 -0.132 0.315 -4.106 0.229 0.206 1.033
2008.3110 36.04 -96.03 -0.166 0.293 -4.704 0.236 0.213 1.064
2008.3384 36.04 -96.03 0.149 0.050 -3.772 0.175 0.157 0.790
2008.3658 36.04 -96.03 0.342 -0.075 -4.879 0.179 0.160 0.807
2008.3932 36.04 -96.03 -0.034 0.114 -4.607 0.164 0.144 0.736
2008.4205 36.04 -96.03 0.453 -0.307 -3.813 0.143 0.125 0.644
2008.4479 36.04 -96.03 0.549 -0.386 -4.880 0.145 0.128 0.653
2008.4753 36.04 -96.03 0.580 -0.518 -4.750 0.141 0.124 0.634
2008.5027 36.04 -96.03 0.579 -0.479 -2.499 0.173 0.151 0.772
2008.5301 36.04 -96.03 0.278 0.172 2.564 0.214 0.188 0.957
2008.5575 36.04 -96.03 0.166 -0.447 -0.593 0.141 0.120 0.628
2008.5849 36.04 -96.03 0.527 0.009 2.294 0.158 0.139 0.706
2008.6123 36.04 -96.03 0.417 -0.029 1.693 0.133 0.114 0.594
2008.6397 36.04 -96.03 -0.153 -0.381 -1.277 0.145 0.126 0.649
2008.6671 36.04 -96.03 -0.593 -0.161 -0.796 0.139 0.120 0.624
2008.6945 36.04 -96.03 -0.461 -0.093 -2.892 0.135 0.116 0.604
2008.7219 36.04 -96.03 -0.677 -0.120 -3.184 0.154 0.136 0.692
2008.7493 36.04 -96.03 -0.546 0.019 -0.859 0.140 0.123 0.629
2008.7767 36.04 -96.03 -0.295 -0.497 -1.505 0.162 0.145 0.730
2008.8041 36.04 -96.03 -0.447 -0.458 -1.292 0.163 0.146 0.735
2008.8315 36.04 -96.03 -0.378 -0.721 -0.143 0.184 0.165 0.830
2008.8589 36.04 -96.03 -0.161 -0.481 0.757 0.215 0.193 0.968
2008.8863 36.04 -96.03 -0.149 -0.734 -0.751 0.206 0.185 0.929
2008.9137 36.04 -96.03 0.001 -0.408 -1.379 0.196 0.177 0.886
2008.9411 36.04 -96.03 -0.118 -0.205 1.502 0.206 0.185 0.928
2008.9685 36.04 -96.03 -0.066 -0.104 -0.206 0.193 0.172 0.868
2008.9945 36.04 -96.03 0.432 -0.300 0.463 0.163 0.146 0.736
2009.0205 36.04 -96.03 0.705 -0.181 0.466 0.160 0.145 0.724
2009.0479 36.04 -96.03 0.496 -0.539 1.203 0.160 0.145 0.726
2009.0753 36.04 -96.03 0.458 -0.599 -0.763 0.154 0.138 0.698
2009.1027 36.04 -96.03 0.683 -0.305 -0.617 0.191 0.173 0.864
2009.1301 36.04 -96.03 0.460 0.016 -2.105 0.152 0.137 0.691
2009.1575 36.04 -96.03 0.567 0.102 -0.437 0.156 0.139 0.705
2009.1849 36.04 -96.03 0.339 -0.001 -2.518 0.177 0.162 0.804
2009.2123 36.04 -96.03 0.405 0.005 -4.533 0.154 0.135 0.693
2009.2397 36.04 -96.03 0.630 -0.157 -4.143 0.173 0.156 0.783
2009.2671 36.04 -96.03 0.724 -0.009 -4.844 0.145 0.130 0.658
2009.2945 36.04 -96.03 0.834 -0.232 -4.889 0.149 0.133 0.673
2009.3219 36.04 -96.03 0.856 -0.061 -3.234 0.155 0.139 0.702
2009.3493 36.04 -96.03 0.587 -0.139 -6.357 0.143 0.127 0.645
2009.3767 36.04 -96.03 0.496 0.160 -7.866 0.150 0.133 0.678
2009.4041 36.04 -96.03 0.279 0.103 -6.141 0.133 0.116 0.600
2009.4315 36.04 -96.03 0.422 0.165 -5.294 0.152 0.135 0.685
2009.4589 36.04 -96.03 0.728 -0.100 -1.099 0.130 0.112 0.584
2009.4863 36.04 -96.03 0.731 0.236 0.577 0.143 0.124 0.641
2009.5137 36.04 -96.03 0.467 0.240 0.539 0.138 0.116 0.615
2009.5411 36.04 -96.03 0.418 0.489 -0.627 0.168 0.145 0.753
2009.5685 36.04 -96.03 0.640 0.184 -0.994 0.181 0.156 0.810
2009.5959 36.04 -96.03 0.134 0.518 -1.381 0.159 0.136 0.711
2009.6233 36.04 -96.03 0.103 0.355 1.868 0.164 0.143 0.734
2009.6507 36.04 -96.03 0.036 0.387 -0.291 0.158 0.138 0.708
2009.6781 36.04 -96.03 0.389 0.326 0.583 0.168 0.149 0.756
2009.7055 36.04 -96.03 -0.282 0.277 -0.899 0.174 0.155 0.782
2009.7329 36.04 -96.03 -0.425 0.359 -0.488 0.168 0.149 0.756
2009.7603 36.04 -96.03 -0.456 0.652 -1.201 0.191 0.170 0.861
2009.7877 36.04 -96.03 -0.588 0.825 -1.543 0.177 0.157 0.795
2009.8151 36.04 -96.03 -0.702 0.383 -3.755 0.189 0.170 0.851
2009.8425 36.04 -96.03 -0.526 0.476 -4.298 0.172 0.154 0.776
2009.8699 36.04 -96.03 -0.535 0.668 -3.582 0.165 0.147 0.742
2009.8973 36.04 -96.03 -0.387 0.166 -1.456 0.154 0.137 0.695
2009.9247 36.04 -96.03 -0.264 0.491 -4.282 0.155 0.134 0.696
2009.9521 36.04 -96.03 -0.411 0.303 -4.861 0.144 0.128 0.652
2009.9795 36.04 -96.03 -0.238 0.646 -2.287 0.149 0.131 0.670
2010.0068 36.04 -96.03 -0.209 0.621 -3.435 0.186 0.168 0.841
2010.0342 36.04 -96.03 0.039 0.264 -1.986 0.147 0.129 0.662
2010.0616 36.04 -96.03 -0.123 0.381 -1.273 0.150 0.133 0.677
2010.0890 36.04 -96.03 -0.211 0.502 -5.262 0.178 0.161 0.805
2010.1164 36.04 -96.03 -0.320 0.320 -4.717 0.184 0.166 0.830
2010.1438 36.04 -96.03 -0.256 0.132 -4.917 0.178 0.159 0.802
2010.1712 36.04 -96.03 -0.264 -0.277 -7.756 0.170 0.151 0.768
2010.1986 36.04 -96.03 -0.049 -0.248 -4.482 0.163 0.145 0.736
2010.2260 36.04 -96.03 0.008 -0.048 -6.174 0.178 0.158 0.803
2010.2534 36.04 -96.03 0.427 -0.050 -5.598 0.185 0.162 0.828
2010.2808 36.04 -96.03 -0.128 -0.193 -3.920 0.143 0.124 0.643
2010.3082 36.04 -96.03 0.163 -0.531 -3.150 0.150 0.130 0.671
2010.3356 36.04 -96.03 0.224 -0.269 -2.292 0.138 0.117 0.617
2010.3630 36.04 -96.03 0.484 -0.233 -1.124 0.146 0.124 0.654
2010.3904 36.04 -96.03 0.388 0.058 -4.378 0.152 0.121 0.666
2010.4178 36.04 -96.03 0.804 0.151 -3.947 0.156 0.132 0.694
2010.4452 36.04 -96.03 0.419 -0.180 -3.996 0.138 0.117 0.620
2010.4726 36.04 -96.03 0.410 -0.202 -2.588 0.125 0.105 0.562
2010.5000 36.04 -96.03 0.306 -0.280 -1.564 0.140 0.120 0.628
2010.5274 36.04 -96.03 0.053 -0.338 -1.840 0.213 0.191 0.957
2010.5548 36.04 -96.03 0.211 -0.553 -2.354 0.138 0.122 0.624
2010.5822 36.04 -96.03 0.170 -0.550 -1.262 0.125 0.110 0.566
2010.6096 36.04 -96.03 0.181 -0.550 -1.224 0.160 0.143 0.720
2010.6370 36.04 -96.03 -0.058 -0.279 -0.097 0.143 0.128 0.647
2010.6644 36.04 -96.03 0.057 -0.071 -0.013 0.135 0.119 0.609
2010.6918 36.04 -96.03 0.011 -0.184 0.660 0.160 0.144 0.723
2010.7192 36.04 -96.03 0.072 -0.367 -1.006 0.150 0.134 0.675
2010.7466 36.04 -96.03 -0.027 -0.086 -0.492 0.172 0.156 0.777
2010.7740 36.04 -96.03 -0.151 -0.190 2.361 0.143 0.126 0.644
2010.8014 36.04 -96.03 0.068 -0.414 0.472 0.136 0.120 0.613
2010.8288 36.04 -96.03 0.332 -0.162 0.549 0.154 0.138 0.693
2010.8562 36.04 -96.03 0.043 -0.669 1.538 0.151 0.135 0.681
2010.8836 36.04 -96.03 0.244 -0.538 0.048 0.141 0.125 0.637
2010.9110 36.04 -96.03 0.137 -0.247 -1.998 0.153 0.136 0.690
2010.9384 36.04 -96.03 0.378 -0.156 -0.772 0.159 0.142 0.715
2010.9658 36.04 -96.03 0.364 -0.371 -0.128 0.174 0.155 0.781
2010.9932 36.04 -96.03 0.605 -0.177 -0.137 0.154 0.098 0.633
2011.1027 36.04 -96.03 0.797 -0.895 0.053 0.149 0.117 0.656
2011.1301 36.04 -96.03 0.796 0.365 0.423 0.208 0.184 0.931
2011.1575 36.04 -96.03 1.043 -0.173 0.357 0.143 0.122 0.639
2011.1849 36.04 -96.03 1.068 -0.186 -1.105 0.116 0.097 0.522
2011.2123 36.04 -96.03 0.789 -0.388 -1.412 0.177 0.157 0.795
2011.2397 36.04 -96.03 0.923 0.174 -2.234 0.183 0.164 0.823
2011.2671 36.04 -96.03 1.027 -0.285 -0.541 0.150 0.133 0.676
2011.2945 36.04 -96.03 1.336 0.150 -2.887 0.173 0.155 0.777
2011.3219 36.04 -96.03 1.066 0.200 -2.462 0.162 0.145 0.730
2011.3493 36.04 -96.03 0.965 0.395 -3.899 0.147 0.130 0.662
2011.3767 36.04 -96.03 1.171 0.469 -5.792 0.170 0.152 0.765
2011.4041 36.04 -96.03 1.447 0.581 -4.665 0.152 0.134 0.683
2011.4315 36.04 -96.03 1.550 0.424 -2.471 0.162 0.130 0.708
2011.5137 36.04 -96.03 1.248 -0.146 -1.411 0.145 0.121 0.643
2011.5411 36.04 -96.03 1.032 0.054 -0.678 0.149 0.130 0.670
2011.5685 36.04 -96.03 1.001 -0.167 1.425 0.147 0.127 0.659
2011.5959 36.04 -96.03 0.921 -0.407 1.467 0.156 0.136 0.701
2011.6233 36.04 -96.03 0.545 -0.273 0.629 0.157 0.136 0.704
2011.6507 36.04 -96.03 0.624 -0.220 1.116 0.182 0.161 0.815
2011.6781 36.04 -96.03 0.502 -0.050 3.441 0.169 0.150 0.758
2011.7055 36.04 -96.03 0.274 -0.022 4.843 0.169 0.150 0.758
2011.7329 36.04 -96.03 0.213 -0.364 6.200 0.194 0.174 0.869
2011.7603 36.04 -96.03 0.200 0.023 3.584 0.167 0.150 0.752
2011.7877 36.04 -96.03 0.153 -0.280 3.224 0.177 0.160 0.797
2011.8151 36.04 -96.03 0.182 -0.625 3.523 0.175 0.156 0.784
2011.8425 36.04 -96.03 0.188 -0.338 3.504 0.188 0.169 0.843
2011.8699 36.04 -96.03 0.264 0.186 1.634 0.185 0.159 0.823
2011.9521 36.04 -96.03 0.036 0.495 -2.694 0.133 0.095 0.567
2011.9795 36.04 -96.03 -0.057 0.218 -1.066 0.154 0.134 0.684
2012.0068 36.04 -96.03 0.312 0.073 -1.169 0.144 0.124 0.641
2012.0342 36.04 -96.03 0.342 0.085 0.378 0.172 0.146 0.757
2012.0616 36.04 -96.03 0.168 0.149 -1.625 0.150 0.128 0.663
2012.0890 36.04 -96.03 0.423 0.166 -1.943 0.149 0.125 0.655
2012.1164 36.04 -96.03 0.320 0.004 -3.043 0.147 0.121 0.646
2012.1438 36.04 -96.03 0.464 0.065 -0.648 0.152 0.125 0.663
2012.1712 36.04 -96.03 0.717 0.289 -0.588 0.147 0.118 0.641
2012.1986 36.04 -96.03 0.538 0.029 -1.496 0.134 0.107 0.582
2012.2260 36.04 -96.03 0.544 0.115 -1.232 0.135 0.108 0.591
2012.2534 36.04 -96.03 0.650 0.151 -2.321 0.132 0.106 0.573
2012.2808 36.04 -96.03 0.796 -0.189 -3.006 0.123 0.099 0.534
2012.3082 36.04 -96.03 0.869 -0.329 -1.559 0.157 0.097 0.640
2012.3904 36.04 -96.03 0.762 -0.595 1.000 0.156 0.117 0.674
2012.4178 36.04 -96.03 0.599 -0.308 -0.167 0.113 0.090 0.495
2012.4452 36.04 -96.03 0.928 -0.623 0.568 0.113 0.089 0.491
2012.4726 36.04 -96.03 0.280 -0.505 1.807 0.121 0.096 0.525
2012.5000 36.04 -96.03 0.510 -0.546 2.609 0.116 0.091 0.503
2012.5274 36.04 -96.03 0.258 -0.633 2.854 0.122 0.097 0.532
2012.5548 36.04 -96.03 -0.220 -0.464 1.931 0.122 0.097 0.532
2012.5822 36.04 -96.03 0.135 -0.212 5.408 0.128 0.104 0.557
2012.6096 36.04 -96.03 -0.051 -0.140 6.009 0.126 0.102 0.552
2012.6370 36.04 -96.03 -0.261 0.052 5.793 0.117 0.095 0.512
2012.6644 36.04 -96.03 -0.244 0.029 4.328 0.127 0.105 0.556
2012.6918 36.04 -96.03 -0.300 0.102 5.611 0.130 0.109 0.572
2012.7192 36.04 -96.03 -0.326 0.282 5.034 0.153 0.132 0.680
2012.7466 36.04 -96.03 -0.309 -0.105 4.542 0.123 0.086 0.519
2012.8562 36.04 -96.03 -0.192 0.274 6.729 0.161 0.138 0.714
2012.8836 36.04 -96.03 -0.108 0.189 5.147 0.148 0.133 0.668
2012.9110 36.04 -96.03 0.049 0.189 4.843 0.141 0.126 0.635
2012.9384 36.04 -96.03 0.159 -0.227 4.083 0.139 0.120 0.620
2012.9658 36.04 -96.03 0.358 0.323 5.111 0.151 0.136 0.679
2012.9918 36.04 -96.03 0.365 0.344 3.280 0.077 0.067 0.353
2013.0178 36.04 -96.03 -0.097 0.190 3.973 0.090 0.079 0.407
2013.0452 36.04 -96.03 -0.184 0.872 4.127 0.089 0.078 0.406
2013.0726 36.04 -96.03 0.025 0.463 4.481 0.083 0.072 0.377
2013.1000 36.04 -96.03 0.113 0.615 4.307 0.085 0.074 0.386
2013.1274 36.04 -96.03 0.244 0.637 3.236 0.079 0.069 0.362
2013.1548 36.04 -96.03 0.354 0.571 3.905 0.077 0.062 0.348
2013.2644 36.04 -96.03 0.387 0.918 2.860 0.095 0.045 0.368
2013.2918 36.04 -96.03 0.646 0.278 1.533 0.081 0.071 0.371
2013.3192 36.04 -96.03 0.609 0.901 0.128 0.089 0.079 0.406
2013.3466 36.04 -96.03 0.690 0.909 -0.122 0.091 0.081 0.416
2013.3740 36.04 -96.03 0.669 0.766 0.120 0.079 0.070 0.362
2013.4014 36.04 -96.03 0.677 0.908 -1.172 0.081 0.072 0.372
2013.4288 36.04 -96.03 0.938 0.533 -1.851 0.072 0.063 0.334
2013.4562 36.04 -96.03 0.710 0.788 -3.256 0.074 0.064 0.339
2013.4836 36.04 -96.03 0.883 0.608 -0.372 0.075 0.066 0.346
2013.5110 36.04 -96.03 1.008 0.635 -0.680 0.084 0.074 0.384
2013.5384 36.04 -96.03 0.833 0.663 0.460 0.084 0.070 0.379
2013.5658 36.04 -96.03 0.475 0.529 1.550 0.086 0.076 0.394
2013.7575 36.04 -96.03 -0.270 0.760 2.486 0.084 0.070 0.379
2013.7849 36.04 -96.03 0.191 0.378 3.970 0.086 0.073 0.388
2013.8123 36.04 -96.03 -0.376 0.122 2.755 0.079 0.067 0.357
2013.8397 36.04 -96.03 -0.088 0.238 3.322 0.080 0.068 0.361
2013.8671 36.04 -96.03 -0.080 0.473 1.802 0.085 0.071 0.385
2013.8945 36.04 -96.03 -0.146 0.412 1.623 0.079 0.067 0.358
2013.9219 36.04 -96.03 -0.171 0.357 0.064 0.071 0.059 0.325
2013.9493 36.04 -96.03 -0.232 0.512 0.622 0.075 0.063 0.342
2013.9767 36.04 -96.03 -0.194 0.167 -0.663 0.077 0.064 0.347
2014.0041 36.04 -96.03 0.004 0.233 1.768 0.074 0.062 0.336
2014.0315 36.04 -96.03 0.126 0.722 -0.517 0.077 0.064 0.346
2014.1685 36.04 -96.03 0.569 1.361 2.006 0.081 0.068 0.367
2014.1959 36.04 -96.03 0.605 0.982 0.126 0.081 0.071 0.370
2014.2233 36.04 -96.03 0.566 1.121 -0.467 0.077 0.067 0.354
2014.2507 36.04 -96.03 0.597 0.897 0.202 0.071 0.061 0.327
2014.2781 36.04 -96.03 0.345 1.074 -0.244 0.075 0.065 0.345
2014.3055 36.04 -96.03 0.372 0.900 0.234 0.072 0.063 0.332
2014.3329 36.04 -96.03 0.485 0.857 0.222 0.060 0.051 0.279
2014.3603 36.04 -96.03 0.113 0.782 0.200 0.068 0.058 0.312
2014.3877 36.04 -96.03 0.543 0.916 -0.525 0.068 0.058 0.312
2014.4151 36.04 -96.03 0.743 0.871 -1.537 0.067 0.058 0.311
2014.4425 36.04 -96.03 0.759 1.167 -2.154 0.071 0.061 0.327
2014.4699 36.04 -96.03 0.873 1.040 -0.340 0.071 0.060 0.326
2014.5795 36.04 -96.03 0.541 0.440 0.394 0.065 0.050 0.296
2014.6068 36.04 -96.03 0.373 0.554 -0.041 0.064 0.053 0.291
2014.6342 36.04 -96.03 0.383 0.874 1.209 0.058 0.048 0.269
2014.6616 36.04 -96.03 0.567 0.634 2.736 0.064 0.054 0.294
2014.6890 36.04 -96.03 0.735 0.889 2.851 0.063 0.052 0.287
2014.7164 36.04 -96.03 0.490 0.618 0.408 0.061 0.051 0.282
2014.7438 36.04 -96.03 0.484 0.167 2.684 0.066 0.056 0.303
2014.7712 36.04 -96.03 0.668 0.022 4.243 0.065 0.055 0.299
2014.7986 36.04 -96.03 0.463 0.803 1.760 0.059 0.049 0.271
2014.8260 36.04 -96.03 0.394 0.463 2.971 0.059 0.048 0.270
2014.8534 36.04 -96.03 0.410 0.825 1.960 0.062 0.051 0.283
2014.8808 36.04 -96.03 0.401 0.503 1.314 0.062 0.051 0.284
2014.9082 36.04 -96.03 0.431 0.863 0.395 0.063 0.052 0.289
2015.0452 36.04 -96.03 0.730 1.291 0.593 0.049 0.037 0.226
2015.0726 36.04 -96.03 0.436 1.146 -0.473 0.053 0.038 0.238
2015.1000 36.04 -96.03 0.688 1.283 -2.913 0.047 0.036 0.219
2015.1274 36.04 -96.03 0.621 1.152 0.361 0.044 0.033 0.207
2015.1548 36.04 -96.03 0.477 0.939 -0.948 0.051 0.037 0.230
2015.1822 36.04 -96.03 0.464 0.735 -1.838 0.048 0.035 0.221
2015.2096 36.04 -96.03 0.108 1.511 -0.566 0.063 0.049 0.279
2015.2370 36.04 -96.03 0.249 1.192 1.500 0.067 0.055 0.305
2015.2644 36.04 -96.03 0.562 0.800 -0.139 0.059 0.050 0.273
2015.2918 36.04 -96.03 0.253 1.710 -0.168 0.060 0.050 0.276
2015.3192 36.04 -96.03 0.374 0.903 -0.420 0.058 0.048 0.267
2015.3466 36.04 -96.03 0.231 0.667 0.688 0.062 0.052 0.286
2015.4836 36.04 -96.03 0.367 1.007 -2.930 0.059 0.042 0.264
2015.5110 36.04 -96.03 0.413 1.102 -4.269 0.056 0.043 0.257
2015.5384 36.04 -96.03 0.054 1.003 -2.905 0.062 0.048 0.279
2015.5658 36.04 -96.03 0.237 0.776 -0.110 0.062 0.050 0.281
2015.5932 36.04 -96.03 0.421 0.950 0.219 0.064 0.052 0.290
2015.6205 36.04 -96.03 0.515 0.722 -0.332 0.062 0.050 0.282
2015.6479 36.04 -96.03 0.428 0.968 0.062 0.060 0.049 0.274
2015.6753 36.04 -96.03 0.230 0.726 1.860 0.058 0.046 0.266
2015.7027 36.04 -96.03 0.094 0.237 2.570 0.063 0.052 0.286
2015.7301 36.04 -96.03 0.025 0.470 5.325 0.063 0.051 0.287
2015.9493 36.04 -96.03 -0.270 1.505 -5.104 0.061 0.051 0.281
2015.9767 36.04 -96.03 -0.145 1.292 -2.960 0.064 0.053 0.290
2016.0041 36.04 -96.03 -0.110 1.362 -6.154 0.058 0.048 0.266
2016.0315 36.04 -96.03 0.094 1.258 -3.864 0.055 0.045 0.254
2016.0589 36.04 -96.03 0.260 1.279 -4.443 0.056 0.046 0.260
2016.0863 36.04 -96.03 -0.064 0.245 -4.540 0.051 0.042 0.240
2016.1137 36.04 -96.03 0.077 0.530 -6.163 0.057 0.047 0.263
2016.1411 36.04 -96.03 0.090 0.251 -1.335 0.067 0.056 0.304
2016.1685 36.04 -96.03 -0.114 0.629 -3.932 0.072 0.061 0.325
2016.1959 36.04 -96.03 -0.068 0.054 -1.654 0.071 0.062 0.323
2016.2233 36.04 -96.03 0.003 -0.110 -0.047 0.071 0.063 0.329
2016.2507 36.04 -96.03 0.368 0.487 1.021 0.060 0.049 0.275
2016.3603 36.04 -96.03 0.260 1.046 -0.487 0.055 0.046 0.258
2016.3877 36.04 -96.03 0.743 1.062 0.381 0.065 0.054 0.296
2016.4151 36.04 -96.03 0.667 0.797 -1.353 0.064 0.053 0.291
2016.4425 36.04 -96.03 0.032 0.628 -0.897 0.068 0.057 0.309
2016.4699 36.04 -96.03 0.153 0.511 0.823 0.067 0.056 0.303
