2002.5877 36.81 11.97 -33.55677797948670 9.85258068772941
2002.6151 36.81 11.97 -47.97216865591861 9.58274104187436
2002.6425 36.81 11.97 -47.66080023613840 9.77828923696921
2002.6699 36.81 11.97 -28.08468169175833 8.19944967445244
2002.6973 36.81 11.97 -45.11813894883684 12.85142474594901
2002.7247 36.81 11.97 -15.97785100911422 9.30146101372551
2002.7521 36.81 11.97 -48.22411713503627 8.51517944413035
2002.7795 36.81 11.97 -22.52193362432388 9.75561952009218
2002.8068 36.81 11.97 -16.07782875316681 8.84386503938176
2002.8342 36.81 11.97 -21.96737031027639 8.66075333088379
2002.8616 36.81 11.97 -29.76328976858219 8.21426978512652
2002.8890 36.81 11.97 5.13316910964622 8.81803199134598
2002.9164 36.81 11.97 15.58449147687167 9.11035429660807
2003.0260 36.81 11.97 -9.18076428949967 10.16541048504429
2003.0534 36.81 11.97 -27.86487611009802 17.87693440101720
2003.0808 36.81 11.97 25.98504604315551 14.70081507424222
2003.1082 36.81 11.97 1.61340828609082 8.13757698847260
2003.1356 36.81 11.97 -11.74233482314184 7.48909184069179
2003.1630 36.81 11.97 -15.02030460852391 8.16948144006516
2003.1904 36.81 11.97 17.76945121526320 9.53992587007999
2003.2178 36.81 11.97 0.54319827899603 8.06458758646087
2003.2452 36.81 11.97 -25.05333012975187 8.02415661858526
2003.2726 36.81 11.97 -27.07933706426324 7.80209482688202
2003.3000 36.81 11.97 -8.49589838459083 7.66252115062212
2003.3274 36.81 11.97 -25.96902653298756 10.30803632293147
2003.3548 36.81 11.97 -22.34246702975400 11.75090701815200
2003.3822 36.81 11.97 -49.11197069003076 9.88501515204504
2003.5192 36.81 11.97 -26.42241819667942 11.49012176268245
2003.5466 36.81 11.97 -15.30458985873666 13.13685711189951
2003.5740 36.81 11.97 -1.18324448962325 15.76472021184946
2003.6014 36.81 11.97 -12.22992437294926 13.17596646079581
2003.6288 36.81 11.97 -9.04133804630563 12.09153816550280
2003.6562 36.81 11.97 -55.16296147503032 13.23368661647566
2003.6836 36.81 11.97 -8.27654909681854 13.29792341260155
2003.7110 36.81 11.97 -18.04654951367825 9.77623470990272
2003.7384 36.81 11.97 -20.57376003452341 12.43561330834064
2003.7658 36.81 11.97 -13.72453373719360 11.31119612535379
2003.7932 36.81 11.97 -11.16376792215421 12.89218385698759
2003.8205 36.81 11.97 -26.08465755719207 13.66332556828668
2003.8479 36.81 11.97 -0.60899890992361 11.50489784466775
2003.8753 36.81 11.97 -20.26745912415279 12.73120958702101
2003.9027 36.81 11.97 -35.99893325989602 11.13877702339675
2003.9301 36.81 11.97 -0.15961055181974 11.92399141421419
2003.9575 36.81 11.97 -10.14633337058298 13.89578073994388
2003.9849 36.81 11.97 22.07846893357150 12.96401331341498
2004.0123 36.81 11.97 33.46633327845935 13.91568879113673
2004.0397 36.81 11.97 15.72660392741958 10.49441035654716
2004.0945 36.81 11.97 17.57119866145589 9.78342237056998
2004.1219 36.81 11.97 -0.71758326549417 11.39442958322901
2004.1493 36.81 11.97 1.29703537697067 13.59461897328827
2004.1767 36.81 11.97 19.16286971215787 14.99169021521406
2004.2041 36.81 11.97 -0.61607075613280 11.71443948427729
2004.2315 36.81 11.97 -34.18456313698164 11.89757409030187
2004.2589 36.81 11.97 -5.04413261515425 12.24606704842351
2004.2863 36.81 11.97 -13.47193454510771 12.31607970542706
2004.3137 36.81 11.97 -27.70526008718678 11.62702332425737
2004.3411 36.81 11.97 -28.36446013639366 12.91248517630048
2004.3685 36.81 11.97 -17.12419400804515 12.12483820192998
2004.3959 36.81 11.97 -37.50352001887625 10.41473660864073
2004.4233 36.81 11.97 -13.29419570594166 9.95753063112483
2004.4507 36.81 11.97 -22.32774340375037 8.91781731575245
2004.4781 36.81 11.97 -18.19232200308018 9.93276251003861
2004.5055 36.81 11.97 -3.19394944941804 9.62483319323748
2004.5329 36.81 11.97 -22.00203335366630 8.97962605375915
2004.5603 36.81 11.97 -24.23870564119256 9.33156177971691
2004.5877 36.81 11.97 3.55978670278969 9.34848581705897
2004.6151 36.81 11.97 -27.61969692124903 10.35998172169343
2004.6425 36.81 11.97 -1.08449271317914 8.61896649838278
2004.6699 36.81 11.97 7.95357337505533 8.59248923974755
2004.6973 36.81 11.97 -8.77407873090521 7.97539717151832
2004.7247 36.81 11.97 0.85385684633156 9.33914060676142
2004.7521 36.81 11.97 -0.14205375596422 8.84698289321421
2004.7795 36.81 11.97 4.94434848493020 8.70611118925354
2004.8068 36.81 11.97 1.90538717423158 9.84767251347354
2004.8342 36.81 11.97 8.51083687072340 9.74543913134487
2004.8616 36.81 11.97 -11.99613445148253 8.36817965157311
2004.8890 36.81 11.97 -24.20143866225391 8.41896571270065
2004.9164 36.81 11.97 -10.25548770610192 9.36294078118448
2004.9438 36.81 11.97 7.34543305260225 10.10150476538358
2004.9712 36.81 11.97 -4.17914085433162 9.53490524377211
2004.9973 36.81 11.97 3.63541863135208 9.00726756609180
2005.0233 36.81 11.97 -4.80641618584111 10.93399899060331
2005.0507 36.81 11.97 -23.50787722938056 17.25583806543326
2005.0781 36.81 11.97 14.86760961098959 12.52998432408528
2005.1055 36.81 11.97 33.12686024460461 12.38945457944851
2005.1329 36.81 11.97 21.99623651531953 12.71315148521992
2005.1603 36.81 11.97 18.23251665565800 11.02113156726330
2005.1877 36.81 11.97 -0.59922307488888 10.86296335113953
2005.2151 36.81 11.97 18.21397714072448 9.97600310057600
2005.2425 36.81 11.97 11.02538422207537 9.83816772363214
2005.2699 36.81 11.97 16.28250794702470 10.63168033043904
2005.2973 36.81 11.97 6.23918608776920 11.32799747780638
2005.3247 36.81 11.97 4.36290076026433 11.95167449042915
2005.3521 36.81 11.97 -13.58081331760824 4.20985064014008
2005.3795 36.81 11.97 -9.05493690956921 11.08288120916122
2005.4068 36.81 11.97 -14.78886856763437 9.96136206450957
2005.4342 36.81 11.97 4.30246011609499 11.42411479344150
2005.4616 36.81 11.97 -4.04570002414480 10.48598782160231
2005.4890 36.81 11.97 -8.65907255276648 9.92442468900391
2005.5164 36.81 11.97 -16.16405944810203 9.86349931027394
2005.5438 36.81 11.97 -15.21469354681164 10.93570366263340
2005.5712 36.81 11.97 4.91974747945965 12.07017983973026
2005.5986 36.81 11.97 6.76951377756055 12.35423691595639
2005.6260 36.81 11.97 -6.14579485291083 10.75275881961445
2005.6534 36.81 11.97 7.27995173867599 11.51185484394021
2005.6808 36.81 11.97 -2.74858505068146 11.22766777947589
2005.7082 36.81 11.97 12.77880825497323 14.07368919876193
2005.7356 36.81 11.97 8.42335111385536 12.18863586931790
2005.7630 36.81 11.97 16.66299058308104 12.20709894669212
2005.7904 36.81 11.97 12.51479843314601 11.24876366917761
2005.8178 36.81 11.97 0.74550325795681 11.66356252770294
2005.8452 36.81 11.97 18.51475089366478 12.47194368823799
2005.8726 36.81 11.97 13.45843633968229 10.70768124478136
2005.9000 36.81 11.97 -1.05036659512924 10.34226843244881
2005.9274 36.81 11.97 6.68864578340478 10.05604120928862
2005.9548 36.81 11.97 -4.95363770052318 8.63893700154802
2005.9822 36.81 11.97 -2.05191517568924 9.38591945507524
2006.0096 36.81 11.97 -4.79953203773637 10.83253841945526
2006.0370 36.81 11.97 0.81806598694607 14.05621844624619
2006.0644 36.81 11.97 -0.69462781303835 14.21205273298422
2006.0918 36.81 11.97 4.16736797605208 14.34324514169114
2006.1192 36.81 11.97 16.37295614774471 16.81326084203663
2006.1466 36.81 11.97 28.88791836096333 12.77559211549977
2006.1740 36.81 11.97 19.43683849921776 14.95534675430892
2006.2014 36.81 11.97 3.25470929606312 11.05878889758773
2006.2288 36.81 11.97 10.88673199411701 15.07629220172490
2006.2562 36.81 11.97 -8.42157160178208 14.23935432047479
2006.2836 36.81 11.97 4.05460925005718 13.78997312133905
2006.3110 36.81 11.97 -28.27322198390161 14.83898653147619
2006.3384 36.81 11.97 -35.90215619928485 13.36515193264563
2006.3658 36.81 11.97 -28.19466809145225 14.93240432208943
2006.3932 36.81 11.97 -27.47290350908591 14.60467239601020
2006.4205 36.81 11.97 -38.57444667822972 14.53930152703106
2006.4479 36.81 11.97 -9.09062203045079 15.45708031860510
2006.4753 36.81 11.97 -24.28787903036926 16.11131590246062
2006.5027 36.81 11.97 -17.31149529105464 16.88792147547678
2006.5301 36.81 11.97 -25.75442058496304 20.60142551123756
2006.5575 36.81 11.97 -20.73383425399266 15.99845184319248
2006.5849 36.81 11.97 -5.56699654836030 16.51688824476467
2006.6123 36.81 11.97 -6.61250178279811 21.37009976889876
2006.6397 36.81 11.97 11.42676243034386 17.65409500280607
2006.6671 36.81 11.97 10.32149270367957 15.66885136596044
2006.6945 36.81 11.97 26.36122072305352 20.66495837949303
2006.7219 36.81 11.97 26.91037048920737 18.65405082609817
2006.7493 36.81 11.97 15.38562741965555 22.81560567877759
2006.7767 36.81 11.97 -14.75151288271901 19.86713831092244
2006.8041 36.81 11.97 17.21922817107289 15.55324077107307
2006.8315 36.81 11.97 18.76898303882629 18.56357953842272
2006.8589 36.81 11.97 -5.32897453742856 17.87811662314656
2006.8863 36.81 11.97 6.51484267473791 16.91748076398550
2006.9137 36.81 11.97 -24.99959658708933 16.17390605772458
2006.9411 36.81 11.97 -4.90519645339112 15.80770964046844
2006.9685 36.81 11.97 5.89035325566146 15.41231972930457
2006.9959 36.81 11.97 -3.31117814838200 14.93108668725864
2007.0233 36.81 11.97 2.75233907192920 13.53126533112389
2007.0507 36.81 11.97 9.46461872310194 14.43967785593756
2007.0781 36.81 11.97 -7.57267855744809 15.44049633444430
2007.1055 36.81 11.97 14.40931837819801 13.54997986087765
2007.1329 36.81 11.97 32.63255503609457 14.97839973443515
2007.1603 36.81 11.97 14.31203609165857 14.25585912053764
2007.1877 36.81 11.97 11.74544784579212 19.52298404665567
2007.2151 36.81 11.97 8.32583715154131 17.21791094023574
2007.2425 36.81 11.97 1.92982789152622 16.47643501536938
2007.2699 36.81 11.97 -6.09586069140094 12.31769895556112
2007.2973 36.81 11.97 -11.12781587495334 11.54008829809071
2007.3247 36.81 11.97 -14.63222782736984 14.83978252126425
2007.3521 36.81 11.97 1.09354294526395 16.53367512938899
2007.3795 36.81 11.97 -4.49705688532633 17.54795737055684
2007.4068 36.81 11.97 -8.29584914873098 14.08403485439735
2007.4342 36.81 11.97 -4.19304686079605 13.28979929466774
2007.4616 36.81 11.97 12.03664555857752 18.52307857250975
2007.4890 36.81 11.97 -19.71936033569562 13.31368974088851
2007.5164 36.81 11.97 1.97727528671612 14.34227249460306
2007.5438 36.81 11.97 -17.45359956598861 13.75107450987055
2007.5712 36.81 11.97 2.09678275230192 14.13872046524882
2007.5986 36.81 11.97 9.49399845721229 17.80939507820653
2007.6260 36.81 11.97 17.57588345605741 14.01513065811784
2007.6534 36.81 11.97 -0.27957027711804 14.31879400146891
2007.6808 36.81 11.97 1.24907021161119 14.94677456479248
2007.7082 36.81 11.97 -19.90894195488830 10.23120807130341
2007.7356 36.81 11.97 -28.65327630639860 15.34559384469270
2007.7630 36.81 11.97 5.38730281438434 10.95517042077174
2007.7904 36.81 11.97 0.27570319064189 15.32503905787341
2007.8178 36.81 11.97 -10.55880213470292 18.08891911793066
2007.8452 36.81 11.97 2.57871290450211 14.02345593397222
2007.8726 36.81 11.97 -7.16263165559708 16.61767552277829
2007.9000 36.81 11.97 16.52984144098432 17.49523111029650
2007.9274 36.81 11.97 -9.80859897802666 17.43210621950691
2007.9548 36.81 11.97 9.05724498258407 12.70944836228722
2007.9822 36.81 11.97 9.66736828426920 16.11292033472030
2008.0096 36.81 11.97 -3.62984942011459 14.01133603119348
2008.0370 36.81 11.97 -1.46384635248068 14.67093409683766
2008.0644 36.81 11.97 0.24356047993751 17.31978083125383
2008.0918 36.81 11.97 -50.42051625664856 13.05346293732843
2008.1192 36.81 11.97 -9.40020152994597 15.98346789055397
2008.1466 36.81 11.97 -29.57492177837578 18.92105424799896
2008.1740 36.81 11.97 -34.63434464653302 16.30360288564880
2008.2014 36.81 11.97 -25.52839983819149 17.98306459809750
2008.2288 36.81 11.97 -15.61060408146435 19.86806507009475
2008.2562 36.81 11.97 -16.70155977417010 18.89092805089406
2008.2836 36.81 11.97 -16.28597661123120 22.78073228854396
2008.3110 36.81 11.97 -18.65577726500851 23.83388406755254
2008.3384 36.81 11.97 -28.41745027309727 17.47485623694495
2008.3658 36.81 11.97 -16.28309060774117 17.65512812762584
2008.3932 36.81 11.97 -5.40214815815782 15.63461975290556
2008.4205 36.81 11.97 -11.48950211332611 13.63118726117167
2008.4479 36.81 11.97 -13.76120332981078 14.14353484190467
2008.4753 36.81 11.97 25.00833514423263 13.55891386542011
2008.5027 36.81 11.97 -10.21102873562771 16.77333046835221
2008.5301 36.81 11.97 -6.16046175932992 20.75852185603047
2008.5575 36.81 11.97 5.39222277544386 12.99164048426137
2008.5849 36.81 11.97 -14.85846266702754 15.57692507955878
2008.6123 36.81 11.97 4.47282776184622 12.35323593181216
2008.6397 36.81 11.97 -13.53794225695968 13.82877309280156
2008.6671 36.81 11.97 -23.05817702929363 13.11342149228877
2008.6945 36.81 11.97 -14.30373349798059 12.62543565385628
2008.7219 36.81 11.97 -16.40252074182479 15.05418090817820
2008.7493 36.81 11.97 -8.78611718567540 13.46511054309949
2008.7767 36.81 11.97 -25.82662843715677 16.24522180589349
2008.8041 36.81 11.97 4.58167721069043 16.41237701271697
2008.8315 36.81 11.97 7.02658392611559 18.38468908673713
2008.8589 36.81 11.97 -5.33736208898279 21.53579725180172
2008.8863 36.81 11.97 3.60983357726712 20.64797948085675
2008.9137 36.81 11.97 12.60165673309530 19.77519095734456
2008.9411 36.81 11.97 -0.10895630016301 20.34794800375705
2008.9685 36.81 11.97 -5.49063822304438 18.93901816659319
2008.9945 36.81 11.97 0.08036754016806 16.11255207499786
2009.0205 36.81 11.97 -9.22139350386050 16.03504577144582
2009.0479 36.81 11.97 -16.10834916202976 16.03623931938285
2009.0753 36.81 11.97 25.82969173827282 15.07394479813657
2009.1027 36.81 11.97 36.76346570548336 19.23641424673938
2009.1301 36.81 11.97 40.47525756096729 14.94111719315939
2009.1575 36.81 11.97 -9.18683901473736 15.06373466968083
2009.1849 36.81 11.97 -3.63329428438358 18.10716133911846
2009.2123 36.81 11.97 10.42881943033602 14.72398936268666
2009.2397 36.81 11.97 2.57004599868569 17.30806949515347
2009.2671 36.81 11.97 3.73080280158121 14.28797004255869
2009.2945 36.81 11.97 -0.28722539048770 14.72589264403349
2009.3219 36.81 11.97 14.44582105552414 15.30959064192365
2009.3493 36.81 11.97 5.06688553511062 13.89479893156449
2009.3767 36.81 11.97 -3.33790482181702 14.62736539871008
2009.4041 36.81 11.97 5.17541472040294 12.57366577517644
2009.4315 36.81 11.97 -2.42502139830032 14.92480208401070
2009.4589 36.81 11.97 0.87549878849938 12.13797415971194
2009.4863 36.81 11.97 18.01781571141363 13.51092177436337
2009.5137 36.81 11.97 6.88504775064236 12.61093667353536
2009.5411 36.81 11.97 -13.18385617652619 15.87755826732062
2009.5685 36.81 11.97 -6.59078470395455 17.02593009839071
2009.5959 36.81 11.97 -8.68191996499240 14.72972530903856
2009.6233 36.81 11.97 19.85041267364814 15.70991387611683
2009.6507 36.81 11.97 4.36507690094365 15.17132790683315
2009.6781 36.81 11.97 -0.96680287638496 16.49542898158794
2009.7055 36.81 11.97 -1.48219560628835 17.38138850501115
2009.7329 36.81 11.97 21.75675502303217 16.56002789608343
2009.7603 36.81 11.97 -36.99188409870610 18.97623321891228
2009.7877 36.81 11.97 -10.09195721912057 17.45526157805285
2009.8151 36.81 11.97 19.26347959915124 19.00321542582413
2009.8425 36.81 11.97 14.78369468800915 17.07568353613843
2009.8699 36.81 11.97 12.77493970860692 16.22092414322542
2009.8973 36.81 11.97 4.60695569034442 15.07375717324894
2009.9247 36.81 11.97 20.71192563593720 14.54359663650452
2009.9521 36.81 11.97 5.35623156189444 13.82454562039947
2009.9795 36.81 11.97 33.43661320594228 14.21153444850946
2010.0068 36.81 11.97 37.33233499359831 18.67403395663958
2010.0342 36.81 11.97 23.24820355742412 14.05151768702785
2010.0616 36.81 11.97 18.26272603662894 14.51847633040421
2010.0890 36.81 11.97 10.28020042053539 17.96225494726052
2010.1164 36.81 11.97 31.84400034734134 18.56377285849663
2010.1438 36.81 11.97 20.76844434144966 17.49593084335964
2010.1712 36.81 11.97 59.07012613232909 16.67514368810074
2010.1986 36.81 11.97 35.42412228801609 15.94804579020486
2010.2260 36.81 11.97 27.20183607663153 17.52457845815257
2010.2534 36.81 11.97 1.52854650963319 17.95663692231849
2010.2808 36.81 11.97 -23.52438641868492 13.43389828508071
2010.3082 36.81 11.97 9.10502471875081 14.24876885255567
2010.3356 36.81 11.97 -13.29018371312035 12.51393323480150
2010.3630 36.81 11.97 -5.27425215372393 13.40714487847775
2010.3904 36.81 11.97 -24.71384194982162 13.39348582410419
2010.4178 36.81 11.97 -20.03297175713831 14.36374003909495
2010.4452 36.81 11.97 -22.01052283129954 12.45771183156636
2010.4726 36.81 11.97 -24.10600302915647 11.01610710538226
2010.5000 36.81 11.97 -23.97534957031736 12.83372863392124
2010.5274 36.81 11.97 -44.72051508049915 21.78404923856132
2010.5548 36.81 11.97 -9.60958047184293 13.39859592000643
2010.5822 36.81 11.97 -1.87670771287123 11.96231694442117
2010.6096 36.81 11.97 -5.05884002748146 16.11875836568102
2010.6370 36.81 11.97 -0.12705021119489 14.13138304323942
2010.6644 36.81 11.97 -5.13349768811060 13.09758258007243
2010.6918 36.81 11.97 3.29783945827529 16.24399603476200
2010.7192 36.81 11.97 -8.53248453654608 15.03866123019961
2010.7466 36.81 11.97 -5.47560333633798 17.84457307565792
2010.7740 36.81 11.97 2.58801374431063 13.83092513355984
2010.8014 36.81 11.97 8.62621388582672 13.26895281938690
2010.8288 36.81 11.97 5.55188939839639 15.47397180916215
2010.8562 36.81 11.97 -19.16432673008765 15.08880916504420
2010.8836 36.81 11.97 11.47746165976149 13.68525938214036
2010.9110 36.81 11.97 8.30515661462380 15.27838937212731
2010.9384 36.81 11.97 39.42180344714374 15.95551635041698
2010.9658 36.81 11.97 -13.03256881684633 17.73120661140306
2010.9932 36.81 11.97 2.86007201959073 12.52333438193779
2011.1027 36.81 11.97 -15.29356650177440 12.62133438422443
2011.1301 36.81 11.97 -4.04842495570999 20.99801040358417
2011.1575 36.81 11.97 10.95336045245096 13.38674008869437
2011.1849 36.81 11.97 -23.70307090799629 10.18185227682406
2011.2123 36.81 11.97 -12.18835428071083 17.82478931287750
2011.2397 36.81 11.97 -2.35977728142037 18.76916670913470
2011.2671 36.81 11.97 -6.97007825186119 14.76237859806620
2011.2945 36.81 11.97 -11.95026221116762 17.62385397478302
2011.3219 36.81 11.97 -12.92584090851237 16.43656450020790
2011.3493 36.81 11.97 15.38579823203547 14.45696800630738
2011.3767 36.81 11.97 7.42222073385719 17.30541196992069
2011.4041 36.81 11.97 -24.33715802142787 14.85530103148209
2011.4315 36.81 11.97 -4.19776446791865 14.50142849998155
2011.5137 36.81 11.97 -4.73959582014897 13.23158237720634
2011.5411 36.81 11.97 3.00671030107922 14.44351590731171
2011.5685 36.81 11.97 4.10515654923667 13.90527012637584
2011.5959 36.81 11.97 13.96556072299595 15.12513720617648
2011.6233 36.81 11.97 7.08364789472392 14.95683852630833
2011.6507 36.81 11.97 -0.71346243091313 18.37609269875863
2011.6781 36.81 11.97 -0.67846196706543 17.04245231160588
2011.7055 36.81 11.97 2.89669133042603 17.14739211310272
2011.7329 36.81 11.97 -8.94915557294755 20.19328645209730
2011.7603 36.81 11.97 18.16183357374486 17.09471365721516
2011.7877 36.81 11.97 -20.47500239888265 18.35573819126320
2011.8151 36.81 11.97 23.77381599703433 17.89669871322627
2011.8425 36.81 11.97 23.15339642976114 19.70252740962856
2011.8699 36.81 11.97 11.78632532954769 18.18887479042682
2011.9521 36.81 11.97 17.94022666418175 11.05283651457412
2011.9795 36.81 11.97 12.70151270115237 15.47567574519669
2012.0068 36.81 11.97 0.04674826679033 14.19301293201524
2012.0342 36.81 11.97 70.61441310336488 17.14646176802849
2012.0616 36.81 11.97 18.93728423979226 14.87055676810068
2012.0890 36.81 11.97 -3.94674593097264 14.59648491287797
2012.1164 36.81 11.97 -5.12431606919098 14.09631317028931
2012.1438 36.81 11.97 -0.08187933955770 14.70158979054431
2012.1712 36.81 11.97 -2.20742644479891 13.71548836511028
2012.1986 36.81 11.97 33.60002298004949 12.39776850383230
2012.2260 36.81 11.97 2.61673149203530 12.79529161447581
2012.2534 36.81 11.97 17.43623471971357 12.46519318090643
2012.2808 36.81 11.97 9.55445652180117 11.60658230769552
2012.3082 36.81 11.97 15.37698825599185 12.86947074194574
2012.3904 36.81 11.97 11.70101393144379 13.46783294635058
2012.4178 36.81 11.97 -5.10544934105543 10.47195421688753
2012.4452 36.81 11.97 -4.29136994682630 10.29617425736542
2012.4726 36.81 11.97 -12.25151499449025 11.26548895856410
2012.5000 36.81 11.97 11.22816556510032 10.59898843541767
2012.5274 36.81 11.97 -20.44796663907946 11.34201914954673
2012.5548 36.81 11.97 7.21196510586417 11.32542061978885
2012.5822 36.81 11.97 7.96630380557532 12.18862425189096
2012.6096 36.81 11.97 -15.18602815229699 12.11005860644617
2012.6370 36.81 11.97 -4.28796289579034 11.06249999082628
2012.6644 36.81 11.97 -18.20795474832649 12.27248523942116
2012.6918 36.81 11.97 -9.21295313647179 12.70948959409577
2012.7192 36.81 11.97 -8.37869892659475 15.67565571213608
2012.7466 36.81 11.97 -4.05480834073237 10.24519039808847
2012.8562 36.81 11.97 -11.91225934255634 16.11476861755696
2012.8836 36.81 11.97 -11.34535206409788 15.25384952877681
2012.9110 36.81 11.97 2.60473306438000 14.38931597854085
2012.9384 36.81 11.97 23.51816945076149 13.45029270503701
2012.9658 36.81 11.97 19.42340755018076 15.70858291846827
2012.9918 36.81 11.97 43.22304729306470 7.24156302877761
2013.0178 36.81 11.97 25.18391021823530 8.79158004633076
2013.0452 36.81 11.97 20.06323938345436 8.69848971757288
2013.0726 36.81 11.97 45.46190417334151 7.92105218498328
2013.1000 36.81 11.97 15.17075869972728 8.15486447420001
2013.1274 36.81 11.97 8.49035121155028 7.43397553390240
2013.1548 36.81 11.97 11.28839733365101 6.66686181328962
2013.2644 36.81 11.97 -4.68142032645806 7.45273007111539
2013.2918 36.81 11.97 -30.27990166397227 7.70888008058804
2013.3192 36.81 11.97 7.30162044913626 8.68519841794126
2013.3466 36.81 11.97 -7.36432585306680 8.96273131875404
2013.3740 36.81 11.97 1.93992844940241 7.50800656637082
2013.4014 36.81 11.97 -2.51242661909676 7.79500069009656
2013.4288 36.81 11.97 14.48984651957384 6.66801012034944
2013.4562 36.81 11.97 -4.82784369899587 6.77408883644228
2013.4836 36.81 11.97 8.47192858558602 7.02504422068961
2013.5110 36.81 11.97 24.40238492537849 8.10632617473887
2013.5384 36.81 11.97 10.82462743824199 7.70706112095089
2013.5658 36.81 11.97 42.53143575709779 8.25304806627269
2013.7575 36.81 11.97 22.42435666447014 7.60948230637954
2013.7849 36.81 11.97 -19.23833022918535 8.02710224812954
2013.8123 36.81 11.97 -31.34036394180995 7.28475195613975
2013.8397 36.81 11.97 -1.38939080032028 7.41313461262748
2013.8671 36.81 11.97 -5.64396188877179 7.87980313670950
2013.8945 36.81 11.97 16.11065780535866 7.36914848257210
2013.9219 36.81 11.97 -1.27940700419770 6.37908290253185
2013.9493 36.81 11.97 3.54131539750634 6.93999842609577
2013.9767 36.81 11.97 -10.69669477983968 6.89412963779991
2014.0041 36.81 11.97 15.25917865242255 6.68794130671200
2014.0315 36.81 11.97 4.86249346564602 7.07380552964424
2014.1685 36.81 11.97 -19.57195646832524 7.38260009404874
2014.1959 36.81 11.97 -10.12290897291465 7.85522345764606
2014.2233 36.81 11.97 6.93418629099661 7.34339919924743
2014.2507 36.81 11.97 14.19512338177299 6.63554391587903
2014.2781 36.81 11.97 5.01630802118537 7.10160816184282
2014.3055 36.81 11.97 14.88787279719978 6.75759227165044
2014.3329 36.81 11.97 -11.36155511584480 5.30639476936026
2014.3603 36.81 11.97 -7.51403305238952 6.24750177314586
2014.3877 36.81 11.97 -5.18997751214861 6.26349281778118
2014.4151 36.81 11.97 -1.62487870811046 6.16995307018735
2014.4425 36.81 11.97 25.54142424927696 6.62247259938739
2014.4699 36.81 11.97 1.30752012515884 6.48162179792663
2014.5795 36.81 11.97 33.42038154279794 5.15739120209140
2014.6068 36.81 11.97 15.62270565164301 5.65255564617211
2014.6342 36.81 11.97 -0.87469554096870 4.97042071403137
2014.6616 36.81 11.97 12.04138850170924 5.76948624063031
2014.6890 36.81 11.97 -2.50938835822199 5.61662904934059
2014.7164 36.81 11.97 3.50310536271336 5.47836310698794
2014.7438 36.81 11.97 -4.96682383639513 6.09468053256673
2014.7712 36.81 11.97 -1.48884651235954 6.02027480657987
2014.7986 36.81 11.97 21.74528245687237 5.15777519462254
2014.8260 36.81 11.97 12.84617431450159 5.10536448817755
2014.8534 36.81 11.97 16.85412340024322 5.46301562775075
2014.8808 36.81 11.97 27.56641215766575 5.48433668167131
2014.9082 36.81 11.97 25.67754061573500 5.61890686576145
2015.0452 36.81 11.97 11.96497314128462 3.86081901415356
2015.0726 36.81 11.97 14.54093068969887 4.37603763948560
2015.1000 36.81 11.97 43.53508119436052 3.74613923157218
2015.1274 36.81 11.97 22.24311856865813 3.44573945581036
2015.1548 36.81 11.97 -0.21873062443284 4.20485452198782
2015.1822 36.81 11.97 17.45772069773360 3.85501134446613
2015.2096 36.81 11.97 24.64025882137950 5.69308889110222
2015.2370 36.81 11.97 22.02226016292908 6.26004652336948
2015.2644 36.81 11.97 1.95694654158941 5.39483636226410
2015.2918 36.81 11.97 -24.79331795974671 5.29337677339438
2015.3192 36.81 11.97 -22.99312785158122 5.07526114675391
2015.3466 36.81 11.97 27.76588270526767 5.58562571232166
2015.4836 36.81 11.97 32.66882794639253 4.57928161018825
2015.5110 36.81 11.97 -12.59384527264910 4.52237825848848
2015.5384 36.81 11.97 16.62652428367822 5.15450716321936
2015.5658 36.81 11.97 11.83533049225241 5.51538710101733
2015.5932 36.81 11.97 17.82555335090923 5.84970119740147
2015.6205 36.81 11.97 12.24068724865803 5.50318125451291
2015.6479 36.81 11.97 5.93346063364175 5.38127332583061
2015.6753 36.81 11.97 26.70285160859733 5.01898880268130
2015.7027 36.81 11.97 14.33826847186641 5.73161452313490
2015.7301 36.81 11.97 20.30110133111189 5.61030250599977
2015.9493 36.81 11.97 14.22282314667309 5.34089352008100
2015.9767 36.81 11.97 51.69567902570320 5.91868784481611
2016.0041 36.81 11.97 -21.63085910535807 5.21124502521993
2016.0315 36.81 11.97 41.93615271609569 4.93676563355535
2016.0589 36.81 11.97 35.65974380975177 5.04491041214157
2016.0863 36.81 11.97 7.36856743309957 4.39432932041126
2016.1137 36.81 11.97 0.12742507579563 5.16351823696370
2016.1411 36.81 11.97 12.60559919562168 6.41020753463466
2016.1685 36.81 11.97 3.23411479290171 7.10926760093840
2016.1959 36.81 11.97 17.46564467934192 7.02362291012184
2016.2233 36.81 11.97 3.28815049374637 7.19009018883726
2016.2507 36.81 11.97 7.64850244859707 5.32708404676613
2016.3603 36.81 11.97 8.62203420641646 5.00961821411451
2016.3877 36.81 11.97 17.39711094130412 6.18722933291655
2016.4151 36.81 11.97 9.40252071792173 5.97872671675341
2016.4425 36.81 11.97 23.85100940300773 6.59863178345537
2016.4699 36.81 11.97 10.00801370981451 6.44312720401370
