2002.5877 9.77 -85.20 18.41849079775138 8.53246157740225
2002.6151 9.77 -85.20 26.59689914042406 8.30111016160705
2002.6425 9.77 -85.20 36.16456246383637 8.51423942100963
2002.6699 9.77 -85.20 38.09631511488095 7.08143563643156
2002.6973 9.77 -85.20 46.25938870966936 11.54821002302951
2002.7247 9.77 -85.20 41.53301691448736 8.12535757010134
2002.7521 9.77 -85.20 27.86715221807777 7.42060103956194
2002.7795 9.77 -85.20 49.33163502018687 8.43013007578168
2002.8068 9.77 -85.20 41.47410383824963 7.69609035773450
2002.8342 9.77 -85.20 37.21155695973959 7.54455968975269
2002.8616 9.77 -85.20 28.65930121561508 7.23980467454580
2002.8890 9.77 -85.20 9.26229974574832 7.70234486412622
2002.9164 9.77 -85.20 32.87228715251178 7.91371892456254
2003.0260 9.77 -85.20 7.04592116388371 8.76760353854521
2003.0534 9.77 -85.20 -37.31357279652322 15.56259952233467
2003.0808 9.77 -85.20 9.43310810877502 12.73122846555781
2003.1082 9.77 -85.20 -4.37683628167428 6.99781344404169
2003.1356 9.77 -85.20 -9.62113481998484 6.44152807355255
2003.1630 9.77 -85.20 34.58214900391508 7.03104647277145
2003.1904 9.77 -85.20 22.06610191601838 8.22509206880359
2003.2178 9.77 -85.20 2.61365346839723 6.94023552257824
2003.2452 9.77 -85.20 -10.79560704428831 6.91628980459469
2003.2726 9.77 -85.20 -6.23780040943467 6.71733818251385
2003.3000 9.77 -85.20 -14.78490224799691 6.60046813203987
2003.3274 9.77 -85.20 -17.18495601447091 8.89816115165164
2003.3548 9.77 -85.20 -11.37964169902125 10.17773863561220
2003.3822 9.77 -85.20 6.77564972175567 8.54770780219324
2003.5192 9.77 -85.20 4.61821349343451 9.98829970458253
2003.5466 9.77 -85.20 28.74439791755788 11.46300161236500
2003.5740 9.77 -85.20 30.78186108605081 13.82700435211255
2003.6014 9.77 -85.20 34.43337780334994 11.50542811093719
2003.6288 9.77 -85.20 33.64213308667648 10.52683146208977
2003.6562 9.77 -85.20 27.48210987843677 11.56230015286408
2003.6836 9.77 -85.20 13.30513347562914 11.64156447653238
2003.7110 9.77 -85.20 31.24970784640231 8.50560036568834
2003.7384 9.77 -85.20 10.55832480043030 10.87403430491328
2003.7658 9.77 -85.20 29.69907864160463 9.87591659117973
2003.7932 9.77 -85.20 6.32751057781365 11.28644944596681
2003.8205 9.77 -85.20 54.49745097136464 11.99114086801441
2003.8479 9.77 -85.20 26.73776954575158 10.08776204739307
2003.8753 9.77 -85.20 16.86909742175931 11.16229043191720
2003.9027 9.77 -85.20 10.48266329639592 9.73145528888211
2003.9301 9.77 -85.20 7.87424168534455 10.47092932260866
2003.9575 9.77 -85.20 7.57509763882671 12.28563227898315
2003.9849 9.77 -85.20 18.73252809385085 11.45241399398803
2004.0123 9.77 -85.20 14.27336943209865 12.31069472211166
2004.0397 9.77 -85.20 -1.04218956141250 9.14230895672478
2004.0945 9.77 -85.20 -4.25183925423503 8.53663898395946
2004.1219 9.77 -85.20 -5.12290207175138 10.06079521915406
2004.1493 9.77 -85.20 20.86243244585044 12.06191378866659
2004.1767 9.77 -85.20 14.85752915290846 13.38773726926476
2004.2041 9.77 -85.20 -14.01481030779669 10.39480950498177
2004.2315 9.77 -85.20 -17.60177146845672 10.55759521761842
2004.2589 9.77 -85.20 -8.70432698391100 10.88070425152963
2004.2863 9.77 -85.20 -12.88994872362257 10.97670421138337
2004.3137 9.77 -85.20 -9.65250009192755 10.36293342101559
2004.3411 9.77 -85.20 -8.91525913037152 11.54789201150162
2004.3685 9.77 -85.20 4.56026930301932 10.75480294899664
2004.3959 9.77 -85.20 -3.35005465360422 9.18471133287390
2004.4233 9.77 -85.20 8.87867758721108 8.77434791897387
2004.4507 9.77 -85.20 -1.00254419024854 7.88796467804104
2004.4781 9.77 -85.20 10.38371350965487 8.80768541196073
2004.5055 9.77 -85.20 5.74041113991748 8.51714361086481
2004.5329 9.77 -85.20 26.08542848490814 7.91645601861890
2004.5603 9.77 -85.20 12.21034573896897 8.25266490923314
2004.5877 9.77 -85.20 38.75473078413874 8.25333248096361
2004.6151 9.77 -85.20 38.95234769145461 9.15802292853009
2004.6425 9.77 -85.20 39.49883307774228 7.56816136797308
2004.6699 9.77 -85.20 40.17642273972685 7.53332032895273
2004.6973 9.77 -85.20 28.38661860527919 6.97726209626077
2004.7247 9.77 -85.20 61.87198272155630 8.19991876487704
2004.7521 9.77 -85.20 44.18220217820805 7.74336824806732
2004.7795 9.77 -85.20 45.29277424470949 7.64644072778101
2004.8068 9.77 -85.20 42.21328454233773 8.69300615784384
2004.8342 9.77 -85.20 24.83584076788858 8.61593491030128
2004.8616 9.77 -85.20 26.67599386762033 7.33732552062378
2004.8890 9.77 -85.20 27.68870631314623 7.40364449161970
2004.9164 9.77 -85.20 15.05061036599560 8.27068808469881
2004.9438 9.77 -85.20 25.11299775813198 8.84684218741676
2004.9712 9.77 -85.20 12.55654617638556 8.45415251316503
2004.9973 9.77 -85.20 16.64610107330057 7.92965476132674
2005.0233 9.77 -85.20 16.35515331564695 9.75216356846511
2005.0507 9.77 -85.20 -0.36766520646719 15.65640291827243
2005.0781 9.77 -85.20 -19.84373538300697 11.23982852220127
2005.1055 9.77 -85.20 -3.58294216883863 11.07745304894546
2005.1329 9.77 -85.20 -12.72658140645627 11.35942061888154
2005.1603 9.77 -85.20 -24.35226854126515 9.77314713545607
2005.1877 9.77 -85.20 6.08183346040842 9.59958041737342
2005.2151 9.77 -85.20 -20.33363699904574 8.76010564942447
2005.2425 9.77 -85.20 -17.74663740681497 8.64350038453236
2005.2699 9.77 -85.20 -20.07143950179983 9.35894916362601
2005.2973 9.77 -85.20 0.74841071671919 9.96716113626028
2005.3247 9.77 -85.20 -24.20605483664472 10.51723957978628
2005.3521 9.77 -85.20 -28.54305127518118 3.60767977923663
2005.3795 9.77 -85.20 -21.58057299951756 9.71959823163104
2005.4068 9.77 -85.20 -10.75703438973543 8.70774789596417
2005.4342 9.77 -85.20 -16.38555444570693 9.97619797682138
2005.4616 9.77 -85.20 0.23791406611979 9.16601411289315
2005.4890 9.77 -85.20 14.17047985869131 8.67238299457252
2005.5164 9.77 -85.20 13.59531371577824 8.61668578457071
2005.5438 9.77 -85.20 21.15514380321489 9.57842413656341
2005.5712 9.77 -85.20 3.54555742233944 10.57752680096349
2005.5986 9.77 -85.20 19.77352146167056 10.83171698710080
2005.6260 9.77 -85.20 14.72663614233346 9.40346170341780
2005.6534 9.77 -85.20 17.33212592925415 10.07598088766324
2005.6808 9.77 -85.20 26.41497763745916 9.81489002850919
2005.7082 9.77 -85.20 19.26263702028055 12.34772933686611
2005.7356 9.77 -85.20 40.20993228887091 10.66558145478439
2005.7630 9.77 -85.20 19.62441581202120 10.68017134071558
2005.7904 9.77 -85.20 39.60746619554192 9.82280797222983
2005.8178 9.77 -85.20 43.47271372519610 10.19750473139738
2005.8452 9.77 -85.20 30.29540298850603 10.90160456377782
2005.8726 9.77 -85.20 26.51431202879037 9.34945635101116
2005.9000 9.77 -85.20 25.65878211462345 9.01002703468506
2005.9274 9.77 -85.20 12.11350735473124 8.74861819513303
2005.9548 9.77 -85.20 16.83039616392485 7.32753486224358
2005.9822 9.77 -85.20 9.58962224521477 8.10684306549983
2006.0096 9.77 -85.20 -20.80388333340445 9.40162985081134
2006.0370 9.77 -85.20 8.52154030207766 12.23951723709021
2006.0644 9.77 -85.20 2.60428880243272 12.35139282320234
2006.0918 9.77 -85.20 -17.07180366891398 12.48584097687557
2006.1192 9.77 -85.20 -1.07229877410043 14.70695885368248
2006.1466 9.77 -85.20 1.86892861271620 11.12558094750881
2006.1740 9.77 -85.20 3.26373679816173 13.10022011608159
2006.2014 9.77 -85.20 7.87849831085410 9.62563873557587
2006.2288 9.77 -85.20 15.41804941126577 13.21579413551384
2006.2562 9.77 -85.20 -26.42443761328626 12.51015873329235
2006.2836 9.77 -85.20 -17.57540624065438 12.08070047835938
2006.3110 9.77 -85.20 -24.97805684322264 13.02667267948792
2006.3384 9.77 -85.20 -22.94160637022541 11.71202938411410
2006.3658 9.77 -85.20 -29.66124785116995 13.11016194717593
2006.3932 9.77 -85.20 -19.07154631565870 12.80328603470633
2006.4205 9.77 -85.20 -35.56549922702349 12.70633177969686
2006.4479 9.77 -85.20 -16.61667848453329 13.52035255531056
2006.4753 9.77 -85.20 -28.04237628441717 14.11634740178887
2006.5027 9.77 -85.20 20.99935094604421 14.77048565239512
2006.5301 9.77 -85.20 -2.92247236049938 18.11662751749212
2006.5575 9.77 -85.20 4.17995380703614 14.02306997119196
2006.5849 9.77 -85.20 7.18569998990013 14.46433125605414
2006.6123 9.77 -85.20 14.65788262483583 18.90396608260044
2006.6397 9.77 -85.20 25.86085162146088 15.53583320222798
2006.6671 9.77 -85.20 43.03369323463819 13.72686649669769
2006.6945 9.77 -85.20 44.18649615123601 18.20062710838436
2006.7219 9.77 -85.20 33.98771913995343 16.33731844541993
2006.7493 9.77 -85.20 23.41264103979639 20.05333033159225
2006.7767 9.77 -85.20 47.28014409367326 17.47089843814713
2006.8041 9.77 -85.20 13.11873594379350 13.59171498412250
2006.8315 9.77 -85.20 15.47533778667993 16.28394273065011
2006.8589 9.77 -85.20 23.26736840386206 15.65376836423275
2006.8863 9.77 -85.20 7.30133868022940 14.77423449743731
2006.9137 9.77 -85.20 16.74210506621286 14.07496269720130
2006.9411 9.77 -85.20 4.00192109199955 13.75227304190024
2006.9685 9.77 -85.20 1.27782196105176 13.39805305831360
2006.9959 9.77 -85.20 -6.88982950802805 12.96879748496781
2007.0233 9.77 -85.20 2.78659479474282 11.73352178595782
2007.0507 9.77 -85.20 4.53817768810504 12.54092556716097
2007.0781 9.77 -85.20 -2.98023696527801 13.41938776879339
2007.1055 9.77 -85.20 -15.99645664004014 11.76348914776847
2007.1329 9.77 -85.20 -21.58425980226017 13.04030419883062
2007.1603 9.77 -85.20 -12.75172834225227 12.39352265317356
2007.1877 9.77 -85.20 -40.57799396938065 17.12369246328517
2007.2151 9.77 -85.20 5.11945374456467 15.06924767442177
2007.2425 9.77 -85.20 -11.03819109184258 14.41650457773897
2007.2699 9.77 -85.20 -25.29933122307292 10.71345473165550
2007.2973 9.77 -85.20 -33.74433148285893 10.02338360333339
2007.3247 9.77 -85.20 -13.89332426588157 12.94515365355940
2007.3521 9.77 -85.20 8.19682499977473 14.46396346700017
2007.3795 9.77 -85.20 -16.31415249245964 15.38049919448075
2007.4068 9.77 -85.20 -8.06756544757454 12.27828729704817
2007.4342 9.77 -85.20 -2.63692183542300 11.56606099592631
2007.4616 9.77 -85.20 -14.05914995898030 16.24227412665444
2007.4890 9.77 -85.20 -11.84411859595111 11.58880048688679
2007.5164 9.77 -85.20 -15.13758210242952 12.51016090685570
2007.5438 9.77 -85.20 3.69843845848208 11.97694519378874
2007.5712 9.77 -85.20 -8.16087201974126 12.30833035028132
2007.5986 9.77 -85.20 27.36927803715007 15.56834605049297
2007.6260 9.77 -85.20 21.57282800513310 12.19016123259523
2007.6534 9.77 -85.20 12.39883944835676 12.45597648477889
2007.6808 9.77 -85.20 38.14809299160355 12.99296946890627
2007.7082 9.77 -85.20 32.24509460842354 8.82501287594171
2007.7356 9.77 -85.20 39.99860993446365 13.34598052623666
2007.7630 9.77 -85.20 43.92698361646259 9.47037205353557
2007.7904 9.77 -85.20 27.79285729337163 13.33507678500735
2007.8178 9.77 -85.20 20.91677404760515 15.80290684650737
2007.8452 9.77 -85.20 31.71893953888467 12.18717855106252
2007.8726 9.77 -85.20 13.52511586050858 14.50767371771180
2007.9000 9.77 -85.20 11.56937443767480 15.32427412501007
2007.9274 9.77 -85.20 4.43847561677608 15.19877986540734
2007.9548 9.77 -85.20 17.52138349061897 11.05179114798559
2007.9822 9.77 -85.20 -3.88404037508166 14.07142215444270
2008.0096 9.77 -85.20 -12.79702559304256 12.22711090305251
2008.0370 9.77 -85.20 -7.26637170965872 12.82714354211893
2008.0644 9.77 -85.20 -30.76844971931597 15.18494279880464
2008.0918 9.77 -85.20 -17.60244262158906 11.35972574915089
2008.1192 9.77 -85.20 -17.47423051067127 13.98871480249432
2008.1466 9.77 -85.20 -21.89475868401314 16.60138326225026
2008.1740 9.77 -85.20 -26.33984992700349 14.27272216020578
2008.2014 9.77 -85.20 -32.72567351134798 15.80668919363384
2008.2288 9.77 -85.20 -47.34848368751025 17.31673255070713
2008.2562 9.77 -85.20 -34.76800738588300 16.49249046699875
2008.2836 9.77 -85.20 -44.83951761862230 19.91779295496701
2008.3110 9.77 -85.20 -38.95549151231884 20.85273446727389
2008.3384 9.77 -85.20 -38.50515871055143 15.27830285402361
2008.3658 9.77 -85.20 -37.39846802482261 15.40829669622665
2008.3932 9.77 -85.20 -34.59421596427831 13.59879836969671
2008.4205 9.77 -85.20 -23.01937930973046 11.81125255545920
2008.4479 9.77 -85.20 9.64010739439278 12.30559146455207
2008.4753 9.77 -85.20 -13.75697844818533 11.79402864593454
2008.5027 9.77 -85.20 11.33731627068525 14.58365808961461
2008.5301 9.77 -85.20 12.05152613124445 18.04968993225200
2008.5575 9.77 -85.20 16.37800666320851 11.25199052342103
2008.5849 9.77 -85.20 19.27873408362928 13.59278457478830
2008.6123 9.77 -85.20 30.92221734673668 10.72601810297258
2008.6397 9.77 -85.20 35.14812889786197 12.02204742678600
2008.6671 9.77 -85.20 11.79098249087442 11.38440861746434
2008.6945 9.77 -85.20 29.09623268329560 10.97970867574280
2008.7219 9.77 -85.20 27.68269274902317 13.12228159401283
2008.7493 9.77 -85.20 35.75910889555707 11.72533917684527
2008.7767 9.77 -85.20 21.05209870149468 14.21091743697846
2008.8041 9.77 -85.20 31.66722165411927 14.36616658646926
2008.8315 9.77 -85.20 15.51037390371557 16.08823644152010
2008.8589 9.77 -85.20 9.35089194269634 18.84494685999198
2008.8863 9.77 -85.20 45.50894711046180 18.05772707915092
2008.9137 9.77 -85.20 27.69425442234932 17.32476643982823
2008.9411 9.77 -85.20 -1.02795151123047 17.78387539198824
2008.9685 9.77 -85.20 19.46106675354214 16.53581496172685
2008.9945 9.77 -85.20 5.82506895312586 14.11655143974420
2009.0205 9.77 -85.20 10.11593058382300 14.08768304490694
2009.0479 9.77 -85.20 10.40513033286848 14.09949449366189
2009.0753 9.77 -85.20 -2.32441330217460 13.21093434522491
2009.1027 9.77 -85.20 20.70116900433078 16.90892012544362
2009.1301 9.77 -85.20 4.87303733403894 13.09405157090265
2009.1575 9.77 -85.20 6.02977881251471 13.17661473525734
2009.1849 9.77 -85.20 25.75523911420034 15.92504375328408
2009.2123 9.77 -85.20 -18.15063786036351 12.90499249327616
2009.2397 9.77 -85.20 -31.86902990943006 15.18977368595444
2009.2671 9.77 -85.20 -11.72050860994389 12.52312279760093
2009.2945 9.77 -85.20 -38.70775530187974 12.91490109835742
2009.3219 9.77 -85.20 -31.44113100800054 13.41632257924363
2009.3493 9.77 -85.20 -26.78050581386317 12.15552373113901
2009.3767 9.77 -85.20 -35.37101192813291 12.79999088576592
2009.4041 9.77 -85.20 7.70145272892289 10.96496919009096
2009.4315 9.77 -85.20 -28.90660228639056 13.06143468847234
2009.4589 9.77 -85.20 -31.32543178820032 10.55795803902454
2009.4863 9.77 -85.20 5.87450243800828 11.76844820094255
2009.5137 9.77 -85.20 -1.85832180490807 10.97583842405359
2009.5411 9.77 -85.20 14.74652309264122 13.82469472491043
2009.5685 9.77 -85.20 6.89079924291900 14.82720695101638
2009.5959 9.77 -85.20 18.05922359758445 12.81837123564412
2009.6233 9.77 -85.20 27.89711098092099 13.71605126909500
2009.6507 9.77 -85.20 24.53751081460207 13.24829163593161
2009.6781 9.77 -85.20 30.24449259547735 14.42335017536701
2009.7055 9.77 -85.20 28.57729769963638 15.21425140681315
2009.7329 9.77 -85.20 23.35466439773059 14.48070480699421
2009.7603 9.77 -85.20 7.55179010589581 16.61175839484287
2009.7877 9.77 -85.20 -3.67456627047883 15.28370859081867
2009.8151 9.77 -85.20 20.18842188178551 16.65620000145827
2009.8425 9.77 -85.20 33.77132253881527 14.96572203611396
2009.8699 9.77 -85.20 28.32295027357042 14.21203044891750
2009.8973 9.77 -85.20 4.33969068243519 13.19493960642522
2009.9247 9.77 -85.20 16.53408288983553 12.67988980275650
2009.9521 9.77 -85.20 -14.44338820341945 12.06897512711221
2009.9795 9.77 -85.20 16.78404929510641 12.40984705399166
2010.0068 9.77 -85.20 -15.12838156800892 16.38557748895649
2010.0342 9.77 -85.20 -37.04122925654713 12.27539223718877
2010.0616 9.77 -85.20 -18.23017306981090 12.70480573994623
2010.0890 9.77 -85.20 3.51727174511280 15.76744342754069
2010.1164 9.77 -85.20 -32.14257970980500 16.28712688669449
2010.1438 9.77 -85.20 -70.66465433230813 15.31231932570507
2010.1712 9.77 -85.20 -3.97792411757471 14.59278603863506
2010.1986 9.77 -85.20 -8.30769493389093 13.94747544731865
2010.2260 9.77 -85.20 -7.03781755497408 15.30830103184148
2010.2534 9.77 -85.20 -26.62221791349810 15.66685606674797
2010.2808 9.77 -85.20 -25.17233716173950 11.69538141322584
2010.3082 9.77 -85.20 -33.85590856929858 12.41982973759611
2010.3356 9.77 -85.20 -33.95285672629637 10.86094034436537
2010.3630 9.77 -85.20 -49.74227432392881 11.63679264865691
2010.3904 9.77 -85.20 -14.37325965229730 11.63642855178491
2010.4178 9.77 -85.20 -4.62745259395044 12.43707524679276
2010.4452 9.77 -85.20 -42.48185043220841 10.75625399703010
2010.4726 9.77 -85.20 -12.59664596443169 9.51296073448988
2010.5000 9.77 -85.20 2.00625316003228 11.12440605958254
2010.5274 9.77 -85.20 -11.59787730507389 19.09177075359639
2010.5548 9.77 -85.20 4.01992339866313 11.69989457112282
2010.5822 9.77 -85.20 6.74578589853827 10.43116227852866
2010.6096 9.77 -85.20 3.90809598169661 14.13639564917154
2010.6370 9.77 -85.20 20.91629968454749 12.35402579560033
2010.6644 9.77 -85.20 29.59157141460402 11.43675177328934
2010.6918 9.77 -85.20 32.31496874360070 14.23969828905247
2010.7192 9.77 -85.20 57.05271601669399 13.16940616866144
2010.7466 9.77 -85.20 29.38468559276036 15.69087714870363
2010.7740 9.77 -85.20 60.64609451169047 12.06119439443057
2010.8014 9.77 -85.20 20.78341511924900 11.59049281667695
2010.8288 9.77 -85.20 28.92854476476634 13.54478257975522
2010.8562 9.77 -85.20 54.07784891210760 13.19229180339681
2010.8836 9.77 -85.20 27.82970914237043 11.91725966337934
2010.9110 9.77 -85.20 26.85634861610734 13.33059986352397
2010.9384 9.77 -85.20 32.28505235663136 13.93367905285177
2010.9658 9.77 -85.20 12.87975743196665 15.51032342634046
2010.9932 9.77 -85.20 6.30584795525388 11.08293049246458
2011.1027 9.77 -85.20 -8.93884394769591 10.94460599550541
2011.1301 9.77 -85.20 9.00567323405313 18.32979728450250
2011.1575 9.77 -85.20 -25.27558110190351 11.61667227664456
2011.1849 9.77 -85.20 -19.38242994657764 8.79001853782409
2011.2123 9.77 -85.20 -49.36087190501293 15.53998627558804
2011.2397 9.77 -85.20 -17.57660967715718 16.43406463513895
2011.2671 9.77 -85.20 -17.44989507040320 12.84988154933545
2011.2945 9.77 -85.20 3.57369414992676 15.41637914855420
2011.3219 9.77 -85.20 -17.57009441749742 14.35189919107321
2011.3493 9.77 -85.20 -20.51427499934890 12.58282207247651
2011.3767 9.77 -85.20 -33.25228222326062 15.13435858777424
2011.4041 9.77 -85.20 -9.63414497710026 12.92483877356493
2011.4315 9.77 -85.20 -10.54798269007178 12.69730721877285
2011.5137 9.77 -85.20 -0.19957143748288 11.47841333321786
2011.5411 9.77 -85.20 5.78651741786864 12.52882545940781
2011.5685 9.77 -85.20 -5.43678706320970 12.05091309335746
2011.5959 9.77 -85.20 6.14566530387351 13.12268091877553
2011.6233 9.77 -85.20 33.91772614054906 12.97068945655024
2011.6507 9.77 -85.20 32.55587960598062 16.01816408802542
2011.6781 9.77 -85.20 9.06009174671935 14.86514085876895
2011.7055 9.77 -85.20 12.36368883757188 14.98388104704060
2011.7329 9.77 -85.20 -3.50744474352794 17.72291944044620
2011.7603 9.77 -85.20 28.01225523121700 14.95327119834200
2011.7877 9.77 -85.20 24.83791547730331 16.08697406008911
2011.8151 9.77 -85.20 25.73220519185838 15.70089284290900
2011.8425 9.77 -85.20 44.77720218915617 17.36813478754855
2011.8699 9.77 -85.20 40.09549619861963 16.03306519254819
2011.9521 9.77 -85.20 18.61111946202255 9.71814516385546
2011.9795 9.77 -85.20 15.50504880586494 13.59798041658059
2012.0068 9.77 -85.20 44.59583168422029 12.47994575504265
2012.0342 9.77 -85.20 -21.39932485855615 15.17751261946774
2012.0616 9.77 -85.20 10.80189269916275 13.06932601540344
2012.0890 9.77 -85.20 43.30275666890329 12.82913685367390
2012.1164 9.77 -85.20 -15.11264517821402 12.42168551313624
2012.1438 9.77 -85.20 -6.06721577440803 12.90055082776655
2012.1712 9.77 -85.20 -19.60521163332021 12.05444132924763
2012.1986 9.77 -85.20 -14.06477780285029 10.88374818730330
2012.2260 9.77 -85.20 -40.03517301154681 11.29949912327424
2012.2534 9.77 -85.20 -36.06973558298782 11.00047207042998
2012.2808 9.77 -85.20 -14.03099641243141 10.22864402773421
2012.3082 9.77 -85.20 -44.85048134425753 11.33560961745119
2012.3904 9.77 -85.20 -33.98328126625091 11.86390683522309
2012.4178 9.77 -85.20 -29.57250678180525 9.27732439925815
2012.4452 9.77 -85.20 -16.17946271137397 9.09550933109412
2012.4726 9.77 -85.20 -10.56786383569013 9.93778099638999
2012.5000 9.77 -85.20 -6.83409414579610 9.33070994583186
2012.5274 9.77 -85.20 -12.69323684593378 10.00988670248510
2012.5548 9.77 -85.20 -2.05436404589205 10.01074371385639
2012.5822 9.77 -85.20 23.42612146293303 10.74454158994829
2012.6096 9.77 -85.20 15.13503407430310 10.69960214688452
2012.6370 9.77 -85.20 13.45290386523336 9.75494947548241
2012.6644 9.77 -85.20 -6.94293649729705 10.83290676091711
2012.6918 9.77 -85.20 17.46369349189745 11.21548739481755
2012.7192 9.77 -85.20 8.39015766823257 13.91769030199521
2012.7466 9.77 -85.20 8.68779325610032 8.98159359578153
2012.8562 9.77 -85.20 22.76060317731896 14.23883433767193
2012.8836 9.77 -85.20 -3.55790876283857 13.43676380876553
2012.9110 9.77 -85.20 24.38451958099839 12.63448367618236
2012.9384 9.77 -85.20 -4.85269200008218 11.75877698834002
2012.9658 9.77 -85.20 -18.97684358958390 13.79684442680282
2012.9918 9.77 -85.20 15.21472484339361 6.39769009309520
2013.0178 9.77 -85.20 10.61884804498353 7.78719433320222
2013.0452 9.77 -85.20 9.06909900987755 7.69195811043299
2013.0726 9.77 -85.20 -20.35293392546427 6.99348046350486
2013.1000 9.77 -85.20 -13.19731095483128 7.20699276540692
2013.1274 9.77 -85.20 -15.68244516321067 6.53950698261841
2013.1548 9.77 -85.20 -42.83041177294599 5.86733337767923
2013.2644 9.77 -85.20 -46.07221538737227 6.61462002206762
2013.2918 9.77 -85.20 -28.68356505192195 6.78032585256029
2013.3192 9.77 -85.20 -25.99939784763326 7.67576929546016
2013.3466 9.77 -85.20 -40.27609693788967 7.92000191393009
2013.3740 9.77 -85.20 -32.56105987329483 6.62231213556088
2013.4014 9.77 -85.20 -30.09562684324995 6.87717282761787
2013.4288 9.77 -85.20 -1.98911681916893 5.86840889308900
2013.4562 9.77 -85.20 -24.66751270910068 5.94941535855101
2013.4836 9.77 -85.20 -19.00711628194293 6.17326484092247
2013.5110 9.77 -85.20 -15.61210209902033 7.16015913115882
2013.5384 9.77 -85.20 -18.60203376235913 6.77740533518960
2013.5658 9.77 -85.20 -16.23704145309985 7.26686804269981
2013.7575 9.77 -85.20 -4.52934556065641 6.65579241581044
2013.7849 9.77 -85.20 -8.98786253488283 7.03922353972005
2013.8123 9.77 -85.20 -8.21128863486489 6.38018741211324
2013.8397 9.77 -85.20 6.99826170306332 6.49337298039907
2013.8671 9.77 -85.20 -13.50999282534368 6.90268441204915
2013.8945 9.77 -85.20 16.05579405728159 6.45596916696432
2013.9219 9.77 -85.20 1.58606546493614 5.57245855459190
2013.9493 9.77 -85.20 -15.95827670505882 6.06638914648698
2013.9767 9.77 -85.20 -16.68930867390470 6.01950423145293
2014.0041 9.77 -85.20 -55.96780727523960 5.84364879557914
2014.0315 9.77 -85.20 -22.82938063045212 6.18632109570727
2014.1685 9.77 -85.20 -9.61911289115413 6.45480023900701
2014.1959 9.77 -85.20 -20.39866006645946 6.89768350914801
2014.2233 9.77 -85.20 -27.45858628268793 6.42689040782352
2014.2507 9.77 -85.20 -26.88618831560176 5.81637492324385
2014.2781 9.77 -85.20 -38.00431747679440 6.24645102943297
2014.3055 9.77 -85.20 -48.65458116048323 5.94916707806346
2014.3329 9.77 -85.20 -45.85746375635509 4.67052140754552
2014.3603 9.77 -85.20 -35.21213109158450 5.49544972201643
2014.3877 9.77 -85.20 -25.30516240524814 5.51049999766174
2014.4151 9.77 -85.20 -38.78587469140690 5.42230570098390
2014.4425 9.77 -85.20 -26.11626414909154 5.81587467992801
2014.4699 9.77 -85.20 -28.51815246803358 5.68610719807306
2014.5795 9.77 -85.20 -21.63986570920855 4.44819033108091
2014.6068 9.77 -85.20 3.85417053408634 4.90246949706857
2014.6342 9.77 -85.20 2.55298030392872 4.30158923303187
2014.6616 9.77 -85.20 -3.36355600298066 5.00465949097035
2014.6890 9.77 -85.20 7.14197268167804 4.87331179680286
2014.7164 9.77 -85.20 3.19540112211089 4.75405255862123
2014.7438 9.77 -85.20 6.10088030617062 5.29298424654789
2014.7712 9.77 -85.20 -4.31287298547651 5.22641084229129
2014.7986 9.77 -85.20 1.26265403007606 4.47174897533658
2014.8260 9.77 -85.20 3.95589568122031 4.42659269756066
2014.8534 9.77 -85.20 16.60083031672049 4.73697052555091
2014.8808 9.77 -85.20 4.78935160791565 4.75106836916929
2014.9082 9.77 -85.20 -10.25976357397964 4.86931711220056
2015.0452 9.77 -85.20 -22.65674277827327 3.40648174779872
2015.0726 9.77 -85.20 -29.22749191843678 3.90328531437663
2015.1000 9.77 -85.20 -12.82276013740885 3.30315782720397
2015.1274 9.77 -85.20 -10.56462817624998 3.04479042731494
2015.1548 9.77 -85.20 -6.93011207849386 3.74922425141221
2015.1822 9.77 -85.20 -30.15370058141412 3.42588945032819
2015.2096 9.77 -85.20 -20.72558042245700 5.02116460347425
2015.2370 9.77 -85.20 -42.21223418847718 5.56665076507805
2015.2644 9.77 -85.20 -53.38364160684890 4.74161487197583
2015.2918 9.77 -85.20 -10.84894936925143 4.62792403520980
2015.3192 9.77 -85.20 -51.56668668177496 4.44999755308119
2015.3466 9.77 -85.20 -48.80214187372127 4.88196571074391
2015.4836 9.77 -85.20 -18.55067682626715 3.94445858743848
2015.5110 9.77 -85.20 -20.89333201750452 3.90733737345969
2015.5384 9.77 -85.20 -21.69104483917664 4.44191988625717
2015.5658 9.77 -85.20 -28.31573480075513 4.75531499144378
2015.5932 9.77 -85.20 -32.70613764004927 5.05408206254998
2015.6205 9.77 -85.20 -5.88101779972088 4.75047739630763
2015.6479 9.77 -85.20 2.50817422595727 4.65023185694030
2015.6753 9.77 -85.20 3.87420716313651 4.33453589772018
2015.7027 9.77 -85.20 -6.98541248424436 4.94809267774401
2015.7301 9.77 -85.20 -2.69808995421098 4.84690416714996
2015.9493 9.77 -85.20 -0.71102131554889 4.66046248047882
2015.9767 9.77 -85.20 -4.94357409915890 5.22782206877792
2016.0041 9.77 -85.20 -0.32608226497252 4.60461312442337
2016.0315 9.77 -85.20 -32.23505871234715 4.37188762528234
2016.0589 9.77 -85.20 -26.38840801438943 4.46136641044676
2016.0863 9.77 -85.20 -29.50120331506343 3.85335906155418
2016.1137 9.77 -85.20 -28.45690163665572 4.57128277230843
2016.1411 9.77 -85.20 -21.47380385955097 5.71990984725697
2016.1685 9.77 -85.20 -22.16548395435767 6.35759192686908
2016.1959 9.77 -85.20 -35.65376090126774 6.25089276166312
2016.2233 9.77 -85.20 -59.81578140818686 6.38740835969831
2016.2507 9.77 -85.20 -28.62142983458396 4.66902161929174
2016.3603 9.77 -85.20 -53.07216000710698 4.32252563753867
2016.3877 9.77 -85.20 -53.55555733032675 5.34389772522993
2016.4151 9.77 -85.20 -51.82995570156140 5.15935643449439
2016.4425 9.77 -85.20 -28.10322443611997 5.69199795967773
2016.4699 9.77 -85.20 -21.10213224655630 5.55697516200847
