2002.5877 42.86 -80.73 8.63133020043917 10.20197870030047
2002.6151 42.86 -80.73 -2.05430516436557 9.94566352702373
2002.6425 42.86 -80.73 19.78499766033698 10.16260472513012
2002.6699 42.86 -80.73 -0.52064520800737 8.50044084132447
2002.6973 42.86 -80.73 -12.32342945995641 13.61677972051255
2002.7247 42.86 -80.73 -8.80885689517356 9.67515947842311
2002.7521 42.86 -80.73 8.47720694429385 8.84496328119112
2002.7795 42.86 -80.73 -23.71674042152763 10.10009076950474
2002.8068 42.86 -80.73 -17.88455859798372 9.18477053100017
2002.8342 42.86 -80.73 -8.88862393458144 9.01156245385159
2002.8616 42.86 -80.73 -41.43785552426181 8.60764033692488
2002.8890 42.86 -80.73 -24.55133827479477 9.15798140690363
2002.9164 42.86 -80.73 -38.02807963311010 9.46642848186915
2003.0260 42.86 -80.73 -18.91915585642705 10.54829522317410
2003.0534 42.86 -80.73 -95.18402562407128 18.54710420126576
2003.0808 42.86 -80.73 -6.59437342274222 15.27061494454229
2003.1082 42.86 -80.73 -29.73754535201152 8.46597247102920
2003.1356 42.86 -80.73 -30.45872462983370 7.79160997933634
2003.1630 42.86 -80.73 -10.21411802575560 8.47188900743220
2003.1904 42.86 -80.73 -14.46998750245217 9.91147900668063
2003.2178 42.86 -80.73 -24.23468639528474 8.35818608500309
2003.2452 42.86 -80.73 -14.06064049192368 8.30654859541516
2003.2726 42.86 -80.73 5.89406041447270 8.08071969409061
2003.3000 42.86 -80.73 -19.06527757737549 7.93469906399209
2003.3274 42.86 -80.73 18.48231978549355 10.65578319176090
2003.3548 42.86 -80.73 12.67393081037023 12.12365455786084
2003.3822 42.86 -80.73 2.34184168349037 10.32490640271630
2003.5192 42.86 -80.73 -11.76229396539184 11.84342651734884
2003.5466 42.86 -80.73 -1.36241715495964 13.51995704050452
2003.5740 42.86 -80.73 -7.92772601934209 16.19825837595668
2003.6014 42.86 -80.73 9.30922130164296 13.56614650485447
2003.6288 42.86 -80.73 -5.38493962799415 12.46731990170784
2003.6562 42.86 -80.73 -21.70108095700807 13.64914569980953
2003.6836 42.86 -80.73 -17.63985599593440 13.68735826407738
2003.7110 42.86 -80.73 0.34140063585682 10.09721018848548
2003.7384 42.86 -80.73 -14.53230632764139 12.81204106755457
2003.7658 42.86 -80.73 -15.01501448237557 11.66088218595153
2003.7932 42.86 -80.73 -24.52384988897313 13.27095535495600
2003.8205 42.86 -80.73 -4.03878363599070 14.09056586891503
2003.8479 42.86 -80.73 -27.49130462106629 11.90896241473313
2003.8753 42.86 -80.73 -47.60152165299456 13.12660660633094
2003.9027 42.86 -80.73 -2.17836065560091 11.51849085140402
2003.9301 42.86 -80.73 -28.84857489911084 12.28809582063046
2003.9575 42.86 -80.73 -6.41966642565090 14.27968781966867
2003.9849 42.86 -80.73 -16.98577524653169 13.34164627335613
2004.0123 42.86 -80.73 -33.47897530204729 14.32712681328566
2004.0397 42.86 -80.73 -18.96444127319746 10.96651928793243
2004.0945 42.86 -80.73 2.18771695302000 10.21394957626122
2004.1219 42.86 -80.73 -1.40989474491618 11.75448699402912
2004.1493 42.86 -80.73 -13.05483938807264 14.00823317518590
2004.1767 42.86 -80.73 0.88377096547001 15.40328621698366
2004.2041 42.86 -80.73 9.79098274546562 12.09226775566792
2004.2315 42.86 -80.73 -14.37880477427760 12.27551094046724
2004.2589 42.86 -80.73 -20.77338927109956 12.63243559827327
2004.2863 42.86 -80.73 7.79829186489669 12.70976984202798
2004.3137 42.86 -80.73 27.89845984367584 12.00413454820152
2004.3411 42.86 -80.73 25.07331481246730 13.31614013823426
2004.3685 42.86 -80.73 12.28038481218292 12.55667371427193
2004.3959 42.86 -80.73 31.07914295742962 10.81681897113250
2004.4233 42.86 -80.73 41.64716139673130 10.35231264656609
2004.4507 42.86 -80.73 29.62699754319249 9.26060765028134
2004.4781 42.86 -80.73 14.82872111686507 10.30019990103419
2004.5055 42.86 -80.73 28.89147301100697 9.99299677917886
2004.5329 42.86 -80.73 21.20004079380937 9.34058128572774
2004.5603 42.86 -80.73 27.75076325190316 9.69509021758292
2004.5877 42.86 -80.73 27.12513650967790 9.72815216901965
2004.6151 42.86 -80.73 23.41280336409445 10.78055397037273
2004.6425 42.86 -80.73 35.02728188368766 8.99140007343513
2004.6699 42.86 -80.73 33.35542709201831 8.97134984464734
2004.6973 42.86 -80.73 37.42091575950180 8.33510998518774
2004.7247 42.86 -80.73 13.85675603255495 9.73914247623456
2004.7521 42.86 -80.73 -2.56482062011484 9.23920530694698
2004.7795 42.86 -80.73 -8.61920061369398 9.07709565237564
2004.8068 42.86 -80.73 -15.37710722857676 10.24044192153491
2004.8342 42.86 -80.73 -27.61126959940541 10.13002168329846
2004.8616 42.86 -80.73 -23.38065461490898 8.72862489141893
2004.8890 42.86 -80.73 -16.23400426850462 8.76579025675707
2004.9164 42.86 -80.73 -23.91637242359637 9.72863250543871
2004.9438 42.86 -80.73 -30.60348593557203 10.52103190166628
2004.9712 42.86 -80.73 9.85215553439101 9.87337964643507
2004.9973 42.86 -80.73 3.82029716132915 9.35701368057029
2005.0233 42.86 -80.73 22.20402796560321 11.28164384895092
2005.0507 42.86 -80.73 2.06630517188719 17.64202211961137
2005.0781 42.86 -80.73 2.06323399357404 12.89527344615175
2005.1055 42.86 -80.73 21.97557257698691 12.74663285331678
2005.1329 42.86 -80.73 8.20691705852757 13.07011524101643
2005.1603 42.86 -80.73 -1.68363675679062 11.38035913735563
2005.1877 42.86 -80.73 11.02428731574706 11.24885685597448
2005.2151 42.86 -80.73 21.05562186721154 10.36658605247080
2005.2425 42.86 -80.73 1.94222899397845 10.18673756833948
2005.2699 42.86 -80.73 16.43850713085271 11.00013127107448
2005.2973 42.86 -80.73 15.69246864676347 11.70473710420395
2005.3247 42.86 -80.73 49.43957621489116 12.36865177170342
2005.3521 42.86 -80.73 38.27780854444028 4.39951219691853
2005.3795 42.86 -80.73 25.77537151022923 11.47847878739989
2005.4068 42.86 -80.73 25.83531880410190 10.33394118386711
2005.4342 42.86 -80.73 6.74016760579806 11.84171420494423
2005.4616 42.86 -80.73 8.06003586589398 10.85907923430551
2005.4890 42.86 -80.73 0.74272492268818 10.28006978741786
2005.5164 42.86 -80.73 7.63569589964079 10.21305917777582
2005.5438 42.86 -80.73 -2.35161396138105 11.30570040599630
2005.5712 42.86 -80.73 2.52822120907751 12.46354654396612
2005.5986 42.86 -80.73 4.77582213961491 12.75925777345555
2005.6260 42.86 -80.73 -12.39992102830610 11.11338268114348
2005.6534 42.86 -80.73 -24.37816694157789 11.89083773952302
2005.6808 42.86 -80.73 4.62421932179998 11.59409950848959
2005.7082 42.86 -80.73 -23.22988249427180 14.49943991498895
2005.7356 42.86 -80.73 -19.86632364633901 12.56081533069791
2005.7630 42.86 -80.73 -25.04183098912257 12.57759154010933
2005.7904 42.86 -80.73 -11.71056851250909 11.60822846546528
2005.8178 42.86 -80.73 -12.51936182163690 12.02495441262569
2005.8452 42.86 -80.73 -0.96895149420184 12.85633896307745
2005.8726 42.86 -80.73 -16.51256897384688 11.05448187984327
2005.9000 42.86 -80.73 -24.81416330961251 10.68676348839979
2005.9274 42.86 -80.73 14.28432896110854 10.49293052277670
2005.9548 42.86 -80.73 -26.76234635943311 9.01357304718993
2005.9822 42.86 -80.73 -15.64409094723459 9.75857776171340
2006.0096 42.86 -80.73 -31.21374736911224 11.21366881635700
2006.0370 42.86 -80.73 -20.14915439976794 14.52837355585672
2006.0644 42.86 -80.73 -8.99419277022532 14.67987821507153
2006.0918 42.86 -80.73 -23.22540430406456 14.79772607099544
2006.1192 42.86 -80.73 -7.06307339932286 17.31361038725235
2006.1466 42.86 -80.73 -20.44012609089340 13.16964665587422
2006.1740 42.86 -80.73 -11.48114645903951 15.37963047417970
2006.2014 42.86 -80.73 -2.53727173124737 11.40134671166184
2006.2288 42.86 -80.73 -15.04592151311827 15.48256169817838
2006.2562 42.86 -80.73 -4.89847940609231 14.63448060788551
2006.2836 42.86 -80.73 -12.26154957231267 14.16648406659961
2006.3110 42.86 -80.73 2.69528424482213 15.23140300727276
2006.3384 42.86 -80.73 -14.54466467132123 13.72747429521651
2006.3658 42.86 -80.73 -53.86230243914197 15.33099404818821
2006.3932 42.86 -80.73 -3.99232758677045 14.99422469256178
2006.4205 42.86 -80.73 24.80419964726136 14.93803187810042
2006.4479 42.86 -80.73 -6.25651775023126 15.90590037947806
2006.4753 42.86 -80.73 30.42767543767820 16.57107731141858
2006.5027 42.86 -80.73 0.29739691696571 17.33242972088118
2006.5301 42.86 -80.73 -8.26150013050597 21.10856053041707
2006.5575 42.86 -80.73 11.34072686477278 16.41973729917842
2006.5849 42.86 -80.73 30.29913976064325 16.94284626568287
2006.6123 42.86 -80.73 12.76541526459172 21.86563805246668
2006.6397 42.86 -80.73 -4.42585020111407 18.09539638291877
2006.6671 42.86 -80.73 15.76484674987166 16.08115508271639
2006.6945 42.86 -80.73 -3.60563075381433 21.17092977648816
2006.7219 42.86 -80.73 8.86734847269460 19.16729558805972
2006.7493 42.86 -80.73 -1.59740575063334 23.42130656112066
2006.7767 42.86 -80.73 20.65122992567775 20.37784536748810
2006.8041 42.86 -80.73 7.19685732590923 15.98115575862921
2006.8315 42.86 -80.73 1.94995590266807 19.04747811147012
2006.8589 42.86 -80.73 10.36435077059949 18.35644152716630
2006.8863 42.86 -80.73 4.66863157128687 17.38041740507201
2006.9137 42.86 -80.73 16.35995858759000 16.65250026266850
2006.9411 42.86 -80.73 -7.99682210273581 16.27370663420818
2006.9685 42.86 -80.73 1.70394687306562 15.89093082734235
2006.9959 42.86 -80.73 -13.09910860623362 15.41400419208986
2007.0233 42.86 -80.73 10.05168596103526 13.99999785905018
2007.0507 42.86 -80.73 -0.51044208027652 14.90562425958240
2007.0781 42.86 -80.73 -2.75811651921126 15.90290915500356
2007.1055 42.86 -80.73 6.92767498758849 13.96196684090480
2007.1329 42.86 -80.73 -7.38246063807129 15.42420534127280
2007.1603 42.86 -80.73 11.42290016952459 14.67781321961221
2007.1877 42.86 -80.73 -17.25950896455251 20.04118808391430
2007.2151 42.86 -80.73 12.12215757361911 17.68549892863157
2007.2425 42.86 -80.73 -1.54299540242614 16.92087437298693
2007.2699 42.86 -80.73 -1.72719326297939 12.68681242808015
2007.2973 42.86 -80.73 3.77742490069837 11.88658671460450
2007.3247 42.86 -80.73 -3.96544430600451 15.24536307799290
2007.3521 42.86 -80.73 19.54963477255424 16.97686035813605
2007.3795 42.86 -80.73 15.27510758437389 18.00956002007873
2007.4068 42.86 -80.73 18.21214987252597 14.47133013581805
2007.4342 42.86 -80.73 1.69567020942714 13.66717323004322
2007.4616 42.86 -80.73 -5.93669063677250 19.00864108777983
2007.4890 42.86 -80.73 -4.01854967326482 13.70591765446880
2007.5164 42.86 -80.73 -19.55505176785050 14.73435082472945
2007.5438 42.86 -80.73 -11.78565108803490 14.14077151803562
2007.5712 42.86 -80.73 -12.16648942996831 14.53757370960692
2007.5986 42.86 -80.73 -8.25749777147931 18.30114408459822
2007.6260 42.86 -80.73 -19.77647535629332 14.41745696769331
2007.6534 42.86 -80.73 -15.26472753028557 14.72750029919567
2007.6808 42.86 -80.73 -32.89532945385024 15.38599054493718
2007.7082 42.86 -80.73 -28.39611379587156 10.58964626176145
2007.7356 42.86 -80.73 -6.83763678626559 15.80487537215597
2007.7630 42.86 -80.73 -41.07891017889941 11.33803357557790
2007.7904 42.86 -80.73 -52.28282304898585 15.75072210564991
2007.8178 42.86 -80.73 -44.37266018107081 18.57915460495006
2007.8452 42.86 -80.73 -54.68225993138135 14.42598950549060
2007.8726 42.86 -80.73 -87.16066494710809 17.08474053629391
2007.9000 42.86 -80.73 -65.02889664115830 18.00145204537205
2007.9274 42.86 -80.73 -41.43879861580278 17.88736000203926
2007.9548 42.86 -80.73 -33.49234575388948 13.06291068880235
2007.9822 42.86 -80.73 -35.26819637320852 16.51754141510159
2008.0096 42.86 -80.73 -40.19247029437106 14.37555895803181
2008.0370 42.86 -80.73 -24.62159281620936 15.03469748180756
2008.0644 42.86 -80.73 -38.93354173187388 17.73286231736921
2008.0918 42.86 -80.73 -13.53380410649928 13.40924655853816
2008.1192 42.86 -80.73 -15.11765962041381 16.36555915675706
2008.1466 42.86 -80.73 -8.06188245629642 19.36583976912891
2008.1740 42.86 -80.73 27.13609321948540 16.69427179955608
2008.2014 42.86 -80.73 22.82485221072467 18.39550565762106
2008.2288 42.86 -80.73 46.37370032732537 20.37584841934652
2008.2562 42.86 -80.73 0.44793480535692 19.34103089699403
2008.2836 42.86 -80.73 21.99677623463739 23.31356135131573
2008.3110 42.86 -80.73 7.39534891153963 24.39863834896822
2008.3384 42.86 -80.73 29.30743022736704 17.90507728066410
2008.3658 42.86 -80.73 15.90263530959749 18.09455087913855
2008.3932 42.86 -80.73 24.31989337271504 16.05184473713515
2008.4205 42.86 -80.73 4.07593406994547 14.02328559171206
2008.4479 42.86 -80.73 8.98344699953978 14.51823246786180
2008.4753 42.86 -80.73 2.33096690818000 13.92469852707169
2008.5027 42.86 -80.73 29.62913125931192 17.23257829306404
2008.5301 42.86 -80.73 22.50001084531828 21.32238787973051
2008.5575 42.86 -80.73 5.34338362986164 13.40775876993131
2008.5849 42.86 -80.73 -9.50231576951265 15.99311451642492
2008.6123 42.86 -80.73 5.18298291969624 12.72562931613245
2008.6397 42.86 -80.73 17.91470426898891 14.21883758184411
2008.6671 42.86 -80.73 -12.48244964626261 13.50124268208964
2008.6945 42.86 -80.73 -8.93173575319446 12.99451149201153
2008.7219 42.86 -80.73 3.97417145877675 15.45369865891561
2008.7493 42.86 -80.73 0.63940045418510 13.82202732570974
2008.7767 42.86 -80.73 -2.70011236645966 16.63468561858377
2008.8041 42.86 -80.73 -2.74485543330896 16.79829745180952
2008.8315 42.86 -80.73 0.35347187981961 18.82538805124516
2008.8589 42.86 -80.73 -9.88585830581036 22.03141192604022
2008.8863 42.86 -80.73 -4.23917317709754 21.12963729334492
2008.9137 42.86 -80.73 7.53813910429964 20.21990236965730
2008.9411 42.86 -80.73 -5.17874844389914 20.82292364666681
2008.9685 42.86 -80.73 6.98429120149509 19.40441132246285
2008.9945 42.86 -80.73 15.04806764807912 16.47784260184613
2009.0205 42.86 -80.73 2.48669741079049 16.38316819896856
2009.0479 42.86 -80.73 -3.70375388428888 16.39018583730221
2009.0753 42.86 -80.73 9.81817343385998 15.42090245584944
2009.1027 42.86 -80.73 3.19249395092639 19.64419241800826
2009.1301 42.86 -80.73 16.67907930856600 15.28007122889164
2009.1575 42.86 -80.73 10.67467579585437 15.41924574183897
2009.1849 42.86 -80.73 21.65878267426813 18.48727472646266
2009.2123 42.86 -80.73 4.71190158351323 15.10467925602147
2009.2397 42.86 -80.73 16.65626611767029 17.69038530254073
2009.2671 42.86 -80.73 35.11007078888224 14.61567395423064
2009.2945 42.86 -80.73 13.63640672470940 15.06269321226036
2009.3219 42.86 -80.73 6.04283162387844 15.67378992208875
2009.3493 42.86 -80.73 43.36513688254899 14.23239858246339
2009.3767 42.86 -80.73 24.41610055176253 14.99280573887776
2009.4041 42.86 -80.73 41.83301098983531 12.90272082458702
2009.4315 42.86 -80.73 24.07314791804652 15.28877803414762
2009.4589 42.86 -80.73 1.84492597076653 12.48437767071360
2009.4863 42.86 -80.73 6.00160115722729 13.89638903431281
2009.5137 42.86 -80.73 33.26868593663767 12.99050953396982
2009.5411 42.86 -80.73 20.96254529169586 16.32832455730559
2009.5685 42.86 -80.73 21.06415881490330 17.52170909645728
2009.5959 42.86 -80.73 16.43990754483465 15.17751535610517
2009.6233 42.86 -80.73 32.54776003516529 16.14748537274495
2009.6507 42.86 -80.73 18.56548606850316 15.58447097013242
2009.6781 42.86 -80.73 15.96807676746040 16.90909683679375
2009.7055 42.86 -80.73 -6.01597455478086 17.79379587749616
2009.7329 42.86 -80.73 -6.55576848186561 16.96235698411747
2009.7603 42.86 -80.73 13.45850722872732 19.43338306360283
2009.7877 42.86 -80.73 -19.80878426794380 17.87297784792356
2009.8151 42.86 -80.73 1.96279552659099 19.44002187035153
2009.8425 42.86 -80.73 -4.96522119742163 17.48023572717880
2009.8699 42.86 -80.73 -24.51568218465149 16.60537639107560
2009.8973 42.86 -80.73 -35.09691103596107 15.43155500619216
2009.9247 42.86 -80.73 -13.58802036682106 14.92501223282452
2009.9521 42.86 -80.73 -10.42049111735690 14.16704197864603
2009.9795 42.86 -80.73 -1.84247136394784 14.57462934354234
2010.0068 42.86 -80.73 -16.40431264690979 19.09212278968491
2010.0342 42.86 -80.73 -14.93229554101850 14.40022855238295
2010.0616 42.86 -80.73 -17.64640608624396 14.88092709744208
2010.0890 42.86 -80.73 -10.74021000606051 18.35136509569093
2010.1164 42.86 -80.73 -9.52045124702831 18.97548643289803
2010.1438 42.86 -80.73 3.25321878023921 17.91028180009411
2010.1712 42.86 -80.73 -1.50960028625566 17.07286881623819
2010.1986 42.86 -80.73 18.19814324367887 16.33484187439021
2010.2260 42.86 -80.73 12.19057767492687 17.95466601791456
2010.2534 42.86 -80.73 -16.50806799647709 18.41966339430011
2010.2808 42.86 -80.73 19.88130507066681 13.81483949196236
2010.3082 42.86 -80.73 -17.96614985193948 14.64055958329159
2010.3356 42.86 -80.73 -2.35968709485581 12.89584091275407
2010.3630 42.86 -80.73 6.02240117255016 13.84660871059468
2010.3904 42.86 -80.73 -8.43834920842625 13.91496550151045
2010.4178 42.86 -80.73 21.40782869154745 14.82885825040858
2010.4452 42.86 -80.73 12.46037840454645 12.86461218514187
2010.4726 42.86 -80.73 0.93014147965182 11.39852832588413
2010.5000 42.86 -80.73 11.42713879374420 13.23479370784617
2010.5274 42.86 -80.73 -5.94451927401220 22.29509034704186
2010.5548 42.86 -80.73 4.72023516235489 13.74800504398710
2010.5822 42.86 -80.73 -3.97380037375525 12.27744907480965
2010.6096 42.86 -80.73 31.29608115383927 16.51100954653139
2010.6370 42.86 -80.73 -6.51280034524327 14.47838073302720
2010.6644 42.86 -80.73 2.30546799936943 13.43025699897656
2010.6918 42.86 -80.73 -20.23266208972561 16.63162582843822
2010.7192 42.86 -80.73 -10.24261292269287 15.40322216261516
2010.7466 42.86 -80.73 -33.28582249230971 18.27186716077163
2010.7740 42.86 -80.73 -9.91882519562492 14.19156134446639
2010.8014 42.86 -80.73 -29.35779284109329 13.61462547235203
2010.8288 42.86 -80.73 -24.22512939803126 15.85346163564614
2010.8562 42.86 -80.73 -34.42502598900928 15.47812101691859
2010.8836 42.86 -80.73 -20.15344595529293 14.05161384991348
2010.9110 42.86 -80.73 -14.41970244460099 15.68021600225852
2010.9384 42.86 -80.73 -2.96977508395383 16.36985058111608
2010.9658 42.86 -80.73 -21.69486834251808 18.19219686652194
2010.9932 42.86 -80.73 -18.20641275029973 13.05460539777784
2011.1027 42.86 -80.73 -40.09720206342639 13.11706314706498
2011.1301 42.86 -80.73 -48.57371240881228 21.58760128894239
2011.1575 42.86 -80.73 -46.91680204676562 13.81488121163065
2011.1849 42.86 -80.73 6.39348792628759 10.53230007663417
2011.2123 42.86 -80.73 4.29671282256647 18.31620139909750
2011.2397 42.86 -80.73 -5.13639704547161 19.26467565837136
2011.2671 42.86 -80.73 18.82170650949602 15.18419840965845
2011.2945 42.86 -80.73 7.20382804074436 18.10060549436248
2011.3219 42.86 -80.73 29.92843685860586 16.87621947480292
2011.3493 42.86 -80.73 31.85748344450842 14.85871267201797
2011.3767 42.86 -80.73 26.88064539158297 17.76339834438934
2011.4041 42.86 -80.73 47.45514579983070 15.27586811489893
2011.4315 42.86 -80.73 28.31393579416201 14.94102821654676
2011.5137 42.86 -80.73 9.95267439902853 13.65997616751630
2011.5411 42.86 -80.73 6.69177092338408 14.87837615568110
2011.5685 42.86 -80.73 2.10946435659956 14.34628235879215
2011.5959 42.86 -80.73 22.81421897713584 15.57904258705277
2011.6233 42.86 -80.73 12.79730882650937 15.43127051236442
2011.6507 42.86 -80.73 15.61439715520228 18.89678272719360
2011.6781 42.86 -80.73 27.97512146839840 17.52430207963961
2011.7055 42.86 -80.73 3.02493631105134 17.62443039806482
2011.7329 42.86 -80.73 0.22302584747131 20.72517234539884
2011.7603 42.86 -80.73 -2.68256677333608 17.55457029523793
2011.7877 42.86 -80.73 -5.76113072020472 18.82599603721867
2011.8151 42.86 -80.73 -1.73883458898234 18.36432147574761
2011.8425 42.86 -80.73 4.46755413645324 20.21129011116584
2011.8699 42.86 -80.73 -5.76418601302182 18.65520013861611
2011.9521 42.86 -80.73 9.63469136291881 11.40540420649714
2011.9795 42.86 -80.73 29.33639802281046 15.83251536255037
2012.0068 42.86 -80.73 14.26065331861321 14.58010366468755
2012.0342 42.86 -80.73 22.68988022768475 17.64819373078604
2012.0616 42.86 -80.73 7.09795577615414 15.23297026261327
2012.0890 42.86 -80.73 6.76907832644957 14.94782198564574
2012.1164 42.86 -80.73 26.09828489362919 14.53767351692743
2012.1438 42.86 -80.73 -11.87418780131319 15.02668350465257
2012.1712 42.86 -80.73 10.65823571200121 14.14819931841860
2012.1986 42.86 -80.73 15.03627264133048 12.67777710029916
2012.2260 42.86 -80.73 12.65540750448615 13.16293390769935
2012.2534 42.86 -80.73 25.48557818659365 12.75638269234939
2012.2808 42.86 -80.73 0.23670808830236 11.81088018351694
2012.3082 42.86 -80.73 -13.93788890868483 13.40669893144162
2012.3904 42.86 -80.73 -11.63088557113353 13.85244153194486
2012.4178 42.86 -80.73 -5.11245720045245 10.71847915257196
2012.4452 42.86 -80.73 10.05173603361006 10.51940141242755
2012.4726 42.86 -80.73 -1.62947825653112 11.47732042800633
2012.5000 42.86 -80.73 2.82132259715780 10.81463298320028
2012.5274 42.86 -80.73 3.04667906324708 11.62624121094115
2012.5548 42.86 -80.73 7.26613822550184 11.62616365557059
2012.5822 42.86 -80.73 12.17749356806715 12.43680745431846
2012.6096 42.86 -80.73 -20.24949398759530 12.44793387963900
2012.6370 42.86 -80.73 -14.41968053213722 11.34428865579323
2012.6644 42.86 -80.73 -27.17505556517809 12.56645924317358
2012.6918 42.86 -80.73 -15.59822656731267 13.03711175022904
2012.7192 42.86 -80.73 -40.60530652371759 16.13104054008306
2012.7466 42.86 -80.73 -35.25006542953157 10.59787156362694
2012.8562 42.86 -80.73 -34.42496264733365 16.56844093936757
2012.8836 42.86 -80.73 -33.67889696812281 15.66082053471685
2012.9110 42.86 -80.73 -48.87844577670636 14.75984863653536
2012.9384 42.86 -80.73 -27.81342316364269 13.85550585103419
2012.9658 42.86 -80.73 -35.73353295381958 16.07751735879049
2012.9918 42.86 -80.73 -9.18468953299130 7.44992092464479
2013.0178 42.86 -80.73 -17.19796106523200 9.02409503127884
2013.0452 42.86 -80.73 -14.83781457028522 8.93448704691429
2013.0726 42.86 -80.73 2.50173886202653 8.14285591998648
2013.1000 42.86 -80.73 1.74300276302681 8.37841781308534
2013.1274 42.86 -80.73 -42.93053488012058 7.65415684460723
2013.1548 42.86 -80.73 -32.24381465225121 6.87595168700436
2013.2644 42.86 -80.73 -15.42184355811142 7.84990882847007
2013.2918 42.86 -80.73 -2.89592263272129 7.93097812121638
2013.3192 42.86 -80.73 -14.99854088714603 8.92167924336388
2013.3466 42.86 -80.73 46.48556891169248 9.19771583167129
2013.3740 42.86 -80.73 24.73369863729450 7.71096043597593
2013.4014 42.86 -80.73 12.18438301719298 8.00420562303978
2013.4288 42.86 -80.73 22.86038786306010 6.86603402787700
2013.4562 42.86 -80.73 58.68837618457319 6.98093962337497
2013.4836 42.86 -80.73 55.24075663835414 7.22744686071873
2013.5110 42.86 -80.73 67.64041729264189 8.32712270623921
2013.5384 42.86 -80.73 36.47001874775317 7.97144812601076
2013.5658 42.86 -80.73 63.39809146205090 8.48301918266469
2013.7575 42.86 -80.73 -18.70228350613584 7.88767612611980
2013.7849 42.86 -80.73 -23.64995665316367 8.29537048662911
2013.8123 42.86 -80.73 -16.60377048413775 7.53404403795429
2013.8397 42.86 -80.73 -21.73282536201296 7.67156627814443
2013.8671 42.86 -80.73 -5.45522462343127 8.17060553124604
2013.8945 42.86 -80.73 29.29155284884711 7.64951539521911
2013.9219 42.86 -80.73 0.89575903187460 6.63100555248040
2013.9493 42.86 -80.73 4.67220482084643 7.21385773930964
2013.9767 42.86 -80.73 -15.22259794078031 7.17262546144431
2014.0041 42.86 -80.73 -18.18175508689135 6.95589469835782
2014.0315 42.86 -80.73 5.08937404660935 7.36343873664256
2014.1685 42.86 -80.73 0.95709800300158 7.65385392256229
2014.1959 42.86 -80.73 26.45502083558425 8.07480550662888
2014.2233 42.86 -80.73 14.36035117861849 7.55641265603251
2014.2507 42.86 -80.73 21.86260306891156 6.81651037230481
2014.2781 42.86 -80.73 37.46388290139894 7.28590417800720
2014.3055 42.86 -80.73 41.01551750033963 6.93340468106600
2014.3329 42.86 -80.73 27.09798124939596 5.46039930396697
2014.3603 42.86 -80.73 43.20527576705231 6.41277254653195
2014.3877 42.86 -80.73 47.84549055872684 6.43137083286268
2014.4151 42.86 -80.73 30.49462623474962 6.34819025735660
2014.4425 42.86 -80.73 5.95245237090309 6.81581725461854
2014.4699 42.86 -80.73 -29.46153995103975 6.68514472269707
2014.5795 42.86 -80.73 8.61630176476298 5.32079427419312
2014.6068 42.86 -80.73 22.91789141983093 5.85366758856893
2014.6342 42.86 -80.73 6.29231421841989 5.15531885418647
2014.6616 42.86 -80.73 15.85238750483961 5.96874998269487
2014.6890 42.86 -80.73 16.97703408638177 5.80742460470941
2014.7164 42.86 -80.73 14.86007190527753 5.66525027167750
2014.7438 42.86 -80.73 31.24417019763456 6.29510562494939
2014.7712 42.86 -80.73 -13.88954105651354 6.22123480158456
2014.7986 42.86 -80.73 7.69345972105802 5.34388740022748
2014.8260 42.86 -80.73 -14.63448644212683 5.29301544511347
2014.8534 42.86 -80.73 -3.91980014395910 5.66197097559557
2014.8808 42.86 -80.73 -3.28114625314925 5.68195202328596
2014.9082 42.86 -80.73 -6.03401151811743 5.81674414635783
2015.0452 42.86 -80.73 -19.60720746901688 4.03190813443991
2015.0726 42.86 -80.73 -19.48382249171185 4.60475850580870
2015.1000 42.86 -80.73 -21.82225660019949 3.91758781228360
2015.1274 42.86 -80.73 -19.35740898048724 3.60528368834746
2015.1548 42.86 -80.73 8.09622931084310 4.42687286829284
2015.1822 42.86 -80.73 -6.03669920159945 4.04928111896151
2015.2096 42.86 -80.73 0.69779948107178 5.91736359471745
2015.2370 42.86 -80.73 -21.28228548698371 6.45560238844716
2015.2644 42.86 -80.73 -43.29754079597444 5.55462528105812
2015.2918 42.86 -80.73 0.48571161435408 5.46216023233816
2015.3192 42.86 -80.73 5.35245784914698 5.23978436599997
2015.3466 42.86 -80.73 -14.52046921015891 5.77496316830272
2015.4836 42.86 -80.73 31.50604595117506 4.80048200030622
2015.5110 42.86 -80.73 38.60582980158605 4.71403095279801
2015.5384 42.86 -80.73 37.48745637209142 5.37997765818035
2015.5658 42.86 -80.73 40.77237421261837 5.72695072927866
2015.5932 42.86 -80.73 27.18033227645805 6.06475223215496
2015.6205 42.86 -80.73 25.94642829794271 5.71390168466815
2015.6479 42.86 -80.73 39.75424246476131 5.58734398745737
2015.6753 42.86 -80.73 22.04257840566935 5.22283162685214
2015.7027 42.86 -80.73 -7.55509564557745 5.94594262310102
2015.7301 42.86 -80.73 9.25962369640104 5.82862407448986
2015.9493 42.86 -80.73 -7.30377322002312 5.54863636900449
2015.9767 42.86 -80.73 -31.64624535562903 6.13063415301584
2016.0041 42.86 -80.73 -8.07642586318516 5.40996084060192
2016.0315 42.86 -80.73 -3.15458496323953 5.13292772842291
2016.0589 42.86 -80.73 -12.32014449779804 5.25238186697638
2016.0863 42.86 -80.73 -16.23020298051058 4.57237220177186
2016.1137 42.86 -80.73 -6.51730420570236 5.37626756925875
2016.1411 42.86 -80.73 -14.75069711272751 6.64663230804001
2016.1685 42.86 -80.73 -6.56308344221598 7.33848514588523
2016.1959 42.86 -80.73 9.08579087421283 7.22707634028253
2016.2233 42.86 -80.73 -1.21449345005403 7.37542919959873
2016.2507 42.86 -80.73 12.40574854171547 5.52380149742263
2016.3603 42.86 -80.73 17.65828839594427 5.19338176357410
2016.3877 42.86 -80.73 39.67251256119149 6.40781747797254
2016.4151 42.86 -80.73 32.86652170015459 6.20267505305436
2016.4425 42.86 -80.73 43.58371744211796 6.83422231692549
2016.4699 42.86 -80.73 37.01951125157580 6.67793034318642
