2002.5877 32.98 -111.52 -0.430 -0.828 0.054 0.113 0.092 0.504
2002.6151 32.98 -111.52 -0.541 -0.759 1.597 0.108 0.089 0.483
2002.6425 32.98 -111.52 -0.505 -0.486 1.905 0.110 0.090 0.491
2002.6699 32.98 -111.52 -0.605 -0.128 0.413 0.095 0.078 0.430
2002.6973 32.98 -111.52 -0.388 0.363 -1.515 0.161 0.071 0.602
2002.7247 32.98 -111.52 -0.655 0.383 -0.231 0.102 0.084 0.456
2002.7521 32.98 -111.52 -0.542 0.053 -1.677 0.095 0.079 0.426
2002.7795 32.98 -111.52 -0.696 -0.045 0.793 0.110 0.091 0.495
2002.8068 32.98 -111.52 -0.602 0.675 -0.913 0.098 0.081 0.439
2002.8342 32.98 -111.52 -0.697 0.223 1.411 0.097 0.080 0.434
2002.8616 32.98 -111.52 -0.840 0.350 -0.432 0.099 0.070 0.427
2002.8890 32.98 -111.52 -0.753 -0.105 -1.154 0.098 0.081 0.438
2002.9164 32.98 -111.52 -0.762 -0.264 0.651 0.105 0.084 0.468
2003.0260 32.98 -111.52 -0.190 -0.104 1.407 0.119 0.096 0.531
2003.0534 32.98 -111.52 -0.335 0.744 -2.626 0.192 0.158 0.846
2003.0808 32.98 -111.52 0.365 -0.964 -3.651 0.172 0.135 0.755
2003.1082 32.98 -111.52 -0.075 -0.289 0.238 0.100 0.079 0.450
2003.1356 32.98 -111.52 -0.058 -0.368 0.480 0.093 0.073 0.420
2003.1630 32.98 -111.52 0.341 -0.159 -1.360 0.099 0.079 0.444
2003.1904 32.98 -111.52 0.248 -0.390 -1.297 0.116 0.090 0.514
2003.2178 32.98 -111.52 0.376 -0.056 -2.181 0.097 0.078 0.439
2003.2452 32.98 -111.52 0.495 -0.524 -3.294 0.095 0.077 0.429
2003.2726 32.98 -111.52 0.285 -0.319 0.827 0.093 0.075 0.419
2003.3000 32.98 -111.52 0.539 -0.688 -0.153 0.091 0.074 0.410
2003.3274 32.98 -111.52 0.620 -0.380 -1.967 0.118 0.097 0.529
2003.3548 32.98 -111.52 0.365 -0.415 0.228 0.129 0.108 0.576
2003.3822 32.98 -111.52 0.242 -0.180 1.368 0.118 0.093 0.524
2003.5192 32.98 -111.52 -0.157 0.001 2.252 0.122 0.105 0.550
2003.5466 32.98 -111.52 -0.502 -0.260 0.426 0.135 0.117 0.605
2003.5740 32.98 -111.52 -0.592 -0.568 -1.083 0.157 0.137 0.701
2003.6014 32.98 -111.52 -0.622 -0.301 0.562 0.135 0.117 0.605
2003.6288 32.98 -111.52 -0.634 -0.788 2.314 0.128 0.110 0.575
2003.6562 32.98 -111.52 -0.985 -0.398 -0.100 0.138 0.118 0.614
2003.6836 32.98 -111.52 -0.656 -0.240 0.084 0.135 0.117 0.606
2003.7110 32.98 -111.52 -0.958 -0.085 -1.062 0.107 0.090 0.480
2003.7384 32.98 -111.52 -1.174 -0.077 -2.014 0.129 0.110 0.576
2003.7658 32.98 -111.52 -1.066 0.236 -3.267 0.119 0.101 0.530
2003.7932 32.98 -111.52 -1.003 0.133 -1.128 0.132 0.113 0.589
2003.8205 32.98 -111.52 -1.100 0.343 0.811 0.143 0.119 0.630
2003.8479 32.98 -111.52 -0.995 0.375 -2.023 0.126 0.101 0.553
2003.8753 32.98 -111.52 -0.940 0.492 -1.054 0.132 0.111 0.585
2003.9027 32.98 -111.52 -0.791 0.026 -1.730 0.121 0.099 0.535
2003.9301 32.98 -111.52 -0.845 0.318 -1.265 0.126 0.104 0.557
2003.9575 32.98 -111.52 -0.657 0.182 0.305 0.141 0.119 0.622
2003.9849 32.98 -111.52 -0.470 0.057 -0.085 0.134 0.112 0.590
2004.0123 32.98 -111.52 -0.271 0.197 -0.410 0.144 0.119 0.631
2004.0397 32.98 -111.52 -0.482 -0.180 0.175 0.122 0.094 0.534
2004.0945 32.98 -111.52 -0.044 -0.008 -2.775 0.114 0.088 0.500
2004.1219 32.98 -111.52 0.052 -0.086 -0.043 0.121 0.098 0.530
2004.1493 32.98 -111.52 -0.082 -0.722 -0.060 0.142 0.115 0.621
2004.1767 32.98 -111.52 -0.153 0.034 -0.955 0.152 0.124 0.660
2004.2041 32.98 -111.52 -0.212 -0.420 -0.190 0.124 0.099 0.541
2004.2315 32.98 -111.52 -0.142 -0.402 -1.335 0.126 0.100 0.548
2004.2589 32.98 -111.52 -0.034 -0.006 0.050 0.131 0.103 0.565
2004.2863 32.98 -111.52 0.004 -0.230 -1.634 0.131 0.103 0.567
2004.3137 32.98 -111.52 0.437 -0.275 -0.701 0.125 0.098 0.539
2004.3411 32.98 -111.52 0.288 -0.070 0.289 0.137 0.107 0.588
2004.3685 32.98 -111.52 0.380 -0.108 0.978 0.132 0.102 0.570
2004.3959 32.98 -111.52 0.273 0.045 2.688 0.116 0.089 0.503
2004.4233 32.98 -111.52 0.042 0.104 3.023 0.112 0.085 0.484
2004.4507 32.98 -111.52 -0.052 0.038 1.924 0.100 0.076 0.431
2004.4781 32.98 -111.52 -0.305 -0.087 0.856 0.109 0.083 0.471
2004.5055 32.98 -111.52 -0.051 0.451 1.626 0.107 0.081 0.461
2004.5329 32.98 -111.52 -0.162 0.138 1.383 0.101 0.077 0.437
2004.5603 32.98 -111.52 -0.392 0.127 1.600 0.104 0.079 0.448
2004.5877 32.98 -111.52 -0.462 0.063 0.904 0.105 0.079 0.453
2004.6151 32.98 -111.52 -0.723 -0.099 0.605 0.116 0.087 0.497
2004.6425 32.98 -111.52 -0.730 -0.019 -0.991 0.099 0.075 0.428
2004.6699 32.98 -111.52 -0.714 -0.192 0.457 0.099 0.075 0.430
2004.6973 32.98 -111.52 -0.887 -0.327 0.168 0.093 0.070 0.405
2004.7247 32.98 -111.52 -0.885 0.396 1.274 0.106 0.080 0.459
2004.7521 32.98 -111.52 -0.775 0.127 -0.284 0.102 0.077 0.443
2004.7795 32.98 -111.52 -0.845 0.241 0.104 0.099 0.075 0.430
2004.8068 32.98 -111.52 -0.699 0.401 -0.264 0.110 0.083 0.473
2004.8342 32.98 -111.52 -0.683 0.276 -2.749 0.108 0.082 0.466
2004.8616 32.98 -111.52 -0.503 0.242 -0.103 0.096 0.073 0.419
2004.8890 32.98 -111.52 -0.502 0.269 -1.694 0.096 0.073 0.418
2004.9164 32.98 -111.52 -0.364 0.482 -1.431 0.104 0.080 0.452
2004.9438 32.98 -111.52 -0.293 0.268 -1.418 0.116 0.088 0.502
2004.9712 32.98 -111.52 -0.291 0.162 -2.057 0.104 0.081 0.452
2004.9973 32.98 -111.52 -0.632 -0.080 -2.683 0.101 0.078 0.441
2005.0233 32.98 -111.52 -0.169 0.133 -4.006 0.116 0.092 0.504
2005.0507 32.98 -111.52 0.264 -0.268 -2.751 0.169 0.139 0.731
2005.0781 32.98 -111.52 -0.018 -0.392 -4.442 0.129 0.104 0.561
2005.1055 32.98 -111.52 0.251 -0.501 -2.075 0.128 0.103 0.558
2005.1329 32.98 -111.52 0.324 -0.112 -4.787 0.131 0.106 0.572
2005.1603 32.98 -111.52 0.514 -0.036 -4.155 0.118 0.094 0.514
2005.1877 32.98 -111.52 0.676 -0.203 -4.358 0.119 0.092 0.516
2005.2151 32.98 -111.52 0.900 -0.009 -2.565 0.113 0.087 0.489
2005.2425 32.98 -111.52 0.730 0.391 -4.575 0.108 0.085 0.474
2005.2699 32.98 -111.52 0.888 0.164 -2.972 0.116 0.092 0.504
2005.2973 32.98 -111.52 0.774 0.224 -2.954 0.122 0.097 0.531
2005.3247 32.98 -111.52 0.552 0.255 -2.219 0.128 0.102 0.559
2005.3521 32.98 -111.52 0.662 0.101 -3.319 0.057 0.044 0.268
2005.3795 32.98 -111.52 0.847 0.100 -1.290 0.120 0.096 0.526
2005.4068 32.98 -111.52 0.451 0.036 -2.315 0.111 0.088 0.486
2005.4342 32.98 -111.52 0.594 -0.225 -1.634 0.127 0.101 0.555
2005.4616 32.98 -111.52 0.356 -0.225 -0.671 0.115 0.092 0.505
2005.4890 32.98 -111.52 0.485 -0.390 0.127 0.109 0.087 0.480
2005.5164 32.98 -111.52 0.071 -0.286 -1.474 0.109 0.087 0.480
2005.5438 32.98 -111.52 -0.026 -0.537 0.333 0.118 0.096 0.519
2005.5712 32.98 -111.52 -0.140 -0.219 -0.791 0.128 0.105 0.563
2005.5986 32.98 -111.52 -0.347 -0.379 -1.649 0.131 0.107 0.575
2005.6260 32.98 -111.52 -0.380 0.230 -2.093 0.116 0.094 0.512
2005.6534 32.98 -111.52 -0.118 -0.085 -3.966 0.122 0.100 0.538
2005.6808 32.98 -111.52 -0.371 -0.010 -4.477 0.120 0.098 0.530
2005.7082 32.98 -111.52 -0.324 -0.090 -3.654 0.144 0.121 0.636
2005.7356 32.98 -111.52 -0.378 -0.205 -2.634 0.127 0.106 0.562
2005.7630 32.98 -111.52 -0.341 0.032 -4.639 0.127 0.107 0.564
2005.7904 32.98 -111.52 -0.386 0.177 -2.940 0.120 0.100 0.531
2005.8178 32.98 -111.52 -0.227 0.004 -1.130 0.123 0.103 0.545
2005.8452 32.98 -111.52 -0.281 0.214 -0.480 0.132 0.110 0.584
2005.8726 32.98 -111.52 -0.222 -0.379 -0.116 0.114 0.095 0.508
2005.9000 32.98 -111.52 0.007 -0.157 -0.604 0.112 0.092 0.496
2005.9274 32.98 -111.52 -0.073 -0.224 -0.482 0.118 0.090 0.514
2005.9548 32.98 -111.52 -0.225 -0.387 -2.606 0.115 0.087 0.520
2005.9822 32.98 -111.52 0.123 -0.365 1.967 0.111 0.087 0.492
2006.0096 32.98 -111.52 0.237 -0.565 2.966 0.120 0.098 0.531
2006.0370 32.98 -111.52 0.154 -0.326 0.516 0.150 0.125 0.663
2006.0644 32.98 -111.52 0.348 -0.153 0.925 0.152 0.127 0.675
2006.0918 32.98 -111.52 0.416 -0.282 0.755 0.151 0.127 0.670
2006.1192 32.98 -111.52 0.431 -0.118 -0.252 0.170 0.146 0.755
2006.1466 32.98 -111.52 0.518 -0.414 -0.647 0.135 0.114 0.600
2006.1740 32.98 -111.52 0.498 -0.583 0.128 0.150 0.130 0.669
2006.2014 32.98 -111.52 0.579 -0.680 -0.546 0.117 0.100 0.525
2006.2288 32.98 -111.52 0.556 -0.169 0.613 0.151 0.132 0.675
2006.2562 32.98 -111.52 0.766 -0.789 0.642 0.141 0.124 0.634
2006.2836 32.98 -111.52 0.724 -0.650 0.508 0.139 0.121 0.621
2006.3110 32.98 -111.52 1.323 -0.389 -1.709 0.148 0.130 0.663
2006.3384 32.98 -111.52 0.817 -0.215 1.188 0.134 0.118 0.602
2006.3658 32.98 -111.52 0.675 -0.332 1.156 0.148 0.131 0.666
2006.3932 32.98 -111.52 0.618 -0.134 -0.075 0.146 0.129 0.656
2006.4205 32.98 -111.52 0.542 -0.388 -0.301 0.147 0.129 0.659
2006.4479 32.98 -111.52 0.583 -0.756 0.247 0.162 0.137 0.719
2006.4753 32.98 -111.52 0.413 -0.128 2.063 0.163 0.143 0.731
2006.5027 32.98 -111.52 0.390 -0.757 3.155 0.169 0.149 0.760
2006.5301 32.98 -111.52 0.323 -0.484 0.646 0.200 0.179 0.899
2006.5575 32.98 -111.52 0.017 -0.461 0.423 0.160 0.142 0.719
2006.5849 32.98 -111.52 -0.258 -0.473 -0.186 0.165 0.146 0.739
2006.6123 32.98 -111.52 -0.496 -0.553 -3.838 0.201 0.182 0.906
2006.6397 32.98 -111.52 -0.483 -0.091 -2.336 0.171 0.153 0.770
2006.6671 32.98 -111.52 -0.737 -0.520 -3.283 0.156 0.138 0.702
2006.6945 32.98 -111.52 -1.022 -0.391 -2.463 0.199 0.178 0.890
2006.7219 32.98 -111.52 -0.874 0.042 -1.582 0.187 0.164 0.837
2006.7493 32.98 -111.52 -0.651 -0.068 -0.363 0.222 0.197 0.993
2006.7767 32.98 -111.52 -0.840 -0.154 -1.023 0.193 0.171 0.863
2006.8041 32.98 -111.52 -0.780 -0.107 -1.757 0.156 0.137 0.699
2006.8315 32.98 -111.52 -0.628 -0.366 -0.271 0.181 0.160 0.810
2006.8589 32.98 -111.52 -0.523 -0.020 -1.655 0.176 0.155 0.788
2006.8863 32.98 -111.52 -0.457 -0.531 -0.270 0.169 0.148 0.756
2006.9137 32.98 -111.52 -0.216 -0.470 1.472 0.165 0.143 0.735
2006.9411 32.98 -111.52 -0.362 -0.023 1.285 0.162 0.140 0.723
2006.9685 32.98 -111.52 -0.420 -0.079 1.777 0.162 0.137 0.718
2006.9959 32.98 -111.52 -0.247 -0.201 0.250 0.161 0.134 0.713
2007.0233 32.98 -111.52 -0.035 -0.047 0.840 0.150 0.123 0.663
2007.0507 32.98 -111.52 0.038 0.237 -0.171 0.156 0.129 0.691
2007.0781 32.98 -111.52 0.151 0.382 -1.607 0.160 0.137 0.712
2007.1055 32.98 -111.52 0.154 0.089 -1.059 0.143 0.122 0.638
2007.1329 32.98 -111.52 0.407 0.030 -0.249 0.156 0.133 0.694
2007.1603 32.98 -111.52 0.555 0.147 -0.620 0.148 0.127 0.662
2007.1877 32.98 -111.52 0.534 -0.943 -1.840 0.190 0.168 0.851
2007.2151 32.98 -111.52 0.494 -0.170 -0.218 0.170 0.150 0.760
2007.2425 32.98 -111.52 0.475 0.468 -2.008 0.163 0.144 0.731
2007.2699 32.98 -111.52 0.407 0.065 -1.061 0.131 0.112 0.586
2007.2973 32.98 -111.52 0.466 0.306 -0.273 0.123 0.105 0.554
2007.3247 32.98 -111.52 0.610 -0.265 -0.379 0.150 0.131 0.673
2007.3521 32.98 -111.52 0.511 -0.095 1.460 0.164 0.145 0.736
2007.3795 32.98 -111.52 0.633 -0.548 1.824 0.172 0.153 0.771
2007.4068 32.98 -111.52 0.407 0.208 1.458 0.144 0.126 0.645
2007.4342 32.98 -111.52 0.420 -0.005 0.628 0.138 0.119 0.618
2007.4616 32.98 -111.52 0.232 -0.060 0.547 0.180 0.160 0.806
2007.4890 32.98 -111.52 0.107 0.104 0.132 0.139 0.119 0.621
2007.5164 32.98 -111.52 0.158 -0.038 0.904 0.146 0.127 0.655
2007.5438 32.98 -111.52 -0.233 -0.372 0.234 0.142 0.123 0.636
2007.5712 32.98 -111.52 -0.397 -0.536 -0.334 0.146 0.126 0.653
2007.5986 32.98 -111.52 -0.618 -0.345 0.054 0.178 0.156 0.796
2007.6260 32.98 -111.52 -0.602 -0.270 -0.328 0.146 0.126 0.652
2007.6534 32.98 -111.52 -0.647 -0.065 -0.574 0.148 0.128 0.662
2007.6808 32.98 -111.52 -0.673 -0.111 -1.335 0.156 0.134 0.696
2007.7082 32.98 -111.52 -0.817 -0.252 -0.886 0.116 0.096 0.521
2007.7356 32.98 -111.52 -0.820 -0.051 0.276 0.160 0.137 0.713
2007.7630 32.98 -111.52 -0.794 0.290 0.617 0.124 0.102 0.554
2007.7904 32.98 -111.52 -0.473 0.248 -0.161 0.157 0.136 0.703
2007.8178 32.98 -111.52 -0.725 0.445 -0.753 0.181 0.158 0.807
2007.8452 32.98 -111.52 -0.630 0.409 -1.028 0.148 0.127 0.662
2007.8726 32.98 -111.52 -0.576 -0.261 0.215 0.172 0.149 0.768
2007.9000 32.98 -111.52 -0.695 -0.130 -0.128 0.183 0.154 0.809
2007.9274 32.98 -111.52 -0.531 -0.302 -1.303 0.178 0.156 0.797
2007.9548 32.98 -111.52 -0.528 -0.134 -0.944 0.134 0.116 0.603
2007.9822 32.98 -111.52 -0.445 0.022 -0.135 0.164 0.144 0.738
2008.0096 32.98 -111.52 -0.330 -0.001 -0.479 0.144 0.126 0.649
2008.0370 32.98 -111.52 -0.093 -0.222 -1.335 0.148 0.131 0.668
2008.0644 32.98 -111.52 -0.221 -0.198 -3.109 0.170 0.152 0.767
2008.0918 32.98 -111.52 0.076 -0.254 -3.025 0.137 0.120 0.619
2008.1192 32.98 -111.52 0.457 0.084 -2.920 0.160 0.143 0.723
2008.1466 32.98 -111.52 0.430 -0.009 -1.891 0.186 0.167 0.838
2008.1740 32.98 -111.52 0.556 -0.347 -3.981 0.163 0.145 0.735
2008.2014 32.98 -111.52 0.667 -0.137 -1.193 0.174 0.157 0.784
2008.2288 32.98 -111.52 0.751 0.072 -3.427 0.204 0.179 0.916
2008.2562 32.98 -111.52 0.673 -0.213 -0.800 0.190 0.168 0.853
2008.2836 32.98 -111.52 0.550 -0.165 -2.018 0.228 0.202 1.024
2008.3110 32.98 -111.52 1.125 -0.017 -0.675 0.235 0.210 1.055
2008.3384 32.98 -111.52 0.861 0.297 0.986 0.174 0.154 0.783
2008.3658 32.98 -111.52 0.725 -0.067 -0.418 0.178 0.157 0.799
2008.3932 32.98 -111.52 0.528 -0.016 0.113 0.163 0.141 0.729
2008.4205 32.98 -111.52 0.558 -0.152 -1.224 0.142 0.123 0.638
2008.4479 32.98 -111.52 0.644 -0.037 -0.768 0.144 0.126 0.647
2008.4753 32.98 -111.52 0.207 0.172 -0.538 0.140 0.121 0.628
2008.5027 32.98 -111.52 0.191 0.082 0.812 0.172 0.148 0.765
2008.5301 32.98 -111.52 -0.079 -0.405 1.936 0.213 0.184 0.948
2008.5575 32.98 -111.52 -0.573 -0.099 -0.548 0.140 0.117 0.621
2008.5849 32.98 -111.52 -0.618 -0.169 -1.081 0.157 0.136 0.699
2008.6123 32.98 -111.52 -0.217 -0.036 0.090 0.132 0.111 0.588
2008.6397 32.98 -111.52 -0.202 0.135 -2.106 0.144 0.123 0.643
2008.6671 32.98 -111.52 -0.625 0.064 -2.984 0.138 0.118 0.617
2008.6945 32.98 -111.52 -0.673 0.467 -3.684 0.134 0.114 0.598
2008.7219 32.98 -111.52 -0.670 0.481 -3.326 0.153 0.133 0.686
2008.7493 32.98 -111.52 -0.802 0.472 -1.802 0.139 0.120 0.623
2008.7767 32.98 -111.52 -0.625 0.359 -1.796 0.161 0.142 0.723
2008.8041 32.98 -111.52 -0.828 0.614 -0.655 0.162 0.144 0.729
2008.8315 32.98 -111.52 -0.752 0.670 -2.365 0.184 0.162 0.823
2008.8589 32.98 -111.52 -0.509 0.175 -0.545 0.214 0.190 0.960
2008.8863 32.98 -111.52 -0.729 0.244 -0.754 0.205 0.182 0.922
2008.9137 32.98 -111.52 -0.610 0.342 -1.208 0.195 0.174 0.878
2008.9411 32.98 -111.52 -0.593 0.096 -0.449 0.205 0.181 0.920
2008.9685 32.98 -111.52 -0.463 0.236 0.200 0.192 0.169 0.861
2008.9945 32.98 -111.52 -0.237 -0.288 -2.000 0.162 0.144 0.730
2009.0205 32.98 -111.52 -0.023 -0.275 -1.338 0.159 0.143 0.719
2009.0479 32.98 -111.52 0.247 -0.025 -1.727 0.159 0.143 0.720
2009.0753 32.98 -111.52 0.287 -0.531 -2.242 0.153 0.136 0.692
2009.1027 32.98 -111.52 0.066 0.215 0.686 0.190 0.171 0.858
2009.1301 32.98 -111.52 0.190 -0.084 -0.227 0.152 0.135 0.686
2009.1575 32.98 -111.52 0.352 -0.418 0.743 0.155 0.137 0.699
2009.1849 32.98 -111.52 0.331 -0.175 1.049 0.177 0.159 0.798
2009.2123 32.98 -111.52 0.446 0.582 -0.080 0.153 0.133 0.687
2009.2397 32.98 -111.52 0.633 0.563 2.337 0.172 0.154 0.777
2009.2671 32.98 -111.52 0.828 0.581 0.745 0.145 0.128 0.652
2009.2945 32.98 -111.52 0.855 0.358 0.486 0.148 0.131 0.667
2009.3219 32.98 -111.52 0.919 0.622 2.004 0.155 0.137 0.697
2009.3493 32.98 -111.52 0.560 0.109 0.942 0.142 0.125 0.640
2009.3767 32.98 -111.52 0.336 0.653 -0.659 0.150 0.131 0.672
2009.4041 32.98 -111.52 0.320 0.279 0.545 0.132 0.114 0.595
2009.4315 32.98 -111.52 0.566 0.521 -0.628 0.151 0.133 0.679
2009.4589 32.98 -111.52 0.335 0.076 0.511 0.129 0.110 0.579
2009.4863 32.98 -111.52 -0.012 -0.358 2.979 0.142 0.121 0.634
2009.5137 32.98 -111.52 0.147 -0.068 2.869 0.137 0.114 0.608
2009.5411 32.98 -111.52 0.360 0.108 4.045 0.167 0.143 0.746
2009.5685 32.98 -111.52 -0.007 -0.151 3.626 0.180 0.153 0.802
2009.5959 32.98 -111.52 -0.281 0.039 3.212 0.158 0.133 0.704
2009.6233 32.98 -111.52 -0.175 0.026 4.256 0.163 0.140 0.727
2009.6507 32.98 -111.52 -0.446 0.199 4.467 0.157 0.135 0.701
2009.6781 32.98 -111.52 -0.502 0.541 3.379 0.168 0.146 0.750
2009.7055 32.98 -111.52 -0.340 0.469 1.289 0.173 0.152 0.776
2009.7329 32.98 -111.52 -0.546 0.365 1.517 0.167 0.147 0.750
2009.7603 32.98 -111.52 -0.983 0.384 1.171 0.191 0.168 0.854
2009.7877 32.98 -111.52 -0.688 0.425 1.544 0.176 0.155 0.789
2009.8151 32.98 -111.52 -0.662 0.486 0.492 0.188 0.167 0.844
2009.8425 32.98 -111.52 -0.489 0.357 0.219 0.171 0.151 0.770
2009.8699 32.98 -111.52 -0.714 0.423 -0.417 0.164 0.144 0.736
2009.8973 32.98 -111.52 -0.559 0.392 0.095 0.153 0.135 0.690
2009.9247 32.98 -111.52 -0.521 0.075 0.635 0.154 0.132 0.689
2009.9521 32.98 -111.52 -0.438 0.340 -0.889 0.144 0.125 0.646
2009.9795 32.98 -111.52 -0.219 0.380 0.360 0.148 0.129 0.665
2010.0068 32.98 -111.52 -0.163 0.155 0.062 0.186 0.165 0.835
2010.0342 32.98 -111.52 0.053 0.197 1.595 0.146 0.127 0.656
2010.0616 32.98 -111.52 0.533 0.016 2.888 0.149 0.130 0.671
2010.0890 32.98 -111.52 0.098 0.516 -0.445 0.177 0.158 0.798
2010.1164 32.98 -111.52 0.074 0.290 -1.527 0.183 0.163 0.824
2010.1438 32.98 -111.52 0.341 0.456 -2.089 0.177 0.156 0.795
2010.1712 32.98 -111.52 0.103 0.363 -3.147 0.170 0.149 0.761
2010.1986 32.98 -111.52 0.530 0.195 -2.827 0.163 0.142 0.730
2010.2260 32.98 -111.52 0.432 0.336 -0.967 0.178 0.156 0.796
2010.2534 32.98 -111.52 0.310 0.345 -2.796 0.184 0.160 0.820
2010.2808 32.98 -111.52 0.589 0.134 -1.307 0.142 0.122 0.637
2010.3082 32.98 -111.52 0.590 0.374 -1.392 0.149 0.128 0.665
2010.3356 32.98 -111.52 0.820 0.089 0.023 0.137 0.115 0.611
2010.3630 32.98 -111.52 0.678 -0.260 -0.866 0.146 0.121 0.647
2010.3904 32.98 -111.52 0.554 0.022 1.916 0.151 0.117 0.657
2010.4178 32.98 -111.52 0.479 0.358 1.180 0.155 0.129 0.686
2010.4452 32.98 -111.52 0.175 0.334 -0.759 0.137 0.114 0.613
2010.4726 32.98 -111.52 0.868 0.100 -1.013 0.124 0.102 0.555
2010.5000 32.98 -111.52 0.251 0.315 -1.011 0.139 0.117 0.621
2010.5274 32.98 -111.52 0.152 0.175 3.195 0.212 0.188 0.949
2010.5548 32.98 -111.52 -0.033 0.345 -0.595 0.138 0.120 0.618
2010.5822 32.98 -111.52 -0.287 0.434 -1.854 0.125 0.108 0.561
2010.6096 32.98 -111.52 -0.551 0.215 -3.674 0.159 0.141 0.714
2010.6370 32.98 -111.52 -0.526 0.150 -3.154 0.143 0.125 0.642
2010.6644 32.98 -111.52 -0.647 0.332 -2.518 0.134 0.117 0.604
2010.6918 32.98 -111.52 -0.903 0.421 -2.895 0.160 0.142 0.717
2010.7192 32.98 -111.52 -0.570 0.225 -2.368 0.149 0.132 0.670
2010.7466 32.98 -111.52 -0.613 0.067 -3.363 0.172 0.153 0.771
2010.7740 32.98 -111.52 -0.515 0.384 -1.585 0.142 0.124 0.639
2010.8014 32.98 -111.52 -0.635 0.305 -2.152 0.135 0.118 0.608
2010.8288 32.98 -111.52 -0.278 -0.186 -1.969 0.153 0.135 0.687
2010.8562 32.98 -111.52 -0.303 0.055 -2.522 0.150 0.133 0.676
2010.8836 32.98 -111.52 -0.380 0.151 -0.169 0.141 0.122 0.631
2010.9110 32.98 -111.52 -0.289 0.354 -0.977 0.153 0.134 0.684
2010.9384 32.98 -111.52 -0.345 0.282 -0.268 0.158 0.139 0.709
2010.9658 32.98 -111.52 -0.400 0.193 -1.096 0.173 0.153 0.774
2010.9932 32.98 -111.52 0.081 0.078 -0.300 0.153 0.096 0.625
2011.1027 32.98 -111.52 0.430 -0.403 -3.372 0.148 0.114 0.647
2011.1301 32.98 -111.52 0.441 -0.175 3.980 0.207 0.181 0.922
2011.1575 32.98 -111.52 0.818 -0.436 -0.411 0.142 0.120 0.633
2011.1849 32.98 -111.52 0.726 -0.685 -1.774 0.115 0.094 0.515
2011.2123 32.98 -111.52 0.664 -0.300 -3.056 0.176 0.155 0.787
2011.2397 32.98 -111.52 0.920 -0.103 -0.074 0.183 0.161 0.816
2011.2671 32.98 -111.52 0.819 -0.435 2.057 0.150 0.130 0.669
2011.2945 32.98 -111.52 0.677 -0.398 -0.952 0.172 0.152 0.770
2011.3219 32.98 -111.52 1.011 -0.225 1.014 0.162 0.143 0.724
2011.3493 32.98 -111.52 1.428 -0.214 -0.660 0.146 0.128 0.656
2011.3767 32.98 -111.52 0.894 -0.411 -1.148 0.169 0.150 0.758
2011.4041 32.98 -111.52 0.891 -0.356 -0.814 0.151 0.131 0.676
2011.4315 32.98 -111.52 0.976 -0.437 1.211 0.161 0.128 0.702
2011.5137 32.98 -111.52 0.727 -0.047 -0.282 0.144 0.119 0.636
2011.5411 32.98 -111.52 0.656 0.075 1.061 0.149 0.128 0.663
2011.5685 32.98 -111.52 0.395 -0.345 -0.226 0.146 0.124 0.652
2011.5959 32.98 -111.52 0.229 -0.332 -2.342 0.156 0.133 0.694
2011.6233 32.98 -111.52 0.256 -0.315 -3.069 0.157 0.133 0.697
2011.6507 32.98 -111.52 -0.084 -0.150 -2.062 0.181 0.158 0.808
2011.6781 32.98 -111.52 0.071 -0.288 -1.532 0.168 0.147 0.751
2011.7055 32.98 -111.52 -0.215 -0.031 -2.572 0.168 0.148 0.752
2011.7329 32.98 -111.52 -0.227 -0.112 -1.012 0.193 0.171 0.862
2011.7603 32.98 -111.52 0.145 0.085 -2.456 0.167 0.147 0.746
2011.7877 32.98 -111.52 -0.105 0.099 -0.703 0.177 0.157 0.791
2011.8151 32.98 -111.52 -0.247 0.008 -3.540 0.174 0.153 0.777
2011.8425 32.98 -111.52 -0.258 -0.408 -0.323 0.187 0.167 0.837
2011.8699 32.98 -111.52 0.138 1.011 0.628 0.184 0.157 0.816
2011.9521 32.98 -111.52 0.051 0.173 -0.229 0.132 0.093 0.562
2011.9795 32.98 -111.52 -0.015 0.344 -0.773 0.153 0.132 0.679
2012.0068 32.98 -111.52 0.068 0.137 0.492 0.143 0.122 0.635
2012.0342 32.98 -111.52 0.042 -0.085 -0.202 0.171 0.143 0.751
2012.0616 32.98 -111.52 0.259 -0.038 0.369 0.149 0.126 0.657
2012.0890 32.98 -111.52 0.327 -0.365 -0.174 0.148 0.123 0.649
2012.1164 32.98 -111.52 0.194 0.286 -0.981 0.146 0.119 0.640
2012.1438 32.98 -111.52 0.510 -0.388 -0.322 0.151 0.124 0.657
2012.1712 32.98 -111.52 0.496 -0.316 -1.206 0.146 0.116 0.636
2012.1986 32.98 -111.52 0.392 -0.394 -1.409 0.133 0.106 0.577
2012.2260 32.98 -111.52 0.592 -0.043 1.202 0.135 0.107 0.586
2012.2534 32.98 -111.52 0.759 -0.000 1.375 0.131 0.104 0.568
2012.2808 32.98 -111.52 0.916 0.217 -0.692 0.122 0.098 0.530
2012.3082 32.98 -111.52 0.577 -0.003 0.134 0.155 0.095 0.625
2012.3904 32.98 -111.52 0.590 -0.514 0.428 0.155 0.116 0.666
2012.4178 32.98 -111.52 0.572 0.052 0.734 0.113 0.089 0.492
2012.4452 32.98 -111.52 0.869 -0.190 0.948 0.112 0.088 0.488
2012.4726 32.98 -111.52 0.362 -0.080 2.975 0.120 0.095 0.521
2012.5000 32.98 -111.52 0.370 -0.054 2.090 0.115 0.090 0.499
2012.5274 32.98 -111.52 0.051 -0.236 0.794 0.121 0.096 0.529
2012.5548 32.98 -111.52 0.200 -0.621 -0.308 0.121 0.095 0.528
2012.5822 32.98 -111.52 -0.351 -0.527 -0.509 0.127 0.103 0.552
2012.6096 32.98 -111.52 -0.229 -0.465 0.986 0.125 0.101 0.547
2012.6370 32.98 -111.52 -0.401 -0.069 -0.892 0.116 0.094 0.508
2012.6644 32.98 -111.52 -0.426 -0.454 0.943 0.126 0.103 0.551
2012.6918 32.98 -111.52 -0.710 -0.077 -1.546 0.129 0.107 0.568
2012.7192 32.98 -111.52 -0.766 -0.532 -1.890 0.153 0.130 0.675
2012.7466 32.98 -111.52 -0.680 -0.283 -2.748 0.122 0.083 0.514
2012.8562 32.98 -111.52 -0.428 -0.129 4.682 0.160 0.136 0.709
2012.8836 32.98 -111.52 -0.541 -0.812 1.757 0.148 0.131 0.663
2012.9110 32.98 -111.52 -0.315 -0.341 2.770 0.140 0.124 0.630
2012.9384 32.98 -111.52 -0.251 -0.868 2.306 0.138 0.117 0.614
2012.9658 32.98 -111.52 -0.149 -0.973 1.142 0.150 0.134 0.674
2012.9918 32.98 -111.52 -0.098 -0.374 2.323 0.077 0.066 0.351
2013.0178 32.98 -111.52 -0.089 -0.438 2.155 0.089 0.078 0.404
2013.0452 32.98 -111.52 -0.012 -0.483 4.682 0.089 0.077 0.403
2013.0726 32.98 -111.52 0.049 -0.606 3.846 0.082 0.071 0.374
2013.1000 32.98 -111.52 0.129 -0.752 3.697 0.084 0.073 0.383
2013.1274 32.98 -111.52 0.515 -0.721 2.507 0.079 0.067 0.359
2013.1548 32.98 -111.52 0.597 -0.786 3.992 0.077 0.061 0.344
2013.2644 32.98 -111.52 0.681 -0.396 3.833 0.094 0.043 0.364
2013.2918 32.98 -111.52 0.545 -0.451 4.224 0.081 0.070 0.368
2013.3192 32.98 -111.52 0.637 0.027 4.284 0.088 0.078 0.403
2013.3466 32.98 -111.52 0.461 -0.588 3.060 0.090 0.080 0.412
2013.3740 32.98 -111.52 0.359 -0.336 2.848 0.078 0.069 0.359
2013.4014 32.98 -111.52 0.340 -0.309 2.133 0.081 0.071 0.369
2013.4288 32.98 -111.52 0.445 -0.304 1.403 0.072 0.062 0.331
2013.4562 32.98 -111.52 0.497 0.145 2.927 0.073 0.063 0.336
2013.4836 32.98 -111.52 0.461 -0.274 4.631 0.075 0.065 0.343
2013.5110 32.98 -111.52 -0.054 -0.049 1.337 0.083 0.073 0.381
2013.5384 32.98 -111.52 -0.198 -0.085 2.140 0.083 0.069 0.375
2013.5658 32.98 -111.52 -0.146 -0.370 0.079 0.086 0.074 0.391
2013.7575 32.98 -111.52 -0.303 0.417 1.220 0.083 0.069 0.375
2013.7849 32.98 -111.52 -0.536 -0.188 0.190 0.085 0.072 0.385
2013.8123 32.98 -111.52 -0.464 0.277 0.702 0.078 0.065 0.354
2013.8397 32.98 -111.52 -0.376 -0.216 1.171 0.079 0.066 0.357
2013.8671 32.98 -111.52 -0.507 0.005 2.162 0.085 0.070 0.380
2013.8945 32.98 -111.52 -0.362 -0.228 0.309 0.079 0.065 0.354
2013.9219 32.98 -111.52 -0.240 -0.118 0.606 0.071 0.058 0.321
2013.9493 32.98 -111.52 -0.482 0.237 0.725 0.075 0.062 0.338
2013.9767 32.98 -111.52 -0.261 0.216 0.454 0.076 0.062 0.343
2014.0041 32.98 -111.52 -0.244 -0.047 1.888 0.073 0.060 0.332
2014.0315 32.98 -111.52 -0.075 0.498 1.288 0.076 0.062 0.342
2014.1685 32.98 -111.52 0.507 0.050 3.458 0.081 0.066 0.363
2014.1959 32.98 -111.52 0.603 0.164 2.198 0.081 0.070 0.367
2014.2233 32.98 -111.52 0.698 -0.050 3.195 0.077 0.066 0.350
2014.2507 32.98 -111.52 0.353 0.068 1.036 0.071 0.061 0.324
2014.2781 32.98 -111.52 0.399 -0.040 3.494 0.075 0.064 0.342
2014.3055 32.98 -111.52 0.363 0.120 2.439 0.072 0.062 0.329
2014.3329 32.98 -111.52 0.517 -0.014 4.659 0.060 0.050 0.277
2014.3603 32.98 -111.52 0.636 0.265 1.933 0.067 0.057 0.309
2014.3877 32.98 -111.52 0.749 0.392 5.434 0.067 0.058 0.310
2014.4151 32.98 -111.52 0.791 0.223 2.939 0.067 0.057 0.308
2014.4425 32.98 -111.52 0.610 0.554 0.852 0.071 0.060 0.325
2014.4699 32.98 -111.52 0.642 0.188 2.522 0.071 0.059 0.323
2014.5795 32.98 -111.52 -0.171 0.299 -0.372 0.065 0.048 0.293
2014.6068 32.98 -111.52 -0.117 0.173 2.206 0.063 0.052 0.288
2014.6342 32.98 -111.52 -0.241 0.483 -0.465 0.058 0.047 0.266
2014.6616 32.98 -111.52 -0.130 0.220 -0.633 0.064 0.053 0.291
2014.6890 32.98 -111.52 -0.125 -0.079 1.807 0.062 0.051 0.285
2014.7164 32.98 -111.52 -0.600 0.514 -1.715 0.061 0.050 0.279
2014.7438 32.98 -111.52 -0.520 0.508 -1.953 0.066 0.055 0.300
2014.7712 32.98 -111.52 -0.453 0.185 -0.931 0.065 0.054 0.296
2014.7986 32.98 -111.52 -0.479 0.652 -0.882 0.058 0.048 0.268
2014.8260 32.98 -111.52 -0.445 0.051 0.448 0.058 0.047 0.267
2014.8534 32.98 -111.52 -0.236 0.299 1.328 0.061 0.050 0.281
2014.8808 32.98 -111.52 -0.198 0.571 -2.208 0.062 0.050 0.281
2014.9082 32.98 -111.52 -0.252 0.671 0.124 0.063 0.051 0.286
2015.0452 32.98 -111.52 0.327 0.133 1.276 0.048 0.036 0.223
2015.0726 32.98 -111.52 0.202 0.412 -0.041 0.052 0.038 0.234
2015.1000 32.98 -111.52 0.090 0.773 -1.509 0.047 0.035 0.217
2015.1274 32.98 -111.52 0.157 0.311 1.101 0.043 0.033 0.204
2015.1548 32.98 -111.52 0.330 0.419 -0.432 0.050 0.037 0.227
2015.1822 32.98 -111.52 0.416 0.130 1.252 0.047 0.035 0.217
2015.2096 32.98 -111.52 0.446 0.727 1.859 0.062 0.047 0.277
2015.2370 32.98 -111.52 0.398 0.640 2.124 0.067 0.054 0.301
2015.2644 32.98 -111.52 0.392 0.621 2.169 0.059 0.049 0.271
2015.2918 32.98 -111.52 0.390 0.040 2.635 0.059 0.049 0.274
2015.3192 32.98 -111.52 0.505 0.442 3.522 0.057 0.047 0.265
2015.3466 32.98 -111.52 0.308 0.284 3.169 0.062 0.051 0.283
2015.4836 32.98 -111.52 -0.015 0.580 2.824 0.059 0.040 0.260
2015.5110 32.98 -111.52 -0.032 0.830 2.450 0.056 0.042 0.255
2015.5384 32.98 -111.52 -0.347 0.623 1.249 0.061 0.046 0.275
2015.5658 32.98 -111.52 -0.029 0.107 3.948 0.061 0.049 0.278
2015.5932 32.98 -111.52 -0.065 -0.082 2.528 0.063 0.051 0.287
2015.6205 32.98 -111.52 -0.054 0.124 0.659 0.061 0.049 0.279
2015.6479 32.98 -111.52 -0.200 0.649 1.149 0.060 0.048 0.271
2015.6753 32.98 -111.52 -0.446 0.296 3.142 0.058 0.045 0.262
2015.7027 32.98 -111.52 -0.631 0.304 1.191 0.062 0.050 0.283
2015.7301 32.98 -111.52 -1.069 0.334 4.450 0.063 0.050 0.284
2015.9493 32.98 -111.52 -0.351 1.325 1.289 0.060 0.049 0.278
2015.9767 32.98 -111.52 -0.007 0.767 1.248 0.063 0.052 0.288
2016.0041 32.98 -111.52 0.113 0.627 1.769 0.057 0.047 0.263
2016.0315 32.98 -111.52 0.450 0.464 0.846 0.055 0.044 0.252
2016.0589 32.98 -111.52 0.523 0.426 1.241 0.056 0.045 0.257
2016.0863 32.98 -111.52 0.244 0.968 1.133 0.051 0.042 0.238
2016.1137 32.98 -111.52 0.451 0.995 -0.431 0.057 0.046 0.261
2016.1411 32.98 -111.52 0.103 0.435 -2.263 0.067 0.055 0.301
2016.1685 32.98 -111.52 0.066 0.250 -0.303 0.071 0.060 0.323
2016.1959 32.98 -111.52 0.383 0.258 -1.145 0.070 0.061 0.321
2016.2233 32.98 -111.52 0.463 -0.667 2.050 0.071 0.063 0.327
2016.2507 32.98 -111.52 0.670 0.248 4.601 0.059 0.048 0.272
2016.3603 32.98 -111.52 0.616 0.308 5.304 0.055 0.045 0.255
2016.3877 32.98 -111.52 0.933 0.402 6.166 0.064 0.053 0.293
2016.4151 32.98 -111.52 0.890 0.631 5.266 0.063 0.052 0.287
2016.4425 32.98 -111.52 0.623 0.695 6.644 0.068 0.056 0.306
2016.4699 32.98 -111.52 0.432 0.357 5.283 0.066 0.055 0.300
