2002.5877 41.88 0.75 0.275 -0.676 3.383 0.114 0.099 0.525
2002.6151 41.88 0.75 0.299 -0.145 5.538 0.109 0.096 0.503
2002.6425 41.88 0.75 0.028 -0.531 2.811 0.112 0.097 0.512
2002.6699 41.88 0.75 0.156 -0.689 1.366 0.097 0.084 0.448
2002.6973 41.88 0.75 0.099 -1.186 2.116 0.167 0.081 0.634
2002.7247 41.88 0.75 0.063 -0.561 0.056 0.104 0.091 0.475
2002.7521 41.88 0.75 -0.023 -0.693 -1.436 0.096 0.085 0.444
2002.7795 41.88 0.75 0.057 -0.745 -2.704 0.111 0.099 0.514
2002.8068 41.88 0.75 -0.120 -0.827 -2.912 0.099 0.087 0.457
2002.8342 41.88 0.75 -0.081 0.164 -0.439 0.098 0.086 0.452
2002.8616 41.88 0.75 0.022 -0.381 -2.562 0.102 0.078 0.450
2002.8890 41.88 0.75 0.077 -0.649 -4.198 0.099 0.087 0.456
2002.9164 41.88 0.75 0.307 0.540 -3.415 0.107 0.091 0.489
2003.0260 41.88 0.75 0.802 -0.198 -4.739 0.121 0.104 0.554
2003.0534 41.88 0.75 0.844 -0.001 -1.379 0.195 0.171 0.877
2003.0808 41.88 0.75 1.191 -0.676 -2.893 0.175 0.146 0.786
2003.1082 41.88 0.75 1.091 -0.364 -4.438 0.102 0.086 0.471
2003.1356 41.88 0.75 0.741 -0.190 -4.959 0.095 0.080 0.440
2003.1630 41.88 0.75 0.911 -0.148 -5.298 0.101 0.085 0.464
2003.1904 41.88 0.75 1.350 -0.082 -4.537 0.118 0.098 0.539
2003.2178 41.88 0.75 1.024 -0.513 -0.600 0.099 0.084 0.457
2003.2452 41.88 0.75 1.350 -0.454 -1.607 0.097 0.083 0.447
2003.2726 41.88 0.75 1.014 -0.513 -1.786 0.094 0.081 0.437
2003.3000 41.88 0.75 1.087 -0.349 -2.889 0.092 0.080 0.427
2003.3274 41.88 0.75 0.435 -0.233 -2.904 0.120 0.104 0.548
2003.3548 41.88 0.75 0.628 -0.211 -3.071 0.130 0.115 0.595
2003.3822 41.88 0.75 0.597 -1.050 -3.607 0.120 0.101 0.547
2003.5192 41.88 0.75 -0.050 -0.187 -1.102 0.124 0.111 0.567
2003.5466 41.88 0.75 -0.145 -0.724 -0.288 0.137 0.123 0.623
2003.5740 41.88 0.75 -0.393 -0.610 -0.640 0.158 0.144 0.719
2003.6014 41.88 0.75 -0.388 -0.781 0.817 0.137 0.123 0.623
2003.6288 41.88 0.75 -0.356 -0.420 1.604 0.130 0.116 0.594
2003.6562 41.88 0.75 -0.832 -0.845 0.230 0.139 0.124 0.633
2003.6836 41.88 0.75 -0.650 -0.836 0.088 0.137 0.123 0.623
2003.7110 41.88 0.75 -0.481 -0.862 1.165 0.109 0.095 0.496
2003.7384 41.88 0.75 -0.347 -1.363 0.349 0.131 0.116 0.593
2003.7658 41.88 0.75 -0.588 -0.759 -0.740 0.120 0.107 0.547
2003.7932 41.88 0.75 -0.630 -0.914 0.376 0.134 0.119 0.606
2003.8205 41.88 0.75 -0.383 -0.532 -0.740 0.145 0.125 0.649
2003.8479 41.88 0.75 -0.657 -0.460 -1.376 0.129 0.107 0.572
2003.8753 41.88 0.75 -0.434 -0.596 -0.461 0.134 0.117 0.603
2003.9027 41.88 0.75 -0.072 -0.907 -0.974 0.123 0.105 0.554
2003.9301 41.88 0.75 -0.105 -0.782 -1.388 0.128 0.110 0.574
2003.9575 41.88 0.75 -0.037 -0.318 -2.633 0.143 0.124 0.639
2003.9849 41.88 0.75 0.266 -0.131 -3.330 0.136 0.117 0.606
2004.0123 41.88 0.75 0.132 -0.269 -3.395 0.146 0.125 0.649
2004.0397 41.88 0.75 0.368 -0.223 -4.096 0.125 0.103 0.559
2004.0945 41.88 0.75 0.677 0.012 -4.886 0.117 0.096 0.522
2004.1219 41.88 0.75 0.783 -0.100 -3.257 0.124 0.103 0.547
2004.1493 41.88 0.75 0.635 0.361 -5.189 0.145 0.121 0.638
2004.1767 41.88 0.75 0.357 -0.169 -5.293 0.154 0.129 0.676
2004.2041 41.88 0.75 0.602 -0.127 -4.163 0.127 0.104 0.557
2004.2315 41.88 0.75 0.910 -0.797 -3.163 0.129 0.105 0.565
2004.2589 41.88 0.75 0.524 -0.663 -6.775 0.133 0.108 0.582
2004.2863 41.88 0.75 0.294 0.057 -5.191 0.134 0.108 0.583
2004.3137 41.88 0.75 0.195 -0.194 -3.219 0.127 0.102 0.556
2004.3411 41.88 0.75 0.413 -0.143 -4.151 0.140 0.111 0.605
2004.3685 41.88 0.75 0.044 0.206 -4.723 0.135 0.108 0.588
2004.3959 41.88 0.75 0.128 0.075 -4.256 0.119 0.095 0.523
2004.4233 41.88 0.75 0.451 0.352 -2.275 0.114 0.091 0.503
2004.4507 41.88 0.75 -0.042 0.092 -2.621 0.102 0.081 0.448
2004.4781 41.88 0.75 0.220 -0.291 -2.120 0.112 0.088 0.488
2004.5055 41.88 0.75 -0.260 0.093 -1.075 0.109 0.086 0.478
2004.5329 41.88 0.75 0.011 -0.189 -1.519 0.103 0.082 0.455
2004.5603 41.88 0.75 -0.306 -0.947 -0.719 0.106 0.084 0.465
2004.5877 41.88 0.75 -0.230 -0.593 -0.524 0.107 0.085 0.471
2004.6151 41.88 0.75 0.033 -0.152 1.813 0.118 0.093 0.517
2004.6425 41.88 0.75 -0.124 -0.625 1.586 0.101 0.080 0.447
2004.6699 41.88 0.75 -0.121 -0.930 0.061 0.101 0.081 0.449
2004.6973 41.88 0.75 -0.326 -0.655 -1.366 0.095 0.076 0.424
2004.7247 41.88 0.75 -0.561 -0.395 0.043 0.109 0.086 0.479
2004.7521 41.88 0.75 -0.649 -0.356 -0.323 0.104 0.084 0.463
2004.7795 41.88 0.75 -0.370 -0.490 -0.564 0.102 0.081 0.449
2004.8068 41.88 0.75 -0.254 -0.206 0.779 0.112 0.088 0.491
2004.8342 41.88 0.75 -0.413 0.140 1.276 0.111 0.087 0.484
2004.8616 41.88 0.75 -0.263 -0.254 -1.534 0.098 0.079 0.437
2004.8890 41.88 0.75 0.010 -0.113 -1.533 0.098 0.078 0.435
2004.9164 41.88 0.75 0.143 -0.270 -0.867 0.107 0.085 0.469
2004.9438 41.88 0.75 0.021 -0.514 -1.469 0.118 0.095 0.524
2004.9712 41.88 0.75 0.357 -0.411 -0.188 0.107 0.085 0.468
2004.9973 41.88 0.75 0.501 -0.424 -0.121 0.104 0.083 0.458
2005.0233 41.88 0.75 0.623 -0.085 -0.917 0.119 0.095 0.519
2005.0507 41.88 0.75 0.755 -0.207 -4.717 0.172 0.142 0.745
2005.0781 41.88 0.75 0.445 -0.407 -3.311 0.132 0.107 0.575
2005.1055 41.88 0.75 0.531 -0.301 -0.500 0.131 0.107 0.573
2005.1329 41.88 0.75 0.796 -0.434 1.215 0.134 0.110 0.587
2005.1603 41.88 0.75 0.404 0.127 -1.576 0.120 0.098 0.530
2005.1877 41.88 0.75 0.586 0.082 -3.099 0.122 0.098 0.534
2005.2151 41.88 0.75 0.766 0.131 -1.237 0.115 0.093 0.508
2005.2425 41.88 0.75 0.449 0.566 -1.780 0.111 0.091 0.491
2005.2699 41.88 0.75 0.406 0.698 -1.364 0.118 0.097 0.522
2005.2973 41.88 0.75 0.420 0.375 -1.969 0.124 0.102 0.549
2005.3247 41.88 0.75 0.414 0.511 -3.956 0.131 0.108 0.578
2005.3521 41.88 0.75 0.379 0.399 2.018 0.058 0.049 0.283
2005.3795 41.88 0.75 0.274 0.237 -1.067 0.123 0.102 0.545
2005.4068 41.88 0.75 0.756 0.041 -0.066 0.113 0.093 0.504
2005.4342 41.88 0.75 0.396 0.614 0.810 0.129 0.107 0.576
2005.4616 41.88 0.75 0.348 0.105 0.956 0.117 0.098 0.523
2005.4890 41.88 0.75 0.153 0.353 2.846 0.111 0.093 0.498
2005.5164 41.88 0.75 0.019 0.015 2.478 0.111 0.093 0.497
2005.5438 41.88 0.75 -0.147 0.094 2.658 0.120 0.101 0.536
2005.5712 41.88 0.75 -0.216 0.240 1.958 0.130 0.110 0.581
2005.5986 41.88 0.75 -0.247 0.025 1.458 0.133 0.113 0.594
2005.6260 41.88 0.75 -0.394 0.050 2.679 0.118 0.100 0.529
2005.6534 41.88 0.75 -0.458 -0.029 1.919 0.124 0.106 0.556
2005.6808 41.88 0.75 -0.365 0.003 1.348 0.122 0.104 0.547
2005.7082 41.88 0.75 -0.297 -0.084 0.340 0.146 0.127 0.655
2005.7356 41.88 0.75 -0.741 0.004 0.654 0.129 0.112 0.579
2005.7630 41.88 0.75 -0.539 0.040 1.588 0.129 0.112 0.582
2005.7904 41.88 0.75 -0.752 0.054 -1.072 0.122 0.105 0.549
2005.8178 41.88 0.75 -0.595 -0.067 -3.748 0.125 0.108 0.562
2005.8452 41.88 0.75 -0.402 -0.004 -1.978 0.134 0.116 0.602
2005.8726 41.88 0.75 -0.279 -0.152 -2.167 0.116 0.101 0.525
2005.9000 41.88 0.75 -0.451 -0.191 -0.096 0.113 0.098 0.514
2005.9274 41.88 0.75 -0.381 0.281 -2.061 0.120 0.098 0.538
2005.9548 41.88 0.75 -0.046 -0.443 -0.400 0.117 0.098 0.552
2005.9822 41.88 0.75 -0.037 -0.103 1.103 0.113 0.095 0.514
2006.0096 41.88 0.75 -0.093 -0.185 -1.992 0.122 0.104 0.551
2006.0370 41.88 0.75 0.034 -0.251 -3.146 0.152 0.132 0.685
2006.0644 41.88 0.75 0.311 -0.028 -1.761 0.155 0.135 0.697
2006.0918 41.88 0.75 0.190 -0.148 -2.542 0.153 0.135 0.692
2006.1192 41.88 0.75 0.190 0.465 -2.574 0.173 0.154 0.777
2006.1466 41.88 0.75 0.565 0.360 -3.382 0.136 0.121 0.618
2006.1740 41.88 0.75 0.300 1.004 -4.318 0.152 0.136 0.688
2006.2014 41.88 0.75 0.458 0.744 -3.072 0.119 0.105 0.542
2006.2288 41.88 0.75 0.160 0.798 -5.829 0.153 0.138 0.693
2006.2562 41.88 0.75 0.292 0.595 -3.761 0.143 0.130 0.650
2006.2836 41.88 0.75 0.307 0.768 -1.246 0.140 0.127 0.638
2006.3110 41.88 0.75 0.118 0.338 -0.545 0.150 0.136 0.680
2006.3384 41.88 0.75 0.064 0.353 -0.898 0.136 0.123 0.618
2006.3658 41.88 0.75 0.384 0.366 1.919 0.150 0.137 0.683
2006.3932 41.88 0.75 0.145 0.457 3.165 0.148 0.135 0.673
2006.4205 41.88 0.75 0.240 0.405 2.855 0.149 0.135 0.677
2006.4479 41.88 0.75 0.034 0.510 0.762 0.164 0.145 0.740
2006.4753 41.88 0.75 -0.160 0.264 1.526 0.165 0.150 0.752
2006.5027 41.88 0.75 -0.010 0.274 1.907 0.171 0.157 0.779
2006.5301 41.88 0.75 -0.447 0.046 2.155 0.202 0.187 0.919
2006.5575 41.88 0.75 -0.500 -0.334 3.119 0.162 0.148 0.737
2006.5849 41.88 0.75 -0.533 -0.125 2.817 0.166 0.152 0.757
2006.6123 41.88 0.75 -0.500 -0.143 0.900 0.203 0.189 0.923
2006.6397 41.88 0.75 -0.526 -0.143 1.621 0.173 0.160 0.788
2006.6671 41.88 0.75 -0.102 -0.508 1.248 0.158 0.144 0.719
2006.6945 41.88 0.75 -0.572 -0.467 0.629 0.201 0.185 0.910
2006.7219 41.88 0.75 -0.417 -0.035 -1.328 0.189 0.172 0.858
2006.7493 41.88 0.75 -0.376 -0.072 0.142 0.225 0.206 1.017
2006.7767 41.88 0.75 0.069 -0.280 -1.678 0.195 0.179 0.884
2006.8041 41.88 0.75 -0.146 -0.338 0.114 0.158 0.144 0.717
2006.8315 41.88 0.75 -0.133 -1.068 0.268 0.183 0.168 0.829
2006.8589 41.88 0.75 -0.236 -0.666 0.776 0.178 0.163 0.808
2006.8863 41.88 0.75 -0.015 -0.207 0.290 0.171 0.156 0.776
2006.9137 41.88 0.75 -0.298 -0.278 0.517 0.167 0.150 0.756
2006.9411 41.88 0.75 0.295 -0.217 0.882 0.164 0.148 0.744
2006.9685 41.88 0.75 0.213 -0.377 1.946 0.164 0.145 0.740
2006.9959 41.88 0.75 -0.025 -0.465 1.133 0.164 0.142 0.736
2007.0233 41.88 0.75 0.414 -0.107 0.598 0.152 0.131 0.687
2007.0507 41.88 0.75 0.532 0.213 0.396 0.159 0.137 0.714
2007.0781 41.88 0.75 0.556 0.653 -2.354 0.162 0.145 0.733
2007.1055 41.88 0.75 0.764 0.036 -1.518 0.145 0.129 0.658
2007.1329 41.88 0.75 0.717 0.394 -1.486 0.158 0.141 0.715
2007.1603 41.88 0.75 0.947 0.254 0.068 0.150 0.135 0.681
2007.1877 41.88 0.75 0.812 0.484 -3.575 0.192 0.176 0.871
2007.2151 41.88 0.75 0.757 0.434 -0.590 0.172 0.157 0.779
2007.2425 41.88 0.75 0.396 0.495 -2.118 0.165 0.151 0.750
2007.2699 41.88 0.75 0.316 0.029 -0.255 0.132 0.118 0.604
2007.2973 41.88 0.75 0.345 -0.253 -1.285 0.125 0.111 0.571
2007.3247 41.88 0.75 0.254 0.156 -0.812 0.152 0.138 0.692
2007.3521 41.88 0.75 0.406 -0.134 -0.980 0.166 0.152 0.754
2007.3795 41.88 0.75 -0.061 -0.114 0.188 0.174 0.160 0.790
2007.4068 41.88 0.75 0.176 -0.053 -0.797 0.145 0.132 0.663
2007.4342 41.88 0.75 0.480 0.197 0.668 0.139 0.126 0.636
2007.4616 41.88 0.75 0.152 0.071 1.729 0.182 0.167 0.825
2007.4890 41.88 0.75 0.274 0.018 -1.079 0.141 0.126 0.640
2007.5164 41.88 0.75 0.200 0.068 -1.460 0.148 0.134 0.674
2007.5438 41.88 0.75 0.138 -0.171 -0.894 0.144 0.130 0.654
2007.5712 41.88 0.75 0.307 -0.247 -0.372 0.148 0.133 0.672
2007.5986 41.88 0.75 0.091 -0.405 -0.819 0.180 0.164 0.817
2007.6260 41.88 0.75 0.044 -0.412 0.062 0.148 0.132 0.671
2007.6534 41.88 0.75 -0.123 -0.682 0.611 0.150 0.135 0.682
2007.6808 41.88 0.75 -0.141 -1.052 3.146 0.158 0.141 0.717
2007.7082 41.88 0.75 -0.175 -0.884 1.955 0.118 0.103 0.541
2007.7356 41.88 0.75 -0.168 -0.874 2.027 0.162 0.145 0.735
2007.7630 41.88 0.75 -0.391 -0.345 0.992 0.126 0.109 0.575
2007.7904 41.88 0.75 -0.340 -0.602 1.275 0.159 0.143 0.723
2007.8178 41.88 0.75 -0.544 -0.222 3.802 0.183 0.166 0.828
2007.8452 41.88 0.75 -0.335 -0.357 3.538 0.150 0.134 0.681
2007.8726 41.88 0.75 -0.449 -0.274 2.545 0.174 0.156 0.789
2007.9000 41.88 0.75 -0.257 -0.014 0.445 0.186 0.161 0.831
2007.9274 41.88 0.75 0.098 -0.780 1.808 0.180 0.163 0.818
2007.9548 41.88 0.75 0.150 -0.177 1.670 0.136 0.122 0.620
2007.9822 41.88 0.75 0.003 0.256 2.120 0.166 0.151 0.757
2008.0096 41.88 0.75 0.273 -0.157 -1.533 0.146 0.133 0.667
2008.0370 41.88 0.75 0.423 0.103 -1.004 0.150 0.137 0.685
2008.0644 41.88 0.75 0.748 0.240 0.885 0.172 0.159 0.785
2008.0918 41.88 0.75 0.891 0.083 1.476 0.139 0.126 0.637
2008.1192 41.88 0.75 0.649 0.074 1.386 0.162 0.149 0.740
2008.1466 41.88 0.75 0.732 -0.155 -0.413 0.188 0.174 0.857
2008.1740 41.88 0.75 0.730 0.299 1.844 0.165 0.151 0.752
2008.2014 41.88 0.75 0.510 -0.252 1.434 0.176 0.163 0.802
2008.2288 41.88 0.75 0.437 0.009 0.962 0.207 0.188 0.940
2008.2562 41.88 0.75 0.474 0.399 0.976 0.192 0.176 0.875
2008.2836 41.88 0.75 0.350 0.355 -0.051 0.231 0.211 1.048
2008.3110 41.88 0.75 0.617 0.480 0.517 0.238 0.219 1.080
2008.3384 41.88 0.75 0.633 0.291 1.168 0.176 0.162 0.802
2008.3658 41.88 0.75 0.229 0.244 1.429 0.180 0.164 0.820
2008.3932 41.88 0.75 0.416 0.446 -0.042 0.165 0.149 0.750
2008.4205 41.88 0.75 0.241 0.316 -1.656 0.144 0.129 0.657
2008.4479 41.88 0.75 0.404 -0.163 -1.515 0.146 0.132 0.664
2008.4753 41.88 0.75 0.378 -0.011 -0.249 0.142 0.128 0.646
2008.5027 41.88 0.75 0.283 -0.362 -0.611 0.174 0.156 0.786
2008.5301 41.88 0.75 0.358 -0.551 -1.259 0.216 0.194 0.974
2008.5575 41.88 0.75 0.252 -0.259 1.591 0.142 0.124 0.643
2008.5849 41.88 0.75 0.079 -0.449 0.658 0.159 0.143 0.719
2008.6123 41.88 0.75 -0.110 -0.428 2.282 0.134 0.118 0.607
2008.6397 41.88 0.75 -0.204 -0.800 2.030 0.146 0.130 0.662
2008.6671 41.88 0.75 -0.169 -0.479 2.271 0.140 0.124 0.637
2008.6945 41.88 0.75 -0.233 -0.331 1.291 0.136 0.120 0.617
2008.7219 41.88 0.75 -0.336 -0.449 2.008 0.155 0.140 0.705
2008.7493 41.88 0.75 -0.767 -0.248 -0.082 0.141 0.127 0.641
2008.7767 41.88 0.75 -0.441 -0.596 1.105 0.163 0.149 0.742
2008.8041 41.88 0.75 -0.598 0.158 1.463 0.164 0.150 0.746
2008.8315 41.88 0.75 -0.537 -0.211 0.196 0.186 0.170 0.843
2008.8589 41.88 0.75 -0.487 0.023 0.834 0.216 0.199 0.982
2008.8863 41.88 0.75 -0.241 -0.252 0.724 0.208 0.190 0.943
2008.9137 41.88 0.75 -0.055 0.236 0.465 0.197 0.182 0.898
2008.9411 41.88 0.75 -0.091 0.075 -1.010 0.207 0.190 0.942
2008.9685 41.88 0.75 0.296 -0.137 -1.533 0.194 0.177 0.882
2008.9945 41.88 0.75 0.072 -0.213 -0.755 0.164 0.150 0.747
2009.0205 41.88 0.75 0.045 -0.370 -0.771 0.161 0.148 0.734
2009.0479 41.88 0.75 0.151 -0.386 -1.471 0.161 0.148 0.736
2009.0753 41.88 0.75 0.398 -0.307 1.041 0.155 0.142 0.709
2009.1027 41.88 0.75 0.274 0.416 -3.466 0.192 0.177 0.876
2009.1301 41.88 0.75 0.442 0.256 2.778 0.153 0.141 0.702
2009.1575 41.88 0.75 0.592 0.254 -0.470 0.156 0.143 0.716
2009.1849 41.88 0.75 0.628 -0.150 -2.721 0.178 0.165 0.814
2009.2123 41.88 0.75 0.415 0.663 0.729 0.155 0.139 0.705
2009.2397 41.88 0.75 0.315 0.388 -0.435 0.174 0.160 0.795
2009.2671 41.88 0.75 0.240 0.344 -2.415 0.146 0.134 0.668
2009.2945 41.88 0.75 0.308 0.540 -2.683 0.150 0.137 0.684
2009.3219 41.88 0.75 0.448 0.410 -2.912 0.156 0.143 0.713
2009.3493 41.88 0.75 0.226 0.639 -0.365 0.144 0.130 0.656
2009.3767 41.88 0.75 0.491 0.178 2.672 0.151 0.137 0.689
2009.4041 41.88 0.75 0.235 0.431 1.074 0.134 0.120 0.612
2009.4315 41.88 0.75 0.172 0.293 0.560 0.153 0.139 0.696
2009.4589 41.88 0.75 0.232 0.196 0.629 0.131 0.116 0.596
2009.4863 41.88 0.75 -0.186 0.002 1.862 0.144 0.128 0.654
2009.5137 41.88 0.75 0.098 0.152 1.970 0.139 0.121 0.629
2009.5411 41.88 0.75 -0.007 -0.067 3.624 0.170 0.150 0.768
2009.5685 41.88 0.75 -0.202 -0.382 3.987 0.183 0.162 0.827
2009.5959 41.88 0.75 -0.122 -0.217 2.859 0.161 0.141 0.727
2009.6233 41.88 0.75 -0.355 -0.102 1.059 0.165 0.147 0.749
2009.6507 41.88 0.75 -0.519 -0.126 2.166 0.159 0.142 0.721
2009.6781 41.88 0.75 -0.461 -0.269 2.383 0.170 0.153 0.769
2009.7055 41.88 0.75 -0.636 -0.253 1.100 0.175 0.159 0.795
2009.7329 41.88 0.75 -0.861 -0.012 2.030 0.169 0.153 0.768
2009.7603 41.88 0.75 -0.714 0.422 2.279 0.193 0.175 0.874
2009.7877 41.88 0.75 -0.389 -0.223 1.114 0.178 0.162 0.808
2009.8151 41.88 0.75 -0.749 0.560 1.771 0.190 0.174 0.864
2009.8425 41.88 0.75 -0.365 0.294 0.797 0.173 0.158 0.788
2009.8699 41.88 0.75 -0.288 0.151 2.061 0.166 0.151 0.754
2009.8973 41.88 0.75 0.027 0.170 1.427 0.155 0.141 0.707
2009.9247 41.88 0.75 0.035 0.016 1.166 0.157 0.138 0.710
2009.9521 41.88 0.75 0.154 0.378 1.980 0.145 0.131 0.664
2009.9795 41.88 0.75 0.393 0.294 1.357 0.150 0.135 0.683
2010.0068 41.88 0.75 0.232 0.419 -0.702 0.188 0.172 0.854
2010.0342 41.88 0.75 0.169 0.609 -2.287 0.148 0.133 0.673
2010.0616 41.88 0.75 0.288 0.459 -3.596 0.151 0.137 0.689
2010.0890 41.88 0.75 0.318 0.253 -0.633 0.179 0.165 0.816
2010.1164 41.88 0.75 0.046 0.329 -1.283 0.185 0.170 0.842
2010.1438 41.88 0.75 -0.008 0.398 -4.817 0.179 0.163 0.815
2010.1712 41.88 0.75 0.270 0.859 -3.840 0.172 0.155 0.780
2010.1986 41.88 0.75 -0.063 0.701 -3.789 0.165 0.149 0.748
2010.2260 41.88 0.75 0.442 0.054 -2.588 0.180 0.163 0.816
2010.2534 41.88 0.75 0.109 0.579 -1.608 0.186 0.167 0.842
2010.2808 41.88 0.75 0.166 0.459 -2.491 0.144 0.128 0.655
2010.3082 41.88 0.75 0.038 0.026 -3.751 0.151 0.135 0.684
2010.3356 41.88 0.75 0.227 -0.136 -2.860 0.139 0.122 0.631
2010.3630 41.88 0.75 -0.002 0.106 -2.873 0.148 0.129 0.669
2010.3904 41.88 0.75 -0.007 0.145 -1.284 0.154 0.127 0.684
2010.4178 41.88 0.75 0.003 0.019 -0.123 0.157 0.137 0.710
2010.4452 41.88 0.75 0.180 -0.053 -1.198 0.140 0.122 0.634
2010.4726 41.88 0.75 -0.034 0.160 -1.879 0.126 0.109 0.576
2010.5000 41.88 0.75 0.114 0.273 -1.163 0.141 0.124 0.643
2010.5274 41.88 0.75 -0.244 -0.390 -1.750 0.214 0.196 0.971
2010.5548 41.88 0.75 -0.304 0.117 0.324 0.139 0.126 0.635
2010.5822 41.88 0.75 -0.564 0.335 -0.064 0.126 0.114 0.577
2010.6096 41.88 0.75 -0.301 0.190 2.986 0.161 0.147 0.732
2010.6370 41.88 0.75 -0.405 0.169 1.167 0.144 0.131 0.659
2010.6644 41.88 0.75 -0.580 -0.038 0.327 0.136 0.123 0.620
2010.6918 41.88 0.75 -0.390 -0.122 0.148 0.161 0.148 0.735
2010.7192 41.88 0.75 -0.798 -0.130 1.253 0.151 0.138 0.686
2010.7466 41.88 0.75 -0.810 -0.529 -0.104 0.173 0.160 0.788
2010.7740 41.88 0.75 -0.774 0.264 2.006 0.144 0.130 0.656
2010.8014 41.88 0.75 -0.731 -0.151 -0.959 0.137 0.124 0.624
2010.8288 41.88 0.75 -0.780 -0.034 0.926 0.155 0.142 0.704
2010.8562 41.88 0.75 -0.420 -0.110 -1.308 0.152 0.139 0.693
2010.8836 41.88 0.75 -0.322 0.122 -2.389 0.142 0.129 0.649
2010.9110 41.88 0.75 -0.593 0.909 -1.040 0.154 0.141 0.702
2010.9384 41.88 0.75 -0.473 0.608 -1.219 0.160 0.146 0.727
2010.9658 41.88 0.75 -0.192 -0.029 -2.363 0.175 0.160 0.794
2010.9932 41.88 0.75 -0.134 0.971 -1.913 0.158 0.105 0.655
2011.1027 41.88 0.75 0.355 -0.060 -1.644 0.152 0.123 0.675
2011.1301 41.88 0.75 0.312 0.215 -1.711 0.210 0.190 0.947
2011.1575 41.88 0.75 0.335 0.391 -2.624 0.144 0.127 0.653
2011.1849 41.88 0.75 0.127 -0.302 -1.424 0.117 0.101 0.535
2011.2123 41.88 0.75 0.214 -0.012 -1.407 0.178 0.162 0.809
2011.2397 41.88 0.75 0.272 -0.195 -0.233 0.185 0.169 0.837
2011.2671 41.88 0.75 0.244 0.215 -0.258 0.151 0.137 0.688
2011.2945 41.88 0.75 0.191 -0.022 1.295 0.174 0.159 0.790
2011.3219 41.88 0.75 -0.099 0.779 0.100 0.163 0.150 0.743
2011.3493 41.88 0.75 -0.148 1.060 0.338 0.148 0.135 0.675
2011.3767 41.88 0.75 -0.117 0.682 0.490 0.171 0.157 0.778
2011.4041 41.88 0.75 -0.341 0.515 3.415 0.153 0.138 0.696
2011.4315 41.88 0.75 -0.337 0.923 3.053 0.164 0.135 0.725
2011.5137 41.88 0.75 -0.555 0.386 1.488 0.146 0.126 0.658
2011.5411 41.88 0.75 0.128 0.195 1.211 0.151 0.135 0.684
2011.5685 41.88 0.75 -0.206 0.037 1.745 0.148 0.132 0.673
2011.5959 41.88 0.75 -0.332 0.283 1.764 0.158 0.141 0.715
2011.6233 41.88 0.75 -0.399 0.068 0.652 0.159 0.141 0.719
2011.6507 41.88 0.75 -0.238 0.009 0.877 0.184 0.166 0.830
2011.6781 41.88 0.75 -0.573 -0.115 1.324 0.170 0.155 0.772
2011.7055 41.88 0.75 -0.722 -0.654 0.593 0.170 0.155 0.771
2011.7329 41.88 0.75 -0.556 -0.358 0.416 0.195 0.179 0.883
2011.7603 41.88 0.75 -0.836 -0.260 4.144 0.169 0.154 0.765
2011.7877 41.88 0.75 -0.766 -0.191 4.043 0.179 0.164 0.810
2011.8151 41.88 0.75 -0.731 0.168 2.661 0.176 0.160 0.796
2011.8425 41.88 0.75 -0.855 0.068 2.136 0.189 0.174 0.855
2011.8699 41.88 0.75 -0.862 -0.317 0.208 0.187 0.164 0.835
2011.9521 41.88 0.75 -0.126 -0.028 -0.265 0.136 0.099 0.584
2011.9795 41.88 0.75 -0.108 0.122 1.899 0.155 0.137 0.697
2012.0068 41.88 0.75 0.192 -0.423 1.059 0.145 0.127 0.651
2012.0342 41.88 0.75 0.201 0.675 3.468 0.173 0.150 0.768
2012.0616 41.88 0.75 0.447 0.196 1.149 0.152 0.131 0.675
2012.0890 41.88 0.75 0.113 0.568 2.414 0.151 0.128 0.667
2012.1164 41.88 0.75 0.285 0.343 2.410 0.149 0.124 0.656
2012.1438 41.88 0.75 -0.012 0.435 3.316 0.154 0.128 0.676
2012.1712 41.88 0.75 0.047 0.492 2.321 0.149 0.121 0.652
2012.1986 41.88 0.75 -0.232 1.224 3.466 0.136 0.109 0.593
2012.2260 41.88 0.75 0.256 0.655 0.651 0.137 0.111 0.599
2012.2534 41.88 0.75 0.444 0.533 1.735 0.133 0.108 0.582
2012.2808 41.88 0.75 0.108 0.664 3.294 0.124 0.100 0.544
2012.3082 41.88 0.75 0.170 0.663 1.668 0.161 0.105 0.662
2012.3904 41.88 0.75 0.241 0.609 2.295 0.159 0.122 0.687
2012.4178 41.88 0.75 0.312 0.670 2.510 0.115 0.091 0.502
2012.4452 41.88 0.75 0.286 0.303 1.377 0.114 0.090 0.499
2012.4726 41.88 0.75 0.306 0.148 3.488 0.123 0.097 0.535
2012.5000 41.88 0.75 0.266 0.165 2.228 0.117 0.092 0.513
2012.5274 41.88 0.75 0.071 -0.205 2.942 0.124 0.099 0.540
2012.5548 41.88 0.75 -0.102 0.102 3.705 0.124 0.099 0.540
2012.5822 41.88 0.75 -0.441 0.209 3.935 0.130 0.105 0.568
2012.6096 41.88 0.75 -0.439 0.094 4.476 0.128 0.105 0.561
2012.6370 41.88 0.75 -0.574 -0.332 3.717 0.118 0.097 0.521
2012.6644 41.88 0.75 -0.765 -0.402 1.002 0.128 0.107 0.566
2012.6918 41.88 0.75 -0.822 0.022 2.971 0.131 0.112 0.582
2012.7192 41.88 0.75 -0.870 -0.234 3.133 0.155 0.136 0.690
2012.7466 41.88 0.75 -0.917 0.078 0.804 0.125 0.089 0.536
2012.8562 41.88 0.75 -0.853 -0.656 -0.027 0.162 0.142 0.725
2012.8836 41.88 0.75 -0.592 -0.319 -0.388 0.149 0.136 0.677
2012.9110 41.88 0.75 -0.187 -0.332 0.570 0.142 0.129 0.645
2012.9384 41.88 0.75 -0.209 0.110 1.067 0.140 0.124 0.633
2012.9658 41.88 0.75 -0.130 0.503 -0.807 0.152 0.139 0.690
2012.9918 41.88 0.75 -0.033 0.672 -2.600 0.078 0.069 0.361
2013.0178 41.88 0.75 0.150 0.056 -1.857 0.090 0.081 0.416
2013.0452 41.88 0.75 0.255 -0.073 -2.746 0.090 0.081 0.415
2013.0726 41.88 0.75 0.411 0.364 -3.166 0.083 0.074 0.386
2013.1000 41.88 0.75 0.713 -0.279 0.550 0.085 0.076 0.395
2013.1274 41.88 0.75 0.463 0.242 -0.364 0.080 0.071 0.371
2013.1548 41.88 0.75 0.541 -0.097 -0.675 0.078 0.064 0.357
2013.2644 41.88 0.75 0.167 0.514 -0.539 0.099 0.049 0.388
2013.2918 41.88 0.75 0.440 0.327 -1.216 0.082 0.073 0.379
2013.3192 41.88 0.75 0.147 0.230 -0.275 0.089 0.081 0.414
2013.3466 41.88 0.75 0.065 0.466 -2.286 0.091 0.083 0.424
2013.3740 41.88 0.75 -0.081 0.169 -1.512 0.079 0.072 0.370
2013.4014 41.88 0.75 -0.115 0.351 -1.226 0.081 0.074 0.380
2013.4288 41.88 0.75 -0.216 0.640 -0.751 0.073 0.065 0.342
2013.4562 41.88 0.75 -0.141 0.225 0.204 0.074 0.066 0.348
2013.4836 41.88 0.75 -0.063 -0.242 -2.551 0.076 0.068 0.354
2013.5110 41.88 0.75 -0.159 -0.237 0.546 0.084 0.076 0.393
2013.5384 41.88 0.75 -0.366 -0.120 1.765 0.085 0.073 0.389
2013.5658 41.88 0.75 -0.477 -0.486 4.391 0.087 0.078 0.403
2013.7575 41.88 0.75 -0.947 0.142 1.185 0.085 0.073 0.390
2013.7849 41.88 0.75 -0.734 0.042 1.660 0.087 0.076 0.398
2013.8123 41.88 0.75 -0.540 -0.054 -0.044 0.079 0.069 0.368
2013.8397 41.88 0.75 -0.376 -0.499 2.462 0.080 0.071 0.372
2013.8671 41.88 0.75 -0.582 -0.185 -1.122 0.086 0.075 0.396
2013.8945 41.88 0.75 -0.293 -0.625 2.186 0.080 0.070 0.369
2013.9219 41.88 0.75 -0.131 -0.478 0.535 0.072 0.062 0.336
2013.9493 41.88 0.75 -0.033 -0.240 0.594 0.076 0.066 0.353
2013.9767 41.88 0.75 0.033 -0.518 3.184 0.077 0.067 0.359
2014.0041 41.88 0.75 0.091 -0.156 2.481 0.074 0.065 0.347
2014.0315 41.88 0.75 0.045 -0.348 -1.596 0.077 0.067 0.358
2014.1685 41.88 0.75 0.870 0.086 -2.831 0.082 0.071 0.378
2014.1959 41.88 0.75 0.278 0.274 -1.169 0.082 0.073 0.379
2014.2233 41.88 0.75 0.584 -0.002 -1.705 0.078 0.069 0.362
2014.2507 41.88 0.75 0.284 0.645 -2.142 0.071 0.063 0.335
2014.2781 41.88 0.75 0.227 0.648 -0.016 0.075 0.067 0.353
2014.3055 41.88 0.75 0.129 0.375 -0.340 0.073 0.064 0.340
2014.3329 41.88 0.75 0.121 -0.010 -0.296 0.060 0.053 0.287
2014.3603 41.88 0.75 0.204 0.342 2.002 0.068 0.060 0.320
2014.3877 41.88 0.75 0.158 -0.190 1.539 0.068 0.060 0.320
2014.4151 41.88 0.75 0.241 0.006 4.150 0.068 0.060 0.319
2014.4425 41.88 0.75 -0.219 -0.244 0.963 0.072 0.063 0.336
2014.4699 41.88 0.75 -0.408 0.542 5.642 0.072 0.063 0.335
2014.5795 41.88 0.75 -0.135 0.426 2.533 0.066 0.052 0.308
2014.6068 41.88 0.75 -0.140 -0.156 2.135 0.064 0.055 0.301
2014.6342 41.88 0.75 -0.627 -0.225 3.296 0.059 0.050 0.279
2014.6616 41.88 0.75 -0.578 0.274 3.320 0.065 0.056 0.304
2014.6890 41.88 0.75 -0.609 0.181 0.629 0.063 0.055 0.297
2014.7164 41.88 0.75 -0.735 -0.244 2.632 0.062 0.053 0.291
2014.7438 41.88 0.75 -0.675 -0.791 2.961 0.066 0.058 0.312
2014.7712 41.88 0.75 -0.648 -0.126 1.264 0.066 0.057 0.309
2014.7986 41.88 0.75 -0.685 0.145 1.823 0.059 0.051 0.280
2014.8260 41.88 0.75 -0.721 -0.380 0.912 0.059 0.050 0.280
2014.8534 41.88 0.75 -0.473 -0.195 1.572 0.062 0.053 0.293
2014.8808 41.88 0.75 -0.395 0.244 2.096 0.063 0.053 0.294
2014.9082 41.88 0.75 -0.699 -0.007 1.230 0.064 0.054 0.299
2015.0452 41.88 0.75 0.167 0.444 0.294 0.049 0.039 0.236
2015.0726 41.88 0.75 0.121 0.313 1.886 0.053 0.042 0.248
2015.1000 41.88 0.75 0.303 0.610 1.170 0.047 0.038 0.229
2015.1274 41.88 0.75 0.344 0.365 -0.747 0.044 0.036 0.216
2015.1548 41.88 0.75 0.393 -0.193 0.660 0.051 0.040 0.240
2015.1822 41.88 0.75 0.227 0.218 -1.641 0.048 0.038 0.230
2015.2096 41.88 0.75 0.255 0.072 -1.590 0.063 0.050 0.290
2015.2370 41.88 0.75 0.180 0.181 -0.396 0.068 0.057 0.312
2015.2644 41.88 0.75 0.266 0.323 -0.633 0.060 0.051 0.282
2015.2918 41.88 0.75 0.231 -0.031 1.439 0.060 0.052 0.285
2015.3192 41.88 0.75 0.131 0.607 -0.086 0.058 0.050 0.276
2015.3466 41.88 0.75 -0.072 0.464 1.533 0.063 0.054 0.295
2015.4836 41.88 0.75 -0.262 0.701 4.710 0.060 0.045 0.277
2015.5110 41.88 0.75 -0.547 0.907 1.317 0.057 0.045 0.269
2015.5384 41.88 0.75 -0.367 0.165 3.836 0.062 0.051 0.291
2015.5658 41.88 0.75 -0.355 -0.161 1.664 0.062 0.053 0.291
2015.5932 41.88 0.75 -0.600 0.061 2.262 0.064 0.055 0.300
2015.6205 41.88 0.75 -0.765 -0.091 1.997 0.062 0.053 0.292
2015.6479 41.88 0.75 -0.895 -0.074 1.847 0.060 0.051 0.284
2015.6753 41.88 0.75 -0.974 0.062 2.468 0.059 0.049 0.276
2015.7027 41.88 0.75 -0.752 0.064 1.426 0.063 0.054 0.296
2015.7301 41.88 0.75 -1.056 0.256 -1.837 0.064 0.054 0.297
2015.9493 41.88 0.75 -0.499 0.317 1.926 0.061 0.053 0.291
2015.9767 41.88 0.75 -0.384 0.248 0.661 0.064 0.055 0.300
2016.0041 41.88 0.75 -0.422 0.066 1.529 0.058 0.050 0.275
2016.0315 41.88 0.75 -0.002 -0.396 2.042 0.055 0.047 0.264
2016.0589 41.88 0.75 -0.039 0.469 -0.791 0.057 0.049 0.269
2016.0863 41.88 0.75 0.007 0.623 0.134 0.052 0.044 0.250
2016.1137 41.88 0.75 0.120 0.495 -0.096 0.058 0.049 0.273
2016.1411 41.88 0.75 0.088 0.262 -0.858 0.068 0.058 0.313
2016.1685 41.88 0.75 0.232 0.338 -1.919 0.072 0.063 0.334
2016.1959 41.88 0.75 0.240 0.469 -0.331 0.071 0.064 0.332
2016.2233 41.88 0.75 0.209 0.036 0.279 0.071 0.065 0.336
2016.2507 41.88 0.75 0.311 0.489 -2.120 0.060 0.051 0.285
2016.3603 41.88 0.75 0.009 0.847 0.811 0.056 0.049 0.267
2016.3877 41.88 0.75 0.058 0.525 1.799 0.065 0.057 0.305
2016.4151 41.88 0.75 -0.062 0.533 0.666 0.064 0.055 0.301
2016.4425 41.88 0.75 0.107 0.425 -1.735 0.068 0.060 0.319
2016.4699 41.88 0.75 0.216 0.640 -2.191 0.067 0.059 0.313
