2002.5877 55.70 37.54 0.111 -0.273 8.154 0.118 0.107 0.551
2002.6151 55.70 37.54 0.106 -0.249 7.916 0.113 0.103 0.526
2002.6425 55.70 37.54 0.187 -0.049 7.066 0.115 0.105 0.537
2002.6699 55.70 37.54 0.099 0.342 7.997 0.100 0.090 0.470
2002.6973 55.70 37.54 0.272 0.525 10.207 0.184 0.112 0.733
2002.7247 55.70 37.54 0.050 0.130 6.685 0.106 0.098 0.498
2002.7521 55.70 37.54 -0.218 0.263 5.528 0.098 0.091 0.464
2002.7795 55.70 37.54 -0.276 0.212 6.549 0.114 0.105 0.536
2002.8068 55.70 37.54 -0.306 -0.123 4.752 0.102 0.094 0.480
2002.8342 55.70 37.54 -0.653 -0.224 3.403 0.101 0.093 0.474
2002.8616 55.70 37.54 -0.466 -0.032 3.936 0.107 0.091 0.492
2002.8890 55.70 37.54 -0.396 -0.092 1.970 0.102 0.094 0.480
2002.9164 55.70 37.54 -0.435 -0.127 2.564 0.110 0.100 0.516
2003.0260 55.70 37.54 -0.089 0.120 -0.727 0.125 0.114 0.584
2003.0534 55.70 37.54 -0.371 0.357 -2.804 0.200 0.186 0.921
2003.0808 55.70 37.54 0.377 0.744 3.018 0.182 0.163 0.835
2003.1082 55.70 37.54 -0.603 0.280 0.514 0.106 0.095 0.500
2003.1356 55.70 37.54 -0.781 -0.089 -2.071 0.098 0.088 0.467
2003.1630 55.70 37.54 -0.357 0.768 -2.675 0.104 0.094 0.492
2003.1904 55.70 37.54 -0.262 0.768 -1.054 0.123 0.110 0.574
2003.2178 55.70 37.54 -0.283 0.708 0.762 0.103 0.093 0.485
2003.2452 55.70 37.54 -0.127 0.747 0.333 0.100 0.091 0.472
2003.2726 55.70 37.54 -0.017 0.760 0.315 0.097 0.088 0.461
2003.3000 55.70 37.54 0.058 0.714 0.463 0.095 0.086 0.450
2003.3274 55.70 37.54 -0.117 0.947 -0.138 0.123 0.113 0.577
2003.3548 55.70 37.54 -0.058 0.673 -0.561 0.134 0.123 0.622
2003.3822 55.70 37.54 -0.201 1.126 -0.010 0.124 0.113 0.583
2003.5192 55.70 37.54 0.058 0.081 -0.651 0.127 0.119 0.592
2003.5466 55.70 37.54 -0.222 -0.070 2.373 0.140 0.131 0.647
2003.5740 55.70 37.54 -0.109 -0.050 3.505 0.162 0.153 0.745
2003.6014 55.70 37.54 -0.014 -0.101 5.589 0.140 0.131 0.648
2003.6288 55.70 37.54 -0.100 -0.472 7.831 0.133 0.125 0.619
2003.6562 55.70 37.54 -0.025 -0.235 4.005 0.143 0.134 0.661
2003.6836 55.70 37.54 0.257 -0.093 3.666 0.140 0.132 0.649
2003.7110 55.70 37.54 0.031 0.337 3.935 0.112 0.103 0.523
2003.7384 55.70 37.54 0.308 0.100 5.858 0.134 0.125 0.620
2003.7658 55.70 37.54 0.216 0.164 2.865 0.123 0.115 0.572
2003.7932 55.70 37.54 0.318 -0.012 2.171 0.137 0.128 0.633
2003.8205 55.70 37.54 0.195 -0.077 1.477 0.150 0.138 0.686
2003.8479 55.70 37.54 0.276 0.029 1.435 0.133 0.122 0.614
2003.8753 55.70 37.54 0.193 -0.083 -0.108 0.138 0.127 0.634
2003.9027 55.70 37.54 0.127 -0.282 0.561 0.127 0.117 0.589
2003.9301 55.70 37.54 -0.091 -0.464 -0.734 0.132 0.121 0.608
2003.9575 55.70 37.54 0.067 -0.340 -1.813 0.147 0.135 0.672
2003.9849 55.70 37.54 -0.057 -0.192 -2.285 0.140 0.129 0.642
2004.0123 55.70 37.54 -0.121 0.262 -5.867 0.151 0.138 0.688
2004.0397 55.70 37.54 -0.032 0.063 -2.444 0.129 0.119 0.605
2004.0945 55.70 37.54 -0.320 -0.029 -3.562 0.121 0.111 0.565
2004.1219 55.70 37.54 -0.345 0.043 -6.480 0.128 0.116 0.587
2004.1493 55.70 37.54 -0.497 0.391 -4.564 0.151 0.136 0.684
2004.1767 55.70 37.54 -0.668 0.430 -4.001 0.160 0.143 0.720
2004.2041 55.70 37.54 -0.636 0.285 -3.436 0.132 0.119 0.600
2004.2315 55.70 37.54 -0.619 0.484 -3.962 0.134 0.121 0.610
2004.2589 55.70 37.54 -0.386 0.884 -5.072 0.139 0.125 0.631
2004.2863 55.70 37.54 -0.721 0.696 -5.482 0.140 0.125 0.634
2004.3137 55.70 37.54 -0.403 0.944 -4.921 0.133 0.119 0.605
2004.3411 55.70 37.54 -0.212 0.908 -3.979 0.146 0.130 0.658
2004.3685 55.70 37.54 -0.726 0.684 -3.049 0.141 0.127 0.643
2004.3959 55.70 37.54 -0.450 0.712 -5.006 0.124 0.113 0.571
2004.4233 55.70 37.54 -0.384 0.137 -3.062 0.119 0.108 0.550
2004.4507 55.70 37.54 -0.269 0.372 -1.182 0.106 0.096 0.491
2004.4781 55.70 37.54 -0.209 0.241 -0.832 0.117 0.105 0.536
2004.5055 55.70 37.54 -0.339 -0.000 -1.187 0.114 0.103 0.524
2004.5329 55.70 37.54 -0.391 -0.111 -1.188 0.108 0.097 0.499
2004.5603 55.70 37.54 -0.345 0.199 -1.389 0.111 0.100 0.511
2004.5877 55.70 37.54 -0.583 0.071 0.933 0.112 0.101 0.517
2004.6151 55.70 37.54 -0.526 -0.053 1.282 0.123 0.111 0.567
2004.6425 55.70 37.54 -0.315 0.310 1.851 0.105 0.095 0.489
2004.6699 55.70 37.54 -0.266 0.168 1.470 0.105 0.095 0.491
2004.6973 55.70 37.54 -0.051 0.197 1.358 0.099 0.090 0.463
2004.7247 55.70 37.54 0.182 0.071 1.345 0.113 0.102 0.524
2004.7521 55.70 37.54 0.132 0.078 3.261 0.108 0.099 0.506
2004.7795 55.70 37.54 0.163 0.099 2.126 0.106 0.096 0.492
2004.8068 55.70 37.54 0.081 0.051 1.108 0.117 0.106 0.539
2004.8342 55.70 37.54 0.091 -0.103 -0.058 0.116 0.104 0.532
2004.8616 55.70 37.54 0.060 -0.115 0.072 0.102 0.093 0.478
2004.8890 55.70 37.54 0.200 -0.225 -1.420 0.102 0.092 0.476
2004.9164 55.70 37.54 0.177 -0.082 -1.861 0.111 0.100 0.513
2004.9438 55.70 37.54 0.237 -0.065 -3.251 0.123 0.111 0.569
2004.9712 55.70 37.54 0.063 0.089 -3.031 0.111 0.100 0.512
2004.9973 55.70 37.54 -0.062 0.211 -3.115 0.108 0.098 0.501
2005.0233 55.70 37.54 -0.062 0.152 -2.612 0.124 0.111 0.564
2005.0507 55.70 37.54 -0.001 -0.103 -3.159 0.179 0.157 0.792
2005.0781 55.70 37.54 -0.246 0.362 -5.255 0.137 0.122 0.619
2005.1055 55.70 37.54 -0.416 0.598 -6.015 0.136 0.122 0.616
2005.1329 55.70 37.54 -0.557 1.044 -5.302 0.139 0.125 0.630
2005.1603 55.70 37.54 -0.874 0.965 -7.540 0.125 0.113 0.573
2005.1877 55.70 37.54 -0.839 0.793 -7.403 0.127 0.115 0.582
2005.2151 55.70 37.54 -0.693 0.708 -7.345 0.120 0.109 0.553
2005.2425 55.70 37.54 -0.846 0.572 -7.581 0.115 0.104 0.531
2005.2699 55.70 37.54 -0.805 0.527 -6.370 0.122 0.111 0.562
2005.2973 55.70 37.54 -0.872 0.813 -5.680 0.129 0.117 0.590
2005.3247 55.70 37.54 -0.675 0.861 -7.174 0.136 0.123 0.621
2005.3521 55.70 37.54 -0.980 0.779 -6.603 0.061 0.053 0.302
2005.3795 55.70 37.54 -0.768 0.463 -5.717 0.127 0.115 0.585
2005.4068 55.70 37.54 -0.587 0.526 -4.893 0.117 0.106 0.542
2005.4342 55.70 37.54 -0.587 0.400 -2.442 0.134 0.122 0.619
2005.4616 55.70 37.54 -0.756 0.215 -3.074 0.122 0.110 0.561
2005.4890 55.70 37.54 -0.616 0.417 -4.566 0.116 0.105 0.534
2005.5164 55.70 37.54 -0.547 0.660 -2.309 0.115 0.104 0.533
2005.5438 55.70 37.54 -0.604 0.399 0.286 0.124 0.113 0.572
2005.5712 55.70 37.54 -0.785 0.030 -0.365 0.135 0.123 0.618
2005.5986 55.70 37.54 -0.682 0.115 0.684 0.138 0.125 0.631
2005.6260 55.70 37.54 -0.631 -0.126 1.141 0.122 0.111 0.564
2005.6534 55.70 37.54 -0.351 0.157 0.921 0.128 0.117 0.590
2005.6808 55.70 37.54 -0.580 -0.358 1.390 0.126 0.115 0.580
2005.7082 55.70 37.54 -0.210 -0.311 2.291 0.151 0.138 0.689
2005.7356 55.70 37.54 -0.203 -0.302 3.455 0.133 0.122 0.611
2005.7630 55.70 37.54 -0.217 -0.377 4.519 0.133 0.123 0.613
2005.7904 55.70 37.54 -0.343 -0.346 4.375 0.125 0.115 0.579
2005.8178 55.70 37.54 -0.387 -0.245 3.950 0.128 0.118 0.592
2005.8452 55.70 37.54 -0.340 -0.167 3.088 0.138 0.127 0.634
2005.8726 55.70 37.54 -0.228 -0.115 2.915 0.120 0.110 0.554
2005.9000 55.70 37.54 -0.473 -0.252 2.223 0.117 0.107 0.542
2005.9274 55.70 37.54 -0.736 -0.093 0.625 0.125 0.113 0.580
2005.9548 55.70 37.54 -0.826 -0.237 -2.148 0.121 0.107 0.583
2005.9822 55.70 37.54 -0.617 0.069 -2.240 0.117 0.106 0.547
2006.0096 55.70 37.54 -0.626 -0.071 -1.760 0.126 0.115 0.583
2006.0370 55.70 37.54 -0.561 0.050 -1.976 0.157 0.145 0.721
2006.0644 55.70 37.54 -0.728 0.018 -1.112 0.159 0.147 0.733
2006.0918 55.70 37.54 -0.695 -0.171 -1.663 0.157 0.146 0.725
2006.1192 55.70 37.54 -0.956 0.227 -2.017 0.177 0.165 0.810
2006.1466 55.70 37.54 -1.077 -0.161 -1.342 0.140 0.130 0.647
2006.1740 55.70 37.54 -1.316 -0.061 -1.303 0.156 0.146 0.716
2006.2014 55.70 37.54 -1.370 0.093 -3.065 0.122 0.113 0.568
2006.2288 55.70 37.54 -1.469 0.098 -4.508 0.156 0.146 0.719
2006.2562 55.70 37.54 -1.496 0.195 -2.100 0.146 0.137 0.674
2006.2836 55.70 37.54 -1.619 0.145 -3.706 0.143 0.135 0.663
2006.3110 55.70 37.54 -1.312 0.486 -2.500 0.153 0.144 0.704
2006.3384 55.70 37.54 -1.247 0.468 -2.400 0.138 0.130 0.641
2006.3658 55.70 37.54 -1.178 0.485 -1.895 0.153 0.145 0.707
2006.3932 55.70 37.54 -1.069 0.343 0.062 0.151 0.142 0.697
2006.4205 55.70 37.54 -0.828 0.245 -1.980 0.152 0.143 0.701
2006.4479 55.70 37.54 -0.645 0.251 -2.913 0.168 0.157 0.776
2006.4753 55.70 37.54 -0.844 0.090 0.803 0.169 0.159 0.779
2006.5027 55.70 37.54 -0.903 0.282 -0.548 0.174 0.165 0.806
2006.5301 55.70 37.54 -0.919 0.484 0.623 0.206 0.196 0.947
2006.5575 55.70 37.54 -0.639 0.416 2.778 0.165 0.156 0.762
2006.5849 55.70 37.54 -0.757 0.062 2.353 0.169 0.161 0.782
2006.6123 55.70 37.54 -0.819 0.015 2.316 0.206 0.198 0.948
2006.6397 55.70 37.54 -0.759 -0.409 3.571 0.176 0.168 0.811
2006.6671 55.70 37.54 -0.689 -0.383 4.264 0.161 0.152 0.743
2006.6945 55.70 37.54 -0.531 -0.665 1.305 0.204 0.194 0.938
2006.7219 55.70 37.54 -0.441 -0.380 1.545 0.193 0.182 0.888
2006.7493 55.70 37.54 -0.451 -0.553 3.684 0.229 0.218 1.050
2006.7767 55.70 37.54 -0.009 -0.404 3.016 0.198 0.189 0.912
2006.8041 55.70 37.54 -0.213 0.064 3.078 0.161 0.152 0.743
2006.8315 55.70 37.54 -0.226 0.167 1.451 0.186 0.177 0.856
2006.8589 55.70 37.54 -0.265 0.201 -0.212 0.182 0.172 0.835
2006.8863 55.70 37.54 -0.239 0.039 -1.366 0.175 0.164 0.803
2006.9137 55.70 37.54 -0.007 0.211 -3.771 0.170 0.160 0.784
2006.9411 55.70 37.54 -0.226 -0.329 -0.673 0.168 0.157 0.772
2006.9685 55.70 37.54 -0.052 0.049 -2.470 0.168 0.156 0.773
2006.9959 55.70 37.54 -0.225 0.029 -1.584 0.168 0.155 0.774
2007.0233 55.70 37.54 -0.184 0.073 -3.449 0.157 0.144 0.725
2007.0507 55.70 37.54 -0.074 -0.115 -4.343 0.164 0.150 0.752
2007.0781 55.70 37.54 -0.413 0.049 -5.619 0.165 0.155 0.762
2007.1055 55.70 37.54 -0.416 0.266 -6.260 0.148 0.138 0.685
2007.1329 55.70 37.54 -0.362 -0.004 -7.019 0.162 0.151 0.744
2007.1603 55.70 37.54 -0.556 0.628 -6.057 0.153 0.143 0.708
2007.1877 55.70 37.54 -0.624 0.018 -7.597 0.196 0.186 0.899
2007.2151 55.70 37.54 -0.556 0.545 -5.952 0.175 0.165 0.805
2007.2425 55.70 37.54 -0.770 0.796 -5.777 0.168 0.159 0.775
2007.2699 55.70 37.54 -0.601 1.076 -3.263 0.136 0.126 0.630
2007.2973 55.70 37.54 -0.557 1.219 -5.655 0.128 0.119 0.596
2007.3247 55.70 37.54 -0.640 0.957 -4.722 0.155 0.146 0.716
2007.3521 55.70 37.54 -0.590 0.973 -4.287 0.169 0.160 0.779
2007.3795 55.70 37.54 -0.578 0.727 -3.790 0.177 0.168 0.815
2007.4068 55.70 37.54 -0.155 0.721 -3.361 0.149 0.140 0.687
2007.4342 55.70 37.54 -0.019 0.662 -2.506 0.142 0.134 0.660
2007.4616 55.70 37.54 -0.012 0.694 -1.541 0.185 0.176 0.851
2007.4890 55.70 37.54 -0.272 0.277 -0.363 0.144 0.134 0.666
2007.5164 55.70 37.54 -0.171 0.338 -0.101 0.151 0.142 0.698
2007.5438 55.70 37.54 -0.175 0.253 1.449 0.147 0.137 0.679
2007.5712 55.70 37.54 -0.096 0.271 2.361 0.151 0.141 0.697
2007.5986 55.70 37.54 -0.079 0.014 1.839 0.184 0.173 0.845
2007.6260 55.70 37.54 -0.071 0.206 3.254 0.151 0.141 0.698
2007.6534 55.70 37.54 -0.168 0.139 3.978 0.154 0.143 0.709
2007.6808 55.70 37.54 0.033 0.058 5.094 0.162 0.151 0.746
2007.7082 55.70 37.54 0.136 0.222 5.330 0.122 0.111 0.569
2007.7356 55.70 37.54 0.327 0.169 5.720 0.166 0.155 0.765
2007.7630 55.70 37.54 0.156 0.160 4.054 0.130 0.119 0.606
2007.7904 55.70 37.54 0.250 0.102 2.596 0.163 0.152 0.751
2007.8178 55.70 37.54 0.159 0.157 1.784 0.186 0.175 0.856
2007.8452 55.70 37.54 0.298 -0.046 1.877 0.153 0.143 0.709
2007.8726 55.70 37.54 0.002 -0.176 -2.559 0.178 0.166 0.819
2007.9000 55.70 37.54 0.053 -0.192 0.943 0.192 0.176 0.874
2007.9274 55.70 37.54 -0.114 -0.010 0.507 0.184 0.173 0.846
2007.9548 55.70 37.54 -0.102 0.154 -0.877 0.139 0.130 0.645
2007.9822 55.70 37.54 -0.130 -0.147 -2.116 0.170 0.160 0.783
2008.0096 55.70 37.54 -0.086 -0.043 -1.027 0.149 0.140 0.690
2008.0370 55.70 37.54 0.025 -0.226 -1.039 0.153 0.144 0.707
2008.0644 55.70 37.54 -0.057 -0.004 -0.878 0.175 0.166 0.807
2008.0918 55.70 37.54 0.097 -0.153 -2.260 0.142 0.133 0.661
2008.1192 55.70 37.54 0.110 -0.096 -2.803 0.165 0.156 0.763
2008.1466 55.70 37.54 0.112 0.427 -2.243 0.191 0.182 0.881
2008.1740 55.70 37.54 0.117 0.420 -4.857 0.168 0.159 0.775
2008.2014 55.70 37.54 -0.487 0.693 -4.605 0.179 0.170 0.824
2008.2288 55.70 37.54 -0.280 0.685 -4.961 0.211 0.199 0.971
2008.2562 55.70 37.54 -0.025 0.828 -3.692 0.196 0.185 0.902
2008.2836 55.70 37.54 -0.445 0.444 -4.819 0.235 0.223 1.080
2008.3110 55.70 37.54 -0.387 0.537 -4.615 0.242 0.230 1.112
2008.3384 55.70 37.54 -0.164 0.675 -2.570 0.180 0.170 0.828
2008.3658 55.70 37.54 -0.236 0.519 -1.381 0.184 0.173 0.848
2008.3932 55.70 37.54 0.078 0.055 -2.022 0.169 0.158 0.778
2008.4205 55.70 37.54 -0.175 0.507 -0.820 0.148 0.138 0.683
2008.4479 55.70 37.54 0.056 0.342 -0.080 0.149 0.140 0.689
2008.4753 55.70 37.54 -0.008 0.233 0.344 0.145 0.135 0.671
2008.5027 55.70 37.54 0.037 0.049 0.347 0.178 0.165 0.816
2008.5301 55.70 37.54 -0.113 0.450 1.438 0.221 0.206 1.010
2008.5575 55.70 37.54 -0.027 0.238 0.422 0.146 0.134 0.673
2008.5849 55.70 37.54 0.058 0.395 1.289 0.163 0.151 0.746
2008.6123 55.70 37.54 -0.031 0.251 1.379 0.138 0.127 0.635
2008.6397 55.70 37.54 0.126 0.043 2.677 0.150 0.139 0.690
2008.6671 55.70 37.54 0.319 0.012 2.873 0.144 0.133 0.664
2008.6945 55.70 37.54 0.482 0.005 1.726 0.140 0.129 0.645
2008.7219 55.70 37.54 0.470 0.087 2.840 0.159 0.148 0.732
2008.7493 55.70 37.54 0.531 0.113 2.965 0.144 0.134 0.666
2008.7767 55.70 37.54 0.556 0.223 1.508 0.167 0.157 0.766
2008.8041 55.70 37.54 0.662 0.147 1.905 0.167 0.158 0.770
2008.8315 55.70 37.54 0.809 -0.183 -0.656 0.189 0.179 0.871
2008.8589 55.70 37.54 0.518 -0.189 0.528 0.220 0.209 1.012
2008.8863 55.70 37.54 0.374 0.022 0.752 0.212 0.200 0.972
2008.9137 55.70 37.54 0.401 -0.452 -0.664 0.201 0.191 0.925
2008.9411 55.70 37.54 0.560 -0.327 -2.908 0.211 0.200 0.972
2008.9685 55.70 37.54 0.637 0.026 -0.664 0.198 0.187 0.911
2008.9945 55.70 37.54 0.596 0.159 -0.911 0.167 0.158 0.771
2009.0205 55.70 37.54 0.441 0.047 -3.070 0.163 0.155 0.756
2009.0479 55.70 37.54 0.422 0.423 -0.382 0.164 0.155 0.758
2009.0753 55.70 37.54 0.317 0.220 -3.049 0.158 0.149 0.731
2009.1027 55.70 37.54 0.015 -0.153 -4.622 0.195 0.186 0.900
2009.1301 55.70 37.54 -0.054 0.006 -5.725 0.156 0.148 0.724
2009.1575 55.70 37.54 0.049 0.479 -4.317 0.160 0.151 0.740
2009.1849 55.70 37.54 -0.187 0.367 -2.000 0.181 0.172 0.836
2009.2123 55.70 37.54 -0.211 0.411 -4.610 0.159 0.148 0.734
2009.2397 55.70 37.54 -0.252 0.566 -4.030 0.177 0.168 0.818
2009.2671 55.70 37.54 0.048 0.207 -4.731 0.149 0.140 0.690
2009.2945 55.70 37.54 0.073 -0.070 -2.874 0.153 0.144 0.706
2009.3219 55.70 37.54 -0.066 0.540 -1.162 0.159 0.150 0.737
2009.3493 55.70 37.54 -0.089 0.172 0.146 0.147 0.138 0.680
2009.3767 55.70 37.54 -0.061 0.022 -1.231 0.155 0.145 0.714
2009.4041 55.70 37.54 -0.087 0.167 -0.890 0.137 0.128 0.636
2009.4315 55.70 37.54 0.300 0.617 1.624 0.156 0.146 0.720
2009.4589 55.70 37.54 0.332 0.282 1.497 0.134 0.124 0.621
2009.4863 55.70 37.54 0.197 0.433 0.793 0.148 0.137 0.681
2009.5137 55.70 37.54 0.168 0.271 0.945 0.143 0.131 0.661
2009.5411 55.70 37.54 0.135 0.427 -0.059 0.174 0.161 0.801
2009.5685 55.70 37.54 0.047 0.037 -0.748 0.188 0.174 0.862
2009.5959 55.70 37.54 -0.011 0.071 1.160 0.165 0.152 0.760
2009.6233 55.70 37.54 0.240 -0.034 1.970 0.170 0.157 0.779
2009.6507 55.70 37.54 0.244 0.005 3.029 0.163 0.152 0.751
2009.6781 55.70 37.54 0.466 -0.178 1.075 0.174 0.162 0.798
2009.7055 55.70 37.54 0.382 -0.434 2.549 0.179 0.168 0.822
2009.7329 55.70 37.54 0.138 -0.509 2.589 0.173 0.162 0.796
2009.7603 55.70 37.54 0.469 -0.726 0.186 0.197 0.185 0.904
2009.7877 55.70 37.54 0.701 -0.463 0.921 0.182 0.171 0.835
2009.8151 55.70 37.54 0.700 -0.609 1.354 0.194 0.183 0.891
2009.8425 55.70 37.54 0.721 -0.370 1.530 0.177 0.166 0.814
2009.8699 55.70 37.54 0.503 -0.555 0.104 0.169 0.159 0.780
2009.8973 55.70 37.54 0.726 -0.333 -0.535 0.158 0.149 0.732
2009.9247 55.70 37.54 0.391 -0.087 0.026 0.161 0.148 0.740
2009.9521 55.70 37.54 0.447 -0.148 -1.723 0.149 0.139 0.689
2009.9795 55.70 37.54 0.202 -0.339 -3.346 0.153 0.143 0.709
2010.0068 55.70 37.54 0.154 -0.365 -6.498 0.191 0.181 0.880
2010.0342 55.70 37.54 0.255 -0.444 -5.933 0.151 0.141 0.699
2010.0616 55.70 37.54 0.231 -0.530 -4.458 0.155 0.145 0.715
2010.0890 55.70 37.54 -0.154 -0.323 -4.328 0.183 0.173 0.841
2010.1164 55.70 37.54 -0.463 -0.194 -4.135 0.189 0.178 0.868
2010.1438 55.70 37.54 -0.442 -0.126 -5.525 0.183 0.172 0.843
2010.1712 55.70 37.54 -0.444 -0.854 -5.295 0.175 0.164 0.808
2010.1986 55.70 37.54 -0.252 -0.322 -6.220 0.168 0.158 0.775
2010.2260 55.70 37.54 -0.030 -0.288 -6.486 0.184 0.172 0.845
2010.2534 55.70 37.54 -0.280 -0.246 -5.332 0.190 0.178 0.874
2010.2808 55.70 37.54 -0.238 -0.098 -4.390 0.148 0.137 0.684
2010.3082 55.70 37.54 -0.179 0.329 -4.150 0.154 0.144 0.712
2010.3356 55.70 37.54 0.248 0.457 -2.174 0.143 0.131 0.661
2010.3630 55.70 37.54 0.008 0.058 -2.966 0.152 0.140 0.701
2010.3904 55.70 37.54 -0.126 -0.065 -1.831 0.160 0.144 0.733
2010.4178 55.70 37.54 -0.023 -0.223 -1.806 0.162 0.149 0.744
2010.4452 55.70 37.54 0.482 -0.444 -1.324 0.143 0.132 0.665
2010.4726 55.70 37.54 0.276 -0.391 -2.110 0.130 0.119 0.606
2010.5000 55.70 37.54 0.348 -0.603 -0.956 0.145 0.134 0.673
2010.5274 55.70 37.54 0.170 -0.680 3.061 0.218 0.207 1.002
2010.5548 55.70 37.54 0.058 -0.432 4.107 0.143 0.133 0.660
2010.5822 55.70 37.54 0.177 -0.487 4.940 0.129 0.121 0.601
2010.6096 55.70 37.54 0.308 -0.518 5.753 0.164 0.155 0.755
2010.6370 55.70 37.54 0.172 -0.736 7.787 0.148 0.139 0.682
2010.6644 55.70 37.54 0.452 -0.727 5.874 0.139 0.130 0.643
2010.6918 55.70 37.54 0.559 -0.773 7.223 0.164 0.155 0.758
2010.7192 55.70 37.54 0.509 -0.728 7.479 0.154 0.145 0.709
2010.7466 55.70 37.54 0.327 -0.678 7.018 0.177 0.168 0.812
2010.7740 55.70 37.54 0.401 -0.620 6.770 0.147 0.138 0.680
2010.8014 55.70 37.54 0.280 -0.666 4.299 0.140 0.131 0.646
2010.8288 55.70 37.54 0.383 -0.666 3.953 0.158 0.149 0.727
2010.8562 55.70 37.54 0.665 -0.746 3.419 0.155 0.146 0.716
2010.8836 55.70 37.54 0.678 -1.038 3.259 0.145 0.136 0.673
2010.9110 55.70 37.54 0.756 -0.998 3.655 0.158 0.148 0.727
2010.9384 55.70 37.54 0.290 -0.597 2.396 0.163 0.154 0.752
2010.9658 55.70 37.54 0.250 -0.921 0.939 0.178 0.169 0.820
2010.9932 55.70 37.54 0.083 -0.826 -1.750 0.169 0.128 0.731
2011.1027 55.70 37.54 0.355 -0.587 -2.016 0.158 0.139 0.723
2011.1301 55.70 37.54 0.132 -0.310 -0.692 0.214 0.202 0.980
2011.1575 55.70 37.54 0.148 -0.170 -2.042 0.148 0.137 0.682
2011.1849 55.70 37.54 -0.294 -0.148 -0.349 0.121 0.110 0.564
2011.2123 55.70 37.54 -0.216 -0.276 0.804 0.182 0.172 0.837
2011.2397 55.70 37.54 0.145 -0.169 -1.220 0.188 0.178 0.864
2011.2671 55.70 37.54 0.231 0.490 -2.965 0.155 0.145 0.714
2011.2945 55.70 37.54 0.100 0.308 -3.266 0.177 0.168 0.816
2011.3219 55.70 37.54 0.056 0.260 -5.181 0.166 0.158 0.767
2011.3493 55.70 37.54 0.105 0.238 -1.623 0.151 0.143 0.699
2011.3767 55.70 37.54 -0.000 0.037 -0.237 0.174 0.165 0.803
2011.4041 55.70 37.54 -0.022 0.030 -0.301 0.156 0.147 0.722
2011.4315 55.70 37.54 -0.018 -0.055 0.833 0.171 0.149 0.770
2011.5137 55.70 37.54 -0.176 -0.386 0.551 0.151 0.137 0.692
2011.5411 55.70 37.54 -0.221 -0.718 4.408 0.154 0.144 0.711
2011.5685 55.70 37.54 -0.049 -0.829 4.141 0.152 0.141 0.703
2011.5959 55.70 37.54 -0.239 -0.740 6.096 0.162 0.151 0.744
2011.6233 55.70 37.54 -0.014 -1.077 7.577 0.163 0.151 0.750
2011.6507 55.70 37.54 0.004 -0.881 7.056 0.187 0.176 0.860
2011.6781 55.70 37.54 0.031 -0.446 8.067 0.174 0.164 0.799
2011.7055 55.70 37.54 0.402 -0.522 6.623 0.174 0.164 0.798
2011.7329 55.70 37.54 0.535 -0.477 6.502 0.199 0.188 0.910
2011.7603 55.70 37.54 0.423 -0.372 6.714 0.172 0.162 0.790
2011.7877 55.70 37.54 0.413 -0.392 7.344 0.182 0.172 0.835
2011.8151 55.70 37.54 0.473 -0.524 6.871 0.180 0.169 0.822
2011.8425 55.70 37.54 0.383 -0.431 6.713 0.192 0.182 0.880
2011.8699 55.70 37.54 0.294 0.220 4.456 0.193 0.172 0.866
2011.9521 55.70 37.54 0.315 -0.613 2.508 0.144 0.118 0.643
2011.9795 55.70 37.54 0.502 -0.189 0.418 0.160 0.143 0.720
2012.0068 55.70 37.54 0.524 -0.218 -0.086 0.150 0.133 0.675
2012.0342 55.70 37.54 0.413 -0.820 0.257 0.179 0.157 0.798
2012.0616 55.70 37.54 0.492 -0.531 -0.011 0.158 0.137 0.701
2012.0890 55.70 37.54 0.223 -0.325 0.015 0.157 0.134 0.695
2012.1164 55.70 37.54 -0.226 0.127 0.112 0.155 0.132 0.687
2012.1438 55.70 37.54 -0.302 0.099 -0.221 0.161 0.135 0.707
2012.1712 55.70 37.54 -0.274 0.100 -1.655 0.156 0.130 0.689
2012.1986 55.70 37.54 -0.199 -0.037 1.049 0.143 0.118 0.629
2012.2260 55.70 37.54 -0.287 0.368 -2.850 0.144 0.118 0.631
2012.2534 55.70 37.54 -0.292 0.628 -3.616 0.140 0.114 0.613
2012.2808 55.70 37.54 -0.428 0.257 -4.595 0.131 0.106 0.574
2012.3082 55.70 37.54 -0.294 0.455 -4.571 0.173 0.128 0.744
2012.3904 55.70 37.54 -0.346 0.029 -0.601 0.167 0.140 0.747
2012.4178 55.70 37.54 -0.045 -0.113 -1.043 0.121 0.098 0.534
2012.4452 55.70 37.54 -0.002 -0.288 -1.302 0.120 0.098 0.532
2012.4726 55.70 37.54 -0.147 -0.335 1.323 0.129 0.105 0.567
2012.5000 55.70 37.54 0.120 -0.337 1.168 0.124 0.101 0.546
2012.5274 55.70 37.54 -0.078 -0.715 4.562 0.131 0.106 0.573
2012.5548 55.70 37.54 0.188 -0.451 3.860 0.130 0.106 0.572
2012.5822 55.70 37.54 0.176 -0.605 4.485 0.136 0.111 0.598
2012.6096 55.70 37.54 0.447 -0.446 5.043 0.134 0.110 0.587
2012.6370 55.70 37.54 0.481 -0.234 6.431 0.124 0.102 0.547
2012.6644 55.70 37.54 0.238 -0.386 4.103 0.134 0.112 0.591
2012.6918 55.70 37.54 0.589 -0.428 4.809 0.136 0.116 0.604
2012.7192 55.70 37.54 0.638 -0.470 4.799 0.160 0.140 0.711
2012.7466 55.70 37.54 1.031 -0.474 3.844 0.134 0.103 0.587
2012.8562 55.70 37.54 0.730 -0.605 -0.757 0.168 0.147 0.748
2012.8836 55.70 37.54 0.767 -0.757 0.024 0.153 0.142 0.697
2012.9110 55.70 37.54 1.013 -0.247 -0.457 0.145 0.135 0.664
2012.9384 55.70 37.54 0.699 -0.681 0.043 0.143 0.133 0.661
2012.9658 55.70 37.54 0.597 -0.421 -2.140 0.155 0.145 0.710
2012.9918 55.70 37.54 0.505 -0.594 -1.344 0.080 0.073 0.378
2013.0178 55.70 37.54 0.431 -0.359 -2.716 0.092 0.085 0.432
2013.0452 55.70 37.54 0.353 -0.561 -2.185 0.092 0.085 0.432
2013.0726 55.70 37.54 0.220 -0.605 -4.479 0.085 0.078 0.402
2013.1000 55.70 37.54 0.082 -0.113 -5.096 0.088 0.080 0.412
2013.1274 55.70 37.54 0.167 -0.291 -3.795 0.082 0.075 0.388
2013.1548 55.70 37.54 0.102 -0.037 -4.572 0.082 0.070 0.380
2013.2644 55.70 37.54 -0.564 0.025 -8.734 0.107 0.067 0.441
2013.2918 55.70 37.54 -0.096 -0.428 -9.658 0.084 0.077 0.396
2013.3192 55.70 37.54 -0.088 0.001 -7.507 0.091 0.085 0.431
2013.3466 55.70 37.54 -0.312 0.306 -5.577 0.094 0.088 0.440
2013.3740 55.70 37.54 -0.157 0.044 -3.074 0.081 0.075 0.386
2013.4014 55.70 37.54 -0.072 -0.006 -3.464 0.083 0.078 0.396
2013.4288 55.70 37.54 -0.171 -0.210 -1.589 0.075 0.069 0.358
2013.4562 55.70 37.54 -0.219 -0.069 -0.099 0.076 0.070 0.365
2013.4836 55.70 37.54 -0.199 0.137 0.763 0.078 0.072 0.371
2013.5110 55.70 37.54 -0.263 -0.043 3.817 0.087 0.080 0.409
2013.5384 55.70 37.54 -0.225 -0.366 4.450 0.088 0.078 0.409
2013.5658 55.70 37.54 -0.110 -0.493 4.447 0.089 0.082 0.420
2013.7575 55.70 37.54 -0.220 0.121 4.215 0.087 0.079 0.411
2013.7849 55.70 37.54 0.058 -0.252 3.704 0.089 0.081 0.419
2013.8123 55.70 37.54 -0.012 -0.121 4.109 0.082 0.075 0.387
2013.8397 55.70 37.54 0.224 -0.164 4.138 0.083 0.076 0.391
2013.8671 55.70 37.54 0.150 -0.335 0.725 0.089 0.081 0.418
2013.8945 55.70 37.54 0.209 -0.301 1.026 0.082 0.075 0.389
2013.9219 55.70 37.54 0.166 -0.160 0.519 0.074 0.067 0.354
2013.9493 55.70 37.54 0.329 -0.285 -0.202 0.078 0.072 0.372
2013.9767 55.70 37.54 0.452 -0.519 0.573 0.080 0.072 0.378
2014.0041 55.70 37.54 0.361 -0.356 -3.747 0.077 0.070 0.366
2014.0315 55.70 37.54 0.334 -0.367 -4.538 0.080 0.073 0.378
2014.1685 55.70 37.54 0.178 0.083 -4.257 0.084 0.077 0.399
2014.1959 55.70 37.54 0.180 0.219 -5.432 0.084 0.077 0.396
2014.2233 55.70 37.54 0.066 -0.116 -5.489 0.080 0.073 0.379
2014.2507 55.70 37.54 -0.023 0.523 -2.302 0.074 0.067 0.351
2014.2781 55.70 37.54 -0.170 0.338 -4.484 0.078 0.071 0.369
2014.3055 55.70 37.54 0.070 0.463 -2.964 0.075 0.068 0.357
2014.3329 55.70 37.54 -0.094 0.285 -1.497 0.063 0.056 0.304
2014.3603 55.70 37.54 0.037 0.369 -3.159 0.070 0.064 0.336
2014.3877 55.70 37.54 0.168 0.662 -0.568 0.070 0.064 0.337
2014.4151 55.70 37.54 0.071 0.009 0.762 0.070 0.063 0.336
2014.4425 55.70 37.54 0.057 0.043 1.470 0.074 0.067 0.353
2014.4699 55.70 37.54 0.191 -0.300 1.442 0.074 0.067 0.353
2014.5795 55.70 37.54 0.179 -0.829 5.477 0.070 0.057 0.330
2014.6068 55.70 37.54 0.243 -0.557 5.843 0.066 0.059 0.319
2014.6342 55.70 37.54 0.231 -0.685 8.577 0.061 0.054 0.297
2014.6616 55.70 37.54 0.296 -1.127 8.046 0.067 0.060 0.322
2014.6890 55.70 37.54 0.420 -0.804 7.499 0.065 0.058 0.314
2014.7164 55.70 37.54 0.715 -0.663 9.398 0.064 0.057 0.309
2014.7438 55.70 37.54 0.621 -0.541 8.753 0.069 0.062 0.329
2014.7712 55.70 37.54 0.888 -0.627 9.960 0.068 0.061 0.326
2014.7986 55.70 37.54 0.768 -0.697 7.394 0.062 0.055 0.298
2014.8260 55.70 37.54 0.759 -0.402 6.588 0.062 0.054 0.298
2014.8534 55.70 37.54 0.934 -0.524 6.057 0.065 0.057 0.312
2014.8808 55.70 37.54 1.075 -0.561 6.410 0.065 0.057 0.313
2014.9082 55.70 37.54 0.887 -0.409 5.598 0.067 0.058 0.317
2015.0452 55.70 37.54 0.891 -0.539 1.346 0.052 0.042 0.254
2015.0726 55.70 37.54 0.721 -0.633 -0.033 0.056 0.046 0.272
2015.1000 55.70 37.54 0.474 -0.573 -0.240 0.050 0.041 0.247
2015.1274 55.70 37.54 0.632 -0.645 -0.478 0.047 0.038 0.234
2015.1548 55.70 37.54 0.474 -0.118 -1.752 0.054 0.044 0.263
2015.1822 55.70 37.54 0.297 -0.405 1.033 0.051 0.042 0.251
2015.2096 55.70 37.54 0.551 -0.623 4.504 0.066 0.058 0.313
2015.2370 55.70 37.54 0.542 0.275 2.244 0.071 0.061 0.334
2015.2644 55.70 37.54 0.400 0.262 2.265 0.062 0.055 0.298
2015.2918 55.70 37.54 0.651 0.365 1.566 0.063 0.055 0.302
2015.3192 55.70 37.54 0.449 0.651 -1.311 0.060 0.053 0.293
2015.3466 55.70 37.54 0.614 0.249 -1.855 0.065 0.058 0.314
2015.4836 55.70 37.54 0.505 -0.274 2.779 0.064 0.052 0.305
2015.5110 55.70 37.54 0.592 -0.815 1.999 0.060 0.050 0.291
2015.5384 55.70 37.54 0.678 -0.259 2.861 0.065 0.057 0.313
2015.5658 55.70 37.54 0.791 -0.094 3.164 0.064 0.057 0.310
2015.5932 55.70 37.54 0.865 -0.292 5.274 0.067 0.059 0.319
2015.6205 55.70 37.54 1.014 0.007 8.360 0.065 0.057 0.312
2015.6479 55.70 37.54 0.988 0.171 7.225 0.063 0.056 0.303
2015.6753 55.70 37.54 0.913 0.164 6.288 0.061 0.053 0.296
2015.7027 55.70 37.54 0.854 -0.099 5.293 0.066 0.059 0.316
2015.7301 55.70 37.54 1.210 -0.385 5.186 0.066 0.059 0.318
2015.9493 55.70 37.54 0.926 -0.177 4.364 0.063 0.058 0.310
2015.9767 55.70 37.54 1.236 -0.133 2.719 0.066 0.060 0.319
2016.0041 55.70 37.54 1.206 -0.162 1.311 0.060 0.054 0.294
2016.0315 55.70 37.54 0.897 0.355 2.178 0.058 0.052 0.283
2016.0589 55.70 37.54 0.610 0.271 0.805 0.059 0.053 0.289
2016.0863 55.70 37.54 0.910 0.177 -0.616 0.054 0.048 0.267
2016.1137 55.70 37.54 0.662 0.437 -1.636 0.060 0.054 0.293
2016.1411 55.70 37.54 0.595 0.361 -2.100 0.070 0.064 0.335
2016.1685 55.70 37.54 0.688 0.155 -4.710 0.074 0.069 0.355
2016.1959 55.70 37.54 0.458 0.454 -3.941 0.073 0.068 0.348
2016.2233 55.70 37.54 0.694 0.667 -4.927 0.073 0.068 0.351
2016.2507 55.70 37.54 0.622 0.343 -7.333 0.063 0.056 0.306
2016.3603 55.70 37.54 0.645 0.863 -2.048 0.058 0.052 0.285
2016.3877 55.70 37.54 0.564 0.405 -2.566 0.068 0.061 0.324
2016.4151 55.70 37.54 0.404 0.389 -5.197 0.067 0.060 0.320
2016.4425 55.70 37.54 0.400 0.319 -3.647 0.071 0.064 0.338
2016.4699 55.70 37.54 0.226 0.644 -3.403 0.069 0.063 0.331
