2002.5877 -65.75 -62.90 122.53536480616212 11.39512778160831
2002.6151 -65.75 -62.90 114.41024937330906 11.04664028455425
2002.6425 -65.75 -62.90 130.73171751976426 11.27010242984516
2002.6699 -65.75 -62.90 109.22827113538146 9.43698577322692
2002.6973 -65.75 -62.90 148.77800825431493 18.05344841672483
2002.7247 -65.75 -62.90 139.58883730993409 10.67962159264702
2002.7521 -65.75 -62.90 159.41342067111617 9.70186338733113
2002.7795 -65.75 -62.90 152.00810652783403 11.08625383114245
2002.8068 -65.75 -62.90 120.16594982728132 10.15454714224739
2002.8342 -65.75 -62.90 155.41105705246400 9.96118385905178
2002.8616 -65.75 -62.90 146.91712654469805 10.10112534756396
2002.8890 -65.75 -62.90 168.17795968974437 10.20431414598320
2002.9164 -65.75 -62.90 142.06376446498879 10.59697428676977
2003.0260 -65.75 -62.90 135.75254287536200 11.79712696460105
2003.0534 -65.75 -62.90 166.98823057331663 20.64807971968210
2003.0808 -65.75 -62.90 129.48372074697821 17.44173793239136
2003.1082 -65.75 -62.90 127.80758342530586 9.60749516534030
2003.1356 -65.75 -62.90 122.11293904269660 8.84028065017908
2003.1630 -65.75 -62.90 120.62338463930040 9.59807205081479
2003.1904 -65.75 -62.90 116.16024070087623 11.36353983670574
2003.2178 -65.75 -62.90 123.30231820983003 9.46749186501567
2003.2452 -65.75 -62.90 123.96738815333036 9.35363332554813
2003.2726 -65.75 -62.90 105.66901342968929 9.08941626258312
2003.3000 -65.75 -62.90 121.55362794112291 8.89186339398627
2003.3274 -65.75 -62.90 122.76355441024612 11.88277424629108
2003.3548 -65.75 -62.90 148.93988205234965 13.45555584551583
2003.3822 -65.75 -62.90 150.63774095302355 11.55843720738706
2003.5192 -65.75 -62.90 148.28703935754419 13.03848041137307
2003.5466 -65.75 -62.90 109.37279247857460 14.79863972844010
2003.5740 -65.75 -62.90 130.51040162503716 17.68267814514839
2003.6014 -65.75 -62.90 131.36755541217093 14.87870546882073
2003.6288 -65.75 -62.90 131.24800460225833 13.74033949980067
2003.6562 -65.75 -62.90 152.02190077300543 15.03151694910533
2003.6836 -65.75 -62.90 122.81252231105108 15.04337455944883
2003.7110 -65.75 -62.90 139.15052609682425 11.26686695108424
2003.7384 -65.75 -62.90 143.48513281579537 14.19049893793519
2003.7658 -65.75 -62.90 141.06453472123039 12.89985881065378
2003.7932 -65.75 -62.90 158.59618253863323 14.68048768894144
2003.8205 -65.75 -62.90 173.22127190929768 15.95402672504015
2003.8479 -65.75 -62.90 176.99858407414294 13.67837641631728
2003.8753 -65.75 -62.90 167.52498478828861 14.69657219041257
2003.9027 -65.75 -62.90 145.03444782958508 13.03933975208849
2003.9301 -65.75 -62.90 152.02029855231893 13.93148851582411
2003.9575 -65.75 -62.90 158.13791024631243 16.12038063138258
2003.9849 -65.75 -62.90 149.16840006504827 15.16572885367412
2004.0123 -65.75 -62.90 140.32440307707515 16.34978444117389
2004.0397 -65.75 -62.90 112.11579632110362 12.46064974645100
2004.0945 -65.75 -62.90 121.86329579992935 11.67982276543939
2004.1219 -65.75 -62.90 124.23658940411079 13.61555995558173
2004.1493 -65.75 -62.90 148.52534768154490 16.26834364213050
2004.1767 -65.75 -62.90 130.50485256094075 17.92501521606678
2004.2041 -65.75 -62.90 132.97417627435786 14.11594138511502
2004.2315 -65.75 -62.90 156.29120757287691 14.37707755777841
2004.2589 -65.75 -62.90 167.77121233936762 14.81687901541654
2004.2863 -65.75 -62.90 127.93282181774889 14.97611405332108
2004.3137 -65.75 -62.90 160.37650833378208 14.13881450543794
2004.3411 -65.75 -62.90 158.77996546613574 15.77692214196552
2004.3685 -65.75 -62.90 118.10944494364666 14.78666754348183
2004.3959 -65.75 -62.90 141.18011077927707 12.64015785314900
2004.4233 -65.75 -62.90 132.78578834418752 12.10251750002791
2004.4507 -65.75 -62.90 124.21640669246635 10.90457870682850
2004.4781 -65.75 -62.90 106.10613254301539 12.18318584891922
2004.5055 -65.75 -62.90 124.24069712731794 11.77680492581964
2004.5329 -65.75 -62.90 111.73287288160849 10.96354052248567
2004.5603 -65.75 -62.90 123.01867641618023 11.44381601582213
2004.5877 -65.75 -62.90 111.87311178477547 11.47790067820198
2004.6151 -65.75 -62.90 126.06834923553242 12.71440943651274
2004.6425 -65.75 -62.90 119.00936546932321 10.49281696047510
2004.6699 -65.75 -62.90 131.76893433303601 10.43866194984032
2004.6973 -65.75 -62.90 130.32922829252067 9.65241931557798
2004.7247 -65.75 -62.90 133.03570065001119 11.38556298528466
2004.7521 -65.75 -62.90 118.97290179495923 10.72346211535754
2004.7795 -65.75 -62.90 138.47845083369796 10.60562276053846
2004.8068 -65.75 -62.90 144.80434994484011 12.08322732148723
2004.8342 -65.75 -62.90 131.06547075149740 11.97395139630243
2004.8616 -65.75 -62.90 135.38540840057834 10.15234724211902
2004.8890 -65.75 -62.90 138.00533009668467 10.22986845021203
2004.9164 -65.75 -62.90 120.18638220947597 11.44369850134929
2004.9438 -65.75 -62.90 130.02403210339037 12.21343703191706
2004.9712 -65.75 -62.90 114.20475550766389 11.66011133855745
2004.9973 -65.75 -62.90 108.12660354244696 10.92834911757323
2005.0233 -65.75 -62.90 106.60635215009050 13.32799129031191
2005.0507 -65.75 -62.90 124.78335172015561 20.81083708795662
2005.0781 -65.75 -62.90 117.96015183496824 15.19036607172561
2005.1055 -65.75 -62.90 125.27107722586837 14.95511915598421
2005.1329 -65.75 -62.90 128.06724701508026 15.28905824492368
2005.1603 -65.75 -62.90 111.20304680031541 13.28816434555275
2005.1877 -65.75 -62.90 143.85468587779803 13.20166656277745
2005.2151 -65.75 -62.90 129.50128983917119 12.06262812687792
2005.2425 -65.75 -62.90 126.20476284999144 11.81340868884449
2005.2699 -65.75 -62.90 134.23843958657505 12.75630779553568
2005.2973 -65.75 -62.90 117.90670841227941 13.58471260183820
2005.3247 -65.75 -62.90 115.44844981669060 14.35270024778774
2005.3521 -65.75 -62.90 108.70434373774863 4.91618700531013
2005.3795 -65.75 -62.90 107.84081345469082 13.26457489200413
2005.4068 -65.75 -62.90 110.91821178200343 11.91539314680423
2005.4342 -65.75 -62.90 113.31898008557867 13.62309768691985
2005.4616 -65.75 -62.90 108.18073645348764 12.50436681887505
2005.4890 -65.75 -62.90 101.86716730317941 11.82976934902221
2005.5164 -65.75 -62.90 103.09948328359026 11.71423565862249
2005.5438 -65.75 -62.90 116.44447331134013 12.94477306833562
2005.5712 -65.75 -62.90 103.04048830600601 14.25071723846145
2005.5986 -65.75 -62.90 96.63303536857887 14.55366743903325
2005.6260 -65.75 -62.90 93.19583669156971 12.67958893226496
2005.6534 -65.75 -62.90 106.31599213774408 13.53513803605053
2005.6808 -65.75 -62.90 91.98516756664961 13.17743294551331
2005.7082 -65.75 -62.90 106.37472576644748 16.35913770380361
2005.7356 -65.75 -62.90 68.10101853096837 14.16358269020180
2005.7630 -65.75 -62.90 75.15544705673430 14.16623194423692
2005.7904 -65.75 -62.90 67.26393279427411 13.07276724421565
2005.8178 -65.75 -62.90 65.11451361798693 13.50976493041768
2005.8452 -65.75 -62.90 59.25242208666404 14.43922991036857
2005.8726 -65.75 -62.90 75.08054892872033 12.41807684975639
2005.9000 -65.75 -62.90 60.68886210045991 12.01210694513280
2005.9274 -65.75 -62.90 51.06436027063213 12.08619534662838
2005.9548 -65.75 -62.90 79.71169655702312 10.05071253439934
2005.9822 -65.75 -62.90 68.89361781897640 11.10824492920900
2006.0096 -65.75 -62.90 79.77918579560144 12.68828613071657
2006.0370 -65.75 -62.90 97.16483314762785 16.31475760634413
2006.0644 -65.75 -62.90 88.30423246721517 16.44044837125007
2006.0918 -65.75 -62.90 67.38468196422772 16.50767448053620
2006.1192 -65.75 -62.90 75.50984921041876 19.20364370157119
2006.1466 -65.75 -62.90 78.87298285153456 14.63456424553330
2006.1740 -65.75 -62.90 69.98873166712671 16.99116039043841
2006.2014 -65.75 -62.90 69.70869507719048 12.65635234533435
2006.2288 -65.75 -62.90 57.22105825440456 17.00317120764375
2006.2562 -65.75 -62.90 64.15218844843270 16.02777224091254
2006.2836 -65.75 -62.90 65.17620938368096 15.52425287089428
2006.3110 -65.75 -62.90 72.01675925969427 16.66433541370402
2006.3384 -65.75 -62.90 56.61370855480398 14.99036295284635
2006.3658 -65.75 -62.90 48.79782459059823 16.67992911971754
2006.3932 -65.75 -62.90 73.62185613042647 16.35433386811782
2006.4205 -65.75 -62.90 48.10534149741340 16.30553269341646
2006.4479 -65.75 -62.90 84.05423016871057 17.68809105633430
2006.4753 -65.75 -62.90 88.69840490383709 18.07508946481927
2006.5027 -65.75 -62.90 86.30704264065420 18.85033758588194
2006.5301 -65.75 -62.90 93.69911948546675 22.83776680536905
2006.5575 -65.75 -62.90 81.97502234512294 17.82157556590918
2006.5849 -65.75 -62.90 77.71930557660539 18.38376280791648
2006.6123 -65.75 -62.90 59.52047565838750 23.52053870185294
2006.6397 -65.75 -62.90 73.18904357454976 19.56506506904092
2006.6671 -65.75 -62.90 72.92913065967491 17.46403840355505
2006.6945 -65.75 -62.90 53.99766065538513 22.91630644500968
2006.7219 -65.75 -62.90 51.30480343294668 20.91765048715702
2006.7493 -65.75 -62.90 75.47319548720643 25.46357545766128
2006.7767 -65.75 -62.90 43.41998556626942 22.11629149860998
2006.8041 -65.75 -62.90 36.37228110229063 17.42647214008128
2006.8315 -65.75 -62.90 22.41562568277927 20.69566725638581
2006.8589 -65.75 -62.90 40.90426661681169 19.97146069612659
2006.8863 -65.75 -62.90 64.61646770429509 18.95631402630013
2006.9137 -65.75 -62.90 66.68858859671518 18.25741270943682
2006.9411 -65.75 -62.90 71.71208146181705 17.87100206373411
2006.9685 -65.75 -62.90 70.15710015878680 17.65660025809057
2006.9959 -65.75 -62.90 58.34541792708050 17.31971787419566
2007.0233 -65.75 -62.90 62.52635763416955 15.77901934379000
2007.0507 -65.75 -62.90 46.93000164266512 16.79006688822060
2007.0781 -65.75 -62.90 29.21284568929914 17.51059833060424
2007.1055 -65.75 -62.90 18.64132677564355 15.41426660331180
2007.1329 -65.75 -62.90 0.54163249426749 17.04902594260134
2007.1603 -65.75 -62.90 5.09757856508346 16.14119007921725
2007.1877 -65.75 -62.90 6.23794731133637 21.81764265453799
2007.2151 -65.75 -62.90 20.95909874718059 19.26147017892058
2007.2425 -65.75 -62.90 16.54822348931829 18.41769452033173
2007.2699 -65.75 -62.90 35.02519680018523 13.97929152815219
2007.2973 -65.75 -62.90 41.16208721571245 13.13426440447333
2007.3247 -65.75 -62.90 28.58916221118433 16.65780483387712
2007.3521 -65.75 -62.90 28.11088930956856 18.46068033619991
2007.3795 -65.75 -62.90 38.34712377743514 19.53898318985816
2007.4068 -65.75 -62.90 46.51010978692106 15.81163841051950
2007.4342 -65.75 -62.90 28.69503077684239 14.97873675792846
2007.4616 -65.75 -62.90 14.15518691758549 20.60849748033941
2007.4890 -65.75 -62.90 21.11127525874608 15.10318134233074
2007.5164 -65.75 -62.90 -3.11122525698750 16.11933665344360
2007.5438 -65.75 -62.90 -5.55668948505163 15.50168144946247
2007.5712 -65.75 -62.90 -6.90978408957848 15.95458816365950
2007.5986 -65.75 -62.90 -6.64989836450234 19.99837921232779
2007.6260 -65.75 -62.90 -3.86590962183104 15.86522892275260
2007.6534 -65.75 -62.90 -0.81439756206335 16.22511204700843
2007.6808 -65.75 -62.90 2.96423612054513 17.00297496225540
2007.7082 -65.75 -62.90 1.15253968411832 11.87419010619186
2007.7356 -65.75 -62.90 3.98109365768460 17.51463623276656
2007.7630 -65.75 -62.90 0.65804385082875 12.72888504927262
2007.7904 -65.75 -62.90 -8.88098136841247 17.33004834147838
2007.8178 -65.75 -62.90 9.07932905889195 20.31306276428204
2007.8452 -65.75 -62.90 4.44165910507026 15.89634455828070
2007.8726 -65.75 -62.90 15.61273526818437 18.80210501724099
2007.9000 -65.75 -62.90 -8.74882067371152 20.28441266071552
2007.9274 -65.75 -62.90 34.77388913659236 19.55592711134043
2007.9548 -65.75 -62.90 -8.19350866804218 14.35191862166089
2007.9822 -65.75 -62.90 -21.67583603440146 18.04164709700370
2008.0096 -65.75 -62.90 -40.83142354590987 15.68992894336438
2008.0370 -65.75 -62.90 -28.96056758714571 16.32315435935747
2008.0644 -65.75 -62.90 4.55847657035702 19.15400109209957
2008.0918 -65.75 -62.90 -27.18955161012873 14.67055863063065
2008.1192 -65.75 -62.90 -25.87816720907569 17.72534361350435
2008.1466 -65.75 -62.90 -27.70251798643948 20.89221697239904
2008.1740 -65.75 -62.90 -2.07061123539027 18.08217873628497
2008.2014 -65.75 -62.90 5.76489076895860 19.81555270809386
2008.2288 -65.75 -62.90 16.56099724280867 22.19997318284658
2008.2562 -65.75 -62.90 -8.22628384457488 20.96636885167278
2008.2836 -65.75 -62.90 22.31236072885551 25.29510233973029
2008.3110 -65.75 -62.90 3.10912140084313 26.39137947619201
2008.3384 -65.75 -62.90 12.24091052393905 19.42196201756376
2008.3658 -65.75 -62.90 1.47678229436133 19.71621523824758
2008.3932 -65.75 -62.90 -8.11705327970439 17.62284069080311
2008.4205 -65.75 -62.90 -17.60016636962493 15.46623943195191
2008.4479 -65.75 -62.90 -4.30027298763906 15.94524900356631
2008.4753 -65.75 -62.90 -27.06184955559030 15.32602696169619
2008.5027 -65.75 -62.90 -28.84449207303967 19.03543526258478
2008.5301 -65.75 -62.90 -16.18048809041101 23.49092851233909
2008.5575 -65.75 -62.90 -8.91672119368098 14.98303080659015
2008.5849 -65.75 -62.90 -7.58397361440848 17.60045832727139
2008.6123 -65.75 -62.90 -2.03603068586658 14.18094454005641
2008.6397 -65.75 -62.90 3.71632199792589 15.76135267079953
2008.6671 -65.75 -62.90 -0.51716871701114 14.97852610267150
2008.6945 -65.75 -62.90 7.30722411329844 14.46274801678895
2008.7219 -65.75 -62.90 19.30059719049518 17.00900913799866
2008.7493 -65.75 -62.90 7.61073909481399 15.20728842077886
2008.7767 -65.75 -62.90 15.28555199386761 18.15512800535036
2008.8041 -65.75 -62.90 6.26237285699848 18.26528986230299
2008.8315 -65.75 -62.90 14.69965525450313 20.50833757070983
2008.8589 -65.75 -62.90 -0.56573627116444 23.90147194958609
2008.8863 -65.75 -62.90 6.80820864312930 22.95206691161539
2008.9137 -65.75 -62.90 7.89230990343384 21.89943742205829
2008.9411 -65.75 -62.90 12.01791495528951 22.62979405663284
2008.9685 -65.75 -62.90 -14.15223339641878 21.17202032463034
2008.9945 -65.75 -62.90 1.55950813518424 17.86914671266957
2009.0205 -65.75 -62.90 12.85289754210404 17.70644359265473
2009.0479 -65.75 -62.90 1.44201240898606 17.72560238170905
2009.0753 -65.75 -62.90 3.20869787721697 16.74753483710154
2009.1027 -65.75 -62.90 27.44438045219475 21.21980041177839
2009.1301 -65.75 -62.90 0.55979132196601 16.58663341039219
2009.1575 -65.75 -62.90 8.39254387488689 16.75595951684813
2009.1849 -65.75 -62.90 16.24160470608007 19.91256536963305
2009.2123 -65.75 -62.90 0.14996299245334 16.69223039690593
2009.2397 -65.75 -62.90 21.46728561685990 19.17430773171436
2009.2671 -65.75 -62.90 8.49414752072535 15.88369131423221
2009.2945 -65.75 -62.90 -5.95023879570712 16.38360262322215
2009.3219 -65.75 -62.90 29.09597968505719 17.04559504970632
2009.3493 -65.75 -62.90 5.04492543289845 15.57139804086266
2009.3767 -65.75 -62.90 0.21411900699020 16.43669377218915
2009.4041 -65.75 -62.90 -4.20585977005186 14.21431762677994
2009.4315 -65.75 -62.90 -12.07698336290129 16.74633113992604
2009.4589 -65.75 -62.90 -17.34269910654626 13.83954720273369
2009.4863 -65.75 -62.90 -15.38570731123922 15.42385474810657
2009.5137 -65.75 -62.90 3.78927733480975 14.61107245079078
2009.5411 -65.75 -62.90 3.46832698061468 18.13732051668375
2009.5685 -65.75 -62.90 -9.42955166371492 19.52430478975295
2009.5959 -65.75 -62.90 5.02475414589999 16.93455292511263
2009.6233 -65.75 -62.90 -23.05649588607315 17.88442657758321
2009.6507 -65.75 -62.90 -35.36573855530246 17.24685024172725
2009.6781 -65.75 -62.90 -3.28954131972588 18.59749012661371
2009.7055 -65.75 -62.90 -46.24688677103175 19.48883912549878
2009.7329 -65.75 -62.90 -60.44565401436397 18.60213215801181
2009.7603 -65.75 -62.90 -35.84301997447204 21.26025357338549
2009.7877 -65.75 -62.90 -81.79387171735398 19.54270523345423
2009.8151 -65.75 -62.90 -54.03056278364522 21.17354790737135
2009.8425 -65.75 -62.90 -47.58234344517515 19.06995343760949
2009.8699 -65.75 -62.90 -56.22519658459547 18.12915110778128
2009.8973 -65.75 -62.90 -53.30565857817907 16.86675078591225
2009.9247 -65.75 -62.90 -64.77841694511910 16.55705496076512
2009.9521 -65.75 -62.90 -59.68246811739688 15.53335462263437
2009.9795 -65.75 -62.90 -58.20730757014059 16.00391124537981
2010.0068 -65.75 -62.90 -60.86143398782174 20.75290730530187
2010.0342 -65.75 -62.90 -47.82769073556490 15.78489443079179
2010.0616 -65.75 -62.90 -28.16810536457342 16.31328084037258
2010.0890 -65.75 -62.90 -52.46641399232843 19.93041046061191
2010.1164 -65.75 -62.90 -53.07883835128638 20.60645853002812
2010.1438 -65.75 -62.90 -43.99129913770286 19.57285085240033
2010.1712 -65.75 -62.90 -85.51335982003972 18.69869420391041
2010.1986 -65.75 -62.90 -63.93907148205457 17.91392107040776
2010.2260 -65.75 -62.90 -72.97505051944309 19.67927017817178
2010.2534 -65.75 -62.90 -58.62670271891441 20.29277381502897
2010.2808 -65.75 -62.90 -72.39483547349737 15.30184817918667
2010.3082 -65.75 -62.90 -70.57108447338227 16.18671318814317
2010.3356 -65.75 -62.90 -66.51389331147108 14.42032047627071
2010.3630 -65.75 -62.90 -48.45553481156832 15.48767899195974
2010.3904 -65.75 -62.90 -48.13538563351731 16.11410190577328
2010.4178 -65.75 -62.90 -57.82365453803313 16.61256147354177
2010.4452 -65.75 -62.90 -37.73623417471864 14.36495810765643
2010.4726 -65.75 -62.90 -58.32730437883108 12.83808935251939
2010.5000 -65.75 -62.90 -58.43464398336102 14.78577036893578
2010.5274 -65.75 -62.90 -40.98423175829852 24.25927614525498
2010.5548 -65.75 -62.90 -39.12111885459444 15.09875104100406
2010.5822 -65.75 -62.90 -34.33452353818967 13.50293967311233
2010.6096 -65.75 -62.90 -63.31363962256485 17.96146017872926
2010.6370 -65.75 -62.90 -23.94716401747007 15.81254366336980
2010.6644 -65.75 -62.90 -47.10830087815479 14.68739326313465
2010.6918 -65.75 -62.90 -43.42836124144732 18.04304084903703
2010.7192 -65.75 -62.90 -68.26719140258503 16.74891561849808
2010.7466 -65.75 -62.90 -54.07157303053724 19.81015047758168
2010.7740 -65.75 -62.90 -61.26531095869787 15.49637000040271
2010.8014 -65.75 -62.90 -47.50201500711505 14.87873950777841
2010.8288 -65.75 -62.90 -27.67589656758251 17.21443300667583
2010.8562 -65.75 -62.90 -52.32490118783610 16.85150982558314
2010.8836 -65.75 -62.90 -18.44645340392141 15.38877521795179
2010.9110 -65.75 -62.90 -28.01546851610665 17.09674085249259
2010.9384 -65.75 -62.90 -5.14018111022604 17.84816868966088
2010.9658 -65.75 -62.90 -20.39902618575749 19.81302839400982
2010.9932 -65.75 -62.90 -51.61150378942632 16.26229399735346
2011.1027 -65.75 -62.90 -49.57679629744639 15.24716971516300
2011.1301 -65.75 -62.90 -25.96890087212085 23.66490841507363
2011.1575 -65.75 -62.90 -46.66125586234678 15.32373510185710
2011.1849 -65.75 -62.90 -47.08038760569581 11.83404837807639
2011.2123 -65.75 -62.90 -54.84340992398378 19.98409528775751
2011.2397 -65.75 -62.90 -37.71154301795544 20.99630875287772
2011.2671 -65.75 -62.90 -44.26612166431565 16.61405289575245
2011.2945 -65.75 -62.90 -29.55440846479066 19.66410279021823
2011.3219 -65.75 -62.90 -37.66897201841921 18.31784281176244
2011.3493 -65.75 -62.90 -33.55117006750349 16.20304333048106
2011.3767 -65.75 -62.90 -24.92917782900213 19.29080167902217
2011.4041 -65.75 -62.90 -29.54267698067170 16.72167015206718
2011.4315 -65.75 -62.90 -26.80428711247132 17.43405327867718
2011.5137 -65.75 -62.90 -56.41423709265278 15.46138304876090
2011.5411 -65.75 -62.90 -74.89386756503950 16.37058419510972
2011.5685 -65.75 -62.90 -80.56992146479161 15.88007944425070
2011.5959 -65.75 -62.90 -72.78085771599675 17.17914339697158
2011.6233 -65.75 -62.90 -81.29017743600983 17.09544360689923
2011.6507 -65.75 -62.90 -81.10345283920368 20.71080333590923
2011.6781 -65.75 -62.90 -79.38434190456033 19.16396746769577
2011.7055 -65.75 -62.90 -47.15146550088062 19.24179238670876
2011.7329 -65.75 -62.90 -69.86256772328029 22.51073370165491
2011.7603 -65.75 -62.90 -69.24634146075827 19.11682770120617
2011.7877 -65.75 -62.90 -58.38188276889329 20.44153970473323
2011.8151 -65.75 -62.90 -47.47580044708672 20.06063227975884
2011.8425 -65.75 -62.90 -50.08537544998211 21.93366437915131
2011.8699 -65.75 -62.90 -32.60186392978368 21.11923004705041
2011.9521 -65.75 -62.90 -57.31243816078798 13.82893302675558
2011.9795 -65.75 -62.90 -49.81250273317938 17.76210213812642
2012.0068 -65.75 -62.90 -66.92686864954079 16.51305823418803
2012.0342 -65.75 -62.90 -70.48546527905027 20.04391764194066
2012.0616 -65.75 -62.90 -77.94659050909459 17.43324775349428
2012.0890 -65.75 -62.90 -77.32116856052951 17.30001170066789
2012.1164 -65.75 -62.90 -78.69401286871735 16.95180628760637
2012.1438 -65.75 -62.90 -91.06564950743419 17.64149910396964
2012.1712 -65.75 -62.90 -67.53948153555538 16.75094877371493
2012.1986 -65.75 -62.90 -58.63655038571871 15.12237216355447
2012.2260 -65.75 -62.90 -38.39196068498347 15.60873483484605
2012.2534 -65.75 -62.90 -56.56488173573164 15.18033453820062
2012.2808 -65.75 -62.90 -57.16136777154163 14.12235936906860
2012.3082 -65.75 -62.90 -45.79184016846833 16.77391599899224
2012.3904 -65.75 -62.90 -73.08175804139850 16.67929768209114
2012.4178 -65.75 -62.90 -91.46094428513187 12.87727025193455
2012.4452 -65.75 -62.90 -76.14723572542619 12.68519760498636
2012.4726 -65.75 -62.90 -66.35530036788289 13.82242513299599
2012.5000 -65.75 -62.90 -85.73138842855167 13.02258480539485
2012.5274 -65.75 -62.90 -66.86932762835742 13.92227930892638
2012.5548 -65.75 -62.90 -68.54984072355566 13.89338347039532
2012.5822 -65.75 -62.90 -86.97814714581214 14.81428223566722
2012.6096 -65.75 -62.90 -65.02580097838688 14.64758744940854
2012.6370 -65.75 -62.90 -86.81142062686321 13.34314422687832
2012.6644 -65.75 -62.90 -55.50749103924142 14.67440420879976
2012.6918 -65.75 -62.90 -43.37843828977310 14.99396838075657
2012.7192 -65.75 -62.90 -71.43937474718597 18.10552372605485
2012.7466 -65.75 -62.90 -56.68676870971292 12.93932547484664
2012.8562 -65.75 -62.90 -104.85267126065665 18.70017452907533
2012.8836 -65.75 -62.90 -100.95852671866220 17.09167176178486
2012.9110 -65.75 -62.90 -86.02963995060003 16.13204495872007
2012.9384 -65.75 -62.90 -98.87887521919663 15.28931348134400
2012.9658 -65.75 -62.90 -80.55926698225743 17.46863861493884
2012.9918 -65.75 -62.90 -70.66724213217131 8.28632801954546
2013.0178 -65.75 -62.90 -83.02710755511002 9.95281558786262
2013.0452 -65.75 -62.90 -92.20353939007335 9.87986963684512
2013.0726 -65.75 -62.90 -109.79386773439475 8.99591922358523
2013.1000 -65.75 -62.90 -94.41815187633699 9.25897241205397
2013.1274 -65.75 -62.90 -84.84837890004925 8.50285212967323
2013.1548 -65.75 -62.90 -88.01911520079531 8.08259908336617
2013.2644 -65.75 -62.90 -88.67554776725869 10.20974134265999
2013.2918 -65.75 -62.90 -99.65760169424259 8.75268332772694
2013.3192 -65.75 -62.90 -107.61912420533253 9.75923682424551
2013.3466 -65.75 -62.90 -90.39045512120364 10.02254138330563
2013.3740 -65.75 -62.90 -109.72185227722568 8.42325740483530
2013.4014 -65.75 -62.90 -106.46582871883879 8.73856485040066
2013.4288 -65.75 -62.90 -102.64596777796166 7.56452368102743
2013.4562 -65.75 -62.90 -87.27554222126045 7.72222474808686
2013.4836 -65.75 -62.90 -94.62319273753428 7.95584410011369
2013.5110 -65.75 -62.90 -86.16606406044322 9.13722246654513
2013.5384 -65.75 -62.90 -107.15728816275666 9.03510658828270
2013.5658 -65.75 -62.90 -86.20215499474338 9.34815372498363
2013.7575 -65.75 -62.90 -117.09504797962875 8.86413481063116
2013.7849 -65.75 -62.90 -112.42724599795258 9.28141832353533
2013.8123 -65.75 -62.90 -91.35586341124856 8.43800664615912
2013.8397 -65.75 -62.90 -94.43869478530748 8.52450558435685
2013.8671 -65.75 -62.90 -104.53563010306998 9.11811391414875
2013.8945 -65.75 -62.90 -118.27231188542139 8.50032332111031
2013.9219 -65.75 -62.90 -84.95412908472606 7.36757745769537
2013.9493 -65.75 -62.90 -96.60156571710395 7.99395204645246
2013.9767 -65.75 -62.90 -77.67339874093256 7.94370874022617
2014.0041 -65.75 -62.90 -95.83362920919056 7.70761788122709
2014.0315 -65.75 -62.90 -104.62390125064638 8.17746442342141
2014.1685 -65.75 -62.90 -121.16488133130936 8.54140797416986
2014.1959 -65.75 -62.90 -120.68439273225427 8.89284362882281
2014.2233 -65.75 -62.90 -104.68579536350624 8.35756241846827
2014.2507 -65.75 -62.90 -118.55930391272467 7.54845759391417
2014.2781 -65.75 -62.90 -102.98961857064413 8.05366603512230
2014.3055 -65.75 -62.90 -109.82119210934550 7.67438825724560
2014.3329 -65.75 -62.90 -93.04040048393433 6.09230500883496
2014.3603 -65.75 -62.90 -103.33774050979861 7.11340425879709
2014.3877 -65.75 -62.90 -99.85185673300543 7.13596059024527
2014.4151 -65.75 -62.90 -116.77352319799608 7.07021227324285
2014.4425 -65.75 -62.90 -112.33548937026735 7.59119422464290
2014.4699 -65.75 -62.90 -119.34340523867199 7.49023425957603
2014.5795 -65.75 -62.90 -125.08543172345922 6.19717293740489
2014.6068 -65.75 -62.90 -117.09837219551960 6.60016371159022
2014.6342 -65.75 -62.90 -129.05424914305050 5.84865371631616
2014.6616 -65.75 -62.90 -123.79466349623755 6.70683975519344
2014.6890 -65.75 -62.90 -112.20486973801687 6.50858973034985
2014.7164 -65.75 -62.90 -127.63319470163742 6.34686536523195
2014.7438 -65.75 -62.90 -103.12529997009297 7.02875177851096
2014.7712 -65.75 -62.90 -113.77847397330785 6.95933647616704
2014.7986 -65.75 -62.90 -119.98334699786398 6.03985913410128
2014.8260 -65.75 -62.90 -129.38836986602166 6.01156362248643
2014.8534 -65.75 -62.90 -123.51814627949489 6.43256187330971
2014.8808 -65.75 -62.90 -108.27900191942213 6.44662349244089
2014.9082 -65.75 -62.90 -109.74373693283285 6.60031981607617
2015.0452 -65.75 -62.90 -130.51450125866901 4.65370968948687
2015.0726 -65.75 -62.90 -134.42278829874556 5.39698348245369
2015.1000 -65.75 -62.90 -134.13413032450163 4.49607471177742
2015.1274 -65.75 -62.90 -131.52473560557596 4.12677463091063
2015.1548 -65.75 -62.90 -138.47256636862048 5.16638848912605
2015.1822 -65.75 -62.90 -140.92531053364741 4.69649318831797
2015.2096 -65.75 -62.90 -109.42917020796168 6.86054901794642
2015.2370 -65.75 -62.90 -122.00300860517648 7.33811210585077
2015.2644 -65.75 -62.90 -127.94255680089958 6.21275216279323
2015.2918 -65.75 -62.90 -128.01675410651248 6.11938143681987
2015.3192 -65.75 -62.90 -132.71130747980746 5.87163753576722
2015.3466 -65.75 -62.90 -122.89843455990980 6.50282514859647
2015.4836 -65.75 -62.90 -163.72025105747562 5.63002810060509
2015.5110 -65.75 -62.90 -142.65990375166140 5.46664487505451
2015.5384 -65.75 -62.90 -133.30104212150840 6.22672587074233
2015.5658 -65.75 -62.90 -142.74465590849451 6.50518152094053
2015.5932 -65.75 -62.90 -145.41296035196231 6.88158387516631
2015.6205 -65.75 -62.90 -142.55464970640946 6.52138509753460
2015.6479 -65.75 -62.90 -154.46789637679913 6.36306512521402
2015.6753 -65.75 -62.90 -146.22099564895112 6.00571692605743
2015.7027 -65.75 -62.90 -143.59560595311535 6.76329829246871
2015.7301 -65.75 -62.90 -170.02788347109714 6.66512443781557
2015.9493 -65.75 -62.90 -144.56175680310517 6.16023057420583
2015.9767 -65.75 -62.90 -150.13730615530031 6.87746575558930
2016.0041 -65.75 -62.90 -141.00320581499702 6.07968511304051
2016.0315 -65.75 -62.90 -117.75726446709209 5.77328198518570
2016.0589 -65.75 -62.90 -138.02776698905618 5.87649762119333
2016.0863 -65.75 -62.90 -154.18992591762020 5.05972320013814
2016.1137 -65.75 -62.90 -148.81059417960168 6.01799236425041
2016.1411 -65.75 -62.90 -133.18566957509444 7.49846969589834
2016.1685 -65.75 -62.90 -159.97920440695188 8.20013753539567
2016.1959 -65.75 -62.90 -160.22405587634555 7.93802658908050
2016.2233 -65.75 -62.90 -136.26957763751133 7.98211185642657
2016.2507 -65.75 -62.90 -164.05023957637385 6.20652221816186
2016.3603 -65.75 -62.90 -158.78751445028206 5.81720271883927
2016.3877 -65.75 -62.90 -125.43625975092775 7.17782108408478
2016.4151 -65.75 -62.90 -120.89206358338292 7.01482380617036
2016.4425 -65.75 -62.90 -154.35208648892100 7.65348543820059
2016.4699 -65.75 -62.90 -156.71923635313883 7.48818594398921
