2002.5877 35.17 136.97 42.79226453623426 9.75143716975537
2002.6151 35.17 136.97 -30.82918747573585 9.49058318937947
2002.6425 35.17 136.97 -4.96456222580996 9.69688435595632
2002.6699 35.17 136.97 -12.69596219484720 8.13048737083322
2002.6973 35.17 136.97 -40.23562034760300 12.87004317490258
2002.7247 35.17 136.97 3.56641241860855 9.20519110608876
2002.7521 35.17 136.97 -33.53811846592963 8.42908260552185
2002.7795 35.17 136.97 -21.74056430995805 9.64881566064660
2002.8068 35.17 136.97 3.34603253507048 8.74325605864538
2002.8342 35.17 136.97 -17.69270108531513 8.58424632325855
2002.8616 35.17 136.97 -17.84301578768696 8.14303438716236
2002.8890 35.17 136.97 -19.37827113229059 8.73536934523590
2002.9164 35.17 136.97 16.74677219093348 9.03330936011168
2003.0260 35.17 136.97 9.11093620481457 10.06294923565031
2003.0534 35.17 136.97 55.51635449566884 17.70853637362336
2003.0808 35.17 136.97 15.85067788519727 14.57742505758918
2003.1082 35.17 136.97 18.99867326344578 8.05644553293515
2003.1356 35.17 136.97 23.48596715586913 7.40929470607064
2003.1630 35.17 136.97 31.37205529411478 8.08129456014182
2003.1904 35.17 136.97 7.20217846923898 9.46243083641208
2003.2178 35.17 136.97 12.50112579843484 7.98152787621061
2003.2452 35.17 136.97 12.40754644049517 7.94518494895492
2003.2726 35.17 136.97 15.34900347501833 7.72839061974364
2003.3000 35.17 136.97 7.44573644332283 7.59143623121614
2003.3274 35.17 136.97 28.03982983789016 10.21475208761744
2003.3548 35.17 136.97 -4.14308347395430 11.64285963752720
2003.3822 35.17 136.97 -10.10356349028749 9.80164424897649
2003.5192 35.17 136.97 -12.47157276515321 11.39709005246222
2003.5466 35.17 136.97 -6.07103792652268 13.03519621309816
2003.5740 35.17 136.97 -3.85737492810858 15.64367183511600
2003.6014 35.17 136.97 9.49968878433737 13.07385954725294
2003.6288 35.17 136.97 6.95255425035954 11.99285491190748
2003.6562 35.17 136.97 -14.43252571588600 13.12434470310876
2003.6836 35.17 136.97 -25.40728409204560 13.19925480702223
2003.7110 35.17 136.97 -28.03072093717969 9.69600970975972
2003.7384 35.17 136.97 -7.11239714410208 12.33519618468728
2003.7658 35.17 136.97 -19.33367193250345 11.22451665820327
2003.7932 35.17 136.97 -30.74006589221337 12.78978747194498
2003.8205 35.17 136.97 -0.26963061398355 13.55526383876840
2003.8479 35.17 136.97 -20.99182840896013 11.41508064323675
2003.8753 35.17 136.97 12.88721341097949 12.63671782117912
2003.9027 35.17 136.97 13.35730377587461 11.04019599233872
2003.9301 35.17 136.97 -0.79608983530683 11.81933723630656
2003.9575 35.17 136.97 4.25416430540175 13.79866303711543
2003.9849 35.17 136.97 30.55146758756601 12.86924128782852
2004.0123 35.17 136.97 25.43644166838688 13.82485669072192
2004.0397 35.17 136.97 8.10973493902100 10.39087340277491
2004.0945 35.17 136.97 -0.66159258462656 9.69167054172575
2004.1219 35.17 136.97 -1.60331625765065 11.30464995713523
2004.1493 35.17 136.97 10.71294299764792 13.49099589029849
2004.1767 35.17 136.97 27.55495047037735 14.89105770521188
2004.2041 35.17 136.97 -22.96797897581017 11.63099159484594
2004.2315 35.17 136.97 -8.93002309950592 11.81122102461775
2004.2589 35.17 136.97 4.83104187654154 12.15857710109923
2004.2863 35.17 136.97 -15.50841591074778 12.23009404702061
2004.3137 35.17 136.97 15.80709115992913 11.54742265171780
2004.3411 35.17 136.97 -16.47639598870744 12.82432452307618
2004.3685 35.17 136.97 -3.11193592668464 12.03395706305832
2004.3959 35.17 136.97 11.80790827160458 10.32453253362091
2004.4233 35.17 136.97 20.91314432329403 9.87132466635478
2004.4507 35.17 136.97 1.50613271302455 8.84504441948564
2004.4781 35.17 136.97 10.86013247424721 9.84832470908583
2004.5055 35.17 136.97 4.08358442319544 9.54709682816540
2004.5329 35.17 136.97 3.96186153686099 8.90368610267492
2004.5603 35.17 136.97 -15.08893809888269 9.25372296039167
2004.5877 35.17 136.97 -20.11502769632028 9.25955185034938
2004.6151 35.17 136.97 -29.77183659418368 10.27563994863426
2004.6425 35.17 136.97 -22.06559286656418 8.54231600656708
2004.6699 35.17 136.97 -27.32963648133768 8.51319937283902
2004.6973 35.17 136.97 -18.64195919489987 7.89736281047345
2004.7247 35.17 136.97 -17.27625502894798 9.25172721733306
2004.7521 35.17 136.97 -11.94978691277230 8.76375464469350
2004.7795 35.17 136.97 -1.42211653018154 8.62687898571394
2004.8068 35.17 136.97 -10.53105244212604 9.76305907354018
2004.8342 35.17 136.97 -2.78823737309516 9.66460214869431
2004.8616 35.17 136.97 -1.98317260371761 8.29158763942814
2004.8890 35.17 136.97 2.93449587873422 8.34126701743222
2004.9164 35.17 136.97 -0.14199210515673 9.28599027597924
2004.9438 35.17 136.97 24.80874164325408 9.98675260783306
2004.9712 35.17 136.97 -1.30393897398736 9.46015744463824
2004.9973 35.17 136.97 -18.75625181382485 8.92712423546579
2005.0233 35.17 136.97 3.20164298163081 10.85949847389366
2005.0507 35.17 136.97 8.87478402164001 17.16011819740718
2005.0781 35.17 136.97 6.22150938767765 12.45605604832887
2005.1055 35.17 136.97 15.54170282898717 12.30566363745512
2005.1329 35.17 136.97 8.36662772212081 12.62617187090496
2005.1603 35.17 136.97 11.50523988354647 10.93604478101216
2005.1877 35.17 136.97 4.23341960579692 10.77401734678437
2005.2151 35.17 136.97 6.80525981446012 9.88129649942162
2005.2425 35.17 136.97 23.12709885995006 9.75773277848211
2005.2699 35.17 136.97 20.57324123689937 10.54578264250022
2005.2973 35.17 136.97 13.63057819969797 11.23793538717491
2005.3247 35.17 136.97 16.36423619794780 11.85627144448938
2005.3521 35.17 136.97 0.99866523598125 4.16360305890969
2005.3795 35.17 136.97 -18.86334120730141 10.99776309304957
2005.4068 35.17 136.97 -9.47012767401476 9.87501676050978
2005.4342 35.17 136.97 -8.33979941402248 11.31811592499197
2005.4616 35.17 136.97 1.07408222240539 10.39232015551205
2005.4890 35.17 136.97 -20.04378863317427 9.83874191490052
2005.5164 35.17 136.97 3.55840117243986 9.78048894103108
2005.5438 35.17 136.97 -2.96326290580959 10.84685885778744
2005.5712 35.17 136.97 -12.58042511145419 11.96800787967754
2005.5986 35.17 136.97 -12.04092353382478 12.25934540736834
2005.6260 35.17 136.97 -15.60787458740496 10.66558363050333
2005.6534 35.17 136.97 -2.44121570932857 11.41761144372516
2005.6808 35.17 136.97 -15.12160801218757 11.13410551998487
2005.7082 35.17 136.97 -25.59280844702698 13.96122228129836
2005.7356 35.17 136.97 -25.17087485522322 12.09090284290248
2005.7630 35.17 136.97 -22.74479184680296 12.11018598120884
2005.7904 35.17 136.97 -31.81088681929613 11.16045285962406
2005.8178 35.17 136.97 -29.91318980581953 11.56950419376704
2005.8452 35.17 136.97 -33.08210733550868 12.36869403928902
2005.8726 35.17 136.97 -25.89240274923288 10.62623160880938
2005.9000 35.17 136.97 -13.80726032445144 10.25951900576667
2005.9274 35.17 136.97 -8.66097062505525 9.94315816869227
2005.9548 35.17 136.97 -15.21347298536121 8.52259028538530
2005.9822 35.17 136.97 1.82552100599885 9.29076485105443
2006.0096 35.17 136.97 8.14477862247357 10.73210863965976
2006.0370 35.17 136.97 -8.93823606637049 13.94370956651384
2006.0644 35.17 136.97 7.14858940428875 14.07862415670503
2006.0918 35.17 136.97 8.69363866215598 14.22397731477946
2006.1192 35.17 136.97 22.87246857553298 16.68593211918091
2006.1466 35.17 136.97 14.84353837239811 12.66734686249055
2006.1740 35.17 136.97 0.09746307296079 14.84375425638548
2006.2014 35.17 136.97 20.88443337729836 10.96980727133077
2006.2288 35.17 136.97 1.87138221765508 14.95481020161225
2006.2562 35.17 136.97 26.19326233786986 14.14199748866740
2006.2836 35.17 136.97 8.41409746424851 13.68224047212302
2006.3110 35.17 136.97 17.93973137754481 14.73249124757028
2006.3384 35.17 136.97 10.57071282036762 13.27082707969051
2006.3658 35.17 136.97 -3.08517391100447 14.82102792454758
2006.3932 35.17 136.97 5.75684496879632 14.49720939104426
2006.4205 35.17 136.97 -8.16350394439071 14.42714865599314
2006.4479 35.17 136.97 -10.20671947367562 15.34387143653145
2006.4753 35.17 136.97 26.23889982897881 16.01375515520428
2006.5027 35.17 136.97 -16.07883631066075 16.76214900376344
2006.5301 35.17 136.97 -4.54561316822394 20.45882834049590
2006.5575 35.17 136.97 25.66867468753333 15.88251320065655
2006.5849 35.17 136.97 -7.83315917200933 16.39940186832785
2006.6123 35.17 136.97 -4.52879064827553 21.23477132094120
2006.6397 35.17 136.97 -7.74693379256956 17.53406589079975
2006.6671 35.17 136.97 -7.30757094567350 15.55382820696231
2006.6945 35.17 136.97 -18.31664751060736 20.51221009048822
2006.7219 35.17 136.97 -1.13174729881034 18.52262206632328
2006.7493 35.17 136.97 -19.47604251849528 22.65847927353492
2006.7767 35.17 136.97 -25.46791297763215 19.72721130389361
2006.8041 35.17 136.97 -25.40059343278170 15.43400554775793
2006.8315 35.17 136.97 -17.15157773504050 18.42069583798816
2006.8589 35.17 136.97 -31.16203466504366 17.74509311401569
2006.8863 35.17 136.97 -12.10906192919306 16.78413298810187
2006.9137 35.17 136.97 -9.19931692469378 16.04755362917525
2006.9411 35.17 136.97 -20.34970492463935 15.67725801922180
2006.9685 35.17 136.97 -20.84304734084224 15.28593292982121
2006.9959 35.17 136.97 -5.84746119902817 14.80184155132010
2007.0233 35.17 136.97 0.76977801488186 13.40913607176817
2007.0507 35.17 136.97 -18.90829595844649 14.30866011239609
2007.0781 35.17 136.97 -1.70585739825579 15.31609318303351
2007.1055 35.17 136.97 -7.75075627428561 13.43825010973049
2007.1329 35.17 136.97 4.93354993559163 14.85655898951403
2007.1603 35.17 136.97 16.96403541561974 14.14055082751396
2007.1877 35.17 136.97 23.76602388760888 19.37978090698824
2007.2151 35.17 136.97 -22.61548398725276 17.08839263794933
2007.2425 35.17 136.97 11.15007358294703 16.35706753031759
2007.2699 35.17 136.97 -33.81076669897543 12.21828476660646
2007.2973 35.17 136.97 -27.26342222104795 11.45000376386215
2007.3247 35.17 136.97 -17.22915680194165 14.72215008397406
2007.3521 35.17 136.97 -11.63851501771814 16.41903019930383
2007.3795 35.17 136.97 -6.43220828469086 17.42023416383186
2007.4068 35.17 136.97 2.62094656206018 13.97933011625022
2007.4342 35.17 136.97 -6.43541772701178 13.18729830124675
2007.4616 35.17 136.97 65.66314348781825 18.38643604150927
2007.4890 35.17 136.97 20.69872815263853 13.20453047514217
2007.5164 35.17 136.97 17.92380858744382 14.23433991290159
2007.5438 35.17 136.97 2.26444470751856 13.64767934893024
2007.5712 35.17 136.97 -5.51990015205375 14.02850279226864
2007.5986 35.17 136.97 -0.78844478786027 17.68194662946669
2007.6260 35.17 136.97 -26.47912295866303 13.90463605103300
2007.6534 35.17 136.97 -13.28947434052782 14.20935475201532
2007.6808 35.17 136.97 4.80103002764628 14.82058914898454
2007.7082 35.17 136.97 -31.16278592630522 10.13947260962806
2007.7356 35.17 136.97 -33.02884471186469 15.21936494351535
2007.7630 35.17 136.97 -34.63324433343066 10.86067510983250
2007.7904 35.17 136.97 -46.43087121395619 15.20328006455164
2007.8178 35.17 136.97 -42.56414628581185 17.95610619018871
2007.8452 35.17 136.97 -27.68973207342392 13.91722587027407
2007.8726 35.17 136.97 -1.01279084403694 16.48807247800136
2007.9000 35.17 136.97 -34.51485007778779 17.36731137794443
2007.9274 35.17 136.97 -37.63495572337446 17.29255178948038
2007.9548 35.17 136.97 -15.73693710281145 12.61433762684460
2007.9822 35.17 136.97 -29.31079809854525 15.99088992516771
2008.0096 35.17 136.97 -13.89501321052943 13.90883932179137
2008.0370 35.17 136.97 -22.80845588841074 14.56643670817842
2008.0644 35.17 136.97 -1.17685704159328 17.19698315245921
2008.0918 35.17 136.97 11.36720577539241 12.96011011042371
2008.1192 35.17 136.97 2.36969476279637 15.86582277214038
2008.1466 35.17 136.97 9.05135765074590 18.79133204612727
2008.1740 35.17 136.97 -8.68605050624727 16.19150430384292
2008.2014 35.17 136.97 5.49162852059996 17.85315762392504
2008.2288 35.17 136.97 23.31266349446769 19.72255013423598
2008.2562 35.17 136.97 -4.87114952149581 18.76265447832413
2008.2836 35.17 136.97 18.05395853560000 22.61910482452905
2008.3110 35.17 136.97 1.50908336704358 23.67635481601834
2008.3384 35.17 136.97 -1.36113760755941 17.35703578207390
2008.3658 35.17 136.97 8.44418588283975 17.52571042242850
2008.3932 35.17 136.97 -2.89169330560713 15.51577160915540
2008.4205 35.17 136.97 9.65176579032155 13.52568199117482
2008.4479 35.17 136.97 -16.35173373578530 14.04271258097441
2008.4753 35.17 136.97 -1.34745235608557 13.45612618859898
2008.5027 35.17 136.97 -14.97071695337663 16.64960639214090
2008.5301 35.17 136.97 7.64689732219329 20.59894727376533
2008.5575 35.17 136.97 -9.10932028720266 12.87685795481224
2008.5849 35.17 136.97 -25.87460057840406 15.46587714854856
2008.6123 35.17 136.97 -9.00148226386404 12.25466574972000
2008.6397 35.17 136.97 5.86312566806517 13.72135882411064
2008.6671 35.17 136.97 7.78839730287475 13.01043407910647
2008.6945 35.17 136.97 -34.33403735744611 12.52874620112566
2008.7219 35.17 136.97 5.08545375337495 14.94582502402416
2008.7493 35.17 136.97 -12.75279293507000 13.36707099298416
2008.7767 35.17 136.97 -16.36948603928475 16.12740381705050
2008.8041 35.17 136.97 -16.73138180578522 16.30130147399430
2008.8315 35.17 136.97 4.50182467536176 18.26006738638032
2008.8589 35.17 136.97 -37.22249533626739 21.39397175965188
2008.8863 35.17 136.97 -8.22311011540365 20.50729053891488
2008.9137 35.17 136.97 -22.87430679276146 19.64082387535717
2008.9411 35.17 136.97 -16.47949924904144 20.20836556629848
2008.9685 35.17 136.97 -1.44563923883635 18.80504112387916
2008.9945 35.17 136.97 -10.74785047627159 16.00676691590623
2009.0205 35.17 136.97 -7.77015098101566 15.93071689077323
2009.0479 35.17 136.97 -9.09719186960948 15.93934770396825
2009.0753 35.17 136.97 -7.93991855360822 14.97131352479650
2009.1027 35.17 136.97 -24.96309280773771 19.12341659114882
2009.1301 35.17 136.97 -5.26053297363750 14.84397819725435
2009.1575 35.17 136.97 0.11063706353198 14.96213968924941
2009.1849 35.17 136.97 36.65519228036262 17.98986334817062
2009.2123 35.17 136.97 -4.26792038730663 14.63211559082312
2009.2397 35.17 136.97 10.28598770962890 17.19562968527695
2009.2671 35.17 136.97 3.72656989688344 14.19955597595427
2009.2945 35.17 136.97 20.11134292267532 14.63240347409987
2009.3219 35.17 136.97 18.16484479949528 15.20864641267476
2009.3493 35.17 136.97 27.92666029639133 13.79888864076116
2009.3767 35.17 136.97 5.67330388362187 14.53056597444426
2009.4041 35.17 136.97 4.32607514670813 12.48370070783023
2009.4315 35.17 136.97 2.30336538331838 14.82501098996917
2009.4589 35.17 136.97 -1.22155830889669 12.04749408238782
2009.4863 35.17 136.97 20.63855486502909 13.40249335478264
2009.5137 35.17 136.97 -13.47147719745056 12.50582802051154
2009.5411 35.17 136.97 13.40096125627331 15.75588699470328
2009.5685 35.17 136.97 11.57301364298839 16.89023313467223
2009.5959 35.17 136.97 -5.35074077750532 14.61360508763172
2009.6233 35.17 136.97 -7.42032170093411 15.59066159431031
2009.6507 35.17 136.97 -7.14090224479276 15.06489451596372
2009.6781 35.17 136.97 -4.50469423527163 16.38220812924818
2009.7055 35.17 136.97 -6.58676837535840 17.25702180156563
2009.7329 35.17 136.97 -33.27681168141041 16.44621405342877
2009.7603 35.17 136.97 -20.68690148186603 18.85067793853237
2009.7877 35.17 136.97 -21.60897300693497 17.33957674275232
2009.8151 35.17 136.97 -26.04715513438662 18.87634063519846
2009.8425 35.17 136.97 -32.44434793288282 16.96321869162424
2009.8699 35.17 136.97 -10.37003814818254 16.11300415342987
2009.8973 35.17 136.97 -0.12279862075735 14.97064830507556
2009.9247 35.17 136.97 -23.95357388625076 14.43050143633960
2009.9521 35.17 136.97 -5.88486184390761 13.72836743946488
2009.9795 35.17 136.97 -4.36590544398285 14.11014123619285
2010.0068 35.17 136.97 -14.03696925311984 18.55559966552374
2010.0342 35.17 136.97 -1.80683187187061 13.95543009713230
2010.0616 35.17 136.97 13.11668717194233 14.41482940856767
2010.0890 35.17 136.97 2.91566866154716 17.84879226629143
2010.1164 35.17 136.97 -35.63502986520543 18.45034378558806
2010.1438 35.17 136.97 12.59531647952807 17.37951451653353
2010.1712 35.17 136.97 -26.42795762891867 16.56352179570416
2010.1986 35.17 136.97 -10.01233207921879 15.83751709960285
2010.2260 35.17 136.97 25.34911883188373 17.39842018963657
2010.2534 35.17 136.97 27.02468018188918 17.82914543235105
2010.2808 35.17 136.97 37.66126437245495 13.33892690571282
2010.3082 35.17 136.97 16.29974706703664 14.14103738182381
2010.3356 35.17 136.97 15.43565622520200 12.41445106307720
2010.3630 35.17 136.97 5.34370827175029 13.29334803108664
2010.3904 35.17 136.97 18.24624265666889 13.26385653398064
2010.4178 35.17 136.97 26.62690664154494 14.23652925455793
2010.4452 35.17 136.97 14.42413400547616 12.35035313442095
2010.4726 35.17 136.97 52.85024382980053 10.91823997320313
2010.5000 35.17 136.97 38.06038142995029 12.72384491386456
2010.5274 35.17 136.97 5.72228752858927 21.63493843511465
2010.5548 35.17 136.97 0.55607607263810 13.30419041553021
2010.5822 35.17 136.97 4.67696899469054 11.87689104246000
2010.6096 35.17 136.97 1.35371359034997 16.00258562774154
2010.6370 35.17 136.97 -12.75568636431688 14.02952628490032
2010.6644 35.17 136.97 -24.16659415112318 13.00575821334943
2010.6918 35.17 136.97 -24.01196860345812 16.12951741048923
2010.7192 35.17 136.97 0.74527952775458 14.93465997953679
2010.7466 35.17 136.97 -30.75348713768256 17.71549132834534
2010.7740 35.17 136.97 1.12166251404116 13.72737082673878
2010.8014 35.17 136.97 -11.72877845689110 13.17367448201235
2010.8288 35.17 136.97 12.93372768111616 15.36729580291328
2010.8562 35.17 136.97 -3.86857859171526 14.98765562452844
2010.8836 35.17 136.97 -20.23480960489218 13.58125076059376
2010.9110 35.17 136.97 -2.02437212920376 15.16899179040865
2010.9384 35.17 136.97 -36.90440378413222 15.83548339034262
2010.9658 35.17 136.97 1.55362573160959 17.58954738449648
2010.9932 35.17 136.97 6.80609052881656 12.42342992336811
2011.1027 35.17 136.97 6.16719693687499 12.48929406756362
2011.1301 35.17 136.97 8.22917410210261 20.83529656263868
2011.1575 35.17 136.97 18.55964504744359 13.27804725937774
2011.1849 35.17 136.97 25.91146278822089 10.09916770824773
2011.2123 35.17 136.97 13.23730963355105 17.68545355311334
2011.2397 35.17 136.97 -10.15485209162863 18.62973664298893
2011.2671 35.17 136.97 -7.74734293716665 14.64373220496162
2011.2945 35.17 136.97 25.04896168307552 17.49625114517239
2011.3219 35.17 136.97 9.56553465497000 16.31482755390743
2011.3493 35.17 136.97 9.33964091392319 14.33780445394020
2011.3767 35.17 136.97 22.27660009506859 17.17296836723770
2011.4041 35.17 136.97 16.85498955139823 14.73103533836444
2011.4315 35.17 136.97 21.14981714391528 14.37682156119005
2011.5137 35.17 136.97 21.28762958948021 13.11854043654310
2011.5411 35.17 136.97 30.82499850210444 14.32490672976531
2011.5685 35.17 136.97 -2.48491964121546 13.79419722615529
2011.5959 35.17 136.97 10.69426341031355 14.99806598039441
2011.6233 35.17 136.97 -14.74001482331183 14.83006495076655
2011.6507 35.17 136.97 -14.21093565952581 18.23506481535534
2011.6781 35.17 136.97 4.76548167990894 16.90949211721788
2011.7055 35.17 136.97 -6.52170134067217 17.02194888003303
2011.7329 35.17 136.97 -26.71866485310685 20.04434957661636
2011.7603 35.17 136.97 -14.86405743345518 16.96337917360819
2011.7877 35.17 136.97 -16.48307155105405 18.21980286846038
2011.8151 35.17 136.97 -14.81475872126039 17.76538350960671
2011.8425 35.17 136.97 -8.85441080868636 19.56921883169362
2011.8699 35.17 136.97 2.95001218886787 18.07240649837956
2011.9521 35.17 136.97 -9.79841412908893 10.92699556129177
2011.9795 35.17 136.97 -15.73058437550724 15.36198015303821
2012.0068 35.17 136.97 2.41197659592585 14.09189512505366
2012.0342 35.17 136.97 16.19414020340749 17.01718527885733
2012.0616 35.17 136.97 -0.32584375326749 14.76187070319093
2012.0890 35.17 136.97 15.67984846910567 14.48203966224095
2012.1164 35.17 136.97 6.74331312044517 13.98882408066216
2012.1438 35.17 136.97 24.49484594075815 14.58973874475558
2012.1712 35.17 136.97 52.15731301167376 13.60361870865004
2012.1986 35.17 136.97 47.61133390895272 12.31837158776854
2012.2260 35.17 136.97 18.79221165665293 12.69981068585740
2012.2534 35.17 136.97 17.74179695255637 12.38253807902530
2012.2808 35.17 136.97 19.91280528452933 11.54048370264245
2012.3082 35.17 136.97 32.99645265289032 12.79887512805936
2012.3904 35.17 136.97 2.64880310071059 13.38648138587776
2012.4178 35.17 136.97 -9.52409008795533 10.40748467140006
2012.4452 35.17 136.97 1.05508639520080 10.23316725863511
2012.4726 35.17 136.97 11.16035255336117 11.20390436530609
2012.5000 35.17 136.97 20.65284744576025 10.53704082649418
2012.5274 35.17 136.97 4.80989734664308 11.26955412631268
2012.5548 35.17 136.97 -2.12944842308006 11.24636215779121
2012.5822 35.17 136.97 -0.01435905427897 12.11873950804277
2012.6096 35.17 136.97 -0.87958718323883 12.01476948757835
2012.6370 35.17 136.97 -14.40385983326632 10.99004914760635
2012.6644 35.17 136.97 -8.96548536021879 12.18222512384733
2012.6918 35.17 136.97 -22.82614137941481 12.61524414976280
2012.7192 35.17 136.97 -7.90426178402362 15.56750084328286
2012.7466 35.17 136.97 -15.75994285795448 10.07522060290796
2012.8562 35.17 136.97 -23.11697944859722 15.98662183429884
2012.8836 35.17 136.97 -26.29768537223019 15.14235219498548
2012.9110 35.17 136.97 -38.72115508581675 14.28583364159096
2012.9384 35.17 136.97 -33.00207029936515 13.33840538116315
2012.9658 35.17 136.97 -2.17222584247825 15.60130014925086
2012.9918 35.17 136.97 -6.35008957561083 7.19292870576564
2013.0178 35.17 136.97 -17.39826515363548 8.73320069754228
2013.0452 35.17 136.97 8.24460435549811 8.63705789435680
2013.0726 35.17 136.97 -7.37474659535493 7.86398154496388
2013.1000 35.17 136.97 10.22453176401041 8.09794287844673
2013.1274 35.17 136.97 1.15165390913652 7.37624178406409
2013.1548 35.17 136.97 -3.66418983882370 6.61533485317360
2013.2644 35.17 136.97 36.45209335307026 7.28495629050502
2013.2918 35.17 136.97 45.65710264204371 7.64867207051230
2013.3192 35.17 136.97 37.37557953758089 8.62695399422035
2013.3466 35.17 136.97 53.43475716501207 8.89865473419482
2013.3740 35.17 136.97 11.17914481884324 7.45609345769057
2013.4014 35.17 136.97 28.14363551833577 7.74094086181620
2013.4288 35.17 136.97 13.68892589172719 6.61838788278790
2013.4562 35.17 136.97 1.33861471675369 6.72530469194918
2013.4836 35.17 136.97 -3.18481978543738 6.97169298359348
2013.5110 35.17 136.97 42.56650622058477 8.04988010879201
2013.5384 35.17 136.97 33.63913981750994 7.63991197510721
2013.5658 35.17 136.97 -7.71596538979968 8.19168047563348
2013.7575 35.17 136.97 -29.17257312506282 7.54155047939100
2013.7849 35.17 136.97 -13.46777251923642 7.95983080088655
2013.8123 35.17 136.97 -5.52950895076172 7.21766088153326
2013.8397 35.17 136.97 -33.93359505394562 7.34687190597556
2013.8671 35.17 136.97 -5.81898067339280 7.82200808413713
2013.8945 35.17 136.97 -24.62492576987711 7.30041159976770
2013.9219 35.17 136.97 -15.64181272336560 6.31245879740787
2013.9493 35.17 136.97 2.92374590892296 6.86948055765647
2013.9767 35.17 136.97 -8.54150563716861 6.82148686735385
2014.0041 35.17 136.97 10.60861490001198 6.62153346220069
2014.0315 35.17 136.97 11.29444916641399 6.99792909914447
2014.1685 35.17 136.97 11.96441333878909 7.31222404131617
2014.1959 35.17 136.97 29.79724175125151 7.79275025143844
2014.2233 35.17 136.97 22.56052132781471 7.28974697343484
2014.2507 35.17 136.97 25.03205807665868 6.58876666103158
2014.2781 35.17 136.97 8.15936818150757 7.05691774122780
2014.3055 35.17 136.97 -30.93994423085437 6.71544209389525
2014.3329 35.17 136.97 -19.38262099106826 5.27199578508561
2014.3603 35.17 136.97 -9.92441902105499 6.20394192180362
2014.3877 35.17 136.97 41.43530881520670 6.21958518976073
2014.4151 35.17 136.97 11.89894578551694 6.12638010210712
2014.4425 35.17 136.97 13.07581152973333 6.57376162116174
2014.4699 35.17 136.97 1.49968783780851 6.43350028227041
2014.5795 35.17 136.97 2.99263060437494 5.08542990145587
2014.6068 35.17 136.97 31.87086899750062 5.60296466475212
2014.6342 35.17 136.97 32.37059299593294 4.92667102258102
2014.6616 35.17 136.97 -10.00710712809594 5.72132827307332
2014.6890 35.17 136.97 -0.94599596686468 5.57032060723640
2014.7164 35.17 136.97 -5.06144361323348 5.43270317455293
2014.7438 35.17 136.97 -30.50768894066074 6.04439071532689
2014.7712 35.17 136.97 -43.15283472435386 5.96773536817091
2014.7986 35.17 136.97 -14.86666047973312 5.11277807706704
2014.8260 35.17 136.97 2.13802988658112 5.06257560496165
2014.8534 35.17 136.97 -13.87811380506606 5.41391139609186
2014.8808 35.17 136.97 -1.23553788312993 5.42790547642079
2014.9082 35.17 136.97 -3.30237286093952 5.56040192917805
2015.0452 35.17 136.97 11.95083527898249 3.84361918730761
2015.0726 35.17 136.97 45.43104445537936 4.37159822055790
2015.1000 35.17 136.97 26.51375323107156 3.72351089940445
2015.1274 35.17 136.97 33.47725391900880 3.42321030212684
2015.1548 35.17 136.97 36.98729177527014 4.19534465809130
2015.1822 35.17 136.97 1.44165966442994 3.84628662940524
2015.2096 35.17 136.97 7.09945515903862 5.59964294761338
2015.2370 35.17 136.97 -13.84297155864708 6.24440826847092
2015.2644 35.17 136.97 29.58018609949405 5.33275701053069
2015.2918 35.17 136.97 39.21296907761599 5.24219143989238
2015.3192 35.17 136.97 37.82614084099296 5.03312031573899
2015.3466 35.17 136.97 13.59838969278202 5.54857734026307
2015.4836 35.17 136.97 39.44706678617901 4.50140862668749
2015.5110 35.17 136.97 -1.83259611108136 4.47218239188732
2015.5384 35.17 136.97 18.73223555062532 5.10349352565507
2015.5658 35.17 136.97 32.89044912003303 5.46427573154351
2015.5932 35.17 136.97 0.47425085492887 5.79625932025280
2015.6205 35.17 136.97 2.63976462362641 5.45006366940658
2015.6479 35.17 136.97 2.41626413888636 5.33249213751921
2015.6753 35.17 136.97 5.06506871835515 4.97085624847965
2015.7027 35.17 136.97 -16.43544018478332 5.67773481370198
2015.7301 35.17 136.97 1.25533753295495 5.55793724200811
2015.9493 35.17 136.97 11.14457548062004 5.28829407711782
2015.9767 35.17 136.97 -7.88460902175396 5.86960894850531
2016.0041 35.17 136.97 17.42817396940725 5.16793411021882
2016.0315 35.17 136.97 -12.86330147775193 4.89587295249857
2016.0589 35.17 136.97 5.52798907380286 5.00182714899846
2016.0863 35.17 136.97 2.36291522490645 4.35451554660752
2016.1137 35.17 136.97 19.01128945609541 5.11889220173571
2016.1411 35.17 136.97 7.86795510955576 6.35924505868579
2016.1685 35.17 136.97 38.86630385007889 7.05934956130816
2016.1959 35.17 136.97 43.41510578380813 6.97411855120963
2016.2233 35.17 136.97 28.01961392599414 7.14431096495630
2016.2507 35.17 136.97 20.50626326272487 5.27360463422559
2016.3603 35.17 136.97 9.40950762460953 4.96470002374287
2016.3877 35.17 136.97 4.00421894366982 6.13248560735357
2016.4151 35.17 136.97 -12.11536116611119 5.92566268855053
2016.4425 35.17 136.97 16.36523046105594 6.53729661642170
2016.4699 35.17 136.97 17.93316376306439 6.38430076662983
