2002.5877 46.20 4.61 7.87360340263235 10.37444485778335
2002.6151 46.20 4.61 -2.89973240176461 10.11546946326585
2002.6425 46.20 4.61 -10.72435748367098 10.34258020203389
2002.6699 46.20 4.61 -26.74898181825713 8.63305227963514
2002.6973 46.20 4.61 -23.62923237355628 14.16559396236366
2002.7247 46.20 4.61 2.16956701869360 9.85839999241450
2002.7521 46.20 4.61 -19.08631707679482 9.00026112204179
2002.7795 46.20 4.61 0.39347914710136 10.25677153881244
2002.8068 46.20 4.61 -25.90612332785487 9.35830434744860
2002.8342 46.20 4.61 3.17246472262515 9.16829754385495
2002.8616 46.20 4.61 6.21522237537489 8.82957013859045
2002.8890 46.20 4.61 15.08556553758948 9.33290286379410
2002.9164 46.20 4.61 39.62001612266297 9.65419862039863
2003.0260 46.20 4.61 32.64908639367520 10.73891339309880
2003.0534 46.20 4.61 39.98675878289952 18.90857547224258
2003.0808 46.20 4.61 57.82124044394498 15.59240650339031
2003.1082 46.20 4.61 53.40857959099890 8.63233709016729
2003.1356 46.20 4.61 13.41520080055291 7.94557528350562
2003.1630 46.20 4.61 16.92844521904873 8.63961422803137
2003.1904 46.20 4.61 13.36777240911975 10.12451009485424
2003.2178 46.20 4.61 27.99728712815847 8.51469515719122
2003.2452 46.20 4.61 25.65836734495615 8.45678161150359
2003.2726 46.20 4.61 -15.19127718645533 8.23017322385487
2003.3000 46.20 4.61 -14.58537087382724 8.07044022014562
2003.3274 46.20 4.61 -3.78301661054956 10.83360279503280
2003.3548 46.20 4.61 8.41453979611089 12.30660505583099
2003.3822 46.20 4.61 10.27385204582685 10.55494407385877
2003.5192 46.20 4.61 -40.18369021093650 12.03110933323848
2003.5466 46.20 4.61 -30.96147879086047 13.72476895959680
2003.5740 46.20 4.61 -27.91827330754068 16.43753582860651
2003.6014 46.20 4.61 -34.32068609223671 13.77512672137010
2003.6288 46.20 4.61 -42.94393996162081 12.67196667928047
2003.6562 46.20 4.61 -49.36929354084984 13.87890235967429
2003.6836 46.20 4.61 -62.00304787487887 13.90111254322701
2003.7110 46.20 4.61 -65.24852112552470 10.27282935670051
2003.7384 46.20 4.61 -62.90880489859556 13.02261593113346
2003.7658 46.20 4.61 -44.96333208639795 11.84977344413368
2003.7932 46.20 4.61 -46.24281397838164 13.48092863643532
2003.8205 46.20 4.61 -29.97254703845229 14.33751450091240
2003.8479 46.20 4.61 -5.73780712953515 12.16500533343721
2003.8753 46.20 4.61 -25.79788435441634 13.34367381418923
2003.9027 46.20 4.61 -41.11934663133489 11.74503181796016
2003.9301 46.20 4.61 5.35206486276705 12.51031780919450
2003.9575 46.20 4.61 -9.78931219914077 14.51244867755501
2003.9849 46.20 4.61 -15.73695267475275 13.56930883595278
2004.0123 46.20 4.61 7.91807360059946 14.57901336155728
2004.0397 46.20 4.61 20.47282392009593 11.26719524072529
2004.0945 46.20 4.61 28.46532496124668 10.48821301695615
2004.1219 46.20 4.61 16.99170949278678 11.99048838799385
2004.1493 46.20 4.61 37.76211520853661 14.28472725182409
2004.1767 46.20 4.61 19.62317296635078 15.67390170302463
2004.2041 46.20 4.61 29.06510915304114 12.33905939574790
2004.2315 46.20 4.61 27.14948615184496 12.53642686474005
2004.2589 46.20 4.61 34.55102391792894 12.91024705210849
2004.2863 46.20 4.61 52.76441269095894 12.98710073978620
2004.3137 46.20 4.61 19.84776906997669 12.27352875924306
2004.3411 46.20 4.61 13.89554952661101 13.60960557557939
2004.3685 46.20 4.61 62.16047996018933 12.86761878153040
2004.3959 46.20 4.61 21.70769045872004 11.10053566032117
2004.4233 46.20 4.61 12.39592453068425 10.62823309644100
2004.4507 46.20 4.61 26.86328755695217 9.50318852732056
2004.4781 46.20 4.61 -15.16708476390205 10.56237475328147
2004.5055 46.20 4.61 -6.91342193752016 10.25046103794110
2004.5329 46.20 4.61 -15.64798405818294 9.59099230933614
2004.5603 46.20 4.61 -17.28673736584074 9.95072904813880
2004.5877 46.20 4.61 -7.56962367565973 9.99549349944961
2004.6151 46.20 4.61 -14.45824265826724 11.07393527913552
2004.6425 46.20 4.61 -33.51092065058955 9.23940797408815
2004.6699 46.20 4.61 -23.76683759616463 9.22417421528584
2004.6973 46.20 4.61 -24.59812549118226 8.56902835408175
2004.7247 46.20 4.61 -35.29123590239831 10.01128808287125
2004.7521 46.20 4.61 -28.95277185920603 9.49946203596036
2004.7795 46.20 4.61 -30.32559563283479 9.32904056945448
2004.8068 46.20 4.61 -22.82406955644893 10.51839311239201
2004.8342 46.20 4.61 -1.65754560006233 10.40326229832934
2004.8616 46.20 4.61 7.18192689856499 8.97208690117597
2004.8890 46.20 4.61 -13.28899432999764 9.00163670145578
2004.9164 46.20 4.61 -18.51476381192929 9.97797852473066
2004.9438 46.20 4.61 -12.60236184857741 10.79307760403172
2004.9712 46.20 4.61 13.36217256793709 10.11012159217722
2004.9973 46.20 4.61 2.71873861501181 9.59567784246244
2005.0233 46.20 4.61 23.46095754118567 11.52527660945511
2005.0507 46.20 4.61 20.56712308660914 17.94231651518160
2005.0781 46.20 4.61 -0.33024347211901 13.14235786720750
2005.1055 46.20 4.61 -8.25612612430454 12.99699354090263
2005.1329 46.20 4.61 10.72806250727060 13.32208816009119
2005.1603 46.20 4.61 19.01831859555811 11.61567555033000
2005.1877 46.20 4.61 6.08014820795593 11.52138374766700
2005.2151 46.20 4.61 1.23634586659862 10.63240006067490
2005.2425 46.20 4.61 -9.09182433374062 10.41548617793358
2005.2699 46.20 4.61 29.10100276901670 11.24024259241818
2005.2973 46.20 4.61 25.36372612317681 11.95611036276258
2005.3247 46.20 4.61 42.21321221857587 12.63085622606921
2005.3521 46.20 4.61 4.26809486349301 4.47331634125209
2005.3795 46.20 4.61 29.57341735154352 11.72405923369393
2005.4068 46.20 4.61 6.48972008228706 10.56254658765769
2005.4342 46.20 4.61 -19.13140726782187 12.10359750796120
2005.4616 46.20 4.61 -19.75909419794223 11.09205360543591
2005.4890 46.20 4.61 -27.42565968953024 10.49958853576171
2005.5164 46.20 4.61 -25.76255654417892 10.43027008365950
2005.5438 46.20 4.61 -32.59609674968483 11.52666572386760
2005.5712 46.20 4.61 -30.74249942091339 12.70143213413881
2005.5986 46.20 4.61 -52.10896887201469 12.99860961266128
2005.6260 46.20 4.61 -70.35893512687404 11.33149715166515
2005.6534 46.20 4.61 -60.91762491773190 12.11189441498423
2005.6808 46.20 4.61 -59.66278792581315 11.81325802741518
2005.7082 46.20 4.61 -45.17654736337355 14.74398407971613
2005.7356 46.20 4.61 -34.70531246222566 12.77779736891359
2005.7630 46.20 4.61 -34.61136074623549 12.79890514271275
2005.7904 46.20 4.61 -25.00689660127679 11.81556413637066
2005.8178 46.20 4.61 -34.57591005082138 12.23350480410693
2005.8452 46.20 4.61 -23.04416967909637 13.08303720454817
2005.8726 46.20 4.61 -10.24903483752934 11.24873806385518
2005.9000 46.20 4.61 -31.58106366799836 10.87593902100175
2005.9274 46.20 4.61 -13.48692269991772 10.75892821123247
2005.9548 46.20 4.61 -47.11631502901114 9.13886880844330
2005.9822 46.20 4.61 -38.55470684240171 9.97327655945712
2006.0096 46.20 4.61 -26.15639858956099 11.42959985834783
2006.0370 46.20 4.61 -8.11227466566165 14.78859847049703
2006.0644 46.20 4.61 -24.45058884362406 14.93562735517012
2006.0918 46.20 4.61 -4.63141764563857 15.04817450558050
2006.1192 46.20 4.61 -1.92862382270985 17.58061211629093
2006.1466 46.20 4.61 -11.03252023759855 13.38539520117529
2006.1740 46.20 4.61 33.27795278747757 15.61800503177709
2006.2014 46.20 4.61 28.08912576173738 11.58461462173805
2006.2288 46.20 4.61 17.17269867997498 15.69426880055623
2006.2562 46.20 4.61 18.75204135656624 14.83984783735432
2006.2836 46.20 4.61 30.99193662726573 14.36391381745059
2006.3110 46.20 4.61 23.79330648693880 15.43888981821161
2006.3384 46.20 4.61 20.61166875708099 13.91545069605864
2006.3658 46.20 4.61 13.75192979440347 15.53995015912790
2006.3932 46.20 4.61 19.15441945989446 15.20347397293006
2006.4205 46.20 4.61 6.92249622424793 15.14674747406196
2006.4479 46.20 4.61 -5.97897997364341 16.16577202887432
2006.4753 46.20 4.61 -16.39367636591566 16.81881410144387
2006.5027 46.20 4.61 -23.52533731435415 17.56972465209965
2006.5301 46.20 4.61 -7.80999236286608 21.37966564510819
2006.5575 46.20 4.61 -19.62629327131581 16.64120103200286
2006.5849 46.20 4.61 -44.26724447718664 17.16725444012930
2006.6123 46.20 4.61 -44.98504648277929 22.12018867939075
2006.6397 46.20 4.61 -19.67639004913167 18.32450362748997
2006.6671 46.20 4.61 -40.30663676141859 16.29676261900403
2006.6945 46.20 4.61 -25.91681174017488 21.44405631692816
2006.7219 46.20 4.61 -19.17252349011870 19.43363220945664
2006.7493 46.20 4.61 -31.20086370462073 23.74945294738027
2006.7767 46.20 4.61 -17.06216525581706 20.66158255563136
2006.8041 46.20 4.61 -34.67632958258351 16.20132067709578
2006.8315 46.20 4.61 -64.68867215527287 19.30727549866125
2006.8589 46.20 4.61 -42.98907826154258 18.61199551195277
2006.8863 46.20 4.61 -22.42511062700663 17.62851747256518
2006.9137 46.20 4.61 -21.58487894501963 16.90764382778341
2006.9411 46.20 4.61 -0.31775267052018 16.51630179269230
2006.9685 46.20 4.61 -29.88886964224175 16.15045534097923
2006.9959 46.20 4.61 2.95437144419379 15.67827289650773
2007.0233 46.20 4.61 18.74405245200479 14.26041285336601
2007.0507 46.20 4.61 2.41813259251010 15.17295652850823
2007.0781 46.20 4.61 2.55475956588790 16.14902110959594
2007.1055 46.20 4.61 -0.87579711456119 14.18024071305561
2007.1329 46.20 4.61 11.11742091624367 15.66196628135323
2007.1603 46.20 4.61 -8.20076297303818 14.89637988233415
2007.1877 46.20 4.61 41.21689539183144 20.31604739280827
2007.2151 46.20 4.61 13.14212491374232 17.92460976877798
2007.2425 46.20 4.61 50.72320072740986 17.14950572743053
2007.2699 46.20 4.61 11.88590458523166 12.87665256002669
2007.2973 46.20 4.61 21.49326463240412 12.07543962191137
2007.3247 46.20 4.61 2.75987297975841 15.46024285206545
2007.3521 46.20 4.61 -15.53407677259077 17.20142820873875
2007.3795 46.20 4.61 2.43027775056796 18.23798560769489
2007.4068 46.20 4.61 -1.33726279064136 14.67647661033740
2007.4342 46.20 4.61 12.96437668315874 13.86794093079628
2007.4616 46.20 4.61 22.29125852516659 19.24817592436301
2007.4890 46.20 4.61 6.11493119830754 13.91007742886523
2007.5164 46.20 4.61 21.09238097172263 14.94325978004731
2007.5438 46.20 4.61 11.68036422571949 14.34778709288479
2007.5712 46.20 4.61 -12.14025533720257 14.75132719183579
2007.5986 46.20 4.61 2.16060581264830 18.55691209410457
2007.6260 46.20 4.61 3.68749180235895 14.63373896156150
2007.6534 46.20 4.61 -11.10171339832165 14.94985502442733
2007.6808 46.20 4.61 11.19651702562695 15.61921488705585
2007.7082 46.20 4.61 -16.67455062977742 10.77828613319436
2007.7356 46.20 4.61 -7.50883865290420 16.04796109315080
2007.7630 46.20 4.61 -21.50208685882694 11.54399549532737
2007.7904 46.20 4.61 -17.12458463360439 15.98183932270041
2007.8178 46.20 4.61 -24.92875084333820 18.82977673404448
2007.8452 46.20 4.61 4.36916667124771 14.64541514194032
2007.8726 46.20 4.61 -20.80900934389363 17.33578186541291
2007.9000 46.20 4.61 30.52884616566623 18.29532693354891
2007.9274 46.20 4.61 13.57312879471585 18.13331145351691
2007.9548 46.20 4.61 12.56555234708129 13.25714534183747
2007.9822 46.20 4.61 9.30925661762183 16.73714845609006
2008.0096 46.20 4.61 18.22840798661191 14.56810888021600
2008.0370 46.20 4.61 4.17159767904126 15.22719834906535
2008.0644 46.20 4.61 16.68667914245091 17.93920174584883
2008.0918 46.20 4.61 13.37140744358834 13.60097569282528
2008.1192 46.20 4.61 17.92283719133956 16.56366392544733
2008.1466 46.20 4.61 24.51587770226530 19.59374405355605
2008.1740 46.20 4.61 24.94399013402136 16.89882204324859
2008.2014 46.20 4.61 -3.76449386074191 18.59868958769210
2008.2288 46.20 4.61 1.05138493885543 20.65023003920347
2008.2562 46.20 4.61 34.09532721136716 19.58438634475819
2008.2836 46.20 4.61 9.03325491885206 23.60367601876305
2008.3110 46.20 4.61 16.65930554288351 24.68440328737649
2008.3384 46.20 4.61 32.14365685672264 18.12008411789601
2008.3658 46.20 4.61 24.02002097762524 18.32995829313924
2008.3932 46.20 4.61 2.97238910135065 16.28060385122942
2008.4205 46.20 4.61 37.79973972617109 14.23162614528522
2008.4479 46.20 4.61 15.07649120611631 14.72113521791606
2008.4753 46.20 4.61 16.28160319704394 14.12746778867954
2008.5027 46.20 4.61 2.75777869638157 17.47901170266977
2008.5301 46.20 4.61 0.54922280890157 21.62681695671104
2008.5575 46.20 4.61 4.09901414187072 13.63366169687073
2008.5849 46.20 4.61 -6.19672976520068 16.21544713902610
2008.6123 46.20 4.61 -20.87298896387249 12.92744726810483
2008.6397 46.20 4.61 -8.98951518803743 14.43832842919644
2008.6671 46.20 4.61 -16.08532795237045 13.71495975684335
2008.6945 46.20 4.61 1.49048286276444 13.18831046165819
2008.7219 46.20 4.61 2.83909279103436 15.66818360476228
2008.7493 46.20 4.61 3.45736827869347 14.01488261430094
2008.7767 46.20 4.61 -17.21944319010966 16.83780117859478
2008.8041 46.20 4.61 -10.51430383452869 16.99898225168651
2008.8315 46.20 4.61 4.09174431440010 19.05446705985533
2008.8589 46.20 4.61 17.48211069976963 22.29646788196066
2008.8863 46.20 4.61 2.24402322347106 21.38146432003690
2008.9137 46.20 4.61 12.20647362501617 20.44654300764374
2008.9411 46.20 4.61 19.39567295950232 21.07240461384913
2008.9685 46.20 4.61 30.72066738760996 19.65809642639427
2008.9945 46.20 4.61 41.08462871515102 16.67096209271354
2009.0205 46.20 4.61 22.22350869031536 16.56011353856867
2009.0479 46.20 4.61 35.55433955412838 16.56859721383795
2009.0753 46.20 4.61 2.61092528549894 15.60872614165148
2009.1027 46.20 4.61 17.68793956717385 19.85622388660714
2009.1301 46.20 4.61 -5.36614238725803 15.46795816475910
2009.1575 46.20 4.61 39.94732125880881 15.61437346382597
2009.1849 46.20 4.61 52.40235808353598 18.68119058174348
2009.2123 46.20 4.61 45.64889780399533 15.31385120893993
2009.2397 46.20 4.61 37.98874150995059 17.89042644441245
2009.2671 46.20 4.61 25.58957816096517 14.78773762800631
2009.2945 46.20 4.61 25.65721330561081 15.24445847663986
2009.3219 46.20 4.61 29.52396543036031 15.86556991839847
2009.3493 46.20 4.61 28.62510466375291 14.42002474365330
2009.3767 46.20 4.61 17.20813678947944 15.19564906494084
2009.4041 46.20 4.61 5.19074291716792 13.08992545656850
2009.4315 46.20 4.61 -2.72287714741894 15.48281056639466
2009.4589 46.20 4.61 6.07945008249016 12.67826525829302
2009.4863 46.20 4.61 -13.25349017455847 14.10917914743887
2009.5137 46.20 4.61 -15.14415382406990 13.21101939883510
2009.5411 46.20 4.61 -26.82122352062268 16.58708073780346
2009.5685 46.20 4.61 -25.31996736632214 17.79965178856651
2009.5959 46.20 4.61 -24.99987534675063 15.42261338457091
2009.6233 46.20 4.61 -18.47382003584519 16.38874224909636
2009.6507 46.20 4.61 -37.42390478821059 15.81560170576796
2009.6781 46.20 4.61 -28.56913429708173 17.13577195940827
2009.7055 46.20 4.61 -29.79772728335828 18.01667998725829
2009.7329 46.20 4.61 -34.13896937190367 17.18423904172166
2009.7603 46.20 4.61 -29.14825522365070 19.67785174023676
2009.7877 46.20 4.61 -9.66166672009568 18.09695500329982
2009.8151 46.20 4.61 -14.78923063729262 19.66291038245496
2009.8425 46.20 4.61 -26.06068381502206 17.69480899476201
2009.8699 46.20 4.61 -4.23990368224069 16.81402026396023
2009.8973 46.20 4.61 -6.43818451965110 15.62862804610783
2009.9247 46.20 4.61 -18.66706356078194 15.15293438947053
2009.9521 46.20 4.61 -14.15231683643935 14.36429186382292
2009.9795 46.20 4.61 -7.27951646569129 14.77790197479603
2010.0068 46.20 4.61 -4.47332383318785 19.30871911648284
2010.0342 46.20 4.61 -8.12243805502763 14.59422671755735
2010.0616 46.20 4.61 -3.25477255162988 15.08104947899338
2010.0890 46.20 4.61 5.62486985283749 18.55390103377692
2010.1164 46.20 4.61 7.19480114413887 19.18982272787980
2010.1438 46.20 4.61 4.36310516222280 18.13988216996956
2010.1712 46.20 4.61 6.07262781562500 17.29030854422334
2010.1986 46.20 4.61 3.68440856474295 16.54607174121716
2010.2260 46.20 4.61 7.06580692138024 18.18941353721691
2010.2534 46.20 4.61 14.65547952569593 18.67791609425528
2010.2808 46.20 4.61 13.91446585306995 14.02699828259162
2010.3082 46.20 4.61 -10.01466941993632 14.85405707288631
2010.3356 46.20 4.61 19.62701500789729 13.10984535009895
2010.3630 46.20 4.61 25.72425497892159 14.08269270307794
2010.3904 46.20 4.61 34.67837068040441 14.22938629285627
2010.4178 46.20 4.61 6.52830548756701 15.08695322068383
2010.4452 46.20 4.61 -24.06940482443801 13.08673193644979
2010.4726 46.20 4.61 -19.89980605985681 11.60277102432167
2010.5000 46.20 4.61 5.09038236454522 13.44701844282103
2010.5274 46.20 4.61 -2.49592296011967 22.54515606235689
2010.5548 46.20 4.61 -24.44258159704359 13.93532926834898
2010.5822 46.20 4.61 -34.27483341981208 12.45292891009244
2010.6096 46.20 4.61 -21.06737855129463 16.71069383877030
2010.6370 46.20 4.61 -20.00370059377825 14.66597372854455
2010.6644 46.20 4.61 -17.77598477119732 13.60690936553162
2010.6918 46.20 4.61 -28.29463704892846 16.82558936213713
2010.7192 46.20 4.61 -25.06160124490483 15.59139945509823
2010.7466 46.20 4.61 -20.91921810615548 18.48594537364746
2010.7740 46.20 4.61 -2.61201680816114 14.38610208487748
2010.8014 46.20 4.61 -32.27867927916895 13.79117209363902
2010.8288 46.20 4.61 -21.64927895657474 16.04968084853421
2010.8562 46.20 4.61 -8.46992495264191 15.66956415058456
2010.8836 46.20 4.61 3.42592132569043 14.25231272322404
2010.9110 46.20 4.61 25.53253570159129 15.88406579427429
2010.9384 46.20 4.61 15.09977661371774 16.58347740886871
2010.9658 46.20 4.61 12.84019414927334 18.42712653442240
2010.9932 46.20 4.61 16.39908377191404 13.43915534941386
2011.1027 46.20 4.61 13.12564831863256 13.40584088746758
2011.1301 46.20 4.61 18.66621887647107 21.89884067255542
2011.1575 46.20 4.61 31.40285040073333 14.03596569462355
2011.1849 46.20 4.61 8.92472452853796 10.72774197910560
2011.2123 46.20 4.61 34.52271773154254 18.57141201724096
2011.2397 46.20 4.61 15.19388303200654 19.52960349016837
2011.2671 46.20 4.61 40.36283753825431 15.40200323560056
2011.2945 46.20 4.61 12.79789988351173 18.34259858734282
2011.3219 46.20 4.61 9.78383253757404 17.10330675910734
2011.3493 46.20 4.61 8.75701945626432 15.06612314453155
2011.3767 46.20 4.61 -6.10919572510918 18.00825100777414
2011.4041 46.20 4.61 -1.65809366945385 15.49994783592385
2011.4315 46.20 4.61 -17.30342691812499 15.21849849699739
2011.5137 46.20 4.61 -19.41506226604080 13.89063838845076
2011.5411 46.20 4.61 -35.21671853355803 15.10438233051907
2011.5685 46.20 4.61 -7.44348329124108 14.58187070728624
2011.5959 46.20 4.61 -20.74292952343481 15.81965294695925
2011.6233 46.20 4.61 -20.60192827954520 15.68046649077038
2011.6507 46.20 4.61 -22.32060192040770 19.17414478121472
2011.6781 46.20 4.61 -22.81666278386227 17.77369850838106
2011.7055 46.20 4.61 -26.78195258143172 17.86909327152689
2011.7329 46.20 4.61 -25.85446743804993 21.00406387777434
2011.7603 46.20 4.61 -39.22245191835045 17.79183743326242
2011.7877 46.20 4.61 -55.82599144621704 19.07083075770908
2011.8151 46.20 4.61 -12.60529533699577 18.61197493333592
2011.8425 46.20 4.61 -0.25514628617887 20.45360200990546
2011.8699 46.20 4.61 6.05590272291886 18.88925830125110
2011.9521 46.20 4.61 -0.58073328420204 11.62536622554371
2011.9795 46.20 4.61 20.52116969509962 16.05172248441740
2012.0068 46.20 4.61 11.57222656461051 14.75426518107419
2012.0342 46.20 4.61 -0.08606201515675 17.84710563990916
2012.0616 46.20 4.61 2.54962138759609 15.44997216659984
2012.0890 46.20 4.61 37.33998883892523 15.16671837832274
2012.1164 46.20 4.61 26.19073811442498 14.71613896032348
2012.1438 46.20 4.61 55.02610497071352 15.27634101432120
2012.1712 46.20 4.61 4.20793078780768 14.34376814930643
2012.1986 46.20 4.61 38.45204300881182 12.87626069572117
2012.2260 46.20 4.61 1.50576181811692 13.31355980681166
2012.2534 46.20 4.61 0.02587019554810 12.92221168742823
2012.2808 46.20 4.61 4.64413700245538 11.98887839048854
2012.3082 46.20 4.61 20.88468820014275 13.83495275755196
2012.3904 46.20 4.61 8.65438270608178 14.13020409953985
2012.4178 46.20 4.61 13.17445916021429 10.84378360521532
2012.4452 46.20 4.61 -12.00321240878141 10.66034957008146
2012.4726 46.20 4.61 4.47858710067578 11.64879767248077
2012.5000 46.20 4.61 -4.30883093847930 10.97053606958374
2012.5274 46.20 4.61 0.67544091272750 11.77264273192790
2012.5548 46.20 4.61 -10.71317373846854 11.76905350616101
2012.5822 46.20 4.61 -14.35932199527300 12.62312158500419
2012.6096 46.20 4.61 -17.87627366949167 12.59121874904391
2012.6370 46.20 4.61 -29.32984825554660 11.48496721544912
2012.6644 46.20 4.61 -24.33520831910823 12.73758063970536
2012.6918 46.20 4.61 -18.28670976267300 13.19238734740299
2012.7192 46.20 4.61 -16.71350972368515 16.29599027650780
2012.7466 46.20 4.61 -8.81146727189573 10.76610834126824
2012.8562 46.20 4.61 -35.07664169833884 16.73760403837245
2012.8836 46.20 4.61 22.03953721516120 15.82631267347731
2012.9110 46.20 4.61 -14.15938270626778 14.93785867925574
2012.9384 46.20 4.61 9.74651160872677 14.06784099900377
2012.9658 46.20 4.61 26.39566860863417 16.29163577170639
2012.9918 46.20 4.61 -4.54534846246503 7.54861013216414
2013.0178 46.20 4.61 -21.25025852202741 9.14988372195903
2013.0452 46.20 4.61 0.91575750968256 9.05808827063052
2013.0726 46.20 4.61 -20.43497553381119 8.25193443601368
2013.1000 46.20 4.61 14.04439943219527 8.49570958787895
2013.1274 46.20 4.61 16.19969069138214 7.76248909408979
2013.1548 46.20 4.61 22.78240093801885 6.99069115432405
2013.2644 46.20 4.61 38.12237762120440 8.06854740188983
2013.2918 46.20 4.61 21.01351122886089 8.04502858571648
2013.3192 46.20 4.61 50.90832014957403 9.04370320188534
2013.3466 46.20 4.61 38.23944419450941 9.31791134970165
2013.3740 46.20 4.61 40.02361647838126 7.81410086243986
2013.4014 46.20 4.61 65.78304061990703 8.11386146358009
2013.4288 46.20 4.61 34.93474124398747 6.96056659670207
2013.4562 46.20 4.61 44.74112416595968 7.08569228041899
2013.4836 46.20 4.61 19.04981560569364 7.32633990699918
2013.5110 46.20 4.61 14.60944412809150 8.44354199936955
2013.5384 46.20 4.61 -3.89957853833710 8.10220098531794
2013.5658 46.20 4.61 -14.94732971470162 8.60465586900641
2013.7575 46.20 4.61 -13.78264210201566 8.02746540098031
2013.7849 46.20 4.61 -15.49686121479729 8.43251849034039
2013.8123 46.20 4.61 41.02845440624887 7.66375860818252
2013.8397 46.20 4.61 8.33925591692771 7.80556674827239
2013.8671 46.20 4.61 7.06996669889564 8.32288395419272
2013.8945 46.20 4.61 -18.02669428401800 7.79274895318133
2013.9219 46.20 4.61 -5.98709246782306 6.75082167395263
2013.9493 46.20 4.61 10.39065213864777 7.35278663312751
2013.9767 46.20 4.61 -12.16043047413487 7.30528013731288
2014.0041 46.20 4.61 10.79348842582316 7.08588566797912
2014.0315 46.20 4.61 25.95215397431778 7.50850939427211
2014.1685 46.20 4.61 48.98264938525968 7.79277758735556
2014.1959 46.20 4.61 32.18948829261341 8.18868832922749
2014.2233 46.20 4.61 32.30109071278486 7.66444500573623
2014.2507 46.20 4.61 35.74993463590940 6.90810922034977
2014.2781 46.20 4.61 16.53273681110070 7.38323353524795
2014.3055 46.20 4.61 2.91005104080711 7.02427530039677
2014.3329 46.20 4.61 9.21822155353560 5.53873074062787
2014.3603 46.20 4.61 2.11788806166172 6.49980452198742
2014.3877 46.20 4.61 -19.55829422915550 6.51982605158956
2014.4151 46.20 4.61 9.76169830663459 6.44182292975741
2014.4425 46.20 4.61 -22.66106962143180 6.91744647056517
2014.4699 46.20 4.61 7.77288131537380 6.79233804391779
2014.5795 46.20 4.61 -19.11384910443816 5.38618036870120
2014.6068 46.20 4.61 -1.34232111469651 5.95448467735114
2014.6342 46.20 4.61 -7.34606038704136 5.24816207271708
2014.6616 46.20 4.61 10.49347460040090 6.06695408824886
2014.6890 46.20 4.61 -5.99762543936656 5.90229739374063
2014.7164 46.20 4.61 -33.67509128987845 5.75698824954707
2014.7438 46.20 4.61 -34.47832469225846 6.39597878954240
2014.7712 46.20 4.61 -5.28562834541504 6.32149785875141
2014.7986 46.20 4.61 -10.82369199357113 5.43539061142642
2014.8260 46.20 4.61 0.25271224937893 5.38744278601988
2014.8534 46.20 4.61 5.37008132736236 5.76113266176388
2014.8808 46.20 4.61 12.52984997337196 5.77816987679047
2014.9082 46.20 4.61 17.99003693954565 5.91396375744992
2015.0452 46.20 4.61 46.00407848711014 4.10790730805613
2015.0726 46.20 4.61 24.65658984109077 4.73907863726083
2015.1000 46.20 4.61 32.08550960156778 3.99348134205919
2015.1274 46.20 4.61 32.07666280832645 3.67482921005292
2015.1548 46.20 4.61 39.71728048482802 4.55405520252254
2015.1822 46.20 4.61 24.34461554697869 4.15161832715513
2015.2096 46.20 4.61 -11.46512761551115 6.03855114406159
2015.2370 46.20 4.61 19.32814318628308 6.57408936404565
2015.2644 46.20 4.61 62.95293004597907 5.62818228974843
2015.2918 46.20 4.61 23.97835245831723 5.53690253907400
2015.3192 46.20 4.61 29.66050351708189 5.31741836643161
2015.3466 46.20 4.61 43.90910187497551 5.87377526109242
2015.4836 46.20 4.61 -24.28024309543868 4.88356485562494
2015.5110 46.20 4.61 2.05787713887216 4.78367741748408
2015.5384 46.20 4.61 -23.29128418596466 5.49414835984338
2015.5658 46.20 4.61 -38.58066828529351 5.83022140248714
2015.5932 46.20 4.61 -41.66954913331952 6.17579767944223
2015.6205 46.20 4.61 -48.93277370671493 5.82022571639164
2015.6479 46.20 4.61 -29.15668330445884 5.69178650224173
2015.6753 46.20 4.61 -14.83460284926275 5.32880244998377
2015.7027 46.20 4.61 -47.15767711336574 6.05577796883826
2015.7301 46.20 4.61 -11.85231291848396 5.93938552643619
2015.9493 46.20 4.61 -7.17679783267381 5.65399807487993
2015.9767 46.20 4.61 -28.95766251738772 6.24395128084929
2016.0041 46.20 4.61 -11.16422007971361 5.51478924581526
2016.0315 46.20 4.61 -2.73377196922822 5.24248116627646
2016.0589 46.20 4.61 -4.56359622911347 5.36041320485942
2016.0863 46.20 4.61 8.96629689166143 4.64815321394275
2016.1137 46.20 4.61 19.09088511352517 5.48748330505627
2016.1411 46.20 4.61 4.57463768115959 6.78936761310158
2016.1685 46.20 4.61 10.34186976246767 7.47296192576237
2016.1959 46.20 4.61 12.30241972648527 7.33475955888617
2016.2233 46.20 4.61 47.75915149093617 7.46694656586251
2016.2507 46.20 4.61 7.93780361193995 5.62462071753630
2016.3603 46.20 4.61 31.14321151802169 5.27989708353398
2016.3877 46.20 4.61 41.63377424978928 6.51887021312538
2016.4151 46.20 4.61 28.46609328821415 6.31553793883998
2016.4425 46.20 4.61 26.03503827372078 6.95325192442265
2016.4699 46.20 4.61 28.71836853931118 6.79647600941875
