2002.5877 29.02 -82.62 -32.93991653709741 9.39828560263570
2002.6151 29.02 -82.62 -12.60006164850913 9.13253484144037
2002.6425 29.02 -82.62 8.84159856092166 9.33493080198972
2002.6699 29.02 -82.62 16.93390353809730 7.80697187248888
2002.6973 29.02 -82.62 19.80493845971438 12.23222077822169
2002.7247 29.02 -82.62 28.07830173128056 8.88710434331902
2002.7521 29.02 -82.62 1.11111400958791 8.13630910850632
2002.7795 29.02 -82.62 36.67666159324544 9.30111631939072
2002.8068 29.02 -82.62 18.30962405376771 8.44372743739500
2002.8342 29.02 -82.62 23.76690695884498 8.27397929862400
2002.8616 29.02 -82.62 18.18873223160410 7.85361275692685
2002.8890 29.02 -82.62 13.69554460266653 8.43571328730062
2002.9164 29.02 -82.62 -0.36814860176053 8.68227234215792
2003.0260 29.02 -82.62 -12.68711485764151 9.68415167971136
2003.0534 29.02 -82.62 -14.92624231787936 17.11361234460866
2003.0808 29.02 -82.62 -21.97076363601755 14.04337772301443
2003.1082 29.02 -82.62 -10.04593228632869 7.74130240284133
2003.1356 29.02 -82.62 -3.17921282292620 7.11963823658029
2003.1630 29.02 -82.62 -2.46613908517420 7.77079296905931
2003.1904 29.02 -82.62 -1.46384232552556 9.07573629587394
2003.2178 29.02 -82.62 -26.44598527339827 7.68239568537701
2003.2452 29.02 -82.62 -32.79158015514495 7.65492467516043
2003.2726 29.02 -82.62 -14.48134717927256 7.44311677119487
2003.3000 29.02 -82.62 -19.63812933009023 7.31514621068916
2003.3274 29.02 -82.62 -26.01987112023918 9.84736679332850
2003.3548 29.02 -82.62 -31.15576909693937 11.25757796897552
2003.3822 29.02 -82.62 -17.65395405686740 9.41851496447514
2003.5192 29.02 -82.62 6.32897457733840 11.03505761362036
2003.5466 29.02 -82.62 3.22944564010684 12.63818186968725
2003.5740 29.02 -82.62 21.56335331901250 15.19594610998980
2003.6014 29.02 -82.62 4.00513595416949 12.67593525585925
2003.6288 29.02 -82.62 22.88920504970899 11.61308092888558
2003.6562 29.02 -82.62 31.53766656910344 12.71857910904472
2003.6836 29.02 -82.62 9.27874264807410 12.80684231902169
2003.7110 29.02 -82.62 13.33403891815239 9.38038514933243
2003.7384 29.02 -82.62 9.30363475702203 11.96617582347638
2003.7658 29.02 -82.62 2.01117838372556 10.87790950921239
2003.7932 29.02 -82.62 9.01581163511468 12.41198839054503
2003.8205 29.02 -82.62 -0.74234739816338 13.15649273662921
2003.8479 29.02 -82.62 3.92465082834219 11.06220243990925
2003.8753 29.02 -82.62 -4.32024175874322 12.25946372672575
2003.9027 29.02 -82.62 26.56668848129798 10.69553161430790
2003.9301 29.02 -82.62 -17.15678913329084 11.48927360299631
2003.9575 29.02 -82.62 -5.54575922905997 13.42797516423852
2003.9849 29.02 -82.62 0.78397833011623 12.51941713777370
2004.0123 29.02 -82.62 -1.42946800773774 13.44767993699086
2004.0397 29.02 -82.62 -15.10681737226941 10.02927423320996
2004.0945 29.02 -82.62 4.17472356365157 9.35802294936022
2004.1219 29.02 -82.62 -21.14037740105622 10.99556074678779
2004.1493 29.02 -82.62 2.34074334028158 13.14154413370607
2004.1767 29.02 -82.62 -24.75643720701464 14.54683661976545
2004.2041 29.02 -82.62 -16.12913035276623 11.32278677378132
2004.2315 29.02 -82.62 -11.39975833004556 11.50666698585771
2004.2589 29.02 -82.62 -29.76676709616782 11.84407051853987
2004.2863 29.02 -82.62 -30.20634505502714 11.92950076055961
2004.3137 29.02 -82.62 -0.93404701882271 11.26001378258450
2004.3411 29.02 -82.62 -9.62286675695814 12.52846183388465
2004.3685 29.02 -82.62 -16.73720872217827 11.70878910112588
2004.3959 29.02 -82.62 -7.84016325447222 10.02706807514902
2004.4233 29.02 -82.62 3.84876189504380 9.57371550151383
2004.4507 29.02 -82.62 1.65746735987298 8.59324758738759
2004.4781 29.02 -82.62 -14.61049286171751 9.58051731978039
2004.5055 29.02 -82.62 7.05511348880641 9.27739255374468
2004.5329 29.02 -82.62 -2.08802845315492 8.63732408489148
2004.5603 29.02 -82.62 -0.86892980157058 8.99171137350142
2004.5877 29.02 -82.62 -0.13246592055210 8.98701468305474
2004.6151 29.02 -82.62 7.58745741391676 9.97397681315985
2004.6425 29.02 -82.62 -6.24949660561975 8.26749046995695
2004.6699 29.02 -82.62 11.47669776101772 8.23285219062447
2004.6973 29.02 -82.62 8.97081578659460 7.62821167077043
2004.7247 29.02 -82.62 20.34575711636522 8.95618978167104
2004.7521 29.02 -82.62 11.78218982334043 8.46811943035057
2004.7795 29.02 -82.62 18.54879011479901 8.35099735915069
2004.8068 29.02 -82.62 25.14744564533009 9.47776597892063
2004.8342 29.02 -82.62 18.59084187481674 9.38339196115678
2004.8616 29.02 -82.62 -3.92827974563372 8.02301456539412
2004.8890 29.02 -82.62 -6.30500244043871 8.08204152968067
2004.9164 29.02 -82.62 8.79661782118022 9.02061402333535
2004.9438 29.02 -82.62 -11.10554965069582 9.67749899659877
2004.9712 29.02 -82.62 -8.69824435119114 9.20354146701045
2004.9973 29.02 -82.62 13.68113238917565 8.66443928864610
2005.0233 29.02 -82.62 28.40879870305252 10.59514647886995
2005.0507 29.02 -82.62 5.96360248401428 16.86730929832477
2005.0781 29.02 -82.62 18.87889220139771 12.18889440497500
2005.1055 29.02 -82.62 16.65785646298083 12.02880547125832
2005.1329 29.02 -82.62 12.73047448215738 12.33799272862624
2005.1603 29.02 -82.62 -21.63178054310554 10.64964328997593
2005.1877 29.02 -82.62 -12.83405399102378 10.47672655402808
2005.2151 29.02 -82.62 -10.99934286265402 9.58290114733555
2005.2425 29.02 -82.62 -0.47075624924066 9.46623692612741
2005.2699 29.02 -82.62 -9.01352092250969 10.23694853249181
2005.2973 29.02 -82.62 -3.10026773748091 10.90822900051291
2005.3247 29.02 -82.62 -11.61081786610994 11.50452205660644
2005.3521 29.02 -82.62 -15.99821759845142 3.98004140279893
2005.3795 29.02 -82.62 -6.11984517963432 10.65403058199181
2005.4068 29.02 -82.62 13.39063421017012 9.55134346795812
2005.4342 29.02 -82.62 12.04211411315795 10.95052300935714
2005.4616 29.02 -82.62 16.89252362086750 10.06610623042499
2005.4890 29.02 -82.62 30.57907548556673 9.52294065947855
2005.5164 29.02 -82.62 24.14803114335997 9.46829511745724
2005.5438 29.02 -82.62 37.73838170433233 10.51415829023030
2005.5712 29.02 -82.62 35.07148306164702 11.60724482451328
2005.5986 29.02 -82.62 36.27590802901354 11.88088851662473
2005.6260 29.02 -82.62 28.45824826407396 10.33217113847879
2005.6534 29.02 -82.62 26.22720548623943 11.06484683075650
2005.6808 29.02 -82.62 44.83700073486653 10.78980960687167
2005.7082 29.02 -82.62 46.97105991636122 13.55227974303643
2005.7356 29.02 -82.62 25.92429681676105 11.72006194056738
2005.7630 29.02 -82.62 38.63661089597085 11.73925678020527
2005.7904 29.02 -82.62 32.65664628560793 10.81563363720633
2005.8178 29.02 -82.62 2.80543575690474 11.21424937378109
2005.8452 29.02 -82.62 10.75198339579805 11.99143849577164
2005.8726 29.02 -82.62 -16.31285286513625 10.29257035653356
2005.9000 29.02 -82.62 -2.72185942483398 9.92461052858558
2005.9274 29.02 -82.62 -3.56299529113566 9.60130428141804
2005.9548 29.02 -82.62 1.85802511538133 8.07941101574171
2005.9822 29.02 -82.62 -5.62088348177668 8.94325444144475
2006.0096 29.02 -82.62 15.09087930937809 10.36641362689631
2006.0370 29.02 -82.62 -8.12022328383142 13.48662822728394
2006.0644 29.02 -82.62 2.67718086975231 13.62106633477751
2006.0918 29.02 -82.62 -17.44270912092055 13.76851696298059
2006.1192 29.02 -82.62 0.21513298420634 16.17751926251745
2006.1466 29.02 -82.62 -12.37165222728468 12.27073750633240
2006.1740 29.02 -82.62 -11.58005209508455 14.40506768870541
2006.2014 29.02 -82.62 -18.94272503539546 10.62051997610637
2006.2288 29.02 -82.62 -34.06836270557815 14.52800396684822
2006.2562 29.02 -82.62 -8.76622224679639 13.74315781496626
2006.2836 29.02 -82.62 -20.38221953276629 13.28344700901169
2006.3110 29.02 -82.62 -21.10342893547727 14.32098314727949
2006.3384 29.02 -82.62 -22.36580534750359 12.88661903976233
2006.3658 29.02 -82.62 3.97497861549541 14.40274420303840
2006.3932 29.02 -82.62 -15.68549757281690 14.08217666740872
2006.4205 29.02 -82.62 -15.86959766862613 14.00056045050131
2006.4479 29.02 -82.62 -18.63743899692026 14.88258752910174
2006.4753 29.02 -82.62 0.08531155024410 15.52788311865582
2006.5027 29.02 -82.62 -6.89134333349082 16.27160712790377
2006.5301 29.02 -82.62 -18.70295094887650 19.90359403351733
2006.5575 29.02 -82.62 -15.23392833629612 15.43053923917248
2006.5849 29.02 -82.62 -32.34981583537807 15.92924926767322
2006.6123 29.02 -82.62 -0.83648125383016 20.68463968125648
2006.6397 29.02 -82.62 -16.99870764273782 17.05776401868565
2006.6671 29.02 -82.62 9.53854186469962 15.10699970213608
2006.6945 29.02 -82.62 14.20918398284561 19.96075843555398
2006.7219 29.02 -82.62 1.75546105635954 17.97417859587486
2006.7493 29.02 -82.62 -9.02418796702042 22.00875065088057
2006.7767 29.02 -82.62 9.32522221247085 19.17530447097424
2006.8041 29.02 -82.62 -1.86719228537951 14.97805034715516
2006.8315 29.02 -82.62 -0.29704607779360 17.90183765568596
2006.8589 29.02 -82.62 14.06270251320308 17.23080693123705
2006.8863 29.02 -82.62 -28.83562006909446 16.28230717710482
2006.9137 29.02 -82.62 -15.83920248202682 15.53849089984539
2006.9411 29.02 -82.62 -16.13489195983986 15.18385730971016
2006.9685 29.02 -82.62 -30.39227916948777 14.79509646733956
2006.9959 29.02 -82.62 -30.92343211193641 14.32508834425370
2007.0233 29.02 -82.62 -16.58324285187860 12.95551515702894
2007.0507 29.02 -82.62 -15.97198952819783 13.83464892356348
2007.0781 29.02 -82.62 -12.60559159063041 14.82173425592151
2007.1055 29.02 -82.62 -38.39349025656651 13.00548429823792
2007.1329 29.02 -82.62 -29.28761230912507 14.38978649358923
2007.1603 29.02 -82.62 -19.94675211246094 13.68534310420999
2007.1877 29.02 -82.62 -40.38264403912410 18.81831106447507
2007.2151 29.02 -82.62 -40.63234700313424 16.58545587601536
2007.2425 29.02 -82.62 -42.04264390033754 15.86990638391556
2007.2699 29.02 -82.62 -43.53265739203179 11.83696923277305
2007.2973 29.02 -82.62 -16.38492603531292 11.07673142396833
2007.3247 29.02 -82.62 -8.25225089988523 14.27115864595902
2007.3521 29.02 -82.62 -3.33949263052174 15.92900690776529
2007.3795 29.02 -82.62 3.14130545536610 16.91154435698519
2007.4068 29.02 -82.62 8.81214079146697 13.54778229355155
2007.4342 29.02 -82.62 -8.88170222052937 12.77616930219629
2007.4616 29.02 -82.62 11.79018392959597 17.85565622413195
2007.4890 29.02 -82.62 1.87882714781492 12.79111585957792
2007.5164 29.02 -82.62 0.41413256033909 13.79959867330944
2007.5438 29.02 -82.62 1.12035321053676 13.22318064771546
2007.5712 29.02 -82.62 -16.10363492808082 13.59099884539218
2007.5986 29.02 -82.62 10.07714140134425 17.14201564781785
2007.6260 29.02 -82.62 3.16158007207379 13.46678342312383
2007.6534 29.02 -82.62 3.99662071817422 13.76086818755751
2007.6808 29.02 -82.62 -4.52251438941137 14.35318232455375
2007.7082 29.02 -82.62 -1.86536806266299 9.77108782395337
2007.7356 29.02 -82.62 -5.38523755173232 14.73264944114170
2007.7630 29.02 -82.62 -5.05260169962704 10.47866853805010
2007.7904 29.02 -82.62 0.06178955677292 14.72707037343369
2007.8178 29.02 -82.62 -4.26163146516858 17.40815288443816
2007.8452 29.02 -82.62 3.04723569648505 13.47760153590380
2007.8726 29.02 -82.62 -17.30536930672499 15.98732299270736
2007.9000 29.02 -82.62 -0.28213603655249 16.86503323111243
2007.9274 29.02 -82.62 -23.82151793793379 16.78058955349687
2007.9548 29.02 -82.62 -12.37772635041829 12.22371382513095
2007.9822 29.02 -82.62 -8.12171981272928 15.52587278203469
2008.0096 29.02 -82.62 -3.44994841120676 13.49985600214919
2008.0370 29.02 -82.62 -19.22675891466375 14.14313495189534
2008.0644 29.02 -82.62 -21.20319244514844 16.70148202247943
2008.0918 29.02 -82.62 -3.49917020498353 12.56746830999976
2008.1192 29.02 -82.62 -24.54834991499156 15.41545138040556
2008.1466 29.02 -82.62 -11.11238280349521 18.25238946989833
2008.1740 29.02 -82.62 -6.44897051823504 15.72502488075869
2008.2014 29.02 -82.62 -25.67324463047892 17.35588505105283
2008.2288 29.02 -82.62 -21.97449965465267 19.13932808933837
2008.2562 29.02 -82.62 -68.62277061409019 18.21718523428495
2008.2836 29.02 -82.62 -17.57502577954301 21.98204358479039
2008.3110 29.02 -82.62 10.76696861326719 22.98718353411158
2008.3384 29.02 -82.62 -22.08582894962952 16.84591732677398
2008.3658 29.02 -82.62 -5.59254358514504 17.01535364713249
2008.3932 29.02 -82.62 -6.10982623441496 15.05224289117955
2008.4205 29.02 -82.62 -23.81829447762449 13.09499570339318
2008.4479 29.02 -82.62 0.01397154891974 13.60885505774153
2008.4753 29.02 -82.62 -14.98504949966953 13.04405895823535
2008.5027 29.02 -82.62 2.06431540162108 16.12800255455065
2008.5301 29.02 -82.62 -27.73387072543015 19.96331607764130
2008.5575 29.02 -82.62 -2.25827097732135 12.45813611372675
2008.5849 29.02 -82.62 0.76674420373236 14.99385388518722
2008.6123 29.02 -82.62 11.45694766458466 11.86947178573508
2008.6397 29.02 -82.62 41.45141825918061 13.29844840577650
2008.6671 29.02 -82.62 28.25834525242286 12.60089308907859
2008.6945 29.02 -82.62 20.45507722394052 12.14633193115675
2008.7219 29.02 -82.62 20.99832962840165 14.49759531503487
2008.7493 29.02 -82.62 7.65335473529660 12.96797314463086
2008.7767 29.02 -82.62 10.26902056439443 15.66155175490781
2008.8041 29.02 -82.62 18.46266565141381 15.82702290512434
2008.8315 29.02 -82.62 15.19105766465573 17.73488767790965
2008.8589 29.02 -82.62 0.39476763993873 20.77946769054563
2008.8863 29.02 -82.62 -0.49517608414873 19.91920257311186
2008.9137 29.02 -82.62 -24.44788808811664 19.08933519335819
2008.9411 29.02 -82.62 -20.24953316274533 19.63776830531260
2008.9685 29.02 -82.62 -0.93439388513274 18.26389044358084
2008.9945 29.02 -82.62 -14.44592271157094 15.56443669037081
2009.0205 29.02 -82.62 -38.51038337997068 15.49392533772134
2009.0479 29.02 -82.62 -53.00164512526236 15.50393125880381
2009.0753 29.02 -82.62 -28.70893209953038 14.56723628790390
2009.1027 29.02 -82.62 -52.79312883797802 18.59695145514769
2009.1301 29.02 -82.62 -38.91834316011111 14.44106642897853
2009.1575 29.02 -82.62 -35.90939051277820 14.54912684468084
2009.1849 29.02 -82.62 -43.30976417514386 17.49298574014487
2009.2123 29.02 -82.62 -54.46217286831180 14.22068820114264
2009.2397 29.02 -82.62 -10.69801409470702 16.71912256434215
2009.2671 29.02 -82.62 -17.21288643133082 13.80704501984812
2009.2945 29.02 -82.62 -24.23018539494251 14.22443231914360
2009.3219 29.02 -82.62 -64.40573286706405 14.78571203394751
2009.3493 29.02 -82.62 -54.32967318440581 13.41507884533049
2009.3767 29.02 -82.62 -32.29035391000472 14.11921360529037
2009.4041 29.02 -82.62 -12.64903467782889 12.12221982074615
2009.4315 29.02 -82.62 -5.94172717714705 14.40029819390359
2009.4589 29.02 -82.62 -6.37692835093447 11.68016778801194
2009.4863 29.02 -82.62 14.06695767080341 12.98725555532351
2009.5137 29.02 -82.62 36.54192336229903 12.11821133185907
2009.5411 29.02 -82.62 14.23764529852408 15.28060956751964
2009.5685 29.02 -82.62 14.66400175914071 16.38592413117858
2009.5959 29.02 -82.62 31.37525902099534 14.16948466530640
2009.6233 29.02 -82.62 20.87949083491855 15.14533496948126
2009.6507 29.02 -82.62 29.69043348338158 14.62841753475019
2009.6781 29.02 -82.62 14.91621489433000 15.91524656253207
2009.7055 29.02 -82.62 24.71688862014403 16.76300322873007
2009.7329 29.02 -82.62 38.48076984477455 15.97225810711419
2009.7603 29.02 -82.62 -0.58091071139946 18.31285581440283
2009.7877 29.02 -82.62 -6.59291787529299 16.85339090275296
2009.8151 29.02 -82.62 -0.77299627599467 18.34389574452170
2009.8425 29.02 -82.62 -11.62100154076301 16.48998843801250
2009.8699 29.02 -82.62 -1.10158363560388 15.66525464733517
2009.8973 29.02 -82.62 -5.03494671253245 14.55472321248108
2009.9247 29.02 -82.62 35.22629863998273 14.01333258784092
2009.9521 29.02 -82.62 5.52347620493528 13.34056154579685
2009.9795 29.02 -82.62 41.26469753501957 13.71262395943970
2010.0068 29.02 -82.62 49.67496981610466 18.04372691817493
2010.0342 29.02 -82.62 2.96966313927504 13.56410872814653
2010.0616 29.02 -82.62 14.34909009490157 14.01650068173322
2010.0890 29.02 -82.62 1.47485036933042 17.34977719314123
2010.1164 29.02 -82.62 -17.34156048496083 17.92982247325440
2010.1438 29.02 -82.62 -27.85947403714861 16.89346341212619
2010.1712 29.02 -82.62 -31.69103874641261 16.10492775210670
2010.1986 29.02 -82.62 -16.72518450952085 15.39656134169851
2010.2260 29.02 -82.62 -15.66078535942954 16.89237298186095
2010.2534 29.02 -82.62 -0.80164064148698 17.30124116123845
2010.2808 29.02 -82.62 -14.63352070016365 12.93156353674166
2010.3082 29.02 -82.62 -11.95444460457404 13.72169295984446
2010.3356 29.02 -82.62 4.67771571509150 12.03222315817799
2010.3630 29.02 -82.62 17.07192979205457 12.87096906714215
2010.3904 29.02 -82.62 15.05033883608065 12.79027988268281
2010.4178 29.02 -82.62 36.40756362086698 13.75315494648880
2010.4452 29.02 -82.62 -4.00861248671226 11.91421915645938
2010.4726 29.02 -82.62 -8.08773362942793 10.52116169370859
2010.5000 29.02 -82.62 4.50662087107746 12.30837037642383
2010.5274 29.02 -82.62 23.17575620168398 21.00064154887448
2010.5548 29.02 -82.62 23.12065972194525 12.91854258217295
2010.5822 29.02 -82.62 7.52549780738175 11.52874266695251
2010.6096 29.02 -82.62 20.54393570650710 15.53980283472441
2010.6370 29.02 -82.62 16.52546885840204 13.62682712810269
2010.6644 29.02 -82.62 26.14655623633170 12.62819081056274
2010.6918 29.02 -82.62 -1.40647583146796 15.66062320045714
2010.7192 29.02 -82.62 8.61423964291025 14.49780603836873
2010.7466 29.02 -82.62 -2.10842441968361 17.21280749337753
2010.7740 29.02 -82.62 26.50590919286660 13.32290177862535
2010.8014 29.02 -82.62 -7.19634057352763 12.78496745078582
2010.8288 29.02 -82.62 -6.23849652171244 14.91470650594429
2010.8562 29.02 -82.62 9.71859991519515 14.54078977532694
2010.8836 29.02 -82.62 23.83188265955528 13.17072614422044
2010.9110 29.02 -82.62 14.56684919862384 14.71054359942277
2010.9384 29.02 -82.62 6.50201205461229 15.36068474250691
2010.9658 29.02 -82.62 -21.95352750218538 17.07006804727366
2010.9932 29.02 -82.62 -2.72369867305605 11.98387009354738
2011.1027 29.02 -82.62 -50.95969379559568 12.03984818292188
2011.1301 29.02 -82.62 -35.52361227462966 20.19416455602286
2011.1575 29.02 -82.62 -18.04735560733764 12.84576821185056
2011.1849 29.02 -82.62 14.83166023129544 9.72953546032109
2011.2123 29.02 -82.62 -66.87783691820233 17.14788287070465
2011.2397 29.02 -82.62 -30.51117064526479 18.08938588725680
2011.2671 29.02 -82.62 -47.13433404616217 14.18969615044765
2011.2945 29.02 -82.62 -51.97152124289796 16.97882136124158
2011.3219 29.02 -82.62 -35.58819506947477 15.83212300883834
2011.3493 29.02 -82.62 -38.09572730568464 13.90414030930446
2011.3767 29.02 -82.62 -52.11312142318819 16.68219414495939
2011.4041 29.02 -82.62 -39.32717461230993 14.28300606515170
2011.4315 29.02 -82.62 -35.39308891975590 13.98155066977805
2011.5137 29.02 -82.62 15.74782131259585 12.68234703697460
2011.5411 29.02 -82.62 19.40867644615821 13.86486818997863
2011.5685 29.02 -82.62 8.54811490278163 13.33796107117117
2011.5959 29.02 -82.62 14.61792667914003 14.51531482223241
2011.6233 29.02 -82.62 18.90916314390857 14.34043226954798
2011.6507 29.02 -82.62 19.67764460022719 17.67712333811819
2011.6781 29.02 -82.62 5.96699478396948 16.39725613882180
2011.7055 29.02 -82.62 18.26668092121375 16.51366267688980
2011.7329 29.02 -82.62 -9.83771389637364 19.47757935815561
2011.7603 29.02 -82.62 -41.72363917722409 16.47142506458493
2011.7877 29.02 -82.62 11.43948455682439 17.70592519869922
2011.8151 29.02 -82.62 -15.09993911662313 17.26079509685699
2011.8425 29.02 -82.62 -5.57545589190876 19.05316340114381
2011.8699 29.02 -82.62 -5.52992078478479 17.57274922814835
2011.9521 29.02 -82.62 -1.01322160351215 10.63471929017312
2011.9795 29.02 -82.62 -7.14351709326817 14.93838163318700
2012.0068 29.02 -82.62 -11.52231943982884 13.69583884143010
2012.0342 29.02 -82.62 -17.55617596626484 16.56430449860455
2012.0616 29.02 -82.62 -24.28159901082093 14.33710492872946
2012.0890 29.02 -82.62 -20.39540073011867 14.05774754550522
2012.1164 29.02 -82.62 18.08284487099801 13.59093723315643
2012.1438 29.02 -82.62 -49.00142425566948 14.16263909930111
2012.1712 29.02 -82.62 -48.45799154673630 13.19837793324196
2012.1986 29.02 -82.62 -39.10544571189309 11.96691349982442
2012.2260 29.02 -82.62 -27.13547549743422 12.34336849070641
2012.2534 29.02 -82.62 -37.41529877609729 12.03492488330679
2012.2808 29.02 -82.62 -49.90704675132432 11.21673150843682
2012.3082 29.02 -82.62 -43.10061448836673 12.26132163926422
2012.3904 29.02 -82.62 -41.32067267696653 12.99504147265149
2012.4178 29.02 -82.62 -18.10734304368069 10.14410080978912
2012.4452 29.02 -82.62 8.92755023102923 9.97105291840628
2012.4726 29.02 -82.62 28.49188615983293 10.89989951116626
2012.5000 29.02 -82.62 65.17574248004436 10.25515175950853
2012.5274 29.02 -82.62 28.31303885681970 10.96465039290953
2012.5548 29.02 -82.62 34.85337940893012 10.94368908447796
2012.5822 29.02 -82.62 26.49964416103483 11.76217229263135
2012.6096 29.02 -82.62 23.03524326195175 11.65957858399635
2012.6370 29.02 -82.62 26.77435503903640 10.66627402178617
2012.6644 29.02 -82.62 14.32924235140102 11.83543302667437
2012.6918 29.02 -82.62 36.76444513698448 12.25074170831911
2012.7192 29.02 -82.62 22.02244619600898 15.14465577009240
2012.7466 29.02 -82.62 4.63871391618466 9.77999195364916
2012.8562 29.02 -82.62 22.76132848693375 15.54305552384982
2012.8836 29.02 -82.62 2.54361730221889 14.75032539222750
2012.9110 29.02 -82.62 12.67832183028356 13.89782968370363
2012.9384 29.02 -82.62 0.56353898504174 12.93713683235694
2012.9658 29.02 -82.62 5.39847068064043 15.18315802319341
2012.9918 29.02 -82.62 -1.76782479481473 6.98270059827644
2013.0178 29.02 -82.62 -7.23927383608830 8.48751829055690
2013.0452 29.02 -82.62 -7.82460828125993 8.38830892483684
2013.0726 29.02 -82.62 -10.15777585660571 7.63502452896705
2013.1000 29.02 -82.62 -2.81484983754422 7.86182324447072
2013.1274 29.02 -82.62 -7.15045681461554 7.15060264706044
2013.1548 29.02 -82.62 -6.93640854957686 6.40691705366048
2013.2644 29.02 -82.62 -4.22120514285176 7.03704903278343
2013.2918 29.02 -82.62 -11.11998790219924 7.41898355385197
2013.3192 29.02 -82.62 1.63530719025265 8.37964273608053
2013.3466 29.02 -82.62 20.42359944781713 8.65092613844934
2013.3740 29.02 -82.62 19.44648050179345 7.24362954835309
2013.4014 29.02 -82.62 -2.00209987170393 7.51903579296134
2013.4288 29.02 -82.62 -12.94442824156238 6.41926628399550
2013.4562 29.02 -82.62 17.80971225902172 6.51778589709370
2013.4836 29.02 -82.62 22.99032494841710 6.76170387849058
2013.5110 29.02 -82.62 40.55691683878987 7.82329348085351
2013.5384 29.02 -82.62 7.72604539624174 7.38847886668658
2013.5658 29.02 -82.62 2.38708457018036 7.95045682091685
2013.7575 29.02 -82.62 28.67696571151803 7.27661835041932
2013.7849 29.02 -82.62 8.20656279144653 7.70229142200453
2013.8123 29.02 -82.62 24.66142158512270 6.97651193204185
2013.8397 29.02 -82.62 11.72792779727386 7.09526751581897
2013.8671 29.02 -82.62 6.76023560712204 7.53676376703299
2013.8945 29.02 -82.62 9.91387397146947 7.03812949127657
2013.9219 29.02 -82.62 12.71751787367031 6.07733001487673
2013.9493 29.02 -82.62 -4.24394204132101 6.60524051198729
2013.9767 29.02 -82.62 -3.32669655035298 6.55672167235389
2014.0041 29.02 -82.62 -12.24881878111771 6.36358887399015
2014.0315 29.02 -82.62 6.59311792345819 6.73129174581330
2014.1685 29.02 -82.62 11.31366592625431 7.05418730422856
2014.1959 29.02 -82.62 -4.17853490335625 7.55741492372287
2014.2233 29.02 -82.62 4.96819407371579 7.06279856096317
2014.2507 29.02 -82.62 -3.66253156347251 6.39130365012504
2014.2781 29.02 -82.62 -14.70508377492959 6.85486137060203
2014.3055 29.02 -82.62 12.45944614695999 6.52266727208860
2014.3329 29.02 -82.62 20.24133832206883 5.11633978422061
2014.3603 29.02 -82.62 -3.63675104875420 6.02109774067578
2014.3877 29.02 -82.62 30.37866912553491 6.03652214144932
2014.4151 29.02 -82.62 26.74590109828342 5.94027180106499
2014.4425 29.02 -82.62 13.47262401263955 6.36941061550027
2014.4699 29.02 -82.62 23.35973656773411 6.22985089996586
2014.5795 29.02 -82.62 27.27605186678688 4.89559567440649
2014.6068 29.02 -82.62 46.92848188235401 5.40400504585958
2014.6342 29.02 -82.62 31.13710891821076 4.74474803919833
2014.6616 29.02 -82.62 22.30028717140166 5.52218094979388
2014.6890 29.02 -82.62 38.94606190785924 5.37866677983646
2014.7164 29.02 -82.62 23.19929545503635 5.24456816721677
2014.7438 29.02 -82.62 27.08910825032143 5.83965347852497
2014.7712 29.02 -82.62 37.34857074136604 5.76283564432355
2014.7986 29.02 -82.62 23.28049992474034 4.92965299399935
2014.8260 29.02 -82.62 13.21021829436544 4.87661438902431
2014.8534 29.02 -82.62 12.14848173190958 5.21796835348243
2014.8808 29.02 -82.62 52.28039955574434 5.23554694723091
2014.9082 29.02 -82.62 13.55500664821632 5.36747555179907
2015.0452 29.02 -82.62 22.01284213852921 3.68853223084506
2015.0726 29.02 -82.62 27.10695223194696 4.18314348333693
2015.1000 29.02 -82.62 19.75465097216919 3.57498223512376
2015.1274 29.02 -82.62 25.72551909233226 3.29053192637470
2015.1548 29.02 -82.62 10.95837008963994 4.01782204233585
2015.1822 29.02 -82.62 14.07334511011085 3.68571295198965
2015.2096 29.02 -82.62 23.07880053714391 5.43280094082877
2015.2370 29.02 -82.62 -16.30384695979544 6.03296797608172
2015.2644 29.02 -82.62 9.36013035114620 5.18073736260569
2015.2918 29.02 -82.62 3.15146006789174 5.07420497003238
2015.3192 29.02 -82.62 4.93025947719830 4.87188713133054
2015.3466 29.02 -82.62 9.61218244936264 5.36217438606609
2015.4836 29.02 -82.62 9.30050042271960 4.30786496968101
2015.5110 29.02 -82.62 30.87671935112197 4.29307947117403
2015.5384 29.02 -82.62 20.30672529596965 4.88310906165346
2015.5658 29.02 -82.62 14.87585093552020 5.25157744586120
2015.5932 29.02 -82.62 36.79614492504062 5.58076159062840
2015.6205 29.02 -82.62 20.31700475258965 5.24536852738264
2015.6479 29.02 -82.62 38.85741538527778 5.13067660762098
2015.6753 29.02 -82.62 48.41551941704988 4.77639825179097
2015.7027 29.02 -82.62 31.36449359700215 5.46434526636024
2015.7301 29.02 -82.62 37.90853550151328 5.34784316482928
2015.9493 29.02 -82.62 26.57147317516921 5.11428099501795
2015.9767 29.02 -82.62 -0.58094456592951 5.68843157445309
2016.0041 29.02 -82.62 9.08482525333542 5.00364774667602
2016.0315 29.02 -82.62 6.53967293807981 4.74555336181232
2016.0589 29.02 -82.62 20.04909470794785 4.84045004522081
2016.0863 29.02 -82.62 14.45709411642164 4.20260401116417
2016.1137 29.02 -82.62 -0.55277918099412 4.95635067881583
2016.1411 29.02 -82.62 -22.69749937402499 6.18064114890715
2016.1685 29.02 -82.62 48.04056346963622 6.87120476515754
2016.1959 29.02 -82.62 -57.31618440123265 6.78369846998567
2016.2233 29.02 -82.62 -24.10000900488269 6.95467164291551
2016.2507 29.02 -82.62 -6.33305904443487 5.09342767053027
2016.3603 29.02 -82.62 5.46956964249708 4.77925607561056
2016.3877 29.02 -82.62 10.66095805331335 5.91477748299854
2016.4151 29.02 -82.62 20.52692050147673 5.70357432037547
2016.4425 29.02 -82.62 31.81111557920099 6.29756565712118
2016.4699 29.02 -82.62 14.41854567534771 6.14960546011412
