2002.5877 51.53 -3.11 0.671 -1.037 -1.348 0.116 0.105 0.543
2002.6151 51.53 -3.11 0.677 -0.914 -0.561 0.111 0.101 0.519
2002.6425 51.53 -3.11 0.550 -0.743 -1.864 0.113 0.103 0.529
2002.6699 51.53 -3.11 0.367 -0.278 2.454 0.098 0.089 0.463
2002.6973 51.53 -3.11 0.254 -1.175 1.007 0.179 0.100 0.699
2002.7247 51.53 -3.11 0.198 -1.053 -2.514 0.105 0.097 0.492
2002.7521 51.53 -3.11 0.055 -0.869 -2.747 0.097 0.090 0.459
2002.7795 51.53 -3.11 0.172 -0.777 -2.919 0.113 0.104 0.530
2002.8068 51.53 -3.11 -0.096 -1.048 -5.282 0.101 0.093 0.474
2002.8342 51.53 -3.11 0.208 -0.993 -6.706 0.100 0.091 0.467
2002.8616 51.53 -3.11 0.065 -0.567 -4.721 0.105 0.087 0.479
2002.8890 51.53 -3.11 -0.071 -0.536 -6.831 0.101 0.092 0.473
2002.9164 51.53 -3.11 -0.143 -0.225 -6.341 0.109 0.098 0.508
2003.0260 51.53 -3.11 0.251 -0.096 -6.213 0.123 0.111 0.575
2003.0534 51.53 -3.11 0.630 -0.455 -5.162 0.198 0.182 0.909
2003.0808 51.53 -3.11 -0.114 0.160 -5.525 0.179 0.158 0.820
2003.1082 51.53 -3.11 0.169 0.221 -4.573 0.104 0.093 0.491
2003.1356 51.53 -3.11 0.270 -0.212 -3.977 0.097 0.086 0.459
2003.1630 51.53 -3.11 0.408 0.125 -3.756 0.103 0.092 0.483
2003.1904 51.53 -3.11 0.141 0.197 -3.897 0.121 0.106 0.562
2003.2178 51.53 -3.11 0.314 -0.494 -4.155 0.101 0.090 0.476
2003.2452 51.53 -3.11 0.314 -0.306 -4.051 0.099 0.089 0.464
2003.2726 51.53 -3.11 0.081 -0.400 -1.905 0.096 0.087 0.453
2003.3000 51.53 -3.11 -0.000 -0.197 -1.835 0.094 0.085 0.443
2003.3274 51.53 -3.11 -0.029 -0.231 -1.254 0.122 0.110 0.568
2003.3548 51.53 -3.11 0.365 -0.275 -1.033 0.132 0.121 0.613
2003.3822 51.53 -3.11 0.666 -0.720 0.271 0.123 0.110 0.574
2003.5192 51.53 -3.11 0.292 -0.629 -1.546 0.126 0.117 0.584
2003.5466 51.53 -3.11 0.170 -1.045 -0.033 0.138 0.129 0.640
2003.5740 51.53 -3.11 0.240 -0.926 -2.977 0.160 0.151 0.738
2003.6014 51.53 -3.11 0.316 -0.881 0.289 0.139 0.129 0.640
2003.6288 51.53 -3.11 0.131 -1.139 2.195 0.132 0.122 0.612
2003.6562 51.53 -3.11 0.123 -1.466 -0.242 0.141 0.131 0.653
2003.6836 51.53 -3.11 0.066 -1.031 -0.144 0.139 0.129 0.641
2003.7110 51.53 -3.11 0.132 -1.290 0.794 0.111 0.101 0.514
2003.7384 51.53 -3.11 0.234 -1.079 0.994 0.133 0.122 0.611
2003.7658 51.53 -3.11 -0.020 -1.256 0.878 0.122 0.113 0.564
2003.7932 51.53 -3.11 0.337 -1.170 1.326 0.136 0.125 0.624
2003.8205 51.53 -3.11 0.217 -1.156 0.610 0.148 0.133 0.673
2003.8479 51.53 -3.11 0.065 -1.073 -0.273 0.132 0.117 0.600
2003.8753 51.53 -3.11 0.071 -0.952 -1.846 0.136 0.124 0.623
2003.9027 51.53 -3.11 -0.225 -1.314 -1.052 0.126 0.113 0.578
2003.9301 51.53 -3.11 0.018 -0.693 -0.822 0.131 0.117 0.597
2003.9575 51.53 -3.11 -0.172 -0.607 -1.600 0.146 0.131 0.660
2003.9849 51.53 -3.11 -0.136 -0.584 -2.632 0.139 0.124 0.629
2004.0123 51.53 -3.11 0.039 -0.498 -4.874 0.149 0.133 0.674
2004.0397 51.53 -3.11 -0.384 -0.323 -4.485 0.128 0.115 0.593
2004.0945 51.53 -3.11 -0.065 0.115 -5.633 0.119 0.107 0.553
2004.1219 51.53 -3.11 0.338 0.172 -1.970 0.127 0.111 0.572
2004.1493 51.53 -3.11 -0.033 -0.094 -0.313 0.149 0.130 0.667
2004.1767 51.53 -3.11 -0.353 -0.177 -2.102 0.158 0.137 0.702
2004.2041 51.53 -3.11 0.354 0.156 -1.644 0.130 0.113 0.584
2004.2315 51.53 -3.11 0.127 -0.154 -0.797 0.132 0.115 0.593
2004.2589 51.53 -3.11 -0.229 -0.318 -2.776 0.137 0.118 0.613
2004.2863 51.53 -3.11 0.136 0.341 -0.985 0.138 0.118 0.615
2004.3137 51.53 -3.11 0.214 -0.259 -0.631 0.131 0.113 0.587
2004.3411 51.53 -3.11 -0.016 -0.286 -0.760 0.144 0.123 0.638
2004.3685 51.53 -3.11 0.136 0.252 -2.069 0.139 0.120 0.624
2004.3959 51.53 -3.11 0.031 -0.204 -2.913 0.122 0.107 0.555
2004.4233 51.53 -3.11 0.280 -0.142 -1.914 0.117 0.103 0.535
2004.4507 51.53 -3.11 0.484 0.095 0.120 0.105 0.091 0.476
2004.4781 51.53 -3.11 0.244 -0.368 -1.352 0.115 0.099 0.519
2004.5055 51.53 -3.11 0.342 -0.174 -1.054 0.112 0.097 0.508
2004.5329 51.53 -3.11 0.107 -0.266 -0.147 0.106 0.092 0.484
2004.5603 51.53 -3.11 0.159 -0.650 1.433 0.109 0.094 0.495
2004.5877 51.53 -3.11 0.234 -0.692 0.644 0.110 0.096 0.502
2004.6151 51.53 -3.11 0.456 -0.452 0.389 0.122 0.105 0.550
2004.6425 51.53 -3.11 0.203 -0.726 0.353 0.103 0.091 0.476
2004.6699 51.53 -3.11 0.028 -0.787 1.011 0.104 0.091 0.478
2004.6973 51.53 -3.11 0.149 -0.976 -1.225 0.097 0.086 0.451
2004.7247 51.53 -3.11 0.432 -0.985 -1.205 0.112 0.098 0.510
2004.7521 51.53 -3.11 0.309 -0.678 -1.063 0.107 0.095 0.493
2004.7795 51.53 -3.11 0.264 -0.909 -1.567 0.104 0.091 0.478
2004.8068 51.53 -3.11 0.295 -0.918 -2.275 0.116 0.100 0.523
2004.8342 51.53 -3.11 0.092 -0.761 -2.149 0.114 0.098 0.516
2004.8616 51.53 -3.11 0.359 -0.572 -4.497 0.101 0.089 0.465
2004.8890 51.53 -3.11 0.308 -0.334 -2.619 0.101 0.088 0.463
2004.9164 51.53 -3.11 0.288 -0.656 -3.559 0.110 0.095 0.498
2004.9438 51.53 -3.11 0.178 -0.450 -1.382 0.121 0.107 0.555
2004.9712 51.53 -3.11 0.267 0.040 -2.673 0.110 0.094 0.496
2004.9973 51.53 -3.11 -0.040 -0.254 -2.817 0.106 0.093 0.486
2005.0233 51.53 -3.11 0.095 -0.250 -3.053 0.122 0.105 0.547
2005.0507 51.53 -3.11 0.242 -0.122 -5.170 0.177 0.150 0.772
2005.0781 51.53 -3.11 -0.028 0.210 -1.944 0.135 0.116 0.602
2005.1055 51.53 -3.11 -0.124 -0.411 -1.206 0.134 0.116 0.599
2005.1329 51.53 -3.11 0.060 -0.260 -2.920 0.137 0.119 0.613
2005.1603 51.53 -3.11 0.242 0.625 0.501 0.124 0.108 0.557
2005.1877 51.53 -3.11 -0.037 0.143 -1.047 0.125 0.109 0.565
2005.2151 51.53 -3.11 0.178 -0.052 -2.254 0.118 0.104 0.539
2005.2425 51.53 -3.11 0.285 0.251 -1.495 0.113 0.100 0.517
2005.2699 51.53 -3.11 0.586 0.191 -0.141 0.121 0.106 0.548
2005.2973 51.53 -3.11 0.424 0.569 -1.890 0.127 0.112 0.576
2005.3247 51.53 -3.11 0.285 -0.507 -0.482 0.134 0.118 0.606
2005.3521 51.53 -3.11 0.219 -0.611 -2.115 0.059 0.052 0.295
2005.3795 51.53 -3.11 0.241 0.236 -0.626 0.126 0.111 0.571
2005.4068 51.53 -3.11 0.282 -0.122 -0.512 0.116 0.102 0.529
2005.4342 51.53 -3.11 0.315 -0.166 0.141 0.132 0.118 0.605
2005.4616 51.53 -3.11 0.488 -0.352 -0.078 0.120 0.106 0.549
2005.4890 51.53 -3.11 0.706 -0.386 1.790 0.114 0.101 0.522
2005.5164 51.53 -3.11 0.527 -0.254 2.141 0.114 0.101 0.521
2005.5438 51.53 -3.11 0.491 -0.220 2.298 0.123 0.109 0.560
2005.5712 51.53 -3.11 0.296 -0.238 2.071 0.133 0.119 0.605
2005.5986 51.53 -3.11 0.147 -0.102 1.483 0.136 0.121 0.618
2005.6260 51.53 -3.11 0.447 -0.393 0.951 0.121 0.108 0.552
2005.6534 51.53 -3.11 0.201 -0.915 -0.148 0.127 0.113 0.578
2005.6808 51.53 -3.11 0.283 -0.588 -0.315 0.124 0.112 0.569
2005.7082 51.53 -3.11 0.306 -0.866 0.203 0.149 0.135 0.677
2005.7356 51.53 -3.11 0.202 -1.027 0.262 0.131 0.119 0.600
2005.7630 51.53 -3.11 -0.006 -0.680 -1.066 0.132 0.119 0.602
2005.7904 51.53 -3.11 0.107 -0.866 -1.397 0.124 0.112 0.569
2005.8178 51.53 -3.11 0.021 -0.514 -3.701 0.127 0.115 0.582
2005.8452 51.53 -3.11 0.188 -0.660 -3.932 0.136 0.124 0.624
2005.8726 51.53 -3.11 -0.005 -0.770 -4.602 0.118 0.107 0.544
2005.9000 51.53 -3.11 0.109 -0.382 -1.554 0.115 0.105 0.533
2005.9274 51.53 -3.11 0.046 -0.602 -2.722 0.123 0.109 0.568
2005.9548 51.53 -3.11 -0.055 -0.277 -1.574 0.120 0.105 0.572
2005.9822 51.53 -3.11 0.122 -0.424 -0.424 0.115 0.103 0.537
2006.0096 51.53 -3.11 0.143 -0.314 -0.972 0.124 0.112 0.573
2006.0370 51.53 -3.11 -0.073 -0.079 -1.654 0.155 0.141 0.710
2006.0644 51.53 -3.11 0.008 -0.123 -2.384 0.158 0.143 0.722
2006.0918 51.53 -3.11 0.017 0.046 -2.541 0.156 0.143 0.714
2006.1192 51.53 -3.11 0.183 0.250 0.357 0.175 0.161 0.799
2006.1466 51.53 -3.11 0.045 0.509 -3.530 0.139 0.127 0.638
2006.1740 51.53 -3.11 -0.048 0.627 -1.413 0.154 0.143 0.707
2006.2014 51.53 -3.11 0.069 0.437 -2.688 0.121 0.111 0.560
2006.2288 51.53 -3.11 0.032 0.641 -2.106 0.155 0.144 0.711
2006.2562 51.53 -3.11 -0.111 -0.012 -3.301 0.145 0.135 0.666
2006.2836 51.53 -3.11 -0.090 0.335 -0.618 0.142 0.133 0.655
2006.3110 51.53 -3.11 0.037 -0.004 1.586 0.152 0.141 0.696
2006.3384 51.53 -3.11 0.009 0.050 1.541 0.137 0.128 0.634
2006.3658 51.53 -3.11 0.321 0.194 1.016 0.152 0.143 0.699
2006.3932 51.53 -3.11 0.325 -0.130 0.446 0.150 0.140 0.690
2006.4205 51.53 -3.11 0.563 0.194 3.075 0.150 0.141 0.694
2006.4479 51.53 -3.11 0.322 0.075 2.563 0.167 0.153 0.764
2006.4753 51.53 -3.11 0.255 -0.007 2.854 0.167 0.157 0.771
2006.5027 51.53 -3.11 0.229 -0.412 1.937 0.173 0.163 0.797
2006.5301 51.53 -3.11 0.331 -0.230 2.427 0.205 0.194 0.938
2006.5575 51.53 -3.11 0.356 -0.837 4.408 0.164 0.154 0.754
2006.5849 51.53 -3.11 0.238 -0.883 2.591 0.168 0.158 0.775
2006.6123 51.53 -3.11 -0.094 -0.321 1.712 0.205 0.195 0.941
2006.6397 51.53 -3.11 0.244 -0.633 -0.772 0.175 0.166 0.804
2006.6671 51.53 -3.11 0.129 -0.502 0.262 0.160 0.150 0.736
2006.6945 51.53 -3.11 -0.078 -1.071 -0.782 0.203 0.192 0.929
2006.7219 51.53 -3.11 -0.046 -0.588 -0.912 0.192 0.179 0.879
2006.7493 51.53 -3.11 0.425 -1.096 -0.809 0.228 0.214 1.041
2006.7767 51.53 -3.11 0.036 -0.902 -0.123 0.197 0.186 0.903
2006.8041 51.53 -3.11 0.197 -1.229 -1.395 0.160 0.150 0.735
2006.8315 51.53 -3.11 0.263 -1.352 -3.980 0.185 0.174 0.848
2006.8589 51.53 -3.11 0.125 -0.584 -0.294 0.180 0.169 0.827
2006.8863 51.53 -3.11 0.237 -0.145 -1.514 0.173 0.162 0.795
2006.9137 51.53 -3.11 0.096 -0.574 -2.747 0.169 0.157 0.776
2006.9411 51.53 -3.11 0.138 -0.050 -2.303 0.166 0.154 0.764
2006.9685 51.53 -3.11 0.390 -0.018 -0.505 0.167 0.153 0.763
2006.9959 51.53 -3.11 0.137 0.075 -1.022 0.167 0.151 0.762
2007.0233 51.53 -3.11 0.074 0.140 -4.734 0.155 0.140 0.713
2007.0507 51.53 -3.11 0.318 0.323 -2.961 0.162 0.146 0.740
2007.0781 51.53 -3.11 0.264 0.644 -0.947 0.164 0.152 0.753
2007.1055 51.53 -3.11 -0.050 0.066 -3.606 0.147 0.136 0.677
2007.1329 51.53 -3.11 0.200 0.251 -3.013 0.160 0.148 0.735
2007.1603 51.53 -3.11 0.189 0.273 -2.368 0.152 0.141 0.700
2007.1877 51.53 -3.11 0.184 0.442 -3.535 0.195 0.183 0.891
2007.2151 51.53 -3.11 0.252 0.194 -1.429 0.174 0.163 0.797
2007.2425 51.53 -3.11 0.082 0.821 0.708 0.167 0.157 0.767
2007.2699 51.53 -3.11 0.070 0.251 1.706 0.134 0.124 0.622
2007.2973 51.53 -3.11 0.122 0.219 1.112 0.127 0.117 0.588
2007.3247 51.53 -3.11 0.000 0.097 -0.104 0.154 0.144 0.709
2007.3521 51.53 -3.11 0.159 0.046 0.585 0.168 0.158 0.772
2007.3795 51.53 -3.11 0.187 0.007 1.666 0.176 0.166 0.808
2007.4068 51.53 -3.11 0.134 -0.045 0.368 0.147 0.138 0.680
2007.4342 51.53 -3.11 0.375 0.071 2.338 0.141 0.132 0.653
2007.4616 51.53 -3.11 0.243 0.248 2.013 0.184 0.173 0.843
2007.4890 51.53 -3.11 0.427 0.021 -0.784 0.143 0.132 0.658
2007.5164 51.53 -3.11 0.354 0.216 -0.440 0.150 0.140 0.691
2007.5438 51.53 -3.11 0.101 -0.313 -2.415 0.145 0.135 0.671
2007.5712 51.53 -3.11 0.324 -0.102 -2.871 0.150 0.139 0.689
2007.5986 51.53 -3.11 0.232 -0.220 -2.300 0.182 0.171 0.836
2007.6260 51.53 -3.11 0.009 -0.754 -0.931 0.150 0.139 0.690
2007.6534 51.53 -3.11 0.010 -0.747 -1.603 0.152 0.141 0.701
2007.6808 51.53 -3.11 0.118 -1.039 -0.318 0.160 0.148 0.737
2007.7082 51.53 -3.11 0.130 -1.137 -0.264 0.120 0.109 0.560
2007.7356 51.53 -3.11 0.347 -0.746 -0.062 0.165 0.152 0.756
2007.7630 51.53 -3.11 0.091 -0.574 -0.396 0.129 0.116 0.596
2007.7904 51.53 -3.11 0.267 -0.668 -0.243 0.162 0.150 0.742
2007.8178 51.53 -3.11 0.133 -0.314 0.148 0.185 0.173 0.848
2007.8452 51.53 -3.11 0.187 -0.269 0.584 0.152 0.141 0.700
2007.8726 51.53 -3.11 0.162 -0.494 -2.416 0.176 0.164 0.810
2007.9000 51.53 -3.11 -0.108 -0.267 -4.144 0.190 0.171 0.860
2007.9274 51.53 -3.11 0.371 -0.158 -4.773 0.182 0.170 0.838
2007.9548 51.53 -3.11 0.189 -0.172 -3.829 0.138 0.128 0.637
2007.9822 51.53 -3.11 0.324 0.115 -3.469 0.168 0.157 0.774
2008.0096 51.53 -3.11 0.310 -0.025 -2.021 0.148 0.138 0.683
2008.0370 51.53 -3.11 0.259 0.268 -3.228 0.152 0.142 0.700
2008.0644 51.53 -3.11 0.038 -0.351 -3.480 0.174 0.164 0.800
2008.0918 51.53 -3.11 0.190 0.181 -2.536 0.141 0.131 0.653
2008.1192 51.53 -3.11 0.657 -0.224 -1.934 0.164 0.154 0.756
2008.1466 51.53 -3.11 0.272 -0.283 -2.149 0.190 0.180 0.873
2008.1740 51.53 -3.11 0.366 0.265 -1.385 0.167 0.157 0.768
2008.2014 51.53 -3.11 0.578 0.237 1.158 0.178 0.168 0.817
2008.2288 51.53 -3.11 0.332 0.369 1.599 0.209 0.196 0.962
2008.2562 51.53 -3.11 0.175 0.595 -1.877 0.194 0.183 0.894
2008.2836 51.53 -3.11 0.151 0.245 0.312 0.234 0.219 1.071
2008.3110 51.53 -3.11 0.665 0.132 -0.689 0.241 0.227 1.102
2008.3384 51.53 -3.11 0.822 0.139 -1.663 0.178 0.168 0.820
2008.3658 51.53 -3.11 0.410 -0.005 1.055 0.183 0.171 0.839
2008.3932 51.53 -3.11 0.137 0.268 -0.525 0.167 0.155 0.769
2008.4205 51.53 -3.11 0.211 0.268 -0.634 0.146 0.136 0.675
2008.4479 51.53 -3.11 0.084 0.006 -0.820 0.148 0.138 0.681
2008.4753 51.53 -3.11 0.042 -0.453 -0.451 0.144 0.133 0.664
2008.5027 51.53 -3.11 0.042 -0.523 -0.786 0.177 0.163 0.807
2008.5301 51.53 -3.11 0.159 0.055 -1.800 0.219 0.202 0.999
2008.5575 51.53 -3.11 0.177 -0.146 2.719 0.144 0.131 0.663
2008.5849 51.53 -3.11 -0.085 -0.562 0.985 0.161 0.149 0.737
2008.6123 51.53 -3.11 -0.045 -0.621 0.928 0.136 0.124 0.626
2008.6397 51.53 -3.11 0.118 -0.368 1.537 0.148 0.136 0.681
2008.6671 51.53 -3.11 0.106 -0.389 1.647 0.143 0.131 0.656
2008.6945 51.53 -3.11 0.216 -0.616 -0.685 0.138 0.126 0.636
2008.7219 51.53 -3.11 0.229 -0.502 0.658 0.158 0.146 0.723
2008.7493 51.53 -3.11 0.192 -0.285 0.128 0.143 0.132 0.658
2008.7767 51.53 -3.11 0.223 -0.598 -1.728 0.165 0.154 0.758
2008.8041 51.53 -3.11 -0.003 -0.355 -0.720 0.166 0.156 0.763
2008.8315 51.53 -3.11 0.172 -0.469 -1.853 0.188 0.176 0.862
2008.8589 51.53 -3.11 0.068 -0.402 -1.403 0.219 0.206 1.003
2008.8863 51.53 -3.11 0.251 -0.432 -2.243 0.210 0.197 0.963
2008.9137 51.53 -3.11 -0.169 0.077 0.021 0.200 0.188 0.916
2008.9411 51.53 -3.11 -0.151 -0.201 -2.259 0.210 0.197 0.963
2008.9685 51.53 -3.11 -0.031 0.031 -1.559 0.196 0.184 0.902
2008.9945 51.53 -3.11 -0.099 -0.430 -0.280 0.166 0.156 0.763
2009.0205 51.53 -3.11 -0.103 -0.211 -1.636 0.162 0.153 0.749
2009.0479 51.53 -3.11 -0.324 0.325 -2.481 0.163 0.153 0.751
2009.0753 51.53 -3.11 -0.266 0.184 1.587 0.157 0.147 0.724
2009.1027 51.53 -3.11 0.129 -0.071 -0.505 0.194 0.183 0.892
2009.1301 51.53 -3.11 0.291 0.273 2.945 0.155 0.146 0.717
2009.1575 51.53 -3.11 0.187 0.496 0.965 0.158 0.149 0.733
2009.1849 51.53 -3.11 0.108 0.734 0.795 0.180 0.170 0.829
2009.2123 51.53 -3.11 0.154 0.308 1.306 0.158 0.145 0.724
2009.2397 51.53 -3.11 0.213 0.066 0.882 0.176 0.166 0.811
2009.2671 51.53 -3.11 0.243 0.151 0.534 0.148 0.138 0.683
2009.2945 51.53 -3.11 0.207 0.409 -0.225 0.151 0.142 0.698
2009.3219 51.53 -3.11 -0.050 0.300 -0.433 0.158 0.148 0.729
2009.3493 51.53 -3.11 0.223 0.515 2.658 0.146 0.136 0.673
2009.3767 51.53 -3.11 0.327 -0.235 2.417 0.153 0.143 0.706
2009.4041 51.53 -3.11 0.162 0.223 4.367 0.136 0.126 0.628
2009.4315 51.53 -3.11 -0.048 0.042 1.812 0.155 0.144 0.713
2009.4589 51.53 -3.11 0.339 -0.058 -0.002 0.133 0.122 0.613
2009.4863 51.53 -3.11 0.383 -0.231 1.138 0.146 0.134 0.673
2009.5137 51.53 -3.11 0.591 -0.054 1.078 0.142 0.128 0.651
2009.5411 51.53 -3.11 0.198 -0.218 1.896 0.173 0.158 0.790
2009.5685 51.53 -3.11 0.182 -0.287 3.734 0.186 0.170 0.851
2009.5959 51.53 -3.11 0.193 -0.161 2.356 0.163 0.149 0.750
2009.6233 51.53 -3.11 -0.114 -0.401 1.898 0.168 0.155 0.769
2009.6507 51.53 -3.11 0.075 -0.362 1.129 0.162 0.149 0.741
2009.6781 51.53 -3.11 0.235 -0.622 0.611 0.172 0.159 0.788
2009.7055 51.53 -3.11 0.210 -0.683 1.131 0.178 0.165 0.813
2009.7329 51.53 -3.11 0.230 -0.522 1.063 0.172 0.159 0.787
2009.7603 51.53 -3.11 0.042 -0.644 0.026 0.195 0.182 0.895
2009.7877 51.53 -3.11 0.331 -0.558 -0.056 0.180 0.168 0.826
2009.8151 51.53 -3.11 0.269 -0.377 -0.665 0.193 0.180 0.882
2009.8425 51.53 -3.11 0.016 -0.486 -0.129 0.176 0.164 0.806
2009.8699 51.53 -3.11 -0.173 -0.386 -0.079 0.168 0.157 0.772
2009.8973 51.53 -3.11 0.103 -0.226 -2.543 0.157 0.146 0.724
2009.9247 51.53 -3.11 0.083 -0.126 -1.576 0.159 0.146 0.730
2009.9521 51.53 -3.11 -0.022 0.094 0.180 0.147 0.137 0.681
2009.9795 51.53 -3.11 0.074 0.033 -2.403 0.152 0.141 0.700
2010.0068 51.53 -3.11 0.011 0.386 -2.253 0.190 0.178 0.871
2010.0342 51.53 -3.11 -0.013 0.264 -0.181 0.150 0.139 0.690
2010.0616 51.53 -3.11 0.016 0.504 -2.064 0.153 0.143 0.706
2010.0890 51.53 -3.11 0.139 0.514 -0.041 0.182 0.170 0.832
2010.1164 51.53 -3.11 0.033 0.617 0.909 0.188 0.176 0.860
2010.1438 51.53 -3.11 -0.538 0.336 -1.071 0.182 0.169 0.834
2010.1712 51.53 -3.11 -0.432 0.800 -4.899 0.174 0.162 0.799
2010.1986 51.53 -3.11 0.016 0.439 -1.863 0.167 0.155 0.766
2010.2260 51.53 -3.11 0.187 0.364 -1.153 0.182 0.169 0.835
2010.2534 51.53 -3.11 -0.014 0.170 -0.603 0.189 0.175 0.864
2010.2808 51.53 -3.11 0.386 0.307 1.245 0.147 0.135 0.675
2010.3082 51.53 -3.11 -0.194 0.135 -1.429 0.153 0.141 0.703
2010.3356 51.53 -3.11 0.302 -0.247 -0.254 0.141 0.129 0.652
2010.3630 51.53 -3.11 0.239 0.073 2.054 0.150 0.137 0.691
2010.3904 51.53 -3.11 0.328 0.046 2.265 0.158 0.139 0.717
2010.4178 51.53 -3.11 0.271 -0.149 3.087 0.160 0.145 0.733
2010.4452 51.53 -3.11 0.041 0.189 2.273 0.142 0.129 0.656
2010.4726 51.53 -3.11 -0.039 0.005 2.756 0.129 0.116 0.597
2010.5000 51.53 -3.11 0.139 0.135 2.170 0.144 0.131 0.663
2010.5274 51.53 -3.11 -0.021 0.261 1.539 0.217 0.203 0.991
2010.5548 51.53 -3.11 0.074 -0.300 2.552 0.141 0.131 0.652
2010.5822 51.53 -3.11 -0.495 -0.002 4.625 0.128 0.119 0.593
2010.6096 51.53 -3.11 -0.350 -0.214 1.503 0.163 0.153 0.748
2010.6370 51.53 -3.11 -0.085 -0.149 0.877 0.146 0.137 0.674
2010.6644 51.53 -3.11 -0.309 -0.235 1.470 0.138 0.128 0.636
2010.6918 51.53 -3.11 -0.223 -0.529 -0.432 0.163 0.153 0.750
2010.7192 51.53 -3.11 -0.020 -0.621 0.211 0.152 0.143 0.702
2010.7466 51.53 -3.11 -0.320 -0.436 0.011 0.175 0.165 0.805
2010.7740 51.53 -3.11 -0.145 -0.033 0.914 0.146 0.136 0.673
2010.8014 51.53 -3.11 -0.291 -0.306 -0.415 0.138 0.129 0.639
2010.8288 51.53 -3.11 -0.014 0.075 1.315 0.156 0.147 0.720
2010.8562 51.53 -3.11 0.042 -0.189 1.430 0.154 0.144 0.708
2010.8836 51.53 -3.11 -0.239 0.244 -1.303 0.144 0.134 0.666
2010.9110 51.53 -3.11 -0.247 0.523 0.316 0.156 0.146 0.719
2010.9384 51.53 -3.11 -0.025 0.621 -2.813 0.162 0.152 0.744
2010.9658 51.53 -3.11 -0.291 0.587 -2.383 0.177 0.166 0.812
2010.9932 51.53 -3.11 -0.288 0.891 -0.831 0.166 0.119 0.705
2011.1027 51.53 -3.11 -0.064 0.762 -0.692 0.156 0.134 0.707
2011.1301 51.53 -3.11 -0.220 0.680 -0.957 0.213 0.198 0.970
2011.1575 51.53 -3.11 0.021 0.839 -0.584 0.146 0.134 0.673
2011.1849 51.53 -3.11 -0.345 0.414 1.394 0.120 0.108 0.555
2011.2123 51.53 -3.11 -0.092 0.503 2.439 0.181 0.169 0.828
2011.2397 51.53 -3.11 0.062 0.677 2.096 0.187 0.176 0.856
2011.2671 51.53 -3.11 0.277 1.043 3.381 0.153 0.143 0.706
2011.2945 51.53 -3.11 0.236 0.336 4.156 0.176 0.166 0.808
2011.3219 51.53 -3.11 0.333 0.799 4.222 0.165 0.156 0.760
2011.3493 51.53 -3.11 0.250 1.021 3.756 0.150 0.140 0.692
2011.3767 51.53 -3.11 0.057 0.738 5.131 0.173 0.163 0.795
2011.4041 51.53 -3.11 0.481 0.394 5.246 0.155 0.145 0.714
2011.4315 51.53 -3.11 0.442 0.617 3.013 0.168 0.144 0.754
2011.5137 51.53 -3.11 0.472 0.344 2.863 0.149 0.134 0.681
2011.5411 51.53 -3.11 -0.112 0.011 2.045 0.153 0.142 0.703
2011.5685 51.53 -3.11 -0.055 0.109 3.518 0.151 0.139 0.694
2011.5959 51.53 -3.11 -0.103 -0.031 4.567 0.160 0.148 0.735
2011.6233 51.53 -3.11 -0.280 -0.016 2.904 0.161 0.149 0.741
2011.6507 51.53 -3.11 -0.350 -0.083 3.301 0.186 0.174 0.851
2011.6781 51.53 -3.11 -0.171 -0.042 4.562 0.173 0.161 0.791
2011.7055 51.53 -3.11 -0.098 -0.249 3.316 0.172 0.161 0.790
2011.7329 51.53 -3.11 0.382 -0.300 3.625 0.197 0.186 0.902
2011.7603 51.53 -3.11 0.186 -0.164 4.084 0.171 0.160 0.782
2011.7877 51.53 -3.11 0.009 -0.170 5.291 0.181 0.170 0.827
2011.8151 51.53 -3.11 0.065 -0.029 2.189 0.178 0.167 0.814
2011.8425 51.53 -3.11 -0.232 -0.175 1.117 0.191 0.180 0.873
2011.8699 51.53 -3.11 -0.031 -0.304 0.251 0.191 0.169 0.855
2011.9521 51.53 -3.11 -0.404 0.509 -0.194 0.141 0.110 0.620
2011.9795 51.53 -3.11 -0.320 0.464 0.609 0.158 0.142 0.712
2012.0068 51.53 -3.11 -0.316 0.529 0.564 0.148 0.131 0.667
2012.0342 51.53 -3.11 -0.001 0.389 2.853 0.177 0.155 0.787
2012.0616 51.53 -3.11 -0.125 0.344 1.014 0.155 0.135 0.692
2012.0890 51.53 -3.11 0.005 0.416 2.975 0.154 0.132 0.684
2012.1164 51.53 -3.11 0.109 0.517 4.583 0.153 0.129 0.675
2012.1438 51.53 -3.11 -0.145 0.637 5.233 0.158 0.132 0.695
2012.1712 51.53 -3.11 0.042 0.580 2.707 0.154 0.127 0.674
2012.1986 51.53 -3.11 0.159 0.912 5.146 0.140 0.114 0.614
2012.2260 51.53 -3.11 -0.039 0.776 2.426 0.142 0.115 0.617
2012.2534 51.53 -3.11 0.047 0.633 2.783 0.138 0.111 0.599
2012.2808 51.53 -3.11 0.374 0.512 2.958 0.128 0.103 0.560
2012.3082 51.53 -3.11 0.447 0.712 4.722 0.168 0.120 0.714
2012.3904 51.53 -3.11 -0.302 0.434 0.702 0.164 0.133 0.723
2012.4178 51.53 -3.11 0.036 0.757 0.956 0.119 0.094 0.520
2012.4452 51.53 -3.11 -0.061 0.535 0.196 0.118 0.094 0.517
2012.4726 51.53 -3.11 -0.015 0.038 0.855 0.127 0.101 0.552
2012.5000 51.53 -3.11 0.060 0.013 0.299 0.121 0.097 0.531
2012.5274 51.53 -3.11 -0.041 -0.157 1.398 0.128 0.102 0.558
2012.5548 51.53 -3.11 -0.099 0.016 4.627 0.128 0.102 0.558
2012.5822 51.53 -3.11 -0.112 -0.035 3.764 0.134 0.108 0.585
2012.6096 51.53 -3.11 -0.074 0.059 3.724 0.131 0.108 0.576
2012.6370 51.53 -3.11 -0.031 -0.156 2.085 0.121 0.100 0.536
2012.6644 51.53 -3.11 -0.296 -0.054 1.005 0.131 0.110 0.581
2012.6918 51.53 -3.11 -0.168 -0.253 2.926 0.134 0.115 0.595
2012.7192 51.53 -3.11 -0.090 -0.280 1.682 0.158 0.139 0.705
2012.7466 51.53 -3.11 -0.231 0.181 1.097 0.130 0.098 0.566
2012.8562 51.53 -3.11 -0.633 -0.200 -4.203 0.166 0.146 0.740
2012.8836 51.53 -3.11 -0.471 0.209 -0.651 0.151 0.140 0.691
2012.9110 51.53 -3.11 -0.543 -0.211 -3.425 0.144 0.133 0.658
2012.9384 51.53 -3.11 -0.472 0.162 -1.719 0.142 0.131 0.652
2012.9658 51.53 -3.11 -0.513 0.913 -2.543 0.153 0.144 0.704
2012.9918 51.53 -3.11 -0.734 0.786 -2.899 0.079 0.072 0.372
2013.0178 51.53 -3.11 -0.350 0.777 -1.934 0.091 0.084 0.427
2013.0452 51.53 -3.11 -0.278 1.092 -1.886 0.091 0.084 0.426
2013.0726 51.53 -3.11 -0.644 0.762 -1.107 0.084 0.077 0.397
2013.1000 51.53 -3.11 -0.339 0.678 -1.113 0.086 0.079 0.406
2013.1274 51.53 -3.11 -0.252 0.730 0.300 0.081 0.074 0.382
2013.1548 51.53 -3.11 -0.277 0.819 0.912 0.080 0.068 0.371
2013.2644 51.53 -3.11 -0.265 0.869 0.017 0.105 0.060 0.425
2013.2918 51.53 -3.11 -0.373 0.558 -0.151 0.083 0.076 0.391
2013.3192 51.53 -3.11 -0.097 0.535 2.471 0.090 0.084 0.425
2013.3466 51.53 -3.11 -0.421 0.333 1.715 0.092 0.087 0.435
2013.3740 51.53 -3.11 -0.282 0.579 1.357 0.080 0.074 0.380
2013.4014 51.53 -3.11 -0.461 0.739 -0.039 0.082 0.077 0.391
2013.4288 51.53 -3.11 -0.640 0.564 0.875 0.074 0.068 0.353
2013.4562 51.53 -3.11 -0.566 -0.047 1.457 0.075 0.069 0.359
2013.4836 51.53 -3.11 -0.396 0.831 3.468 0.077 0.071 0.365
2013.5110 51.53 -3.11 -0.618 0.120 4.176 0.085 0.079 0.403
2013.5384 51.53 -3.11 -0.607 0.571 2.737 0.086 0.077 0.402
2013.5658 51.53 -3.11 -0.448 -0.035 3.873 0.088 0.081 0.414
2013.7575 51.53 -3.11 -0.576 -0.257 1.344 0.086 0.078 0.404
2013.7849 51.53 -3.11 -0.442 -0.070 1.078 0.088 0.080 0.412
2013.8123 51.53 -3.11 -0.333 -0.230 -0.540 0.081 0.073 0.381
2013.8397 51.53 -3.11 -0.380 -0.062 0.068 0.081 0.075 0.385
2013.8671 51.53 -3.11 -0.442 0.289 -0.837 0.088 0.080 0.411
2013.8945 51.53 -3.11 -0.506 0.043 1.762 0.081 0.074 0.383
2013.9219 51.53 -3.11 -0.394 0.355 -1.075 0.073 0.066 0.348
2013.9493 51.53 -3.11 -0.129 0.032 -1.513 0.077 0.071 0.367
2013.9767 51.53 -3.11 0.012 0.405 -1.572 0.078 0.071 0.372
2014.0041 51.53 -3.11 -0.180 0.509 -0.750 0.076 0.069 0.360
2014.0315 51.53 -3.11 -0.289 0.772 -1.287 0.078 0.072 0.372
2014.1685 51.53 -3.11 -0.670 0.899 -0.499 0.083 0.076 0.393
2014.1959 51.53 -3.11 -0.209 1.289 -0.897 0.083 0.076 0.390
2014.2233 51.53 -3.11 -0.314 0.557 -0.481 0.079 0.072 0.373
2014.2507 51.53 -3.11 -0.653 0.937 1.229 0.072 0.066 0.346
2014.2781 51.53 -3.11 -0.529 1.208 0.096 0.076 0.070 0.363
2014.3055 51.53 -3.11 -0.254 0.907 2.142 0.074 0.067 0.351
2014.3329 51.53 -3.11 -0.327 0.836 2.649 0.061 0.055 0.298
2014.3603 51.53 -3.11 -0.441 0.898 3.590 0.069 0.063 0.330
2014.3877 51.53 -3.11 -0.162 0.468 4.228 0.069 0.063 0.331
2014.4151 51.53 -3.11 -0.274 0.545 3.051 0.069 0.063 0.330
2014.4425 51.53 -3.11 -0.359 1.102 2.610 0.073 0.066 0.347
2014.4699 51.53 -3.11 -0.363 0.465 2.344 0.073 0.066 0.347
2014.5795 51.53 -3.11 -0.542 0.328 3.945 0.068 0.055 0.321
2014.6068 51.53 -3.11 -0.616 0.042 1.196 0.065 0.058 0.313
2014.6342 51.53 -3.11 -0.580 0.484 4.795 0.060 0.053 0.291
2014.6616 51.53 -3.11 -0.939 0.170 2.160 0.066 0.059 0.315
2014.6890 51.53 -3.11 -0.669 -0.058 2.192 0.064 0.058 0.308
2014.7164 51.53 -3.11 -0.361 -0.771 1.989 0.062 0.056 0.302
2014.7438 51.53 -3.11 -0.686 -0.182 3.334 0.067 0.061 0.323
2014.7712 51.53 -3.11 -0.504 0.623 2.592 0.067 0.060 0.320
2014.7986 51.53 -3.11 -0.640 -0.035 1.495 0.060 0.054 0.292
2014.8260 51.53 -3.11 -0.502 0.358 -1.141 0.060 0.053 0.292
2014.8534 51.53 -3.11 -0.641 0.470 0.610 0.064 0.056 0.306
2014.8808 51.53 -3.11 -0.505 0.267 -0.796 0.064 0.057 0.306
2014.9082 51.53 -3.11 -0.561 0.398 -1.077 0.065 0.057 0.311
2015.0452 51.53 -3.11 -0.583 0.876 -1.193 0.050 0.041 0.248
2015.0726 51.53 -3.11 -0.793 0.775 1.279 0.055 0.045 0.265
2015.1000 51.53 -3.11 -0.990 1.090 0.108 0.049 0.040 0.241
2015.1274 51.53 -3.11 -0.768 0.785 -0.729 0.045 0.038 0.228
2015.1548 51.53 -3.11 -0.537 0.723 -0.958 0.053 0.044 0.257
2015.1822 51.53 -3.11 -0.781 0.883 2.898 0.049 0.041 0.245
2015.2096 51.53 -3.11 -0.614 0.978 2.628 0.065 0.056 0.305
2015.2370 51.53 -3.11 -0.250 0.660 3.737 0.069 0.060 0.327
2015.2644 51.53 -3.11 -0.134 1.135 0.672 0.061 0.054 0.292
2015.2918 51.53 -3.11 -0.082 0.311 3.391 0.061 0.054 0.296
2015.3192 51.53 -3.11 -0.322 0.991 2.903 0.059 0.052 0.287
2015.3466 51.53 -3.11 -0.429 0.878 0.857 0.064 0.057 0.308
2015.4836 51.53 -3.11 0.030 0.778 4.070 0.062 0.050 0.295
2015.5110 51.53 -3.11 -0.145 0.769 1.276 0.058 0.049 0.282
2015.5384 51.53 -3.11 -0.240 0.226 4.359 0.064 0.055 0.306
2015.5658 51.53 -3.11 -0.172 -0.229 1.386 0.063 0.056 0.304
2015.5932 51.53 -3.11 -0.322 -0.240 3.690 0.065 0.058 0.313
2015.6205 51.53 -3.11 -0.425 0.063 4.250 0.064 0.056 0.305
2015.6479 51.53 -3.11 -0.399 -0.024 4.137 0.062 0.055 0.297
2015.6753 51.53 -3.11 -0.406 0.290 2.984 0.060 0.052 0.289
2015.7027 51.53 -3.11 -0.167 0.281 3.885 0.064 0.058 0.309
2015.7301 51.53 -3.11 -0.334 0.258 -0.666 0.065 0.057 0.311
2015.9493 51.53 -3.11 -0.513 0.062 -0.655 0.062 0.057 0.304
2015.9767 51.53 -3.11 -0.147 -0.117 -4.144 0.065 0.059 0.313
2016.0041 51.53 -3.11 -0.595 0.245 -1.067 0.059 0.053 0.288
2016.0315 51.53 -3.11 -0.421 0.347 0.623 0.056 0.051 0.276
2016.0589 51.53 -3.11 -0.607 1.001 0.372 0.058 0.052 0.282
2016.0863 51.53 -3.11 -0.099 0.670 -0.607 0.052 0.047 0.261
2016.1137 51.53 -3.11 -0.364 1.122 0.473 0.059 0.053 0.286
2016.1411 51.53 -3.11 -0.659 1.959 1.537 0.069 0.063 0.328
2016.1685 51.53 -3.11 -0.757 1.468 0.293 0.073 0.067 0.348
2016.1959 51.53 -3.11 -0.594 1.578 2.038 0.072 0.067 0.343
2016.2233 51.53 -3.11 -0.346 0.338 2.802 0.072 0.068 0.346
2016.2507 51.53 -3.11 -0.360 0.958 -2.191 0.061 0.055 0.299
2016.3603 51.53 -3.11 -0.426 1.222 3.408 0.056 0.052 0.279
2016.3877 51.53 -3.11 -0.275 1.193 2.033 0.066 0.060 0.318
2016.4151 51.53 -3.11 -0.320 0.881 1.281 0.065 0.059 0.313
2016.4425 51.53 -3.11 -0.414 0.870 1.101 0.070 0.063 0.331
2016.4699 51.53 -3.11 -0.207 0.973 0.595 0.068 0.062 0.325
