2002.5877 -1.65 99.22 -29.54744602152540 8.42615106585539
2002.6151 -1.65 99.22 -20.49850935657260 8.19933153243893
2002.6425 -1.65 99.22 -67.01120086568599 8.40795703155738
2002.6699 -1.65 99.22 -37.90110818849492 6.99341068795830
2002.6973 -1.65 99.22 -78.36495620116560 11.50833597198020
2002.7247 -1.65 99.22 -91.83961599080507 8.02068658569964
2002.7521 -1.65 99.22 -57.90156684905223 7.32409920625442
2002.7795 -1.65 99.22 -63.65696403910704 8.32146733268577
2002.8068 -1.65 99.22 -48.50758543850666 7.59953349029627
2002.8342 -1.65 99.22 -57.59912485518577 7.44997346025780
2002.8616 -1.65 99.22 -54.71615314626503 7.14705077042383
2002.8890 -1.65 99.22 -43.48466987953837 7.60159355254455
2002.9164 -1.65 99.22 -50.79380996088148 7.81253754429367
2003.0260 -1.65 99.22 -54.35428162451771 8.67685456594342
2003.0534 -1.65 99.22 -30.82448333619788 15.38918733116438
2003.0808 -1.65 99.22 -35.22626158968498 12.60076561777960
2003.1082 -1.65 99.22 -50.97616586447806 6.93888477050976
2003.1356 -1.65 99.22 -27.35091573237990 6.39206937029450
2003.1630 -1.65 99.22 -59.36889164931766 6.95865288192832
2003.1904 -1.65 99.22 -67.75064951397903 8.14137651180835
2003.2178 -1.65 99.22 -32.97030660679592 6.87645047047122
2003.2452 -1.65 99.22 -50.24223261962346 6.84674234611215
2003.2726 -1.65 99.22 -48.34039372597194 6.65163164617359
2003.3000 -1.65 99.22 -41.33652584204238 6.53836389787586
2003.3274 -1.65 99.22 -27.07080921932834 8.81501293227382
2003.3548 -1.65 99.22 -26.84404364690306 10.06827296660932
2003.3822 -1.65 99.22 -34.83169324532963 8.46433492796425
2003.5192 -1.65 99.22 -62.74905009892009 9.87422150603420
2003.5466 -1.65 99.22 -41.01553162640831 11.32403584413941
2003.5740 -1.65 99.22 -46.09283180119483 13.64975112076352
2003.6014 -1.65 99.22 -67.81259813021749 11.36687227880113
2003.6288 -1.65 99.22 -51.40581196797821 10.40758523271372
2003.6562 -1.65 99.22 -43.66109188824000 11.42309578039124
2003.6836 -1.65 99.22 -43.29419501057001 11.50086134808948
2003.7110 -1.65 99.22 -51.79195128915203 8.41150135460171
2003.7384 -1.65 99.22 -41.19345689232551 10.74338719958974
2003.7658 -1.65 99.22 -57.33934605845230 9.76010423739743
2003.7932 -1.65 99.22 -53.21152342190758 11.14946506661779
2003.8205 -1.65 99.22 -68.56755210067385 11.85276349013899
2003.8479 -1.65 99.22 -36.52141657564263 9.98806456244098
2003.8753 -1.65 99.22 -41.30716787381585 11.03112635518884
2003.9027 -1.65 99.22 -52.65275200192588 9.63210551582184
2003.9301 -1.65 99.22 -28.88860509003502 10.35061936401169
2003.9575 -1.65 99.22 -25.50329980494142 12.13717899411929
2003.9849 -1.65 99.22 -40.52865677480703 11.31479495946149
2004.0123 -1.65 99.22 -32.64751319712128 12.17146062416287
2004.0397 -1.65 99.22 -12.82624220257140 9.04972741975257
2004.0945 -1.65 99.22 -31.30742228042539 8.45341103864022
2004.1219 -1.65 99.22 -31.41752555193701 9.94834999970264
2004.1493 -1.65 99.22 -32.65895866789906 11.93232506087023
2004.1767 -1.65 99.22 -41.25372691373485 13.24169380102488
2004.2041 -1.65 99.22 -34.85763584248776 10.28664131911979
2004.2315 -1.65 99.22 -36.79645439572354 10.43943076639827
2004.2589 -1.65 99.22 -54.01650417313253 10.76053823212354
2004.2863 -1.65 99.22 -36.97327709092671 10.86382797500413
2004.3137 -1.65 99.22 -29.29193169482468 10.25243585905838
2004.3411 -1.65 99.22 -29.53655461597581 11.42206454291753
2004.3685 -1.65 99.22 -32.71768707820903 10.64429810595541
2004.3959 -1.65 99.22 -40.63817169434665 9.09252376702656
2004.4233 -1.65 99.22 -23.65509774511015 8.68508030995671
2004.4507 -1.65 99.22 -26.09315090895369 7.80875410376907
2004.4781 -1.65 99.22 -24.91204360223059 8.71845928775805
2004.5055 -1.65 99.22 -22.85258763134988 8.43460519652684
2004.5329 -1.65 99.22 -42.35544704738024 7.84097791508548
2004.5603 -1.65 99.22 -34.06969343390237 8.17197140017271
2004.5877 -1.65 99.22 -24.69506454084383 8.17358773341301
2004.6151 -1.65 99.22 -43.29905998485226 9.07037198215177
2004.6425 -1.65 99.22 -30.32595432846026 7.49787741888958
2004.6699 -1.65 99.22 -36.19552492793619 7.46247786840956
2004.6973 -1.65 99.22 -52.00122068362388 6.91342458819747
2004.7247 -1.65 99.22 -70.62862881140686 8.12559277962290
2004.7521 -1.65 99.22 -52.48859584420656 7.67313283027832
2004.7795 -1.65 99.22 -65.32638107587358 7.57440083445578
2004.8068 -1.65 99.22 -62.84468929494087 8.60704154719871
2004.8342 -1.65 99.22 -52.34975826515592 8.53289453580750
2004.8616 -1.65 99.22 -51.17198764988102 7.26679944088700
2004.8890 -1.65 99.22 -34.57244509803062 7.32988713638546
2004.9164 -1.65 99.22 -42.74546546890959 8.18918179450483
2004.9438 -1.65 99.22 -26.17186639723825 8.76054140092256
2004.9712 -1.65 99.22 -19.22734093524559 8.36826889850106
2004.9973 -1.65 99.22 -5.73180450728008 7.85215719320146
2005.0233 -1.65 99.22 -9.12555153052551 9.64434510900403
2005.0507 -1.65 99.22 -35.78490947396119 15.44877086841999
2005.0781 -1.65 99.22 -34.84656596632450 11.11571006315141
2005.1055 -1.65 99.22 -6.26326749703396 10.95080999658251
2005.1329 -1.65 99.22 -12.11200068763650 11.22636252899387
2005.1603 -1.65 99.22 -17.17550240058063 9.67087937732332
2005.1877 -1.65 99.22 -12.64192396217398 9.50154789958141
2005.2151 -1.65 99.22 -8.30441430729663 8.66983006718553
2005.2425 -1.65 99.22 24.35688823324733 8.55662780679855
2005.2699 -1.65 99.22 13.49380555796283 9.26368472045385
2005.2973 -1.65 99.22 2.15046428318949 9.85915428417614
2005.3247 -1.65 99.22 13.85695075263485 10.41350807247718
2005.3521 -1.65 99.22 27.63555245771056 3.57892666787633
2005.3795 -1.65 99.22 0.97876374028563 9.62357829883244
2005.4068 -1.65 99.22 16.75886527648617 8.61897110158978
2005.4342 -1.65 99.22 16.61997800555601 9.87665742929435
2005.4616 -1.65 99.22 24.63811880353092 9.07039873972804
2005.4890 -1.65 99.22 19.71691861367853 8.58617196338599
2005.5164 -1.65 99.22 2.31239420182349 8.52670950698077
2005.5438 -1.65 99.22 27.23650498517363 9.47935955481353
2005.5712 -1.65 99.22 9.83771811904504 10.46528342876270
2005.5986 -1.65 99.22 -4.76027845151125 10.71846598505408
2005.6260 -1.65 99.22 -1.79607119971911 9.29941910233702
2005.6534 -1.65 99.22 -1.96657656086627 9.97047417157422
2005.6808 -1.65 99.22 -2.84755890771599 9.70663208031938
2005.7082 -1.65 99.22 1.92856288281560 12.20880818593129
2005.7356 -1.65 99.22 -0.38511634950876 10.54102127255217
2005.7630 -1.65 99.22 1.66083156886142 10.55398933926912
2005.7904 -1.65 99.22 7.94106486543579 9.71564024654087
2005.8178 -1.65 99.22 5.47330739372162 10.08292422516775
2005.8452 -1.65 99.22 -13.10934888455713 10.78104062736953
2005.8726 -1.65 99.22 4.14799397526014 9.24562559586785
2005.9000 -1.65 99.22 10.87958168784860 8.91191965008861
2005.9274 -1.65 99.22 22.05437497656989 8.66330449120578
2005.9548 -1.65 99.22 14.06353293564912 7.27864565180409
2005.9822 -1.65 99.22 5.35991926068692 8.03408529594060
2006.0096 -1.65 99.22 5.16850274346917 9.30517352758700
2006.0370 -1.65 99.22 21.02400753521563 12.11350405220204
2006.0644 -1.65 99.22 29.71678671795775 12.21487935792481
2006.0918 -1.65 99.22 8.94657452595046 12.34866827689310
2006.1192 -1.65 99.22 -3.56164352664754 14.53583471398176
2006.1466 -1.65 99.22 13.53076279825702 10.99594496969629
2006.1740 -1.65 99.22 18.98498160661344 12.93982741869008
2006.2014 -1.65 99.22 9.78719168096312 9.51449759233007
2006.2288 -1.65 99.22 -1.48520409088453 13.05553313410746
2006.2562 -1.65 99.22 -0.31580642216446 12.35486302480961
2006.2836 -1.65 99.22 20.16967577355206 11.93370558625294
2006.3110 -1.65 99.22 26.06300816455490 12.86207865794961
2006.3384 -1.65 99.22 0.61649434592209 11.56777702324242
2006.3658 -1.65 99.22 8.94627476101520 12.94118169050200
2006.3932 -1.65 99.22 12.59315638386959 12.64267943817264
2006.4205 -1.65 99.22 13.17473982604315 12.54556056101164
2006.4479 -1.65 99.22 8.65829629651933 13.36159108624128
2006.4753 -1.65 99.22 15.73113933189970 13.94388529789351
2006.5027 -1.65 99.22 -6.68346535475082 14.57802414517396
2006.5301 -1.65 99.22 7.71584501817299 17.88401964003620
2006.5575 -1.65 99.22 26.89225437053208 13.83888862613789
2006.5849 -1.65 99.22 4.17809231087480 14.28180670543422
2006.6123 -1.65 99.22 -7.70541634966223 18.65239637080169
2006.6397 -1.65 99.22 -14.35483745002249 15.32387023881204
2006.6671 -1.65 99.22 -3.84858946778799 13.55580962209820
2006.6945 -1.65 99.22 -20.41618213413743 17.95818123921675
2006.7219 -1.65 99.22 -4.78250233558421 16.14173896247983
2006.7493 -1.65 99.22 -18.10457296661976 19.79545841246142
2006.7767 -1.65 99.22 -9.41033456513468 17.24880521733384
2006.8041 -1.65 99.22 -8.34159038644273 13.42019725296429
2006.8315 -1.65 99.22 -20.05256658410074 16.07536876031466
2006.8589 -1.65 99.22 -19.69590363300483 15.45351033063879
2006.8863 -1.65 99.22 -8.87790439461584 14.58584703228017
2006.9137 -1.65 99.22 -23.17854018232565 13.90397698136458
2006.9411 -1.65 99.22 21.53354917432210 13.58745257873592
2006.9685 -1.65 99.22 20.67134867379851 13.24442903435728
2006.9959 -1.65 99.22 30.35815125035120 12.83116247546012
2007.0233 -1.65 99.22 6.66932952539497 11.61824104230390
2007.0507 -1.65 99.22 12.08276414793303 12.40389419885675
2007.0781 -1.65 99.22 48.53061297820888 13.26828034832051
2007.1055 -1.65 99.22 26.50650300510877 11.62735891811077
2007.1329 -1.65 99.22 0.37511077378640 12.88858658181721
2007.1603 -1.65 99.22 8.51238885592460 12.24975865443249
2007.1877 -1.65 99.22 3.12865075527525 16.91513645718798
2007.2151 -1.65 99.22 -1.75274030967183 14.88484154102152
2007.2425 -1.65 99.22 17.85990734473949 14.23629980948010
2007.2699 -1.65 99.22 26.76308826773271 10.59213831822318
2007.2973 -1.65 99.22 13.70166438516292 9.90658237695887
2007.3247 -1.65 99.22 14.64120806722599 12.78911740241281
2007.3521 -1.65 99.22 14.64848729269981 14.28936327336722
2007.3795 -1.65 99.22 19.10015963903990 15.18433612052641
2007.4068 -1.65 99.22 12.46371384891615 12.12813887027309
2007.4342 -1.65 99.22 31.48841215757101 11.42758435659658
2007.4616 -1.65 99.22 21.59070928738722 16.03593553873102
2007.4890 -1.65 99.22 -3.44898727090628 11.45483434895845
2007.5164 -1.65 99.22 16.16214696711458 12.35887538821663
2007.5438 -1.65 99.22 -2.51300245768874 11.83489094492123
2007.5712 -1.65 99.22 -0.60244365108674 12.16247417609860
2007.5986 -1.65 99.22 -7.29986461703264 15.37491511831253
2007.6260 -1.65 99.22 -10.59512641540935 12.04957483281985
2007.6534 -1.65 99.22 9.49694479778604 12.30952397328296
2007.6808 -1.65 99.22 -4.46331666438057 12.84645283221864
2007.7082 -1.65 99.22 -13.91833398237019 8.73596356640452
2007.7356 -1.65 99.22 -6.96627600272016 13.19489473403966
2007.7630 -1.65 99.22 -27.77418568835082 9.37444717879811
2007.7904 -1.65 99.22 -7.40316592569376 13.17943642005534
2007.8178 -1.65 99.22 5.52969222087556 15.61038261986133
2007.8452 -1.65 99.22 0.10037865421612 12.04738080772863
2007.8726 -1.65 99.22 -7.00619987953484 14.34088001205564
2007.9000 -1.65 99.22 -0.09975748601355 15.16433290827093
2007.9274 -1.65 99.22 -5.87900874373856 15.01042640549579
2007.9548 -1.65 99.22 19.33201918024031 10.92397006112487
2007.9822 -1.65 99.22 21.89837444174951 13.89786650311393
2008.0096 -1.65 99.22 11.68587353906328 12.08056046691329
2008.0370 -1.65 99.22 5.04315518791290 12.66595000798385
2008.0644 -1.65 99.22 14.36028472063629 14.99689912085509
2008.0918 -1.65 99.22 17.44418929935953 11.22481489500433
2008.1192 -1.65 99.22 18.86764427568196 13.81182894665436
2008.1466 -1.65 99.22 36.65939245867182 16.39757804559300
2008.1740 -1.65 99.22 2.19245933415903 14.09965615320555
2008.2014 -1.65 99.22 4.53746933610822 15.60919852371723
2008.2288 -1.65 99.22 28.11009950405000 17.09409685178414
2008.2562 -1.65 99.22 2.93017714257320 16.27645282854825
2008.2836 -1.65 99.22 20.62176047798442 19.65353562816624
2008.3110 -1.65 99.22 31.38334544966438 20.57626337832198
2008.3384 -1.65 99.22 3.82397411446833 15.08160942017695
2008.3658 -1.65 99.22 15.85907443792713 15.21158342906276
2008.3932 -1.65 99.22 10.83060029034542 13.42278435350327
2008.4205 -1.65 99.22 23.29348238026904 11.66291987567552
2008.4479 -1.65 99.22 14.40850634993873 12.14731388783674
2008.4753 -1.65 99.22 10.10408103976364 11.64441619398584
2008.5027 -1.65 99.22 30.38848264824914 14.39317397857813
2008.5301 -1.65 99.22 17.40754538051158 17.82317835900973
2008.5575 -1.65 99.22 -2.34788465725152 11.11627990710643
2008.5849 -1.65 99.22 -3.60420997025407 13.42211569706740
2008.6123 -1.65 99.22 -14.49165501284614 10.59673331705868
2008.6397 -1.65 99.22 -28.27914422100840 11.87397418779589
2008.6671 -1.65 99.22 -4.09523099888296 11.24970730411849
2008.6945 -1.65 99.22 -1.98180102059739 10.84656690111005
2008.7219 -1.65 99.22 -8.60076216411381 12.95846697667645
2008.7493 -1.65 99.22 -30.22750144019972 11.57797868937095
2008.7767 -1.65 99.22 -2.96604292919639 14.02905073216241
2008.8041 -1.65 99.22 -13.13167189219233 14.18611026219968
2008.8315 -1.65 99.22 -3.89524433040626 15.88212981377631
2008.8589 -1.65 99.22 -0.17627167924640 18.59852277587145
2008.8863 -1.65 99.22 -29.22422186331408 17.82697433072274
2008.9137 -1.65 99.22 2.53563786770325 17.10038426788739
2008.9411 -1.65 99.22 6.49994547157666 17.55677072956430
2008.9685 -1.65 99.22 8.32123556769823 16.33329153178074
2008.9945 -1.65 99.22 3.15808483559991 13.94330957453740
2009.0205 -1.65 99.22 -9.82462129800585 13.92128959428472
2009.0479 -1.65 99.22 14.66761229925872 13.93479393408789
2009.0753 -1.65 99.22 11.21288720277873 13.05267820548181
2009.1027 -1.65 99.22 0.73926494930472 16.70498272968576
2009.1301 -1.65 99.22 12.08472364014245 12.93723848310407
2009.1575 -1.65 99.22 -1.67461225714363 13.02165606714834
2009.1849 -1.65 99.22 -14.72602250715666 15.74623876308988
2009.2123 -1.65 99.22 14.59631539594560 12.75334446451958
2009.2397 -1.65 99.22 -7.52881747237850 15.00826360354305
2009.2671 -1.65 99.22 -15.20292936738929 12.37268861816090
2009.2945 -1.65 99.22 28.39770749944520 12.75956471713386
2009.3219 -1.65 99.22 19.93833326576211 13.26260368309485
2009.3493 -1.65 99.22 27.57929704794877 12.01437106871345
2009.3767 -1.65 99.22 24.03246873318915 12.65038163198351
2009.4041 -1.65 99.22 16.89550917570165 10.83908307523787
2009.4315 -1.65 99.22 10.37798501476984 12.91081242932565
2009.4589 -1.65 99.22 2.82329739039968 10.44270782174115
2009.4863 -1.65 99.22 10.11423371638322 11.64186498215141
2009.5137 -1.65 99.22 -1.21132282349521 10.85243868080208
2009.5411 -1.65 99.22 17.13926517630153 13.67274519916887
2009.5685 -1.65 99.22 33.76380363791067 14.66679850069297
2009.5959 -1.65 99.22 5.70790184853578 12.67682734757434
2009.6233 -1.65 99.22 -2.30497372869825 13.56509432910011
2009.6507 -1.65 99.22 -24.56851272522882 13.09860128698617
2009.6781 -1.65 99.22 -10.06621222452340 14.25849504759058
2009.7055 -1.65 99.22 -12.90300211461030 15.03892603011011
2009.7329 -1.65 99.22 -10.83030437461810 14.31842998989739
2009.7603 -1.65 99.22 1.17118245204898 16.42400085379064
2009.7877 -1.65 99.22 6.92352060224137 15.10462170388949
2009.8151 -1.65 99.22 -0.42003231600656 16.47073845137301
2009.8425 -1.65 99.22 29.80117228860257 14.79180335379580
2009.8699 -1.65 99.22 35.53020698196869 14.04496712411432
2009.8973 -1.65 99.22 34.56428790385511 13.04174058411025
2009.9247 -1.65 99.22 16.90479691601941 12.53241685097528
2009.9521 -1.65 99.22 23.12281606298419 11.92623706958663
2009.9795 -1.65 99.22 22.95415593016222 12.26485581110884
2010.0068 -1.65 99.22 45.91825800242960 16.19501755427323
2010.0342 -1.65 99.22 28.61518686187549 12.13668099905420
2010.0616 -1.65 99.22 36.32450647239209 12.56285577767026
2010.0890 -1.65 99.22 42.25074585775788 15.58755385056210
2010.1164 -1.65 99.22 17.10623012237172 16.09992998105935
2010.1438 -1.65 99.22 40.41800328386633 15.13539405471826
2010.1712 -1.65 99.22 46.69798241721972 14.42705005264560
2010.1986 -1.65 99.22 45.52373223974587 13.79007927063088
2010.2260 -1.65 99.22 20.95829505979791 15.13752373819238
2010.2534 -1.65 99.22 45.25154239539606 15.48642922933257
2010.2808 -1.65 99.22 30.73486286751599 11.56547293305439
2010.3082 -1.65 99.22 33.48989389372714 12.28388877785717
2010.3356 -1.65 99.22 34.08434971348334 10.74449495974041
2010.3630 -1.65 99.22 24.93448565117902 11.51281749569645
2010.3904 -1.65 99.22 20.23280042553291 11.52027600043415
2010.4178 -1.65 99.22 13.52267073289570 12.30925693700780
2010.4452 -1.65 99.22 31.54988928536722 10.64265176161861
2010.4726 -1.65 99.22 20.05736329236991 9.41291142134715
2010.5000 -1.65 99.22 4.28016050809417 11.00539536635775
2010.5274 -1.65 99.22 -9.53513940399739 18.88405527116436
2010.5548 -1.65 99.22 25.97893554746797 11.57042917989563
2010.5822 -1.65 99.22 13.88251257842682 10.30951949031070
2010.6096 -1.65 99.22 12.97489847229875 13.98451793018248
2010.6370 -1.65 99.22 17.05365348999621 12.20980005649114
2010.6644 -1.65 99.22 36.06207621732623 11.30781402760322
2010.6918 -1.65 99.22 15.40595388934748 14.08053788681547
2010.7192 -1.65 99.22 1.71790962112106 13.01704984939650
2010.7466 -1.65 99.22 8.28511417605458 15.51708366284738
2010.7740 -1.65 99.22 -7.58817482069202 11.92232646125598
2010.8014 -1.65 99.22 -22.59792336774650 11.46411179146130
2010.8288 -1.65 99.22 -7.53110020436040 13.38479787406616
2010.8562 -1.65 99.22 -6.23103985918215 13.04392159813218
2010.8836 -1.65 99.22 -2.47314650881988 11.78190005733989
2010.9110 -1.65 99.22 12.45829743118479 13.17715940356640
2010.9384 -1.65 99.22 -5.87221110590090 13.77164456134901
2010.9658 -1.65 99.22 20.45844847133327 15.32938376707604
2010.9932 -1.65 99.22 -1.57415096801770 10.98151071013334
2011.1027 -1.65 99.22 0.54903337193855 10.84719709452821
2011.1301 -1.65 99.22 -1.73011375834859 18.13050485029773
2011.1575 -1.65 99.22 -9.02247346497582 11.49436228110501
2011.1849 -1.65 99.22 10.13822682716086 8.69539188555867
2011.2123 -1.65 99.22 -7.98705258838321 15.35635408776529
2011.2397 -1.65 99.22 -1.62013028277348 16.24214210257466
2011.2671 -1.65 99.22 9.51223649642375 12.70707006442020
2011.2945 -1.65 99.22 -15.23116703059033 15.23757857324346
2011.3219 -1.65 99.22 4.32504259912880 14.18117027219809
2011.3493 -1.65 99.22 18.34328470742541 12.43481156256839
2011.3767 -1.65 99.22 10.66775177956497 14.95571161788220
2011.4041 -1.65 99.22 1.26275177867095 12.77470352948109
2011.4315 -1.65 99.22 1.72468194035852 12.55981314805319
2011.5137 -1.65 99.22 9.36207038705419 11.35623962954771
2011.5411 -1.65 99.22 21.22128452841146 12.38877588849925
2011.5685 -1.65 99.22 2.08056099243607 11.92380061817417
2011.5959 -1.65 99.22 2.11355341161905 12.97710023484250
2011.6233 -1.65 99.22 -5.06439074780028 12.83009212989235
2011.6507 -1.65 99.22 8.44278416710702 15.83160992001507
2011.6781 -1.65 99.22 -11.53196977298360 14.69431572552243
2011.7055 -1.65 99.22 -21.62307372496779 14.81817991803324
2011.7329 -1.65 99.22 -33.71055733637309 17.51356851964748
2011.7603 -1.65 99.22 -30.04302925749718 14.77634895853068
2011.7877 -1.65 99.22 -5.34406416788446 15.89924562201064
2011.8151 -1.65 99.22 -19.73337556637253 15.52102470470647
2011.8425 -1.65 99.22 -3.50958071285310 17.17267578299537
2011.8699 -1.65 99.22 1.62200630183332 15.86132362120087
2011.9521 -1.65 99.22 11.06591271134996 9.65531294644535
2011.9795 -1.65 99.22 27.43092838712316 13.43065977851640
2012.0068 -1.65 99.22 16.34249890332980 12.34987390431087
2012.0342 -1.65 99.22 13.63350861718803 15.02828978204393
2012.0616 -1.65 99.22 20.86938552484656 12.91788464473738
2012.0890 -1.65 99.22 5.39811619599550 12.68404636492483
2012.1164 -1.65 99.22 39.23073482961472 12.32550234859174
2012.1438 -1.65 99.22 14.27056374714850 12.74909758062852
2012.1712 -1.65 99.22 25.63569113628143 11.96194660056298
2012.1986 -1.65 99.22 15.68272737842912 10.76782231603754
2012.2260 -1.65 99.22 16.87822566225426 11.22485120587173
2012.2534 -1.65 99.22 22.13529738284533 10.89841741018774
2012.2808 -1.65 99.22 -6.47908171649573 10.11048207578339
2012.3082 -1.65 99.22 4.03018240194987 11.18593319349808
2012.3904 -1.65 99.22 38.64103418406129 11.73568990463854
2012.4178 -1.65 99.22 10.93356361414336 9.19825517942380
2012.4452 -1.65 99.22 -1.94811789014785 9.00556249268024
2012.4726 -1.65 99.22 20.88155786427257 9.82330242071152
2012.5000 -1.65 99.22 -11.30204443815967 9.23313206575025
2012.5274 -1.65 99.22 41.29553255423990 9.93399711072556
2012.5548 -1.65 99.22 35.45481861476578 9.93537804064665
2012.5822 -1.65 99.22 18.00584757130936 10.62106301389976
2012.6096 -1.65 99.22 6.14582862715979 10.61240201765066
2012.6370 -1.65 99.22 11.79256181874703 9.65952942723633
2012.6644 -1.65 99.22 -8.55007235270268 10.71647751340439
2012.6918 -1.65 99.22 7.94720595705255 11.10484090720466
2012.7192 -1.65 99.22 -2.24158570541598 13.78007357179280
2012.7466 -1.65 99.22 -3.39911958990932 8.92638813431315
2012.8562 -1.65 99.22 -2.76165835579476 14.11652350284129
2012.8836 -1.65 99.22 5.81076649750970 13.29912424494925
2012.9110 -1.65 99.22 -7.14982995880071 12.49379621552647
2012.9384 -1.65 99.22 16.15304745780991 11.63145246162937
2012.9658 -1.65 99.22 30.54209374780925 13.61631359340929
2012.9918 -1.65 99.22 52.50975443323838 6.33245293340159
2013.0178 -1.65 99.22 18.41982599025273 7.70598937208705
2013.0452 -1.65 99.22 32.99769756446582 7.61874984745262
2013.0726 -1.65 99.22 5.03760068368308 6.92432443812964
2013.1000 -1.65 99.22 34.09847924181781 7.13070435941089
2013.1274 -1.65 99.22 44.42531441104627 6.47234428459137
2013.1548 -1.65 99.22 30.39500055468069 5.80470452066279
2013.2644 -1.65 99.22 16.40819411006906 6.64177652337363
2013.2918 -1.65 99.22 13.25795923264130 6.70284419807971
2013.3192 -1.65 99.22 11.11625032273274 7.59795021461231
2013.3466 -1.65 99.22 13.63204467787195 7.83362786784941
2013.3740 -1.65 99.22 29.25143973828428 6.54380588881967
2013.4014 -1.65 99.22 -2.03064995197962 6.79912234881178
2013.4288 -1.65 99.22 5.91952672925987 5.79653877341177
2013.4562 -1.65 99.22 -2.53831103896985 5.87621300277479
2013.4836 -1.65 99.22 18.95190015923998 6.10290409930548
2013.5110 -1.65 99.22 -4.27887473786357 7.08176562406866
2013.5384 -1.65 99.22 -0.83203044066626 6.71039975489421
2013.5658 -1.65 99.22 5.48800426418427 7.18527941307287
2013.7575 -1.65 99.22 19.32202428721526 6.58873517347443
2013.7849 -1.65 99.22 29.62604460626880 6.96727480964244
2013.8123 -1.65 99.22 13.43983273741196 6.31458249042037
2013.8397 -1.65 99.22 8.32061427548335 6.43053687163307
2013.8671 -1.65 99.22 25.01616907914870 6.83744752459094
2013.8945 -1.65 99.22 6.81881265809436 6.39638206637433
2013.9219 -1.65 99.22 22.34161312940703 5.51950802075292
2013.9493 -1.65 99.22 -3.99095038852036 6.00868489588788
2013.9767 -1.65 99.22 1.82741161884601 5.96241822728619
2014.0041 -1.65 99.22 -1.65027496994559 5.78883881670322
2014.0315 -1.65 99.22 5.81685234263331 6.13290568829588
2014.1685 -1.65 99.22 -3.57675996097126 6.39492400553619
2014.1959 -1.65 99.22 2.56965194065713 6.82577749518155
2014.2233 -1.65 99.22 -14.66340407414137 6.36363516594536
2014.2507 -1.65 99.22 13.12091632770946 5.75370532837748
2014.2781 -1.65 99.22 19.38014723451296 6.18484879553908
2014.3055 -1.65 99.22 26.28518846668871 5.89823958854322
2014.3329 -1.65 99.22 20.00162450416839 4.62800514330341
2014.3603 -1.65 99.22 18.48134038431964 5.44484155433801
2014.3877 -1.65 99.22 12.21382340379221 5.45785213324865
2014.4151 -1.65 99.22 16.40500426435472 5.36954922900168
2014.4425 -1.65 99.22 24.65646875945565 5.76329361730390
2014.4699 -1.65 99.22 36.26505377033489 5.63446265474853
2014.5795 -1.65 99.22 19.15299399815005 4.41205207277059
2014.6068 -1.65 99.22 7.84225152057290 4.84449667163455
2014.6342 -1.65 99.22 -1.85516342922888 4.25337988067914
2014.6616 -1.65 99.22 14.14076316323583 4.94441883658836
2014.6890 -1.65 99.22 -16.62250929688601 4.81423262286054
2014.7164 -1.65 99.22 4.50350351104679 4.69642397517390
2014.7438 -1.65 99.22 13.38924711201433 5.22697571136936
2014.7712 -1.65 99.22 18.57344763684090 5.16331735518481
2014.7986 -1.65 99.22 -17.70747313644758 4.42048961362958
2014.8260 -1.65 99.22 5.89881215567049 4.37537508947566
2014.8534 -1.65 99.22 -1.06515263283252 4.68264023328940
2014.8808 -1.65 99.22 -3.12391098563607 4.70206497944901
2014.9082 -1.65 99.22 4.30549802506384 4.81760689489249
2015.0452 -1.65 99.22 14.99845392556329 3.37407835620456
2015.0726 -1.65 99.22 10.34492021655792 3.86711013299080
2015.1000 -1.65 99.22 20.29750274996368 3.27471640933675
2015.1274 -1.65 99.22 19.15279014319950 3.02429324028428
2015.1548 -1.65 99.22 -5.34900226269187 3.71993160526856
2015.1822 -1.65 99.22 17.19334861443874 3.39208084616507
2015.2096 -1.65 99.22 16.70590325546485 5.03674750171063
2015.2370 -1.65 99.22 39.56666432864145 5.53494338798457
2015.2644 -1.65 99.22 12.92757386764284 4.72982625814074
2015.2918 -1.65 99.22 44.15726472522601 4.60015701132055
2015.3192 -1.65 99.22 28.38565217252419 4.42014835665447
2015.3466 -1.65 99.22 14.55327431583502 4.84138174004659
2015.4836 -1.65 99.22 15.28535098786868 3.92565685975153
2015.5110 -1.65 99.22 19.62713382914844 3.88923013250153
2015.5384 -1.65 99.22 34.82939667409270 4.40096464786327
2015.5658 -1.65 99.22 30.73825761181823 4.70690963941193
2015.5932 -1.65 99.22 22.30530648069466 4.99920840977319
2015.6205 -1.65 99.22 15.84072714938929 4.70324183033755
2015.6479 -1.65 99.22 -5.37402885065967 4.60371665285721
2015.6753 -1.65 99.22 -0.60874767672066 4.29151920856700
2015.7027 -1.65 99.22 -18.69143658819271 4.89806119103394
2015.7301 -1.65 99.22 -19.88222449202793 4.79881958650423
2015.9493 -1.65 99.22 20.46894130278562 4.63977339681017
2015.9767 -1.65 99.22 14.50564243647754 5.22172515760875
2016.0041 -1.65 99.22 25.06972234566705 4.59760163956011
2016.0315 -1.65 99.22 17.68432145714775 4.36776291354424
2016.0589 -1.65 99.22 2.54980934038968 4.45529111242400
2016.0863 -1.65 99.22 21.05829747781305 3.84047520520100
2016.1137 -1.65 99.22 21.02552795430808 4.56682016432307
2016.1411 -1.65 99.22 23.40311918787443 5.73114283556683
2016.1685 -1.65 99.22 20.95830952313930 6.37505923488904
2016.1959 -1.65 99.22 39.52864040990769 6.27482655815729
2016.2233 -1.65 99.22 19.96001494817228 6.39941707162829
2016.2507 -1.65 99.22 38.38164446562791 4.65020953529726
2016.3603 -1.65 99.22 32.11523141489283 4.27833739507761
2016.3877 -1.65 99.22 30.74531493768117 5.28613865586010
2016.4151 -1.65 99.22 35.61256959597299 5.10488800808121
2016.4425 -1.65 99.22 32.98964923946461 5.63043067186330
2016.4699 -1.65 99.22 -1.38001995646300 5.49532133152678
