2002.5877 12.59 -81.70 -14.08585022272057 8.58919808548943
2002.6151 12.59 -81.70 -4.78741695477093 8.35257524665308
2002.6425 12.59 -81.70 19.48175175470866 8.55770713892123
2002.6699 12.59 -81.70 3.81606817360819 7.12156283608903
2002.6973 12.59 -81.70 -13.81350980007587 11.61574096022407
2002.7247 12.59 -81.70 8.23421625533727 8.17165178563769
2002.7521 12.59 -81.70 -3.44720715546914 7.46623855175064
2002.7795 12.59 -81.70 27.58788105209254 8.48626319147910
2002.8068 12.59 -81.70 5.92673332012838 7.74743688938444
2002.8342 12.59 -81.70 16.64002610546402 7.58721195014906
2002.8616 12.59 -81.70 49.01536629026584 7.27024200012751
2002.8890 12.59 -81.70 19.24060511886965 7.74692918323235
2002.9164 12.59 -81.70 21.76594087053956 7.95133774118638
2003.0260 12.59 -81.70 23.13051038976170 8.82406122330429
2003.0534 12.59 -81.70 20.70966612548399 15.66892089025036
2003.0808 12.59 -81.70 -4.55872118119154 12.81023356446691
2003.1082 12.59 -81.70 21.31161870624638 7.04912475099977
2003.1356 12.59 -81.70 8.67525779669146 6.49114661966189
2003.1630 12.59 -81.70 -11.08215832929092 7.07072395372952
2003.1904 12.59 -81.70 -4.82504871280581 8.27575404249922
2003.2178 12.59 -81.70 -5.16432962244432 6.99021307430865
2003.2452 12.59 -81.70 18.90203320779355 6.95938841297992
2003.2726 12.59 -81.70 -11.26031645735210 6.76387714858229
2003.3000 12.59 -81.70 8.90402769321438 6.64989028978556
2003.3274 12.59 -81.70 7.59000318682224 8.96326214291036
2003.3548 12.59 -81.70 -0.64679452928465 10.25195948359088
2003.3822 12.59 -81.70 19.47279081868040 8.60277389348655
2003.5192 12.59 -81.70 4.00107770740114 10.06671934380478
2003.5466 12.59 -81.70 0.60503297687294 11.55596585113154
2003.5740 12.59 -81.70 -7.73020441293429 13.93964956327365
2003.6014 12.59 -81.70 -19.31034663574631 11.59838425950198
2003.6288 12.59 -81.70 -8.41885671591166 10.60732857933545
2003.6562 12.59 -81.70 -28.94745383484876 11.64195352663782
2003.6836 12.59 -81.70 -12.96811683084723 11.73737718338440
2003.7110 12.59 -81.70 -33.37754753754672 8.56631539389104
2003.7384 12.59 -81.70 -11.17309882946755 10.95893908189598
2003.7658 12.59 -81.70 9.67574839271055 9.95298085732969
2003.7932 12.59 -81.70 15.26262246969825 11.37712753182720
2003.8205 12.59 -81.70 23.72218211000721 12.08311370603695
2003.8479 12.59 -81.70 18.41234636055112 10.16310823740244
2003.8753 12.59 -81.70 4.07883470649506 11.24801916372614
2003.9027 12.59 -81.70 -2.19818755998807 9.80458976402805
2003.9301 12.59 -81.70 23.30051749165205 10.55132060734613
2003.9575 12.59 -81.70 15.31405976729526 12.38670195772915
2003.9849 12.59 -81.70 12.56264297455317 11.53819687363316
2004.0123 12.59 -81.70 11.16620156125196 12.40916017937718
2004.0397 12.59 -81.70 13.74704620739426 9.20279793326376
2004.0945 12.59 -81.70 -4.74429776799441 8.58978747278676
2004.1219 12.59 -81.70 1.37524767264883 10.13633145739536
2004.1493 12.59 -81.70 -2.22891970524822 12.15446865773910
2004.1767 12.59 -81.70 -3.61417160733887 13.49475095941252
2004.2041 12.59 -81.70 -6.66010938072094 10.46840226044501
2004.2315 12.59 -81.70 -1.00037758490134 10.63935211294106
2004.2589 12.59 -81.70 27.18644787081584 10.96098397662292
2004.2863 12.59 -81.70 9.60048666486275 11.06007384357969
2004.3137 12.59 -81.70 13.52014420644239 10.44148273521755
2004.3411 12.59 -81.70 13.30105824214543 11.63782858699053
2004.3685 12.59 -81.70 19.28096063484338 10.83093390364205
2004.3959 12.59 -81.70 24.94962144425882 9.25058170691533
2004.4233 12.59 -81.70 34.83953259408716 8.83369397861204
2004.4507 12.59 -81.70 27.42237390865961 7.94369349042139
2004.4781 12.59 -81.70 21.23239295900095 8.87088731047118
2004.5055 12.59 -81.70 13.40832754906164 8.57793192555611
2004.5329 12.59 -81.70 9.14438534301123 7.97274502821116
2004.5603 12.59 -81.70 -7.96291713415795 8.31137462392453
2004.5877 12.59 -81.70 -9.75421363522866 8.30808793905740
2004.6151 12.59 -81.70 -13.89431135925393 9.21834114086666
2004.6425 12.59 -81.70 -13.10659505319234 7.61763318012806
2004.6699 12.59 -81.70 -4.88657284348932 7.58184246285801
2004.6973 12.59 -81.70 -3.17792752466828 7.02155969223161
2004.7247 12.59 -81.70 -35.48062988426479 8.25749143141492
2004.7521 12.59 -81.70 -16.31658666163848 7.79444684221707
2004.7795 12.59 -81.70 3.32818044687204 7.69756073328295
2004.8068 12.59 -81.70 11.23574122446367 8.75380673685798
2004.8342 12.59 -81.70 19.54101226819106 8.67445669849951
2004.8616 12.59 -81.70 9.49202401860302 7.38636757106202
2004.8890 12.59 -81.70 6.58569373958267 7.44977496047722
2004.9164 12.59 -81.70 14.66847523744607 8.32839336586440
2004.9438 12.59 -81.70 28.78651851537723 8.90898621560196
2004.9712 12.59 -81.70 36.58937150630889 8.51536320421515
2004.9973 12.59 -81.70 16.26611244629539 7.98612891441702
2005.0233 12.59 -81.70 11.17954886210168 9.82478613084510
2005.0507 12.59 -81.70 20.62868029770245 15.77593277130720
2005.0781 12.59 -81.70 9.14407693392085 11.33098227566162
2005.1055 12.59 -81.70 10.06688798747121 11.16247467295861
2005.1329 12.59 -81.70 15.27421888491363 11.44282497270367
2005.1603 12.59 -81.70 12.58960780026264 9.84393776323397
2005.1877 12.59 -81.70 -12.27286578076922 9.67008787370089
2005.2151 12.59 -81.70 -0.77915857496694 8.81849046496573
2005.2425 12.59 -81.70 6.58521098004170 8.70714754999823
2005.2699 12.59 -81.70 8.30404384784442 9.42418367609685
2005.2973 12.59 -81.70 4.75041928426637 10.04080426283277
2005.3247 12.59 -81.70 3.59539055957840 10.59255119867558
2005.3521 12.59 -81.70 12.56279214334992 3.63058595172377
2005.3795 12.59 -81.70 5.43847676574182 9.78880205916339
2005.4068 12.59 -81.70 8.06037126327149 8.76388051170394
2005.4342 12.59 -81.70 16.16383314540464 10.04273442710008
2005.4616 12.59 -81.70 15.44550506989913 9.23041178607267
2005.4890 12.59 -81.70 6.40959387232928 8.73275337196026
2005.5164 12.59 -81.70 -15.27959186086692 8.67858201467842
2005.5438 12.59 -81.70 -9.95289257834648 9.64629323046561
2005.5712 12.59 -81.70 -11.95676826365206 10.65490141272311
2005.5986 12.59 -81.70 -9.14531744139110 10.91357316647205
2005.6260 12.59 -81.70 -12.25630705082849 9.46870718383130
2005.6534 12.59 -81.70 -42.36708575778260 10.14916833918575
2005.6808 12.59 -81.70 -22.88427854416705 9.88704740200500
2005.7082 12.59 -81.70 -10.18513879578225 12.44752257570218
2005.7356 12.59 -81.70 -15.81957327954838 10.74669926774121
2005.7630 12.59 -81.70 -12.26572297483712 10.76143672564235
2005.7904 12.59 -81.70 -13.83352328092665 9.90102037184511
2005.8178 12.59 -81.70 -5.27014734319948 10.27185015054767
2005.8452 12.59 -81.70 -4.92062493598314 10.98296607583279
2005.8726 12.59 -81.70 4.02112845559200 9.41723343594457
2005.9000 12.59 -81.70 13.59879374402885 9.07671198619296
2005.9274 12.59 -81.70 16.89395867285439 8.80741324595192
2005.9548 12.59 -81.70 -18.70205132114957 7.36883072943265
2005.9822 12.59 -81.70 -4.44867793010234 8.15869759528479
2006.0096 12.59 -81.70 18.57852998977839 9.46314676331183
2006.0370 12.59 -81.70 18.18198799568068 12.33295647841059
2006.0644 12.59 -81.70 2.93563041625677 12.43886583566861
2006.0918 12.59 -81.70 44.00636974930586 12.57853727317294
2006.1192 12.59 -81.70 13.69195671694550 14.82404199736570
2006.1466 12.59 -81.70 4.08030639122739 11.20731237050437
2006.1740 12.59 -81.70 16.98517193785853 13.20679783409390
2006.2014 12.59 -81.70 -2.07994071023234 9.69624146091178
2006.2288 12.59 -81.70 18.82863019284399 13.32200557072798
2006.2562 12.59 -81.70 16.12348356488328 12.61220030152878
2006.2836 12.59 -81.70 11.00141436520903 12.17528499667756
2006.3110 12.59 -81.70 -19.51247471351103 13.13534704376295
2006.3384 12.59 -81.70 -5.82265975313214 11.80698522304556
2006.3658 12.59 -81.70 -2.13053833624973 13.21345056990748
2006.3932 12.59 -81.70 -4.85917702374078 12.90749417465206
2006.4205 12.59 -81.70 17.03926743975425 12.80872027826368
2006.4479 12.59 -81.70 0.71322516954380 13.62036636906493
2006.4753 12.59 -81.70 17.38756613201431 14.22754634986286
2006.5027 12.59 -81.70 -5.17732868821510 14.89048941545059
2006.5301 12.59 -81.70 1.11723034502536 18.27492793438535
2006.5575 12.59 -81.70 10.16275299203160 14.13444282211200
2006.5849 12.59 -81.70 1.33446316203508 14.58553481910388
2006.6123 12.59 -81.70 1.34450808671755 19.06819453797333
2006.6397 12.59 -81.70 -9.47881261936320 15.66537051740521
2006.6671 12.59 -81.70 -7.24026793569860 13.84138561386847
2006.6945 12.59 -81.70 -34.72754143483743 18.35431843700428
2006.7219 12.59 -81.70 5.64971311126787 16.46665101416187
2006.7493 12.59 -81.70 -41.50523369261375 20.21701762517909
2006.7767 12.59 -81.70 4.46870990494583 17.61078746141900
2006.8041 12.59 -81.70 -9.81108883334097 13.70435510269549
2006.8315 12.59 -81.70 -5.92621412563124 16.42178275924342
2006.8589 12.59 -81.70 7.56198070122625 15.78092567288442
2006.8863 12.59 -81.70 -3.96432731914028 14.89126909524143
2006.9137 12.59 -81.70 4.23982475632966 14.18797661240616
2006.9411 12.59 -81.70 18.58421211781759 13.85747639987900
2006.9685 12.59 -81.70 15.07109847590622 13.49900920017272
2006.9959 12.59 -81.70 28.71587286977586 13.06012847932591
2007.0233 12.59 -81.70 -2.14314771314136 11.81697668127562
2007.0507 12.59 -81.70 29.85669170803366 12.63043787038186
2007.0781 12.59 -81.70 12.11598130788531 13.52480057132124
2007.1055 12.59 -81.70 -16.33543134341096 11.85274042438202
2007.1329 12.59 -81.70 6.67799228620767 13.13917096804600
2007.1603 12.59 -81.70 -3.84510399011670 12.48720257051778
2007.1877 12.59 -81.70 -24.42343263866530 17.26617171013202
2007.2151 12.59 -81.70 -0.36609639033829 15.19239260178402
2007.2425 12.59 -81.70 19.15144857717515 14.53292825421938
2007.2699 12.59 -81.70 11.98935385786456 10.79241239324765
2007.2973 12.59 -81.70 8.51253619525482 10.09273411267706
2007.3247 12.59 -81.70 11.25481367440183 13.04871923248852
2007.3521 12.59 -81.70 -8.54877745719979 14.58687389376839
2007.3795 12.59 -81.70 13.96999151046330 15.50517675082086
2007.4068 12.59 -81.70 -3.39088061716321 12.37937134038436
2007.4342 12.59 -81.70 -0.54931972876405 11.65439863862108
2007.4616 12.59 -81.70 21.11973832376046 16.37949842523882
2007.4890 12.59 -81.70 -0.68970650408096 11.67622864075224
2007.5164 12.59 -81.70 -8.34153769233544 12.61000753533387
2007.5438 12.59 -81.70 8.51552324376357 12.06878807121707
2007.5712 12.59 -81.70 -5.32129740988366 12.40407129287856
2007.5986 12.59 -81.70 -17.57721521603754 15.69117253759826
2007.6260 12.59 -81.70 -25.47364330280509 12.28297123532229
2007.6534 12.59 -81.70 -12.82563034611694 12.55479662754136
2007.6808 12.59 -81.70 -16.36725168882954 13.09108789472120
2007.7082 12.59 -81.70 -6.21264517429658 8.88634952773621
2007.7356 12.59 -81.70 -15.50627819039953 13.44323949192703
2007.7630 12.59 -81.70 0.77337920758332 9.53840282673515
2007.7904 12.59 -81.70 22.89416104425480 13.44334327504071
2007.8178 12.59 -81.70 -4.26493611355910 15.92949196981008
2007.8452 12.59 -81.70 3.13138853148715 12.28136979852968
2007.8726 12.59 -81.70 -5.66488555017058 14.61515791598227
2007.9000 12.59 -81.70 5.94192125154251 15.44803255621775
2007.9274 12.59 -81.70 26.33008043584101 15.32286647081700
2007.9548 12.59 -81.70 29.31531711406036 11.13876687571108
2007.9822 12.59 -81.70 22.55777574258674 14.18543733774812
2008.0096 12.59 -81.70 16.91959957318950 12.32316329277327
2008.0370 12.59 -81.70 18.69843659733888 12.93153268827609
2008.0644 12.59 -81.70 46.34887314999571 15.31271645557570
2008.0918 12.59 -81.70 -4.07610485513419 11.45249247573158
2008.1192 12.59 -81.70 -6.62496896580576 14.10325166239340
2008.1466 12.59 -81.70 3.87606151794869 16.73785349710282
2008.1740 12.59 -81.70 -6.44664347131504 14.39407271394260
2008.2014 12.59 -81.70 -10.42745472642067 15.94070875744812
2008.2288 12.59 -81.70 -11.46427730051649 17.45678500759337
2008.2562 12.59 -81.70 -13.98479311238590 16.64004463998756
2008.2836 12.59 -81.70 -1.71945415946862 20.08640214822336
2008.3110 12.59 -81.70 -1.21601432263256 21.03359985007367
2008.3384 12.59 -81.70 -15.98194043523375 15.40852649676030
2008.3658 12.59 -81.70 -10.38160355888508 15.54034133747347
2008.3932 12.59 -81.70 4.22323073750954 13.70924312894732
2008.4205 12.59 -81.70 14.10832579100632 11.90619393603203
2008.4479 12.59 -81.70 5.41854526293484 12.40180317617367
2008.4753 12.59 -81.70 7.28198107947943 11.89144267117298
2008.5027 12.59 -81.70 13.48491308513343 14.70989117157565
2008.5301 12.59 -81.70 6.57383062616019 18.20360035971710
2008.5575 12.59 -81.70 -9.71389870243256 11.34067952738604
2008.5849 12.59 -81.70 -3.67222838971710 13.70639160319777
2008.6123 12.59 -81.70 -9.03992627953879 10.80824990203183
2008.6397 12.59 -81.70 -18.92275576564716 12.12048283192043
2008.6671 12.59 -81.70 -15.16680980646041 11.47606336067523
2008.6945 12.59 -81.70 -10.27823064318776 11.06706946793088
2008.7219 12.59 -81.70 -12.64826132730577 13.23321276289613
2008.7493 12.59 -81.70 -0.41526271543528 11.82528329178018
2008.7767 12.59 -81.70 -2.15069394319052 14.33211930233124
2008.8041 12.59 -81.70 4.23595784916850 14.49294893928682
2008.8315 12.59 -81.70 21.23289453311421 16.22618211234063
2008.8589 12.59 -81.70 38.68725290738340 19.01129309771209
2008.8863 12.59 -81.70 9.19996770132031 18.21253240531277
2008.9137 12.59 -81.70 22.47404699595355 17.47654479519569
2008.9411 12.59 -81.70 34.57773200438469 17.93968574791847
2008.9685 12.59 -81.70 4.06681909120580 16.67941968642612
2008.9945 12.59 -81.70 -11.49806548613601 14.23748642825221
2009.0205 12.59 -81.70 -14.58798665759847 14.20709830386832
2009.0479 12.59 -81.70 -2.93589731573968 14.22174673688263
2009.0753 12.59 -81.70 20.93222439026879 13.32188455749683
2009.1027 12.59 -81.70 -16.32073481934292 17.05768318071397
2009.1301 12.59 -81.70 -18.45994898239826 13.20592227841192
2009.1575 12.59 -81.70 -30.34761725884632 13.28257731742946
2009.1849 12.59 -81.70 15.68584470822561 16.06545718026817
2009.2123 12.59 -81.70 4.09220302874365 13.00658223595039
2009.2397 12.59 -81.70 13.83426956588080 15.32103604339733
2009.2671 12.59 -81.70 15.83191720163081 12.62918837862762
2009.2945 12.59 -81.70 11.66728166598745 13.02341747813675
2009.3219 12.59 -81.70 28.65491029042817 13.53046967222378
2009.3493 12.59 -81.70 13.79330242582693 12.25828996094874
2009.3767 12.59 -81.70 1.23820732525217 12.90686455565284
2009.4041 12.59 -81.70 -4.46346617048026 11.05434881849995
2009.4315 12.59 -81.70 23.16476920817604 13.16899474608633
2009.4589 12.59 -81.70 -21.85452088418285 10.64183008613161
2009.4863 12.59 -81.70 -18.96301497790572 11.86393683461695
2009.5137 12.59 -81.70 18.26156932238299 11.05597221761587
2009.5411 12.59 -81.70 10.76240715701672 13.93392662669468
2009.5685 12.59 -81.70 -2.13484857906723 14.94206062321120
2009.5959 12.59 -81.70 -6.03613430269106 12.91814442004817
2009.6233 12.59 -81.70 8.99202908257669 13.83096534138074
2009.6507 12.59 -81.70 5.13328075896350 13.35805047789353
2009.6781 12.59 -81.70 -2.58196051942338 14.54521235156426
2009.7055 12.59 -81.70 -34.24577558141915 15.34651324896357
2009.7329 12.59 -81.70 -7.59277513613079 14.60585556944203
2009.7603 12.59 -81.70 8.23535744792717 16.75260326884641
2009.7877 12.59 -81.70 -2.47036071950948 15.40999522924134
2009.8151 12.59 -81.70 2.89196186334106 16.80333128271277
2009.8425 12.59 -81.70 -9.08323337265586 15.09530237186865
2009.8699 12.59 -81.70 14.83551018417384 14.33269261943176
2009.8973 12.59 -81.70 9.01800649972099 13.30957984347879
2009.9247 12.59 -81.70 16.94458605650300 12.78483614973855
2009.9521 12.59 -81.70 -16.89379945817150 12.17046535920142
2009.9795 12.59 -81.70 -40.69153323696826 12.51352545855667
2010.0068 12.59 -81.70 14.75768462460301 16.52905555309689
2010.0342 12.59 -81.70 13.89800871670695 12.37577308913844
2010.0616 12.59 -81.70 -7.69564855674927 12.81261018432593
2010.0890 12.59 -81.70 18.19925506023990 15.90774606465260
2010.1164 12.59 -81.70 6.72086565133676 16.43535154404756
2010.1438 12.59 -81.70 14.34597090633191 15.44408654698216
2010.1712 12.59 -81.70 -11.31074303375376 14.71744805428278
2010.1986 12.59 -81.70 -23.99194890389832 14.06622359859470
2010.2260 12.59 -81.70 -31.22993494743327 15.43609024281446
2010.2534 12.59 -81.70 -11.78896044424474 15.79511826787319
2010.2808 12.59 -81.70 -35.45251608530101 11.78629226516593
2010.3082 12.59 -81.70 -2.95049318213324 12.51994325558838
2010.3356 12.59 -81.70 -12.44145740069124 10.94654923997533
2010.3630 12.59 -81.70 -0.71041995742019 11.72518818995890
2010.3904 12.59 -81.70 2.06227095777418 11.71171976233319
2010.4178 12.59 -81.70 -0.29408105568076 12.53487241951804
2010.4452 12.59 -81.70 24.28649208485100 10.83845389921393
2010.4726 12.59 -81.70 25.33959903166046 9.57495326542380
2010.5000 12.59 -81.70 0.02456413187960 11.21313993580137
2010.5274 12.59 -81.70 19.18852261126561 19.25792607655825
2010.5548 12.59 -81.70 -11.57933192877912 11.79743219639127
2010.5822 12.59 -81.70 -33.04105516410535 10.51807024470708
2010.6096 12.59 -81.70 -9.87370297496003 14.25134844100158
2010.6370 12.59 -81.70 -19.46377069476909 12.46148540432285
2010.6644 12.59 -81.70 -15.25213718876712 11.53190673533042
2010.6918 12.59 -81.70 -19.62576092184670 14.36194648243164
2010.7192 12.59 -81.70 -18.96037676465529 13.28419051558651
2010.7466 12.59 -81.70 -9.68840328696431 15.82609948253091
2010.7740 12.59 -81.70 -4.54265242570904 12.16217449718575
2010.8014 12.59 -81.70 -19.67368742051965 11.68428824214207
2010.8288 12.59 -81.70 -0.41304994857191 13.66439339820445
2010.8562 12.59 -81.70 -1.60138926010654 13.30430451364655
2010.8836 12.59 -81.70 19.90048849501428 12.01668816166523
2010.9110 12.59 -81.70 1.61221033565885 13.44662574787407
2010.9384 12.59 -81.70 9.20847914494765 14.05587160305147
2010.9658 12.59 -81.70 10.54000468990992 15.64609302802486
2010.9932 12.59 -81.70 13.43728977644748 11.12877141731675
2011.1027 12.59 -81.70 5.81346809342472 11.01853473572992
2011.1301 12.59 -81.70 41.68463169599417 18.48416947988187
2011.1575 12.59 -81.70 19.48308047807809 11.70149158160339
2011.1849 12.59 -81.70 9.73678968958053 8.84895888890217
2011.2123 12.59 -81.70 14.64476560487122 15.67306615365071
2011.2397 12.59 -81.70 -1.93069706334885 16.57216540377896
2011.2671 12.59 -81.70 10.97286503945932 12.95271428799491
2011.2945 12.59 -81.70 -6.50670273211010 15.54859304191868
2011.3219 12.59 -81.70 30.23859166744298 14.47553889251397
2011.3493 12.59 -81.70 30.25304592242301 12.68786710373269
2011.3767 12.59 -81.70 42.57347059289302 15.26708194650590
2011.4041 12.59 -81.70 6.71459526313188 13.03333400863773
2011.4315 12.59 -81.70 4.81615645354454 12.79005958501941
2011.5137 12.59 -81.70 -11.74311276734531 11.56005923185406
2011.5411 12.59 -81.70 -11.26117742635233 12.63099037609311
2011.5685 12.59 -81.70 1.57638007786630 12.14570646066003
2011.5959 12.59 -81.70 -35.65189672315312 13.22945810612012
2011.6233 12.59 -81.70 -24.98300601352827 13.06910652376813
2011.6507 12.59 -81.70 -11.57646467869848 16.15868030496008
2011.6781 12.59 -81.70 -22.22605978601079 14.99272386060782
2011.7055 12.59 -81.70 -31.05060237642058 15.11264899279316
2011.7329 12.59 -81.70 -6.68444222266258 17.87762210094721
2011.7603 12.59 -81.70 -10.08346333466617 15.08277392582715
2011.7877 12.59 -81.70 -26.92482646681330 16.23356718716848
2011.8151 12.59 -81.70 6.72076785998396 15.82939952123620
2011.8425 12.59 -81.70 -7.08595166225965 17.52071938354900
2011.8699 12.59 -81.70 -5.18906865951176 16.14603582493569
2011.9521 12.59 -81.70 14.31161648111910 9.81314342878854
2011.9795 12.59 -81.70 9.46382905665777 13.72242877485681
2012.0068 12.59 -81.70 -18.63168526006346 12.57385973369730
2012.0342 12.59 -81.70 45.81897359911996 15.27734721673545
2012.0616 12.59 -81.70 15.87436017733884 13.18501153450316
2012.0890 12.59 -81.70 21.99087175930304 12.93481761477763
2012.1164 12.59 -81.70 6.32891472480445 12.50064327027875
2012.1438 12.59 -81.70 -1.54714156473841 13.02157040285432
2012.1712 12.59 -81.70 4.64315310382567 12.13194185512063
2012.1986 12.59 -81.70 11.28755313273307 10.99133667522734
2012.2260 12.59 -81.70 8.29353859860569 11.37712586873425
2012.2534 12.59 -81.70 9.01503644374379 11.09485384812021
2012.2808 12.59 -81.70 14.27966737244301 10.33386532350088
2012.3082 12.59 -81.70 19.77334127318148 11.36394299847347
2012.3904 12.59 -81.70 6.26073521673242 11.91731075571302
2012.4178 12.59 -81.70 15.23999966141165 9.33875698097930
2012.4452 12.59 -81.70 -2.59284338112037 9.16281346944821
2012.4726 12.59 -81.70 6.51343971301893 10.02371484570515
2012.5000 12.59 -81.70 2.53026700425694 9.41956051255482
2012.5274 12.59 -81.70 -9.11883501643371 10.08496714226082
2012.5548 12.59 -81.70 -14.16631530692188 10.07835680339525
2012.5822 12.59 -81.70 -16.95552722786457 10.84602051617839
2012.6096 12.59 -81.70 -15.70498617997711 10.77060976662324
2012.6370 12.59 -81.70 -12.53544192432936 9.82854642770490
2012.6644 12.59 -81.70 -5.27226411800612 10.91895923466163
2012.6918 12.59 -81.70 -32.90315043794375 11.30287661583196
2012.7192 12.59 -81.70 -33.23750520576390 14.01621069327514
2012.7466 12.59 -81.70 -21.43967938876332 9.06538216200890
2012.8562 12.59 -81.70 -7.64426263140212 14.33833472935863
2012.8836 12.59 -81.70 40.24945448317992 13.54487455842977
2012.9110 12.59 -81.70 10.10479848991503 12.74060259749343
2012.9384 12.59 -81.70 -6.71377267016401 11.84330988392276
2012.9658 12.59 -81.70 -5.40899950655352 13.92188420875068
2012.9918 12.59 -81.70 -0.32464250711316 6.43035781648981
2013.0178 12.59 -81.70 1.52078303004075 7.83016929086039
2013.0452 12.59 -81.70 20.58727411734364 7.73559048875413
2013.0726 12.59 -81.70 23.62536129474141 7.03256521200621
2013.1000 12.59 -81.70 13.83271478064810 7.24240500848396
2013.1274 12.59 -81.70 -8.04374648623344 6.57573632112598
2013.1548 12.59 -81.70 6.95831199590838 5.89887737455828
2013.2644 12.59 -81.70 14.06492089062090 6.66004064100220
2013.2918 12.59 -81.70 0.85086322282486 6.81935194442032
2013.3192 12.59 -81.70 0.22358551908791 7.71951069835684
2013.3466 12.59 -81.70 8.97671676386419 7.96474457118539
2013.3740 12.59 -81.70 24.47388775520213 6.66074630522384
2013.4014 12.59 -81.70 -2.43746882094486 6.92105786552831
2013.4288 12.59 -81.70 -37.52638507180554 5.89767122045667
2013.4562 12.59 -81.70 0.52401852051267 5.98133246036714
2013.4836 12.59 -81.70 -9.01765605446754 6.20654459838233
2013.5110 12.59 -81.70 -11.91566514749859 7.19981187433679
2013.5384 12.59 -81.70 -16.12625167595118 6.80793643280728
2013.5658 12.59 -81.70 -14.96736508728348 7.30659275621522
2013.7575 12.59 -81.70 -6.62933374724443 6.69130793997983
2013.7849 12.59 -81.70 5.07747379618457 7.07695706020799
2013.8123 12.59 -81.70 0.42903252099212 6.41403387506047
2013.8397 12.59 -81.70 15.97427506196973 6.52860210127083
2013.8671 12.59 -81.70 14.22266951880556 6.93219774664839
2013.8945 12.59 -81.70 12.87281289901179 6.49017543738219
2013.9219 12.59 -81.70 26.81439494214502 5.60064675037358
2013.9493 12.59 -81.70 13.92987482041938 6.09529766107119
2013.9767 12.59 -81.70 8.90862965576894 6.04818834668570
2014.0041 12.59 -81.70 8.21779015582796 5.87142722030949
2014.0315 12.59 -81.70 -1.05151013242264 6.21758317922964
2014.1685 12.59 -81.70 6.18313085274634 6.48887842593770
2014.1959 12.59 -81.70 1.95224693479224 6.94010156724109
2014.2233 12.59 -81.70 -4.69489792845893 6.46586721500590
2014.2507 12.59 -81.70 16.16854069016419 5.84961154467598
2014.2781 12.59 -81.70 12.67576158900857 6.28208858648404
2014.3055 12.59 -81.70 20.04205707453603 5.98121808551459
2014.3329 12.59 -81.70 4.54792583254075 4.69102744985832
2014.3603 12.59 -81.70 -4.42737139689924 5.52351617311385
2014.3877 12.59 -81.70 -10.06787440326711 5.53889548780897
2014.4151 12.59 -81.70 -9.31421620329402 5.44866733041476
2014.4425 12.59 -81.70 -29.50707475588815 5.84532673099147
2014.4699 12.59 -81.70 -0.65493764129300 5.71378841249086
2014.5795 12.59 -81.70 -31.52627485459627 4.48669042119783
2014.6068 12.59 -81.70 -37.90107059556335 4.93266757193752
2014.6342 12.59 -81.70 -50.41392700014686 4.32840357191759
2014.6616 12.59 -81.70 -24.11812268401810 5.03676921694579
2014.6890 12.59 -81.70 -29.10395703262476 4.90510430457096
2014.7164 12.59 -81.70 -41.44396012268882 4.78280309969481
2014.7438 12.59 -81.70 -29.03942872786325 5.32754664010596
2014.7712 12.59 -81.70 -26.74567260093115 5.26158359783055
2014.7986 12.59 -81.70 -24.41422669416371 4.50020427302189
2014.8260 12.59 -81.70 -18.87962300953782 4.45214026890340
2014.8534 12.59 -81.70 -14.45831094619515 4.76575726811726
2014.8808 12.59 -81.70 13.27388371341464 4.78539580264144
2014.9082 12.59 -81.70 5.49895770388290 4.90365827458159
2015.0452 12.59 -81.70 -13.12315798255698 3.41038963726188
2015.0726 12.59 -81.70 2.31921179447400 3.88831673063762
2015.1000 12.59 -81.70 7.32596334521949 3.30966052427123
2015.1274 12.59 -81.70 1.45814961897977 3.05261103005891
2015.1548 12.59 -81.70 -6.08637740593387 3.73956164703209
2015.1822 12.59 -81.70 -23.44043132799469 3.42060659222328
2015.2096 12.59 -81.70 -2.70883568862988 5.06971737991074
2015.2370 12.59 -81.70 -34.48493303288724 5.56842713297771
2015.2644 12.59 -81.70 -14.26299025501963 4.77836280514327
2015.2918 12.59 -81.70 -17.93532153970142 4.65895228530612
2015.3192 12.59 -81.70 -7.66291027465206 4.47146117216009
2015.3466 12.59 -81.70 -23.96961694641726 4.90854230458500
2015.4836 12.59 -81.70 -17.03696084216139 3.98473812415201
2015.5110 12.59 -81.70 -14.50236963839997 3.94614647372910
2015.5384 12.59 -81.70 -5.91837968287287 4.47037215391664
2015.5658 12.59 -81.70 -27.53517861718309 4.78539877395160
2015.5932 12.59 -81.70 -27.16441069835611 5.08756598015734
2015.6205 12.59 -81.70 -25.64530575037024 4.78262468591404
2015.6479 12.59 -81.70 -22.47945705454948 4.68125710596330
2015.6753 12.59 -81.70 -49.90879570507932 4.36177687569400
2015.7027 12.59 -81.70 -40.42880120520805 4.98233707958510
2015.7301 12.59 -81.70 -30.04253912916527 4.87948571944465
2015.9493 12.59 -81.70 7.44935724595520 4.68914904304522
2015.9767 12.59 -81.70 -4.79660133062783 5.25112225460194
2016.0041 12.59 -81.70 -2.34342599276976 4.62383463047744
2016.0315 12.59 -81.70 -9.86405094096597 4.39117235616914
2016.0589 12.59 -81.70 3.55904517448727 4.47873435978427
2016.0863 12.59 -81.70 1.28142935768491 3.86822939785743
2016.1137 12.59 -81.70 -14.38376082796448 4.58932891436937
2016.1411 12.59 -81.70 -43.81178552074336 5.74408459941346
2016.1685 12.59 -81.70 1.12073415317295 6.38548489603356
2016.1959 12.59 -81.70 -22.85458501608371 6.27475621452666
2016.2233 12.59 -81.70 -27.85409769914006 6.41387795336237
2016.2507 12.59 -81.70 -0.77432052127784 4.69705866253361
2016.3603 12.59 -81.70 -0.57245063698509 4.35261463714090
2016.3877 12.59 -81.70 -7.04925505734894 5.38382209366038
2016.4151 12.59 -81.70 -11.61268400661284 5.19562739694335
2016.4425 12.59 -81.70 -12.92556495254980 5.73490328333166
2016.4699 12.59 -81.70 -14.86114461625391 5.59947990769768
