2002.5877 33.12 -95.63 -21.73968757670302 9.62848985622172
2002.6151 33.12 -95.63 -28.23005332730429 9.36612786335648
2002.6425 33.12 -95.63 -12.15832980784419 9.57107471249959
2002.6699 33.12 -95.63 22.24149665762910 8.02368129530096
2002.6973 33.12 -95.63 0.02441185805835 12.51556528548485
2002.7247 33.12 -95.63 21.06932502146523 9.09568263892796
2002.7521 33.12 -95.63 -0.79825996618138 8.32495533613898
2002.7795 33.12 -95.63 6.54308651657930 9.52976958044887
2002.8068 33.12 -95.63 6.62022521768770 8.63907363433989
2002.8342 33.12 -95.63 -5.05172897318744 8.48016831918772
2002.8616 33.12 -95.63 -2.72224240159322 8.05665578559389
2002.8890 33.12 -95.63 -6.61157865374577 8.63170988225887
2002.9164 33.12 -95.63 -10.41040349210316 8.91172186414001
2003.0260 33.12 -95.63 39.46497015993911 9.93984249433790
2003.0534 33.12 -95.63 76.58198897511737 17.50280070504986
2003.0808 33.12 -95.63 20.59239488648991 14.41298238309816
2003.1082 33.12 -95.63 10.51758906583499 7.94929180620530
2003.1356 33.12 -95.63 38.04398944653014 7.30558076376505
2003.1630 33.12 -95.63 21.32354593695206 7.98333602175169
2003.1904 33.12 -95.63 34.99943010509864 9.32894304511776
2003.2178 33.12 -95.63 7.91902417037550 7.87863921438491
2003.2452 33.12 -95.63 30.63472883707326 7.85126586198077
2003.2726 33.12 -95.63 45.81153220879835 7.63171599923761
2003.3000 33.12 -95.63 11.04666460438168 7.49589844715049
2003.3274 33.12 -95.63 1.80014389585059 10.08932310311203
2003.3548 33.12 -95.63 8.95135738574287 11.51777129197777
2003.3822 33.12 -95.63 35.31953573165390 9.66498524758020
2003.5192 33.12 -95.63 17.91145301541868 11.27729745159910
2003.5466 33.12 -95.63 33.86675384989705 12.90187369318266
2003.5740 33.12 -95.63 -15.33680614582578 15.49357989335915
2003.6014 33.12 -95.63 -26.92845575966913 12.94129988938466
2003.6288 33.12 -95.63 -15.03545239288935 11.86313847102645
2003.6562 33.12 -95.63 -27.55611172405930 12.98663906614651
2003.6836 33.12 -95.63 -13.58200295812157 13.06581475306249
2003.7110 33.12 -95.63 1.78460292906686 9.58993552589172
2003.7384 33.12 -95.63 -28.59600655115316 12.21576517241114
2003.7658 33.12 -95.63 -11.37645081048230 11.10853314176857
2003.7932 33.12 -95.63 -22.00961138528833 12.66231126795685
2003.8205 33.12 -95.63 -35.14097754750528 13.42388893891920
2003.8479 33.12 -95.63 -14.56378986624497 11.29274253320868
2003.8753 33.12 -95.63 -12.35681325911465 12.51438560690269
2003.9027 33.12 -95.63 -6.44070960067393 10.92054573480754
2003.9301 33.12 -95.63 7.90730785748805 11.71350110221158
2003.9575 33.12 -95.63 -10.87570668162359 13.66437320394531
2003.9849 33.12 -95.63 -7.48378263762493 12.75532597482299
2004.0123 33.12 -95.63 -0.43264772421945 13.69607063283198
2004.0397 33.12 -95.63 -9.84614650743032 10.26036229957371
2004.0945 33.12 -95.63 -24.50207684904562 9.57548705021054
2004.1219 33.12 -95.63 29.98671123845665 11.19913890070382
2004.1493 33.12 -95.63 22.75313169887482 13.37583547672604
2004.1767 33.12 -95.63 44.23883787332615 14.76676770982054
2004.2041 33.12 -95.63 28.55989875877637 11.53266371325698
2004.2315 33.12 -95.63 9.11030310109882 11.70333603362846
2004.2589 33.12 -95.63 5.16666745811077 12.04472914354630
2004.2863 33.12 -95.63 26.97935680953060 12.12761185233890
2004.3137 33.12 -95.63 4.57181912940015 11.44399892439406
2004.3411 33.12 -95.63 12.67546367653982 12.72372465288784
2004.3685 33.12 -95.63 10.91620619777694 11.92382941858749
2004.3959 33.12 -95.63 3.69653529522768 10.21867723584461
2004.4233 33.12 -95.63 5.18053298964725 9.76829130380053
2004.4507 33.12 -95.63 16.71301178077527 8.75585315359282
2004.4781 33.12 -95.63 12.37284600718305 9.75310453589846
2004.5055 33.12 -95.63 19.82595820785969 9.45201155574556
2004.5329 33.12 -95.63 35.30900693505132 8.80965406005786
2004.5603 33.12 -95.63 -4.83667782878527 9.15967705216814
2004.5877 33.12 -95.63 14.23726088598317 9.16178039521460
2004.6151 33.12 -95.63 4.97876481265587 10.16700223812779
2004.6425 33.12 -95.63 8.84978344119879 8.44517401670346
2004.6699 33.12 -95.63 3.57389693471521 8.41644987300544
2004.6973 33.12 -95.63 -12.29209949900182 7.80332080126307
2004.7247 33.12 -95.63 -26.32883537816861 9.14651724100449
2004.7521 33.12 -95.63 -16.65317114687660 8.65655939809698
2004.7795 33.12 -95.63 1.35496910288179 8.52914361667174
2004.8068 33.12 -95.63 20.40480479656124 9.66081446471167
2004.8342 33.12 -95.63 2.94695321206868 9.56497299309514
2004.8616 33.12 -95.63 16.77680678129202 8.19818728580776
2004.8890 33.12 -95.63 12.86293119408672 8.25261901155637
2004.9164 33.12 -95.63 26.18075656614083 9.19471626067149
2004.9438 33.12 -95.63 43.56912683602214 9.88498041842782
2004.9712 33.12 -95.63 58.32015697245063 9.37072033420800
2004.9973 33.12 -95.63 12.30924038377430 8.83878176946649
2005.0233 33.12 -95.63 21.57723330798393 10.77129708183797
2005.0507 33.12 -95.63 29.25532027286646 17.04457007305611
2005.0781 33.12 -95.63 18.06028256637027 12.36552276693737
2005.1055 33.12 -95.63 50.52754016381711 12.20690622846072
2005.1329 33.12 -95.63 25.75107752615283 12.52282158558833
2005.1603 33.12 -95.63 25.82994283869501 10.84618751065521
2005.1877 33.12 -95.63 18.25422558738184 10.66882684420823
2005.2151 33.12 -95.63 18.57171118174476 9.78000267512920
2005.2425 33.12 -95.63 41.91599700262829 9.65229932570521
2005.2699 33.12 -95.63 12.53925033556325 10.44427324669065
2005.2973 33.12 -95.63 23.36777812940932 11.12081253526082
2005.3247 33.12 -95.63 -3.01489103645215 11.74441993519161
2005.3521 33.12 -95.63 -12.33684024575034 4.10138054477850
2005.3795 33.12 -95.63 -12.97077601940424 10.87901303196330
2005.4068 33.12 -95.63 -3.76816860517756 9.76865582183074
2005.4342 33.12 -95.63 -0.67555730991585 11.19144677900165
2005.4616 33.12 -95.63 -15.03601330437335 10.28472827208952
2005.4890 33.12 -95.63 -31.36426932732363 9.73084666342461
2005.5164 33.12 -95.63 -29.30718496844919 9.67247586404123
2005.5438 33.12 -95.63 -30.90243460343556 10.73679816125192
2005.5712 33.12 -95.63 -9.13618173704350 11.85065903048889
2005.5986 33.12 -95.63 -18.98055582779866 12.12597086072205
2005.6260 33.12 -95.63 -26.79544687167682 10.55068340235787
2005.6534 33.12 -95.63 -13.84569345040959 11.30339437256951
2005.6808 33.12 -95.63 -35.36083322839551 11.02001464738654
2005.7082 33.12 -95.63 -35.33993711910379 13.82437365667899
2005.7356 33.12 -95.63 -48.01550040438642 11.96565237677209
2005.7630 33.12 -95.63 -35.19375394711796 11.98531885563169
2005.7904 33.12 -95.63 -23.63919310764458 11.04016261879686
2005.8178 33.12 -95.63 -25.79535319156470 11.45591388853612
2005.8452 33.12 -95.63 -41.73413500155008 12.24266538178335
2005.8726 33.12 -95.63 -48.18779286631600 10.51600169527112
2005.9000 33.12 -95.63 -39.10575260589780 10.14085331319391
2005.9274 33.12 -95.63 -46.49566684166800 9.82628648587977
2005.9548 33.12 -95.63 -38.97518231147243 8.37333634698181
2005.9822 33.12 -95.63 -63.81778158348732 9.17553076198164
2006.0096 33.12 -95.63 -60.29737091912252 10.61249519965706
2006.0370 33.12 -95.63 -47.36007864832445 13.78490817718392
2006.0644 33.12 -95.63 -40.35154189629935 13.93162991134458
2006.0918 33.12 -95.63 -21.50165044846906 14.07584489251536
2006.1192 33.12 -95.63 -36.76121110370268 16.51122406250520
2006.1466 33.12 -95.63 -30.57959292821657 12.54118873973534
2006.1740 33.12 -95.63 -22.79426961528389 14.69614572981548
2006.2014 33.12 -95.63 -9.76769449921532 10.85206709213991
2006.2288 33.12 -95.63 2.46578896925802 14.81786360428699
2006.2562 33.12 -95.63 2.69817374370067 14.01136958667910
2006.2836 33.12 -95.63 -6.62831363569419 13.55406965563671
2006.3110 33.12 -95.63 -17.60846219972827 14.59924959213534
2006.3384 33.12 -95.63 -2.55217458682035 13.14356918045819
2006.3658 33.12 -95.63 2.90712919962044 14.68595502302443
2006.3932 33.12 -95.63 -19.98382796290025 14.35705001495579
2006.4205 33.12 -95.63 -45.43237802148124 14.28921863397096
2006.4479 33.12 -95.63 -27.16494597135545 15.19198302299868
2006.4753 33.12 -95.63 -44.58660878029301 15.83931765866082
2006.5027 33.12 -95.63 -27.42561302784586 16.59545439908060
2006.5301 33.12 -95.63 -35.46074641840643 20.27400358644243
2006.5575 33.12 -95.63 -31.90673155856652 15.73716113066629
2006.5849 33.12 -95.63 -20.47487730404396 16.24468400634442
2006.6123 33.12 -95.63 -60.47307213865652 21.06056276355456
2006.6397 33.12 -95.63 -44.94954043180580 17.37929434619268
2006.6671 33.12 -95.63 -48.64297528363553 15.40529786990258
2006.6945 33.12 -95.63 -51.86936159671327 20.32518653868895
2006.7219 33.12 -95.63 -66.68050953538827 18.34253567384140
2006.7493 33.12 -95.63 -60.41482286532629 22.43602141088554
2006.7767 33.12 -95.63 -75.77702907404952 19.54810311733797
2006.8041 33.12 -95.63 -48.90508859675889 15.28075569649634
2006.8315 33.12 -95.63 -44.83476819096819 18.24963374828746
2006.8589 33.12 -95.63 -55.27377323207619 17.57875261799738
2006.8863 33.12 -95.63 -41.14945298759125 16.62170889591915
2006.9137 33.12 -95.63 -31.88110421924266 15.87863443746937
2006.9411 33.12 -95.63 -27.02504910605292 15.52286511602252
2006.9685 33.12 -95.63 -30.75047515286908 15.12210286317941
2006.9959 33.12 -95.63 -20.86235227809367 14.64677322201078
2007.0233 33.12 -95.63 0.71769984342982 13.26174632583020
2007.0507 33.12 -95.63 20.40677231150613 14.15303186007523
2007.0781 33.12 -95.63 20.63059117095522 15.15346086236448
2007.1055 33.12 -95.63 33.66932197310305 13.29466025796452
2007.1329 33.12 -95.63 11.33053797174856 14.70641204541224
2007.1603 33.12 -95.63 19.70846894944085 13.99511407995938
2007.1877 33.12 -95.63 16.02382159436197 19.19230997297176
2007.2151 33.12 -95.63 11.56621317015089 16.92709649793913
2007.2425 33.12 -95.63 -1.58414355827611 16.19441142052321
2007.2699 33.12 -95.63 -3.08978825930883 12.09844638963783
2007.2973 33.12 -95.63 15.08883983038972 11.32831398800078
2007.3247 33.12 -95.63 -7.53649407930891 14.57216792607621
2007.3521 33.12 -95.63 -4.19203837372294 16.25838606561430
2007.3795 33.12 -95.63 -1.59800762295807 17.26099862033245
2007.4068 33.12 -95.63 7.61164329201799 13.83391795264181
2007.4342 33.12 -95.63 -0.80728757905129 13.05894679991605
2007.4616 33.12 -95.63 34.43403616242513 18.21076205399348
2007.4890 33.12 -95.63 26.78570420885265 13.07414415472339
2007.5164 33.12 -95.63 59.57216813957836 14.08867240714432
2007.5438 33.12 -95.63 67.06037474842563 13.51215655322395
2007.5712 33.12 -95.63 60.61617397202566 13.88679396634522
2007.5986 33.12 -95.63 33.13864183415936 17.50264869130722
2007.6260 33.12 -95.63 19.20388966145016 13.76516492992452
2007.6534 33.12 -95.63 25.45707665237737 14.05772277538351
2007.6808 33.12 -95.63 25.29497075682792 14.67936282342178
2007.7082 33.12 -95.63 8.99372129717575 10.01421720625582
2007.7356 33.12 -95.63 -3.61382676267608 15.06283270544440
2007.7630 33.12 -95.63 -38.55411135282989 10.72778449457383
2007.7904 33.12 -95.63 -6.47065543843334 15.04285472052531
2007.8178 33.12 -95.63 -5.48680901202543 17.78136957374926
2007.8452 33.12 -95.63 -28.28368292535463 13.76922537753569
2007.8726 33.12 -95.63 -38.36183954110972 16.32947160036878
2007.9000 33.12 -95.63 -29.07271488541674 17.20048237548269
2007.9274 33.12 -95.63 -18.58783942095867 17.12564428579942
2007.9548 33.12 -95.63 -12.15733666030942 12.48661977868029
2007.9822 33.12 -95.63 6.04874640949447 15.84426844503410
2008.0096 33.12 -95.63 -21.41024340978675 13.78168060825955
2008.0370 33.12 -95.63 -12.91472790390243 14.42913683747804
2008.0644 33.12 -95.63 -13.79850917836117 17.04185998344335
2008.0918 33.12 -95.63 -28.15450304317706 12.83104478430922
2008.1192 33.12 -95.63 -8.99556389992296 15.71977210043666
2008.1466 33.12 -95.63 6.68068147011892 18.62002697038986
2008.1740 33.12 -95.63 16.59490889972157 16.04090946063930
2008.2014 33.12 -95.63 27.88476073784142 17.69725915747716
2008.2288 33.12 -95.63 46.99920153189670 19.53550675113594
2008.2562 33.12 -95.63 29.14629663986320 18.57787708037795
2008.2836 33.12 -95.63 47.27480957839664 22.42264238430347
2008.3110 33.12 -95.63 76.91857042925719 23.45209037792788
2008.3384 33.12 -95.63 15.26173423163774 17.19998690832813
2008.3658 33.12 -95.63 34.67867919076420 17.35719027481364
2008.3932 33.12 -95.63 29.08804353432275 15.36968644110842
2008.4205 33.12 -95.63 12.74717696691303 13.39002425888565
2008.4479 33.12 -95.63 11.46747304680983 13.90373053740063
2008.4753 33.12 -95.63 10.85283255242252 13.32551428779576
2008.5027 33.12 -95.63 -14.96587010350550 16.48401026325644
2008.5301 33.12 -95.63 -4.47690137899278 20.39730489009298
2008.5575 33.12 -95.63 -15.40957517100155 12.73947332082536
2008.5849 33.12 -95.63 -45.86632094609060 15.30969247406018
2008.6123 33.12 -95.63 -33.85241461034571 12.12789200340437
2008.6397 33.12 -95.63 -7.12577608560755 13.58526447326362
2008.6671 33.12 -95.63 -4.37056684019729 12.87987415719026
2008.6945 33.12 -95.63 15.47858410114569 12.40915574405840
2008.7219 33.12 -95.63 19.21333598816101 14.79988993245673
2008.7493 33.12 -95.63 -4.64673318108415 13.23519417347769
2008.7767 33.12 -95.63 -7.49610052761293 15.98011805091042
2008.8041 33.12 -95.63 -3.70609076083141 16.14498770633508
2008.8315 33.12 -95.63 -22.16448012522362 18.09128018696505
2008.8589 33.12 -95.63 -10.95571795943269 21.19395993310814
2008.8863 33.12 -95.63 -31.78028362058721 20.31830408625673
2008.9137 33.12 -95.63 -26.43872732200481 19.46559755401890
2008.9411 33.12 -95.63 -21.31233936666492 20.02469018264037
2008.9685 33.12 -95.63 -31.16828021157153 18.63784202526990
2008.9945 33.12 -95.63 -22.86905307450159 15.86256981145569
2009.0205 33.12 -95.63 -41.92462490771653 15.79440292836540
2009.0479 33.12 -95.63 -36.54043543009524 15.79923226464486
2009.0753 33.12 -95.63 -20.73899236254444 14.84355610006720
2009.1027 33.12 -95.63 -24.45547062835425 18.95345775864056
2009.1301 33.12 -95.63 -9.70572319814304 14.71152510523388
2009.1575 33.12 -95.63 -11.66387055074315 14.83666058590831
2009.1849 33.12 -95.63 15.04808696819694 17.82835567773007
2009.2123 33.12 -95.63 22.76159811957301 14.49787815615057
2009.2397 33.12 -95.63 11.22107195416414 17.04138505110916
2009.2671 33.12 -95.63 15.20733986611240 14.07133463389791
2009.2945 33.12 -95.63 11.88959641214995 14.49510554784543
2009.3219 33.12 -95.63 26.39419278540342 15.07631818828702
2009.3493 33.12 -95.63 12.70464536234591 13.67378123739326
2009.3767 33.12 -95.63 40.02939525030699 14.39251648211437
2009.4041 33.12 -95.63 23.90339837881783 12.36620372433025
2009.4315 33.12 -95.63 23.83544764246687 14.68881775827142
2009.4589 33.12 -95.63 -9.90386486833193 11.92771161062198
2009.4863 33.12 -95.63 -20.66546652112163 13.26127198639788
2009.5137 33.12 -95.63 -1.55694721785635 12.37464740945664
2009.5411 33.12 -95.63 2.29759251529478 15.59943456819934
2009.5685 33.12 -95.63 -17.96916536278912 16.72159121798781
2009.5959 33.12 -95.63 9.14252512537981 14.46821545524052
2009.6233 33.12 -95.63 -4.50452516024273 15.44287120832589
2009.6507 33.12 -95.63 1.30024658815517 14.91891052427863
2009.6781 33.12 -95.63 -2.10862064541649 16.22930161964346
2009.7055 33.12 -95.63 20.19648344098795 17.09704760960447
2009.7329 33.12 -95.63 8.26182574144472 16.29338359293391
2009.7603 33.12 -95.63 8.26313980570921 18.67896089403106
2009.7877 33.12 -95.63 38.91709202448150 17.18772148697538
2009.8151 33.12 -95.63 53.93237562722381 18.70938929066050
2009.8425 33.12 -95.63 56.25620387550170 16.81116465368773
2009.8699 33.12 -95.63 53.96023986083217 15.96848985972941
2009.8973 33.12 -95.63 38.46342989300991 14.83897565274937
2009.9247 33.12 -95.63 36.95161478839811 14.28490563308112
2009.9521 33.12 -95.63 34.94150548208331 13.59525292978688
2009.9795 33.12 -95.63 39.91195282175587 13.97813397841421
2010.0068 33.12 -95.63 61.84168431359098 18.39271449370953
2010.0342 33.12 -95.63 39.83149718600919 13.83451194669278
2010.0616 33.12 -95.63 48.15474382754225 14.28638051998710
2010.0890 33.12 -95.63 70.68218063534069 17.68676638582306
2010.1164 33.12 -95.63 66.40270628657275 18.27404353333279
2010.1438 33.12 -95.63 55.45508077650282 17.21914806689254
2010.1712 33.12 -95.63 57.18291864905315 16.42105359988182
2010.1986 33.12 -95.63 44.31089751685985 15.70432904943937
2010.2260 33.12 -95.63 29.15236745385677 17.23533145287794
2010.2534 33.12 -95.63 28.53826671388994 17.65422377711298
2010.2808 33.12 -95.63 26.24444639476664 13.21105941721254
2010.3082 33.12 -95.63 21.62207371976201 14.01030338721783
2010.3356 33.12 -95.63 38.30602828108791 12.28417590657768
2010.3630 33.12 -95.63 -12.70833982805294 13.15082011691552
2010.3904 33.12 -95.63 19.59362379966711 13.10911578803025
2010.4178 33.12 -95.63 -14.35684125059255 14.07260774019578
2010.4452 33.12 -95.63 4.36527140018998 12.20792641772914
2010.4726 33.12 -95.63 12.82361856191539 10.79179114265579
2010.5000 33.12 -95.63 19.17898981615524 12.58304804608450
2010.5274 33.12 -95.63 31.63320856606015 21.42501286913452
2010.5548 33.12 -95.63 10.42755513183454 13.18242124920290
2010.5822 33.12 -95.63 7.35073012525560 11.75889982225162
2010.6096 33.12 -95.63 -17.20772143586035 15.86347369289064
2010.6370 33.12 -95.63 -8.10072320314225 13.89017033317913
2010.6644 33.12 -95.63 -45.97636256152699 12.88567668485754
2010.6918 33.12 -95.63 -10.22571214019552 15.97710913367382
2010.7192 33.12 -95.63 -34.18978285065052 14.78979233949864
2010.7466 33.12 -95.63 -12.57513146714545 17.56096020342143
2010.7740 33.12 -95.63 -19.02111790872255 13.58917615707238
2010.8014 33.12 -95.63 -32.31580486252748 13.05753973600967
2010.8288 33.12 -95.63 -20.48111010382974 15.21363924253669
2010.8562 33.12 -95.63 -25.17947632231814 14.84761223033535
2010.8836 33.12 -95.63 -40.10597628706670 13.44892274366369
2010.9110 33.12 -95.63 -2.76379318365792 15.01976835812196
2010.9384 33.12 -95.63 -12.51920730311501 15.67934343718882
2010.9658 33.12 -95.63 14.84503992035612 17.41846079526616
2010.9932 33.12 -95.63 -16.20730661910831 12.31451948118680
2011.1027 33.12 -95.63 -21.29351581951890 12.34321040388184
2011.1301 33.12 -95.63 -13.10711349860218 20.62097989031906
2011.1575 33.12 -95.63 -22.61672333698811 13.14677795778454
2011.1849 33.12 -95.63 -25.62624199967636 9.96804405094336
2011.2123 33.12 -95.63 -14.14173999642027 17.50298738690426
2011.2397 33.12 -95.63 -13.05964244152999 18.45365022259890
2011.2671 33.12 -95.63 -25.99766899117910 14.49545475117863
2011.2945 33.12 -95.63 -49.77667691150459 17.32564078907987
2011.3219 33.12 -95.63 -32.04107541115506 16.15542191788053
2011.3493 33.12 -95.63 -15.80437555931591 14.19667695832955
2011.3767 33.12 -95.63 -41.79260546395030 17.00947242494595
2011.4041 33.12 -95.63 -51.23707967204850 14.58420767771560
2011.4315 33.12 -95.63 -43.44054430948066 14.23252612750724
2011.5137 33.12 -95.63 -42.19236150033739 12.97623170629948
2011.5411 33.12 -95.63 -37.89248993936199 14.17350341967501
2011.5685 33.12 -95.63 -51.77488746423754 13.64500285592389
2011.5959 33.12 -95.63 -29.26293640107199 14.84181462990860
2011.6233 33.12 -95.63 -16.87250812731315 14.67219335147664
2011.6507 33.12 -95.63 -33.02929276236107 18.04488450762474
2011.6781 33.12 -95.63 -51.03517279305382 16.74207620535399
2011.7055 33.12 -95.63 -44.30526252589595 16.85508953623598
2011.7329 33.12 -95.63 -53.87800481493395 19.86101406845261
2011.7603 33.12 -95.63 -86.08577184362007 16.80463744467043
2011.7877 33.12 -95.63 -70.45231277627390 18.04838633260497
2011.8151 33.12 -95.63 -54.40047527773621 17.60760254418887
2011.8425 33.12 -95.63 -60.15680822367897 19.41616085189944
2011.8699 33.12 -95.63 -67.31719310094567 17.92478643376663
2011.9521 33.12 -95.63 -9.68013486261187 10.84306430622869
2011.9795 33.12 -95.63 -5.88620849527471 15.17832564382994
2012.0068 33.12 -95.63 -24.01696515711006 13.98027593795970
2012.0342 33.12 -95.63 -62.14237791019072 16.93844094248868
2012.0616 33.12 -95.63 14.06308137716725 14.58023318687723
2012.0890 33.12 -95.63 8.65787144480707 14.30851485407923
2012.1164 33.12 -95.63 4.16988833167169 13.93333294244634
2012.1438 33.12 -95.63 -21.64607736054015 14.36303710944914
2012.1712 33.12 -95.63 -1.68093617589169 13.53101925711518
2012.1986 33.12 -95.63 -13.60422168605582 12.13662237368536
2012.2260 33.12 -95.63 -7.76348163061921 12.65610027242271
2012.2534 33.12 -95.63 17.18924984493887 12.26348489272028
2012.2808 33.12 -95.63 8.34605286579683 11.35459095850715
2012.3082 33.12 -95.63 -4.17422225262453 12.59403830113922
2012.3904 33.12 -95.63 -14.36137235010576 13.30600308565351
2012.4178 33.12 -95.63 7.94103528039304 10.36369440974998
2012.4452 33.12 -95.63 -7.24901381525844 10.15435216411626
2012.4726 33.12 -95.63 -12.23468733937588 11.05390883914092
2012.5000 33.12 -95.63 -32.97974179360912 10.39990259790948
2012.5274 33.12 -95.63 -32.86885946083290 11.20497313562765
2012.5548 33.12 -95.63 -38.34145600470088 11.19788053122201
2012.5822 33.12 -95.63 -27.19340378851414 11.91875639794123
2012.6096 33.12 -95.63 -53.48738255643707 11.93669552471775
2012.6370 33.12 -95.63 -44.74037300472001 10.88643511392045
2012.6644 33.12 -95.63 -25.14524553000831 12.04807998314901
2012.6918 33.12 -95.63 -38.95509031635729 12.50270169071120
2012.7192 33.12 -95.63 -46.78158252903742 15.47438591634569
2012.7466 33.12 -95.63 -36.17459763594680 9.99857061968569
2012.8562 33.12 -95.63 -40.80829175512801 15.89699463641841
2012.8836 33.12 -95.63 -22.71065424738934 15.05354421099662
2012.9110 33.12 -95.63 -27.94457147284135 14.17073740337370
2012.9384 33.12 -95.63 -61.99827763655826 13.20856209845192
2012.9658 33.12 -95.63 -38.98105529062084 15.44801469942451
2012.9918 33.12 -95.63 -38.71299349219900 7.12443512021501
2013.0178 33.12 -95.63 -1.83664968488685 8.64809384467255
2013.0452 33.12 -95.63 -0.06807468752463 8.55102268826424
2013.0726 33.12 -95.63 -3.11567308158631 7.78919227200209
2013.1000 33.12 -95.63 11.29617999994397 8.02106573706775
2013.1274 33.12 -95.63 -20.86509825535914 7.30227218019345
2013.1548 33.12 -95.63 2.23374651603381 6.53911842885082
2013.2644 33.12 -95.63 -1.42072762775437 7.19165150272444
2013.2918 33.12 -95.63 -3.61757888190676 7.57338289999318
2013.3192 33.12 -95.63 -2.10766298238396 8.54377433252750
2013.3466 33.12 -95.63 -18.88506598331011 8.81668090182747
2013.3740 33.12 -95.63 -20.20700803659914 7.38493703646460
2013.4014 33.12 -95.63 4.74134102254349 7.66372415550729
2013.4288 33.12 -95.63 5.41651910386502 6.55749224968622
2013.4562 33.12 -95.63 0.19740246399429 6.65399252065538
2013.4836 33.12 -95.63 -21.37550515025246 6.90385153958120
2013.5110 33.12 -95.63 -48.45900624897921 7.97171547699157
2013.5384 33.12 -95.63 -13.19777928387171 7.56247770873957
2013.5658 33.12 -95.63 21.01505161299150 8.10861598591865
2013.7575 33.12 -95.63 -27.72921194220634 7.45345989984059
2013.7849 33.12 -95.63 -68.17661011876005 7.87812648363626
2013.8123 33.12 -95.63 -40.53339601686621 7.13813300488369
2013.8397 33.12 -95.63 -65.44626945740285 7.26202246507165
2013.8671 33.12 -95.63 -49.52196566731001 7.72808332695327
2013.8945 33.12 -95.63 -35.21121626771764 7.21430630345894
2013.9219 33.12 -95.63 -12.80701608049858 6.23188010329723
2013.9493 33.12 -95.63 -11.10730185749459 6.77906678352210
2013.9767 33.12 -95.63 -4.26389440054041 6.73067090708249
2014.0041 33.12 -95.63 -26.46052955528673 6.53098033649640
2014.0315 33.12 -95.63 -10.17217016839626 6.90630192447627
2014.1685 33.12 -95.63 3.91043016844621 7.22660064043296
2014.1959 33.12 -95.63 19.88348181795057 7.71610958849073
2014.2233 33.12 -95.63 31.05924410554750 7.21693406009112
2014.2507 33.12 -95.63 11.12582035473443 6.52813863464676
2014.2781 33.12 -95.63 29.42747442400024 6.99060208099386
2014.3055 33.12 -95.63 33.27369975695320 6.65282784460218
2014.3329 33.12 -95.63 41.45675763617541 5.22291416645847
2014.3603 33.12 -95.63 31.21148814818157 6.14466004830445
2014.3877 33.12 -95.63 46.21574636857764 6.16125939425141
2014.4151 33.12 -95.63 21.41305317966415 6.06670108703271
2014.4425 33.12 -95.63 24.10474854229540 6.50792417469777
2014.4699 33.12 -95.63 31.97056701032597 6.36678893576704
2014.5795 33.12 -95.63 19.41013156713498 5.01770637497063
2014.6068 33.12 -95.63 16.69103825683709 5.53779241698086
2014.6342 33.12 -95.63 28.55495346044382 4.86554214653296
2014.6616 33.12 -95.63 -8.51916270292356 5.65483987102422
2014.6890 33.12 -95.63 -9.98903919240092 5.50651939593621
2014.7164 33.12 -95.63 -0.79354641179347 5.37192343959660
2014.7438 33.12 -95.63 -10.30493809595230 5.97762983258376
2014.7712 33.12 -95.63 -33.54845012129576 5.89875601461098
2014.7986 33.12 -95.63 0.33643873867310 5.05015669569044
2014.8260 33.12 -95.63 -7.31310599286670 5.00102249755035
2014.8534 33.12 -95.63 -0.14079172257935 5.34770853256414
2014.8808 33.12 -95.63 -22.19261359051756 5.35957920306836
2014.9082 33.12 -95.63 5.66568240944209 5.49437357116089
2015.0452 33.12 -95.63 12.75239103419650 3.79268979619753
2015.0726 33.12 -95.63 31.93575162601506 4.31303820511748
2015.1000 33.12 -95.63 50.34463327579350 3.67420558184542
2015.1274 33.12 -95.63 38.80448252708975 3.37658179523951
2015.1548 33.12 -95.63 38.80101241465007 4.13778081332697
2015.1822 33.12 -95.63 64.30772731735904 3.79425146084441
2015.2096 33.12 -95.63 31.21429234197884 5.53096778676882
2015.2370 33.12 -95.63 33.16838204947796 6.18283244306866
2015.2644 33.12 -95.63 39.33496798234437 5.27960549408860
2015.2918 33.12 -95.63 29.27449600355111 5.18237725539692
2015.3192 33.12 -95.63 42.84707250417364 4.97956586540736
2015.3466 33.12 -95.63 24.25194234991474 5.48492283713978
2015.4836 33.12 -95.63 70.98017135523472 4.42234353377905
2015.5110 33.12 -95.63 64.78414482636180 4.39815156516698
2015.5384 33.12 -95.63 94.95705245935962 5.02797833948338
2015.5658 33.12 -95.63 39.69780617267051 5.39377399320077
2015.5932 33.12 -95.63 38.20454634343964 5.72326644925835
2015.6205 33.12 -95.63 28.40486177914761 5.38262852273539
2015.6479 33.12 -95.63 17.44601707458397 5.26400242778905
2015.6753 33.12 -95.63 -5.06385689432768 4.90406000303510
2015.7027 33.12 -95.63 17.73970784109846 5.60464731160023
2015.7301 33.12 -95.63 0.82414747707536 5.48820304968004
2015.9493 33.12 -95.63 73.07390500540001 5.22779711168809
2015.9767 33.12 -95.63 58.23280042290647 5.80565450809332
2016.0041 33.12 -95.63 86.02877879543219 5.11139619130323
2016.0315 33.12 -95.63 62.57800522441096 4.84189293592105
2016.0589 33.12 -95.63 60.51426934305640 4.94521715087993
2016.0863 33.12 -95.63 77.94458080158323 4.30213768409418
2016.1137 33.12 -95.63 74.47677884239964 5.06111743849117
2016.1411 33.12 -95.63 2.24868918000276 6.29859355450761
2016.1685 33.12 -95.63 90.59184406874068 6.99185959945652
2016.1959 33.12 -95.63 56.93859530336965 6.91063459689965
2016.2233 33.12 -95.63 62.80585852044529 7.08470341191733
2016.2507 33.12 -95.63 58.19533398547259 5.20902988559262
2016.3603 33.12 -95.63 64.83229119186254 4.90296293636222
2016.3877 33.12 -95.63 42.34390512279788 6.05931350612900
2016.4151 33.12 -95.63 84.13622241739525 5.85130431130468
2016.4425 33.12 -95.63 100.91987257759470 6.45791516174627
2016.4699 33.12 -95.63 48.65642358399570 6.30289711220877
