2002.5877 29.00 -10.05 -4.46996936954161 9.38894539705344
2002.6151 29.00 -10.05 -10.91470807134048 9.12776918690961
2002.6425 29.00 -10.05 0.45124792647075 9.34578202302779
2002.6699 29.00 -10.05 17.27082408686430 7.81386482240445
2002.6973 29.00 -10.05 18.72689081939000 12.22614919906230
2002.7247 29.00 -10.05 -1.25440792631331 8.88335732100088
2002.7521 29.00 -10.05 -1.84115336426805 8.13046140783882
2002.7795 29.00 -10.05 -14.41566605470043 9.28736429456186
2002.8068 29.00 -10.05 -23.65620233470078 8.43122053070987
2002.8342 29.00 -10.05 -24.14856328458596 8.28067268241572
2002.8616 29.00 -10.05 -10.92495506638790 7.84003959846348
2002.8890 29.00 -10.05 -8.26339536780674 8.43250927330320
2002.9164 29.00 -10.05 -15.01995569103190 8.68570381660665
2003.0260 29.00 -10.05 32.73813864599275 9.67743943358722
2003.0534 29.00 -10.05 36.69254258714360 17.09791984400342
2003.0808 29.00 -10.05 37.52949397152074 14.04030980817331
2003.1082 29.00 -10.05 -4.32169826199171 7.73309745778930
2003.1356 29.00 -10.05 28.94213178461602 7.11326260299374
2003.1630 29.00 -10.05 15.71860857785598 7.76376656332062
2003.1904 29.00 -10.05 4.35331437365236 9.07203482867151
2003.2178 29.00 -10.05 -27.02235446184746 7.67852772391237
2003.2452 29.00 -10.05 -15.81260848404452 7.64872946377290
2003.2726 29.00 -10.05 -26.95750161796044 7.43780945624147
2003.3000 29.00 -10.05 -7.58898660227923 7.31135071840344
2003.3274 29.00 -10.05 -12.24953183963294 9.84326219554696
2003.3548 29.00 -10.05 -13.36072275538836 11.25394771001789
2003.3822 29.00 -10.05 -14.53832719294361 9.42919303640094
2003.5192 29.00 -10.05 9.18971159406673 11.03219862950484
2003.5466 29.00 -10.05 7.89758781723226 12.63497333848028
2003.5740 29.00 -10.05 27.66402299107762 15.19093015806103
2003.6014 29.00 -10.05 -8.14293192012462 12.67523952648268
2003.6288 29.00 -10.05 16.32099859303525 11.60637983757689
2003.6562 29.00 -10.05 2.09059211559411 12.71448689177580
2003.6836 29.00 -10.05 -4.82927157197215 12.79922142825901
2003.7110 29.00 -10.05 -10.04891847764842 9.37485582458910
2003.7384 29.00 -10.05 -13.90995189568254 11.96286087458803
2003.7658 29.00 -10.05 -5.95921593018143 10.87542233533637
2003.7932 29.00 -10.05 -25.15554157449748 12.40955448932533
2003.8205 29.00 -10.05 -9.47537834007416 13.15853408768684
2003.8479 29.00 -10.05 1.13007273168603 11.05848896709309
2003.8753 29.00 -10.05 -14.05853705481596 12.26385813345487
2003.9027 29.00 -10.05 9.70395716641489 10.68315326772962
2003.9301 29.00 -10.05 0.79657173731051 11.48076831853242
2003.9575 29.00 -10.05 -10.07592712270513 13.41442810735633
2003.9849 29.00 -10.05 16.94043938462726 12.51657669903129
2004.0123 29.00 -10.05 21.25909509583955 13.44893333396377
2004.0397 29.00 -10.05 6.89410443151751 10.02401419942717
2004.0945 29.00 -10.05 3.11759365028057 9.35729351293013
2004.1219 29.00 -10.05 3.36901210221714 10.98687563262866
2004.1493 29.00 -10.05 0.94029160270999 13.13896697173609
2004.1767 29.00 -10.05 -18.77207239641096 14.53738151727012
2004.2041 29.00 -10.05 -15.81339096443446 11.32468533028464
2004.2315 29.00 -10.05 13.43436643066262 11.50110835215578
2004.2589 29.00 -10.05 3.78653978234932 11.83394777514568
2004.2863 29.00 -10.05 -21.23078611568096 11.92980005796066
2004.3137 29.00 -10.05 -17.64301554923998 11.25471083084564
2004.3411 29.00 -10.05 -3.89017385876087 12.52151830523232
2004.3685 29.00 -10.05 -3.01633711810492 11.70797477999963
2004.3959 29.00 -10.05 -3.17023548472749 10.02060287456957
2004.4233 29.00 -10.05 -9.50064238708543 9.57307982007400
2004.4507 29.00 -10.05 -10.00460891222840 8.58810787306872
2004.4781 29.00 -10.05 1.47024694397613 9.57250641070855
2004.5055 29.00 -10.05 -6.42794214571187 9.27456898224470
2004.5329 29.00 -10.05 16.57257836939933 8.63417458488648
2004.5603 29.00 -10.05 19.15510734346856 8.98692674684955
2004.5877 29.00 -10.05 15.08948639839433 8.97912076478259
2004.6151 29.00 -10.05 -7.09003468756024 9.96990045983333
2004.6425 29.00 -10.05 9.44869160726821 8.26261031609365
2004.6699 29.00 -10.05 25.72173761388618 8.23046586192534
2004.6973 29.00 -10.05 0.67453547435536 7.62402525214817
2004.7247 29.00 -10.05 4.97889571971810 8.95090661080920
2004.7521 29.00 -10.05 6.33578426547932 8.46096253191469
2004.7795 29.00 -10.05 1.99358035079288 8.34672264800752
2004.8068 29.00 -10.05 -17.93721453719465 9.47111163393295
2004.8342 29.00 -10.05 -17.33503707539684 9.38096101323272
2004.8616 29.00 -10.05 2.64554290528228 8.02020510648430
2004.8890 29.00 -10.05 -11.48242259779883 8.07781179843593
2004.9164 29.00 -10.05 -8.58456756194721 9.02019284154680
2004.9438 29.00 -10.05 7.82954631319182 9.67332483408370
2004.9712 29.00 -10.05 6.06447455934279 9.19912093481196
2004.9973 29.00 -10.05 0.54096325371071 8.66105935154456
2005.0233 29.00 -10.05 14.47529933782611 10.59596935879435
2005.0507 29.00 -10.05 7.88588072013702 16.83606203297522
2005.0781 29.00 -10.05 -0.53021064997578 12.19429710159432
2005.1055 29.00 -10.05 -9.79320573033030 12.02108015361035
2005.1329 29.00 -10.05 8.65854094255688 12.33043021290876
2005.1603 29.00 -10.05 11.70079621011135 10.64791447008318
2005.1877 29.00 -10.05 9.91628013353960 10.46848134795006
2005.2151 29.00 -10.05 2.66416827784438 9.57815963608426
2005.2425 29.00 -10.05 4.73512718446532 9.45924700186725
2005.2699 29.00 -10.05 -14.55168058273590 10.23914273475930
2005.2973 29.00 -10.05 -11.22010323547886 10.89928441298090
2005.3247 29.00 -10.05 1.90652693215645 11.51181139243678
2005.3521 29.00 -10.05 5.32381901395624 3.97299223805306
2005.3795 29.00 -10.05 0.86216527185184 10.65355568688623
2005.4068 29.00 -10.05 -3.92604850553179 9.55382707753502
2005.4342 29.00 -10.05 -20.86002256963216 10.94283932626581
2005.4616 29.00 -10.05 -6.21021975599078 10.05946448635724
2005.4890 29.00 -10.05 -9.10173692268730 9.52000015550167
2005.5164 29.00 -10.05 -7.03318421933661 9.46107785569141
2005.5438 29.00 -10.05 4.69782565845877 10.51284364993829
2005.5712 29.00 -10.05 -7.01516851768064 11.60440433948624
2005.5986 29.00 -10.05 29.45843791458260 11.87808411114943
2005.6260 29.00 -10.05 0.75661154696284 10.32589650901666
2005.6534 29.00 -10.05 -5.57368818505590 11.06484742481957
2005.6808 29.00 -10.05 -8.88522181755119 10.78731276689162
2005.7082 29.00 -10.05 -6.68318886008747 13.54994350033970
2005.7356 29.00 -10.05 -12.25765386083551 11.71333827462941
2005.7630 29.00 -10.05 6.16184737629075 11.73194683940152
2005.7904 29.00 -10.05 -3.01364858333488 10.81103823002181
2005.8178 29.00 -10.05 -1.74706463788422 11.21115452026377
2005.8452 29.00 -10.05 2.03127258028209 11.98533565333999
2005.8726 29.00 -10.05 -14.92158893387874 10.29026037182242
2005.9000 29.00 -10.05 -0.66694387105321 9.91778834117811
2005.9274 29.00 -10.05 -18.05388226496785 9.59196420519091
2005.9548 29.00 -10.05 -18.89720684548304 8.07479647301186
2005.9822 29.00 -10.05 -2.59836574351415 8.93646955168264
2006.0096 29.00 -10.05 -5.31779370908779 10.36475149987439
2006.0370 29.00 -10.05 -0.55449383679106 13.48543810550973
2006.0644 29.00 -10.05 -9.68199998664204 13.61305969887169
2006.0918 29.00 -10.05 24.52709756294308 13.76743210618390
2006.1192 29.00 -10.05 13.95598357621509 16.17540203940067
2006.1466 29.00 -10.05 7.29157667072712 12.26823036355098
2006.1740 29.00 -10.05 2.83848328421389 14.40018766333284
2006.2014 29.00 -10.05 15.64167763707090 10.61823041916224
2006.2288 29.00 -10.05 0.28206349533995 14.52845761653348
2006.2562 29.00 -10.05 20.15567921004984 13.74214707752058
2006.2836 29.00 -10.05 6.75831932083776 13.28036549140157
2006.3110 29.00 -10.05 27.12045069995054 14.31788067107969
2006.3384 29.00 -10.05 10.12366300794145 12.88441212971744
2006.3658 29.00 -10.05 -1.47915085134247 14.40051481685193
2006.3932 29.00 -10.05 10.70906990875012 14.07753224776090
2006.4205 29.00 -10.05 16.43224993782223 13.99788811654988
2006.4479 29.00 -10.05 -2.40659566994015 14.88227106861795
2006.4753 29.00 -10.05 -16.38581725183401 15.52174727191051
2006.5027 29.00 -10.05 15.77149469686023 16.26449634468109
2006.5301 29.00 -10.05 -31.96662145234052 19.90370310067127
2006.5575 29.00 -10.05 -16.12882963153800 15.42814945739451
2006.5849 29.00 -10.05 -21.39976886328834 15.92152397424209
2006.6123 29.00 -10.05 9.66113835880755 20.68902559475367
2006.6397 29.00 -10.05 -11.76835623612477 17.05686392737645
2006.6671 29.00 -10.05 -4.62089951874297 15.10269439252437
2006.6945 29.00 -10.05 -14.46757479844044 19.94623487455923
2006.7219 29.00 -10.05 1.76486482353202 17.97215998000898
2006.7493 29.00 -10.05 -1.41322610341056 22.01246586644805
2006.7767 29.00 -10.05 -3.27822203354750 19.17131215736354
2006.8041 29.00 -10.05 -13.62665552223083 14.97084725643171
2006.8315 29.00 -10.05 -12.54145998534731 17.89818356630713
2006.8589 29.00 -10.05 -32.80736748159646 17.22759373668744
2006.8863 29.00 -10.05 -5.84695896602518 16.27802432835411
2006.9137 29.00 -10.05 -12.04737802342385 15.53268109194114
2006.9411 29.00 -10.05 0.70191273071879 15.18573990978331
2006.9685 29.00 -10.05 -1.53198126873259 14.79192671456620
2006.9959 29.00 -10.05 0.82102523841203 14.31701951846185
2007.0233 29.00 -10.05 -6.58076270194299 12.95819205634572
2007.0507 29.00 -10.05 -0.94028145301283 13.82809579361975
2007.0781 29.00 -10.05 -9.08590755360246 14.82227445125215
2007.1055 29.00 -10.05 5.85023542555475 12.99741264993825
2007.1329 29.00 -10.05 3.64050049499842 14.38609442181233
2007.1603 29.00 -10.05 -15.76417785146440 13.68639027482806
2007.1877 29.00 -10.05 -4.70112210738271 18.81192263911412
2007.2151 29.00 -10.05 7.63261920529741 16.58696306416538
2007.2425 29.00 -10.05 -16.59732290148179 15.86805278043591
2007.2699 29.00 -10.05 -26.60225524303231 11.83399927010560
2007.2973 29.00 -10.05 -14.62050098365441 11.07377375642497
2007.3247 29.00 -10.05 -1.46585865868614 14.26727619783317
2007.3521 29.00 -10.05 0.74263776096005 15.92411084314430
2007.3795 29.00 -10.05 -24.83054697292424 16.91560460926544
2007.4068 29.00 -10.05 9.19511241587115 13.54000616607784
2007.4342 29.00 -10.05 2.97483399339794 12.77651837591408
2007.4616 29.00 -10.05 17.41178987908502 17.85419742806935
2007.4890 29.00 -10.05 -16.36301496765002 12.79130816664823
2007.5164 29.00 -10.05 5.05950939667787 13.79139577500024
2007.5438 29.00 -10.05 -5.04673026800131 13.22051867843611
2007.5712 29.00 -10.05 8.92339481234966 13.58593632125174
2007.5986 29.00 -10.05 19.53580952854682 17.13935887123652
2007.6260 29.00 -10.05 0.12265773923900 13.46618922498593
2007.6534 29.00 -10.05 7.28355975904416 13.75411918156172
2007.6808 29.00 -10.05 -2.09370586286246 14.35640869481266
2007.7082 29.00 -10.05 8.48107449342210 9.76506752573021
2007.7356 29.00 -10.05 -27.36720593338495 14.73511724687942
2007.7630 29.00 -10.05 -17.51841339453756 10.47035603683373
2007.7904 29.00 -10.05 12.42338868395936 14.71901607452676
2007.8178 29.00 -10.05 -16.84622144420181 17.40649964657380
2007.8452 29.00 -10.05 -7.33600397889217 13.47312613112457
2007.8726 29.00 -10.05 -19.26012624531118 15.98957828071190
2007.9000 29.00 -10.05 -1.01122551368688 16.87097227589467
2007.9274 29.00 -10.05 -5.63498293527548 16.76855801391176
2007.9548 29.00 -10.05 -9.57853215549753 12.22236577319224
2007.9822 29.00 -10.05 -25.61467361552744 15.51745222431663
2008.0096 29.00 -10.05 2.00609801188592 13.49896901673972
2008.0370 29.00 -10.05 3.31906849315374 14.13816989080496
2008.0644 29.00 -10.05 -6.63766776102704 16.70300857488590
2008.0918 29.00 -10.05 9.86959534162104 12.56336837422908
2008.1192 29.00 -10.05 -5.86106383279313 15.40782306626247
2008.1466 29.00 -10.05 28.73106449730250 18.25185666983836
2008.1740 29.00 -10.05 -3.69356385155080 15.72414240107105
2008.2014 29.00 -10.05 13.87549107904188 17.35391358727450
2008.2288 29.00 -10.05 -3.03840539820055 19.13621803160730
2008.2562 29.00 -10.05 -0.79671377973387 18.20521379511927
2008.2836 29.00 -10.05 5.31631758231708 21.98043844051814
2008.3110 29.00 -10.05 -14.99668502921304 22.98518502854930
2008.3384 29.00 -10.05 -19.00004303859903 16.85036306903118
2008.3658 29.00 -10.05 -15.40345576075507 17.01340394415736
2008.3932 29.00 -10.05 -23.49522602859667 15.04994453515561
2008.4205 29.00 -10.05 -0.82729596572601 13.09176431501422
2008.4479 29.00 -10.05 -5.18346065511385 13.60391022000898
2008.4753 29.00 -10.05 -31.43379598735138 13.04315463272499
2008.5027 29.00 -10.05 -9.24982404359311 16.12198475610706
2008.5301 29.00 -10.05 -16.79028478461476 19.96158490465706
2008.5575 29.00 -10.05 9.66244133507652 12.45131873951669
2008.5849 29.00 -10.05 6.90461822255491 14.99275361925161
2008.6123 29.00 -10.05 8.13056010912803 11.86405060204884
2008.6397 29.00 -10.05 40.13629049927267 13.29406397664069
2008.6671 29.00 -10.05 19.52043222179652 12.59910631778042
2008.6945 29.00 -10.05 -0.67517222884349 12.14524636244428
2008.7219 29.00 -10.05 10.48650471007515 14.49475871521883
2008.7493 29.00 -10.05 0.88835042053645 12.96454592310441
2008.7767 29.00 -10.05 6.93076192902701 15.65977415512243
2008.8041 29.00 -10.05 -31.96166758035259 15.82442112576839
2008.8315 29.00 -10.05 -19.17810987600661 17.72884796610813
2008.8589 29.00 -10.05 -10.00969410832600 20.77829547725246
2008.8863 29.00 -10.05 -5.00821779689407 19.91325811880136
2008.9137 29.00 -10.05 -31.99779523070538 19.08765436301379
2008.9411 29.00 -10.05 8.35552362372903 19.63243913798262
2008.9685 29.00 -10.05 -5.74541122071921 18.26587549860555
2008.9945 29.00 -10.05 34.30430983932036 15.55679447416231
2009.0205 29.00 -10.05 3.68214386451459 15.49325382535861
2009.0479 29.00 -10.05 -3.19027988739755 15.50088590401428
2009.0753 29.00 -10.05 6.66010332499537 14.56424662252629
2009.1027 29.00 -10.05 -7.27845699863631 18.59302342717565
2009.1301 29.00 -10.05 17.71134987161301 14.43276367830529
2009.1575 29.00 -10.05 -1.75173199323390 14.55019814395124
2009.1849 29.00 -10.05 26.22369449160120 17.49050556357732
2009.2123 29.00 -10.05 -11.50482478731641 14.22364384877601
2009.2397 29.00 -10.05 28.05798547075355 16.71582214150013
2009.2671 29.00 -10.05 36.62044188111228 13.80537882906143
2009.2945 29.00 -10.05 8.34439682897112 14.21832552054575
2009.3219 29.00 -10.05 -13.80970351879344 14.78903954215905
2009.3493 29.00 -10.05 -0.37386384827934 13.41025628718024
2009.3767 29.00 -10.05 -7.36481265212064 14.11212610232352
2009.4041 29.00 -10.05 -5.82800265013492 12.11520334570279
2009.4315 29.00 -10.05 -1.74701742610293 14.39843538684051
2009.4589 29.00 -10.05 8.95901301111999 11.67131474416339
2009.4863 29.00 -10.05 6.33990959655224 12.98270350358557
2009.5137 29.00 -10.05 -0.49370495972985 12.11267443109976
2009.5411 29.00 -10.05 16.68993122274064 15.27492527614182
2009.5685 29.00 -10.05 13.18347278347155 16.37446715281370
2009.5959 29.00 -10.05 0.22013598689253 14.16349207614881
2009.6233 29.00 -10.05 12.46736896330427 15.13931371297802
2009.6507 29.00 -10.05 3.88170030584292 14.62462636387763
2009.6781 29.00 -10.05 -8.48848940984399 15.90994069257728
2009.7055 29.00 -10.05 15.14467665353055 16.75874116032858
2009.7329 29.00 -10.05 6.70126352528769 15.97197232084229
2009.7603 29.00 -10.05 0.36177111811760 18.31334443082924
2009.7877 29.00 -10.05 5.74949043499997 16.85180529298611
2009.8151 29.00 -10.05 -24.48123862066162 18.34481379886767
2009.8425 29.00 -10.05 -28.19703286362575 16.48955912792283
2009.8699 29.00 -10.05 -11.59719541290347 15.66420953617128
2009.8973 29.00 -10.05 -17.84313068273837 14.54864424675202
2009.9247 29.00 -10.05 17.45483809223743 13.99165741982529
2009.9521 29.00 -10.05 -1.53959872868052 13.32935713377769
2009.9795 29.00 -10.05 6.88488844963827 13.70742581145601
2010.0068 29.00 -10.05 -9.92242911164945 18.04360896939731
2010.0342 29.00 -10.05 -13.07175488784901 13.56662869381918
2010.0616 29.00 -10.05 25.45731333433898 14.01334528011804
2010.0890 29.00 -10.05 26.15876546691296 17.34359542900201
2010.1164 29.00 -10.05 25.67367491282532 17.92313210865392
2010.1438 29.00 -10.05 19.03515048206091 16.88613346455122
2010.1712 29.00 -10.05 19.47538603038707 16.10321199886722
2010.1986 29.00 -10.05 3.01185271998212 15.39889242106930
2010.2260 29.00 -10.05 -9.70542116316998 16.88859734753367
2010.2534 29.00 -10.05 -18.24878946643029 17.28987209004880
2010.2808 29.00 -10.05 13.11612858010363 12.93355371245414
2010.3082 29.00 -10.05 3.29671597181016 13.72279183575902
2010.3356 29.00 -10.05 -2.86924429060091 12.01918364961111
2010.3630 29.00 -10.05 4.08981821135578 12.86583656838804
2010.3904 29.00 -10.05 -4.01343310020414 12.78571035570898
2010.4178 29.00 -10.05 31.61039077404399 13.74368547022176
2010.4452 29.00 -10.05 2.63342262016954 11.91102224975175
2010.4726 29.00 -10.05 1.82003138874916 10.52339145149537
2010.5000 29.00 -10.05 10.12209081549920 12.29837858928027
2010.5274 29.00 -10.05 42.11403091478850 20.99027320574434
2010.5548 29.00 -10.05 5.28313640488218 12.91948244507242
2010.5822 29.00 -10.05 28.75907770822921 11.51886167246990
2010.6096 29.00 -10.05 10.55193817858655 15.54345469054224
2010.6370 29.00 -10.05 21.98129293440022 13.61794592092171
2010.6644 29.00 -10.05 19.36490831554110 12.62789495052925
2010.6918 29.00 -10.05 -6.17486006671909 15.65776990799061
2010.7192 29.00 -10.05 -12.57656812715831 14.49032288045463
2010.7466 29.00 -10.05 1.00183570616350 17.21536059505426
2010.7740 29.00 -10.05 -3.37101389924369 13.31207293198234
2010.8014 29.00 -10.05 -16.36237421357729 12.79191701046823
2010.8288 29.00 -10.05 -15.89569333008740 14.90383061504769
2010.8562 29.00 -10.05 -8.47251759999681 14.54370501021276
2010.8836 29.00 -10.05 -24.01635952780352 13.16566353587396
2010.9110 29.00 -10.05 4.18301903009611 14.70925897550343
2010.9384 29.00 -10.05 -20.04439709753231 15.35916952673044
2010.9658 29.00 -10.05 20.02667007328041 17.05954802288927
2010.9932 29.00 -10.05 -12.09699637012637 12.03154652387992
2011.1027 29.00 -10.05 12.88068106731752 12.04059298073528
2011.1301 29.00 -10.05 0.50306903058272 20.18867286102024
2011.1575 29.00 -10.05 12.21516115885497 12.85300110476237
2011.1849 29.00 -10.05 -13.93577817464816 9.71964239255536
2011.2123 29.00 -10.05 -1.36764149294211 17.14345465428961
2011.2397 29.00 -10.05 -11.88436001715941 18.08789672455742
2011.2671 29.00 -10.05 -11.72135619873546 14.19067164645029
2011.2945 29.00 -10.05 7.72768715206239 16.97944359185524
2011.3219 29.00 -10.05 -29.59936569127442 15.82573600713143
2011.3493 29.00 -10.05 -17.39585714712648 13.89951665650938
2011.3767 29.00 -10.05 1.25577467689353 16.68025132596014
2011.4041 29.00 -10.05 18.04295292100277 14.27474063925676
2011.4315 29.00 -10.05 2.94944074754073 13.95121133864287
2011.5137 29.00 -10.05 36.23252363532184 12.67463715543827
2011.5411 29.00 -10.05 22.52584307297109 13.86137556760169
2011.5685 29.00 -10.05 -12.54080705216075 13.33770861315179
2011.5959 29.00 -10.05 -3.51313618231447 14.51491628255915
2011.6233 29.00 -10.05 -4.64074566135487 14.33849163215915
2011.6507 29.00 -10.05 4.00087778551143 17.66751535167957
2011.6781 29.00 -10.05 29.19206511720354 16.39431685359541
2011.7055 29.00 -10.05 11.80076495138462 16.51457654585019
2011.7329 29.00 -10.05 -1.42496852620473 19.47258246542817
2011.7603 29.00 -10.05 27.49353639545682 16.47057553661486
2011.7877 29.00 -10.05 -4.44327759949057 17.70114376854442
2011.8151 29.00 -10.05 18.87578338589203 17.26316581685465
2011.8425 29.00 -10.05 12.11408219990571 19.06516576979277
2011.8699 29.00 -10.05 2.07733721359395 17.58747139275575
2011.9521 29.00 -10.05 14.94516058234552 10.67290872593502
2011.9795 29.00 -10.05 -19.74679810123693 14.89301926206202
2012.0068 29.00 -10.05 7.07520404202193 13.71380015924687
2012.0342 29.00 -10.05 -19.15161074996107 16.61777426545732
2012.0616 29.00 -10.05 -17.53374958339601 14.29650886023287
2012.0890 29.00 -10.05 24.39486600688500 14.01721875607126
2012.1164 29.00 -10.05 -9.48187558856942 13.66007917769663
2012.1438 29.00 -10.05 5.70838197669702 14.07596934919055
2012.1712 29.00 -10.05 22.25296865965935 13.25596956865304
2012.1986 29.00 -10.05 17.08276742878695 11.90022707944399
2012.2260 29.00 -10.05 19.97334680191144 12.41005058570606
2012.2534 29.00 -10.05 -7.42085764845050 12.02791726495333
2012.2808 29.00 -10.05 1.80663252427938 11.13945570417273
2012.3082 29.00 -10.05 -12.13848368756447 12.15708625292785
2012.3904 29.00 -10.05 -23.19518625597425 13.01059453529258
2012.4178 29.00 -10.05 -24.26147317996728 10.17295906650138
2012.4452 29.00 -10.05 -32.92535950923839 9.96724060258660
2012.4726 29.00 -10.05 -13.85892679636136 10.84445577263142
2012.5000 29.00 -10.05 -5.21513883057935 10.20781886664386
2012.5274 29.00 -10.05 -4.13088345338834 10.99352104273568
2012.5548 29.00 -10.05 6.15245214518750 10.98174066280226
2012.5822 29.00 -10.05 7.76167478549931 11.68496800328480
2012.6096 29.00 -10.05 9.79519296300727 11.69291624671123
2012.6370 29.00 -10.05 2.18346536098145 10.66894531700473
2012.6644 29.00 -10.05 -22.56133268291557 11.81125899046695
2012.6918 29.00 -10.05 -15.93243315458513 12.25664068080906
2012.7192 29.00 -10.05 5.55887479017726 15.18706373299740
2012.7466 29.00 -10.05 -2.46571489683556 9.80134706194145
2012.8562 29.00 -10.05 -10.06331645844664 15.59474031399724
2012.8836 29.00 -10.05 0.56646770536382 14.77378274284487
2012.9110 29.00 -10.05 -1.28652191652833 13.90386896370268
2012.9384 29.00 -10.05 -17.92222332894731 12.93408075987562
2012.9658 29.00 -10.05 -4.49382818523689 15.16293242640798
2012.9918 29.00 -10.05 -14.41252921589667 6.97969388295080
2013.0178 29.00 -10.05 -43.14878010822697 8.48077430467693
2013.0452 29.00 -10.05 -7.85750171244885 8.38514586439748
2013.0726 29.00 -10.05 26.65906175238850 7.63068336229600
2013.1000 29.00 -10.05 0.70853874632523 7.85928204173354
2013.1274 29.00 -10.05 6.82620874004275 7.14865926055340
2013.1548 29.00 -10.05 10.17338613690441 6.39698083090754
2013.2644 29.00 -10.05 -15.51361041716168 7.07884361518417
2013.2918 29.00 -10.05 -6.37666704506139 7.41391628684293
2013.3192 29.00 -10.05 -13.37238090077086 8.37449054467067
2013.3466 29.00 -10.05 3.93794654314549 8.64847115380981
2013.3740 29.00 -10.05 -13.26598971173955 7.23804326866305
2013.4014 29.00 -10.05 -6.72455258170885 7.51240938260737
2013.4288 29.00 -10.05 -13.48139283207032 6.41839579985288
2013.4562 29.00 -10.05 41.33526424809831 6.51174592252987
2013.4836 29.00 -10.05 -7.95999946923569 6.75983880349030
2013.5110 29.00 -10.05 1.59518381116328 7.81570935074633
2013.5384 29.00 -10.05 1.42981969018132 7.39350336460644
2013.5658 29.00 -10.05 -25.32010749807098 7.94214997862580
2013.7575 29.00 -10.05 -13.95326561182936 7.27515041553111
2013.7849 29.00 -10.05 -8.03651712693941 7.69959137610923
2013.8123 29.00 -10.05 -27.50244726339075 6.97098792105936
2013.8397 29.00 -10.05 -21.15348920551076 7.09010679520396
2013.8671 29.00 -10.05 -21.09432746786488 7.53697161082460
2013.8945 29.00 -10.05 -6.01660332560562 7.03658294965251
2013.9219 29.00 -10.05 -6.23509924424581 6.07447742529149
2013.9493 29.00 -10.05 -35.77569309116176 6.60061267546801
2013.9767 29.00 -10.05 -0.89052656575508 6.55395360546093
2014.0041 29.00 -10.05 -0.12165591712348 6.35942090520825
2014.0315 29.00 -10.05 -13.02020899273694 6.72679560682896
2014.1685 29.00 -10.05 -7.87831155341153 7.05239515717271
2014.1959 29.00 -10.05 10.84318679884821 7.55268191337775
2014.2233 29.00 -10.05 -16.45672180372315 7.05904047868085
2014.2507 29.00 -10.05 -24.15269966815138 6.38714192458330
2014.2781 29.00 -10.05 -57.17759504916427 6.84935466346917
2014.3055 29.00 -10.05 -34.46105113963224 6.51986560927574
2014.3329 29.00 -10.05 -24.16584293437437 5.11170403721771
2014.3603 29.00 -10.05 -7.52736714613394 6.01696786886311
2014.3877 29.00 -10.05 -27.89132438539649 6.03062873720764
2014.4151 29.00 -10.05 21.30077413944839 5.93505091256868
2014.4425 29.00 -10.05 -8.15830816155548 6.36629886285541
2014.4699 29.00 -10.05 4.40193887243076 6.22568329498801
2014.5795 29.00 -10.05 4.25198484477805 4.89307331852480
2014.6068 29.00 -10.05 -6.88403877893354 5.39911256018271
2014.6342 29.00 -10.05 11.32479373256229 4.73878159157756
2014.6616 29.00 -10.05 10.25050580508858 5.51751255765708
2014.6890 29.00 -10.05 -17.29977361269059 5.37357645142111
2014.7164 29.00 -10.05 14.51818169395430 5.24005248730937
2014.7438 29.00 -10.05 18.54322687153448 5.83284853055065
2014.7712 29.00 -10.05 24.30782829514039 5.75706001680657
2014.7986 29.00 -10.05 7.75939603172031 4.92450422290431
2014.8260 29.00 -10.05 24.82771826398488 4.87117643770488
2014.8534 29.00 -10.05 30.48204590646309 5.21204136953379
2014.8808 29.00 -10.05 12.86322738691477 5.22934301840257
2014.9082 29.00 -10.05 11.66002181054007 5.35994956936833
2015.0452 29.00 -10.05 28.00085541224113 3.68409766647515
2015.0726 29.00 -10.05 14.00133377819414 4.18248921238008
2015.1000 29.00 -10.05 6.81352795345338 3.56804290733783
2015.1274 29.00 -10.05 24.47974222276807 3.28275457513610
2015.1548 29.00 -10.05 -0.30956778374349 4.01564826656546
2015.1822 29.00 -10.05 -6.20950694176854 3.68296384895929
2015.2096 29.00 -10.05 31.23179463214907 5.42345651129450
2015.2370 29.00 -10.05 -9.49743670236647 6.03261713704250
2015.2644 29.00 -10.05 -6.89221091577048 5.17134929875284
2015.2918 29.00 -10.05 11.85173854922378 5.06882166546987
2015.3192 29.00 -10.05 30.37510562653607 4.86515943172393
2015.3466 29.00 -10.05 16.98544280683246 5.35852123106702
2015.4836 29.00 -10.05 19.46599360035993 4.30820233922376
2015.5110 29.00 -10.05 13.53774138882808 4.30032820364380
2015.5384 29.00 -10.05 -3.71744604936906 4.87623417346808
2015.5658 29.00 -10.05 17.72699635984618 5.24690716873341
2015.5932 29.00 -10.05 14.90127929837793 5.57365680572631
2015.6205 29.00 -10.05 18.69571764571218 5.23978450036062
2015.6479 29.00 -10.05 18.88557637690725 5.12571012959428
2015.6753 29.00 -10.05 28.84858615892642 4.77021107046348
2015.7027 29.00 -10.05 15.69877201384154 5.45852065453971
2015.7301 29.00 -10.05 13.96480430294741 5.34307924939285
2015.9493 29.00 -10.05 15.79051120930448 5.10592649576646
2015.9767 29.00 -10.05 -25.83405609316101 5.68339437451245
2016.0041 29.00 -10.05 7.74521374569296 4.99844999779800
2016.0315 29.00 -10.05 7.39633499019284 4.74005026220762
2016.0589 29.00 -10.05 -5.02120441998247 4.83446209695086
2016.0863 29.00 -10.05 28.28088705049581 4.19718844016749
2016.1137 29.00 -10.05 4.68385622653992 4.95181935080533
2016.1411 29.00 -10.05 -5.86548498792919 6.17645748803069
2016.1685 29.00 -10.05 13.30094774836345 6.86611038237009
2016.1959 29.00 -10.05 14.92015820168355 6.78022501899851
2016.2233 29.00 -10.05 19.12274177417984 6.95142046278455
2016.2507 29.00 -10.05 26.49143043383462 5.08607222387819
2016.3603 29.00 -10.05 -4.19151508114041 4.77463283633868
2016.3877 29.00 -10.05 9.24617807301360 5.91054646529890
2016.4151 29.00 -10.05 0.33154728934200 5.69651113478193
2016.4425 29.00 -10.05 -9.53546781678128 6.29275984056280
2016.4699 29.00 -10.05 -9.09714320593425 6.14363145529892
