2002.5877 47.04 3.63 0.661 -0.163 0.751 0.115 0.103 0.535
2002.6151 47.04 3.63 0.899 0.334 1.909 0.110 0.099 0.512
2002.6425 47.04 3.63 0.724 -0.058 0.990 0.113 0.101 0.521
2002.6699 47.04 3.63 0.636 -0.433 1.486 0.098 0.087 0.457
2002.6973 47.04 3.63 0.492 -1.068 2.598 0.174 0.090 0.668
2002.7247 47.04 3.63 0.481 -0.709 -1.763 0.104 0.095 0.485
2002.7521 47.04 3.63 0.201 -0.862 0.047 0.097 0.088 0.452
2002.7795 47.04 3.63 0.136 -0.828 -1.820 0.112 0.102 0.524
2002.8068 47.04 3.63 0.235 -0.973 -2.137 0.100 0.091 0.467
2002.8342 47.04 3.63 0.251 -0.074 -2.945 0.099 0.089 0.461
2002.8616 47.04 3.63 0.278 -0.438 -3.639 0.103 0.083 0.466
2002.8890 47.04 3.63 0.013 -0.381 -5.524 0.100 0.090 0.465
2002.9164 47.04 3.63 0.170 -0.096 -7.836 0.108 0.095 0.499
2003.0260 47.04 3.63 0.477 -0.225 -7.245 0.122 0.108 0.565
2003.0534 47.04 3.63 0.552 0.489 -6.556 0.197 0.177 0.895
2003.0808 47.04 3.63 0.737 0.395 -8.429 0.177 0.152 0.804
2003.1082 47.04 3.63 0.380 0.136 -7.685 0.103 0.090 0.482
2003.1356 47.04 3.63 0.847 0.213 -5.958 0.096 0.083 0.450
2003.1630 47.04 3.63 0.813 0.134 -6.380 0.102 0.089 0.474
2003.1904 47.04 3.63 0.809 -0.026 -6.692 0.120 0.103 0.551
2003.2178 47.04 3.63 0.824 -0.092 -4.782 0.100 0.087 0.467
2003.2452 47.04 3.63 0.610 -0.043 -4.502 0.098 0.086 0.456
2003.2726 47.04 3.63 0.882 0.050 -1.704 0.095 0.084 0.445
2003.3000 47.04 3.63 0.800 0.145 -1.420 0.093 0.082 0.436
2003.3274 47.04 3.63 0.723 0.094 -2.317 0.121 0.107 0.559
2003.3548 47.04 3.63 0.628 0.056 -2.349 0.131 0.119 0.605
2003.3822 47.04 3.63 0.577 -0.128 -1.713 0.121 0.106 0.562
2003.5192 47.04 3.63 0.597 -0.474 -0.060 0.125 0.114 0.576
2003.5466 47.04 3.63 0.560 -0.623 1.105 0.138 0.127 0.632
2003.5740 47.04 3.63 0.324 -0.911 0.731 0.160 0.148 0.729
2003.6014 47.04 3.63 0.630 -0.906 1.380 0.138 0.127 0.632
2003.6288 47.04 3.63 0.351 -0.868 2.882 0.131 0.120 0.603
2003.6562 47.04 3.63 0.380 -1.001 3.328 0.140 0.128 0.644
2003.6836 47.04 3.63 0.325 -1.083 3.158 0.138 0.127 0.633
2003.7110 47.04 3.63 0.074 -1.325 4.796 0.110 0.098 0.506
2003.7384 47.04 3.63 0.303 -1.375 4.388 0.132 0.120 0.603
2003.7658 47.04 3.63 0.063 -1.119 2.866 0.121 0.110 0.556
2003.7932 47.04 3.63 0.232 -0.942 3.482 0.135 0.123 0.616
2003.8205 47.04 3.63 -0.228 -0.732 3.208 0.147 0.129 0.661
2003.8479 47.04 3.63 -0.441 -0.790 0.386 0.130 0.112 0.586
2003.8753 47.04 3.63 -0.173 -0.626 1.533 0.135 0.121 0.613
2003.9027 47.04 3.63 -0.190 -0.888 2.162 0.125 0.109 0.566
2003.9301 47.04 3.63 -0.327 -0.232 -1.387 0.130 0.114 0.585
2003.9575 47.04 3.63 -0.093 -0.414 -0.938 0.144 0.128 0.649
2003.9849 47.04 3.63 -0.065 -0.148 -1.547 0.138 0.120 0.617
2004.0123 47.04 3.63 -0.143 -0.183 -3.587 0.148 0.129 0.661
2004.0397 47.04 3.63 -0.076 -0.443 -5.153 0.126 0.109 0.577
2004.0945 47.04 3.63 0.350 -0.152 -6.124 0.118 0.101 0.538
2004.1219 47.04 3.63 0.479 0.341 -4.513 0.125 0.107 0.559
2004.1493 47.04 3.63 -0.171 0.394 -4.477 0.147 0.125 0.651
2004.1767 47.04 3.63 0.023 0.331 -3.969 0.156 0.133 0.688
2004.2041 47.04 3.63 0.291 0.125 -3.765 0.129 0.108 0.569
2004.2315 47.04 3.63 0.187 -0.328 -2.684 0.131 0.109 0.578
2004.2589 47.04 3.63 -0.332 -0.146 -5.010 0.135 0.113 0.596
2004.2863 47.04 3.63 -0.083 0.311 -4.957 0.136 0.112 0.598
2004.3137 47.04 3.63 0.155 0.182 -2.773 0.129 0.107 0.570
2004.3411 47.04 3.63 -0.164 0.026 -1.524 0.142 0.116 0.620
2004.3685 47.04 3.63 -0.517 0.550 -4.897 0.137 0.113 0.605
2004.3959 47.04 3.63 -0.198 0.023 -2.421 0.121 0.101 0.538
2004.4233 47.04 3.63 0.193 0.377 -2.426 0.116 0.097 0.518
2004.4507 47.04 3.63 0.197 0.517 -2.761 0.103 0.085 0.461
2004.4781 47.04 3.63 0.210 -0.160 -0.989 0.114 0.093 0.503
2004.5055 47.04 3.63 0.298 0.042 -1.062 0.111 0.091 0.492
2004.5329 47.04 3.63 0.162 -0.279 -0.279 0.105 0.087 0.469
2004.5603 47.04 3.63 0.023 -0.670 0.523 0.108 0.089 0.480
2004.5877 47.04 3.63 -0.173 -0.677 0.147 0.109 0.090 0.486
2004.6151 47.04 3.63 0.032 -0.522 2.226 0.120 0.099 0.533
2004.6425 47.04 3.63 0.080 -0.740 2.183 0.102 0.086 0.461
2004.6699 47.04 3.63 0.014 -0.897 0.912 0.102 0.086 0.463
2004.6973 47.04 3.63 0.146 -0.810 0.394 0.096 0.081 0.438
2004.7247 47.04 3.63 0.313 -0.520 0.968 0.110 0.092 0.494
2004.7521 47.04 3.63 0.117 -0.636 0.902 0.106 0.089 0.478
2004.7795 47.04 3.63 0.158 -0.788 1.091 0.103 0.086 0.463
2004.8068 47.04 3.63 0.164 -0.521 1.300 0.114 0.094 0.507
2004.8342 47.04 3.63 -0.073 -0.247 0.057 0.113 0.092 0.500
2004.8616 47.04 3.63 -0.146 -0.354 -1.852 0.100 0.084 0.451
2004.8890 47.04 3.63 0.164 -0.287 -1.324 0.099 0.083 0.449
2004.9164 47.04 3.63 0.323 -0.536 -1.300 0.108 0.090 0.483
2004.9438 47.04 3.63 0.102 -0.308 -0.413 0.120 0.101 0.540
2004.9712 47.04 3.63 0.328 -0.192 -1.984 0.108 0.089 0.481
2004.9973 47.04 3.63 0.197 -0.290 -1.702 0.105 0.088 0.472
2005.0233 47.04 3.63 0.458 -0.249 -3.890 0.121 0.099 0.531
2005.0507 47.04 3.63 0.408 -0.784 -5.153 0.174 0.145 0.757
2005.0781 47.04 3.63 0.180 0.018 -2.271 0.134 0.111 0.587
2005.1055 47.04 3.63 0.189 0.410 -0.761 0.133 0.111 0.585
2005.1329 47.04 3.63 0.401 0.234 -1.151 0.136 0.114 0.599
2005.1603 47.04 3.63 0.295 0.543 -2.962 0.122 0.102 0.543
2005.1877 47.04 3.63 0.102 0.291 -2.996 0.124 0.103 0.548
2005.2151 47.04 3.63 0.437 0.524 -2.401 0.117 0.098 0.523
2005.2425 47.04 3.63 0.425 0.776 -1.178 0.112 0.095 0.504
2005.2699 47.04 3.63 0.300 0.898 -3.076 0.119 0.101 0.534
2005.2973 47.04 3.63 0.191 0.797 -3.769 0.126 0.107 0.562
2005.3247 47.04 3.63 0.179 0.698 -5.460 0.133 0.112 0.591
2005.3521 47.04 3.63 0.275 0.716 -0.735 0.058 0.051 0.290
2005.3795 47.04 3.63 0.325 0.432 -3.618 0.124 0.106 0.558
2005.4068 47.04 3.63 0.208 0.092 -1.606 0.114 0.098 0.517
2005.4342 47.04 3.63 0.406 0.438 0.259 0.131 0.112 0.590
2005.4616 47.04 3.63 0.271 0.252 1.389 0.119 0.102 0.536
2005.4890 47.04 3.63 0.195 0.277 2.767 0.113 0.097 0.510
2005.5164 47.04 3.63 0.236 0.148 2.291 0.112 0.097 0.509
2005.5438 47.04 3.63 0.384 0.044 2.518 0.122 0.105 0.548
2005.5712 47.04 3.63 0.313 0.154 1.379 0.132 0.114 0.593
2005.5986 47.04 3.63 0.371 0.071 2.854 0.135 0.117 0.606
2005.6260 47.04 3.63 0.460 -0.146 3.964 0.119 0.104 0.541
2005.6534 47.04 3.63 0.285 -0.107 3.494 0.126 0.110 0.567
2005.6808 47.04 3.63 0.347 -0.049 3.072 0.123 0.108 0.558
2005.7082 47.04 3.63 0.015 -0.206 2.478 0.148 0.131 0.666
2005.7356 47.04 3.63 0.161 -0.171 2.066 0.130 0.115 0.590
2005.7630 47.04 3.63 -0.023 -0.219 2.544 0.131 0.116 0.592
2005.7904 47.04 3.63 -0.181 -0.158 1.367 0.123 0.109 0.559
2005.8178 47.04 3.63 -0.089 -0.723 -0.174 0.126 0.112 0.572
2005.8452 47.04 3.63 0.202 -0.648 -1.081 0.135 0.120 0.613
2005.8726 47.04 3.63 -0.024 -0.659 -1.678 0.117 0.104 0.535
2005.9000 47.04 3.63 0.123 -0.174 1.087 0.115 0.101 0.524
2005.9274 47.04 3.63 -0.336 -0.219 -0.418 0.122 0.104 0.554
2005.9548 47.04 3.63 -0.331 -0.149 2.457 0.118 0.102 0.563
2005.9822 47.04 3.63 -0.114 -0.164 2.254 0.114 0.099 0.526
2006.0096 47.04 3.63 -0.168 0.081 0.300 0.123 0.108 0.562
2006.0370 47.04 3.63 -0.370 -0.094 -0.554 0.154 0.137 0.698
2006.0644 47.04 3.63 -0.003 -0.151 -0.339 0.156 0.139 0.710
2006.0918 47.04 3.63 -0.028 0.061 -2.057 0.155 0.139 0.703
2006.1192 47.04 3.63 0.031 0.681 -1.473 0.174 0.158 0.789
2006.1466 47.04 3.63 0.199 0.315 -2.396 0.138 0.124 0.629
2006.1740 47.04 3.63 0.001 1.098 -6.249 0.153 0.140 0.698
2006.2014 47.04 3.63 0.017 0.759 -5.254 0.120 0.108 0.551
2006.2288 47.04 3.63 -0.036 0.377 -6.149 0.154 0.141 0.702
2006.2562 47.04 3.63 -0.074 0.580 -3.845 0.144 0.133 0.659
2006.2836 47.04 3.63 -0.031 0.993 -3.697 0.141 0.130 0.647
2006.3110 47.04 3.63 0.278 0.700 -2.471 0.151 0.139 0.688
2006.3384 47.04 3.63 0.054 0.894 -1.715 0.137 0.126 0.626
2006.3658 47.04 3.63 -0.209 0.633 0.688 0.151 0.140 0.692
2006.3932 47.04 3.63 0.042 0.413 -0.069 0.149 0.138 0.682
2006.4205 47.04 3.63 0.237 0.735 0.404 0.150 0.138 0.686
2006.4479 47.04 3.63 0.212 0.633 -0.263 0.166 0.149 0.752
2006.4753 47.04 3.63 0.138 0.490 0.781 0.166 0.154 0.762
2006.5027 47.04 3.63 0.026 0.279 2.193 0.172 0.160 0.789
2006.5301 47.04 3.63 -0.086 -0.035 1.518 0.204 0.190 0.930
2006.5575 47.04 3.63 0.021 -0.259 3.540 0.163 0.152 0.746
2006.5849 47.04 3.63 -0.081 -0.262 4.616 0.167 0.156 0.767
2006.6123 47.04 3.63 -0.112 -0.369 2.401 0.204 0.193 0.933
2006.6397 47.04 3.63 0.140 -0.296 0.575 0.174 0.163 0.797
2006.6671 47.04 3.63 0.204 -0.377 2.254 0.159 0.148 0.728
2006.6945 47.04 3.63 0.233 -0.388 1.741 0.202 0.189 0.921
2006.7219 47.04 3.63 -0.065 -0.284 0.031 0.191 0.176 0.869
2006.7493 47.04 3.63 0.088 -0.144 1.548 0.226 0.211 1.030
2006.7767 47.04 3.63 -0.115 -0.662 0.630 0.196 0.183 0.895
2006.8041 47.04 3.63 -0.051 -0.917 1.865 0.159 0.147 0.727
2006.8315 47.04 3.63 0.144 -1.092 2.677 0.184 0.171 0.839
2006.8589 47.04 3.63 0.054 -0.663 2.696 0.179 0.166 0.818
2006.8863 47.04 3.63 -0.118 -0.367 0.961 0.172 0.159 0.787
2006.9137 47.04 3.63 0.019 -0.342 0.706 0.168 0.154 0.767
2006.9411 47.04 3.63 0.071 -0.158 -0.635 0.165 0.151 0.755
2006.9685 47.04 3.63 0.384 -0.214 1.620 0.165 0.149 0.753
2006.9959 47.04 3.63 0.305 -0.281 0.090 0.165 0.147 0.750
2007.0233 47.04 3.63 0.453 -0.231 -3.034 0.154 0.136 0.700
2007.0507 47.04 3.63 0.533 -0.042 -2.124 0.161 0.142 0.728
2007.0781 47.04 3.63 0.301 0.531 -2.115 0.163 0.149 0.744
2007.1055 47.04 3.63 0.487 -0.114 -1.980 0.146 0.133 0.668
2007.1329 47.04 3.63 0.459 0.179 -3.278 0.159 0.145 0.726
2007.1603 47.04 3.63 0.866 0.240 -2.044 0.151 0.138 0.691
2007.1877 47.04 3.63 0.668 0.151 -6.733 0.193 0.180 0.882
2007.2151 47.04 3.63 0.602 0.520 -2.456 0.173 0.160 0.789
2007.2425 47.04 3.63 0.301 0.583 -4.909 0.166 0.154 0.759
2007.2699 47.04 3.63 0.200 0.130 -0.639 0.133 0.121 0.613
2007.2973 47.04 3.63 0.096 0.262 -0.787 0.126 0.114 0.580
2007.3247 47.04 3.63 0.144 0.139 0.540 0.153 0.141 0.701
2007.3521 47.04 3.63 0.287 0.333 0.576 0.167 0.155 0.764
2007.3795 47.04 3.63 0.141 0.094 0.426 0.175 0.163 0.800
2007.4068 47.04 3.63 -0.013 0.032 0.541 0.146 0.135 0.672
2007.4342 47.04 3.63 0.119 0.410 0.228 0.140 0.129 0.645
2007.4616 47.04 3.63 -0.036 0.207 -0.466 0.183 0.171 0.835
2007.4890 47.04 3.63 0.460 0.047 -2.086 0.142 0.129 0.649
2007.5164 47.04 3.63 0.551 0.009 -4.151 0.149 0.137 0.683
2007.5438 47.04 3.63 0.563 -0.474 -3.175 0.145 0.133 0.663
2007.5712 47.04 3.63 0.560 -0.286 -0.784 0.149 0.136 0.681
2007.5986 47.04 3.63 0.413 -0.710 -2.365 0.181 0.168 0.827
2007.6260 47.04 3.63 0.270 -0.800 -1.939 0.149 0.136 0.681
2007.6534 47.04 3.63 0.301 -0.946 -0.350 0.151 0.138 0.692
2007.6808 47.04 3.63 0.316 -0.766 -0.991 0.159 0.145 0.727
2007.7082 47.04 3.63 0.168 -0.914 1.874 0.119 0.106 0.552
2007.7356 47.04 3.63 0.156 -0.970 2.059 0.164 0.149 0.746
2007.7630 47.04 3.63 0.110 -0.709 1.522 0.127 0.113 0.587
2007.7904 47.04 3.63 0.104 -0.623 2.414 0.161 0.147 0.733
2007.8178 47.04 3.63 0.129 -0.311 4.166 0.184 0.170 0.839
2007.8452 47.04 3.63 -0.020 -0.440 2.122 0.151 0.138 0.692
2007.8726 47.04 3.63 0.198 -0.334 1.625 0.175 0.160 0.800
2007.9000 47.04 3.63 -0.066 -0.164 -1.924 0.188 0.166 0.845
2007.9274 47.04 3.63 0.327 -0.658 -1.502 0.181 0.167 0.829
2007.9548 47.04 3.63 0.191 -0.178 -1.692 0.137 0.125 0.629
2007.9822 47.04 3.63 0.123 0.218 -1.813 0.167 0.154 0.766
2008.0096 47.04 3.63 0.268 -0.198 -3.093 0.147 0.136 0.675
2008.0370 47.04 3.63 0.357 -0.233 -3.005 0.151 0.140 0.693
2008.0644 47.04 3.63 0.186 -0.306 -2.237 0.173 0.162 0.793
2008.0918 47.04 3.63 0.513 0.040 -1.510 0.140 0.129 0.646
2008.1192 47.04 3.63 0.392 0.005 -1.263 0.163 0.152 0.749
2008.1466 47.04 3.63 0.232 0.044 -0.595 0.189 0.177 0.866
2008.1740 47.04 3.63 0.399 0.316 -1.021 0.166 0.154 0.761
2008.2014 47.04 3.63 0.626 0.166 -0.024 0.177 0.166 0.810
2008.2288 47.04 3.63 0.351 0.937 -0.376 0.208 0.192 0.952
2008.2562 47.04 3.63 0.583 0.359 -2.955 0.193 0.180 0.885
2008.2836 47.04 3.63 0.449 0.302 -1.914 0.232 0.216 1.060
2008.3110 47.04 3.63 0.549 0.718 -1.790 0.239 0.223 1.092
2008.3384 47.04 3.63 0.602 0.495 -2.558 0.177 0.165 0.812
2008.3658 47.04 3.63 0.175 0.288 -0.614 0.182 0.168 0.830
2008.3932 47.04 3.63 0.446 0.628 -0.614 0.166 0.152 0.760
2008.4205 47.04 3.63 0.160 0.165 -4.381 0.145 0.133 0.666
2008.4479 47.04 3.63 0.212 0.094 -2.135 0.147 0.135 0.673
2008.4753 47.04 3.63 0.276 -0.110 -2.633 0.143 0.131 0.656
2008.5027 47.04 3.63 0.206 -0.584 -1.248 0.175 0.160 0.797
2008.5301 47.04 3.63 0.344 -0.471 -0.517 0.217 0.198 0.988
2008.5575 47.04 3.63 0.046 -0.146 1.315 0.143 0.128 0.654
2008.5849 47.04 3.63 -0.091 -0.619 1.813 0.160 0.146 0.729
2008.6123 47.04 3.63 -0.070 -0.556 3.037 0.135 0.121 0.617
2008.6397 47.04 3.63 -0.015 -0.403 1.994 0.147 0.133 0.672
2008.6671 47.04 3.63 -0.253 -0.742 2.942 0.141 0.128 0.647
2008.6945 47.04 3.63 -0.036 -0.491 1.643 0.137 0.123 0.627
2008.7219 47.04 3.63 -0.175 -0.229 2.227 0.157 0.143 0.714
2008.7493 47.04 3.63 -0.206 -0.352 1.759 0.142 0.130 0.650
2008.7767 47.04 3.63 0.129 -0.787 2.282 0.164 0.152 0.750
2008.8041 47.04 3.63 0.112 -0.306 1.302 0.165 0.153 0.755
2008.8315 47.04 3.63 0.041 -0.561 0.315 0.187 0.173 0.853
2008.8589 47.04 3.63 -0.359 -0.452 -0.280 0.218 0.202 0.993
2008.8863 47.04 3.63 0.038 -0.303 0.559 0.209 0.194 0.954
2008.9137 47.04 3.63 -0.045 -0.237 -1.065 0.199 0.185 0.908
2008.9411 47.04 3.63 -0.170 0.017 -1.750 0.209 0.193 0.953
2008.9685 47.04 3.63 -0.393 -0.202 -2.375 0.195 0.181 0.893
2008.9945 47.04 3.63 -0.569 -0.122 -1.362 0.165 0.153 0.756
2009.0205 47.04 3.63 -0.310 -0.416 -1.082 0.161 0.151 0.742
2009.0479 47.04 3.63 -0.211 -0.063 -1.534 0.162 0.151 0.744
2009.0753 47.04 3.63 -0.209 0.042 0.377 0.156 0.145 0.717
2009.1027 47.04 3.63 -0.280 0.060 -2.783 0.193 0.180 0.884
2009.1301 47.04 3.63 0.126 1.011 1.061 0.154 0.143 0.710
2009.1575 47.04 3.63 0.014 0.892 -1.456 0.157 0.146 0.725
2009.1849 47.04 3.63 -0.269 0.358 -3.000 0.179 0.168 0.822
2009.2123 47.04 3.63 -0.061 1.054 -1.301 0.157 0.142 0.715
2009.2397 47.04 3.63 0.092 0.977 -2.129 0.175 0.163 0.803
2009.2671 47.04 3.63 0.086 0.868 -1.511 0.147 0.136 0.676
2009.2945 47.04 3.63 -0.125 0.823 -1.354 0.151 0.140 0.691
2009.3219 47.04 3.63 -0.165 0.701 -1.645 0.157 0.146 0.722
2009.3493 47.04 3.63 -0.023 0.719 -1.285 0.145 0.133 0.665
2009.3767 47.04 3.63 -0.033 0.568 1.599 0.152 0.140 0.698
2009.4041 47.04 3.63 0.134 0.728 1.866 0.135 0.123 0.620
2009.4315 47.04 3.63 0.103 0.315 1.186 0.154 0.142 0.705
2009.4589 47.04 3.63 0.212 0.166 0.096 0.132 0.119 0.605
2009.4863 47.04 3.63 -0.061 0.283 2.387 0.145 0.131 0.664
2009.5137 47.04 3.63 0.015 0.321 2.486 0.140 0.124 0.640
2009.5411 47.04 3.63 0.166 0.174 3.778 0.171 0.155 0.780
2009.5685 47.04 3.63 -0.071 -0.000 3.952 0.185 0.166 0.840
2009.5959 47.04 3.63 0.062 -0.056 3.448 0.162 0.145 0.739
2009.6233 47.04 3.63 -0.095 -0.137 3.290 0.167 0.151 0.759
2009.6507 47.04 3.63 0.125 -0.310 3.564 0.161 0.146 0.732
2009.6781 47.04 3.63 -0.040 -0.178 3.934 0.171 0.156 0.779
2009.7055 47.04 3.63 -0.150 -0.420 3.961 0.177 0.162 0.804
2009.7329 47.04 3.63 -0.283 -0.298 3.887 0.171 0.156 0.778
2009.7603 47.04 3.63 -0.294 -0.264 4.335 0.194 0.179 0.885
2009.7877 47.04 3.63 0.136 -0.518 2.083 0.179 0.165 0.818
2009.8151 47.04 3.63 -0.138 0.020 2.477 0.192 0.177 0.873
2009.8425 47.04 3.63 -0.117 -0.309 2.782 0.175 0.161 0.797
2009.8699 47.04 3.63 -0.274 -0.152 1.875 0.167 0.154 0.763
2009.8973 47.04 3.63 0.095 -0.374 0.902 0.156 0.144 0.715
2009.9247 47.04 3.63 -0.151 -0.236 3.004 0.158 0.142 0.720
2009.9521 47.04 3.63 -0.065 -0.048 1.164 0.146 0.134 0.673
2009.9795 47.04 3.63 -0.310 0.136 0.111 0.151 0.138 0.692
2010.0068 47.04 3.63 -0.314 0.174 0.016 0.189 0.175 0.863
2010.0342 47.04 3.63 -0.225 0.698 -0.909 0.149 0.136 0.682
2010.0616 47.04 3.63 -0.176 0.451 -2.360 0.152 0.140 0.698
2010.0890 47.04 3.63 0.391 0.661 -1.734 0.180 0.167 0.825
2010.1164 47.04 3.63 0.057 0.691 -1.510 0.186 0.173 0.851
2010.1438 47.04 3.63 -0.289 0.482 -2.871 0.181 0.166 0.825
2010.1712 47.04 3.63 -0.152 0.709 -3.563 0.173 0.159 0.789
2010.1986 47.04 3.63 -0.057 0.779 -1.863 0.166 0.152 0.757
2010.2260 47.04 3.63 0.143 0.507 -1.985 0.181 0.166 0.826
2010.2534 47.04 3.63 0.057 0.504 -1.466 0.187 0.171 0.854
2010.2808 47.04 3.63 0.244 0.410 -1.830 0.145 0.132 0.666
2010.3082 47.04 3.63 -0.025 0.244 -1.096 0.152 0.138 0.694
2010.3356 47.04 3.63 -0.269 0.215 -0.379 0.140 0.125 0.642
2010.3630 47.04 3.63 -0.265 0.408 -1.558 0.149 0.134 0.681
2010.3904 47.04 3.63 -0.364 0.368 -1.029 0.156 0.133 0.701
2010.4178 47.04 3.63 0.070 0.272 1.355 0.159 0.142 0.722
2010.4452 47.04 3.63 0.200 0.333 1.958 0.141 0.126 0.646
2010.4726 47.04 3.63 0.027 0.273 1.251 0.128 0.113 0.587
2010.5000 47.04 3.63 -0.085 0.556 0.033 0.143 0.128 0.653
2010.5274 47.04 3.63 -0.166 0.213 1.760 0.216 0.200 0.981
2010.5548 47.04 3.63 -0.119 0.117 3.306 0.140 0.129 0.644
2010.5822 47.04 3.63 -0.050 0.357 3.169 0.127 0.116 0.586
2010.6096 47.04 3.63 -0.114 0.380 2.936 0.162 0.150 0.740
2010.6370 47.04 3.63 -0.013 0.090 1.216 0.145 0.134 0.667
2010.6644 47.04 3.63 0.041 0.066 1.398 0.137 0.126 0.628
2010.6918 47.04 3.63 -0.103 -0.588 1.732 0.162 0.151 0.743
2010.7192 47.04 3.63 -0.154 -0.360 3.337 0.151 0.141 0.694
2010.7466 47.04 3.63 -0.227 -0.552 1.773 0.175 0.163 0.797
2010.7740 47.04 3.63 -0.386 -0.089 2.666 0.145 0.133 0.665
2010.8014 47.04 3.63 -0.157 -0.360 2.005 0.138 0.127 0.632
2010.8288 47.04 3.63 -0.470 0.033 3.656 0.155 0.144 0.712
2010.8562 47.04 3.63 -0.415 -0.367 0.076 0.153 0.142 0.701
2010.8836 47.04 3.63 -0.541 -0.069 -1.018 0.143 0.132 0.658
2010.9110 47.04 3.63 -0.668 0.412 -2.522 0.155 0.144 0.711
2010.9384 47.04 3.63 -0.671 0.652 -2.443 0.161 0.149 0.736
2010.9658 47.04 3.63 -0.483 0.266 -2.487 0.176 0.163 0.804
2010.9932 47.04 3.63 -0.458 1.051 -3.004 0.162 0.111 0.681
2011.1027 47.04 3.63 0.020 0.467 -2.142 0.154 0.129 0.692
2011.1301 47.04 3.63 0.003 0.543 -1.718 0.211 0.195 0.960
2011.1575 47.04 3.63 -0.193 0.670 -3.054 0.145 0.131 0.664
2011.1849 47.04 3.63 -0.233 0.276 -0.179 0.119 0.105 0.546
2011.2123 47.04 3.63 -0.105 0.669 -1.861 0.180 0.166 0.820
2011.2397 47.04 3.63 0.078 0.549 0.362 0.186 0.173 0.847
2011.2671 47.04 3.63 -0.167 0.957 0.098 0.152 0.141 0.698
2011.2945 47.04 3.63 0.007 0.925 1.642 0.175 0.163 0.800
2011.3219 47.04 3.63 0.075 0.825 -0.075 0.164 0.153 0.752
2011.3493 47.04 3.63 -0.408 0.991 2.023 0.149 0.138 0.684
2011.3767 47.04 3.63 -0.283 0.912 3.437 0.172 0.160 0.787
2011.4041 47.04 3.63 -0.432 0.804 3.591 0.154 0.142 0.706
2011.4315 47.04 3.63 -0.083 0.907 3.733 0.166 0.139 0.739
2011.5137 47.04 3.63 -0.129 0.492 2.639 0.148 0.130 0.670
2011.5411 47.04 3.63 0.007 0.128 3.270 0.152 0.139 0.694
2011.5685 47.04 3.63 -0.178 0.214 1.399 0.150 0.136 0.685
2011.5959 47.04 3.63 -0.348 0.355 3.287 0.159 0.145 0.726
2011.6233 47.04 3.63 -0.558 0.068 3.773 0.160 0.145 0.731
2011.6507 47.04 3.63 0.034 -0.010 3.063 0.185 0.170 0.841
2011.6781 47.04 3.63 -0.160 -0.035 3.851 0.172 0.158 0.782
2011.7055 47.04 3.63 -0.054 -0.604 3.027 0.171 0.159 0.782
2011.7329 47.04 3.63 -0.049 -0.397 2.569 0.196 0.183 0.893
2011.7603 47.04 3.63 0.030 0.014 4.858 0.170 0.158 0.774
2011.7877 47.04 3.63 -0.025 -0.378 6.361 0.180 0.167 0.820
2011.8151 47.04 3.63 -0.435 -0.284 3.157 0.177 0.164 0.806
2011.8425 47.04 3.63 -0.351 -0.049 2.843 0.190 0.177 0.865
2011.8699 47.04 3.63 -0.787 -0.810 2.851 0.189 0.166 0.845
2011.9521 47.04 3.63 -0.168 0.053 0.157 0.138 0.104 0.600
2011.9795 47.04 3.63 -0.176 0.362 0.373 0.157 0.140 0.705
2012.0068 47.04 3.63 0.234 0.298 1.285 0.147 0.129 0.659
2012.0342 47.04 3.63 -0.039 0.727 1.673 0.175 0.153 0.777
2012.0616 47.04 3.63 0.279 0.393 0.567 0.154 0.133 0.684
2012.0890 47.04 3.63 -0.316 0.656 0.748 0.153 0.130 0.676
2012.1164 47.04 3.63 -0.325 0.652 1.308 0.151 0.127 0.665
2012.1438 47.04 3.63 -0.561 0.574 -0.131 0.156 0.130 0.686
2012.1712 47.04 3.63 0.190 0.372 1.127 0.151 0.124 0.663
2012.1986 47.04 3.63 -0.076 1.300 0.235 0.138 0.111 0.603
2012.2260 47.04 3.63 -0.081 0.672 1.405 0.139 0.113 0.607
2012.2534 47.04 3.63 -0.017 0.502 2.321 0.135 0.109 0.590
2012.2808 47.04 3.63 0.121 0.752 2.365 0.126 0.101 0.551
2012.3082 47.04 3.63 -0.043 0.883 1.321 0.165 0.112 0.689
2012.3904 47.04 3.63 0.438 0.709 -0.669 0.161 0.126 0.703
2012.4178 47.04 3.63 -0.215 0.561 0.807 0.117 0.092 0.509
2012.4452 47.04 3.63 0.016 0.414 1.279 0.116 0.091 0.507
2012.4726 47.04 3.63 0.128 0.233 0.339 0.125 0.098 0.542
2012.5000 47.04 3.63 0.247 0.010 0.927 0.119 0.094 0.521
2012.5274 47.04 3.63 -0.152 -0.044 2.223 0.126 0.100 0.548
2012.5548 47.04 3.63 -0.098 0.108 4.018 0.125 0.100 0.548
2012.5822 47.04 3.63 0.030 0.008 3.598 0.132 0.106 0.576
2012.6096 47.04 3.63 -0.043 -0.073 4.796 0.129 0.106 0.568
2012.6370 47.04 3.63 -0.030 -0.514 4.508 0.120 0.099 0.528
2012.6644 47.04 3.63 -0.236 -0.918 3.914 0.130 0.108 0.573
2012.6918 47.04 3.63 -0.277 -0.235 4.166 0.132 0.113 0.589
2012.7192 47.04 3.63 -0.039 -0.165 3.939 0.156 0.138 0.698
2012.7466 47.04 3.63 -0.349 -0.136 3.120 0.128 0.093 0.549
2012.8562 47.04 3.63 -0.402 -0.720 2.095 0.164 0.144 0.733
2012.8836 47.04 3.63 -0.134 -0.358 -0.610 0.150 0.139 0.685
2012.9110 47.04 3.63 -0.173 -0.656 0.399 0.143 0.132 0.652
2012.9384 47.04 3.63 -0.501 -0.357 -0.195 0.141 0.128 0.643
2012.9658 47.04 3.63 -0.457 0.070 -2.184 0.153 0.142 0.698
2012.9918 47.04 3.63 -0.251 -0.119 -2.703 0.078 0.070 0.367
2013.0178 47.04 3.63 -0.096 -0.473 -0.709 0.091 0.083 0.422
2013.0452 47.04 3.63 -0.106 -0.150 -2.189 0.090 0.082 0.421
2013.0726 47.04 3.63 -0.161 -0.002 -1.997 0.084 0.076 0.392
2013.1000 47.04 3.63 0.112 0.465 -1.241 0.086 0.078 0.401
2013.1274 47.04 3.63 0.059 0.645 -1.424 0.080 0.073 0.377
2013.1548 47.04 3.63 0.062 0.344 -2.379 0.079 0.066 0.364
2013.2644 47.04 3.63 0.055 1.196 -2.647 0.101 0.055 0.405
2013.2918 47.04 3.63 -0.151 0.898 -2.233 0.082 0.075 0.385
2013.3192 47.04 3.63 -0.427 1.150 -2.868 0.090 0.083 0.420
2013.3466 47.04 3.63 -0.434 0.598 -1.795 0.092 0.085 0.430
2013.3740 47.04 3.63 -0.530 0.959 -1.772 0.079 0.073 0.375
2013.4014 47.04 3.63 -0.681 0.825 -4.065 0.082 0.075 0.386
2013.4288 47.04 3.63 -0.612 0.666 -2.558 0.073 0.067 0.348
2013.4562 47.04 3.63 -0.638 0.773 -1.439 0.075 0.068 0.354
2013.4836 47.04 3.63 -0.197 0.249 -2.093 0.076 0.069 0.360
2013.5110 47.04 3.63 -0.419 0.253 0.901 0.085 0.078 0.398
2013.5384 47.04 3.63 -0.868 -0.018 3.725 0.086 0.075 0.396
2013.5658 47.04 3.63 -0.493 -0.063 4.467 0.087 0.080 0.409
2013.7575 47.04 3.63 -0.571 -0.461 2.154 0.085 0.076 0.398
2013.7849 47.04 3.63 -0.680 -0.718 3.661 0.087 0.078 0.406
2013.8123 47.04 3.63 -0.550 -0.575 -0.832 0.080 0.072 0.375
2013.8397 47.04 3.63 0.007 -0.524 0.778 0.081 0.073 0.379
2013.8671 47.04 3.63 -0.220 -0.414 -0.143 0.087 0.078 0.404
2013.8945 47.04 3.63 -0.457 -0.283 2.935 0.080 0.072 0.376
2013.9219 47.04 3.63 -0.403 -0.216 2.178 0.072 0.065 0.343
2013.9493 47.04 3.63 -0.096 -0.046 0.166 0.077 0.069 0.360
2013.9767 47.04 3.63 0.154 -0.129 2.660 0.078 0.070 0.366
2014.0041 47.04 3.63 -0.134 0.297 0.504 0.075 0.067 0.354
2014.0315 47.04 3.63 -0.076 -0.148 -2.060 0.078 0.070 0.366
2014.1685 47.04 3.63 -0.220 -0.352 -5.910 0.082 0.074 0.386
2014.1959 47.04 3.63 -0.290 0.509 -2.395 0.082 0.075 0.385
2014.2233 47.04 3.63 -0.176 0.620 -2.287 0.078 0.071 0.368
2014.2507 47.04 3.63 -0.508 0.338 -2.119 0.072 0.065 0.341
2014.2781 47.04 3.63 -0.052 0.400 -1.026 0.076 0.069 0.358
2014.3055 47.04 3.63 -0.172 0.461 -0.234 0.073 0.066 0.346
2014.3329 47.04 3.63 -0.372 0.739 1.190 0.061 0.054 0.293
2014.3603 47.04 3.63 0.001 0.525 1.532 0.068 0.061 0.325
2014.3877 47.04 3.63 0.094 0.130 2.195 0.068 0.062 0.326
2014.4151 47.04 3.63 -0.182 0.547 2.204 0.068 0.061 0.325
2014.4425 47.04 3.63 -0.383 -0.476 3.182 0.072 0.065 0.342
2014.4699 47.04 3.63 -0.924 0.281 4.955 0.072 0.064 0.341
2014.5795 47.04 3.63 -0.556 0.008 3.655 0.067 0.054 0.314
2014.6068 47.04 3.63 -0.542 -0.543 2.603 0.064 0.057 0.307
2014.6342 47.04 3.63 -0.045 -0.304 3.056 0.059 0.052 0.285
2014.6616 47.04 3.63 -0.577 -0.327 2.304 0.065 0.058 0.310
2014.6890 47.04 3.63 -0.503 -0.416 2.527 0.063 0.056 0.303
2014.7164 47.04 3.63 -0.397 -0.620 4.556 0.062 0.055 0.297
2014.7438 47.04 3.63 -0.271 -1.274 3.916 0.067 0.060 0.318
2014.7712 47.04 3.63 -0.325 -1.348 1.305 0.066 0.059 0.314
2014.7986 47.04 3.63 -0.266 -0.653 1.953 0.060 0.052 0.286
2014.8260 47.04 3.63 -0.449 -0.962 1.882 0.060 0.052 0.286
2014.8534 47.04 3.63 -0.351 -1.028 0.710 0.063 0.055 0.300
2014.8808 47.04 3.63 -0.559 -0.381 0.537 0.063 0.055 0.300
2014.9082 47.04 3.63 -0.600 -0.481 -0.057 0.064 0.056 0.305
2015.0452 47.04 3.63 -0.099 0.016 -3.331 0.050 0.041 0.243
2015.0726 47.04 3.63 -0.247 0.222 -0.433 0.054 0.043 0.257
2015.1000 47.04 3.63 -0.385 0.385 -1.981 0.048 0.039 0.236
2015.1274 47.04 3.63 -0.371 0.089 -2.051 0.045 0.037 0.223
2015.1548 47.04 3.63 -0.354 -0.117 -0.660 0.052 0.042 0.249
2015.1822 47.04 3.63 -0.474 0.388 -1.216 0.049 0.040 0.238
2015.2096 47.04 3.63 -0.438 0.278 1.668 0.064 0.053 0.297
2015.2370 47.04 3.63 -0.296 0.633 0.264 0.068 0.059 0.320
2015.2644 47.04 3.63 -0.573 0.353 -1.731 0.060 0.053 0.287
2015.2918 47.04 3.63 -0.333 0.681 2.251 0.061 0.053 0.290
2015.3192 47.04 3.63 -0.038 0.728 -0.355 0.058 0.051 0.281
2015.3466 47.04 3.63 -0.183 0.528 -1.276 0.063 0.055 0.302
2015.4836 47.04 3.63 -0.312 0.340 4.923 0.061 0.048 0.286
2015.5110 47.04 3.63 -0.164 0.132 1.043 0.058 0.047 0.275
2015.5384 47.04 3.63 -0.052 -0.365 4.301 0.063 0.053 0.299
2015.5658 47.04 3.63 -0.178 -0.441 4.157 0.062 0.055 0.298
2015.5932 47.04 3.63 -0.333 -0.763 5.560 0.065 0.057 0.307
2015.6205 47.04 3.63 -0.334 -0.970 5.851 0.063 0.055 0.299
2015.6479 47.04 3.63 -0.754 -0.749 6.587 0.061 0.053 0.291
2015.6753 47.04 3.63 -0.616 -0.748 4.521 0.059 0.051 0.283
2015.7027 47.04 3.63 -0.413 -0.752 3.961 0.064 0.056 0.303
2015.7301 47.04 3.63 -0.691 -0.691 0.045 0.064 0.056 0.304
2015.9493 47.04 3.63 -0.613 -0.753 2.771 0.062 0.055 0.298
2015.9767 47.04 3.63 0.015 -0.654 1.344 0.064 0.057 0.307
2016.0041 47.04 3.63 -0.111 -0.642 2.043 0.059 0.052 0.282
2016.0315 47.04 3.63 -0.003 -0.562 0.419 0.056 0.049 0.270
2016.0589 47.04 3.63 -0.250 -0.660 -0.307 0.057 0.051 0.276
2016.0863 47.04 3.63 -0.026 -0.229 0.345 0.052 0.046 0.256
2016.1137 47.04 3.63 -0.269 -0.156 -0.475 0.058 0.051 0.280
2016.1411 47.04 3.63 -0.194 -0.020 -0.798 0.068 0.060 0.321
2016.1685 47.04 3.63 -0.228 0.191 -1.812 0.073 0.065 0.341
2016.1959 47.04 3.63 -0.266 0.884 -0.526 0.071 0.065 0.337
2016.2233 47.04 3.63 -0.306 0.595 -1.586 0.072 0.067 0.341
2016.2507 47.04 3.63 0.133 -0.077 -1.457 0.061 0.053 0.293
2016.3603 47.04 3.63 -0.141 0.535 0.111 0.056 0.050 0.273
2016.3877 47.04 3.63 -0.062 0.442 -1.217 0.066 0.059 0.312
2016.4151 47.04 3.63 -0.103 0.626 -1.732 0.065 0.057 0.307
2016.4425 47.04 3.63 -0.044 0.427 -4.163 0.069 0.062 0.326
2016.4699 47.04 3.63 0.083 0.285 -4.617 0.068 0.060 0.319
