2002.5877 48.22 -116.26 -0.127 -0.903 1.448 0.116 0.103 0.536
2002.6151 48.22 -116.26 -0.116 -0.943 4.085 0.111 0.100 0.512
2002.6425 48.22 -116.26 -0.181 -0.647 4.388 0.113 0.101 0.522
2002.6699 48.22 -116.26 -0.184 -0.417 5.572 0.098 0.087 0.457
2002.6973 48.22 -116.26 -0.299 -0.225 5.065 0.175 0.092 0.675
2002.7247 48.22 -116.26 -0.366 -0.012 8.176 0.105 0.095 0.485
2002.7521 48.22 -116.26 -0.354 -0.272 6.336 0.097 0.088 0.452
2002.7795 48.22 -116.26 -0.407 -0.156 8.136 0.113 0.102 0.524
2002.8068 48.22 -116.26 -0.388 -0.160 8.109 0.101 0.091 0.467
2002.8342 48.22 -116.26 -0.423 -0.217 7.023 0.099 0.090 0.461
2002.8616 48.22 -116.26 -0.570 -0.476 6.876 0.104 0.084 0.469
2002.8890 48.22 -116.26 -0.529 -0.712 4.757 0.101 0.090 0.466
2002.9164 48.22 -116.26 -0.529 -0.861 5.614 0.108 0.096 0.500
2003.0260 48.22 -116.26 -0.504 -0.716 2.847 0.123 0.109 0.567
2003.0534 48.22 -116.26 -0.533 -0.132 0.058 0.197 0.179 0.898
2003.0808 48.22 -116.26 -0.539 -0.250 -2.634 0.178 0.154 0.807
2003.1082 48.22 -116.26 -0.547 -1.019 -0.943 0.104 0.090 0.483
2003.1356 48.22 -116.26 -0.331 -0.586 -2.345 0.096 0.084 0.451
2003.1630 48.22 -116.26 -0.369 -0.290 -1.717 0.102 0.090 0.475
2003.1904 48.22 -116.26 -0.320 -0.509 -2.724 0.120 0.104 0.553
2003.2178 48.22 -116.26 -0.463 -0.518 -3.758 0.101 0.088 0.468
2003.2452 48.22 -116.26 -0.255 -0.916 -6.174 0.098 0.087 0.457
2003.2726 48.22 -116.26 -0.102 -0.919 -3.076 0.096 0.085 0.446
2003.3000 48.22 -116.26 -0.117 -1.112 -5.016 0.093 0.083 0.436
2003.3274 48.22 -116.26 -0.376 -0.885 -4.367 0.121 0.108 0.560
2003.3548 48.22 -116.26 -0.541 -0.987 -4.962 0.132 0.119 0.606
2003.3822 48.22 -116.26 -0.425 -0.516 -1.606 0.122 0.108 0.564
2003.5192 48.22 -116.26 -0.054 -0.702 2.015 0.125 0.115 0.577
2003.5466 48.22 -116.26 -0.178 -0.930 3.388 0.138 0.127 0.633
2003.5740 48.22 -116.26 -0.409 -0.967 5.130 0.160 0.148 0.731
2003.6014 48.22 -116.26 -0.261 -0.613 6.821 0.138 0.127 0.633
2003.6288 48.22 -116.26 -0.409 -0.974 6.116 0.131 0.120 0.604
2003.6562 48.22 -116.26 -0.557 -0.573 9.158 0.141 0.129 0.645
2003.6836 48.22 -116.26 -0.685 -0.637 8.179 0.139 0.127 0.634
2003.7110 48.22 -116.26 -0.427 -0.607 7.853 0.110 0.099 0.506
2003.7384 48.22 -116.26 -0.364 -0.579 7.687 0.132 0.120 0.604
2003.7658 48.22 -116.26 -0.705 -0.264 7.026 0.122 0.110 0.557
2003.7932 48.22 -116.26 -0.642 -0.748 7.666 0.135 0.123 0.617
2003.8205 48.22 -116.26 -0.193 -0.434 8.642 0.147 0.130 0.663
2003.8479 48.22 -116.26 -0.600 -0.117 5.358 0.131 0.113 0.588
2003.8753 48.22 -116.26 -0.371 -0.375 6.289 0.136 0.122 0.614
2003.9027 48.22 -116.26 -0.434 -0.951 4.537 0.125 0.110 0.568
2003.9301 48.22 -116.26 -0.530 -0.799 1.683 0.130 0.114 0.587
2003.9575 48.22 -116.26 -0.501 -0.962 3.543 0.145 0.129 0.651
2003.9849 48.22 -116.26 -0.498 -0.919 2.157 0.138 0.121 0.619
2004.0123 48.22 -116.26 -0.837 -0.677 2.546 0.148 0.130 0.663
2004.0397 48.22 -116.26 -0.769 -0.719 1.477 0.127 0.111 0.580
2004.0945 48.22 -116.26 -0.628 -0.467 -1.017 0.119 0.103 0.541
2004.1219 48.22 -116.26 -0.610 -0.828 -1.032 0.126 0.107 0.561
2004.1493 48.22 -116.26 -0.813 -1.600 -1.797 0.148 0.126 0.654
2004.1767 48.22 -116.26 -0.979 -0.734 -2.001 0.157 0.133 0.691
2004.2041 48.22 -116.26 -0.610 -1.093 -0.296 0.129 0.109 0.572
2004.2315 48.22 -116.26 -0.658 -0.792 -0.647 0.131 0.110 0.580
2004.2589 48.22 -116.26 -0.646 -0.814 -1.212 0.136 0.114 0.599
2004.2863 48.22 -116.26 -0.767 -0.921 -2.366 0.137 0.114 0.601
2004.3137 48.22 -116.26 -0.462 -0.762 -2.820 0.130 0.108 0.573
2004.3411 48.22 -116.26 -0.061 -0.958 -0.751 0.142 0.118 0.623
2004.3685 48.22 -116.26 -0.328 -0.784 1.731 0.138 0.115 0.608
2004.3959 48.22 -116.26 -0.236 -0.306 2.043 0.121 0.102 0.541
2004.4233 48.22 -116.26 -0.026 -0.327 0.008 0.117 0.098 0.521
2004.4507 48.22 -116.26 -0.174 -0.495 -0.589 0.104 0.086 0.463
2004.4781 48.22 -116.26 -0.271 -0.329 1.179 0.114 0.094 0.505
2004.5055 48.22 -116.26 -0.242 0.051 2.314 0.111 0.092 0.495
2004.5329 48.22 -116.26 -0.284 -0.165 4.904 0.105 0.088 0.471
2004.5603 48.22 -116.26 -0.466 -0.525 4.574 0.108 0.090 0.482
2004.5877 48.22 -116.26 -0.684 -0.234 5.431 0.110 0.091 0.489
2004.6151 48.22 -116.26 -0.618 0.003 6.484 0.121 0.100 0.536
2004.6425 48.22 -116.26 -0.529 0.066 5.421 0.103 0.087 0.464
2004.6699 48.22 -116.26 -0.575 -0.263 5.003 0.103 0.087 0.466
2004.6973 48.22 -116.26 -0.483 0.001 4.685 0.097 0.082 0.440
2004.7247 48.22 -116.26 -0.495 0.375 5.482 0.111 0.093 0.497
2004.7521 48.22 -116.26 -0.531 -0.137 4.146 0.106 0.090 0.481
2004.7795 48.22 -116.26 -0.485 -0.206 4.594 0.104 0.087 0.466
2004.8068 48.22 -116.26 -0.430 0.090 6.143 0.115 0.095 0.509
2004.8342 48.22 -116.26 -0.561 0.146 3.759 0.113 0.094 0.502
2004.8616 48.22 -116.26 -0.524 -0.220 4.182 0.100 0.085 0.453
2004.8890 48.22 -116.26 -0.575 -0.178 5.019 0.100 0.084 0.451
2004.9164 48.22 -116.26 -0.307 0.006 3.950 0.109 0.091 0.485
2004.9438 48.22 -116.26 -0.404 -0.028 1.312 0.120 0.102 0.543
2004.9712 48.22 -116.26 -0.385 -0.441 1.020 0.109 0.090 0.483
2004.9973 48.22 -116.26 -0.449 -0.300 0.106 0.106 0.089 0.474
2005.0233 48.22 -116.26 -0.418 -0.255 -0.218 0.121 0.100 0.534
2005.0507 48.22 -116.26 -0.396 -0.177 -1.500 0.175 0.146 0.760
2005.0781 48.22 -116.26 -0.233 -0.529 -2.005 0.134 0.112 0.589
2005.1055 48.22 -116.26 -0.278 -0.840 -0.647 0.133 0.112 0.587
2005.1329 48.22 -116.26 -0.205 -0.479 -0.992 0.136 0.115 0.601
2005.1603 48.22 -116.26 -0.216 0.121 1.742 0.123 0.103 0.545
2005.1877 48.22 -116.26 -0.148 -0.390 0.251 0.124 0.104 0.551
2005.2151 48.22 -116.26 -0.010 0.112 0.418 0.117 0.099 0.526
2005.2425 48.22 -116.26 -0.184 -0.026 -0.812 0.113 0.096 0.505
2005.2699 48.22 -116.26 -0.186 0.037 -1.969 0.120 0.102 0.536
2005.2973 48.22 -116.26 -0.215 0.170 -1.014 0.127 0.108 0.564
2005.3247 48.22 -116.26 -0.161 0.024 -1.015 0.133 0.114 0.593
2005.3521 48.22 -116.26 -0.328 0.062 -1.321 0.059 0.051 0.289
2005.3795 48.22 -116.26 -0.323 -0.385 0.004 0.125 0.107 0.560
2005.4068 48.22 -116.26 -0.353 -0.132 -0.661 0.115 0.099 0.518
2005.4342 48.22 -116.26 -0.256 -0.111 -1.305 0.132 0.114 0.593
2005.4616 48.22 -116.26 -0.207 -0.026 -0.310 0.119 0.103 0.538
2005.4890 48.22 -116.26 -0.157 -0.261 0.831 0.113 0.098 0.511
2005.5164 48.22 -116.26 -0.119 0.120 1.562 0.113 0.098 0.510
2005.5438 48.22 -116.26 -0.096 -0.316 2.124 0.122 0.106 0.550
2005.5712 48.22 -116.26 -0.174 0.180 4.450 0.132 0.115 0.595
2005.5986 48.22 -116.26 -0.042 -0.398 5.090 0.135 0.118 0.607
2005.6260 48.22 -116.26 -0.158 0.200 6.097 0.120 0.105 0.542
2005.6534 48.22 -116.26 -0.107 0.386 4.356 0.126 0.110 0.568
2005.6808 48.22 -116.26 -0.198 0.384 5.966 0.124 0.109 0.559
2005.7082 48.22 -116.26 -0.142 0.167 5.146 0.148 0.132 0.668
2005.7356 48.22 -116.26 -0.187 0.546 6.399 0.131 0.116 0.591
2005.7630 48.22 -116.26 -0.262 0.438 3.101 0.131 0.117 0.593
2005.7904 48.22 -116.26 0.035 0.433 4.199 0.123 0.109 0.560
2005.8178 48.22 -116.26 -0.085 0.147 6.483 0.126 0.113 0.573
2005.8452 48.22 -116.26 0.073 0.172 4.362 0.135 0.121 0.615
2005.8726 48.22 -116.26 -0.162 -0.149 3.141 0.118 0.105 0.536
2005.9000 48.22 -116.26 -0.131 -0.410 2.582 0.115 0.102 0.525
2005.9274 48.22 -116.26 -0.055 -0.119 0.447 0.122 0.105 0.556
2005.9548 48.22 -116.26 -0.227 -0.545 -0.172 0.119 0.103 0.565
2005.9822 48.22 -116.26 -0.140 -0.792 2.161 0.115 0.100 0.528
2006.0096 48.22 -116.26 -0.346 -0.928 2.253 0.124 0.109 0.564
2006.0370 48.22 -116.26 -0.425 -0.590 -1.282 0.154 0.138 0.700
2006.0644 48.22 -116.26 -0.286 -0.293 -1.503 0.157 0.140 0.712
2006.0918 48.22 -116.26 -0.292 -0.436 -3.278 0.155 0.140 0.705
2006.1192 48.22 -116.26 -0.317 -0.413 -5.241 0.175 0.159 0.790
2006.1466 48.22 -116.26 -0.077 -0.120 -4.217 0.138 0.125 0.630
2006.1740 48.22 -116.26 -0.287 -0.317 -6.046 0.154 0.141 0.699
2006.2014 48.22 -116.26 -0.317 -0.498 -6.399 0.121 0.109 0.552
2006.2288 48.22 -116.26 -0.211 -0.651 -5.404 0.154 0.142 0.704
2006.2562 48.22 -116.26 -0.497 -0.668 -6.329 0.145 0.133 0.659
2006.2836 48.22 -116.26 -0.383 -0.696 -5.644 0.142 0.131 0.648
2006.3110 48.22 -116.26 -0.441 -0.433 -5.905 0.151 0.139 0.690
2006.3384 48.22 -116.26 -0.351 -0.429 -4.428 0.137 0.127 0.627
2006.3658 48.22 -116.26 0.055 -0.388 -3.287 0.151 0.141 0.693
2006.3932 48.22 -116.26 0.330 -0.143 -3.944 0.149 0.138 0.683
2006.4205 48.22 -116.26 -0.002 -0.313 -4.823 0.150 0.139 0.687
2006.4479 48.22 -116.26 -0.010 -0.558 -4.261 0.166 0.150 0.754
2006.4753 48.22 -116.26 0.280 -0.610 -1.127 0.167 0.155 0.763
2006.5027 48.22 -116.26 -0.070 -0.261 1.469 0.173 0.161 0.790
2006.5301 48.22 -116.26 -0.197 -0.036 2.014 0.204 0.191 0.931
2006.5575 48.22 -116.26 -0.250 -0.080 1.732 0.163 0.152 0.748
2006.5849 48.22 -116.26 -0.315 -0.310 2.937 0.168 0.156 0.768
2006.6123 48.22 -116.26 -0.256 -0.545 2.702 0.205 0.193 0.934
2006.6397 48.22 -116.26 -0.517 0.074 3.838 0.174 0.164 0.798
2006.6671 48.22 -116.26 -0.420 -0.394 4.556 0.159 0.148 0.729
2006.6945 48.22 -116.26 -0.598 -0.295 6.272 0.202 0.190 0.922
2006.7219 48.22 -116.26 -0.469 0.145 7.916 0.191 0.177 0.871
2006.7493 48.22 -116.26 -0.547 0.060 6.441 0.227 0.212 1.032
2006.7767 48.22 -116.26 -0.659 -0.034 8.094 0.197 0.184 0.896
2006.8041 48.22 -116.26 -0.524 0.159 4.936 0.159 0.148 0.728
2006.8315 48.22 -116.26 -0.441 -0.301 4.930 0.184 0.172 0.841
2006.8589 48.22 -116.26 -0.415 -0.662 4.034 0.180 0.167 0.820
2006.8863 48.22 -116.26 -0.343 -0.589 2.685 0.173 0.160 0.788
2006.9137 48.22 -116.26 -0.216 -0.698 2.080 0.168 0.155 0.768
2006.9411 48.22 -116.26 -0.215 -0.670 1.145 0.166 0.152 0.756
2006.9685 48.22 -116.26 -0.405 -0.925 1.640 0.166 0.150 0.754
2006.9959 48.22 -116.26 -0.405 -0.799 -2.039 0.166 0.148 0.752
2007.0233 48.22 -116.26 -0.267 -0.670 -0.385 0.155 0.137 0.703
2007.0507 48.22 -116.26 -0.205 -0.444 -1.403 0.161 0.143 0.730
2007.0781 48.22 -116.26 0.152 -0.477 -2.966 0.163 0.150 0.746
2007.1055 48.22 -116.26 0.082 -0.683 -2.698 0.146 0.133 0.669
2007.1329 48.22 -116.26 0.012 -0.721 -4.110 0.159 0.145 0.727
2007.1603 48.22 -116.26 -0.116 -0.557 -5.471 0.151 0.139 0.693
2007.1877 48.22 -116.26 -0.283 -0.422 -2.590 0.194 0.181 0.884
2007.2151 48.22 -116.26 -0.024 -0.467 -4.963 0.173 0.161 0.790
2007.2425 48.22 -116.26 -0.016 -0.657 -5.469 0.166 0.155 0.760
2007.2699 48.22 -116.26 0.157 -0.597 -4.359 0.134 0.122 0.614
2007.2973 48.22 -116.26 0.189 -0.627 -5.202 0.126 0.115 0.581
2007.3247 48.22 -116.26 0.260 -0.624 -5.312 0.153 0.142 0.702
2007.3521 48.22 -116.26 0.528 -0.940 -3.645 0.167 0.156 0.765
2007.3795 48.22 -116.26 0.400 -1.008 -3.395 0.175 0.164 0.801
2007.4068 48.22 -116.26 0.660 -0.528 -3.292 0.147 0.136 0.673
2007.4342 48.22 -116.26 0.531 -0.202 -4.194 0.141 0.130 0.646
2007.4616 48.22 -116.26 0.481 -0.078 -2.727 0.183 0.171 0.836
2007.4890 48.22 -116.26 0.424 -0.138 -2.325 0.142 0.130 0.650
2007.5164 48.22 -116.26 0.171 -0.409 -2.955 0.149 0.138 0.684
2007.5438 48.22 -116.26 0.153 -0.519 0.029 0.145 0.133 0.664
2007.5712 48.22 -116.26 -0.099 -0.793 2.022 0.149 0.137 0.682
2007.5986 48.22 -116.26 -0.198 -0.668 5.004 0.182 0.168 0.829
2007.6260 48.22 -116.26 0.006 -0.487 5.027 0.149 0.137 0.682
2007.6534 48.22 -116.26 -0.064 -0.243 5.155 0.152 0.139 0.693
2007.6808 48.22 -116.26 -0.227 -0.462 4.516 0.160 0.146 0.729
2007.7082 48.22 -116.26 -0.136 -0.308 4.934 0.120 0.107 0.552
2007.7356 48.22 -116.26 0.044 -0.208 6.936 0.164 0.149 0.748
2007.7630 48.22 -116.26 -0.126 0.127 7.879 0.128 0.114 0.588
2007.7904 48.22 -116.26 0.129 -0.041 5.535 0.161 0.148 0.735
2007.8178 48.22 -116.26 -0.090 0.213 5.920 0.184 0.171 0.840
2007.8452 48.22 -116.26 0.050 0.156 4.263 0.151 0.138 0.693
2007.8726 48.22 -116.26 0.144 -0.102 3.548 0.176 0.161 0.802
2007.9000 48.22 -116.26 0.114 -0.298 3.302 0.189 0.167 0.848
2007.9274 48.22 -116.26 0.152 -0.683 0.250 0.182 0.168 0.830
2007.9548 48.22 -116.26 -0.042 -0.674 1.072 0.137 0.126 0.630
2007.9822 48.22 -116.26 -0.030 -0.707 0.441 0.168 0.155 0.767
2008.0096 48.22 -116.26 -0.014 -0.894 -0.390 0.147 0.136 0.676
2008.0370 48.22 -116.26 0.118 -0.654 0.208 0.151 0.141 0.694
2008.0644 48.22 -116.26 -0.131 -0.242 -1.820 0.173 0.162 0.794
2008.0918 48.22 -116.26 -0.069 -0.676 -3.365 0.141 0.129 0.647
2008.1192 48.22 -116.26 -0.286 -0.678 -3.237 0.163 0.152 0.750
2008.1466 48.22 -116.26 -0.124 -0.317 -2.668 0.189 0.178 0.867
2008.1740 48.22 -116.26 -0.328 -0.265 -6.116 0.166 0.155 0.762
2008.2014 48.22 -116.26 -0.514 -0.831 -4.125 0.177 0.167 0.811
2008.2288 48.22 -116.26 -0.321 -0.142 -5.470 0.208 0.193 0.954
2008.2562 48.22 -116.26 -0.176 -0.900 -4.714 0.194 0.180 0.886
2008.2836 48.22 -116.26 -0.379 -0.752 -3.452 0.233 0.217 1.062
2008.3110 48.22 -116.26 -0.080 -0.499 -4.669 0.240 0.224 1.094
2008.3384 48.22 -116.26 0.011 -0.197 -5.004 0.178 0.166 0.813
2008.3658 48.22 -116.26 0.094 -0.651 -3.963 0.182 0.169 0.832
2008.3932 48.22 -116.26 0.509 -0.460 -5.240 0.167 0.153 0.762
2008.4205 48.22 -116.26 0.088 -0.302 -6.584 0.146 0.133 0.668
2008.4479 48.22 -116.26 0.231 -0.428 -4.869 0.148 0.136 0.674
2008.4753 48.22 -116.26 0.115 -0.173 -1.762 0.144 0.131 0.657
2008.5027 48.22 -116.26 0.118 -0.551 1.136 0.176 0.160 0.799
2008.5301 48.22 -116.26 0.384 -0.725 3.150 0.218 0.199 0.990
2008.5575 48.22 -116.26 -0.028 -0.139 2.011 0.144 0.129 0.655
2008.5849 48.22 -116.26 -0.034 -0.577 3.951 0.160 0.147 0.730
2008.6123 48.22 -116.26 -0.056 -0.420 4.338 0.135 0.122 0.618
2008.6397 48.22 -116.26 -0.174 -0.143 4.294 0.148 0.134 0.674
2008.6671 48.22 -116.26 -0.131 -0.208 3.393 0.142 0.129 0.648
2008.6945 48.22 -116.26 -0.350 0.289 3.500 0.138 0.124 0.628
2008.7219 48.22 -116.26 -0.210 0.279 5.377 0.157 0.144 0.716
2008.7493 48.22 -116.26 -0.252 0.271 5.713 0.142 0.130 0.651
2008.7767 48.22 -116.26 -0.280 0.230 4.360 0.165 0.152 0.751
2008.8041 48.22 -116.26 0.064 0.038 4.303 0.166 0.154 0.756
2008.8315 48.22 -116.26 -0.241 0.298 3.908 0.187 0.174 0.854
2008.8589 48.22 -116.26 -0.316 -0.124 4.206 0.218 0.203 0.995
2008.8863 48.22 -116.26 -0.197 -0.366 3.777 0.209 0.195 0.955
2008.9137 48.22 -116.26 -0.109 -0.247 3.221 0.199 0.186 0.909
2008.9411 48.22 -116.26 0.187 -0.296 3.631 0.209 0.194 0.955
2008.9685 48.22 -116.26 0.155 -0.554 3.023 0.196 0.182 0.895
2008.9945 48.22 -116.26 -0.081 -0.700 -0.634 0.165 0.154 0.757
2009.0205 48.22 -116.26 -0.041 -0.377 0.509 0.162 0.151 0.743
2009.0479 48.22 -116.26 -0.136 -0.334 -2.028 0.162 0.152 0.744
2009.0753 48.22 -116.26 -0.123 -0.714 -3.464 0.156 0.145 0.718
2009.1027 48.22 -116.26 -0.112 -0.605 0.537 0.193 0.181 0.886
2009.1301 48.22 -116.26 -0.186 -0.675 -0.664 0.155 0.144 0.711
2009.1575 48.22 -116.26 -0.118 -0.488 -0.236 0.158 0.147 0.726
2009.1849 48.22 -116.26 -0.241 -0.342 -2.176 0.180 0.169 0.823
2009.2123 48.22 -116.26 -0.093 -0.328 0.272 0.157 0.143 0.716
2009.2397 48.22 -116.26 -0.119 -0.041 -1.348 0.176 0.164 0.804
2009.2671 48.22 -116.26 -0.128 0.120 -1.537 0.147 0.137 0.676
2009.2945 48.22 -116.26 -0.166 0.041 -3.284 0.151 0.140 0.692
2009.3219 48.22 -116.26 -0.001 0.052 -3.272 0.158 0.146 0.723
2009.3493 48.22 -116.26 -0.363 0.037 -4.318 0.145 0.134 0.666
2009.3767 48.22 -116.26 -0.103 0.530 -5.311 0.153 0.141 0.699
2009.4041 48.22 -116.26 0.124 -0.043 -2.840 0.135 0.124 0.621
2009.4315 48.22 -116.26 0.173 0.397 -3.118 0.154 0.142 0.706
2009.4589 48.22 -116.26 0.201 0.362 -1.037 0.132 0.120 0.606
2009.4863 48.22 -116.26 0.314 -0.105 -1.380 0.146 0.132 0.665
2009.5137 48.22 -116.26 0.112 -0.158 0.635 0.141 0.125 0.641
2009.5411 48.22 -116.26 0.248 0.179 2.063 0.172 0.155 0.782
2009.5685 48.22 -116.26 -0.180 0.145 2.410 0.185 0.167 0.842
2009.5959 48.22 -116.26 -0.110 -0.111 4.280 0.163 0.146 0.741
2009.6233 48.22 -116.26 -0.082 -0.228 5.517 0.167 0.152 0.761
2009.6507 48.22 -116.26 -0.193 0.334 7.861 0.161 0.147 0.733
2009.6781 48.22 -116.26 -0.093 0.285 6.806 0.171 0.157 0.781
2009.7055 48.22 -116.26 -0.192 0.262 6.885 0.177 0.163 0.806
2009.7329 48.22 -116.26 -0.256 0.469 6.987 0.171 0.157 0.779
2009.7603 48.22 -116.26 -0.391 0.465 8.196 0.195 0.179 0.887
2009.7877 48.22 -116.26 -0.297 0.730 6.040 0.180 0.166 0.819
2009.8151 48.22 -116.26 -0.435 0.454 4.980 0.192 0.178 0.875
2009.8425 48.22 -116.26 -0.117 0.368 2.946 0.175 0.162 0.799
2009.8699 48.22 -116.26 -0.269 -0.184 1.904 0.167 0.155 0.765
2009.8973 48.22 -116.26 0.010 -0.082 1.395 0.157 0.144 0.717
2009.9247 48.22 -116.26 0.035 0.112 -0.829 0.158 0.143 0.722
2009.9521 48.22 -116.26 0.081 0.129 -0.578 0.147 0.135 0.674
2009.9795 48.22 -116.26 -0.236 -0.279 -0.971 0.151 0.139 0.693
2010.0068 48.22 -116.26 0.059 -0.192 -0.517 0.189 0.176 0.864
2010.0342 48.22 -116.26 -0.025 -0.229 0.278 0.149 0.137 0.683
2010.0616 48.22 -116.26 -0.041 -0.343 0.946 0.153 0.140 0.699
2010.0890 48.22 -116.26 0.045 0.296 -0.206 0.181 0.168 0.826
2010.1164 48.22 -116.26 -0.066 0.216 0.324 0.187 0.174 0.853
2010.1438 48.22 -116.26 -0.134 0.205 -1.357 0.181 0.167 0.826
2010.1712 48.22 -116.26 -0.357 0.243 -3.073 0.173 0.159 0.791
2010.1986 48.22 -116.26 -0.089 -0.054 -1.585 0.166 0.153 0.759
2010.2260 48.22 -116.26 0.018 -0.053 -0.462 0.181 0.167 0.828
2010.2534 48.22 -116.26 -0.166 0.077 -3.172 0.188 0.172 0.855
2010.2808 48.22 -116.26 -0.186 -0.090 -1.932 0.146 0.132 0.667
2010.3082 48.22 -116.26 -0.207 0.257 -2.446 0.152 0.139 0.695
2010.3356 48.22 -116.26 -0.405 -0.161 -2.667 0.141 0.126 0.643
2010.3630 48.22 -116.26 -0.160 -0.006 -2.952 0.150 0.134 0.682
2010.3904 48.22 -116.26 -0.006 0.042 -1.494 0.157 0.134 0.704
2010.4178 48.22 -116.26 0.030 0.092 -2.631 0.159 0.143 0.724
2010.4452 48.22 -116.26 0.026 0.291 -3.909 0.141 0.127 0.647
2010.4726 48.22 -116.26 0.121 0.364 -3.824 0.128 0.114 0.588
2010.5000 48.22 -116.26 0.034 0.500 -1.789 0.143 0.129 0.654
2010.5274 48.22 -116.26 -0.291 0.288 0.017 0.216 0.201 0.983
2010.5548 48.22 -116.26 -0.203 0.594 0.281 0.141 0.129 0.645
2010.5822 48.22 -116.26 0.106 0.494 1.222 0.128 0.117 0.586
2010.6096 48.22 -116.26 -0.274 0.860 1.322 0.162 0.151 0.741
2010.6370 48.22 -116.26 0.123 0.672 2.153 0.146 0.135 0.668
2010.6644 48.22 -116.26 -0.097 0.778 3.330 0.137 0.126 0.629
2010.6918 48.22 -116.26 -0.011 0.793 3.374 0.163 0.151 0.744
2010.7192 48.22 -116.26 -0.030 0.778 2.133 0.152 0.141 0.695
2010.7466 48.22 -116.26 0.153 0.803 0.991 0.175 0.163 0.798
2010.7740 48.22 -116.26 -0.045 1.081 5.409 0.145 0.134 0.666
2010.8014 48.22 -116.26 0.038 0.767 3.932 0.138 0.127 0.633
2010.8288 48.22 -116.26 -0.245 -0.008 1.962 0.156 0.145 0.713
2010.8562 48.22 -116.26 -0.307 0.175 1.411 0.153 0.142 0.702
2010.8836 48.22 -116.26 -0.062 0.429 3.153 0.144 0.132 0.659
2010.9110 48.22 -116.26 -0.242 0.428 1.293 0.156 0.144 0.712
2010.9384 48.22 -116.26 -0.396 0.612 -0.689 0.162 0.150 0.737
2010.9658 48.22 -116.26 -0.293 0.117 0.271 0.177 0.164 0.805
2010.9932 48.22 -116.26 -0.357 0.295 0.064 0.163 0.114 0.684
2011.1027 48.22 -116.26 -0.235 0.193 -6.639 0.154 0.130 0.695
2011.1301 48.22 -116.26 0.118 0.089 -3.540 0.212 0.196 0.962
2011.1575 48.22 -116.26 0.002 0.115 -5.946 0.146 0.132 0.665
2011.1849 48.22 -116.26 -0.274 0.286 -8.202 0.119 0.106 0.547
2011.2123 48.22 -116.26 -0.287 0.280 -8.532 0.180 0.167 0.821
2011.2397 48.22 -116.26 -0.209 0.286 -8.472 0.186 0.173 0.849
2011.2671 48.22 -116.26 -0.313 -0.238 -6.865 0.153 0.141 0.699
2011.2945 48.22 -116.26 -0.050 0.306 -8.436 0.175 0.164 0.801
2011.3219 48.22 -116.26 -0.067 0.290 -7.888 0.165 0.154 0.753
2011.3493 48.22 -116.26 0.122 0.283 -9.054 0.149 0.138 0.685
2011.3767 48.22 -116.26 0.085 0.176 -9.790 0.173 0.161 0.789
2011.4041 48.22 -116.26 -0.213 0.264 -10.047 0.155 0.142 0.707
2011.4315 48.22 -116.26 0.149 0.103 -9.807 0.167 0.140 0.742
2011.5137 48.22 -116.26 -0.174 0.716 -5.273 0.148 0.131 0.672
2011.5411 48.22 -116.26 0.110 0.616 -4.577 0.152 0.140 0.695
2011.5685 48.22 -116.26 0.237 0.458 -3.587 0.150 0.136 0.686
2011.5959 48.22 -116.26 0.024 0.589 -2.518 0.159 0.146 0.727
2011.6233 48.22 -116.26 -0.241 0.618 -0.988 0.161 0.146 0.732
2011.6507 48.22 -116.26 0.026 0.969 1.408 0.185 0.171 0.843
2011.6781 48.22 -116.26 -0.233 0.891 0.356 0.172 0.159 0.784
2011.7055 48.22 -116.26 0.024 0.484 3.548 0.172 0.159 0.783
2011.7329 48.22 -116.26 0.093 0.322 3.519 0.197 0.184 0.895
2011.7603 48.22 -116.26 -0.245 0.608 2.258 0.170 0.158 0.776
2011.7877 48.22 -116.26 -0.082 0.454 2.653 0.180 0.168 0.821
2011.8151 48.22 -116.26 -0.155 0.323 1.515 0.177 0.165 0.807
2011.8425 48.22 -116.26 -0.218 0.129 -0.445 0.191 0.178 0.866
2011.8699 48.22 -116.26 -0.012 -0.155 5.316 0.190 0.167 0.847
2011.9521 48.22 -116.26 0.291 0.108 -1.041 0.139 0.105 0.604
2011.9795 48.22 -116.26 0.245 0.468 1.118 0.157 0.140 0.706
2012.0068 48.22 -116.26 0.202 0.221 -0.936 0.147 0.129 0.660
2012.0342 48.22 -116.26 0.356 0.262 -1.169 0.176 0.153 0.779
2012.0616 48.22 -116.26 0.281 0.010 -2.257 0.154 0.133 0.684
2012.0890 48.22 -116.26 0.193 0.010 -3.749 0.153 0.131 0.677
2012.1164 48.22 -116.26 0.093 0.039 -4.481 0.152 0.127 0.667
2012.1438 48.22 -116.26 0.145 -0.137 -4.491 0.157 0.130 0.687
2012.1712 48.22 -116.26 0.335 0.066 -3.599 0.152 0.124 0.665
2012.1986 48.22 -116.26 0.071 -0.302 -6.105 0.139 0.111 0.604
2012.2260 48.22 -116.26 -0.023 -0.111 -5.002 0.140 0.113 0.608
2012.2534 48.22 -116.26 0.585 -0.354 -5.980 0.136 0.109 0.591
2012.2808 48.22 -116.26 0.636 0.012 -8.089 0.127 0.101 0.552
2012.3082 48.22 -116.26 0.578 -0.077 -5.924 0.166 0.115 0.691
2012.3904 48.22 -116.26 0.888 -0.623 -9.442 0.162 0.128 0.706
2012.4178 48.22 -116.26 0.974 0.038 -5.042 0.118 0.093 0.510
2012.4452 48.22 -116.26 1.219 -0.193 -6.865 0.117 0.092 0.508
2012.4726 48.22 -116.26 1.241 -0.125 -4.811 0.125 0.099 0.543
2012.5000 48.22 -116.26 0.989 -0.004 -3.543 0.120 0.094 0.522
2012.5274 48.22 -116.26 0.557 -0.246 -3.297 0.126 0.100 0.549
2012.5548 48.22 -116.26 0.544 -0.148 -2.922 0.126 0.100 0.549
2012.5822 48.22 -116.26 0.612 -0.237 -1.779 0.132 0.107 0.576
2012.6096 48.22 -116.26 0.437 -0.067 1.341 0.130 0.107 0.569
2012.6370 48.22 -116.26 0.269 0.210 2.126 0.120 0.099 0.529
2012.6644 48.22 -116.26 0.242 -0.062 3.130 0.130 0.109 0.574
2012.6918 48.22 -116.26 0.119 0.194 3.598 0.133 0.113 0.589
2012.7192 48.22 -116.26 0.091 0.092 3.755 0.157 0.138 0.699
2012.7466 48.22 -116.26 0.210 0.259 3.466 0.129 0.093 0.555
2012.8562 48.22 -116.26 0.397 -0.217 2.993 0.165 0.144 0.734
2012.8836 48.22 -116.26 0.436 -0.111 -0.137 0.151 0.139 0.686
2012.9110 48.22 -116.26 0.474 -0.261 0.525 0.143 0.132 0.653
2012.9384 48.22 -116.26 0.504 -0.500 -0.322 0.141 0.128 0.645
2012.9658 48.22 -116.26 0.509 -0.079 -3.125 0.153 0.143 0.698
2012.9918 48.22 -116.26 0.384 -0.095 -4.513 0.079 0.071 0.366
2013.0178 48.22 -116.26 0.442 -0.328 -4.884 0.091 0.083 0.421
2013.0452 48.22 -116.26 0.425 0.108 -2.895 0.091 0.083 0.420
2013.0726 48.22 -116.26 0.468 0.005 -3.729 0.084 0.076 0.391
2013.1000 48.22 -116.26 0.483 -0.232 -4.993 0.086 0.078 0.400
2013.1274 48.22 -116.26 0.469 0.205 -6.494 0.081 0.073 0.377
2013.1548 48.22 -116.26 0.500 -0.520 -4.083 0.080 0.066 0.364
2013.2644 48.22 -116.26 0.891 0.009 -5.211 0.102 0.056 0.406
2013.2918 48.22 -116.26 0.864 -0.056 -5.741 0.083 0.075 0.385
2013.3192 48.22 -116.26 0.939 -0.078 -4.096 0.090 0.083 0.420
2013.3466 48.22 -116.26 1.100 0.102 -8.062 0.092 0.085 0.429
2013.3740 48.22 -116.26 1.069 0.292 -4.569 0.080 0.073 0.375
2013.4014 48.22 -116.26 1.117 0.215 -4.133 0.082 0.076 0.385
2013.4288 48.22 -116.26 1.007 0.163 -4.805 0.074 0.067 0.347
2013.4562 48.22 -116.26 0.943 0.449 -4.561 0.075 0.068 0.353
2013.4836 48.22 -116.26 1.246 0.210 -4.630 0.077 0.070 0.359
2013.5110 48.22 -116.26 0.976 0.142 -2.146 0.085 0.078 0.398
2013.5384 48.22 -116.26 0.647 0.327 0.212 0.086 0.076 0.396
2013.5658 48.22 -116.26 0.659 0.317 -0.534 0.088 0.080 0.409
2013.7575 48.22 -116.26 0.147 0.932 4.766 0.086 0.076 0.398
2013.7849 48.22 -116.26 0.198 0.669 2.315 0.088 0.079 0.406
2013.8123 48.22 -116.26 0.338 0.899 3.617 0.081 0.072 0.374
2013.8397 48.22 -116.26 0.532 0.820 3.319 0.081 0.073 0.378
2013.8671 48.22 -116.26 0.661 0.669 2.311 0.087 0.078 0.404
2013.8945 48.22 -116.26 0.618 0.557 1.112 0.081 0.073 0.376
2013.9219 48.22 -116.26 0.504 0.479 -1.024 0.073 0.065 0.342
2013.9493 48.22 -116.26 0.609 0.715 -1.033 0.077 0.069 0.360
2013.9767 48.22 -116.26 0.592 0.865 -0.753 0.078 0.070 0.366
2014.0041 48.22 -116.26 0.727 0.779 0.096 0.076 0.068 0.354
2014.0315 48.22 -116.26 0.772 0.906 -1.209 0.078 0.070 0.366
2014.1685 48.22 -116.26 0.489 0.660 -3.153 0.083 0.074 0.386
2014.1959 48.22 -116.26 0.422 0.680 -3.250 0.083 0.075 0.384
2014.2233 48.22 -116.26 0.331 0.547 -4.597 0.079 0.071 0.367
2014.2507 48.22 -116.26 0.426 0.238 -3.689 0.072 0.065 0.340
2014.2781 48.22 -116.26 0.573 0.567 -5.060 0.076 0.069 0.358
2014.3055 48.22 -116.26 0.579 0.640 -6.871 0.074 0.066 0.345
2014.3329 48.22 -116.26 0.654 0.774 -4.660 0.061 0.054 0.292
2014.3603 48.22 -116.26 0.874 0.618 -5.974 0.069 0.062 0.324
2014.3877 48.22 -116.26 0.958 0.653 -6.501 0.069 0.062 0.325
2014.4151 48.22 -116.26 0.711 0.959 -4.255 0.069 0.061 0.324
2014.4425 48.22 -116.26 0.922 0.746 -4.379 0.073 0.065 0.341
2014.4699 48.22 -116.26 0.557 0.871 -0.477 0.073 0.065 0.340
2014.5795 48.22 -116.26 0.520 0.675 0.686 0.068 0.054 0.314
2014.6068 48.22 -116.26 0.471 1.234 1.733 0.065 0.057 0.306
2014.6342 48.22 -116.26 0.366 1.229 0.953 0.060 0.052 0.284
2014.6616 48.22 -116.26 -0.043 1.286 2.336 0.066 0.058 0.309
2014.6890 48.22 -116.26 0.350 1.582 4.629 0.064 0.056 0.302
2014.7164 48.22 -116.26 0.464 1.599 0.578 0.063 0.055 0.296
2014.7438 48.22 -116.26 0.387 0.810 0.244 0.067 0.060 0.317
2014.7712 48.22 -116.26 0.393 0.752 3.478 0.067 0.059 0.314
2014.7986 48.22 -116.26 0.365 0.722 3.193 0.060 0.052 0.285
2014.8260 48.22 -116.26 0.467 0.658 3.131 0.060 0.052 0.285
2014.8534 48.22 -116.26 0.669 0.880 1.477 0.064 0.055 0.299
2014.8808 48.22 -116.26 0.549 0.964 -0.900 0.064 0.055 0.300
2014.9082 48.22 -116.26 0.691 1.152 -3.309 0.065 0.056 0.304
2015.0452 48.22 -116.26 0.474 1.054 -1.613 0.050 0.041 0.240
2015.0726 48.22 -116.26 0.567 0.916 -2.911 0.055 0.044 0.255
2015.1000 48.22 -116.26 0.606 1.363 -2.840 0.049 0.040 0.234
2015.1274 48.22 -116.26 0.475 1.009 -3.606 0.045 0.037 0.220
2015.1548 48.22 -116.26 0.426 1.243 -1.898 0.053 0.043 0.247
2015.1822 48.22 -116.26 0.383 0.725 -3.571 0.049 0.040 0.236
2015.2096 48.22 -116.26 0.655 0.720 -3.857 0.065 0.053 0.299
2015.2370 48.22 -116.26 0.568 0.953 -3.519 0.069 0.059 0.318
2015.2644 48.22 -116.26 0.583 1.421 -2.838 0.061 0.052 0.287
2015.2918 48.22 -116.26 0.470 0.937 -2.010 0.061 0.053 0.290
2015.3192 48.22 -116.26 0.936 1.200 -4.103 0.059 0.051 0.280
2015.3466 48.22 -116.26 0.652 0.899 0.018 0.064 0.056 0.300
2015.4836 48.22 -116.26 0.172 1.119 4.320 0.062 0.048 0.287
2015.5110 48.22 -116.26 0.599 1.270 2.273 0.058 0.047 0.276
2015.5384 48.22 -116.26 0.191 0.911 1.971 0.063 0.054 0.298
2015.5658 48.22 -116.26 0.159 0.892 4.158 0.063 0.055 0.297
2015.5932 48.22 -116.26 0.269 0.891 3.740 0.065 0.057 0.306
2015.6205 48.22 -116.26 0.331 0.938 3.767 0.064 0.055 0.298
2015.6479 48.22 -116.26 0.190 1.303 4.847 0.062 0.053 0.290
2015.6753 48.22 -116.26 0.189 1.148 6.356 0.060 0.051 0.282
2015.7027 48.22 -116.26 0.129 1.139 4.603 0.065 0.056 0.302
2015.7301 48.22 -116.26 -0.163 1.149 9.164 0.065 0.056 0.304
2015.9493 48.22 -116.26 0.187 1.159 -0.237 0.062 0.055 0.297
2015.9767 48.22 -116.26 0.297 1.209 -1.156 0.065 0.058 0.306
2016.0041 48.22 -116.26 0.292 1.095 -1.691 0.059 0.052 0.281
2016.0315 48.22 -116.26 0.508 0.533 -1.850 0.056 0.049 0.269
2016.0589 48.22 -116.26 0.312 0.367 -3.910 0.058 0.051 0.275
2016.0863 48.22 -116.26 0.187 0.940 -2.077 0.053 0.046 0.255
2016.1137 48.22 -116.26 0.045 1.121 -2.765 0.059 0.052 0.279
2016.1411 48.22 -116.26 0.059 0.607 -4.605 0.069 0.061 0.321
2016.1685 48.22 -116.26 0.063 0.297 -4.772 0.073 0.066 0.341
2016.1959 48.22 -116.26 0.192 0.351 -4.771 0.072 0.065 0.337
2016.2233 48.22 -116.26 0.224 0.448 -6.023 0.072 0.067 0.340
2016.2507 48.22 -116.26 0.405 0.632 -5.096 0.062 0.054 0.292
2016.3603 48.22 -116.26 0.310 1.170 -0.585 0.057 0.050 0.272
2016.3877 48.22 -116.26 0.647 0.969 0.295 0.066 0.059 0.311
2016.4151 48.22 -116.26 0.579 1.176 -1.206 0.065 0.057 0.306
2016.4425 48.22 -116.26 0.533 1.304 3.324 0.070 0.062 0.325
2016.4699 48.22 -116.26 0.374 1.033 0.068 0.068 0.061 0.319
