2002.5877 13.12 101.05 28.35549595785378 8.60722095557787
2002.6151 13.12 101.05 48.31426679625478 8.36262758427889
2002.6425 13.12 101.05 52.64826595718193 8.57051465112117
2002.6699 13.12 101.05 50.75083383853196 7.13428743768547
2002.6973 13.12 101.05 32.04101551298688 11.71866394202294
2002.7247 13.12 101.05 82.85173300412029 8.19075479507358
2002.7521 13.12 101.05 93.46953037214978 7.47912708418775
2002.7795 13.12 101.05 87.01576617706580 8.51162482318050
2002.8068 13.12 101.05 107.54809277048207 7.76532267853966
2002.8342 13.12 101.05 89.32298088375801 7.59552123915990
2002.8616 13.12 101.05 81.99649695392206 7.28389597810964
2002.8890 13.12 101.05 90.40417856973764 7.76119484988534
2002.9164 13.12 101.05 52.96850800030043 7.98272876140428
2003.0260 13.12 101.05 11.06433544062869 8.83973989496216
2003.0534 13.12 101.05 -11.31989442167276 15.69164577506045
2003.0808 13.12 101.05 -32.90791755727007 12.83224606988677
2003.1082 13.12 101.05 2.68134165000331 7.05803680089343
2003.1356 13.12 101.05 -4.32635819098904 6.49232127720102
2003.1630 13.12 101.05 -13.03151717230498 7.08687602308784
2003.1904 13.12 101.05 -0.32919270106433 8.29203073088746
2003.2178 13.12 101.05 10.91304749275501 7.00254476934469
2003.2452 13.12 101.05 36.25163276085932 6.97322181389552
2003.2726 13.12 101.05 4.21308796907431 6.77516377673834
2003.3000 13.12 101.05 4.22808509293743 6.65628828264910
2003.3274 13.12 101.05 -1.59597502135665 8.98000723054377
2003.3548 13.12 101.05 5.90281427793322 10.27693184272475
2003.3822 13.12 101.05 -3.68920122586460 8.61597786731461
2003.5192 13.12 101.05 -1.28798251985232 10.08644618399363
2003.5466 13.12 101.05 -18.85560677237264 11.58373269334427
2003.5740 13.12 101.05 -8.81821825111788 13.97314882109313
2003.6014 13.12 101.05 10.95096869949782 11.62447634002017
2003.6288 13.12 101.05 29.07978470376299 10.63075130695257
2003.6562 13.12 101.05 27.86640779969222 11.67773313851590
2003.6836 13.12 101.05 52.67027296135433 11.76317905320348
2003.7110 13.12 101.05 60.77558586638338 8.58413659651625
2003.7384 13.12 101.05 68.63058317187149 10.98346765040935
2003.7658 13.12 101.05 80.75738231006883 9.97651922289748
2003.7932 13.12 101.05 105.28166293433871 11.40373724545911
2003.8205 13.12 101.05 80.32524706430790 12.10282048610770
2003.8479 13.12 101.05 45.56611342555712 10.17784135275375
2003.8753 13.12 101.05 44.03808541711024 11.27418575892403
2003.9027 13.12 101.05 40.09136265996542 9.82552347571204
2003.9301 13.12 101.05 37.28503417359181 10.57160986680222
2003.9575 13.12 101.05 37.83572685448377 12.41459370675604
2003.9849 13.12 101.05 18.10643133782517 11.56856839192641
2004.0123 13.12 101.05 3.96271890719189 12.43514536850781
2004.0397 13.12 101.05 8.35550856777261 9.21852123855906
2004.0945 13.12 101.05 -0.11302610703250 8.60828629395494
2004.1219 13.12 101.05 16.33890111120531 10.16191807127095
2004.1493 13.12 101.05 10.78822548458271 12.17769725815282
2004.1767 13.12 101.05 6.46917950680978 13.52356674675787
2004.2041 13.12 101.05 2.52398477485109 10.49240327170965
2004.2315 13.12 101.05 9.88274348734059 10.66244757657399
2004.2589 13.12 101.05 13.96800555852597 10.98742522189120
2004.2863 13.12 101.05 4.56876564516449 11.08090478489647
2004.3137 13.12 101.05 -8.37715878322463 10.46360294676465
2004.3411 13.12 101.05 -3.79792620835164 11.66504090854085
2004.3685 13.12 101.05 -11.49857376641698 10.85448890929974
2004.3959 13.12 101.05 6.15958610248314 9.26955656070755
2004.4233 13.12 101.05 -6.25680797527552 8.85172373031872
2004.4507 13.12 101.05 4.89349779803913 7.95970951591996
2004.4781 13.12 101.05 15.57170515154793 8.88721285628108
2004.5055 13.12 101.05 21.32719124565867 8.59411273192767
2004.5329 13.12 101.05 9.05273215656248 7.98642393192394
2004.5603 13.12 101.05 15.81077483382218 8.32934739380458
2004.5877 13.12 101.05 48.40819342186091 8.32315553519588
2004.6151 13.12 101.05 48.49981431362235 9.23491477448923
2004.6425 13.12 101.05 60.28267176826674 7.63251692165579
2004.6699 13.12 101.05 72.10620810873726 7.59720240395272
2004.6973 13.12 101.05 56.00140873429648 7.03349013235628
2004.7247 13.12 101.05 65.12498872852547 8.27074873190222
2004.7521 13.12 101.05 79.33499212175518 7.80891759486529
2004.7795 13.12 101.05 77.83936139155563 7.71188082987393
2004.8068 13.12 101.05 65.89923756844783 8.77114865515164
2004.8342 13.12 101.05 62.71126531694761 8.69245536964907
2004.8616 13.12 101.05 32.40664017945197 7.40052133044487
2004.8890 13.12 101.05 32.50789724876856 7.46509351526392
2004.9164 13.12 101.05 10.95963589955258 8.34602194283138
2004.9438 13.12 101.05 -1.67900763183234 8.90885410695088
2004.9712 13.12 101.05 -2.64086497678061 8.53043049195692
2004.9973 13.12 101.05 -34.76806316564006 8.00023427075512
2005.0233 13.12 101.05 -32.13735273143288 9.84544930576525
2005.0507 13.12 101.05 -22.39488083361903 15.81894709683538
2005.0781 13.12 101.05 -31.05583152951873 11.35548916600257
2005.1055 13.12 101.05 -44.95997347223407 11.18785574366650
2005.1329 13.12 101.05 -67.77664548761634 11.47127043057531
2005.1603 13.12 101.05 -50.49249259262994 9.86330858312136
2005.1877 13.12 101.05 -60.07176722912292 9.68747144747102
2005.2151 13.12 101.05 -51.29319243408865 8.83402562269201
2005.2425 13.12 101.05 -62.28180951807780 8.72504985836620
2005.2699 13.12 101.05 -43.56824239700051 9.44780684872286
2005.2973 13.12 101.05 -38.42867188530935 10.06055004617428
2005.3247 13.12 101.05 -43.86057621441407 10.61045167345851
2005.3521 13.12 101.05 -36.80421669720183 3.63664729733992
2005.3795 13.12 101.05 -43.83932471564290 9.80682205380019
2005.4068 13.12 101.05 -37.03419039740591 8.78233024498939
2005.4342 13.12 101.05 -35.35924494585600 10.05916021273480
2005.4616 13.12 101.05 -45.47639250000954 9.24888969463995
2005.4890 13.12 101.05 -59.76982756743686 8.75322316065984
2005.5164 13.12 101.05 -30.38017096805912 8.69315657691594
2005.5438 13.12 101.05 -51.40742073904772 9.66470418132215
2005.5712 13.12 101.05 -34.39074449107189 10.67784892798293
2005.5986 13.12 101.05 -29.59942972252192 10.93381444515207
2005.6260 13.12 101.05 -27.64395391747039 9.48761254985534
2005.6534 13.12 101.05 -19.42363687751158 10.16617942498235
2005.6808 13.12 101.05 -7.77265597880852 9.90968491009263
2005.7082 13.12 101.05 41.30281198119383 12.47536483843266
2005.7356 13.12 101.05 26.28204417239435 10.76983344225815
2005.7630 13.12 101.05 34.58445227230946 10.78456836584114
2005.7904 13.12 101.05 43.31394493231274 9.91898635502046
2005.8178 13.12 101.05 46.29424317856368 10.29755280925986
2005.8452 13.12 101.05 28.52301093890791 11.00239199488307
2005.8726 13.12 101.05 31.74463315534397 9.43795518069822
2005.9000 13.12 101.05 20.44833515514438 9.09332816015854
2005.9274 13.12 101.05 36.04440410588074 8.81514021975644
2005.9548 13.12 101.05 -15.13160406217557 7.39005524016071
2005.9822 13.12 101.05 6.17911756258445 8.17037176403023
2006.0096 13.12 101.05 -16.09909942642450 9.48279651281062
2006.0370 13.12 101.05 -19.86230367938395 12.35443898701022
2006.0644 13.12 101.05 -17.91506452246980 12.45991270820118
2006.0918 13.12 101.05 -17.54353877141124 12.60688868481672
2006.1192 13.12 101.05 -29.85470223822459 14.85646207597676
2006.1466 13.12 101.05 -35.10584784055654 11.22835294646303
2006.1740 13.12 101.05 -26.30554977067828 13.23773065589348
2006.2014 13.12 101.05 -35.54030530281317 9.71929985291744
2006.2288 13.12 101.05 -22.56926292201576 13.34793666100321
2006.2562 13.12 101.05 -29.13203835093304 12.64269700151386
2006.2836 13.12 101.05 -20.44886385206465 12.20628597702100
2006.3110 13.12 101.05 -35.16575407236753 13.16318996934356
2006.3384 13.12 101.05 -29.80147430435780 11.83696919948611
2006.3658 13.12 101.05 -26.59932853988124 13.24728734373301
2006.3932 13.12 101.05 -7.35420344247895 12.94054208452100
2006.4205 13.12 101.05 -34.29267653267687 12.83513027069284
2006.4479 13.12 101.05 -37.44650394342332 13.65537931497802
2006.4753 13.12 101.05 -36.13702829693335 14.26328726563026
2006.5027 13.12 101.05 -9.88799924921396 14.92294685687567
2006.5301 13.12 101.05 1.36536012540415 18.32033738562295
2006.5575 13.12 101.05 6.39229971498524 14.16840546043927
2006.5849 13.12 101.05 -9.95584173193665 14.62314056654838
2006.6123 13.12 101.05 13.56528529594041 19.11912940228479
2006.6397 13.12 101.05 1.39926266029938 15.70447897644505
2006.6671 13.12 101.05 10.66492878785863 13.87351797454113
2006.6945 13.12 101.05 35.47588246857044 18.38456222590295
2006.7219 13.12 101.05 58.55577561931436 16.50480123221093
2006.7493 13.12 101.05 67.18271008435249 20.26725390221341
2006.7767 13.12 101.05 78.15941691353936 17.65347043329114
2006.8041 13.12 101.05 79.59592363921722 13.73499635032784
2006.8315 13.12 101.05 64.89418718208425 16.46458022744437
2006.8589 13.12 101.05 37.04242007322192 15.82174935102140
2006.8863 13.12 101.05 45.24220142849519 14.92899238171826
2006.9137 13.12 101.05 9.98599906046729 14.21967015379527
2006.9411 13.12 101.05 0.81998421927003 13.88837114669984
2006.9685 13.12 101.05 -3.69712295800124 13.52607390149048
2006.9959 13.12 101.05 -11.68234960054894 13.08541213977714
2007.0233 13.12 101.05 -23.21231006078655 11.83669065068651
2007.0507 13.12 101.05 -18.08928690667360 12.65318476448660
2007.0781 13.12 101.05 -45.69155330261762 13.55623851032420
2007.1055 13.12 101.05 -28.54121787022032 11.87497373482177
2007.1329 13.12 101.05 -28.81283080315066 13.16641705988666
2007.1603 13.12 101.05 -34.63516328554795 12.51285853097215
2007.1877 13.12 101.05 -2.65237891756629 17.31078042697526
2007.2151 13.12 101.05 -6.47118154731766 15.22628995591780
2007.2425 13.12 101.05 -15.00453816061078 14.57167874364058
2007.2699 13.12 101.05 -17.42786711298211 10.81046428681385
2007.2973 13.12 101.05 -15.59188440245406 10.12234851374955
2007.3247 13.12 101.05 -20.21951962338543 13.07910837524918
2007.3521 13.12 101.05 9.07821457766437 14.61983291464667
2007.3795 13.12 101.05 -27.57094097442117 15.54460959487166
2007.4068 13.12 101.05 -10.72703117568015 12.40620088858553
2007.4342 13.12 101.05 -13.57238709005041 11.68041333471338
2007.4616 13.12 101.05 -43.53716607046191 16.42085764513174
2007.4890 13.12 101.05 -30.19734637164503 11.69712436425844
2007.5164 13.12 101.05 -4.17524756195482 12.63891450607026
2007.5438 13.12 101.05 7.92446883144066 12.09993635598394
2007.5712 13.12 101.05 -3.80356733033443 12.43503132596813
2007.5986 13.12 101.05 16.32185986302707 15.72783193785217
2007.6260 13.12 101.05 14.25166241506894 12.30917480934044
2007.6534 13.12 101.05 24.07214155544499 12.58315466262618
2007.6808 13.12 101.05 10.25675582401260 13.12041093476609
2007.7082 13.12 101.05 32.83330787705382 8.90398743050348
2007.7356 13.12 101.05 46.72418114050687 13.47391469281621
2007.7630 13.12 101.05 59.11020637987453 9.55518106851084
2007.7904 13.12 101.05 63.66523531401948 13.47221272982272
2007.8178 13.12 101.05 62.09457185225359 15.96656363566118
2007.8452 13.12 101.05 40.58083762153823 12.30861221682201
2007.8726 13.12 101.05 23.62949562483195 14.64471387832805
2007.9000 13.12 101.05 12.39390038148409 15.47959699718637
2007.9274 13.12 101.05 9.58611296604578 15.35255471685226
2007.9548 13.12 101.05 -11.58934320453704 11.16366425002264
2007.9822 13.12 101.05 -21.56671185028670 14.21521650503175
2008.0096 13.12 101.05 -2.65013139153486 12.35519633351315
2008.0370 13.12 101.05 -14.87257447655767 12.96156146139814
2008.0644 13.12 101.05 -21.51827892990392 15.35169859098568
2008.0918 13.12 101.05 -21.25915935373277 11.47868529878844
2008.1192 13.12 101.05 -14.06037832913285 14.13717601518263
2008.1466 13.12 101.05 9.86316606903907 16.77779100922020
2008.1740 13.12 101.05 -17.11803666302851 14.43069339830239
2008.2014 13.12 101.05 -25.68290910560123 15.97967904673554
2008.2288 13.12 101.05 -23.20982190289810 17.50045961893977
2008.2562 13.12 101.05 -20.38083745587355 16.67569302883095
2008.2836 13.12 101.05 -34.79006490852129 20.13515628302108
2008.3110 13.12 101.05 -49.75765378813360 21.09094061208556
2008.3384 13.12 101.05 -44.44078193236362 15.44859837666247
2008.3658 13.12 101.05 -20.03234452726529 15.57932570984530
2008.3932 13.12 101.05 -9.09146286092066 13.73890025823401
2008.4205 13.12 101.05 -29.83085623430320 11.93066638597913
2008.4479 13.12 101.05 -47.32767777770373 12.43340587413360
2008.4753 13.12 101.05 -16.03840613181107 11.91536459407050
2008.5027 13.12 101.05 3.82871589443665 14.74615929000900
2008.5301 13.12 101.05 -15.45947639034399 18.23832139431242
2008.5575 13.12 101.05 -12.83024830107463 11.36531641525286
2008.5849 13.12 101.05 0.31605902618113 13.74228695657561
2008.6123 13.12 101.05 8.52395120847021 10.83104765091919
2008.6397 13.12 101.05 19.60970696849767 12.14596555037732
2008.6671 13.12 101.05 27.36158017861646 11.50478960686722
2008.6945 13.12 101.05 40.57980593631235 11.08842801354067
2008.7219 13.12 101.05 58.65520872452635 13.26690158216316
2008.7493 13.12 101.05 41.61965051961446 11.85257053329050
2008.7767 13.12 101.05 57.80680874264240 14.36570738139876
2008.8041 13.12 101.05 34.42522389580139 14.52946544546510
2008.8315 13.12 101.05 48.23521202565048 16.26710405040595
2008.8589 13.12 101.05 33.46325365264747 19.05420177069312
2008.8863 13.12 101.05 35.33475367348940 18.25614696988681
2008.9137 13.12 101.05 13.69496322306906 17.51800340144803
2008.9411 13.12 101.05 4.48385247948686 17.98192732659065
2008.9685 13.12 101.05 -1.60906064568107 16.72654903148714
2008.9945 13.12 101.05 10.40593945319780 14.26983425100341
2009.0205 13.12 101.05 -25.05846428826631 14.24214091051967
2009.0479 13.12 101.05 -8.74187982720442 14.25417654534746
2009.0753 13.12 101.05 -1.86333199636746 13.35516218925037
2009.1027 13.12 101.05 -17.11545441798911 17.09904119178946
2009.1301 13.12 101.05 -45.91308976873908 13.23933998333968
2009.1575 13.12 101.05 -44.45726889003128 13.31415211619607
2009.1849 13.12 101.05 -38.75771355488955 16.10376857918961
2009.2123 13.12 101.05 -32.35011550576723 13.04058637818641
2009.2397 13.12 101.05 -46.55932663602913 15.35617555225792
2009.2671 13.12 101.05 -29.59457048260345 12.65709055027953
2009.2945 13.12 101.05 -33.03126685380586 13.05757795741593
2009.3219 13.12 101.05 0.63692033792524 13.56333935459285
2009.3493 13.12 101.05 -24.37075337490405 12.28785708750732
2009.3767 13.12 101.05 -13.66556201333197 12.93983340325597
2009.4041 13.12 101.05 -7.51890865811016 11.07718053763422
2009.4315 13.12 101.05 9.14216141557470 13.19841755876479
2009.4589 13.12 101.05 -14.09990235079162 10.66587420722906
2009.4863 13.12 101.05 -20.13237438414732 11.89124994388283
2009.5137 13.12 101.05 -40.99344942225888 11.08086952437950
2009.5411 13.12 101.05 -10.20881296848418 13.95893893208804
2009.5685 13.12 101.05 -18.10589954049076 14.97869631909199
2009.5959 13.12 101.05 -13.30765165019454 12.94293326218041
2009.6233 13.12 101.05 -9.72798671104392 13.85846269662042
2009.6507 13.12 101.05 -14.09850097473249 13.39129473218225
2009.6781 13.12 101.05 21.90357751911374 14.57814505825821
2009.7055 13.12 101.05 23.58184395869883 15.38146508574853
2009.7329 13.12 101.05 36.47327179936686 14.64297112978370
2009.7603 13.12 101.05 48.81818598998356 16.79249070085271
2009.7877 13.12 101.05 70.56762852838852 15.44995365371307
2009.8151 13.12 101.05 65.19557666015956 16.84493316505327
2009.8425 13.12 101.05 49.30411439316720 15.13211090948409
2009.8699 13.12 101.05 43.23954669437044 14.36390648958842
2009.8973 13.12 101.05 16.46632877808814 13.34084482312379
2009.9247 13.12 101.05 31.62326841128570 12.80771480510369
2009.9521 13.12 101.05 2.97911518333508 12.19889400093058
2009.9795 13.12 101.05 0.49286071995118 12.54180693688226
2010.0068 13.12 101.05 -23.15312810292180 16.56608038393388
2010.0342 13.12 101.05 -22.60188324282531 12.40823201772968
2010.0616 13.12 101.05 -33.96788371005006 12.84384883573692
2010.0890 13.12 101.05 -27.05561286352031 15.94799852124228
2010.1164 13.12 101.05 -33.81019200551643 16.47538631751200
2010.1438 13.12 101.05 -43.23177339157941 15.48316009180241
2010.1712 13.12 101.05 -33.47311198817596 14.75397783331052
2010.1986 13.12 101.05 -17.97014829138893 14.09950199324114
2010.2260 13.12 101.05 -42.04352799162326 15.47338802315157
2010.2534 13.12 101.05 -12.44359176795959 15.83548460528385
2010.2808 13.12 101.05 -22.85742679477971 11.81139675857793
2010.3082 13.12 101.05 -0.73281102407428 12.54505453398160
2010.3356 13.12 101.05 6.76939011677856 10.97101250707055
2010.3630 13.12 101.05 -15.34822639395335 11.74577486490132
2010.3904 13.12 101.05 -25.14645612551769 11.73311966727078
2010.4178 13.12 101.05 -25.35427579708050 12.55694907665844
2010.4452 13.12 101.05 -29.03373832531121 10.86140082338154
2010.4726 13.12 101.05 -20.64156177338845 9.59362560741681
2010.5000 13.12 101.05 -48.76381326254375 11.23641052865282
2010.5274 13.12 101.05 -43.32085363286275 19.30827029051478
2010.5548 13.12 101.05 -39.66437636202048 11.82627442867328
2010.5822 13.12 101.05 -33.64257546988882 10.54052534300062
2010.6096 13.12 101.05 -17.12239279398759 14.28747240502030
2010.6370 13.12 101.05 -25.25680790461554 12.48963657061143
2010.6644 13.12 101.05 -2.81878332484474 11.56013497988200
2010.6918 13.12 101.05 0.48184897151558 14.39953886195961
2010.7192 13.12 101.05 22.77042825415826 13.31736361473705
2010.7466 13.12 101.05 19.67073506260462 15.86786129252042
2010.7740 13.12 101.05 29.09936760252836 12.19024669105862
2010.8014 13.12 101.05 68.23083755908060 11.71381807440874
2010.8288 13.12 101.05 74.15841711709075 13.69601343060357
2010.8562 13.12 101.05 50.30717101445273 13.33926306142034
2010.8836 13.12 101.05 34.44611730656402 12.04658050312038
2010.9110 13.12 101.05 24.12095779920688 13.47959203367156
2010.9384 13.12 101.05 0.00819641386341 14.08911502176642
2010.9658 13.12 101.05 -15.26934241002662 15.68033463069511
2010.9932 13.12 101.05 -12.55282340007242 11.18121009539448
2011.1027 13.12 101.05 -53.76014812643290 11.03500736747332
2011.1301 13.12 101.05 -28.79234314630322 18.52801748222388
2011.1575 13.12 101.05 -27.17958797492951 11.73229531986886
2011.1849 13.12 101.05 -18.05327531902012 8.87099889204645
2011.2123 13.12 101.05 -3.51857777837793 15.71734346159272
2011.2397 13.12 101.05 -31.61550725473570 16.61498363516696
2011.2671 13.12 101.05 -37.30102419578611 12.98643496000373
2011.2945 13.12 101.05 -31.56941683580179 15.58562658815578
2011.3219 13.12 101.05 -36.75237593964982 14.51354356430044
2011.3493 13.12 101.05 -38.38656786131370 12.71469834007609
2011.3767 13.12 101.05 -68.35487029123480 15.30424473792644
2011.4041 13.12 101.05 -39.12487700481776 13.05821512168004
2011.4315 13.12 101.05 -37.08115737697401 12.81134977801045
2011.5137 13.12 101.05 -1.38574125209196 11.58672944938130
2011.5411 13.12 101.05 -30.00373328162957 12.65816981784752
2011.5685 13.12 101.05 -15.82341773303844 12.17271883773089
2011.5959 13.12 101.05 -6.74800318880751 13.25701267039385
2011.6233 13.12 101.05 26.34820250832525 13.09416417169282
2011.6507 13.12 101.05 35.20739841548613 16.19798490651933
2011.6781 13.12 101.05 52.11621214442972 15.02802584182299
2011.7055 13.12 101.05 69.19803623233892 15.15053054320774
2011.7329 13.12 101.05 79.30316385809512 17.92101927723054
2011.7603 13.12 101.05 84.56069488744507 15.12129056673804
2011.7877 13.12 101.05 106.58567001257539 16.26869560472019
2011.8151 13.12 101.05 109.77449198017338 15.87571688738010
2011.8425 13.12 101.05 60.13309627419689 17.56592739547429
2011.8699 13.12 101.05 51.74830533652134 16.18960792096242
2011.9521 13.12 101.05 -3.00493605433802 9.81977853446284
2011.9795 13.12 101.05 18.74733869576777 13.74537437271393
2012.0068 13.12 101.05 -6.41762700454437 12.60820644952588
2012.0342 13.12 101.05 -14.48319734044729 15.31771041204424
2012.0616 13.12 101.05 13.63502528073536 13.20699540809592
2012.0890 13.12 101.05 -37.77219246131453 12.96146059412681
2012.1164 13.12 101.05 -26.38909530867085 12.53105835941754
2012.1438 13.12 101.05 -9.77595957427216 13.04043723420367
2012.1712 13.12 101.05 -8.23805659246279 12.16705348443525
2012.1986 13.12 101.05 -8.83749643854476 10.99438695277991
2012.2260 13.12 101.05 -13.30632397781292 11.40448536162850
2012.2534 13.12 101.05 -28.03357939542081 11.10947474226808
2012.2808 13.12 101.05 -27.42657381549171 10.34346776039261
2012.3082 13.12 101.05 -13.55332863143217 11.42841565731740
2012.3904 13.12 101.05 -14.87376777703672 11.97164564396662
2012.4178 13.12 101.05 -24.18862095839915 9.36505889241850
2012.4452 13.12 101.05 -24.96505639244366 9.18832451723157
2012.4726 13.12 101.05 6.75520076528322 10.04771251240859
2012.5000 13.12 101.05 -22.75090412980261 9.42666430044054
2012.5274 13.12 101.05 -30.29370188890203 10.10300169874022
2012.5548 13.12 101.05 -7.89267106956045 10.09898164024461
2012.5822 13.12 101.05 6.79555682829968 10.86121792515777
2012.6096 13.12 101.05 -28.77976798448201 10.80018758114818
2012.6370 13.12 101.05 -20.25067799528344 9.85260368542569
2012.6644 13.12 101.05 -22.74763893296308 10.94275238687312
2012.6918 13.12 101.05 -2.45323168279940 11.32384591658682
2012.7192 13.12 101.05 0.02021078742234 14.05905962904489
2012.7466 13.12 101.05 16.71713630734514 9.04667803173402
2012.8562 13.12 101.05 20.87499622422737 14.37532828172121
2012.8836 13.12 101.05 43.79654540016565 13.57647531442323
2012.9110 13.12 101.05 55.77170697868601 12.77149631743352
2012.9384 13.12 101.05 28.10149901817023 11.86977373211578
2012.9658 13.12 101.05 14.17504504017660 13.95816785601764
2012.9918 13.12 101.05 -5.58542750725516 6.44314851600645
2013.0178 13.12 101.05 -3.58202110677172 7.84592926951377
2013.0452 13.12 101.05 8.44233365692987 7.74876155041611
2013.0726 13.12 101.05 -14.66840416089872 7.04477418811819
2013.1000 13.12 101.05 -30.11462321524377 7.25846836753844
2013.1274 13.12 101.05 -36.13955302267262 6.58810700271461
2013.1548 13.12 101.05 -34.66151080024096 5.90731264172073
2013.2644 13.12 101.05 -34.42478398646315 6.68925462294015
2013.2918 13.12 101.05 -22.75980248327132 6.83113789739850
2013.3192 13.12 101.05 -23.61522736843036 7.73465730877763
2013.3466 13.12 101.05 -44.59819576882257 7.98282900416987
2013.3740 13.12 101.05 -25.09138472606393 6.67413031850186
2013.4014 13.12 101.05 -19.89208901409253 6.93377896109878
2013.4288 13.12 101.05 -43.95978423801090 5.90933153667273
2013.4562 13.12 101.05 -25.31540929250074 5.99330971572544
2013.4836 13.12 101.05 -35.74710830543744 6.22086654853731
2013.5110 13.12 101.05 -51.67915483476643 7.21359526177372
2013.5384 13.12 101.05 -21.71670769100410 6.82373260188639
2013.5658 13.12 101.05 5.17797117480602 7.31993261529461
2013.7575 13.12 101.05 69.07285797583296 6.70318577541064
2013.7849 13.12 101.05 91.19625385729408 7.09063852690342
2013.8123 13.12 101.05 100.58902927260336 6.42533036257320
2013.8397 13.12 101.05 44.10579419826395 6.54039987691471
2013.8671 13.12 101.05 66.49843412289250 6.95630184849470
2013.8945 13.12 101.05 34.20900917854781 6.50080029891687
2013.9219 13.12 101.05 23.86255617082435 5.61130954098379
2013.9493 13.12 101.05 3.35479542470975 6.10791097921659
2013.9767 13.12 101.05 11.64650374469892 6.05790033871371
2014.0041 13.12 101.05 3.56889445015432 5.88248625442187
2014.0315 13.12 101.05 -3.52432898195997 6.22748097418676
2014.1685 13.12 101.05 -8.56908183383772 6.50137081173049
2014.1959 13.12 101.05 -18.32716166558950 6.95102477736166
2014.2233 13.12 101.05 -21.07102919878178 6.48030540495700
2014.2507 13.12 101.05 -26.34069348932983 5.86264226714937
2014.2781 13.12 101.05 -27.60222191075345 6.29571327699131
2014.3055 13.12 101.05 -13.70184806769161 5.99341803918017
2014.3329 13.12 101.05 -17.74313272665618 4.70171185222859
2014.3603 13.12 101.05 -27.27945275700099 5.53459520302749
2014.3877 13.12 101.05 -38.21136419388521 5.54881717493345
2014.4151 13.12 101.05 -43.31979776858593 5.46008104389272
2014.4425 13.12 101.05 -46.11786345448724 5.85531827817754
2014.4699 13.12 101.05 -28.43507900024881 5.72305773041689
2014.5795 13.12 101.05 7.66320684762358 4.49348842382375
2014.6068 13.12 101.05 2.95097499990478 4.94281397636287
2014.6342 13.12 101.05 15.82318380171906 4.33762362594480
2014.6616 13.12 101.05 7.14702900886487 5.04757593330088
2014.6890 13.12 101.05 20.89754455395349 4.91467782865863
2014.7164 13.12 101.05 24.39895143150010 4.79416733058899
2014.7438 13.12 101.05 20.66864400096500 5.33872142622215
2014.7712 13.12 101.05 36.42180031888503 5.27153363536083
2014.7986 13.12 101.05 20.24505474014569 4.50970953888125
2014.8260 13.12 101.05 39.85091371685978 4.46262126470996
2014.8534 13.12 101.05 34.17481107391754 4.77441430978481
2014.8808 13.12 101.05 12.22636228390194 4.78992639251116
2014.9082 13.12 101.05 16.00560061553586 4.90623689277988
2015.0452 13.12 101.05 -27.24059935075343 3.43078750965148
2015.0726 13.12 101.05 -27.72627706982533 3.92905843407428
2015.1000 13.12 101.05 -38.22776331069303 3.32678025618534
2015.1274 13.12 101.05 -50.60591635815214 3.06598770691832
2015.1548 13.12 101.05 -34.26480533462906 3.77394706276232
2015.1822 13.12 101.05 -38.64036487759264 3.45011762951986
2015.2096 13.12 101.05 -61.21272428848599 5.04107366619410
2015.2370 13.12 101.05 -36.50287998747777 5.60704292476713
2015.2644 13.12 101.05 -10.95022616226685 4.76706327195514
2015.2918 13.12 101.05 -47.12190205077842 4.65824560435182
2015.3192 13.12 101.05 -36.51913700581027 4.47701533344167
2015.3466 13.12 101.05 -54.02512209297380 4.92280519109318
2015.4836 13.12 101.05 -41.84406498308032 3.97956453796467
2015.5110 13.12 101.05 -34.25366822296248 3.95958520937378
2015.5384 13.12 101.05 -2.65977959265349 4.48188576207275
2015.5658 13.12 101.05 10.40478873212488 4.79430712826613
2015.5932 13.12 101.05 -21.62965426251316 5.09989652267334
2015.6205 13.12 101.05 -20.49897357534847 4.79112078983482
2015.6479 13.12 101.05 -9.74924068826575 4.69123840290010
2015.6753 13.12 101.05 -14.09522350975317 4.37351292456595
2015.7027 13.12 101.05 8.17643243232215 4.99312458373610
2015.7301 13.12 101.05 41.89518688803351 4.88836001713282
2015.9493 13.12 101.05 -27.08055668146854 4.69779503965996
2015.9767 13.12 101.05 -15.69340252059951 5.25967975643143
2016.0041 13.12 101.05 -32.86947203037324 4.63195060209056
2016.0315 13.12 101.05 -29.76939638634481 4.40117522697566
2016.0589 13.12 101.05 -34.99156967278683 4.48598097601973
2016.0863 13.12 101.05 -39.80925980025899 3.87568271750149
2016.1137 13.12 101.05 -47.84986414490301 4.59687401987883
2016.1411 13.12 101.05 -19.11066065134232 5.75415943859021
2016.1685 13.12 101.05 -41.44077749981412 6.39796946588438
2016.1959 13.12 101.05 -62.36767706264185 6.28581320537478
2016.2233 13.12 101.05 -53.16860122734531 6.42651894645748
2016.2507 13.12 101.05 -45.60160169463273 4.69508325488407
2016.3603 13.12 101.05 -28.68708825679514 4.35880813545553
2016.3877 13.12 101.05 -22.39842588263723 5.39517114993930
2016.4151 13.12 101.05 -54.07030766409267 5.20651594556115
2016.4425 13.12 101.05 -51.50539444485530 5.74663171656513
2016.4699 13.12 101.05 -59.37066089670623 5.61354661169089
