2002.5877 39.85 -95.56 0.071 -0.206 4.980 0.114 0.097 0.519
2002.6151 39.85 -95.56 -0.002 -0.208 4.717 0.109 0.094 0.496
2002.6425 39.85 -95.56 0.067 -0.444 3.566 0.111 0.096 0.505
2002.6699 39.85 -95.56 -0.094 0.216 0.359 0.097 0.083 0.443
2002.6973 39.85 -95.56 -0.266 -0.836 0.008 0.165 0.078 0.624
2002.7247 39.85 -95.56 -0.349 -0.204 3.065 0.103 0.089 0.469
2002.7521 39.85 -95.56 -0.356 -0.460 3.992 0.096 0.083 0.438
2002.7795 39.85 -95.56 -0.564 -0.358 2.313 0.111 0.097 0.509
2002.8068 39.85 -95.56 -0.469 -0.606 3.120 0.099 0.086 0.451
2002.8342 39.85 -95.56 -0.713 0.318 2.724 0.098 0.084 0.446
2002.8616 39.85 -95.56 -0.860 0.081 2.129 0.102 0.076 0.444
2002.8890 39.85 -95.56 -0.725 0.082 2.469 0.099 0.085 0.450
2002.9164 39.85 -95.56 -0.676 0.029 2.581 0.107 0.089 0.482
2003.0260 39.85 -95.56 -0.562 0.140 3.755 0.121 0.102 0.547
2003.0534 39.85 -95.56 -0.171 0.249 -0.664 0.195 0.168 0.869
2003.0808 39.85 -95.56 0.033 -0.226 2.563 0.175 0.143 0.778
2003.1082 39.85 -95.56 -0.192 0.162 1.319 0.102 0.084 0.465
2003.1356 39.85 -95.56 -0.274 0.393 1.030 0.095 0.078 0.433
2003.1630 39.85 -95.56 -0.118 -0.008 1.269 0.101 0.084 0.458
2003.1904 39.85 -95.56 -0.213 0.184 1.095 0.118 0.096 0.532
2003.2178 39.85 -95.56 -0.425 -0.272 1.590 0.099 0.083 0.451
2003.2452 39.85 -95.56 -0.510 -0.163 -0.328 0.097 0.082 0.441
2003.2726 39.85 -95.56 -0.458 -0.751 1.157 0.094 0.080 0.431
2003.3000 39.85 -95.56 -0.292 -0.334 2.067 0.092 0.078 0.421
2003.3274 39.85 -95.56 -0.301 -0.256 -1.780 0.120 0.102 0.543
2003.3548 39.85 -95.56 -0.209 -0.195 -1.809 0.130 0.114 0.590
2003.3822 39.85 -95.56 -0.326 0.232 -1.187 0.120 0.099 0.540
2003.5192 39.85 -95.56 -0.137 -0.076 0.359 0.124 0.109 0.562
2003.5466 39.85 -95.56 -0.293 0.054 -0.407 0.136 0.122 0.618
2003.5740 39.85 -95.56 -0.362 -0.160 2.118 0.158 0.143 0.714
2003.6014 39.85 -95.56 -0.447 0.129 4.552 0.137 0.122 0.618
2003.6288 39.85 -95.56 -0.561 -0.165 4.980 0.130 0.115 0.588
2003.6562 39.85 -95.56 -0.792 -0.050 6.470 0.139 0.123 0.628
2003.6836 39.85 -95.56 -1.236 0.181 5.320 0.137 0.122 0.618
2003.7110 39.85 -95.56 -0.973 -0.168 3.696 0.109 0.094 0.491
2003.7384 39.85 -95.56 -1.061 0.083 5.817 0.131 0.115 0.588
2003.7658 39.85 -95.56 -1.373 0.098 4.239 0.120 0.105 0.542
2003.7932 39.85 -95.56 -1.389 0.261 6.691 0.134 0.118 0.601
2003.8205 39.85 -95.56 -1.115 0.569 4.968 0.145 0.124 0.643
2003.8479 39.85 -95.56 -0.886 0.370 1.484 0.128 0.105 0.566
2003.8753 39.85 -95.56 -0.932 0.331 5.125 0.134 0.116 0.598
2003.9027 39.85 -95.56 -0.916 0.544 3.524 0.123 0.104 0.548
2003.9301 39.85 -95.56 -0.698 0.198 1.848 0.128 0.108 0.568
2003.9575 39.85 -95.56 -0.706 0.719 1.429 0.143 0.123 0.634
2003.9849 39.85 -95.56 -0.713 0.330 2.023 0.136 0.116 0.601
2004.0123 39.85 -95.56 -0.788 0.390 1.412 0.146 0.123 0.643
2004.0397 39.85 -95.56 -0.619 0.325 2.046 0.125 0.100 0.551
2004.0945 39.85 -95.56 -0.519 0.421 2.469 0.116 0.093 0.515
2004.1219 39.85 -95.56 -0.712 -0.058 0.305 0.123 0.101 0.541
2004.1493 39.85 -95.56 -0.603 0.153 1.431 0.145 0.119 0.632
2004.1767 39.85 -95.56 -1.217 -0.367 -1.538 0.154 0.128 0.670
2004.2041 39.85 -95.56 -0.907 0.057 0.637 0.126 0.102 0.551
2004.2315 39.85 -95.56 -0.760 -0.026 1.408 0.129 0.104 0.559
2004.2589 39.85 -95.56 -0.520 0.154 2.062 0.133 0.107 0.576
2004.2863 39.85 -95.56 -0.628 0.114 -1.235 0.134 0.106 0.577
2004.3137 39.85 -95.56 -0.358 0.275 -0.770 0.127 0.101 0.550
2004.3411 39.85 -95.56 -0.606 0.164 -0.255 0.139 0.110 0.599
2004.3685 39.85 -95.56 -0.579 0.536 -1.254 0.135 0.106 0.582
2004.3959 39.85 -95.56 -0.141 0.396 -0.012 0.119 0.093 0.516
2004.4233 39.85 -95.56 0.031 0.817 0.164 0.114 0.089 0.496
2004.4507 39.85 -95.56 -0.045 0.346 -1.882 0.102 0.079 0.441
2004.4781 39.85 -95.56 -0.098 0.679 -1.228 0.111 0.087 0.482
2004.5055 39.85 -95.56 -0.344 0.356 -0.811 0.109 0.085 0.471
2004.5329 39.85 -95.56 -0.216 0.328 -0.211 0.103 0.080 0.448
2004.5603 39.85 -95.56 -0.238 0.306 1.396 0.106 0.082 0.459
2004.5877 39.85 -95.56 -0.519 0.394 0.145 0.107 0.083 0.464
2004.6151 39.85 -95.56 -0.548 0.216 0.157 0.118 0.091 0.510
2004.6425 39.85 -95.56 -0.649 0.408 1.965 0.101 0.079 0.440
2004.6699 39.85 -95.56 -0.726 0.577 1.663 0.101 0.079 0.442
2004.6973 39.85 -95.56 -0.427 0.704 4.035 0.095 0.074 0.418
2004.7247 39.85 -95.56 -0.586 0.485 3.941 0.108 0.084 0.472
2004.7521 39.85 -95.56 -0.507 0.283 2.593 0.104 0.082 0.456
2004.7795 39.85 -95.56 -0.830 0.083 3.517 0.101 0.079 0.442
2004.8068 39.85 -95.56 -0.808 0.295 1.912 0.112 0.087 0.484
2004.8342 39.85 -95.56 -0.789 0.486 0.423 0.111 0.086 0.478
2004.8616 39.85 -95.56 -0.799 0.676 2.277 0.098 0.077 0.430
2004.8890 39.85 -95.56 -1.027 0.189 1.579 0.098 0.077 0.429
2004.9164 39.85 -95.56 -0.995 0.760 0.462 0.106 0.083 0.463
2004.9438 39.85 -95.56 -1.040 0.872 -1.614 0.118 0.093 0.516
2004.9712 39.85 -95.56 -1.024 0.780 -1.179 0.106 0.083 0.462
2004.9973 39.85 -95.56 -0.850 0.760 0.126 0.103 0.081 0.452
2005.0233 39.85 -95.56 -0.956 0.630 -1.214 0.119 0.094 0.513
2005.0507 39.85 -95.56 -0.774 0.732 -0.862 0.171 0.141 0.739
2005.0781 39.85 -95.56 -0.754 0.487 -0.703 0.131 0.106 0.570
2005.1055 39.85 -95.56 -0.898 0.690 -1.213 0.130 0.106 0.567
2005.1329 39.85 -95.56 -0.554 0.482 -2.056 0.134 0.109 0.581
2005.1603 39.85 -95.56 -0.778 0.461 -0.783 0.120 0.097 0.524
2005.1877 39.85 -95.56 -0.543 0.426 -0.143 0.121 0.096 0.527
2005.2151 39.85 -95.56 -0.467 0.332 -0.152 0.115 0.091 0.501
2005.2425 39.85 -95.56 -0.610 0.174 -3.820 0.110 0.089 0.485
2005.2699 39.85 -95.56 -0.519 -0.051 -2.594 0.117 0.095 0.515
2005.2973 39.85 -95.56 -0.356 0.334 -1.883 0.124 0.101 0.543
2005.3247 39.85 -95.56 -0.217 -0.135 -1.815 0.131 0.106 0.572
2005.3521 39.85 -95.56 -0.295 -0.014 1.388 0.058 0.048 0.277
2005.3795 39.85 -95.56 -0.023 0.202 0.032 0.123 0.100 0.539
2005.4068 39.85 -95.56 -0.094 -0.152 -1.020 0.113 0.092 0.498
2005.4342 39.85 -95.56 -0.043 0.150 -2.430 0.129 0.106 0.570
2005.4616 39.85 -95.56 0.083 -0.344 -1.946 0.117 0.096 0.517
2005.4890 39.85 -95.56 0.184 -0.240 0.328 0.111 0.091 0.492
2005.5164 39.85 -95.56 -0.204 -0.263 0.290 0.111 0.091 0.491
2005.5438 39.85 -95.56 -0.290 0.080 0.649 0.120 0.100 0.531
2005.5712 39.85 -95.56 -0.217 0.169 1.695 0.130 0.109 0.575
2005.5986 39.85 -95.56 -0.352 0.122 1.971 0.133 0.112 0.588
2005.6260 39.85 -95.56 -0.546 0.104 1.477 0.118 0.099 0.524
2005.6534 39.85 -95.56 -0.675 -0.171 2.007 0.124 0.105 0.550
2005.6808 39.85 -95.56 -0.689 -0.494 2.930 0.122 0.103 0.541
2005.7082 39.85 -95.56 -0.675 -0.367 4.292 0.146 0.126 0.649
2005.7356 39.85 -95.56 -0.745 -0.536 6.507 0.129 0.111 0.574
2005.7630 39.85 -95.56 -0.556 -0.672 3.821 0.129 0.111 0.576
2005.7904 39.85 -95.56 -0.412 -0.152 3.427 0.121 0.104 0.543
2005.8178 39.85 -95.56 -0.572 0.028 4.608 0.124 0.107 0.556
2005.8452 39.85 -95.56 -0.494 -0.113 5.774 0.133 0.115 0.597
2005.8726 39.85 -95.56 -0.406 -0.099 6.294 0.116 0.099 0.519
2005.9000 39.85 -95.56 -0.109 -0.045 4.965 0.113 0.097 0.508
2005.9274 39.85 -95.56 0.071 0.190 2.261 0.120 0.096 0.530
2005.9548 39.85 -95.56 0.242 0.322 2.957 0.117 0.096 0.544
2005.9822 39.85 -95.56 0.171 0.098 4.212 0.113 0.093 0.507
2006.0096 39.85 -95.56 0.205 0.323 4.642 0.122 0.103 0.545
2006.0370 39.85 -95.56 0.039 0.373 2.552 0.152 0.131 0.679
2006.0644 39.85 -95.56 0.068 0.275 2.681 0.154 0.133 0.691
2006.0918 39.85 -95.56 0.347 0.062 1.731 0.153 0.133 0.686
2006.1192 39.85 -95.56 0.301 -0.044 1.486 0.172 0.152 0.771
2006.1466 39.85 -95.56 0.372 0.016 2.225 0.136 0.119 0.613
2006.1740 39.85 -95.56 0.176 -0.031 3.427 0.152 0.135 0.682
2006.2014 39.85 -95.56 0.112 -0.016 2.305 0.119 0.104 0.537
2006.2288 39.85 -95.56 0.259 -0.332 1.268 0.153 0.137 0.688
2006.2562 39.85 -95.56 0.255 -0.241 -0.201 0.143 0.128 0.645
2006.2836 39.85 -95.56 0.281 -0.186 0.367 0.140 0.126 0.633
2006.3110 39.85 -95.56 0.461 -0.354 0.710 0.149 0.135 0.675
2006.3384 39.85 -95.56 0.225 -0.149 -0.578 0.135 0.122 0.613
2006.3658 39.85 -95.56 0.201 0.238 -0.488 0.150 0.136 0.678
2006.3932 39.85 -95.56 0.353 -0.197 -0.187 0.148 0.133 0.668
2006.4205 39.85 -95.56 0.364 -0.341 0.589 0.148 0.134 0.672
2006.4479 39.85 -95.56 0.317 0.320 1.786 0.164 0.143 0.734
2006.4753 39.85 -95.56 0.254 0.362 2.843 0.165 0.148 0.746
2006.5027 39.85 -95.56 -0.016 0.486 2.669 0.171 0.155 0.774
2006.5301 39.85 -95.56 -0.087 0.174 2.777 0.202 0.185 0.914
2006.5575 39.85 -95.56 0.054 0.119 3.654 0.162 0.147 0.732
2006.5849 39.85 -95.56 0.041 -0.149 5.315 0.166 0.151 0.752
2006.6123 39.85 -95.56 0.059 -0.571 5.477 0.203 0.188 0.919
2006.6397 39.85 -95.56 -0.084 -0.566 4.483 0.173 0.158 0.783
2006.6671 39.85 -95.56 -0.319 -0.239 5.334 0.158 0.143 0.714
2006.6945 39.85 -95.56 -0.238 -0.636 5.378 0.200 0.184 0.905
2006.7219 39.85 -95.56 -0.195 0.190 5.127 0.189 0.170 0.853
2006.7493 39.85 -95.56 -0.103 -0.050 6.926 0.224 0.204 1.011
2006.7767 39.85 -95.56 -0.224 -0.133 7.659 0.195 0.177 0.879
2006.8041 39.85 -95.56 -0.259 0.116 6.287 0.158 0.142 0.712
2006.8315 39.85 -95.56 -0.069 0.093 7.543 0.183 0.166 0.824
2006.8589 39.85 -95.56 -0.074 0.063 6.176 0.178 0.161 0.803
2006.8863 39.85 -95.56 -0.165 0.260 6.679 0.171 0.154 0.771
2006.9137 39.85 -95.56 -0.049 0.704 4.268 0.166 0.149 0.750
2006.9411 39.85 -95.56 -0.252 0.681 3.854 0.164 0.146 0.738
2006.9685 39.85 -95.56 -0.299 0.355 4.451 0.164 0.143 0.734
2006.9959 39.85 -95.56 -0.305 0.416 1.299 0.163 0.140 0.730
2007.0233 39.85 -95.56 -0.359 0.271 3.119 0.152 0.129 0.680
2007.0507 39.85 -95.56 -0.688 0.245 2.031 0.158 0.135 0.708
2007.0781 39.85 -95.56 -0.643 0.281 1.238 0.161 0.143 0.728
2007.1055 39.85 -95.56 -0.179 -0.142 1.329 0.144 0.128 0.652
2007.1329 39.85 -95.56 -0.404 0.055 1.748 0.157 0.139 0.709
2007.1603 39.85 -95.56 -0.254 -0.299 0.928 0.150 0.133 0.676
2007.1877 39.85 -95.56 -0.148 -0.418 2.352 0.192 0.174 0.866
2007.2151 39.85 -95.56 0.254 -0.160 0.330 0.171 0.155 0.774
2007.2425 39.85 -95.56 -0.170 -0.091 -0.312 0.165 0.149 0.745
2007.2699 39.85 -95.56 -0.049 -0.125 -1.044 0.132 0.117 0.599
2007.2973 39.85 -95.56 -0.102 -0.293 -1.280 0.125 0.110 0.566
2007.3247 39.85 -95.56 0.263 -0.253 -0.428 0.152 0.137 0.686
2007.3521 39.85 -95.56 0.178 -0.354 -0.530 0.166 0.150 0.749
2007.3795 39.85 -95.56 0.037 -0.238 -1.506 0.174 0.158 0.785
2007.4068 39.85 -95.56 0.112 -0.251 -1.402 0.145 0.131 0.658
2007.4342 39.85 -95.56 0.093 0.179 -1.888 0.139 0.124 0.631
2007.4616 39.85 -95.56 -0.105 -0.375 -2.954 0.181 0.166 0.820
2007.4890 39.85 -95.56 -0.383 -0.260 -0.845 0.140 0.124 0.634
2007.5164 39.85 -95.56 -0.478 -0.322 1.176 0.148 0.133 0.669
2007.5438 39.85 -95.56 -0.671 -0.244 0.767 0.143 0.128 0.649
2007.5712 39.85 -95.56 -0.815 -0.557 2.091 0.147 0.132 0.667
2007.5986 39.85 -95.56 -0.731 -0.566 4.416 0.180 0.162 0.811
2007.6260 39.85 -95.56 -0.595 -0.654 3.976 0.147 0.131 0.666
2007.6534 39.85 -95.56 -0.201 -0.501 2.888 0.150 0.133 0.676
2007.6808 39.85 -95.56 -0.341 -0.416 3.673 0.158 0.139 0.711
2007.7082 39.85 -95.56 -0.368 -0.408 5.176 0.118 0.101 0.535
2007.7356 39.85 -95.56 -0.414 -0.178 5.481 0.162 0.143 0.729
2007.7630 39.85 -95.56 -0.335 -0.044 5.467 0.126 0.107 0.569
2007.7904 39.85 -95.56 0.039 0.032 2.669 0.159 0.142 0.717
2007.8178 39.85 -95.56 -0.012 -0.221 -0.166 0.182 0.164 0.823
2007.8452 39.85 -95.56 0.058 -0.053 2.534 0.149 0.132 0.676
2007.8726 39.85 -95.56 0.243 0.038 1.603 0.174 0.155 0.783
2007.9000 39.85 -95.56 -0.091 -0.147 3.761 0.186 0.159 0.825
2007.9274 39.85 -95.56 0.185 0.086 2.996 0.180 0.162 0.812
2007.9548 39.85 -95.56 -0.173 0.196 1.738 0.136 0.121 0.615
2007.9822 39.85 -95.56 -0.034 0.079 -0.365 0.166 0.150 0.751
2008.0096 39.85 -95.56 -0.097 -0.285 1.099 0.146 0.131 0.662
2008.0370 39.85 -95.56 0.052 -0.025 0.532 0.150 0.136 0.680
2008.0644 39.85 -95.56 0.020 -0.123 -0.589 0.172 0.158 0.780
2008.0918 39.85 -95.56 0.080 -0.159 -2.040 0.139 0.124 0.632
2008.1192 39.85 -95.56 0.307 0.137 -2.018 0.162 0.148 0.736
2008.1466 39.85 -95.56 -0.057 -0.077 -1.482 0.188 0.172 0.852
2008.1740 39.85 -95.56 0.194 -0.279 -2.261 0.164 0.150 0.747
2008.2014 39.85 -95.56 -0.079 -0.178 -1.344 0.176 0.162 0.798
2008.2288 39.85 -95.56 -0.137 -0.173 -5.519 0.206 0.186 0.934
2008.2562 39.85 -95.56 0.062 -0.313 -0.204 0.192 0.175 0.869
2008.2836 39.85 -95.56 -0.087 0.240 -2.081 0.230 0.210 1.042
2008.3110 39.85 -95.56 0.360 0.301 -4.878 0.237 0.217 1.074
2008.3384 39.85 -95.56 0.358 0.085 -2.699 0.176 0.160 0.797
2008.3658 39.85 -95.56 0.258 0.075 -4.480 0.180 0.163 0.815
2008.3932 39.85 -95.56 0.488 -0.035 -3.722 0.165 0.147 0.744
2008.4205 39.85 -95.56 0.402 -0.411 -4.926 0.144 0.128 0.651
2008.4479 39.85 -95.56 0.483 -0.426 -6.083 0.146 0.131 0.659
2008.4753 39.85 -95.56 0.176 -0.246 -4.901 0.142 0.126 0.641
2008.5027 39.85 -95.56 -0.035 -0.417 -2.140 0.174 0.154 0.781
2008.5301 39.85 -95.56 0.196 0.118 0.760 0.215 0.192 0.968
2008.5575 39.85 -95.56 0.064 -0.245 -0.732 0.142 0.123 0.637
2008.5849 39.85 -95.56 -0.292 0.089 0.419 0.158 0.141 0.714
2008.6123 39.85 -95.56 -0.124 0.240 1.069 0.134 0.116 0.601
2008.6397 39.85 -95.56 -0.433 -0.251 -0.385 0.146 0.128 0.657
2008.6671 39.85 -95.56 -0.501 -0.263 1.328 0.140 0.123 0.631
2008.6945 39.85 -95.56 -0.868 0.021 -1.907 0.136 0.118 0.611
2008.7219 39.85 -95.56 -0.992 -0.001 -0.778 0.155 0.138 0.699
2008.7493 39.85 -95.56 -0.640 0.199 -0.191 0.141 0.125 0.636
2008.7767 39.85 -95.56 -0.503 -0.365 0.278 0.163 0.147 0.737
2008.8041 39.85 -95.56 -0.596 -0.279 -1.051 0.164 0.149 0.742
2008.8315 39.85 -95.56 -0.394 -0.556 0.686 0.185 0.168 0.838
2008.8589 39.85 -95.56 -0.390 -0.181 0.439 0.216 0.197 0.977
2008.8863 39.85 -95.56 -0.104 -0.278 -0.229 0.207 0.189 0.938
2008.9137 39.85 -95.56 -0.237 -0.064 -1.894 0.197 0.180 0.893
2008.9411 39.85 -95.56 -0.055 -0.015 -0.760 0.207 0.188 0.937
2008.9685 39.85 -95.56 -0.041 0.244 -1.219 0.194 0.175 0.877
2008.9945 39.85 -95.56 0.024 0.055 -1.073 0.163 0.149 0.743
2009.0205 39.85 -95.56 0.075 0.244 -1.537 0.160 0.147 0.730
2009.0479 39.85 -95.56 0.315 0.015 -0.621 0.161 0.147 0.732
2009.0753 39.85 -95.56 0.205 -0.250 -2.462 0.155 0.141 0.704
2009.1027 39.85 -95.56 -0.017 0.004 -1.144 0.192 0.176 0.871
2009.1301 39.85 -95.56 0.177 0.175 -3.966 0.153 0.139 0.697
2009.1575 39.85 -95.56 0.074 0.387 -2.675 0.156 0.142 0.712
2009.1849 39.85 -95.56 0.388 0.272 -4.091 0.178 0.164 0.810
2009.2123 39.85 -95.56 0.220 0.143 -5.101 0.155 0.137 0.700
2009.2397 39.85 -95.56 -0.021 -0.161 -4.605 0.174 0.159 0.790
2009.2671 39.85 -95.56 0.396 -0.112 -7.138 0.146 0.133 0.664
2009.2945 39.85 -95.56 0.235 -0.380 -6.426 0.149 0.136 0.679
2009.3219 39.85 -95.56 -0.045 -0.182 -5.025 0.156 0.142 0.709
2009.3493 39.85 -95.56 -0.066 -0.430 -5.167 0.144 0.129 0.652
2009.3767 39.85 -95.56 -0.143 -0.151 -7.044 0.151 0.136 0.684
2009.4041 39.85 -95.56 0.220 -0.204 -5.437 0.134 0.119 0.606
2009.4315 39.85 -95.56 0.232 0.008 -6.488 0.153 0.137 0.691
2009.4589 39.85 -95.56 0.101 -0.248 -3.191 0.131 0.115 0.591
2009.4863 39.85 -95.56 0.256 0.057 -2.608 0.144 0.127 0.649
2009.5137 39.85 -95.56 0.324 0.100 -1.998 0.139 0.119 0.623
2009.5411 39.85 -95.56 0.339 0.310 -1.837 0.169 0.149 0.762
2009.5685 39.85 -95.56 0.165 0.113 -2.294 0.183 0.160 0.820
2009.5959 39.85 -95.56 0.023 0.297 -2.716 0.160 0.139 0.721
2009.6233 39.85 -95.56 0.331 0.343 -0.285 0.165 0.146 0.743
2009.6507 39.85 -95.56 0.034 0.525 -1.576 0.159 0.141 0.716
2009.6781 39.85 -95.56 -0.063 0.150 -0.795 0.169 0.152 0.764
2009.7055 39.85 -95.56 -0.279 0.171 0.074 0.175 0.158 0.790
2009.7329 39.85 -95.56 -0.679 -0.075 2.108 0.169 0.152 0.763
2009.7603 39.85 -95.56 -0.330 -0.115 2.381 0.193 0.174 0.869
2009.7877 39.85 -95.56 -0.525 0.520 -0.480 0.178 0.160 0.803
2009.8151 39.85 -95.56 -0.352 0.130 -1.486 0.190 0.173 0.859
2009.8425 39.85 -95.56 -0.531 0.145 -3.193 0.173 0.157 0.783
2009.8699 39.85 -95.56 -0.487 0.135 -2.305 0.165 0.150 0.749
2009.8973 39.85 -95.56 -0.456 0.109 -0.972 0.155 0.140 0.702
2009.9247 39.85 -95.56 -0.620 0.123 -3.105 0.156 0.137 0.704
2009.9521 39.85 -95.56 -0.405 0.036 -4.972 0.145 0.130 0.659
2009.9795 39.85 -95.56 -0.392 0.540 -3.426 0.149 0.134 0.678
2010.0068 39.85 -95.56 -0.121 0.685 -2.669 0.187 0.171 0.849
2010.0342 39.85 -95.56 0.049 0.262 -3.293 0.147 0.132 0.669
2010.0616 39.85 -95.56 0.256 0.347 -2.180 0.151 0.135 0.684
2010.0890 39.85 -95.56 -0.155 0.239 -5.699 0.179 0.163 0.811
2010.1164 39.85 -95.56 -0.204 0.017 -4.406 0.185 0.169 0.837
2010.1438 39.85 -95.56 -0.007 0.105 -5.350 0.179 0.161 0.810
2010.1712 39.85 -95.56 0.059 0.063 -5.618 0.171 0.154 0.775
2010.1986 39.85 -95.56 0.276 -0.052 -4.863 0.164 0.147 0.743
2010.2260 39.85 -95.56 -0.068 0.247 -4.245 0.179 0.161 0.811
2010.2534 39.85 -95.56 -0.513 0.073 -5.507 0.186 0.166 0.836
2010.2808 39.85 -95.56 0.212 -0.206 -3.443 0.144 0.127 0.650
2010.3082 39.85 -95.56 -0.119 -0.636 -3.987 0.150 0.133 0.679
2010.3356 39.85 -95.56 0.207 -0.693 -3.047 0.139 0.120 0.625
2010.3630 39.85 -95.56 0.171 -0.286 -1.736 0.147 0.128 0.663
2010.3904 39.85 -95.56 -0.021 -0.095 -3.742 0.154 0.124 0.677
2010.4178 39.85 -95.56 0.215 -0.124 -5.014 0.157 0.135 0.703
2010.4452 39.85 -95.56 0.437 -0.102 -6.922 0.139 0.120 0.629
2010.4726 39.85 -95.56 0.755 -0.360 -5.701 0.126 0.108 0.570
2010.5000 39.85 -95.56 0.758 -0.185 -5.183 0.141 0.123 0.637
2010.5274 39.85 -95.56 0.571 -0.465 -5.554 0.214 0.195 0.966
2010.5548 39.85 -95.56 0.317 -0.404 -5.013 0.139 0.124 0.630
2010.5822 39.85 -95.56 0.399 -0.547 -5.103 0.126 0.112 0.573
2010.6096 39.85 -95.56 0.468 -0.687 -5.198 0.161 0.146 0.727
2010.6370 39.85 -95.56 0.309 -0.299 -3.234 0.144 0.130 0.654
2010.6644 39.85 -95.56 0.099 -0.128 -1.300 0.136 0.122 0.616
2010.6918 39.85 -95.56 -0.066 -0.304 -0.535 0.161 0.147 0.730
2010.7192 39.85 -95.56 0.054 -0.567 -1.625 0.150 0.137 0.682
2010.7466 39.85 -95.56 0.233 -0.070 -2.664 0.173 0.158 0.784
2010.7740 39.85 -95.56 0.228 0.024 0.401 0.143 0.129 0.651
2010.8014 39.85 -95.56 0.218 -0.598 -0.498 0.136 0.123 0.619
2010.8288 39.85 -95.56 0.339 -0.096 -1.128 0.154 0.140 0.699
2010.8562 39.85 -95.56 0.327 -0.487 0.154 0.152 0.138 0.688
2010.8836 39.85 -95.56 0.379 -0.298 -1.655 0.142 0.127 0.644
2010.9110 39.85 -95.56 0.290 -0.238 -3.155 0.154 0.139 0.698
2010.9384 39.85 -95.56 0.295 -0.025 -1.595 0.160 0.145 0.722
2010.9658 39.85 -95.56 0.434 -0.221 -2.167 0.175 0.159 0.789
2010.9932 39.85 -95.56 0.681 0.113 -3.035 0.157 0.102 0.646
2011.1027 39.85 -95.56 0.572 -0.743 -3.295 0.151 0.121 0.667
2011.1301 39.85 -95.56 0.456 0.185 -3.095 0.209 0.188 0.941
2011.1575 39.85 -95.56 0.569 -0.420 -3.226 0.144 0.126 0.647
2011.1849 39.85 -95.56 0.435 -0.691 -5.147 0.117 0.100 0.530
2011.2123 39.85 -95.56 0.490 -0.772 -5.883 0.178 0.161 0.803
2011.2397 39.85 -95.56 0.714 -0.512 -4.097 0.184 0.167 0.831
2011.2671 39.85 -95.56 0.801 -0.498 -3.272 0.151 0.136 0.683
2011.2945 39.85 -95.56 1.003 -0.492 -5.440 0.174 0.158 0.785
2011.3219 39.85 -95.56 0.941 -0.152 -5.443 0.163 0.148 0.738
2011.3493 39.85 -95.56 1.038 -0.347 -4.982 0.148 0.133 0.670
2011.3767 39.85 -95.56 1.044 -0.391 -6.473 0.171 0.155 0.772
2011.4041 39.85 -95.56 1.035 -0.550 -7.876 0.153 0.137 0.690
2011.4315 39.85 -95.56 1.311 -0.385 -7.158 0.163 0.133 0.717
2011.5137 39.85 -95.56 1.274 -0.775 -7.411 0.146 0.124 0.652
2011.5411 39.85 -95.56 1.018 -0.640 -4.303 0.150 0.134 0.678
2011.5685 39.85 -95.56 1.048 -0.791 -3.066 0.148 0.130 0.668
2011.5959 39.85 -95.56 0.776 -0.924 -2.592 0.157 0.140 0.709
2011.6233 39.85 -95.56 0.655 -0.834 -3.580 0.159 0.139 0.713
2011.6507 39.85 -95.56 0.645 -0.794 -2.676 0.183 0.165 0.824
2011.6781 39.85 -95.56 0.838 -0.552 -0.469 0.170 0.153 0.766
2011.7055 39.85 -95.56 0.593 -0.586 1.251 0.170 0.153 0.766
2011.7329 39.85 -95.56 0.713 -0.771 2.332 0.195 0.177 0.878
2011.7603 39.85 -95.56 0.832 -0.630 0.723 0.168 0.153 0.760
2011.7877 39.85 -95.56 0.414 -0.671 2.782 0.178 0.163 0.805
2011.8151 39.85 -95.56 0.529 -0.732 1.487 0.176 0.159 0.792
2011.8425 39.85 -95.56 0.442 -0.736 0.180 0.189 0.172 0.851
2011.8699 39.85 -95.56 0.761 -0.014 1.243 0.187 0.162 0.830
2011.9521 39.85 -95.56 0.453 0.091 -3.029 0.135 0.097 0.575
2011.9795 39.85 -95.56 0.016 -0.114 -0.186 0.155 0.137 0.691
2012.0068 39.85 -95.56 -0.062 -0.373 -1.394 0.145 0.126 0.647
2012.0342 39.85 -95.56 0.514 -0.186 1.982 0.173 0.148 0.764
2012.0616 39.85 -95.56 0.353 -0.252 -1.793 0.151 0.130 0.670
2012.0890 39.85 -95.56 0.043 -0.203 -2.624 0.150 0.127 0.662
2012.1164 39.85 -95.56 0.030 -0.437 -3.450 0.148 0.123 0.652
2012.1438 39.85 -95.56 0.368 -0.286 -2.156 0.153 0.127 0.670
2012.1712 39.85 -95.56 0.411 -0.271 -3.356 0.149 0.120 0.648
2012.1986 39.85 -95.56 0.036 -0.577 -1.388 0.135 0.108 0.588
2012.2260 39.85 -95.56 0.208 -0.371 -1.461 0.137 0.110 0.596
2012.2534 39.85 -95.56 0.461 -0.544 -1.919 0.133 0.107 0.578
2012.2808 39.85 -95.56 0.547 -0.744 -3.554 0.124 0.100 0.539
2012.3082 39.85 -95.56 0.597 -0.642 -2.495 0.160 0.101 0.655
2012.3904 39.85 -95.56 1.061 -0.983 -0.536 0.158 0.120 0.682
2012.4178 39.85 -95.56 1.167 -0.676 -2.191 0.115 0.090 0.499
2012.4452 39.85 -95.56 0.635 -0.814 -2.446 0.114 0.090 0.495
2012.4726 39.85 -95.56 0.966 -0.690 -0.104 0.122 0.097 0.530
2012.5000 39.85 -95.56 0.855 -0.751 1.672 0.117 0.092 0.507
2012.5274 39.85 -95.56 0.790 -0.711 2.085 0.123 0.098 0.537
2012.5548 39.85 -95.56 0.747 -0.653 3.815 0.123 0.098 0.536
2012.5822 39.85 -95.56 0.156 -0.669 3.334 0.129 0.105 0.562
2012.6096 39.85 -95.56 0.184 -0.568 4.552 0.127 0.104 0.557
2012.6370 39.85 -95.56 -0.036 -0.515 5.420 0.118 0.097 0.517
2012.6644 39.85 -95.56 -0.254 -0.357 4.727 0.128 0.106 0.561
2012.6918 39.85 -95.56 -0.344 -0.207 4.560 0.131 0.111 0.578
2012.7192 39.85 -95.56 -0.601 -0.273 4.720 0.154 0.135 0.687
2012.7466 39.85 -95.56 -0.387 -0.673 5.590 0.125 0.088 0.528
2012.8562 39.85 -95.56 -0.102 -0.156 7.136 0.162 0.141 0.721
2012.8836 39.85 -95.56 0.094 -0.091 5.052 0.149 0.135 0.674
2012.9110 39.85 -95.56 0.054 0.025 5.343 0.142 0.128 0.640
2012.9384 39.85 -95.56 0.244 -0.557 4.871 0.140 0.123 0.627
2012.9658 39.85 -95.56 0.282 -0.239 5.522 0.151 0.138 0.685
2012.9918 39.85 -95.56 0.269 -0.176 2.633 0.078 0.068 0.357
2013.0178 39.85 -95.56 0.158 -0.244 4.741 0.090 0.080 0.411
2013.0452 39.85 -95.56 0.080 0.261 4.243 0.090 0.080 0.410
2013.0726 39.85 -95.56 0.239 0.105 4.215 0.083 0.074 0.381
2013.1000 39.85 -95.56 0.339 0.126 3.652 0.085 0.076 0.390
2013.1274 39.85 -95.56 0.328 0.363 3.707 0.080 0.070 0.366
2013.1548 39.85 -95.56 0.439 0.116 4.731 0.078 0.063 0.352
2013.2644 39.85 -95.56 0.586 0.525 3.177 0.097 0.047 0.377
2013.2918 39.85 -95.56 0.604 0.277 2.093 0.082 0.072 0.375
2013.3192 39.85 -95.56 0.636 0.604 0.503 0.089 0.080 0.410
2013.3466 39.85 -95.56 0.838 0.175 -0.051 0.091 0.083 0.420
2013.3740 39.85 -95.56 0.464 0.560 0.371 0.079 0.071 0.365
2013.4014 39.85 -95.56 0.660 0.405 -1.111 0.082 0.073 0.376
2013.4288 39.85 -95.56 0.666 0.172 -2.662 0.073 0.064 0.337
2013.4562 39.85 -95.56 0.858 0.375 -3.219 0.074 0.065 0.343
2013.4836 39.85 -95.56 1.064 0.205 -0.426 0.076 0.067 0.350
2013.5110 39.85 -95.56 0.822 0.249 -1.721 0.084 0.075 0.388
2013.5384 39.85 -95.56 0.305 0.185 -2.039 0.085 0.072 0.384
2013.5658 39.85 -95.56 0.378 0.108 -0.656 0.087 0.077 0.398
2013.7575 39.85 -95.56 -0.140 0.328 2.800 0.085 0.072 0.384
2013.7849 39.85 -95.56 -0.385 -0.206 5.073 0.087 0.075 0.393
2013.8123 39.85 -95.56 0.089 -0.255 3.662 0.080 0.068 0.362
2013.8397 39.85 -95.56 -0.076 -0.059 5.088 0.080 0.069 0.366
2013.8671 39.85 -95.56 0.064 -0.048 4.012 0.086 0.074 0.391
2013.8945 39.85 -95.56 0.020 0.127 3.246 0.080 0.069 0.363
2013.9219 39.85 -95.56 0.193 -0.054 1.213 0.072 0.061 0.330
2013.9493 39.85 -95.56 -0.034 0.066 2.296 0.076 0.065 0.347
2013.9767 39.85 -95.56 0.119 0.026 1.550 0.077 0.066 0.353
2014.0041 39.85 -95.56 0.055 -0.007 3.878 0.075 0.064 0.341
2014.0315 39.85 -95.56 0.035 0.201 1.827 0.077 0.066 0.352
2014.1685 39.85 -95.56 0.127 0.868 3.116 0.082 0.070 0.373
2014.1959 39.85 -95.56 0.397 0.247 1.281 0.082 0.072 0.374
2014.2233 39.85 -95.56 0.315 0.468 1.000 0.078 0.068 0.357
2014.2507 39.85 -95.56 0.168 0.293 1.584 0.072 0.063 0.330
2014.2781 39.85 -95.56 0.441 0.642 -0.020 0.076 0.067 0.348
2014.3055 39.85 -95.56 0.286 0.495 0.211 0.073 0.064 0.335
2014.3329 39.85 -95.56 0.716 0.571 -1.931 0.061 0.052 0.282
2014.3603 39.85 -95.56 0.909 0.279 0.029 0.068 0.059 0.315
2014.3877 39.85 -95.56 0.836 0.313 -0.585 0.068 0.059 0.315
2014.4151 39.85 -95.56 0.584 0.235 -2.180 0.068 0.059 0.314
2014.4425 39.85 -95.56 0.446 0.300 -3.881 0.072 0.062 0.331
2014.4699 39.85 -95.56 0.480 0.284 -2.210 0.072 0.062 0.330
2014.5795 39.85 -95.56 0.162 -0.251 -0.275 0.066 0.051 0.301
2014.6068 39.85 -95.56 0.463 -0.296 -0.662 0.064 0.054 0.295
2014.6342 39.85 -95.56 0.368 0.214 -1.433 0.059 0.049 0.273
2014.6616 39.85 -95.56 0.526 0.102 -0.501 0.065 0.055 0.298
2014.6890 39.85 -95.56 0.610 0.519 -1.018 0.063 0.054 0.291
2014.7164 39.85 -95.56 0.473 0.107 -3.110 0.062 0.053 0.286
2014.7438 39.85 -95.56 0.545 -0.203 0.128 0.067 0.057 0.307
2014.7712 39.85 -95.56 0.673 -0.055 1.238 0.066 0.057 0.303
2014.7986 39.85 -95.56 0.206 0.407 -1.046 0.059 0.050 0.275
2014.8260 39.85 -95.56 0.377 -0.071 0.643 0.059 0.049 0.274
2014.8534 39.85 -95.56 0.417 0.436 -0.476 0.063 0.052 0.288
2014.8808 39.85 -95.56 0.597 0.309 -0.825 0.063 0.052 0.288
2014.9082 39.85 -95.56 0.348 0.729 -1.659 0.064 0.053 0.293
2015.0452 39.85 -95.56 0.483 0.705 -2.214 0.049 0.038 0.230
2015.0726 39.85 -95.56 0.401 0.554 -0.975 0.054 0.040 0.243
2015.1000 39.85 -95.56 0.318 0.568 -4.840 0.048 0.037 0.223
2015.1274 39.85 -95.56 0.318 0.541 -1.813 0.045 0.035 0.210
2015.1548 39.85 -95.56 0.257 0.313 -1.844 0.052 0.038 0.235
2015.1822 39.85 -95.56 0.342 0.065 -2.962 0.049 0.037 0.225
2015.2096 39.85 -95.56 0.270 0.856 -1.089 0.063 0.050 0.283
2015.2370 39.85 -95.56 0.319 0.526 0.775 0.068 0.056 0.308
2015.2644 39.85 -95.56 0.322 0.012 -0.666 0.060 0.051 0.276
2015.2918 39.85 -95.56 0.385 0.966 -1.342 0.060 0.051 0.279
2015.3192 39.85 -95.56 0.200 0.339 -0.775 0.058 0.049 0.270
2015.3466 39.85 -95.56 0.357 0.092 0.735 0.063 0.053 0.290
2015.4836 39.85 -95.56 0.035 0.448 -4.630 0.060 0.044 0.270
2015.5110 39.85 -95.56 0.008 0.539 -5.137 0.057 0.044 0.262
2015.5384 39.85 -95.56 0.043 0.317 -2.530 0.062 0.050 0.285
2015.5658 39.85 -95.56 0.312 0.194 -0.460 0.062 0.052 0.285
2015.5932 39.85 -95.56 0.106 0.468 -1.262 0.064 0.054 0.294
2015.6205 39.85 -95.56 0.017 0.197 -1.733 0.063 0.052 0.287
2015.6479 39.85 -95.56 -0.039 0.401 -2.106 0.061 0.050 0.279
2015.6753 39.85 -95.56 0.021 0.298 -0.150 0.059 0.048 0.270
2015.7027 39.85 -95.56 0.011 -0.186 0.916 0.064 0.053 0.291
2015.7301 39.85 -95.56 -0.078 0.209 4.564 0.064 0.053 0.292
2015.9493 39.85 -95.56 -0.393 1.125 -4.479 0.061 0.052 0.285
2015.9767 39.85 -95.56 0.018 0.978 -2.465 0.064 0.054 0.294
2016.0041 39.85 -95.56 -0.022 0.829 -4.312 0.058 0.049 0.269
2016.0315 39.85 -95.56 0.320 0.923 -2.563 0.056 0.046 0.258
2016.0589 39.85 -95.56 0.249 0.999 -3.843 0.057 0.048 0.263
2016.0863 39.85 -95.56 -0.084 -0.028 -3.290 0.052 0.044 0.244
2016.1137 39.85 -95.56 0.143 0.304 -6.528 0.058 0.048 0.267
2016.1411 39.85 -95.56 0.270 0.265 -1.557 0.068 0.057 0.308
2016.1685 39.85 -95.56 0.283 0.135 -3.909 0.072 0.062 0.329
2016.1959 39.85 -95.56 0.225 -0.373 0.152 0.071 0.063 0.327
2016.2233 39.85 -95.56 0.505 -0.182 0.676 0.072 0.065 0.332
2016.2507 39.85 -95.56 0.507 0.010 -0.029 0.061 0.050 0.279
2016.3603 39.85 -95.56 0.553 0.428 -0.782 0.056 0.048 0.261
2016.3877 39.85 -95.56 0.858 0.510 -0.853 0.065 0.056 0.300
2016.4151 39.85 -95.56 0.737 0.176 -2.678 0.065 0.054 0.295
2016.4425 39.85 -95.56 0.727 0.102 -1.817 0.069 0.059 0.313
2016.4699 39.85 -95.56 0.687 -0.087 -0.162 0.067 0.058 0.307
