2002.5877 44.40 -68.22 -20.50924169684304 10.29825977766483
2002.6151 44.40 -68.22 -43.76986121619939 10.02199749109977
2002.6425 44.40 -68.22 -10.82706945244765 10.23643027783835
2002.6699 44.40 -68.22 -24.82423090281260 8.56150844960895
2002.6973 44.40 -68.22 -10.85005949187578 13.86846766203554
2002.7247 44.40 -68.22 0.92012441898930 9.76454958300806
2002.7521 44.40 -68.22 15.22273118061603 8.92317455700732
2002.7795 44.40 -68.22 -5.05974080826896 10.19007357095136
2002.8068 44.40 -68.22 -26.92916810780114 9.28029621352168
2002.8342 44.40 -68.22 -16.27002011813795 9.07379355355991
2002.8616 44.40 -68.22 -21.38254868774575 8.71694737719011
2002.8890 44.40 -68.22 -35.67669732896959 9.23956812960610
2002.9164 44.40 -68.22 -43.38994066867196 9.55991212477541
2003.0260 44.40 -68.22 2.40394815604233 10.63346979888827
2003.0534 44.40 -68.22 -17.40909352898339 18.71418890269090
2003.0808 44.40 -68.22 -4.86650175229696 15.42202887743103
2003.1082 44.40 -68.22 -3.35274439740318 8.54855173741631
2003.1356 44.40 -68.22 -6.16744976209335 7.86304464929523
2003.1630 44.40 -68.22 -3.70779909657353 8.54987208551726
2003.1904 44.40 -68.22 23.02759853459651 9.99589685568497
2003.2178 44.40 -68.22 6.27311575623067 8.43457427707683
2003.2452 44.40 -68.22 32.12157009614614 8.38012752078451
2003.2726 44.40 -68.22 9.21475730155647 8.15382159804624
2003.3000 44.40 -68.22 4.93614575071127 7.99898481940472
2003.3274 44.40 -68.22 2.53908847224172 10.74135602778351
2003.3548 44.40 -68.22 18.70535365726342 12.22178845331418
2003.3822 44.40 -68.22 4.94850079203998 10.43013035768011
2003.5192 44.40 -68.22 -11.55179513774698 11.93418988579513
2003.5466 44.40 -68.22 -37.18427866190031 13.61542592983006
2003.5740 44.40 -68.22 6.74640382407453 16.31198144739125
2003.6014 44.40 -68.22 5.27143784626123 13.66243061577542
2003.6288 44.40 -68.22 -10.56069396362647 12.56776065611376
2003.6562 44.40 -68.22 -22.33132519254866 13.75337594911217
2003.6836 44.40 -68.22 -7.12765601920225 13.78808714505440
2003.7110 44.40 -68.22 -5.20036368828030 10.17941182742878
2003.7384 44.40 -68.22 6.86415875517295 12.91189499820277
2003.7658 44.40 -68.22 3.22771077242621 11.74929764289294
2003.7932 44.40 -68.22 17.69402555007559 13.37223824213729
2003.8205 44.40 -68.22 16.15058200877811 14.19935053304345
2003.8479 44.40 -68.22 8.43370964644398 12.01997909300865
2003.8753 44.40 -68.22 -0.56310134462545 13.22236909502619
2003.9027 44.40 -68.22 12.09416054656045 11.62905725280210
2003.9301 44.40 -68.22 31.66745409448651 12.39541480967591
2003.9575 44.40 -68.22 14.44280663780136 14.38637360557335
2003.9849 44.40 -68.22 22.79274953646042 13.44618314842936
2004.0123 44.40 -68.22 22.47865204144233 14.44206362578509
2004.0397 44.40 -68.22 5.10194760410838 11.10426095119011
2004.0945 44.40 -68.22 -14.03739562495133 10.33870752900888
2004.1219 44.40 -68.22 6.52311355544131 11.86772751453445
2004.1493 44.40 -68.22 -2.89205254385851 14.13983532709809
2004.1767 44.40 -68.22 -11.66754287970897 15.52629948379074
2004.2041 44.40 -68.22 -7.08278028828886 12.20288142730386
2004.2315 44.40 -68.22 8.05603731520092 12.39116528670899
2004.2589 44.40 -68.22 12.04947132375538 12.75579512465665
2004.2863 44.40 -68.22 -4.26988828855508 12.83340156567861
2004.3137 44.40 -68.22 -23.11153837233220 12.12163484558932
2004.3411 44.40 -68.22 -24.51069470128957 13.44452016025035
2004.3685 44.40 -68.22 9.17076637528733 12.69359241422341
2004.3959 44.40 -68.22 -3.28888682421039 10.94248390470053
2004.4233 44.40 -68.22 -5.69732871998953 10.47604477566123
2004.4507 44.40 -68.22 -13.22822410110060 9.37032083579059
2004.4781 44.40 -68.22 -1.43284657888024 10.41784388652225
2004.5055 44.40 -68.22 -14.48115705829546 10.10811247187457
2004.5329 44.40 -68.22 -18.99026259076923 9.45433749426258
2004.5603 44.40 -68.22 -0.25292489381144 9.81055260056539
2004.5877 44.40 -68.22 11.92731129477146 9.84955779030831
2004.6151 44.40 -68.22 -12.70840671727773 10.91092885656059
2004.6425 44.40 -68.22 -0.57059872957811 9.10458002501508
2004.6699 44.40 -68.22 25.64458497034230 9.08635886056658
2004.6973 44.40 -68.22 13.70949069236699 8.44138605016617
2004.7247 44.40 -68.22 -3.84756737115006 9.86088428195464
2004.7521 44.40 -68.22 7.51394489086937 9.35732908035716
2004.7795 44.40 -68.22 -0.71049141764638 9.19102771618994
2004.8068 44.40 -68.22 8.96344735364804 10.36690957229234
2004.8342 44.40 -68.22 24.78076765768915 10.25313626112264
2004.8616 44.40 -68.22 -16.80288387582398 8.83939773448138
2004.8890 44.40 -68.22 -18.30695821068161 8.87375323619231
2004.9164 44.40 -68.22 10.83558061163735 9.84167177512383
2004.9438 44.40 -68.22 18.64623267370078 10.63972177019088
2004.9712 44.40 -68.22 4.51651382517518 9.97674358238960
2004.9973 44.40 -68.22 23.97715833493806 9.46859484545331
2005.0233 44.40 -68.22 -21.81357443739776 11.39056968386582
2005.0507 44.40 -68.22 -0.34840540607609 17.77310281817939
2005.0781 44.40 -68.22 -14.41893024218067 13.00279725065256
2005.1055 44.40 -68.22 21.10830039655160 12.85867191335135
2005.1329 44.40 -68.22 -2.33563488970775 13.18687350318141
2005.1603 44.40 -68.22 -2.10792709028562 11.49128498947167
2005.1877 44.40 -68.22 9.44608515173284 11.37169610562300
2005.2151 44.40 -68.22 -23.78977132816852 10.48678285052854
2005.2425 44.40 -68.22 17.14999370512187 10.29203537965097
2005.2699 44.40 -68.22 12.81897666447244 11.10886082141953
2005.2973 44.40 -68.22 -4.94038002347097 11.81515338844788
2005.3247 44.40 -68.22 -44.80446673533842 12.48276057561318
2005.3521 44.40 -68.22 -23.88693266124378 4.44231045418073
2005.3795 44.40 -68.22 -23.61514631216451 11.58766205204068
2005.4068 44.40 -68.22 -28.62121009580962 10.43519035831303
2005.4342 44.40 -68.22 -38.28555333790534 11.96041884238142
2005.4616 44.40 -68.22 -21.49423428747339 10.96809760998943
2005.4890 44.40 -68.22 -6.94053899602429 10.38282175582900
2005.5164 44.40 -68.22 -43.24632088706684 10.31370469110969
2005.5438 44.40 -68.22 -19.13033083588090 11.40639850465865
2005.5712 44.40 -68.22 -26.57687094810783 12.57478648346601
2005.5986 44.40 -68.22 3.54379806266745 12.86964958322250
2005.6260 44.40 -68.22 -16.77457089669342 11.21102115437620
2005.6534 44.40 -68.22 -2.81343463827020 11.98903698272388
2005.6808 44.40 -68.22 11.59607246973311 11.69639987357209
2005.7082 44.40 -68.22 15.31946448903683 14.61559450619844
2005.7356 44.40 -68.22 0.69480183539711 12.65959160466167
2005.7630 44.40 -68.22 -8.46520719937937 12.67859658860381
2005.7904 44.40 -68.22 30.97565444545823 11.70388267920359
2005.8178 44.40 -68.22 21.01934186939434 12.12208767675590
2005.8452 44.40 -68.22 0.52874803581035 12.96509126807943
2005.8726 44.40 -68.22 13.03112397752657 11.14475023685538
2005.9000 44.40 -68.22 9.07581408578512 10.77134415219419
2005.9274 44.40 -68.22 6.63265613155529 10.61444576027471
2005.9548 44.40 -68.22 10.17215248567635 9.07647920443615
2005.9822 44.40 -68.22 -10.47120685021710 9.85906804042717
2006.0096 44.40 -68.22 -12.17382027611805 11.31382841202053
2006.0370 44.40 -68.22 6.44793500519937 14.64770969401387
2006.0644 44.40 -68.22 -7.03429311074000 14.79787217389801
2006.0918 44.40 -68.22 28.87003889984737 14.91674620509790
2006.1192 44.40 -68.22 8.89688861678846 17.43658637042248
2006.1466 44.40 -68.22 3.10608038057087 13.27330578582615
2006.1740 44.40 -68.22 24.70396733148770 15.49466005996230
2006.2014 44.40 -68.22 10.91222799657519 11.48665313752806
2006.2288 44.40 -68.22 8.30587618465522 15.58359249415253
2006.2562 44.40 -68.22 -22.07896728834678 14.73021383449603
2006.2836 44.40 -68.22 -15.58997425383150 14.26211499074064
2006.3110 44.40 -68.22 -54.88850487622706 15.33049652524649
2006.3384 44.40 -68.22 -31.94177807249363 13.81547719155596
2006.3658 44.40 -68.22 -53.68480087871202 15.43159138788518
2006.3932 44.40 -68.22 -18.52717825068968 15.09060139287438
2006.4205 44.40 -68.22 -27.78730801940732 15.03749498946559
2006.4479 44.40 -68.22 -15.56428522957856 16.02363046663017
2006.4753 44.40 -68.22 -20.24720687177790 16.67844437036213
2006.5027 44.40 -68.22 -6.03793815852365 17.44092859059211
2006.5301 44.40 -68.22 -54.65774620955135 21.23265181819769
2006.5575 44.40 -68.22 -11.66478691719823 16.52317191821242
2006.5849 44.40 -68.22 0.59497465389691 17.05221884835223
2006.6123 44.40 -68.22 9.80011001740434 21.99161428308598
2006.6397 44.40 -68.22 -5.47340826991986 18.20047176239560
2006.6671 44.40 -68.22 -10.92497669219831 16.18213477476568
2006.6945 44.40 -68.22 12.37490875757534 21.29366020159204
2006.7219 44.40 -68.22 -2.04235435156149 19.29221385020719
2006.7493 44.40 -68.22 -16.71399409991460 23.57122468211912
2006.7767 44.40 -68.22 14.97252888667886 20.51034754213648
2006.8041 44.40 -68.22 -18.00836602492284 16.08181893204189
2006.8315 44.40 -68.22 13.93460935541956 19.16779220683992
2006.8589 44.40 -68.22 4.27074469619714 18.47955663459353
2006.8863 44.40 -68.22 2.16108673106951 17.49553916393869
2006.9137 44.40 -68.22 5.30015446775856 16.77140480463954
2006.9411 44.40 -68.22 0.02391720869957 16.39136110869658
2006.9685 44.40 -68.22 -12.16945738955542 16.01208414821298
2006.9959 44.40 -68.22 1.20005554247353 15.54094233625406
2007.0233 44.40 -68.22 -10.50159980522155 14.12124196443553
2007.0507 44.40 -68.22 7.74962534534817 15.02485384977224
2007.0781 44.40 -68.22 23.68887801662867 16.01458923832279
2007.1055 44.40 -68.22 -5.14022048102185 14.06397945205078
2007.1329 44.40 -68.22 5.22226706549292 15.53723141384274
2007.1603 44.40 -68.22 -4.97902344195572 14.78057821604353
2007.1877 44.40 -68.22 -21.89027663914143 20.16917944703784
2007.2151 44.40 -68.22 -2.17649276838340 17.80056800695284
2007.2425 44.40 -68.22 -14.88909252031592 17.03050666669819
2007.2699 44.40 -68.22 3.22109666787095 12.77730217484816
2007.2973 44.40 -68.22 20.55669958590418 11.97692064671887
2007.3247 44.40 -68.22 6.19635705484253 15.35200073957523
2007.3521 44.40 -68.22 -0.26141189406559 17.08161884105134
2007.3795 44.40 -68.22 5.53368507408482 18.11706733433412
2007.4068 44.40 -68.22 -21.63152802090450 14.56946526638190
2007.4342 44.40 -68.22 1.52621441004858 13.76157888787261
2007.4616 44.40 -68.22 -33.96283582003936 19.12150403477558
2007.4890 44.40 -68.22 -46.19263192264260 13.80193200203003
2007.5164 44.40 -68.22 -53.10662636428300 14.83448057021748
2007.5438 44.40 -68.22 -25.00816967176987 14.23640037049480
2007.5712 44.40 -68.22 -20.90210207124273 14.63628172035616
2007.5986 44.40 -68.22 -31.62585906205888 18.41956630401885
2007.6260 44.40 -68.22 -40.43930180435299 14.51976876987544
2007.6534 44.40 -68.22 -4.46739625921776 14.83315112457712
2007.6808 44.40 -68.22 -32.90413936740093 15.50514598751781
2007.7082 44.40 -68.22 -13.56156629663910 10.68038059299771
2007.7356 44.40 -68.22 -24.17463734600737 15.92352500392697
2007.7630 44.40 -68.22 -11.73374316718185 11.43623625309476
2007.7904 44.40 -68.22 20.40515333971540 15.85761480100301
2007.8178 44.40 -68.22 -7.58220163645594 18.69642274608163
2007.8452 44.40 -68.22 -10.09658336725059 14.52991391002911
2007.8726 44.40 -68.22 -1.85363225627717 17.20073842800830
2007.9000 44.40 -68.22 3.51972746166410 18.13202586045459
2007.9274 44.40 -68.22 -11.44565203042129 18.00104365495271
2007.9548 44.40 -68.22 -14.78660064321292 13.15656154713394
2007.9822 44.40 -68.22 9.29136081900625 16.61692993196860
2008.0096 44.40 -68.22 21.19041610646836 14.46698973241443
2008.0370 44.40 -68.22 6.40893168758175 15.12615034032721
2008.0644 44.40 -68.22 -8.88592891835695 17.82810577115321
2008.0918 44.40 -68.22 -52.62065878351205 13.50024908400338
2008.1192 44.40 -68.22 13.72699690075583 16.45987517456794
2008.1466 44.40 -68.22 -27.33238692304838 19.47063425344252
2008.1740 44.40 -68.22 -4.35532864252222 16.78754810946472
2008.2014 44.40 -68.22 -13.59226431542112 18.49614792922883
2008.2288 44.40 -68.22 -5.17309951611439 20.50748251424277
2008.2562 44.40 -68.22 -7.08141677586323 19.44692578193096
2008.2836 44.40 -68.22 -6.81219610370017 23.45255481770985
2008.3110 44.40 -68.22 -21.40140650158977 24.53095904789616
2008.3384 44.40 -68.22 -8.10260588843288 18.00697435071165
2008.3658 44.40 -68.22 -33.85442072574875 18.20521374495562
2008.3932 44.40 -68.22 -39.04188705822014 16.15795516513331
2008.4205 44.40 -68.22 -50.86571845840620 14.12381846340169
2008.4479 44.40 -68.22 -15.41890001406665 14.61328299584985
2008.4753 44.40 -68.22 -29.07391209575497 14.01717525981974
2008.5027 44.40 -68.22 -26.77249233018191 17.35051554784703
2008.5301 44.40 -68.22 -41.07806969182798 21.46302615829396
2008.5575 44.40 -68.22 -38.46371282549387 13.50918922133144
2008.5849 44.40 -68.22 -42.27800878772024 16.09388702351416
2008.6123 44.40 -68.22 -0.61431150826980 12.82130672619335
2008.6397 44.40 -68.22 -5.91406086769201 14.32020471675579
2008.6671 44.40 -68.22 -8.95939828798051 13.60415526586595
2008.6945 44.40 -68.22 -0.45428265328680 13.08808197606511
2008.7219 44.40 -68.22 16.67429887736973 15.55331421896090
2008.7493 44.40 -68.22 18.03561666451119 13.91172288985513
2008.7767 44.40 -68.22 16.53018375548356 16.72919020185119
2008.8041 44.40 -68.22 1.68507577175066 16.88792329798685
2008.8315 44.40 -68.22 -3.62276852092142 18.93127096295460
2008.8589 44.40 -68.22 20.10272081177123 22.15425099960645
2008.8863 44.40 -68.22 -5.46120078844732 21.24625649173743
2008.9137 44.40 -68.22 2.73180478893758 20.32365966365328
2008.9411 44.40 -68.22 -7.21859812692284 20.93791832666540
2008.9685 44.40 -68.22 -7.03819701041533 19.53172432190318
2008.9945 44.40 -68.22 -7.90224510551095 16.56677352506981
2009.0205 44.40 -68.22 21.30340491605248 16.46688904991384
2009.0479 44.40 -68.22 4.86723058573685 16.47230199447724
2009.0753 44.40 -68.22 13.31871440457439 15.50829480479603
2009.1027 44.40 -68.22 -1.13107447352023 19.73864187670236
2009.1301 44.40 -68.22 15.25982360663460 15.36465965959537
2009.1575 44.40 -68.22 46.89141773955102 15.51145671134624
2009.1849 44.40 -68.22 4.28718984938676 18.57529675792477
2009.2123 44.40 -68.22 20.62680409117530 15.19945775479190
2009.2397 44.40 -68.22 3.52737375866789 17.78068856634254
2009.2671 44.40 -68.22 -13.39660702576387 14.69422749893184
2009.2945 44.40 -68.22 -20.37197862055961 15.14635057095474
2009.3219 44.40 -68.22 -42.13008633834616 15.76335230462380
2009.3493 44.40 -68.22 -16.78096377900184 14.31802604365258
2009.3767 44.40 -68.22 -67.94130034761579 15.08129944352291
2009.4041 44.40 -68.22 -50.94896624224619 12.99120827416923
2009.4315 44.40 -68.22 -47.14410396443996 15.37647662204067
2009.4589 44.40 -68.22 -41.03773745794810 12.57664025026665
2009.4863 44.40 -68.22 -19.36063568140982 13.99511444320501
2009.5137 44.40 -68.22 0.29140038582688 13.09908705536615
2009.5411 44.40 -68.22 0.06607560710629 16.44657255663372
2009.5685 44.40 -68.22 14.44598393274250 17.65353932381931
2009.5959 44.40 -68.22 7.56989324947827 15.29076209548292
2009.6233 44.40 -68.22 36.36394143002146 16.25697749907587
2009.6507 44.40 -68.22 -37.84249023523952 15.69025358215355
2009.6781 44.40 -68.22 2.71670545556795 17.01039379123480
2009.7055 44.40 -68.22 23.37867506470771 17.89363002485753
2009.7329 44.40 -68.22 -16.37475076599573 17.06473138949977
2009.7603 44.40 -68.22 -10.39938247122835 19.54416513651482
2009.7877 44.40 -68.22 7.85252089864817 17.97368931917763
2009.8151 44.40 -68.22 -0.38704967125561 19.54187611078477
2009.8425 44.40 -68.22 2.03598021295497 17.58185062964298
2009.8699 44.40 -68.22 -15.72327340526098 16.70339019695318
2009.8973 44.40 -68.22 2.97022773600495 15.52127201244679
2009.9247 44.40 -68.22 12.03298206871887 15.01767867720580
2009.9521 44.40 -68.22 -15.92589834629118 14.25825087927349
2009.9795 44.40 -68.22 11.20793562537025 14.66924585658212
2010.0068 44.40 -68.22 -22.96225450086821 19.19056930989214
2010.0342 44.40 -68.22 13.48156703829865 14.49310577976157
2010.0616 44.40 -68.22 15.03812509714201 14.97603201044019
2010.0890 44.40 -68.22 10.82683292851206 18.44147577208553
2010.1164 44.40 -68.22 28.58536513939267 19.06860953505822
2010.1438 44.40 -68.22 -21.55123221479010 18.01549731727163
2010.1712 44.40 -68.22 5.66282578372131 17.17412736644734
2010.1986 44.40 -68.22 26.76796581205543 16.43427020808260
2010.2260 44.40 -68.22 2.74935292646815 18.06054481117401
2010.2534 44.40 -68.22 -8.65046542547130 18.53967720604894
2010.2808 44.40 -68.22 -44.20416296833571 13.91372724991177
2010.3082 44.40 -68.22 -28.32205130972973 14.74141242213019
2010.3356 44.40 -68.22 -33.10785353807135 12.99932954027150
2010.3630 44.40 -68.22 -35.98829804045468 13.95858729127954
2010.3904 44.40 -68.22 -57.05220440065300 14.05486813727260
2010.4178 44.40 -68.22 -33.92556669402075 14.95148882653165
2010.4452 44.40 -68.22 -18.27425713116082 12.97585779552718
2010.4726 44.40 -68.22 -37.25499678500675 11.49523873346326
2010.5000 44.40 -68.22 -14.13896546671067 13.33321064696258
2010.5274 44.40 -68.22 -36.09062010416579 22.41016159309041
2010.5548 44.40 -68.22 5.10897887475217 13.83440105282602
2010.5822 44.40 -68.22 -15.11039595967092 12.35753510071531
2010.6096 44.40 -68.22 9.57754753089904 16.60194771522841
2010.6370 44.40 -68.22 5.63165628530667 14.56773943999859
2010.6644 44.40 -68.22 -2.49387919004506 13.51183647940592
2010.6918 44.40 -68.22 -6.32788677179071 16.72420487813339
2010.7192 44.40 -68.22 -2.07633165819437 15.49023600181712
2010.7466 44.40 -68.22 -7.16121847349272 18.37778007084992
2010.7740 44.40 -68.22 -15.22422493829664 14.27949871367879
2010.8014 44.40 -68.22 -9.98311503510613 13.69969928793808
2010.8288 44.40 -68.22 0.61279154823270 15.94239583194192
2010.8562 44.40 -68.22 5.35222504653606 15.56578544640328
2010.8836 44.40 -68.22 -3.33963447903672 14.14562299257591
2010.9110 44.40 -68.22 2.79785290907368 15.77558126456525
2010.9384 44.40 -68.22 -4.35906084201326 16.47089760815333
2010.9658 44.40 -68.22 -3.45680681647252 18.30139867013000
2010.9932 44.40 -68.22 6.12464038971170 13.22326152782734
2011.1027 44.40 -68.22 5.66415854528615 13.24932302410852
2011.1301 44.40 -68.22 23.52025769344202 21.73391048670079
2011.1575 44.40 -68.22 52.93408812390489 13.92520928217243
2011.1849 44.40 -68.22 1.54025596406990 10.62473195792096
2011.2123 44.40 -68.22 33.78691339809792 18.43701939478606
2011.2397 44.40 -68.22 17.65282638902141 19.39253531762401
2011.2671 44.40 -68.22 -8.57740579162057 15.28972583909714
2011.2945 44.40 -68.22 2.55422004071858 18.21091622807373
2011.3219 44.40 -68.22 1.03664100716899 16.98416659496410
2011.3493 44.40 -68.22 -18.68831466511402 14.95607087205945
2011.3767 44.40 -68.22 -13.97231204580102 17.87299542783878
2011.4041 44.40 -68.22 -5.45350028637882 15.38135701092086
2011.4315 44.40 -68.22 -34.05153569909596 15.06740472492753
2011.5137 44.40 -68.22 -22.64191165954465 13.77264606964272
2011.5411 44.40 -68.22 13.00924798659894 14.98492261946851
2011.5685 44.40 -68.22 -12.66928328741345 14.45950456947947
2011.5959 44.40 -68.22 -8.15262649291285 15.69748373011907
2011.6233 44.40 -68.22 -6.78805070961610 15.54738844550904
2011.6507 44.40 -68.22 26.89586936492699 19.02563348491273
2011.6781 44.40 -68.22 27.24478214559418 17.63874687654700
2011.7055 44.40 -68.22 60.15932128779033 17.73793617790782
2011.7329 44.40 -68.22 46.53527982446661 20.85622391827126
2011.7603 44.40 -68.22 11.85308093638361 17.66362194455734
2011.7877 44.40 -68.22 68.01177578308381 18.93758991396151
2011.8151 44.40 -68.22 41.96817401969072 18.48224413302697
2011.8425 44.40 -68.22 11.21302170190470 20.32673880024633
2011.8699 44.40 -68.22 39.92060866623072 18.76789263976311
2011.9521 44.40 -68.22 2.46860797582581 11.51210660800368
2011.9795 44.40 -68.22 -10.75249061383793 15.92186975910920
2012.0068 44.40 -68.22 -4.55588513905784 14.66641149907271
2012.0342 44.40 -68.22 -35.44966140867950 17.75793267246855
2012.0616 44.40 -68.22 -1.83079170503432 15.32223916865402
2012.0890 44.40 -68.22 38.64730607954168 15.04135298232555
2012.1164 44.40 -68.22 21.25944141820733 14.63597378809730
2012.1438 44.40 -68.22 -1.28434396051969 15.12579846479488
2012.1712 44.40 -68.22 13.81522371767239 14.25140282610615
2012.1986 44.40 -68.22 3.50700147644322 12.75481668148588
2012.2260 44.40 -68.22 36.24067430731154 13.24591466289509
2012.2534 44.40 -68.22 11.21124715728645 12.82933005974580
2012.2808 44.40 -68.22 -17.11028977057688 11.87612097609470
2012.3082 44.40 -68.22 -14.17509045746636 13.60348633524910
2012.3904 44.40 -68.22 -30.45182380860956 13.97922925035146
2012.4178 44.40 -68.22 -14.02673750820979 10.78116503291167
2012.4452 44.40 -68.22 -7.58743891850708 10.58440837936873
2012.4726 44.40 -68.22 -29.33495580452696 11.54610840725658
2012.5000 44.40 -68.22 -27.70098797783000 10.87980044199124
2012.5274 44.40 -68.22 6.09143235668472 11.69656214938546
2012.5548 44.40 -68.22 -0.71642124737780 11.69712780148817
2012.5822 44.40 -68.22 -0.06240149137612 12.51109113666396
2012.6096 44.40 -68.22 -9.12869187373190 12.52341975604627
2012.6370 44.40 -68.22 -8.46556657720335 11.41213152777825
2012.6644 44.40 -68.22 -12.47482228465562 12.64195850415947
2012.6918 44.40 -68.22 5.30865630142208 13.11105915694509
2012.7192 44.40 -68.22 3.50686507529601 16.22973939477242
2012.7466 44.40 -68.22 -26.81459720433502 10.67236586637827
2012.8562 44.40 -68.22 -10.13533299192578 16.66201935263488
2012.8836 44.40 -68.22 6.82830381519907 15.75169018551186
2012.9110 44.40 -68.22 2.06429252894459 14.84973719555442
2012.9384 44.40 -68.22 -2.77712246358743 13.96069400596319
2012.9658 44.40 -68.22 26.12650037763225 16.17080539215884
2012.9918 44.40 -68.22 22.73438637278156 7.50169538031804
2013.0178 44.40 -68.22 15.25274183288841 9.08134543871655
2013.0452 44.40 -68.22 4.99714771136655 8.99133847440987
2013.0726 44.40 -68.22 40.58488823803860 8.19794592974558
2013.1000 44.40 -68.22 16.29220941352450 8.43837424710953
2013.1274 44.40 -68.22 4.23102084195571 7.70817837480830
2013.1548 44.40 -68.22 15.37892158458139 6.93259482249898
2013.2644 44.40 -68.22 6.67670776795667 7.98442070899095
2013.2918 44.40 -68.22 -12.52297893790941 7.98740341480688
2013.3192 44.40 -68.22 -1.75511237912287 8.98019373711558
2013.3466 44.40 -68.22 0.32361138621045 9.25842274607483
2013.3740 44.40 -68.22 -8.81662771919702 7.76001581921049
2013.4014 44.40 -68.22 0.25358828323661 8.05841433069539
2013.4288 44.40 -68.22 20.49358513243395 6.91505106577697
2013.4562 44.40 -68.22 28.65853124120333 7.03187502320231
2013.4836 44.40 -68.22 -31.80299659415578 7.27892607001886
2013.5110 44.40 -68.22 14.98308268891975 8.38311094013173
2013.5384 44.40 -68.22 16.11004670340550 8.03546441431048
2013.5658 44.40 -68.22 -8.99638595928888 8.54166445616387
2013.7575 44.40 -68.22 4.15793222164132 7.95633363871295
2013.7849 44.40 -68.22 22.86352553249905 8.36394519823387
2013.8123 44.40 -68.22 -15.27014470701551 7.59869306633215
2013.8397 44.40 -68.22 -20.12141440741156 7.73642418252481
2013.8671 44.40 -68.22 2.27371965305120 8.24894724873172
2013.8945 44.40 -68.22 -0.58528943605450 7.71999427604643
2013.9219 44.40 -68.22 10.67782663400303 6.69347418648505
2013.9493 44.40 -68.22 -1.68722695928313 7.28348150099606
2013.9767 44.40 -68.22 6.44827445355727 7.23924612768215
2014.0041 44.40 -68.22 23.79428573979591 7.01962771063231
2014.0315 44.40 -68.22 7.80815355398641 7.43469099057461
2014.1685 44.40 -68.22 36.46269854664164 7.72091707544505
2014.1959 44.40 -68.22 46.17998137468393 8.12987555804646
2014.2233 44.40 -68.22 10.26854186195724 7.60921794405509
2014.2507 44.40 -68.22 42.25637615514702 6.86302899303415
2014.2781 44.40 -68.22 51.87386788554604 7.33625893369831
2014.3055 44.40 -68.22 25.97703649961185 6.97790411575644
2014.3329 44.40 -68.22 26.07823176475963 5.50110912833052
2014.3603 44.40 -68.22 11.16603415908475 6.45663407850129
2014.3877 44.40 -68.22 8.47827387874344 6.47565898410163
2014.4151 44.40 -68.22 2.24597142143050 6.39565739549074
2014.4425 44.40 -68.22 7.07276731477073 6.86619687551523
2014.4699 44.40 -68.22 -6.76565067509799 6.73700644830488
2014.5795 44.40 -68.22 15.86861751752818 5.35503158923994
2014.6068 44.40 -68.22 13.51214383734180 5.90534271645237
2014.6342 44.40 -68.22 17.62773840825933 5.20373727967274
2014.6616 44.40 -68.22 43.75425326559814 6.01901129420754
2014.6890 44.40 -68.22 3.79682516347149 5.85690740624452
2014.7164 44.40 -68.22 0.29298200057677 5.71225764721744
2014.7438 44.40 -68.22 48.15465744971974 6.34669089071718
2014.7712 44.40 -68.22 25.24901572842331 6.27148662914095
2014.7986 44.40 -68.22 35.67826617689755 5.39193203226902
2014.8260 44.40 -68.22 25.80178699955460 5.34309435282116
2014.8534 44.40 -68.22 34.44194680636294 5.71181362657597
2014.8808 44.40 -68.22 26.56003221809668 5.72877881158309
2014.9082 44.40 -68.22 34.10504663435812 5.86235639974626
2015.0452 44.40 -68.22 8.63967391761890 4.08232174596980
2015.0726 44.40 -68.22 36.99455084433695 4.68764281050309
2015.1000 44.40 -68.22 15.52810554735136 3.96620080222399
2015.1274 44.40 -68.22 41.91492546144410 3.65037366894409
2015.1548 44.40 -68.22 39.73330900497398 4.50451451513691
2015.1822 44.40 -68.22 33.58477215468710 4.11518886373299
2015.2096 44.40 -68.22 48.21099846504904 5.95823868336114
2015.2370 44.40 -68.22 52.41096586124998 6.52549012928583
2015.2644 44.40 -68.22 14.84739223849386 5.58332174142503
2015.2918 44.40 -68.22 26.73514531682736 5.49737919211715
2015.3192 44.40 -68.22 1.82475559413046 5.27864221124142
2015.3466 44.40 -68.22 18.14232957965731 5.82803476334202
2015.4836 44.40 -68.22 11.85857008922479 4.83249724506833
2015.5110 44.40 -68.22 -16.44741776115130 4.76076793559987
2015.5384 44.40 -68.22 -1.09825734937703 5.43643965004232
2015.5658 44.40 -68.22 31.16530616694463 5.77948579522223
2015.5932 44.40 -68.22 19.56511806696639 6.12239398552655
2015.6205 44.40 -68.22 -3.34564562768881 5.76857015209582
2015.6479 44.40 -68.22 45.51316020662412 5.64039843075669
2015.6753 44.40 -68.22 30.21153167358106 5.27824215152766
2015.7027 44.40 -68.22 -12.53632537218513 6.00170439293130
2015.7301 44.40 -68.22 26.38562129153884 5.88347402087114
2015.9493 44.40 -68.22 63.83798452337714 5.60139542280184
2015.9767 44.40 -68.22 28.16063972648608 6.18661467641856
2016.0041 44.40 -68.22 6.28127077533279 5.46403613549932
2016.0315 44.40 -68.22 26.59436944505274 5.18945898820514
2016.0589 44.40 -68.22 13.53385824562119 5.30811351635235
2016.0863 44.40 -68.22 30.07986465132266 4.61524410291171
2016.1137 44.40 -68.22 -17.11993311722991 5.43355088692145
2016.1411 44.40 -68.22 16.44494389912284 6.71556229020968
2016.1685 44.40 -68.22 63.97413882210798 7.40334526205378
2016.1959 44.40 -68.22 15.26099761718305 7.28134774132590
2016.2233 44.40 -68.22 8.84079869554217 7.42199180744766
2016.2507 44.40 -68.22 26.03201587890504 5.57038059673754
2016.3603 44.40 -68.22 10.11452950994424 5.23888483243799
2016.3877 44.40 -68.22 21.11240400003865 6.46411659149762
2016.4151 44.40 -68.22 9.85453193959517 6.26034538067568
2016.4425 44.40 -68.22 -11.06951954521220 6.89329535169799
2016.4699 44.40 -68.22 2.14621199380812 6.73807238699568
