2002.5877 35.14 137.25 45.39644649501019 9.74898171630248
2002.6151 35.14 137.25 -31.26031648739745 9.48902663067305
2002.6425 35.14 137.25 -0.78094823411020 9.69604270200012
2002.6699 35.14 137.25 -11.29968594417986 8.13096715481388
2002.6973 35.14 137.25 -41.54836252560710 12.87024408215034
2002.7247 35.14 137.25 4.36308018248070 9.20345509959812
2002.7521 35.14 137.25 -31.75972391711959 8.42828791299708
2002.7795 35.14 137.25 -20.25097188009568 9.64718644800408
2002.8068 35.14 137.25 4.51780192490808 8.74071164088451
2002.8342 35.14 137.25 -17.56507218625855 8.58401831079875
2002.8616 35.14 137.25 -15.90853360871819 8.14499573035741
2002.8890 35.14 137.25 -16.30409973610366 8.73413989238414
2002.9164 35.14 137.25 18.22596275895680 9.03341815297027
2003.0260 35.14 137.25 5.39020491607529 10.06074640540813
2003.0534 35.14 137.25 52.49184516747061 17.70533352563887
2003.0808 35.14 137.25 11.49269916147711 14.57396695305520
2003.1082 35.14 137.25 16.18193510260869 8.05333866134415
2003.1356 35.14 137.25 21.24667444669419 7.40843601327364
2003.1630 35.14 137.25 29.49001894008984 8.08048915565787
2003.1904 35.14 137.25 5.07491559984285 9.46303484885540
2003.2178 35.14 137.25 11.13293086531800 7.98045422029090
2003.2452 35.14 137.25 10.32128831044739 7.94375383480353
2003.2726 35.14 137.25 14.20731195181269 7.72730804797337
2003.3000 35.14 137.25 7.05007810684366 7.59042954857525
2003.3274 35.14 137.25 27.72342216498940 10.21168266786419
2003.3548 35.14 137.25 -4.69600371120494 11.64149622277717
2003.3822 35.14 137.25 -10.98460481206896 9.79642183399732
2003.5192 35.14 137.25 -14.66480426987851 11.39535418084578
2003.5466 35.14 137.25 -5.84847124793475 13.03352056176264
2003.5740 35.14 137.25 -5.25367330952770 15.64155397783177
2003.6014 35.14 137.25 8.54725045223286 13.07195221318095
2003.6288 35.14 137.25 5.32135740197430 11.99081346200011
2003.6562 35.14 137.25 -14.60192848714946 13.12173231890845
2003.6836 35.14 137.25 -25.48623995793039 13.19718055106391
2003.7110 35.14 137.25 -27.54519465218097 9.69448203462988
2003.7384 35.14 137.25 -7.50752698456184 12.33309278659338
2003.7658 35.14 137.25 -21.03987231323175 11.22331494249571
2003.7932 35.14 137.25 -31.10135243283578 12.78878325565189
2003.8205 35.14 137.25 -0.84475324598809 13.55464374060440
2003.8479 35.14 137.25 -22.76806849223756 11.41378212031914
2003.8753 35.14 137.25 9.36021488649212 12.63522338857891
2003.9027 35.14 137.25 10.86262233467460 11.03713273309309
2003.9301 35.14 137.25 -2.30130196214757 11.81748289648996
2003.9575 35.14 137.25 -0.04309432070821 13.79612962018870
2003.9849 35.14 137.25 23.15007141945372 12.86764305051315
2004.0123 35.14 137.25 21.91830913949383 13.82301282070539
2004.0397 35.14 137.25 7.03597323544207 10.38901361756920
2004.0945 35.14 137.25 -3.51083756703329 9.68940738797131
2004.1219 35.14 137.25 -3.22750426865775 11.30214945496708
2004.1493 35.14 137.25 8.23966491884635 13.48915826821836
2004.1767 35.14 137.25 26.22063753071276 14.88761158456720
2004.2041 35.14 137.25 -22.33426134022858 11.63047326682271
2004.2315 35.14 137.25 -10.47813624322389 11.81020202194667
2004.2589 35.14 137.25 7.14531206744402 12.15669125101066
2004.2863 35.14 137.25 -12.40062779934865 12.22959750369523
2004.3137 35.14 137.25 15.82054510501858 11.54655305630375
2004.3411 35.14 137.25 -19.83941256430735 12.82279403525531
2004.3685 35.14 137.25 -5.15247312322057 12.03214097332090
2004.3959 35.14 137.25 10.22941821134629 10.32404773524242
2004.4233 35.14 137.25 18.40731201612671 9.87040420138384
2004.4507 35.14 137.25 -0.39391849978113 8.84362461357250
2004.4781 35.14 137.25 8.66311080561666 9.84660889357755
2004.5055 35.14 137.25 1.07768947129720 9.54578219295537
2004.5329 35.14 137.25 1.20010694341106 8.90237215126188
2004.5603 35.14 137.25 -16.90720434384829 9.25229258504122
2004.5877 35.14 137.25 -23.14063881425191 9.25890446349810
2004.6151 35.14 137.25 -30.23500236975257 10.27460670934261
2004.6425 35.14 137.25 -23.13294213635978 8.54117866208674
2004.6699 35.14 137.25 -27.47605440007312 8.51246707929083
2004.6973 35.14 137.25 -20.28095699762020 7.89747956443235
2004.7247 35.14 137.25 -16.93599935933671 9.25039251120830
2004.7521 35.14 137.25 -12.90802649883746 8.76252206867812
2004.7795 35.14 137.25 -1.97103544711526 8.62567302145465
2004.8068 35.14 137.25 -10.15790233347045 9.76174398241742
2004.8342 35.14 137.25 -5.20605935769037 9.66352196401787
2004.8616 35.14 137.25 -4.97771841219228 8.29037755270870
2004.8890 35.14 137.25 0.54952954502679 8.34022885406914
2004.9164 35.14 137.25 -3.51807639711356 9.28562698437871
2004.9438 35.14 137.25 20.19149086429407 9.98383101307139
2004.9712 35.14 137.25 -5.80932264515060 9.45832886101896
2004.9973 35.14 137.25 -20.42216204642888 8.92632719667604
2005.0233 35.14 137.25 2.55813350423613 10.85896354799619
2005.0507 35.14 137.25 7.57667981793988 17.15517395753907
2005.0781 35.14 137.25 4.66159302428526 12.45558217593200
2005.1055 35.14 137.25 11.26382288875977 12.30476729723821
2005.1329 35.14 137.25 4.68697090032606 12.62509821487929
2005.1603 35.14 137.25 9.11020194897345 10.93475084742299
2005.1877 35.14 137.25 2.10925697450420 10.77281434562198
2005.2151 35.14 137.25 3.90346320232063 9.87982270635568
2005.2425 35.14 137.25 20.17496598185577 9.75672447971140
2005.2699 35.14 137.25 20.03423632985670 10.54505759045599
2005.2973 35.14 137.25 12.07803979512114 11.23639972057623
2005.3247 35.14 137.25 13.93877534793237 11.85494444034014
2005.3521 35.14 137.25 -4.45042300130822 4.16299123482247
2005.3795 35.14 137.25 -21.57640851320739 10.99686861580856
2005.4068 35.14 137.25 -11.41030258173947 9.87372557177103
2005.4342 35.14 137.25 -9.69608045171988 11.31547225885217
2005.4616 35.14 137.25 -0.82276825998746 10.39091374285209
2005.4890 35.14 137.25 -20.57269645492744 9.83727429768301
2005.5164 35.14 137.25 1.33419686245812 9.77885101050110
2005.5438 35.14 137.25 -2.77429467617377 10.84508592172937
2005.5712 35.14 137.25 -13.05558357334090 11.96672372741016
2005.5986 35.14 137.25 -11.55366165160873 12.25722458727539
2005.6260 35.14 137.25 -14.97779978753051 10.66418087993518
2005.6534 35.14 137.25 -2.04531659340638 11.41548345448970
2005.6808 35.14 137.25 -14.97286123527270 11.13231506215821
2005.7082 35.14 137.25 -26.02382055041016 13.95900218957879
2005.7356 35.14 137.25 -25.89524187928253 12.08940924564932
2005.7630 35.14 137.25 -24.95164632381582 12.10868475323876
2005.7904 35.14 137.25 -32.94877621741140 11.15898547876511
2005.8178 35.14 137.25 -27.72557320686495 11.56783695284250
2005.8452 35.14 137.25 -34.12554912746878 12.36699780861244
2005.8726 35.14 137.25 -26.70063196652191 10.62528681341748
2005.9000 35.14 137.25 -16.77994129548406 10.25799674454782
2005.9274 35.14 137.25 -11.51165987809634 9.94131182464920
2005.9548 35.14 137.25 -18.49029416443458 8.52257156207229
2005.9822 35.14 137.25 -4.39918348368470 9.28907741517081
2006.0096 35.14 137.25 2.23531251990775 10.73068914204088
2006.0370 35.14 137.25 -11.46435569714308 13.94227435090887
2006.0644 35.14 137.25 2.94728324536894 14.07667650905427
2006.0918 35.14 137.25 5.97998202677823 14.22175730299414
2006.1192 35.14 137.25 18.69715722537821 16.68371468868143
2006.1466 35.14 137.25 13.59125817662103 12.66514708932132
2006.1740 35.14 137.25 -4.87052251594389 14.84218574138562
2006.2014 35.14 137.25 19.70711214191570 10.96849677193132
2006.2288 35.14 137.25 2.07544810124922 14.95323091155330
2006.2562 35.14 137.25 25.56920456395038 14.13968716838288
2006.2836 35.14 137.25 4.49624586852686 13.68123412256209
2006.3110 35.14 137.25 14.88260375532294 14.73057410079687
2006.3384 35.14 137.25 6.11185669880231 13.26916689205644
2006.3658 35.14 137.25 -5.34605074027159 14.81878008371300
2006.3932 35.14 137.25 0.81933719554706 14.49506625098344
2006.4205 35.14 137.25 -10.06863570164231 14.42543677464379
2006.4479 35.14 137.25 -12.96842739760137 15.33909401740933
2006.4753 35.14 137.25 22.67625997140305 16.01058196531782
2006.5027 35.14 137.25 -20.34857094412147 16.75936481834832
2006.5301 35.14 137.25 -7.54642588032564 20.45620005087074
2006.5575 35.14 137.25 21.77134498033359 15.88086873989499
2006.5849 35.14 137.25 -11.14146714252978 16.39716366838515
2006.6123 35.14 137.25 -6.59080611703491 21.23246128210470
2006.6397 35.14 137.25 -11.31406834090045 17.53218391447654
2006.6671 35.14 137.25 -9.20894911536720 15.55233653067457
2006.6945 35.14 137.25 -21.07007786671776 20.50815994295432
2006.7219 35.14 137.25 -0.99886606507921 18.51860891857164
2006.7493 35.14 137.25 -18.82512547326752 22.65803481173783
2006.7767 35.14 137.25 -24.70976855793259 19.72465217028268
2006.8041 35.14 137.25 -28.70215493360553 15.43223001361905
2006.8315 35.14 137.25 -21.54212441495263 18.41928180000645
2006.8589 35.14 137.25 -35.06636777132208 17.74345744075243
2006.8863 35.14 137.25 -14.86470943123761 16.78194514846286
2006.9137 35.14 137.25 -14.90388434137258 16.04519527812702
2006.9411 35.14 137.25 -20.93202578087553 15.67499881964993
2006.9685 35.14 137.25 -25.70973532131058 15.28376839313295
2006.9959 35.14 137.25 -9.51298130082012 14.79963347101087
2007.0233 35.14 137.25 -4.08732078468487 13.40782495917211
2007.0507 35.14 137.25 -22.08729989225757 14.30672390192380
2007.0781 35.14 137.25 -4.50045102611940 15.31380910938884
2007.1055 35.14 137.25 -10.99337550234096 13.43629090577492
2007.1329 35.14 137.25 3.00962099596154 14.85515601066251
2007.1603 35.14 137.25 15.46260562543108 14.13898189683108
2007.1877 35.14 137.25 20.10326542252223 19.37759753888079
2007.2151 35.14 137.25 -21.52081361975602 17.08567331807417
2007.2425 35.14 137.25 8.40506155092469 16.35423025510350
2007.2699 35.14 137.25 -34.64799069137249 12.21587638297671
2007.2973 35.14 137.25 -29.86902643283008 11.44838131079861
2007.3247 35.14 137.25 -17.86686495519258 14.71958336072745
2007.3521 35.14 137.25 -15.28274185228578 16.41676671669148
2007.3795 35.14 137.25 -7.99524142731511 17.41840273397439
2007.4068 35.14 137.25 1.19971113694361 13.97833504037179
2007.4342 35.14 137.25 -9.28259407638973 13.18554543569343
2007.4616 35.14 137.25 60.88375519779911 18.38438256763870
2007.4890 35.14 137.25 19.19067518100312 13.20268814434919
2007.5164 35.14 137.25 17.06167090137760 14.23246618250145
2007.5438 35.14 137.25 -0.60873534189140 13.64553687058118
2007.5712 35.14 137.25 -6.04755980942011 14.02564004793221
2007.5986 35.14 137.25 -3.05864674498928 17.67935517141311
2007.6260 35.14 137.25 -27.77474169054548 13.90271568945042
2007.6534 35.14 137.25 -15.46723678432435 14.20719958735031
2007.6808 35.14 137.25 6.05387718112207 14.81850382379933
2007.7082 35.14 137.25 -31.18252935894445 10.13731197610180
2007.7356 35.14 137.25 -36.89019318116128 15.21741672441303
2007.7630 35.14 137.25 -31.72841329281701 10.85798543040455
2007.7904 35.14 137.25 -46.00774090427763 15.20076973447430
2007.8178 35.14 137.25 -42.40857398371524 17.95371271548387
2007.8452 35.14 137.25 -27.13803196795278 13.91572459705306
2007.8726 35.14 137.25 -4.94086008360636 16.48621468106820
2007.9000 35.14 137.25 -34.45142274159962 17.36549763964653
2007.9274 35.14 137.25 -40.19164706405329 17.29035207403641
2007.9548 35.14 137.25 -20.31949087328297 12.61264272171753
2007.9822 35.14 137.25 -34.84523356308595 15.98895125474759
2008.0096 35.14 137.25 -14.94437850088829 13.90691401296108
2008.0370 35.14 137.25 -26.93179386718920 14.56479861555252
2008.0644 35.14 137.25 -4.38545674301872 17.19485342563993
2008.0918 35.14 137.25 5.49972569877816 12.95862368502603
2008.1192 35.14 137.25 0.50429149431191 15.86392239268938
2008.1466 35.14 137.25 7.09793897956193 18.78858348221525
2008.1740 35.14 137.25 -8.91550637254169 16.19017833884176
2008.2014 35.14 137.25 3.27567556165103 17.85113245563396
2008.2288 35.14 137.25 22.34165145249656 19.72065689043967
2008.2562 35.14 137.25 -7.54298942289673 18.76046817622656
2008.2836 35.14 137.25 13.48884361827245 22.61628744256580
2008.3110 35.14 137.25 -0.81472805967293 23.67341279028265
2008.3384 35.14 137.25 -2.75237278276085 17.35474707227575
2008.3658 35.14 137.25 6.76564834488578 17.52352982557719
2008.3932 35.14 137.25 -5.36652154505543 15.51377943925018
2008.4205 35.14 137.25 6.24207112245371 13.52388963478710
2008.4479 35.14 137.25 -19.43049277408798 14.04030926497637
2008.4753 35.14 137.25 -3.19775215489499 13.45401634340563
2008.5027 35.14 137.25 -18.45599652122755 16.64716534436758
2008.5301 35.14 137.25 5.27470003152983 20.59663174993332
2008.5575 35.14 137.25 -9.51943796076259 12.87550678102172
2008.5849 35.14 137.25 -26.76860600324926 15.46485234782503
2008.6123 35.14 137.25 -9.30646519866919 12.25276584162032
2008.6397 35.14 137.25 4.21625147561642 13.71965900728464
2008.6671 35.14 137.25 5.80456183995551 13.00939996999887
2008.6945 35.14 137.25 -35.07029224474434 12.52582979826635
2008.7219 35.14 137.25 6.17933317992099 14.94415030286437
2008.7493 35.14 137.25 -13.54783081715496 13.36536805584214
2008.7767 35.14 137.25 -15.94628298984345 16.12564375051058
2008.8041 35.14 137.25 -19.06945457958566 16.29939356381699
2008.8315 35.14 137.25 2.43403476264994 18.25762026479325
2008.8589 35.14 137.25 -39.39559645119449 21.39156431976838
2008.8863 35.14 137.25 -9.26225253108136 20.50577840665719
2008.9137 35.14 137.25 -25.93414814564952 19.63879386749471
2008.9411 35.14 137.25 -19.90552567514866 20.20588252901607
2008.9685 35.14 137.25 -4.81637646649622 18.80276713467609
2008.9945 35.14 137.25 -15.45340685028750 16.00473388947774
2009.0205 35.14 137.25 -11.73527367246144 15.92928222811058
2009.0479 35.14 137.25 -11.61611698374457 15.93787631822956
2009.0753 35.14 137.25 -8.43904816200557 14.96928018924953
2009.1027 35.14 137.25 -29.11841890660201 19.12172210122910
2009.1301 35.14 137.25 -5.33928685038040 14.84251301360096
2009.1575 35.14 137.25 -2.56105190747245 14.96174689418449
2009.1849 35.14 137.25 35.55727963851911 17.98782535656808
2009.2123 35.14 137.25 -3.69411658181715 14.63038146060555
2009.2397 35.14 137.25 10.11574510272496 17.19367457123054
2009.2671 35.14 137.25 2.82952919866729 14.19824249748339
2009.2945 35.14 137.25 17.64708025639820 14.63046499920185
2009.3219 35.14 137.25 14.11809454917819 15.20743063006873
2009.3493 35.14 137.25 25.69452109559958 13.79767402220281
2009.3767 35.14 137.25 3.30966915676666 14.52856766096093
2009.4041 35.14 137.25 -0.31527023537878 12.48189019868759
2009.4315 35.14 137.25 -1.77926524225240 14.82339569323367
2009.4589 35.14 137.25 -6.74941869330101 12.04538175864973
2009.4863 35.14 137.25 15.84594924262358 13.40044711075539
2009.5137 35.14 137.25 -15.08409501029049 12.50159160868355
2009.5411 35.14 137.25 12.72332459963311 15.75362371392887
2009.5685 35.14 137.25 8.96581007772340 16.88780433739068
2009.5959 35.14 137.25 -8.55541206154113 14.61223027091978
2009.6233 35.14 137.25 -7.40367505694409 15.58881990104715
2009.6507 35.14 137.25 -10.42661102574304 15.06302397984419
2009.6781 35.14 137.25 -6.86364296705149 16.38006749113242
2009.7055 35.14 137.25 -8.49943156027120 17.25496945355106
2009.7329 35.14 137.25 -35.62463761479372 16.44410535409277
2009.7603 35.14 137.25 -24.37862181680332 18.84821198947914
2009.7877 35.14 137.25 -24.96925709957800 17.33746113462052
2009.8151 35.14 137.25 -27.32238911803063 18.87414158495195
2009.8425 35.14 137.25 -34.98879923963699 16.96196709471723
2009.8699 35.14 137.25 -12.87907900499761 16.11103743136028
2009.8973 35.14 137.25 -2.21413254756231 14.96833457909208
2009.9247 35.14 137.25 -24.76634889135177 14.42816724778498
2009.9521 35.14 137.25 -8.52292506098257 13.72616694634341
2009.9795 35.14 137.25 -9.83232487305994 14.10833162354074
2010.0068 35.14 137.25 -19.33554908693221 18.55404033458338
2010.0342 35.14 137.25 -4.62018244136488 13.95394823390283
2010.0616 35.14 137.25 11.48632446330015 14.41293440953782
2010.0890 35.14 137.25 0.45209789558931 17.84688435293261
2010.1164 35.14 137.25 -39.54510187585014 18.44852852584027
2010.1438 35.14 137.25 10.69762823589673 17.37728835389949
2010.1712 35.14 137.25 -33.68019076275700 16.56146756803799
2010.1986 35.14 137.25 -15.13062784701992 15.83623523528399
2010.2260 35.14 137.25 17.86334685008743 17.39708723371673
2010.2534 35.14 137.25 24.10488698453338 17.82633929319114
2010.2808 35.14 137.25 36.34215843284896 13.33791028005644
2010.3082 35.14 137.25 13.52237967727210 14.13966375691388
2010.3356 35.14 137.25 14.12408331309377 12.41240508016526
2010.3630 35.14 137.25 2.54879750976110 13.29188415669214
2010.3904 35.14 137.25 15.29893734915795 13.26196024590772
2010.4178 35.14 137.25 24.89939336239517 14.23363814387075
2010.4452 35.14 137.25 11.82895986999824 12.34940587197790
2010.4726 35.14 137.25 49.06808796728419 10.91632987174199
2010.5000 35.14 137.25 32.06853918900774 12.72210608008142
2010.5274 35.14 137.25 8.06456626321600 21.63220430878917
2010.5548 35.14 137.25 -2.67383672628416 13.30204146448699
2010.5822 35.14 137.25 0.89299218101572 11.87550731007746
2010.6096 35.14 137.25 0.14464045513667 16.00014021263189
2010.6370 35.14 137.25 -13.99798911570331 14.02797428298266
2010.6644 35.14 137.25 -27.15187215742624 13.00411034661899
2010.6918 35.14 137.25 -26.62542155952907 16.12766286552545
2010.7192 35.14 137.25 0.88158304773432 14.93229708976402
2010.7466 35.14 137.25 -33.01704067832301 17.71313638817747
2010.7740 35.14 137.25 1.62683682597664 13.72532589090617
2010.8014 35.14 137.25 -13.51269028641086 13.17270394484961
2010.8288 35.14 137.25 10.34044357573169 15.36477667418220
2010.8562 35.14 137.25 -8.45404492534992 14.98622625831873
2010.8836 35.14 137.25 -24.41546358398439 13.57964989667335
2010.9110 35.14 137.25 -7.06386041676245 15.16724137902536
2010.9384 35.14 137.25 -40.19806550529881 15.83348427015529
2010.9658 35.14 137.25 -3.95934009429940 17.58680534262524
2010.9932 35.14 137.25 0.09279832475248 12.42180788602177
2011.1027 35.14 137.25 2.10654611306296 12.48699942707589
2011.1301 35.14 137.25 5.28217539100099 20.83205742763608
2011.1575 35.14 137.25 17.12803618122462 13.27730343331147
2011.1849 35.14 137.25 27.66438569260716 10.09595582215135
2011.2123 35.14 137.25 14.44698318721766 17.68280441668419
2011.2397 35.14 137.25 -11.16935473227963 18.62829543448502
2011.2671 35.14 137.25 -4.26898936704437 14.64194571026350
2011.2945 35.14 137.25 22.76997037546779 17.49463352806020
2011.3219 35.14 137.25 12.58322869857850 16.31283656388620
2011.3493 35.14 137.25 11.55261403138551 14.33671999649255
2011.3767 35.14 137.25 25.29899096720440 17.17114891977146
2011.4041 35.14 137.25 17.67900249399030 14.72883449455607
2011.4315 35.14 137.25 22.36918053119927 14.37476561930782
2011.5137 35.14 137.25 24.18912620908047 13.11611378107546
2011.5411 35.14 137.25 33.76322685262056 14.32248251088174
2011.5685 35.14 137.25 0.30305458801934 13.79235590721025
2011.5959 35.14 137.25 16.88051227966621 14.99635342335933
2011.6233 35.14 137.25 -9.97151204404293 14.82816317883967
2011.6507 35.14 137.25 -10.28157575973904 18.23178965687821
2011.6781 35.14 137.25 8.27843749968720 16.90653587382444
2011.7055 35.14 137.25 -0.15782763468063 17.01936917424811
2011.7329 35.14 137.25 -22.29070676955773 20.04224744844988
2011.7603 35.14 137.25 -11.18798408620317 16.96107172391549
2011.7877 35.14 137.25 -13.39477882435647 18.21758929699921
2011.8151 35.14 137.25 -11.88117057332815 17.76250654316640
2011.8425 35.14 137.25 -9.38785642354241 19.56714181663826
2011.8699 35.14 137.25 4.22170995579507 18.07095730512830
2011.9521 35.14 137.25 -8.69925816714555 10.92391508804173
2011.9795 35.14 137.25 -16.47322362383231 15.35723783824724
2012.0068 35.14 137.25 1.83579731355155 14.09178473271973
2012.0342 35.14 137.25 14.63742434820751 17.01928340876974
2012.0616 35.14 137.25 -0.66576718191797 14.75653796833184
2012.0890 35.14 137.25 16.52018088891045 14.47836380116321
2012.1164 35.14 137.25 5.38031335210130 13.99228726212970
2012.1438 35.14 137.25 25.09461505014332 14.58143801815304
2012.1712 35.14 137.25 54.00242622755288 13.60513927389965
2012.1986 35.14 137.25 48.28005108937781 12.31309430581763
2012.2260 35.14 137.25 19.60564954519486 12.70243742876560
2012.2534 35.14 137.25 18.67347255243853 12.38093164603043
2012.2808 35.14 137.25 19.84527570606175 11.53488759672713
2012.3082 35.14 137.25 31.67097250809815 12.79366591351365
2012.3904 35.14 137.25 4.68627128269573 13.38574197035501
2012.4178 35.14 137.25 -7.51568350621123 10.40800134282393
2012.4452 35.14 137.25 6.54228006542013 10.23278446383776
2012.4726 35.14 137.25 12.15724622080585 11.19933458597423
2012.5000 35.14 137.25 21.56866592261078 10.53392643689228
2012.5274 35.14 137.25 8.64495596598034 11.27007834202302
2012.5548 35.14 137.25 1.13773930303334 11.24627180940671
2012.5822 35.14 137.25 4.41465954660134 12.11272274919861
2012.6096 35.14 137.25 6.87941095196847 12.01577077851902
2012.6370 35.14 137.25 -7.51872083648508 10.98875368322817
2012.6644 35.14 137.25 -3.16296613397144 12.17932501171219
2012.6918 35.14 137.25 -15.92152425719968 12.61392851712187
2012.7192 35.14 137.25 -1.25039680761693 15.56925439323941
2012.7466 35.14 137.25 -11.30183961474414 10.07551864222377
2012.8562 35.14 137.25 -18.54369562852725 15.98982995508277
2012.8836 35.14 137.25 -22.66644776596120 15.14221136863863
2012.9110 35.14 137.25 -33.54230763962060 14.28504442459798
2012.9384 35.14 137.25 -25.48188676889223 13.33516684086314
2012.9658 35.14 137.25 2.35498327591708 15.59950442001020
2012.9918 35.14 137.25 -5.07319881389200 7.19161621976188
2013.0178 35.14 137.25 -13.18648209521923 8.73224111434580
2013.0452 35.14 137.25 10.42858451392488 8.63688174835745
2013.0726 35.14 137.25 -2.31917465973603 7.86328966329048
2013.1000 35.14 137.25 17.38492036028300 8.09678758488286
2013.1274 35.14 137.25 7.07791998368287 7.37546473823461
2013.1548 35.14 137.25 4.77800572052078 6.61346927367435
2013.2644 35.14 137.25 41.79312701654647 7.27712465365418
2013.2918 35.14 137.25 51.17685605944776 7.64766304247070
2013.3192 35.14 137.25 43.14696115307478 8.62600694023635
2013.3466 35.14 137.25 55.74919476754016 8.89709128594678
2013.3740 35.14 137.25 19.75788150663979 7.45518222873300
2013.4014 35.14 137.25 37.73769625595826 7.73983819931611
2013.4288 35.14 137.25 19.84744932608734 6.61773576693137
2013.4562 35.14 137.25 7.92375478213283 6.72525629357813
2013.4836 35.14 137.25 -0.41451159699712 6.97094564788110
2013.5110 35.14 137.25 49.44106851090802 8.04924452718412
2013.5384 35.14 137.25 40.89229263737874 7.63905727986086
2013.5658 35.14 137.25 2.28714133574432 8.19075650912590
2013.7575 35.14 137.25 -25.14344369876004 7.54093488707325
2013.7849 35.14 137.25 -6.14444899195709 7.95851986003281
2013.8123 35.14 137.25 0.51161859726664 7.21713321224261
2013.8397 35.14 137.25 -29.10108966857208 7.34594047671249
2013.8671 35.14 137.25 -4.33701281674809 7.81958923534423
2013.8945 35.14 137.25 -16.85692396702527 7.29938185015451
2013.9219 35.14 137.25 -10.32779332309818 6.31190178866078
2013.9493 35.14 137.25 3.00106163496032 6.86845530833388
2013.9767 35.14 137.25 -4.22050745068315 6.81999394109543
2014.0041 35.14 137.25 14.75410606538466 6.62050146909260
2014.0315 35.14 137.25 13.78363557075464 6.99711581273056
2014.1685 35.14 137.25 14.78411180112128 7.31142988834694
2014.1959 35.14 137.25 32.43846551522068 7.79277080723324
2014.2233 35.14 137.25 24.47774762885248 7.28860713421294
2014.2507 35.14 137.25 30.94057485306847 6.58839558533940
2014.2781 35.14 137.25 15.04962996821393 7.05576512982784
2014.3055 35.14 137.25 -27.03535409728393 6.71422900140400
2014.3329 35.14 137.25 -16.56393977446255 5.27157986512058
2014.3603 35.14 137.25 -8.36422862471835 6.20342946986521
2014.3877 35.14 137.25 42.63215978851441 6.21922805379817
2014.4151 35.14 137.25 15.91857386211904 6.12580095440461
2014.4425 35.14 137.25 21.31993734329668 6.57350707305164
2014.4699 35.14 137.25 8.74651269992722 6.43260878255333
2014.5795 35.14 137.25 7.76799174735341 5.08844785785252
2014.6068 35.14 137.25 38.45623022795635 5.60245432352582
2014.6342 35.14 137.25 40.03407404758160 4.92563317213421
2014.6616 35.14 137.25 -3.08845927265477 5.72079586714956
2014.6890 35.14 137.25 4.50133973165892 5.56974750864165
2014.7164 35.14 137.25 2.03580815825937 5.43211166922342
2014.7438 35.14 137.25 -21.21271718174676 6.04385958126614
2014.7712 35.14 137.25 -38.99907006669612 5.96749056934182
2014.7986 35.14 137.25 -10.66720241373774 5.11214914122669
2014.8260 35.14 137.25 7.62262473070493 5.06238928547016
2014.8534 35.14 137.25 -8.44206666169854 5.41301547697937
2014.8808 35.14 137.25 2.57493890224804 5.42818715423910
2014.9082 35.14 137.25 1.25091168726284 5.56059162332763
2015.0452 35.14 137.25 15.83389026552087 3.84069380755153
2015.0726 35.14 137.25 48.57831190446160 4.36679621488671
2015.1000 35.14 137.25 29.17495324440505 3.72140929696523
2015.1274 35.14 137.25 36.67338894714615 3.42156831782682
2015.1548 35.14 137.25 42.62543265472315 4.19096583400099
2015.1822 35.14 137.25 7.04278596780059 3.84265822534454
2015.2096 35.14 137.25 13.77349264854951 5.60329002345654
2015.2370 35.14 137.25 -11.49226524710715 6.24030476720295
2015.2644 35.14 137.25 36.02603447064647 5.33385267657745
2015.2918 35.14 137.25 46.09983741166649 5.24323883800602
2015.3192 35.14 137.25 43.39836441497197 5.03349984524945
2015.3466 35.14 137.25 19.21730627065719 5.54742876525753
2015.4836 35.14 137.25 42.57715481444685 4.50185733461779
2015.5110 35.14 137.25 -0.26206686757601 4.47394029379951
2015.5384 35.14 137.25 21.73425430086417 5.10254031091722
2015.5658 35.14 137.25 39.32892341879646 5.46289494091523
2015.5932 35.14 137.25 6.73794503412643 5.79558285916277
2015.6205 35.14 137.25 9.66400433437651 5.44916026528648
2015.6479 35.14 137.25 8.57349560759403 5.33219406343758
2015.6753 35.14 137.25 12.28724034255539 4.97060105569899
2015.7027 35.14 137.25 -6.54927078902534 5.67695437575308
2015.7301 35.14 137.25 7.68094452942515 5.55688214502569
2015.9493 35.14 137.25 14.60044864099769 5.28919665716705
2015.9767 35.14 137.25 1.29100058176079 5.86879632917001
2016.0041 35.14 137.25 21.14835895656513 5.16784195253702
2016.0315 35.14 137.25 -9.97474045699814 4.89547824977466
2016.0589 35.14 137.25 13.92876018843254 5.00101660985255
2016.0863 35.14 137.25 8.62694227811212 4.35378239972992
2016.1137 35.14 137.25 21.47006127095117 5.11796564336702
2016.1411 35.14 137.25 14.93583493853975 6.35944854224623
2016.1685 35.14 137.25 41.47800484815865 7.05733351893562
2016.1959 35.14 137.25 48.24766064962251 6.97414497705151
2016.2233 35.14 137.25 28.82905439293938 7.14453931543358
2016.2507 35.14 137.25 23.83558887371527 5.27473040924468
2016.3603 35.14 137.25 14.88579233038699 4.96392065032771
2016.3877 35.14 137.25 9.00119573958011 6.13150986570249
2016.4151 35.14 137.25 -9.14596823961800 5.92487243119268
2016.4425 35.14 137.25 18.04373441619758 6.53656073457883
2016.4699 35.14 137.25 20.87916361094126 6.38242849841126
