2002.5877 47.64 2.36 0.647 -0.289 1.252 0.116 0.103 0.536
2002.6151 47.64 2.36 0.909 0.130 2.082 0.110 0.099 0.513
2002.6425 47.64 2.36 0.724 -0.341 0.956 0.113 0.101 0.522
2002.6699 47.64 2.36 0.573 -0.602 0.773 0.098 0.087 0.457
2002.6973 47.64 2.36 0.457 -1.213 1.922 0.173 0.091 0.669
2002.7247 47.64 2.36 0.413 -0.764 -2.122 0.104 0.095 0.486
2002.7521 47.64 2.36 0.176 -0.938 -0.496 0.097 0.088 0.453
2002.7795 47.64 2.36 0.081 -0.817 -2.080 0.112 0.102 0.525
2002.8068 47.64 2.36 0.203 -1.117 -3.004 0.100 0.091 0.468
2002.8342 47.64 2.36 0.270 -0.226 -2.688 0.099 0.090 0.462
2002.8616 47.64 2.36 0.196 -0.472 -3.772 0.103 0.084 0.467
2002.8890 47.64 2.36 -0.083 -0.502 -5.517 0.100 0.090 0.466
2002.9164 47.64 2.36 0.115 -0.054 -7.862 0.108 0.096 0.500
2003.0260 47.64 2.36 0.409 -0.247 -7.470 0.122 0.109 0.567
2003.0534 47.64 2.36 0.290 0.426 -5.993 0.197 0.178 0.897
2003.0808 47.64 2.36 0.570 0.579 -8.047 0.178 0.153 0.806
2003.1082 47.64 2.36 0.198 0.127 -7.420 0.103 0.090 0.483
2003.1356 47.64 2.36 0.644 0.150 -6.419 0.096 0.084 0.451
2003.1630 47.64 2.36 0.629 0.229 -6.785 0.102 0.089 0.476
2003.1904 47.64 2.36 0.677 0.071 -7.579 0.120 0.103 0.553
2003.2178 47.64 2.36 0.660 -0.060 -5.034 0.100 0.088 0.468
2003.2452 47.64 2.36 0.553 0.115 -4.597 0.098 0.086 0.457
2003.2726 47.64 2.36 0.915 0.163 -2.051 0.095 0.084 0.446
2003.3000 47.64 2.36 0.980 0.279 -1.843 0.093 0.083 0.436
2003.3274 47.64 2.36 0.775 0.226 -2.797 0.121 0.108 0.560
2003.3548 47.64 2.36 0.657 0.224 -2.520 0.132 0.119 0.606
2003.3822 47.64 2.36 0.364 0.131 -1.427 0.122 0.107 0.564
2003.5192 47.64 2.36 0.585 -0.570 -1.230 0.125 0.114 0.577
2003.5466 47.64 2.36 0.534 -0.620 0.190 0.138 0.127 0.633
2003.5740 47.64 2.36 0.292 -1.075 -0.500 0.160 0.148 0.730
2003.6014 47.64 2.36 0.638 -0.929 0.171 0.138 0.127 0.633
2003.6288 47.64 2.36 0.365 -1.008 1.889 0.131 0.120 0.605
2003.6562 47.64 2.36 0.470 -1.402 2.290 0.141 0.129 0.645
2003.6836 47.64 2.36 0.472 -1.371 1.597 0.138 0.127 0.634
2003.7110 47.64 2.36 0.167 -1.519 3.437 0.110 0.099 0.507
2003.7384 47.64 2.36 0.383 -1.537 3.082 0.132 0.120 0.604
2003.7658 47.64 2.36 0.089 -1.177 1.873 0.121 0.110 0.557
2003.7932 47.64 2.36 0.145 -1.020 2.772 0.135 0.123 0.617
2003.8205 47.64 2.36 -0.097 -0.902 3.455 0.147 0.130 0.662
2003.8479 47.64 2.36 -0.424 -0.845 0.411 0.130 0.112 0.587
2003.8753 47.64 2.36 -0.046 -0.792 1.390 0.135 0.121 0.614
2003.9027 47.64 2.36 -0.191 -1.019 1.670 0.125 0.110 0.568
2003.9301 47.64 2.36 -0.389 -0.218 -0.818 0.130 0.114 0.587
2003.9575 47.64 2.36 -0.006 -0.487 -1.170 0.145 0.128 0.651
2003.9849 47.64 2.36 0.009 -0.340 -1.627 0.138 0.121 0.619
2004.0123 47.64 2.36 -0.141 -0.238 -3.397 0.148 0.129 0.662
2004.0397 47.64 2.36 -0.121 -0.519 -5.264 0.127 0.110 0.579
2004.0945 47.64 2.36 0.304 -0.100 -6.393 0.118 0.102 0.540
2004.1219 47.64 2.36 0.372 0.386 -4.311 0.125 0.107 0.561
2004.1493 47.64 2.36 -0.188 0.479 -3.375 0.147 0.125 0.653
2004.1767 47.64 2.36 -0.136 0.318 -3.352 0.157 0.133 0.690
2004.2041 47.64 2.36 0.303 0.253 -3.660 0.129 0.108 0.571
2004.2315 47.64 2.36 0.125 -0.028 -2.769 0.131 0.110 0.580
2004.2589 47.64 2.36 -0.358 -0.053 -4.696 0.135 0.113 0.598
2004.2863 47.64 2.36 -0.067 0.466 -4.637 0.136 0.113 0.600
2004.3137 47.64 2.36 0.032 0.340 -3.063 0.130 0.108 0.572
2004.3411 47.64 2.36 -0.056 0.154 -1.500 0.142 0.117 0.622
2004.3685 47.64 2.36 -0.421 0.810 -3.611 0.137 0.114 0.607
2004.3959 47.64 2.36 0.023 0.144 -2.063 0.121 0.101 0.540
2004.4233 47.64 2.36 0.279 0.469 -2.062 0.116 0.097 0.520
2004.4507 47.64 2.36 0.097 0.605 -2.036 0.103 0.086 0.463
2004.4781 47.64 2.36 0.219 -0.312 -1.173 0.114 0.094 0.505
2004.5055 47.64 2.36 0.325 -0.027 -1.093 0.111 0.092 0.494
2004.5329 47.64 2.36 0.130 -0.367 -0.606 0.105 0.088 0.471
2004.5603 47.64 2.36 -0.149 -0.715 0.472 0.108 0.089 0.482
2004.5877 47.64 2.36 -0.217 -0.700 0.205 0.109 0.091 0.488
2004.6151 47.64 2.36 0.037 -0.583 2.229 0.120 0.100 0.535
2004.6425 47.64 2.36 0.035 -0.818 1.606 0.102 0.086 0.463
2004.6699 47.64 2.36 -0.093 -0.906 0.505 0.103 0.087 0.465
2004.6973 47.64 2.36 0.057 -0.855 -0.027 0.096 0.082 0.440
2004.7247 47.64 2.36 0.324 -0.602 0.377 0.110 0.093 0.496
2004.7521 47.64 2.36 0.146 -0.640 0.347 0.106 0.090 0.480
2004.7795 47.64 2.36 0.158 -0.816 0.527 0.103 0.087 0.465
2004.8068 47.64 2.36 0.243 -0.530 1.026 0.114 0.095 0.509
2004.8342 47.64 2.36 0.028 -0.276 -0.044 0.113 0.093 0.502
2004.8616 47.64 2.36 -0.106 -0.353 -1.657 0.100 0.084 0.453
2004.8890 47.64 2.36 0.201 -0.291 -1.593 0.100 0.084 0.451
2004.9164 47.64 2.36 0.263 -0.559 -1.930 0.108 0.090 0.485
2004.9438 47.64 2.36 0.035 -0.378 -0.471 0.120 0.102 0.542
2004.9712 47.64 2.36 0.307 -0.222 -1.899 0.109 0.090 0.482
2004.9973 47.64 2.36 0.119 -0.344 -1.832 0.105 0.088 0.474
2005.0233 47.64 2.36 0.357 -0.121 -3.996 0.121 0.100 0.533
2005.0507 47.64 2.36 0.326 -0.546 -5.844 0.175 0.146 0.758
2005.0781 47.64 2.36 0.048 0.043 -1.989 0.134 0.112 0.589
2005.1055 47.64 2.36 0.112 0.272 -0.181 0.133 0.111 0.586
2005.1329 47.64 2.36 0.341 0.112 -0.771 0.136 0.115 0.601
2005.1603 47.64 2.36 0.164 0.682 -2.755 0.122 0.103 0.545
2005.1877 47.64 2.36 -0.059 0.351 -2.919 0.124 0.103 0.550
2005.2151 47.64 2.36 0.403 0.530 -2.113 0.117 0.099 0.525
2005.2425 47.64 2.36 0.501 0.747 -1.333 0.112 0.095 0.505
2005.2699 47.64 2.36 0.226 1.068 -2.373 0.120 0.102 0.536
2005.2973 47.64 2.36 0.191 0.837 -3.379 0.126 0.107 0.563
2005.3247 47.64 2.36 -0.042 0.946 -4.517 0.133 0.113 0.593
2005.3521 47.64 2.36 0.311 0.558 -0.265 0.059 0.051 0.291
2005.3795 47.64 2.36 0.225 0.561 -3.425 0.125 0.107 0.559
2005.4068 47.64 2.36 0.148 0.159 -1.492 0.115 0.098 0.518
2005.4342 47.64 2.36 0.449 0.237 0.139 0.131 0.113 0.592
2005.4616 47.64 2.36 0.348 0.134 1.540 0.119 0.102 0.537
2005.4890 47.64 2.36 0.238 0.144 3.052 0.113 0.097 0.511
2005.5164 47.64 2.36 0.248 -0.077 2.343 0.113 0.097 0.510
2005.5438 47.64 2.36 0.370 -0.087 2.302 0.122 0.105 0.549
2005.5712 47.64 2.36 0.291 0.058 1.168 0.132 0.115 0.594
2005.5986 47.64 2.36 0.398 -0.053 2.258 0.135 0.118 0.607
2005.6260 47.64 2.36 0.442 -0.328 3.058 0.120 0.104 0.542
2005.6534 47.64 2.36 0.313 -0.304 3.015 0.126 0.110 0.568
2005.6808 47.64 2.36 0.369 -0.159 2.416 0.123 0.108 0.559
2005.7082 47.64 2.36 0.088 -0.345 2.334 0.148 0.131 0.667
2005.7356 47.64 2.36 0.279 -0.396 1.877 0.130 0.116 0.591
2005.7630 47.64 2.36 0.154 -0.351 2.297 0.131 0.116 0.593
2005.7904 47.64 2.36 -0.030 -0.303 1.595 0.123 0.109 0.560
2005.8178 47.64 2.36 0.143 -0.844 -0.925 0.126 0.112 0.573
2005.8452 47.64 2.36 0.348 -0.575 -1.679 0.135 0.121 0.614
2005.8726 47.64 2.36 0.081 -0.748 -2.134 0.117 0.104 0.536
2005.9000 47.64 2.36 0.240 -0.375 0.916 0.115 0.102 0.525
2005.9274 47.64 2.36 -0.254 -0.305 -0.375 0.122 0.105 0.555
2005.9548 47.64 2.36 -0.197 -0.369 2.304 0.118 0.103 0.565
2005.9822 47.64 2.36 -0.022 -0.359 1.939 0.114 0.100 0.528
2006.0096 47.64 2.36 -0.084 -0.126 0.436 0.123 0.109 0.564
2006.0370 47.64 2.36 -0.282 -0.234 -0.363 0.154 0.137 0.700
2006.0644 47.64 2.36 0.026 -0.277 -0.974 0.156 0.140 0.712
2006.0918 47.64 2.36 -0.036 -0.013 -2.093 0.155 0.139 0.705
2006.1192 47.64 2.36 0.003 0.775 -0.958 0.174 0.158 0.790
2006.1466 47.64 2.36 0.194 0.262 -2.762 0.138 0.125 0.630
2006.1740 47.64 2.36 -0.160 1.206 -5.388 0.153 0.140 0.699
2006.2014 47.64 2.36 -0.126 0.887 -4.933 0.120 0.109 0.553
2006.2288 47.64 2.36 -0.194 0.523 -6.641 0.154 0.141 0.703
2006.2562 47.64 2.36 -0.168 0.489 -3.234 0.144 0.133 0.660
2006.2836 47.64 2.36 -0.130 1.041 -2.902 0.141 0.130 0.648
2006.3110 47.64 2.36 0.127 0.871 -1.995 0.151 0.139 0.690
2006.3384 47.64 2.36 -0.032 0.890 -0.771 0.137 0.126 0.627
2006.3658 47.64 2.36 -0.212 0.553 1.758 0.151 0.140 0.693
2006.3932 47.64 2.36 0.025 0.384 0.495 0.149 0.138 0.683
2006.4205 47.64 2.36 0.127 0.783 0.997 0.150 0.139 0.687
2006.4479 47.64 2.36 0.137 0.676 0.016 0.166 0.149 0.754
2006.4753 47.64 2.36 0.078 0.386 1.120 0.167 0.154 0.763
2006.5027 47.64 2.36 0.049 0.210 2.546 0.172 0.160 0.790
2006.5301 47.64 2.36 -0.152 -0.033 1.681 0.204 0.191 0.931
2006.5575 47.64 2.36 -0.056 -0.396 3.631 0.163 0.152 0.747
2006.5849 47.64 2.36 -0.100 -0.484 4.427 0.167 0.156 0.768
2006.6123 47.64 2.36 -0.112 -0.519 1.743 0.204 0.193 0.934
2006.6397 47.64 2.36 0.132 -0.359 0.278 0.174 0.163 0.798
2006.6671 47.64 2.36 0.303 -0.582 1.844 0.159 0.148 0.729
2006.6945 47.64 2.36 0.293 -0.636 1.455 0.202 0.189 0.922
2006.7219 47.64 2.36 -0.049 -0.451 -0.021 0.191 0.177 0.871
2006.7493 47.64 2.36 0.165 -0.413 1.796 0.226 0.211 1.031
2006.7767 47.64 2.36 -0.075 -0.877 0.538 0.196 0.183 0.896
2006.8041 47.64 2.36 0.118 -1.146 1.220 0.159 0.147 0.728
2006.8315 47.64 2.36 0.296 -1.474 1.504 0.184 0.172 0.841
2006.8589 47.64 2.36 0.177 -0.904 2.073 0.179 0.167 0.819
2006.8863 47.64 2.36 -0.036 -0.491 0.860 0.172 0.160 0.788
2006.9137 47.64 2.36 0.125 -0.552 0.334 0.168 0.155 0.768
2006.9411 47.64 2.36 0.094 -0.177 -0.630 0.165 0.152 0.756
2006.9685 47.64 2.36 0.344 -0.339 1.302 0.166 0.150 0.754
2006.9959 47.64 2.36 0.233 -0.360 0.011 0.165 0.147 0.752
2007.0233 47.64 2.36 0.373 -0.186 -3.265 0.154 0.136 0.702
2007.0507 47.64 2.36 0.421 -0.070 -2.370 0.161 0.142 0.729
2007.0781 47.64 2.36 0.253 0.537 -1.720 0.163 0.149 0.745
2007.1055 47.64 2.36 0.433 -0.213 -2.353 0.146 0.133 0.669
2007.1329 47.64 2.36 0.341 0.216 -3.279 0.159 0.145 0.727
2007.1603 47.64 2.36 0.793 0.290 -2.686 0.151 0.139 0.693
2007.1877 47.64 2.36 0.451 0.561 -6.793 0.194 0.180 0.883
2007.2151 47.64 2.36 0.486 0.561 -2.263 0.173 0.161 0.790
2007.2425 47.64 2.36 0.061 0.899 -4.474 0.166 0.154 0.760
2007.2699 47.64 2.36 0.060 0.217 -0.535 0.134 0.122 0.615
2007.2973 47.64 2.36 0.041 0.399 -0.429 0.126 0.115 0.581
2007.3247 47.64 2.36 0.194 0.172 0.491 0.153 0.142 0.702
2007.3521 47.64 2.36 0.422 0.383 0.286 0.167 0.155 0.765
2007.3795 47.64 2.36 0.162 0.312 0.395 0.175 0.163 0.801
2007.4068 47.64 2.36 0.024 0.112 0.508 0.147 0.135 0.674
2007.4342 47.64 2.36 0.167 0.521 0.747 0.140 0.129 0.646
2007.4616 47.64 2.36 -0.117 0.329 -0.071 0.183 0.171 0.836
2007.4890 47.64 2.36 0.287 0.099 -2.385 0.142 0.130 0.651
2007.5164 47.64 2.36 0.375 0.171 -4.277 0.149 0.138 0.684
2007.5438 47.64 2.36 0.382 -0.430 -3.678 0.145 0.133 0.665
2007.5712 47.64 2.36 0.642 -0.288 -0.989 0.149 0.137 0.682
2007.5986 47.64 2.36 0.294 -0.657 -2.929 0.181 0.168 0.829
2007.6260 47.64 2.36 0.034 -0.718 -2.325 0.149 0.136 0.682
2007.6534 47.64 2.36 0.115 -0.935 -0.959 0.151 0.139 0.693
2007.6808 47.64 2.36 0.063 -0.586 -1.063 0.159 0.145 0.729
2007.7082 47.64 2.36 0.035 -1.011 1.811 0.120 0.107 0.553
2007.7356 47.64 2.36 0.119 -0.982 2.002 0.164 0.149 0.748
2007.7630 47.64 2.36 0.077 -0.748 1.265 0.128 0.114 0.588
2007.7904 47.64 2.36 0.037 -0.626 2.477 0.161 0.147 0.735
2007.8178 47.64 2.36 0.175 -0.432 4.271 0.184 0.170 0.840
2007.8452 47.64 2.36 0.040 -0.474 2.259 0.151 0.138 0.693
2007.8726 47.64 2.36 0.207 -0.425 1.277 0.175 0.161 0.802
2007.9000 47.64 2.36 0.028 -0.239 -1.440 0.188 0.167 0.847
2007.9274 47.64 2.36 0.291 -0.669 -1.765 0.181 0.168 0.830
2007.9548 47.64 2.36 0.159 -0.221 -1.462 0.137 0.125 0.631
2007.9822 47.64 2.36 0.015 0.204 -1.372 0.167 0.155 0.767
2008.0096 47.64 2.36 0.137 -0.082 -2.973 0.147 0.136 0.676
2008.0370 47.64 2.36 0.293 -0.219 -3.409 0.151 0.140 0.694
2008.0644 47.64 2.36 0.147 -0.312 -2.393 0.173 0.162 0.794
2008.0918 47.64 2.36 0.501 0.068 -1.363 0.140 0.129 0.647
2008.1192 47.64 2.36 0.285 0.067 -0.774 0.163 0.152 0.750
2008.1466 47.64 2.36 0.301 0.012 0.266 0.189 0.177 0.867
2008.1740 47.64 2.36 0.407 0.358 -0.585 0.166 0.155 0.762
2008.2014 47.64 2.36 0.514 0.188 -0.555 0.177 0.166 0.811
2008.2288 47.64 2.36 0.113 0.765 0.013 0.208 0.193 0.953
2008.2562 47.64 2.36 0.615 0.492 -3.086 0.193 0.180 0.886
2008.2836 47.64 2.36 0.344 0.519 -2.362 0.232 0.216 1.062
2008.3110 47.64 2.36 0.353 0.926 -1.424 0.239 0.224 1.093
2008.3384 47.64 2.36 0.427 0.708 -2.309 0.177 0.165 0.813
2008.3658 47.64 2.36 0.025 0.433 -0.345 0.182 0.168 0.831
2008.3932 47.64 2.36 0.448 0.721 -0.421 0.166 0.153 0.761
2008.4205 47.64 2.36 -0.079 0.363 -4.220 0.146 0.133 0.668
2008.4479 47.64 2.36 0.114 0.196 -1.799 0.147 0.135 0.674
2008.4753 47.64 2.36 0.173 -0.025 -2.709 0.143 0.131 0.657
2008.5027 47.64 2.36 0.121 -0.465 -1.720 0.175 0.160 0.799
2008.5301 47.64 2.36 0.366 -0.428 -0.830 0.218 0.199 0.989
2008.5575 47.64 2.36 0.045 -0.142 1.704 0.143 0.129 0.655
2008.5849 47.64 2.36 -0.025 -0.772 1.689 0.160 0.147 0.730
2008.6123 47.64 2.36 0.051 -0.685 2.643 0.135 0.122 0.619
2008.6397 47.64 2.36 -0.044 -0.479 1.882 0.148 0.134 0.673
2008.6671 47.64 2.36 -0.203 -0.775 2.692 0.142 0.128 0.648
2008.6945 47.64 2.36 -0.003 -0.572 1.581 0.137 0.124 0.628
2008.7219 47.64 2.36 -0.131 -0.262 2.576 0.157 0.143 0.715
2008.7493 47.64 2.36 -0.108 -0.471 2.009 0.142 0.130 0.651
2008.7767 47.64 2.36 0.203 -0.876 1.727 0.164 0.152 0.751
2008.8041 47.64 2.36 0.154 -0.238 0.949 0.165 0.153 0.756
2008.8315 47.64 2.36 0.051 -0.515 0.048 0.187 0.173 0.854
2008.8589 47.64 2.36 -0.316 -0.423 -0.005 0.218 0.203 0.994
2008.8863 47.64 2.36 0.054 -0.441 0.924 0.209 0.194 0.955
2008.9137 47.64 2.36 0.020 -0.206 -1.299 0.199 0.185 0.909
2008.9411 47.64 2.36 -0.069 -0.063 -1.290 0.209 0.194 0.954
2008.9685 47.64 2.36 -0.345 -0.099 -1.757 0.195 0.181 0.894
2008.9945 47.64 2.36 -0.503 -0.217 -0.047 0.165 0.153 0.757
2009.0205 47.64 2.36 -0.263 -0.620 -0.900 0.162 0.151 0.743
2009.0479 47.64 2.36 -0.005 -0.238 -0.947 0.162 0.151 0.745
2009.0753 47.64 2.36 -0.136 -0.219 0.385 0.156 0.145 0.718
2009.1027 47.64 2.36 -0.320 0.129 -2.640 0.193 0.181 0.885
2009.1301 47.64 2.36 0.077 0.850 1.653 0.155 0.144 0.711
2009.1575 47.64 2.36 0.048 0.956 -0.098 0.158 0.146 0.726
2009.1849 47.64 2.36 -0.336 0.471 -1.925 0.179 0.168 0.823
2009.2123 47.64 2.36 -0.049 0.989 -0.043 0.157 0.142 0.716
2009.2397 47.64 2.36 -0.079 1.090 -1.189 0.175 0.163 0.804
2009.2671 47.64 2.36 0.064 0.860 -0.774 0.147 0.136 0.677
2009.2945 47.64 2.36 -0.100 0.761 -0.536 0.151 0.140 0.692
2009.3219 47.64 2.36 -0.080 0.636 -0.940 0.157 0.146 0.723
2009.3493 47.64 2.36 -0.083 0.828 -0.855 0.145 0.134 0.666
2009.3767 47.64 2.36 0.003 0.549 2.440 0.153 0.140 0.699
2009.4041 47.64 2.36 0.202 0.678 2.397 0.135 0.123 0.621
2009.4315 47.64 2.36 0.210 0.202 1.366 0.154 0.142 0.706
2009.4589 47.64 2.36 0.228 0.225 0.395 0.132 0.120 0.606
2009.4863 47.64 2.36 0.056 0.111 2.811 0.145 0.132 0.665
2009.5137 47.64 2.36 0.149 0.124 2.984 0.141 0.125 0.642
2009.5411 47.64 2.36 0.319 -0.058 3.835 0.171 0.155 0.781
2009.5685 47.64 2.36 -0.057 -0.057 3.930 0.185 0.167 0.841
2009.5959 47.64 2.36 0.125 -0.188 3.380 0.162 0.146 0.740
2009.6233 47.64 2.36 0.091 -0.372 3.360 0.167 0.152 0.761
2009.6507 47.64 2.36 0.277 -0.506 2.831 0.161 0.146 0.733
2009.6781 47.64 2.36 0.167 -0.464 3.759 0.171 0.157 0.780
2009.7055 47.64 2.36 -0.093 -0.498 4.031 0.177 0.163 0.805
2009.7329 47.64 2.36 -0.231 -0.516 3.773 0.171 0.157 0.779
2009.7603 47.64 2.36 -0.093 -0.545 4.296 0.194 0.179 0.886
2009.7877 47.64 2.36 0.167 -0.463 1.972 0.179 0.165 0.819
2009.8151 47.64 2.36 0.070 -0.198 2.805 0.192 0.178 0.875
2009.8425 47.64 2.36 0.031 -0.457 2.595 0.175 0.162 0.798
2009.8699 47.64 2.36 -0.160 -0.290 2.178 0.167 0.154 0.764
2009.8973 47.64 2.36 0.239 -0.529 0.787 0.156 0.144 0.716
2009.9247 47.64 2.36 -0.081 -0.408 3.169 0.158 0.143 0.721
2009.9521 47.64 2.36 -0.065 -0.157 1.132 0.147 0.135 0.674
2009.9795 47.64 2.36 -0.271 0.030 0.771 0.151 0.139 0.693
2010.0068 47.64 2.36 -0.216 0.001 0.407 0.189 0.175 0.864
2010.0342 47.64 2.36 -0.257 0.560 -0.296 0.149 0.137 0.683
2010.0616 47.64 2.36 -0.164 0.354 -2.034 0.153 0.140 0.699
2010.0890 47.64 2.36 0.228 0.718 -1.374 0.181 0.168 0.825
2010.1164 47.64 2.36 -0.005 0.651 -1.057 0.187 0.173 0.853
2010.1438 47.64 2.36 -0.326 0.418 -2.758 0.181 0.167 0.826
2010.1712 47.64 2.36 -0.103 0.762 -3.356 0.173 0.159 0.791
2010.1986 47.64 2.36 0.038 0.682 -1.666 0.166 0.152 0.759
2010.2260 47.64 2.36 0.084 0.687 -1.644 0.181 0.167 0.827
2010.2534 47.64 2.36 -0.032 0.502 -1.076 0.188 0.172 0.855
2010.2808 47.64 2.36 0.106 0.587 -1.786 0.146 0.132 0.667
2010.3082 47.64 2.36 -0.028 0.320 -1.120 0.152 0.138 0.695
2010.3356 47.64 2.36 -0.226 0.262 0.500 0.140 0.126 0.643
2010.3630 47.64 2.36 -0.299 0.536 -0.837 0.149 0.134 0.682
2010.3904 47.64 2.36 -0.425 0.471 -0.182 0.157 0.134 0.703
2010.4178 47.64 2.36 0.073 0.338 1.562 0.159 0.142 0.724
2010.4452 47.64 2.36 0.296 0.343 1.810 0.141 0.126 0.647
2010.4726 47.64 2.36 0.072 0.236 1.072 0.128 0.114 0.588
2010.5000 47.64 2.36 -0.007 0.534 0.484 0.143 0.128 0.654
2010.5274 47.64 2.36 -0.004 -0.004 2.241 0.216 0.200 0.982
2010.5548 47.64 2.36 -0.066 -0.027 3.256 0.141 0.129 0.645
2010.5822 47.64 2.36 -0.061 0.238 2.997 0.127 0.117 0.587
2010.6096 47.64 2.36 -0.089 0.121 3.336 0.162 0.150 0.741
2010.6370 47.64 2.36 -0.013 0.075 1.301 0.146 0.134 0.668
2010.6644 47.64 2.36 0.090 -0.148 1.530 0.137 0.126 0.629
2010.6918 47.64 2.36 -0.187 -0.663 1.135 0.162 0.151 0.744
2010.7192 47.64 2.36 -0.096 -0.459 3.369 0.152 0.141 0.695
2010.7466 47.64 2.36 -0.296 -0.505 1.503 0.175 0.163 0.798
2010.7740 47.64 2.36 -0.200 -0.341 3.190 0.145 0.134 0.666
2010.8014 47.64 2.36 -0.074 -0.467 1.595 0.138 0.127 0.633
2010.8288 47.64 2.36 -0.298 -0.102 4.168 0.156 0.145 0.713
2010.8562 47.64 2.36 -0.363 -0.214 -0.167 0.153 0.142 0.702
2010.8836 47.64 2.36 -0.440 -0.025 -0.730 0.143 0.132 0.659
2010.9110 47.64 2.36 -0.637 0.456 -1.891 0.156 0.144 0.713
2010.9384 47.64 2.36 -0.581 0.545 -1.482 0.161 0.149 0.737
2010.9658 47.64 2.36 -0.387 0.288 -2.199 0.176 0.164 0.805
2010.9932 47.64 2.36 -0.421 1.023 -2.091 0.162 0.112 0.683
2011.1027 47.64 2.36 -0.071 0.552 -1.573 0.154 0.129 0.694
2011.1301 47.64 2.36 -0.079 0.665 -1.252 0.212 0.195 0.961
2011.1575 47.64 2.36 -0.289 0.834 -2.210 0.145 0.131 0.665
2011.1849 47.64 2.36 -0.377 0.403 0.303 0.119 0.105 0.547
2011.2123 47.64 2.36 -0.298 0.901 -0.985 0.180 0.167 0.821
2011.2397 47.64 2.36 0.180 0.504 0.377 0.186 0.173 0.848
2011.2671 47.64 2.36 -0.027 1.027 1.560 0.153 0.141 0.699
2011.2945 47.64 2.36 -0.093 1.104 2.618 0.175 0.163 0.801
2011.3219 47.64 2.36 0.020 1.079 0.180 0.164 0.153 0.753
2011.3493 47.64 2.36 -0.176 1.155 2.744 0.149 0.138 0.685
2011.3767 47.64 2.36 -0.289 1.163 4.414 0.172 0.161 0.788
2011.4041 47.64 2.36 -0.382 0.942 4.428 0.154 0.142 0.707
2011.4315 47.64 2.36 0.088 0.948 4.044 0.166 0.140 0.741
2011.5137 47.64 2.36 -0.097 0.403 2.789 0.148 0.131 0.672
2011.5411 47.64 2.36 0.124 -0.032 2.908 0.152 0.139 0.695
2011.5685 47.64 2.36 -0.178 0.237 1.623 0.150 0.136 0.686
2011.5959 47.64 2.36 -0.164 0.146 3.632 0.159 0.145 0.727
2011.6233 47.64 2.36 -0.349 -0.133 4.142 0.160 0.146 0.732
2011.6507 47.64 2.36 0.241 -0.094 2.903 0.185 0.171 0.842
2011.6781 47.64 2.36 -0.093 -0.092 3.823 0.172 0.159 0.784
2011.7055 47.64 2.36 -0.055 -0.598 2.476 0.172 0.159 0.783
2011.7329 47.64 2.36 -0.019 -0.434 1.746 0.196 0.183 0.895
2011.7603 47.64 2.36 0.010 0.137 4.496 0.170 0.158 0.776
2011.7877 47.64 2.36 0.170 -0.411 5.136 0.180 0.168 0.821
2011.8151 47.64 2.36 -0.228 -0.293 3.034 0.177 0.164 0.807
2011.8425 47.64 2.36 -0.178 -0.150 2.922 0.190 0.177 0.866
2011.8699 47.64 2.36 -0.769 -0.686 2.799 0.189 0.167 0.847
2011.9521 47.64 2.36 -0.103 -0.032 0.217 0.139 0.104 0.603
2011.9795 47.64 2.36 -0.096 0.370 1.119 0.157 0.140 0.705
2012.0068 47.64 2.36 0.343 0.025 1.529 0.147 0.129 0.660
2012.0342 47.64 2.36 -0.047 0.477 2.158 0.175 0.152 0.780
2012.0616 47.64 2.36 0.213 0.288 0.615 0.154 0.133 0.684
2012.0890 47.64 2.36 -0.365 0.544 1.777 0.153 0.130 0.677
2012.1164 47.64 2.36 -0.449 0.616 2.328 0.151 0.127 0.667
2012.1438 47.64 2.36 -0.858 0.660 1.289 0.156 0.130 0.686
2012.1712 47.64 2.36 -0.101 0.408 0.860 0.152 0.124 0.665
2012.1986 47.64 2.36 -0.309 1.442 1.697 0.138 0.111 0.604
2012.2260 47.64 2.36 -0.090 0.768 1.731 0.140 0.112 0.609
2012.2534 47.64 2.36 0.097 0.582 2.683 0.136 0.109 0.591
2012.2808 47.64 2.36 0.078 0.868 2.697 0.127 0.101 0.552
2012.3082 47.64 2.36 -0.065 1.063 2.203 0.165 0.114 0.691
2012.3904 47.64 2.36 0.426 0.731 -0.896 0.162 0.127 0.706
2012.4178 47.64 2.36 -0.119 0.691 1.363 0.117 0.092 0.511
2012.4452 47.64 2.36 0.155 0.450 1.535 0.116 0.092 0.508
2012.4726 47.64 2.36 0.144 0.285 0.563 0.125 0.099 0.543
2012.5000 47.64 2.36 0.294 0.073 0.863 0.120 0.094 0.522
2012.5274 47.64 2.36 -0.087 -0.053 2.641 0.126 0.100 0.549
2012.5548 47.64 2.36 -0.074 0.065 4.297 0.126 0.100 0.549
2012.5822 47.64 2.36 -0.041 0.009 3.649 0.132 0.107 0.576
2012.6096 47.64 2.36 -0.012 -0.096 4.741 0.130 0.106 0.569
2012.6370 47.64 2.36 0.056 -0.538 4.054 0.120 0.099 0.529
2012.6644 47.64 2.36 -0.182 -0.865 3.087 0.130 0.109 0.574
2012.6918 47.64 2.36 -0.237 -0.215 4.166 0.133 0.113 0.590
2012.7192 47.64 2.36 0.084 -0.205 3.845 0.156 0.138 0.700
2012.7466 47.64 2.36 -0.189 -0.124 3.289 0.128 0.094 0.551
2012.8562 47.64 2.36 -0.287 -0.912 1.286 0.164 0.144 0.734
2012.8836 47.64 2.36 -0.016 -0.255 -0.506 0.150 0.139 0.686
2012.9110 47.64 2.36 -0.062 -0.742 -0.334 0.143 0.132 0.653
2012.9384 47.64 2.36 -0.324 -0.468 -0.362 0.141 0.128 0.645
2012.9658 47.64 2.36 -0.204 -0.013 -2.163 0.153 0.142 0.698
2012.9918 47.64 2.36 -0.098 -0.186 -3.442 0.078 0.071 0.368
2013.0178 47.64 2.36 -0.095 -0.550 -2.132 0.091 0.083 0.422
2013.0452 47.64 2.36 -0.157 -0.066 -2.766 0.091 0.083 0.421
2013.0726 47.64 2.36 -0.143 -0.036 -2.777 0.084 0.076 0.392
2013.1000 47.64 2.36 -0.012 0.425 -0.808 0.086 0.078 0.402
2013.1274 47.64 2.36 -0.107 0.609 -1.118 0.081 0.073 0.378
2013.1548 47.64 2.36 -0.157 0.508 -2.115 0.079 0.066 0.365
2013.2644 47.64 2.36 -0.010 1.275 -1.833 0.102 0.055 0.408
2013.2918 47.64 2.36 -0.204 0.848 -1.549 0.082 0.075 0.386
2013.3192 47.64 2.36 -0.572 1.261 -1.520 0.090 0.083 0.421
2013.3466 47.64 2.36 -0.512 0.865 -1.033 0.092 0.085 0.431
2013.3740 47.64 2.36 -0.588 1.080 -0.480 0.080 0.073 0.376
2013.4014 47.64 2.36 -0.737 1.101 -2.596 0.082 0.076 0.386
2013.4288 47.64 2.36 -0.656 0.740 -1.880 0.073 0.067 0.348
2013.4562 47.64 2.36 -0.619 0.837 -0.075 0.075 0.068 0.355
2013.4836 47.64 2.36 -0.425 0.612 -1.964 0.076 0.070 0.361
2013.5110 47.64 2.36 -0.490 0.388 1.472 0.085 0.078 0.399
2013.5384 47.64 2.36 -0.833 -0.161 4.207 0.086 0.075 0.397
2013.5658 47.64 2.36 -0.518 -0.108 4.551 0.088 0.080 0.410
2013.7575 47.64 2.36 -0.646 -0.440 1.533 0.085 0.076 0.399
2013.7849 47.64 2.36 -0.643 -0.745 3.237 0.087 0.078 0.407
2013.8123 47.64 2.36 -0.660 -0.353 -0.436 0.080 0.072 0.376
2013.8397 47.64 2.36 -0.106 -0.586 0.353 0.081 0.073 0.380
2013.8671 47.64 2.36 -0.278 -0.380 -0.861 0.087 0.078 0.405
2013.8945 47.64 2.36 -0.477 -0.349 2.741 0.080 0.073 0.377
2013.9219 47.64 2.36 -0.325 -0.403 2.191 0.072 0.065 0.343
2013.9493 47.64 2.36 -0.175 -0.104 0.352 0.077 0.069 0.361
2013.9767 47.64 2.36 0.211 -0.246 2.210 0.078 0.070 0.367
2014.0041 47.64 2.36 -0.136 0.170 0.924 0.075 0.068 0.355
2014.0315 47.64 2.36 -0.203 -0.042 -2.096 0.078 0.070 0.367
2014.1685 47.64 2.36 -0.397 0.094 -6.848 0.083 0.074 0.387
2014.1959 47.64 2.36 -0.322 0.589 -2.326 0.082 0.075 0.385
2014.2233 47.64 2.36 -0.392 0.738 -1.659 0.078 0.071 0.369
2014.2507 47.64 2.36 -0.519 0.445 -1.912 0.072 0.065 0.341
2014.2781 47.64 2.36 -0.124 0.511 -1.519 0.076 0.069 0.359
2014.3055 47.64 2.36 -0.265 0.502 -0.490 0.073 0.066 0.346
2014.3329 47.64 2.36 -0.417 0.664 1.804 0.061 0.054 0.294
2014.3603 47.64 2.36 0.065 0.564 1.198 0.068 0.062 0.326
2014.3877 47.64 2.36 -0.036 0.267 1.365 0.069 0.062 0.326
2014.4151 47.64 2.36 -0.228 0.674 2.829 0.068 0.061 0.325
2014.4425 47.64 2.36 -0.328 -0.397 1.649 0.072 0.065 0.343
2014.4699 47.64 2.36 -0.657 0.203 5.702 0.072 0.065 0.342
2014.5795 47.64 2.36 -0.387 0.003 3.480 0.067 0.054 0.315
2014.6068 47.64 2.36 -0.551 -0.262 2.229 0.064 0.057 0.308
2014.6342 47.64 2.36 -0.141 -0.242 2.244 0.059 0.052 0.286
2014.6616 47.64 2.36 -0.512 -0.494 2.123 0.065 0.058 0.311
2014.6890 47.64 2.36 -0.526 -0.290 2.369 0.063 0.056 0.303
2014.7164 47.64 2.36 -0.467 -0.598 3.956 0.062 0.055 0.298
2014.7438 47.64 2.36 -0.212 -1.265 2.206 0.067 0.060 0.319
2014.7712 47.64 2.36 -0.146 -1.217 -0.432 0.066 0.059 0.315
2014.7986 47.64 2.36 -0.134 -0.602 0.899 0.060 0.053 0.287
2014.8260 47.64 2.36 -0.216 -0.860 1.110 0.060 0.052 0.287
2014.8534 47.64 2.36 -0.229 -0.901 -0.453 0.063 0.055 0.300
2014.8808 47.64 2.36 -0.393 -0.430 0.108 0.063 0.055 0.301
2014.9082 47.64 2.36 -0.485 -0.405 -0.442 0.064 0.056 0.306
2015.0452 47.64 2.36 -0.102 0.327 -3.292 0.050 0.041 0.243
2015.0726 47.64 2.36 -0.247 0.296 -0.309 0.054 0.044 0.258
2015.1000 47.64 2.36 -0.385 0.547 -1.921 0.048 0.040 0.237
2015.1274 47.64 2.36 -0.369 0.258 -1.964 0.045 0.037 0.223
2015.1548 47.64 2.36 -0.368 0.067 -0.604 0.052 0.042 0.251
2015.1822 47.64 2.36 -0.590 0.591 -0.964 0.049 0.040 0.239
2015.2096 47.64 2.36 -0.441 0.296 1.243 0.064 0.054 0.298
2015.2370 47.64 2.36 -0.252 0.874 0.803 0.069 0.059 0.321
2015.2644 47.64 2.36 -0.532 0.667 -0.903 0.060 0.053 0.287
2015.2918 47.64 2.36 -0.478 0.756 3.350 0.061 0.053 0.291
2015.3192 47.64 2.36 0.049 0.886 -0.245 0.058 0.051 0.282
2015.3466 47.64 2.36 -0.136 0.784 -1.044 0.063 0.056 0.302
2015.4836 47.64 2.36 -0.148 0.416 4.646 0.061 0.048 0.287
2015.5110 47.64 2.36 -0.046 0.246 0.593 0.058 0.048 0.277
2015.5384 47.64 2.36 0.029 -0.337 3.477 0.063 0.054 0.300
2015.5658 47.64 2.36 -0.168 -0.399 3.510 0.063 0.055 0.299
2015.5932 47.64 2.36 -0.209 -0.833 4.643 0.065 0.057 0.307
2015.6205 47.64 2.36 -0.213 -0.933 4.469 0.063 0.055 0.300
2015.6479 47.64 2.36 -0.578 -0.760 5.975 0.061 0.053 0.292
2015.6753 47.64 2.36 -0.432 -0.676 3.815 0.059 0.051 0.284
2015.7027 47.64 2.36 -0.402 -0.593 2.702 0.064 0.056 0.304
2015.7301 47.64 2.36 -0.585 -0.567 -0.699 0.064 0.056 0.305
2015.9493 47.64 2.36 -0.503 -0.669 2.133 0.062 0.055 0.299
2015.9767 47.64 2.36 0.048 -0.695 0.102 0.065 0.058 0.307
2016.0041 47.64 2.36 0.017 -0.710 1.148 0.059 0.052 0.283
2016.0315 47.64 2.36 -0.049 -0.340 -0.516 0.056 0.049 0.271
2016.0589 47.64 2.36 -0.233 -0.418 -1.750 0.057 0.051 0.277
2016.0863 47.64 2.36 -0.034 -0.042 -0.191 0.052 0.046 0.257
2016.1137 47.64 2.36 -0.303 0.138 -0.923 0.058 0.052 0.281
2016.1411 47.64 2.36 -0.243 0.158 -1.915 0.068 0.061 0.322
2016.1685 47.64 2.36 -0.318 0.352 -2.506 0.073 0.066 0.342
2016.1959 47.64 2.36 -0.362 1.007 -0.431 0.071 0.065 0.338
2016.2233 47.64 2.36 -0.383 0.913 -0.528 0.072 0.067 0.342
2016.2507 47.64 2.36 0.146 0.223 -2.686 0.061 0.054 0.294
2016.3603 47.64 2.36 -0.167 0.819 0.348 0.056 0.050 0.274
2016.3877 47.64 2.36 -0.162 0.715 -1.338 0.066 0.059 0.313
2016.4151 47.64 2.36 -0.185 0.854 -1.424 0.065 0.057 0.308
2016.4425 47.64 2.36 -0.218 0.747 -4.039 0.069 0.062 0.326
2016.4699 47.64 2.36 -0.032 0.571 -4.782 0.068 0.061 0.320
