2002.5877 43.30 6.23 0.503 -0.776 0.753 0.115 0.100 0.528
2002.6151 43.30 6.23 0.554 0.092 2.366 0.110 0.097 0.505
2002.6425 43.30 6.23 0.316 -0.227 0.285 0.112 0.098 0.514
2002.6699 43.30 6.23 0.301 -0.135 1.665 0.097 0.085 0.451
2002.6973 43.30 6.23 0.219 -0.731 3.330 0.170 0.082 0.650
2002.7247 43.30 6.23 0.228 -0.426 -0.757 0.104 0.092 0.478
2002.7521 43.30 6.23 0.048 -0.623 0.594 0.096 0.086 0.446
2002.7795 43.30 6.23 0.251 -0.655 -1.149 0.112 0.100 0.517
2002.8068 43.30 6.23 0.021 -0.319 -2.249 0.100 0.088 0.460
2002.8342 43.30 6.23 0.051 0.023 -4.185 0.098 0.087 0.454
2002.8616 43.30 6.23 0.217 -0.443 -3.233 0.102 0.079 0.456
2002.8890 43.30 6.23 0.253 -0.246 -5.104 0.100 0.087 0.459
2002.9164 43.30 6.23 0.344 -0.151 -6.853 0.107 0.092 0.492
2003.0260 43.30 6.23 0.887 -0.252 -5.467 0.121 0.105 0.557
2003.0534 43.30 6.23 0.807 0.400 -4.492 0.196 0.172 0.882
2003.0808 43.30 6.23 1.674 0.028 -4.117 0.176 0.148 0.790
2003.1082 43.30 6.23 1.319 -0.156 -3.479 0.102 0.087 0.474
2003.1356 43.30 6.23 0.806 0.095 -3.497 0.095 0.081 0.443
2003.1630 43.30 6.23 0.757 -0.118 -4.195 0.101 0.086 0.467
2003.1904 43.30 6.23 0.978 0.073 -4.564 0.119 0.099 0.542
2003.2178 43.30 6.23 1.480 0.001 -1.129 0.099 0.085 0.460
2003.2452 43.30 6.23 1.267 -0.053 -1.989 0.097 0.084 0.450
2003.2726 43.30 6.23 1.007 -0.084 -1.186 0.095 0.082 0.439
2003.3000 43.30 6.23 0.937 0.024 -2.137 0.092 0.080 0.430
2003.3274 43.30 6.23 0.702 0.001 -1.466 0.120 0.105 0.551
2003.3548 43.30 6.23 0.887 -0.200 -1.591 0.131 0.116 0.598
2003.3822 43.30 6.23 0.826 -0.508 1.858 0.120 0.103 0.551
2003.5192 43.30 6.23 -0.101 -0.184 -1.283 0.124 0.112 0.570
2003.5466 43.30 6.23 -0.091 -0.445 1.988 0.137 0.124 0.625
2003.5740 43.30 6.23 -0.189 -0.363 0.865 0.159 0.145 0.722
2003.6014 43.30 6.23 -0.188 -0.515 1.281 0.137 0.124 0.626
2003.6288 43.30 6.23 -0.524 -0.601 1.630 0.130 0.117 0.596
2003.6562 43.30 6.23 -0.419 -0.688 0.579 0.140 0.126 0.636
2003.6836 43.30 6.23 -0.415 -0.399 0.811 0.137 0.124 0.626
2003.7110 43.30 6.23 -0.743 -0.657 2.601 0.109 0.096 0.499
2003.7384 43.30 6.23 -0.568 -0.793 2.905 0.131 0.117 0.596
2003.7658 43.30 6.23 -0.687 -0.800 1.595 0.120 0.108 0.550
2003.7932 43.30 6.23 -0.643 -0.524 3.350 0.134 0.120 0.609
2003.8205 43.30 6.23 -0.634 -0.805 1.439 0.146 0.126 0.652
2003.8479 43.30 6.23 -0.648 -0.529 -0.480 0.129 0.108 0.575
2003.8753 43.30 6.23 -0.406 -0.420 -0.544 0.134 0.118 0.606
2003.9027 43.30 6.23 -0.221 -0.638 1.734 0.124 0.106 0.557
2003.9301 43.30 6.23 -0.117 -0.022 -1.807 0.129 0.111 0.577
2003.9575 43.30 6.23 0.102 -0.351 -1.471 0.143 0.125 0.642
2003.9849 43.30 6.23 0.040 -0.163 -3.216 0.136 0.118 0.609
2004.0123 43.30 6.23 0.136 -0.184 -3.454 0.147 0.126 0.652
2004.0397 43.30 6.23 0.238 -0.395 -4.209 0.125 0.104 0.563
2004.0945 43.30 6.23 0.492 -0.162 -3.407 0.117 0.097 0.526
2004.1219 43.30 6.23 0.736 0.195 -2.457 0.124 0.104 0.550
2004.1493 43.30 6.23 0.481 -0.261 -4.105 0.146 0.121 0.641
2004.1767 43.30 6.23 0.386 0.256 -3.241 0.155 0.130 0.679
2004.2041 43.30 6.23 0.735 0.119 -1.888 0.127 0.105 0.560
2004.2315 43.30 6.23 1.066 -0.337 0.335 0.129 0.106 0.568
2004.2589 43.30 6.23 0.880 -0.055 -3.444 0.134 0.109 0.586
2004.2863 43.30 6.23 0.786 0.039 -3.225 0.135 0.109 0.587
2004.3137 43.30 6.23 0.697 0.119 -1.064 0.128 0.103 0.559
2004.3411 43.30 6.23 0.623 -0.318 -2.249 0.140 0.112 0.608
2004.3685 43.30 6.23 0.760 0.146 -4.439 0.136 0.109 0.592
2004.3959 43.30 6.23 0.439 -0.353 -3.827 0.119 0.096 0.527
2004.4233 43.30 6.23 0.415 0.034 -3.167 0.115 0.092 0.507
2004.4507 43.30 6.23 0.344 0.102 -1.123 0.102 0.082 0.451
2004.4781 43.30 6.23 0.238 -0.185 -1.873 0.112 0.089 0.492
2004.5055 43.30 6.23 -0.067 0.005 -1.756 0.110 0.087 0.481
2004.5329 43.30 6.23 -0.023 -0.374 -0.526 0.104 0.083 0.459
2004.5603 43.30 6.23 -0.135 -0.615 1.594 0.107 0.085 0.469
2004.5877 43.30 6.23 -0.207 -0.613 -0.382 0.108 0.086 0.475
2004.6151 43.30 6.23 -0.202 -0.499 1.401 0.119 0.095 0.521
2004.6425 43.30 6.23 -0.467 -0.344 1.880 0.101 0.082 0.451
2004.6699 43.30 6.23 -0.352 -0.714 1.062 0.101 0.082 0.453
2004.6973 43.30 6.23 -0.326 -0.621 1.167 0.095 0.077 0.428
2004.7247 43.30 6.23 -0.466 -0.213 -0.110 0.109 0.088 0.483
2004.7521 43.30 6.23 -0.658 -0.335 -0.293 0.105 0.085 0.467
2004.7795 43.30 6.23 -0.491 -0.441 0.549 0.102 0.082 0.453
2004.8068 43.30 6.23 -0.249 -0.300 0.580 0.113 0.090 0.495
2004.8342 43.30 6.23 -0.234 0.064 -0.807 0.111 0.088 0.488
2004.8616 43.30 6.23 -0.031 -0.118 -2.014 0.099 0.080 0.440
2004.8890 43.30 6.23 -0.012 -0.296 -1.920 0.098 0.080 0.439
2004.9164 43.30 6.23 -0.067 -0.273 -0.506 0.107 0.086 0.473
2004.9438 43.30 6.23 -0.060 -0.233 0.525 0.119 0.097 0.528
2004.9712 43.30 6.23 0.350 -0.226 0.625 0.107 0.086 0.471
2004.9973 43.30 6.23 0.293 -0.043 -0.063 0.104 0.084 0.461
2005.0233 43.30 6.23 0.470 -0.389 -1.569 0.119 0.096 0.522
2005.0507 43.30 6.23 0.402 -0.940 -1.020 0.172 0.143 0.747
2005.0781 43.30 6.23 0.268 -0.130 -0.126 0.132 0.108 0.578
2005.1055 43.30 6.23 0.402 0.410 -0.402 0.131 0.108 0.576
2005.1329 43.30 6.23 0.887 0.231 1.846 0.134 0.111 0.590
2005.1603 43.30 6.23 0.507 0.582 -0.016 0.121 0.099 0.533
2005.1877 43.30 6.23 0.323 0.399 -0.958 0.122 0.099 0.537
2005.2151 43.30 6.23 0.631 0.644 -1.378 0.115 0.094 0.512
2005.2425 43.30 6.23 0.394 0.859 -1.330 0.111 0.092 0.494
2005.2699 43.30 6.23 0.603 0.771 -1.208 0.118 0.098 0.525
2005.2973 43.30 6.23 0.751 1.058 -2.962 0.125 0.103 0.552
2005.3247 43.30 6.23 0.598 0.267 -2.896 0.131 0.109 0.581
2005.3521 43.30 6.23 0.483 0.927 -1.213 0.058 0.050 0.285
2005.3795 43.30 6.23 0.588 0.529 -1.332 0.123 0.103 0.548
2005.4068 43.30 6.23 0.435 0.071 -0.323 0.113 0.094 0.507
2005.4342 43.30 6.23 0.171 0.507 -1.461 0.130 0.109 0.580
2005.4616 43.30 6.23 -0.006 0.317 0.075 0.118 0.099 0.527
2005.4890 43.30 6.23 -0.103 0.472 0.215 0.112 0.094 0.501
2005.5164 43.30 6.23 -0.081 0.326 0.696 0.111 0.094 0.500
2005.5438 43.30 6.23 -0.327 0.222 1.570 0.120 0.102 0.539
2005.5712 43.30 6.23 -0.471 0.196 0.309 0.131 0.111 0.584
2005.5986 43.30 6.23 -0.512 0.311 1.127 0.134 0.114 0.597
2005.6260 43.30 6.23 -0.840 0.225 1.529 0.119 0.101 0.532
2005.6534 43.30 6.23 -0.751 0.314 1.270 0.125 0.107 0.559
2005.6808 43.30 6.23 -0.872 0.345 1.347 0.122 0.105 0.550
2005.7082 43.30 6.23 -0.564 0.048 0.472 0.147 0.128 0.658
2005.7356 43.30 6.23 -0.662 0.139 -0.715 0.129 0.113 0.582
2005.7630 43.30 6.23 -0.583 0.175 0.226 0.130 0.113 0.585
2005.7904 43.30 6.23 -0.712 -0.114 -1.222 0.122 0.106 0.551
2005.8178 43.30 6.23 -0.785 -0.451 -3.051 0.125 0.109 0.565
2005.8452 43.30 6.23 -0.906 -0.233 -3.171 0.134 0.117 0.605
2005.8726 43.30 6.23 -0.386 -0.286 -2.794 0.116 0.102 0.527
2005.9000 43.30 6.23 -0.666 0.118 -1.220 0.114 0.099 0.516
2005.9274 43.30 6.23 -0.747 -0.061 -2.688 0.121 0.099 0.542
2005.9548 43.30 6.23 -0.493 0.351 -0.546 0.117 0.100 0.556
2005.9822 43.30 6.23 -0.471 0.346 -0.115 0.113 0.096 0.517
2006.0096 43.30 6.23 -0.074 0.167 -1.626 0.122 0.105 0.554
2006.0370 43.30 6.23 -0.222 0.006 -1.659 0.153 0.134 0.689
2006.0644 43.30 6.23 -0.204 0.186 -1.628 0.155 0.136 0.701
2006.0918 43.30 6.23 -0.048 0.315 -2.021 0.154 0.136 0.695
2006.1192 43.30 6.23 -0.322 0.459 -2.097 0.173 0.155 0.780
2006.1466 43.30 6.23 0.094 0.687 -2.183 0.137 0.122 0.621
2006.1740 43.30 6.23 0.110 0.928 -5.481 0.152 0.137 0.690
2006.2014 43.30 6.23 0.222 0.827 -3.340 0.119 0.106 0.545
2006.2288 43.30 6.23 -0.039 0.577 -5.187 0.153 0.139 0.696
2006.2562 43.30 6.23 0.308 0.414 -3.012 0.143 0.131 0.652
2006.2836 43.30 6.23 0.403 0.938 -2.609 0.141 0.128 0.641
2006.3110 43.30 6.23 0.432 0.454 -0.446 0.150 0.137 0.682
2006.3384 43.30 6.23 0.317 0.687 -0.875 0.136 0.124 0.620
2006.3658 43.30 6.23 0.449 0.576 0.712 0.150 0.138 0.685
2006.3932 43.30 6.23 0.427 0.605 -0.177 0.148 0.136 0.676
2006.4205 43.30 6.23 0.322 0.683 0.967 0.149 0.136 0.680
2006.4479 43.30 6.23 -0.092 0.661 -1.079 0.164 0.146 0.743
2006.4753 43.30 6.23 -0.039 0.419 -0.594 0.166 0.151 0.754
2006.5027 43.30 6.23 -0.290 0.252 1.279 0.171 0.158 0.782
2006.5301 43.30 6.23 -0.406 0.396 1.622 0.203 0.188 0.922
2006.5575 43.30 6.23 -0.544 -0.171 3.256 0.162 0.149 0.740
2006.5849 43.30 6.23 -0.590 0.167 3.021 0.167 0.153 0.760
2006.6123 43.30 6.23 -0.701 0.099 0.950 0.203 0.190 0.926
2006.6397 43.30 6.23 -0.797 0.004 -0.501 0.173 0.161 0.790
2006.6671 43.30 6.23 -0.363 -0.016 0.541 0.158 0.145 0.722
2006.6945 43.30 6.23 -0.507 -0.002 0.368 0.201 0.186 0.913
2006.7219 43.30 6.23 -0.641 -0.013 -0.945 0.190 0.173 0.861
2006.7493 43.30 6.23 -0.537 0.132 -1.876 0.225 0.207 1.020
2006.7767 43.30 6.23 -0.445 -0.725 -0.851 0.195 0.180 0.887
2006.8041 43.30 6.23 -0.465 -0.610 -1.173 0.158 0.145 0.720
2006.8315 43.30 6.23 -0.462 -0.246 -0.810 0.183 0.169 0.832
2006.8589 43.30 6.23 -0.483 -0.280 0.057 0.178 0.164 0.811
2006.8863 43.30 6.23 -0.266 -0.194 -0.334 0.171 0.157 0.779
2006.9137 43.30 6.23 -0.297 0.006 -0.494 0.167 0.152 0.759
2006.9411 43.30 6.23 0.007 -0.124 -0.823 0.164 0.149 0.747
2006.9685 43.30 6.23 0.036 -0.030 0.776 0.164 0.146 0.744
2006.9959 43.30 6.23 0.115 -0.226 2.026 0.164 0.144 0.740
2007.0233 43.30 6.23 0.215 -0.091 -0.181 0.153 0.132 0.691
2007.0507 43.30 6.23 0.357 0.140 0.302 0.159 0.138 0.718
2007.0781 43.30 6.23 0.177 0.028 -1.946 0.162 0.146 0.736
2007.1055 43.30 6.23 0.505 -0.190 0.282 0.145 0.130 0.661
2007.1329 43.30 6.23 0.494 0.175 -0.115 0.158 0.142 0.718
2007.1603 43.30 6.23 0.589 0.451 0.155 0.150 0.136 0.684
2007.1877 43.30 6.23 0.279 -0.337 -2.900 0.193 0.177 0.874
2007.2151 43.30 6.23 0.684 0.358 -0.117 0.172 0.158 0.782
2007.2425 43.30 6.23 0.558 0.478 -0.543 0.165 0.152 0.752
2007.2699 43.30 6.23 0.590 0.039 2.280 0.133 0.119 0.607
2007.2973 43.30 6.23 0.504 0.004 1.674 0.125 0.112 0.574
2007.3247 43.30 6.23 0.299 -0.042 1.852 0.152 0.139 0.694
2007.3521 43.30 6.23 0.248 0.100 -0.637 0.166 0.153 0.757
2007.3795 43.30 6.23 0.137 -0.033 0.776 0.174 0.161 0.793
2007.4068 43.30 6.23 0.086 0.025 0.610 0.146 0.133 0.666
2007.4342 43.30 6.23 0.437 0.015 0.126 0.140 0.127 0.639
2007.4616 43.30 6.23 0.138 0.121 1.396 0.182 0.168 0.828
2007.4890 43.30 6.23 0.061 -0.204 0.720 0.141 0.127 0.643
2007.5164 43.30 6.23 0.124 -0.416 -1.812 0.148 0.135 0.676
2007.5438 43.30 6.23 0.047 -0.698 -0.049 0.144 0.131 0.657
2007.5712 43.30 6.23 -0.031 -0.860 -0.764 0.148 0.134 0.674
2007.5986 43.30 6.23 -0.133 -0.765 -0.494 0.180 0.165 0.820
2007.6260 43.30 6.23 -0.284 -0.850 0.269 0.148 0.133 0.674
2007.6534 43.30 6.23 -0.315 -0.857 1.517 0.150 0.136 0.685
2007.6808 43.30 6.23 -0.282 -0.521 1.854 0.158 0.142 0.720
2007.7082 43.30 6.23 -0.422 -0.756 2.840 0.119 0.104 0.544
2007.7356 43.30 6.23 -0.281 -0.888 3.858 0.163 0.146 0.738
2007.7630 43.30 6.23 -0.711 -0.378 1.558 0.127 0.110 0.578
2007.7904 43.30 6.23 -0.645 -0.426 3.247 0.160 0.144 0.726
2007.8178 43.30 6.23 -0.799 -0.158 4.082 0.183 0.167 0.831
2007.8452 43.30 6.23 -0.222 -0.242 3.189 0.150 0.135 0.684
2007.8726 43.30 6.23 -0.389 -0.055 2.869 0.174 0.158 0.792
2007.9000 43.30 6.23 -0.181 -0.180 0.223 0.187 0.162 0.835
2007.9274 43.30 6.23 0.244 -0.493 1.712 0.180 0.164 0.821
2007.9548 43.30 6.23 0.096 -0.073 0.203 0.136 0.123 0.623
2007.9822 43.30 6.23 0.005 0.251 -0.588 0.166 0.152 0.759
2008.0096 43.30 6.23 0.222 -0.430 0.056 0.146 0.133 0.669
2008.0370 43.30 6.23 0.037 -0.134 -1.030 0.150 0.138 0.687
2008.0644 43.30 6.23 0.311 -0.147 -0.155 0.172 0.160 0.787
2008.0918 43.30 6.23 0.228 0.035 0.722 0.139 0.127 0.639
2008.1192 43.30 6.23 0.551 -0.224 0.998 0.162 0.150 0.743
2008.1466 43.30 6.23 0.732 -0.605 1.855 0.188 0.175 0.859
2008.1740 43.30 6.23 0.795 0.086 1.445 0.165 0.152 0.754
2008.2014 43.30 6.23 0.839 0.168 3.465 0.176 0.164 0.804
2008.2288 43.30 6.23 0.565 1.101 0.922 0.207 0.189 0.943
2008.2562 43.30 6.23 0.735 0.216 -0.605 0.192 0.177 0.877
2008.2836 43.30 6.23 0.272 0.408 0.111 0.231 0.213 1.051
2008.3110 43.30 6.23 0.509 0.484 0.709 0.238 0.220 1.083
2008.3384 43.30 6.23 0.717 0.410 0.701 0.177 0.162 0.805
2008.3658 43.30 6.23 0.557 0.126 1.839 0.181 0.165 0.823
2008.3932 43.30 6.23 0.301 0.325 -0.279 0.165 0.150 0.753
2008.4205 43.30 6.23 0.230 0.018 -2.065 0.145 0.130 0.660
2008.4479 43.30 6.23 0.479 -0.315 -1.545 0.146 0.133 0.667
2008.4753 43.30 6.23 0.382 -0.137 -2.577 0.142 0.128 0.649
2008.5027 43.30 6.23 0.145 -0.400 -0.216 0.174 0.157 0.789
2008.5301 43.30 6.23 0.071 -0.553 0.173 0.216 0.195 0.978
2008.5575 43.30 6.23 0.227 -0.504 1.563 0.142 0.125 0.646
2008.5849 43.30 6.23 -0.090 -0.773 1.414 0.159 0.144 0.721
2008.6123 43.30 6.23 -0.272 -0.490 1.459 0.134 0.119 0.610
2008.6397 43.30 6.23 -0.245 -0.250 2.946 0.146 0.131 0.665
2008.6671 43.30 6.23 -0.480 -0.735 2.102 0.141 0.125 0.640
2008.6945 43.30 6.23 -0.304 -0.450 2.952 0.136 0.121 0.620
2008.7219 43.30 6.23 -0.315 -0.254 3.466 0.156 0.141 0.707
2008.7493 43.30 6.23 -0.469 -0.680 1.462 0.141 0.127 0.643
2008.7767 43.30 6.23 -0.365 -0.573 2.566 0.164 0.150 0.744
2008.8041 43.30 6.23 -0.631 -0.372 0.631 0.164 0.151 0.749
2008.8315 43.30 6.23 -0.297 -0.636 0.920 0.186 0.170 0.846
2008.8589 43.30 6.23 -0.349 -0.371 -0.713 0.217 0.200 0.985
2008.8863 43.30 6.23 -0.128 -0.389 0.480 0.208 0.191 0.946
2008.9137 43.30 6.23 0.028 -0.181 -0.515 0.198 0.183 0.901
2008.9411 43.30 6.23 0.142 -0.061 -1.996 0.208 0.191 0.945
2008.9685 43.30 6.23 0.248 -0.428 -2.393 0.194 0.178 0.885
2008.9945 43.30 6.23 0.396 -0.616 -2.093 0.164 0.151 0.750
2009.0205 43.30 6.23 0.433 -0.499 -0.380 0.161 0.149 0.736
2009.0479 43.30 6.23 0.430 -0.433 -0.774 0.161 0.149 0.738
2009.0753 43.30 6.23 0.434 0.361 0.324 0.155 0.143 0.711
2009.1027 43.30 6.23 0.127 0.081 -3.105 0.192 0.178 0.878
2009.1301 43.30 6.23 0.417 1.452 0.662 0.154 0.141 0.704
2009.1575 43.30 6.23 0.701 0.298 -0.614 0.157 0.144 0.719
2009.1849 43.30 6.23 0.889 -0.094 -1.153 0.179 0.166 0.816
2009.2123 43.30 6.23 0.868 0.697 -1.204 0.156 0.140 0.708
2009.2397 43.30 6.23 0.568 0.887 -0.461 0.174 0.161 0.797
2009.2671 43.30 6.23 0.641 0.622 -1.137 0.146 0.134 0.670
2009.2945 43.30 6.23 0.648 0.473 -1.199 0.150 0.138 0.686
2009.3219 43.30 6.23 0.549 0.254 -1.545 0.157 0.144 0.716
2009.3493 43.30 6.23 0.463 0.578 -0.753 0.144 0.131 0.659
2009.3767 43.30 6.23 0.598 0.476 1.341 0.152 0.138 0.692
2009.4041 43.30 6.23 0.359 0.364 0.823 0.134 0.121 0.614
2009.4315 43.30 6.23 0.194 0.054 -0.670 0.153 0.139 0.698
2009.4589 43.30 6.23 -0.005 -0.019 -0.407 0.131 0.117 0.598
2009.4863 43.30 6.23 -0.044 0.224 -0.373 0.144 0.129 0.657
2009.5137 43.30 6.23 -0.085 0.090 0.220 0.139 0.122 0.632
2009.5411 43.30 6.23 -0.044 0.055 1.670 0.170 0.152 0.771
2009.5685 43.30 6.23 -0.230 0.003 3.283 0.184 0.163 0.830
2009.5959 43.30 6.23 -0.324 -0.136 2.350 0.161 0.142 0.730
2009.6233 43.30 6.23 -0.350 -0.354 0.552 0.166 0.149 0.752
2009.6507 43.30 6.23 -0.676 -0.197 0.711 0.160 0.143 0.724
2009.6781 43.30 6.23 -0.546 -0.015 1.932 0.170 0.154 0.772
2009.7055 43.30 6.23 -0.641 -0.372 2.681 0.176 0.160 0.797
2009.7329 43.30 6.23 -0.859 0.072 1.784 0.170 0.154 0.771
2009.7603 43.30 6.23 -0.689 -0.179 1.104 0.193 0.176 0.877
2009.7877 43.30 6.23 -0.642 -0.559 3.005 0.178 0.163 0.811
2009.8151 43.30 6.23 -0.691 -0.025 -0.877 0.191 0.175 0.866
2009.8425 43.30 6.23 -0.623 -0.327 0.421 0.174 0.159 0.791
2009.8699 43.30 6.23 -0.506 -0.071 0.550 0.166 0.152 0.757
2009.8973 43.30 6.23 -0.368 -0.336 -0.095 0.155 0.142 0.709
2009.9247 43.30 6.23 -0.317 -0.365 2.988 0.157 0.139 0.713
2009.9521 43.30 6.23 -0.381 0.091 0.905 0.146 0.132 0.666
2009.9795 43.30 6.23 -0.198 0.229 -1.344 0.150 0.136 0.685
2010.0068 43.30 6.23 -0.317 0.361 -1.321 0.188 0.173 0.856
2010.0342 43.30 6.23 -0.211 0.648 -2.861 0.148 0.134 0.676
2010.0616 43.30 6.23 -0.099 0.287 -3.760 0.152 0.138 0.692
2010.0890 43.30 6.23 0.212 0.427 0.408 0.180 0.165 0.818
2010.1164 43.30 6.23 0.186 0.526 -1.404 0.186 0.171 0.845
2010.1438 43.30 6.23 -0.197 0.415 -3.163 0.180 0.164 0.817
2010.1712 43.30 6.23 -0.097 1.046 -5.720 0.172 0.156 0.783
2010.1986 43.30 6.23 0.292 0.598 -4.180 0.165 0.150 0.750
2010.2260 43.30 6.23 0.637 0.711 -2.297 0.180 0.164 0.818
2010.2534 43.30 6.23 0.553 0.502 -1.203 0.186 0.168 0.845
2010.2808 43.30 6.23 0.427 0.171 -1.348 0.145 0.129 0.658
2010.3082 43.30 6.23 0.058 0.329 -2.026 0.151 0.135 0.687
2010.3356 43.30 6.23 0.547 0.003 -0.664 0.139 0.123 0.634
2010.3630 43.30 6.23 0.347 0.216 -1.785 0.148 0.131 0.673
2010.3904 43.30 6.23 0.388 0.079 -0.501 0.155 0.128 0.689
2010.4178 43.30 6.23 0.327 -0.105 1.913 0.158 0.139 0.713
2010.4452 43.30 6.23 -0.031 0.025 0.528 0.140 0.123 0.638
2010.4726 43.30 6.23 -0.199 0.222 -0.596 0.127 0.110 0.579
2010.5000 43.30 6.23 0.146 0.312 -1.695 0.142 0.125 0.645
2010.5274 43.30 6.23 0.180 -0.293 -0.861 0.215 0.197 0.973
2010.5548 43.30 6.23 -0.289 -0.057 1.268 0.140 0.126 0.637
2010.5822 43.30 6.23 -0.569 0.081 1.303 0.127 0.114 0.580
2010.6096 43.30 6.23 -0.456 0.248 1.026 0.161 0.148 0.734
2010.6370 43.30 6.23 -0.403 0.006 -0.545 0.145 0.132 0.661
2010.6644 43.30 6.23 -0.281 -0.122 -0.628 0.136 0.124 0.622
2010.6918 43.30 6.23 -0.652 -0.160 0.865 0.162 0.149 0.737
2010.7192 43.30 6.23 -0.539 -0.362 1.243 0.151 0.139 0.689
2010.7466 43.30 6.23 -0.738 -0.275 1.197 0.174 0.161 0.791
2010.7740 43.30 6.23 -0.481 -0.117 -0.067 0.144 0.131 0.659
2010.8014 43.30 6.23 -0.624 -0.086 0.028 0.137 0.125 0.626
2010.8288 43.30 6.23 -0.467 -0.037 0.978 0.155 0.142 0.706
2010.8562 43.30 6.23 -0.437 -0.237 -1.679 0.152 0.140 0.695
2010.8836 43.30 6.23 -0.543 -0.076 -2.848 0.143 0.129 0.651
2010.9110 43.30 6.23 -0.674 0.291 -4.593 0.155 0.141 0.705
2010.9384 43.30 6.23 -0.260 0.609 -4.993 0.160 0.147 0.730
2010.9658 43.30 6.23 -0.113 0.216 -3.201 0.175 0.161 0.797
2010.9932 43.30 6.23 -0.321 0.805 -4.978 0.159 0.106 0.664
2011.1027 43.30 6.23 0.409 0.208 -0.827 0.152 0.124 0.679
2011.1301 43.30 6.23 0.760 0.441 1.181 0.210 0.192 0.951
2011.1575 43.30 6.23 0.413 0.443 -1.412 0.144 0.128 0.656
2011.1849 43.30 6.23 0.209 0.252 1.576 0.118 0.102 0.538
2011.2123 43.30 6.23 0.399 0.672 0.286 0.179 0.164 0.812
2011.2397 43.30 6.23 0.670 0.563 -0.286 0.185 0.170 0.840
2011.2671 43.30 6.23 0.880 0.173 -0.551 0.152 0.138 0.691
2011.2945 43.30 6.23 0.162 0.752 2.684 0.174 0.161 0.793
2011.3219 43.30 6.23 -0.005 0.723 -1.183 0.164 0.151 0.745
2011.3493 43.30 6.23 -0.067 0.566 -1.833 0.148 0.135 0.677
2011.3767 43.30 6.23 -0.232 0.313 2.022 0.171 0.158 0.780
2011.4041 43.30 6.23 -0.005 0.585 1.849 0.153 0.139 0.699
2011.4315 43.30 6.23 -0.214 0.813 0.213 0.165 0.136 0.728
2011.5137 43.30 6.23 -0.286 0.378 -0.160 0.146 0.127 0.661
2011.5411 43.30 6.23 -0.200 0.134 0.901 0.151 0.136 0.687
2011.5685 43.30 6.23 -0.305 0.144 0.255 0.149 0.133 0.677
2011.5959 43.30 6.23 -0.385 0.104 -0.611 0.158 0.142 0.718
2011.6233 43.30 6.23 -0.400 -0.041 0.474 0.159 0.142 0.723
2011.6507 43.30 6.23 -0.324 -0.023 0.909 0.184 0.168 0.833
2011.6781 43.30 6.23 -0.849 -0.144 2.305 0.171 0.156 0.775
2011.7055 43.30 6.23 -0.719 -0.454 2.638 0.171 0.156 0.774
2011.7329 43.30 6.23 -0.889 0.005 1.372 0.195 0.180 0.886
2011.7603 43.30 6.23 -0.809 0.335 3.568 0.169 0.155 0.768
2011.7877 43.30 6.23 -0.887 0.005 2.700 0.179 0.165 0.813
2011.8151 43.30 6.23 -0.682 -0.005 0.791 0.176 0.161 0.799
2011.8425 43.30 6.23 -0.733 -0.129 1.684 0.189 0.175 0.858
2011.8699 43.30 6.23 -0.551 -0.567 3.608 0.188 0.164 0.838
2011.9521 43.30 6.23 -0.160 -0.064 -0.681 0.136 0.100 0.586
2011.9795 43.30 6.23 0.193 0.210 0.211 0.155 0.138 0.698
2012.0068 43.30 6.23 0.539 -0.010 2.555 0.146 0.127 0.653
2012.0342 43.30 6.23 0.042 0.694 0.502 0.174 0.150 0.772
2012.0616 43.30 6.23 0.398 0.274 1.594 0.152 0.132 0.677
2012.0890 43.30 6.23 0.271 0.205 2.748 0.151 0.129 0.669
2012.1164 43.30 6.23 0.376 0.270 2.876 0.149 0.124 0.659
2012.1438 43.30 6.23 0.351 0.311 2.845 0.154 0.129 0.678
2012.1712 43.30 6.23 -0.049 0.423 3.481 0.150 0.122 0.656
2012.1986 43.30 6.23 -0.003 0.588 2.470 0.136 0.110 0.595
2012.2260 43.30 6.23 0.193 0.204 1.638 0.138 0.111 0.602
2012.2534 43.30 6.23 0.332 0.189 1.291 0.134 0.108 0.584
2012.2808 43.30 6.23 0.204 0.619 3.125 0.125 0.100 0.545
2012.3082 43.30 6.23 0.310 0.485 1.417 0.162 0.106 0.670
2012.3904 43.30 6.23 0.097 0.790 0.519 0.159 0.123 0.692
2012.4178 43.30 6.23 0.152 0.339 -0.050 0.115 0.091 0.504
2012.4452 43.30 6.23 0.163 0.326 -0.611 0.115 0.090 0.501
2012.4726 43.30 6.23 0.264 0.124 0.144 0.123 0.098 0.536
2012.5000 43.30 6.23 0.012 -0.179 0.232 0.118 0.093 0.514
2012.5274 43.30 6.23 0.040 -0.346 1.932 0.124 0.099 0.543
2012.5548 43.30 6.23 -0.322 -0.247 2.951 0.124 0.099 0.542
2012.5822 43.30 6.23 -0.658 -0.149 3.260 0.130 0.106 0.569
2012.6096 43.30 6.23 -0.697 -0.105 3.863 0.128 0.105 0.563
2012.6370 43.30 6.23 -0.654 -0.325 3.132 0.118 0.098 0.523
2012.6644 43.30 6.23 -0.806 -0.763 4.026 0.128 0.108 0.568
2012.6918 43.30 6.23 -0.894 -0.238 3.176 0.131 0.112 0.584
2012.7192 43.30 6.23 -0.787 -0.141 2.914 0.155 0.136 0.694
2012.7466 43.30 6.23 -0.836 -0.268 1.582 0.126 0.090 0.539
2012.8562 43.30 6.23 -0.772 -0.075 -0.354 0.163 0.142 0.728
2012.8836 43.30 6.23 -0.211 -0.763 0.110 0.150 0.137 0.680
2012.9110 43.30 6.23 -0.323 -0.443 -0.624 0.142 0.130 0.647
2012.9384 43.30 6.23 -0.114 -0.457 -1.462 0.140 0.125 0.636
2012.9658 43.30 6.23 -0.226 -0.196 -4.804 0.152 0.140 0.692
2012.9918 43.30 6.23 -0.487 -0.348 -4.770 0.078 0.069 0.363
2013.0178 43.30 6.23 0.068 -0.409 -0.521 0.090 0.082 0.418
2013.0452 43.30 6.23 -0.004 -0.153 -1.287 0.090 0.081 0.417
2013.0726 43.30 6.23 -0.096 -0.266 -2.890 0.083 0.075 0.388
2013.1000 43.30 6.23 0.441 0.469 0.235 0.085 0.077 0.397
2013.1274 43.30 6.23 0.174 0.339 -0.762 0.080 0.071 0.373
2013.1548 43.30 6.23 0.305 0.235 -0.266 0.079 0.065 0.359
2013.2644 43.30 6.23 0.457 1.013 -1.644 0.099 0.051 0.390
2013.2918 43.30 6.23 0.480 0.675 -3.769 0.082 0.073 0.381
2013.3192 43.30 6.23 0.434 0.714 -3.998 0.089 0.082 0.416
2013.3466 43.30 6.23 0.458 0.202 -0.446 0.092 0.084 0.426
2013.3740 43.30 6.23 0.249 0.396 -2.630 0.079 0.072 0.372
2013.4014 43.30 6.23 0.506 0.371 -2.879 0.082 0.074 0.382
2013.4288 43.30 6.23 0.171 0.145 -3.682 0.073 0.065 0.344
2013.4562 43.30 6.23 0.135 -0.036 -2.757 0.074 0.066 0.350
2013.4836 43.30 6.23 -0.184 -0.036 -1.274 0.076 0.068 0.356
2013.5110 43.30 6.23 -0.081 -0.057 0.751 0.084 0.077 0.394
2013.5384 43.30 6.23 -0.360 -0.162 1.743 0.085 0.074 0.391
2013.5658 43.30 6.23 -0.527 0.136 3.835 0.087 0.079 0.405
2013.7575 43.30 6.23 -1.288 -0.023 0.618 0.085 0.074 0.392
2013.7849 43.30 6.23 -0.747 -0.567 2.765 0.087 0.077 0.401
2013.8123 43.30 6.23 -0.686 -0.970 0.830 0.080 0.070 0.370
2013.8397 43.30 6.23 -0.318 -0.321 1.945 0.080 0.071 0.374
2013.8671 43.30 6.23 -0.401 -0.377 0.932 0.086 0.076 0.398
2013.8945 43.30 6.23 -0.317 -0.068 2.205 0.080 0.071 0.371
2013.9219 43.30 6.23 -0.059 -0.385 1.037 0.072 0.063 0.338
2013.9493 43.30 6.23 -0.159 -0.284 0.215 0.076 0.067 0.355
2013.9767 43.30 6.23 -0.100 0.001 2.502 0.077 0.068 0.361
2014.0041 43.30 6.23 0.088 0.255 0.424 0.075 0.066 0.349
2014.0315 43.30 6.23 0.098 -0.121 0.590 0.077 0.068 0.360
2014.1685 43.30 6.23 0.891 0.287 -0.997 0.082 0.072 0.381
2014.1959 43.30 6.23 0.582 0.608 -2.633 0.082 0.074 0.381
2014.2233 43.30 6.23 0.711 0.594 0.169 0.078 0.070 0.364
2014.2507 43.30 6.23 0.321 0.162 -1.778 0.071 0.064 0.337
2014.2781 43.30 6.23 0.167 0.426 0.246 0.076 0.068 0.354
2014.3055 43.30 6.23 0.109 0.567 -0.847 0.073 0.065 0.342
2014.3329 43.30 6.23 0.073 0.565 0.492 0.060 0.053 0.289
2014.3603 43.30 6.23 0.265 0.593 1.036 0.068 0.060 0.321
2014.3877 43.30 6.23 0.163 0.343 3.033 0.068 0.061 0.322
2014.4151 43.30 6.23 0.104 0.233 1.597 0.068 0.060 0.321
2014.4425 43.30 6.23 0.037 0.086 3.353 0.072 0.064 0.338
2014.4699 43.30 6.23 0.062 0.233 1.183 0.072 0.063 0.337
2014.5795 43.30 6.23 -0.279 0.077 0.549 0.067 0.052 0.310
2014.6068 43.30 6.23 -0.236 -0.433 3.473 0.064 0.056 0.302
2014.6342 43.30 6.23 -0.261 -0.114 5.388 0.059 0.050 0.280
2014.6616 43.30 6.23 -0.201 -0.193 2.205 0.065 0.056 0.306
2014.6890 43.30 6.23 -0.599 -0.337 2.757 0.063 0.055 0.298
2014.7164 43.30 6.23 -0.725 -0.089 3.719 0.062 0.054 0.293
2014.7438 43.30 6.23 -0.662 -0.395 2.602 0.066 0.059 0.314
2014.7712 43.30 6.23 -0.509 -0.946 0.939 0.066 0.058 0.310
2014.7986 43.30 6.23 -0.500 -0.205 1.378 0.059 0.051 0.282
2014.8260 43.30 6.23 -0.284 -0.835 1.322 0.059 0.051 0.281
2014.8534 43.30 6.23 -0.280 -0.713 1.227 0.063 0.054 0.295
2014.8808 43.30 6.23 -0.173 -0.120 -0.657 0.063 0.054 0.296
2014.9082 43.30 6.23 -0.318 -0.196 -0.612 0.064 0.054 0.301
2015.0452 43.30 6.23 0.413 -0.380 -0.824 0.049 0.040 0.238
2015.0726 43.30 6.23 0.531 0.074 0.924 0.053 0.042 0.250
2015.1000 43.30 6.23 0.317 0.399 -0.690 0.048 0.039 0.231
2015.1274 43.30 6.23 0.520 -0.157 -1.015 0.044 0.036 0.218
2015.1548 43.30 6.23 0.780 -0.330 2.834 0.051 0.041 0.242
2015.1822 43.30 6.23 0.427 0.350 0.090 0.048 0.039 0.232
2015.2096 43.30 6.23 0.338 0.813 1.580 0.064 0.051 0.293
2015.2370 43.30 6.23 0.571 0.485 0.612 0.068 0.058 0.314
2015.2644 43.30 6.23 0.572 -0.208 -0.470 0.060 0.051 0.284
2015.2918 43.30 6.23 0.530 0.292 3.331 0.060 0.052 0.287
2015.3192 43.30 6.23 0.588 0.239 -1.157 0.058 0.050 0.278
2015.3466 43.30 6.23 0.553 0.408 0.354 0.063 0.054 0.297
2015.4836 43.30 6.23 -0.379 0.642 1.541 0.061 0.045 0.281
2015.5110 43.30 6.23 -0.268 0.203 -0.237 0.057 0.046 0.271
2015.5384 43.30 6.23 -0.341 -0.102 3.276 0.062 0.052 0.293
2015.5658 43.30 6.23 -0.602 -0.004 3.559 0.062 0.053 0.293
2015.5932 43.30 6.23 -0.781 -0.666 3.062 0.064 0.055 0.302
2015.6205 43.30 6.23 -0.976 -0.556 3.325 0.063 0.053 0.294
2015.6479 43.30 6.23 -0.717 -0.413 4.861 0.061 0.052 0.286
2015.6753 43.30 6.23 -0.855 -0.397 2.653 0.059 0.049 0.278
2015.7027 43.30 6.23 -1.202 -0.148 1.934 0.063 0.055 0.298
2015.7301 43.30 6.23 -0.966 -0.203 -2.030 0.064 0.054 0.299
2015.9493 43.30 6.23 -0.504 -0.603 2.910 0.061 0.054 0.293
2015.9767 43.30 6.23 -0.585 -0.110 0.691 0.064 0.056 0.302
2016.0041 43.30 6.23 -0.402 -0.553 1.947 0.058 0.050 0.277
2016.0315 43.30 6.23 -0.491 0.029 1.604 0.056 0.048 0.266
2016.0589 43.30 6.23 -0.436 -0.254 1.597 0.057 0.049 0.271
2016.0863 43.30 6.23 0.031 -0.559 2.324 0.052 0.045 0.252
2016.1137 43.30 6.23 0.179 -0.137 2.260 0.058 0.050 0.275
2016.1411 43.30 6.23 -0.061 0.332 0.921 0.068 0.059 0.315
2016.1685 43.30 6.23 0.179 0.337 0.188 0.072 0.064 0.336
2016.1959 43.30 6.23 0.114 0.989 0.091 0.071 0.064 0.333
2016.2233 43.30 6.23 0.425 0.155 -0.696 0.071 0.066 0.338
2016.2507 43.30 6.23 0.442 -0.010 0.942 0.061 0.052 0.288
2016.3603 43.30 6.23 0.350 0.208 0.957 0.056 0.049 0.269
2016.3877 43.30 6.23 0.355 0.302 2.158 0.065 0.057 0.307
2016.4151 43.30 6.23 0.286 0.254 -0.603 0.064 0.056 0.302
2016.4425 43.30 6.23 0.322 0.237 -2.383 0.069 0.060 0.321
2016.4699 43.30 6.23 0.273 0.145 -2.938 0.067 0.059 0.315
