2002.5877 46.31 8.26 0.549 -1.224 -0.012 0.115 0.102 0.534
2002.6151 46.31 8.26 0.475 -0.353 0.190 0.110 0.099 0.511
2002.6425 46.31 8.26 0.407 -0.687 -1.210 0.112 0.100 0.520
2002.6699 46.31 8.26 0.156 -0.498 0.241 0.097 0.086 0.456
2002.6973 46.31 8.26 0.098 -0.953 3.180 0.173 0.088 0.663
2002.7247 46.31 8.26 0.072 -0.882 -1.486 0.104 0.094 0.484
2002.7521 46.31 8.26 0.003 -0.573 0.568 0.096 0.088 0.451
2002.7795 46.31 8.26 -0.085 -0.871 -1.284 0.112 0.101 0.523
2002.8068 46.31 8.26 -0.135 -0.373 -2.761 0.100 0.090 0.465
2002.8342 46.31 8.26 0.060 -0.286 -4.340 0.099 0.089 0.460
2002.8616 46.31 8.26 0.253 -0.617 -3.846 0.103 0.082 0.464
2002.8890 46.31 8.26 -0.004 -0.445 -6.984 0.100 0.090 0.464
2002.9164 46.31 8.26 0.026 -0.342 -7.792 0.108 0.095 0.498
2003.0260 46.31 8.26 0.340 -0.525 -6.503 0.122 0.108 0.564
2003.0534 46.31 8.26 0.470 -0.206 -8.366 0.197 0.176 0.893
2003.0808 46.31 8.26 0.584 -0.681 -7.763 0.177 0.151 0.801
2003.1082 46.31 8.26 0.469 -0.351 -8.110 0.103 0.089 0.481
2003.1356 46.31 8.26 0.723 -0.024 -6.339 0.096 0.083 0.449
2003.1630 46.31 8.26 0.741 -0.387 -5.239 0.102 0.088 0.473
2003.1904 46.31 8.26 0.585 -0.230 -5.249 0.120 0.102 0.550
2003.2178 46.31 8.26 0.675 -0.344 -3.833 0.100 0.087 0.466
2003.2452 46.31 8.26 0.391 -0.474 -3.068 0.098 0.086 0.455
2003.2726 46.31 8.26 0.430 -0.211 -1.988 0.095 0.084 0.444
2003.3000 46.31 8.26 0.218 -0.201 -1.254 0.093 0.082 0.434
2003.3274 46.31 8.26 0.238 -0.164 -1.460 0.121 0.107 0.558
2003.3548 46.31 8.26 0.241 -0.433 -1.383 0.131 0.118 0.604
2003.3822 46.31 8.26 0.578 -0.622 0.143 0.121 0.106 0.560
2003.5192 46.31 8.26 0.122 -0.274 -0.117 0.125 0.114 0.575
2003.5466 46.31 8.26 0.090 -0.621 2.037 0.137 0.126 0.631
2003.5740 46.31 8.26 -0.209 -0.648 1.514 0.159 0.147 0.728
2003.6014 46.31 8.26 -0.138 -0.919 2.800 0.138 0.126 0.631
2003.6288 46.31 8.26 -0.005 -0.730 2.819 0.131 0.119 0.602
2003.6562 46.31 8.26 -0.209 -1.074 2.154 0.140 0.128 0.643
2003.6836 46.31 8.26 -0.375 -0.493 1.018 0.138 0.126 0.632
2003.7110 46.31 8.26 -0.464 -0.602 5.117 0.110 0.098 0.504
2003.7384 46.31 8.26 -0.200 -0.882 4.842 0.132 0.119 0.601
2003.7658 46.31 8.26 -0.320 -0.874 4.107 0.121 0.109 0.555
2003.7932 46.31 8.26 -0.047 -0.545 4.274 0.135 0.122 0.615
2003.8205 46.31 8.26 -0.252 -0.667 2.618 0.147 0.129 0.659
2003.8479 46.31 8.26 -0.602 -0.692 1.106 0.130 0.111 0.584
2003.8753 46.31 8.26 -0.373 -0.402 0.801 0.135 0.120 0.612
2003.9027 46.31 8.26 -0.200 -0.173 2.348 0.124 0.109 0.564
2003.9301 46.31 8.26 -0.512 -0.482 -1.433 0.129 0.113 0.584
2003.9575 46.31 8.26 -0.113 -0.268 -1.068 0.144 0.127 0.648
2003.9849 46.31 8.26 -0.068 -0.099 -3.145 0.137 0.120 0.616
2004.0123 46.31 8.26 -0.133 -0.421 -3.438 0.148 0.128 0.659
2004.0397 46.31 8.26 -0.012 -0.568 -4.966 0.126 0.108 0.574
2004.0945 46.31 8.26 0.321 -0.439 -4.303 0.118 0.101 0.536
2004.1219 46.31 8.26 0.498 -0.059 -4.682 0.125 0.106 0.557
2004.1493 46.31 8.26 0.079 -0.353 -4.950 0.147 0.124 0.649
2004.1767 46.31 8.26 -0.015 -0.069 -4.204 0.156 0.132 0.686
2004.2041 46.31 8.26 0.147 -0.023 -2.362 0.128 0.107 0.568
2004.2315 46.31 8.26 0.134 -0.386 0.625 0.131 0.108 0.576
2004.2589 46.31 8.26 -0.287 -0.168 -4.581 0.135 0.112 0.594
2004.2863 46.31 8.26 -0.291 -0.075 -4.656 0.136 0.112 0.595
2004.3137 46.31 8.26 -0.083 0.015 -0.790 0.129 0.106 0.568
2004.3411 46.31 8.26 -0.405 -0.348 -0.578 0.141 0.115 0.617
2004.3685 46.31 8.26 -0.734 -0.366 -4.401 0.137 0.112 0.602
2004.3959 46.31 8.26 -0.426 -0.353 -2.198 0.120 0.100 0.536
2004.4233 46.31 8.26 0.037 -0.118 -2.718 0.116 0.096 0.516
2004.4507 46.31 8.26 0.241 -0.148 -2.837 0.103 0.084 0.459
2004.4781 46.31 8.26 0.037 -0.117 -3.269 0.113 0.092 0.500
2004.5055 46.31 8.26 -0.027 -0.206 -1.999 0.111 0.090 0.490
2004.5329 46.31 8.26 0.030 -0.308 -0.941 0.105 0.086 0.467
2004.5603 46.31 8.26 0.171 -0.629 0.387 0.108 0.088 0.477
2004.5877 46.31 8.26 -0.292 -0.889 0.250 0.109 0.089 0.484
2004.6151 46.31 8.26 -0.141 -0.843 3.349 0.120 0.098 0.530
2004.6425 46.31 8.26 -0.151 -0.467 2.471 0.102 0.085 0.459
2004.6699 46.31 8.26 -0.060 -0.805 1.708 0.102 0.085 0.461
2004.6973 46.31 8.26 0.097 -0.623 1.304 0.096 0.080 0.436
2004.7247 46.31 8.26 -0.051 -0.305 0.480 0.110 0.091 0.492
2004.7521 46.31 8.26 -0.265 -0.604 1.332 0.106 0.088 0.476
2004.7795 46.31 8.26 -0.033 -0.534 1.908 0.103 0.085 0.461
2004.8068 46.31 8.26 -0.096 -0.363 1.881 0.114 0.093 0.504
2004.8342 46.31 8.26 -0.462 -0.162 -0.007 0.112 0.092 0.497
2004.8616 46.31 8.26 -0.264 -0.291 -1.703 0.099 0.083 0.449
2004.8890 46.31 8.26 0.029 -0.312 -1.293 0.099 0.082 0.447
2004.9164 46.31 8.26 0.226 -0.207 -0.442 0.108 0.089 0.481
2004.9438 46.31 8.26 0.216 -0.046 -0.573 0.120 0.100 0.537
2004.9712 46.31 8.26 0.420 -0.299 -1.459 0.108 0.088 0.479
2004.9973 46.31 8.26 0.235 -0.142 -1.233 0.105 0.087 0.470
2005.0233 46.31 8.26 0.399 -0.694 -0.817 0.120 0.099 0.529
2005.0507 46.31 8.26 0.562 -0.781 -1.092 0.174 0.145 0.755
2005.0781 46.31 8.26 0.445 -0.036 -1.577 0.133 0.110 0.585
2005.1055 46.31 8.26 0.312 0.211 -2.266 0.132 0.110 0.583
2005.1329 46.31 8.26 0.539 0.190 -1.871 0.135 0.113 0.597
2005.1603 46.31 8.26 0.136 0.351 -1.854 0.122 0.102 0.541
2005.1877 46.31 8.26 0.187 0.390 -2.399 0.123 0.102 0.546
2005.2151 46.31 8.26 0.311 0.397 -2.430 0.116 0.097 0.521
2005.2425 46.31 8.26 0.064 0.797 -1.675 0.112 0.094 0.502
2005.2699 46.31 8.26 0.197 0.438 -2.678 0.119 0.100 0.532
2005.2973 46.31 8.26 -0.186 0.619 -4.916 0.126 0.106 0.560
2005.3247 46.31 8.26 0.441 0.013 -4.458 0.133 0.112 0.589
2005.3521 46.31 8.26 0.064 0.707 -2.462 0.058 0.051 0.289
2005.3795 46.31 8.26 0.154 0.230 -2.443 0.124 0.105 0.556
2005.4068 46.31 8.26 0.312 0.020 -0.899 0.114 0.097 0.515
2005.4342 46.31 8.26 0.178 0.467 -1.895 0.131 0.112 0.588
2005.4616 46.31 8.26 0.107 0.143 0.405 0.119 0.101 0.534
2005.4890 46.31 8.26 0.051 0.308 1.586 0.113 0.096 0.508
2005.5164 46.31 8.26 0.082 0.198 0.456 0.112 0.096 0.507
2005.5438 46.31 8.26 0.096 0.095 1.337 0.121 0.104 0.546
2005.5712 46.31 8.26 0.077 0.096 0.449 0.132 0.114 0.591
2005.5986 46.31 8.26 -0.005 0.297 1.851 0.134 0.116 0.604
2005.6260 46.31 8.26 0.102 0.271 2.765 0.119 0.103 0.539
2005.6534 46.31 8.26 -0.104 0.317 1.770 0.125 0.109 0.565
2005.6808 46.31 8.26 -0.176 0.254 2.293 0.123 0.107 0.556
2005.7082 46.31 8.26 -0.233 0.186 1.219 0.148 0.130 0.664
2005.7356 46.31 8.26 -0.408 -0.048 0.431 0.130 0.115 0.588
2005.7630 46.31 8.26 -0.546 0.015 1.151 0.130 0.115 0.591
2005.7904 46.31 8.26 -0.460 -0.194 -0.548 0.123 0.108 0.557
2005.8178 46.31 8.26 -0.508 -0.431 -0.363 0.126 0.111 0.571
2005.8452 46.31 8.26 -0.348 -0.588 0.689 0.135 0.120 0.612
2005.8726 46.31 8.26 -0.275 -0.385 -1.571 0.117 0.103 0.533
2005.9000 46.31 8.26 -0.274 -0.083 -1.146 0.114 0.101 0.522
2005.9274 46.31 8.26 -0.347 -0.100 -0.283 0.122 0.103 0.551
2005.9548 46.31 8.26 -0.523 0.444 0.611 0.118 0.102 0.562
2005.9822 46.31 8.26 -0.329 0.420 1.038 0.114 0.099 0.525
2006.0096 46.31 8.26 -0.223 0.305 -1.716 0.123 0.108 0.561
2006.0370 46.31 8.26 -0.338 0.105 -1.371 0.154 0.136 0.696
2006.0644 46.31 8.26 -0.250 0.219 -0.362 0.156 0.139 0.708
2006.0918 46.31 8.26 -0.173 0.159 -2.361 0.155 0.138 0.702
2006.1192 46.31 8.26 0.021 0.428 -1.097 0.174 0.157 0.787
2006.1466 46.31 8.26 -0.100 0.640 -2.215 0.137 0.124 0.627
2006.1740 46.31 8.26 0.038 0.661 -6.903 0.153 0.139 0.696
2006.2014 46.31 8.26 -0.016 0.659 -4.520 0.120 0.108 0.550
2006.2288 46.31 8.26 -0.136 0.611 -4.440 0.154 0.141 0.701
2006.2562 46.31 8.26 0.155 0.541 -5.625 0.144 0.132 0.658
2006.2836 46.31 8.26 -0.005 0.722 -4.608 0.141 0.130 0.646
2006.3110 46.31 8.26 0.273 0.372 -1.757 0.151 0.138 0.687
2006.3384 46.31 8.26 0.224 0.543 -3.089 0.136 0.126 0.625
2006.3658 46.31 8.26 0.032 0.567 -1.054 0.151 0.140 0.691
2006.3932 46.31 8.26 -0.041 0.252 -0.439 0.149 0.137 0.681
2006.4205 46.31 8.26 0.303 0.485 -0.180 0.149 0.138 0.685
2006.4479 46.31 8.26 -0.057 0.415 -1.301 0.165 0.148 0.751
2006.4753 46.31 8.26 -0.004 0.240 -1.286 0.166 0.153 0.761
2006.5027 46.31 8.26 0.005 0.198 1.158 0.172 0.160 0.788
2006.5301 46.31 8.26 -0.355 0.133 1.944 0.203 0.190 0.928
2006.5575 46.31 8.26 -0.088 -0.391 2.869 0.163 0.151 0.745
2006.5849 46.31 8.26 -0.214 0.156 2.898 0.167 0.155 0.765
2006.6123 46.31 8.26 -0.395 0.072 1.150 0.204 0.192 0.931
2006.6397 46.31 8.26 -0.256 -0.429 1.086 0.174 0.163 0.795
2006.6671 46.31 8.26 -0.012 -0.118 0.655 0.159 0.147 0.727
2006.6945 46.31 8.26 -0.103 -0.455 1.215 0.202 0.188 0.919
2006.7219 46.31 8.26 -0.165 -0.148 -0.931 0.190 0.176 0.868
2006.7493 46.31 8.26 -0.248 -0.268 -1.230 0.226 0.210 1.028
2006.7767 46.31 8.26 0.027 -0.830 -0.373 0.196 0.182 0.893
2006.8041 46.31 8.26 -0.276 -0.570 1.341 0.159 0.147 0.726
2006.8315 46.31 8.26 -0.145 -0.241 1.001 0.184 0.171 0.838
2006.8589 46.31 8.26 -0.131 -0.367 1.817 0.179 0.166 0.817
2006.8863 46.31 8.26 0.137 -0.066 0.825 0.172 0.159 0.785
2006.9137 46.31 8.26 -0.011 -0.097 0.084 0.168 0.154 0.765
2006.9411 46.31 8.26 0.079 -0.360 0.124 0.165 0.151 0.753
2006.9685 46.31 8.26 0.456 -0.002 1.449 0.165 0.149 0.751
2006.9959 46.31 8.26 0.490 -0.267 0.757 0.165 0.146 0.748
2007.0233 46.31 8.26 0.526 -0.442 -0.822 0.154 0.135 0.699
2007.0507 46.31 8.26 0.744 0.081 -0.839 0.160 0.141 0.726
2007.0781 46.31 8.26 0.601 0.138 -2.419 0.163 0.148 0.743
2007.1055 46.31 8.26 0.623 -0.154 -1.404 0.146 0.132 0.667
2007.1329 46.31 8.26 0.644 0.205 -2.218 0.159 0.144 0.724
2007.1603 46.31 8.26 0.593 0.291 -0.581 0.151 0.138 0.690
2007.1877 46.31 8.26 0.644 -0.500 -0.768 0.193 0.179 0.881
2007.2151 46.31 8.26 0.652 0.239 -2.057 0.173 0.160 0.788
2007.2425 46.31 8.26 0.403 0.078 -1.801 0.166 0.154 0.758
2007.2699 46.31 8.26 0.336 0.214 0.370 0.133 0.121 0.612
2007.2973 46.31 8.26 0.195 -0.002 0.287 0.126 0.114 0.579
2007.3247 46.31 8.26 0.085 0.095 1.574 0.153 0.141 0.700
2007.3521 46.31 8.26 -0.030 0.160 0.375 0.167 0.155 0.763
2007.3795 46.31 8.26 -0.079 -0.234 2.261 0.175 0.163 0.798
2007.4068 46.31 8.26 -0.057 0.014 1.085 0.146 0.135 0.671
2007.4342 46.31 8.26 0.096 -0.264 0.446 0.140 0.128 0.644
2007.4616 46.31 8.26 0.142 -0.035 -0.129 0.183 0.170 0.834
2007.4890 46.31 8.26 0.702 -0.164 -1.190 0.142 0.129 0.648
2007.5164 46.31 8.26 0.740 -0.692 -2.430 0.149 0.137 0.682
2007.5438 46.31 8.26 0.730 -0.826 -1.477 0.144 0.132 0.662
2007.5712 46.31 8.26 0.532 -0.959 -0.747 0.148 0.136 0.680
2007.5986 46.31 8.26 0.359 -1.063 -0.501 0.181 0.167 0.826
2007.6260 46.31 8.26 0.424 -1.193 0.815 0.149 0.135 0.680
2007.6534 46.31 8.26 0.275 -1.060 1.351 0.151 0.138 0.691
2007.6808 46.31 8.26 0.258 -1.207 2.364 0.159 0.144 0.726
2007.7082 46.31 8.26 0.396 -0.851 2.505 0.119 0.106 0.550
2007.7356 46.31 8.26 0.410 -0.830 3.275 0.163 0.148 0.745
2007.7630 46.31 8.26 0.126 -0.430 2.520 0.127 0.113 0.585
2007.7904 46.31 8.26 0.270 -0.476 3.425 0.160 0.146 0.732
2007.8178 46.31 8.26 0.244 -0.090 3.474 0.184 0.169 0.837
2007.8452 46.31 8.26 0.159 -0.225 2.401 0.151 0.137 0.690
2007.8726 46.31 8.26 0.396 0.159 1.766 0.175 0.160 0.799
2007.9000 46.31 8.26 0.160 -0.403 -1.740 0.188 0.165 0.843
2007.9274 46.31 8.26 0.542 -0.510 -0.184 0.181 0.167 0.827
2007.9548 46.31 8.26 0.468 -0.268 -1.291 0.137 0.125 0.628
2007.9822 46.31 8.26 0.474 0.129 -2.001 0.167 0.154 0.765
2008.0096 46.31 8.26 0.615 -0.459 -1.228 0.147 0.135 0.674
2008.0370 46.31 8.26 0.424 -0.247 -2.053 0.151 0.140 0.692
2008.0644 46.31 8.26 0.540 -0.062 -0.420 0.173 0.161 0.792
2008.0918 46.31 8.26 0.853 -0.218 -0.037 0.140 0.128 0.645
2008.1192 46.31 8.26 0.914 -0.226 -0.017 0.163 0.151 0.748
2008.1466 46.31 8.26 0.710 -0.414 -0.848 0.189 0.177 0.865
2008.1740 46.31 8.26 0.677 0.028 -0.085 0.165 0.154 0.759
2008.2014 46.31 8.26 0.659 0.496 -1.086 0.177 0.166 0.809
2008.2288 46.31 8.26 0.720 0.829 -4.137 0.208 0.192 0.950
2008.2562 46.31 8.26 0.471 -0.071 -1.177 0.193 0.179 0.883
2008.2836 46.31 8.26 0.362 0.368 -0.357 0.232 0.215 1.058
2008.3110 46.31 8.26 0.720 0.393 -0.869 0.239 0.223 1.090
2008.3384 46.31 8.26 0.581 0.167 -0.683 0.177 0.164 0.810
2008.3658 46.31 8.26 0.351 0.152 0.369 0.181 0.167 0.829
2008.3932 46.31 8.26 0.411 0.280 -0.474 0.166 0.152 0.759
2008.4205 46.31 8.26 0.333 -0.236 -2.985 0.145 0.132 0.665
2008.4479 46.31 8.26 0.330 -0.423 -1.971 0.147 0.135 0.672
2008.4753 46.31 8.26 -0.052 -0.467 -1.724 0.143 0.130 0.654
2008.5027 46.31 8.26 0.150 -0.576 0.806 0.175 0.159 0.796
2008.5301 46.31 8.26 0.224 -0.900 0.966 0.217 0.198 0.986
2008.5575 46.31 8.26 0.225 -0.465 1.080 0.143 0.128 0.652
2008.5849 46.31 8.26 0.070 -0.709 1.564 0.160 0.146 0.727
2008.6123 46.31 8.26 -0.133 -0.504 2.741 0.135 0.121 0.616
2008.6397 46.31 8.26 -0.035 -0.452 1.319 0.147 0.133 0.671
2008.6671 46.31 8.26 -0.121 -0.715 3.309 0.141 0.127 0.646
2008.6945 46.31 8.26 0.028 -0.575 2.027 0.137 0.123 0.626
2008.7219 46.31 8.26 -0.072 -0.387 1.834 0.156 0.143 0.713
2008.7493 46.31 8.26 0.004 -0.630 0.919 0.142 0.129 0.649
2008.7767 46.31 8.26 0.149 -0.505 2.824 0.164 0.151 0.749
2008.8041 46.31 8.26 -0.066 -0.556 2.429 0.165 0.153 0.754
2008.8315 46.31 8.26 0.112 -0.707 2.318 0.187 0.172 0.852
2008.8589 46.31 8.26 -0.271 -0.615 0.341 0.217 0.202 0.992
2008.8863 46.31 8.26 0.223 -0.481 -0.544 0.209 0.194 0.952
2008.9137 46.31 8.26 -0.162 -0.152 -1.032 0.198 0.185 0.907
2008.9411 46.31 8.26 -0.137 -0.101 -2.912 0.208 0.193 0.951
2008.9685 46.31 8.26 -0.146 -0.439 -2.126 0.195 0.180 0.891
2008.9945 46.31 8.26 -0.075 -0.668 -2.289 0.165 0.153 0.755
2009.0205 46.31 8.26 0.141 -0.321 -1.679 0.161 0.150 0.741
2009.0479 46.31 8.26 0.046 -0.354 -3.149 0.162 0.151 0.743
2009.0753 46.31 8.26 -0.165 0.494 -2.130 0.156 0.144 0.716
2009.1027 46.31 8.26 -0.392 0.130 -2.758 0.193 0.180 0.883
2009.1301 46.31 8.26 -0.099 1.204 -2.024 0.154 0.143 0.709
2009.1575 46.31 8.26 0.254 0.172 -2.406 0.157 0.146 0.724
2009.1849 46.31 8.26 0.099 -0.072 -2.521 0.179 0.168 0.821
2009.2123 46.31 8.26 0.099 0.556 -3.116 0.156 0.142 0.714
2009.2397 46.31 8.26 0.153 0.707 -3.179 0.175 0.163 0.802
2009.2671 46.31 8.26 -0.035 0.568 -3.520 0.147 0.136 0.675
2009.2945 46.31 8.26 0.009 0.621 -3.698 0.150 0.139 0.690
2009.3219 46.31 8.26 -0.104 0.398 -3.772 0.157 0.145 0.721
2009.3493 46.31 8.26 -0.226 0.481 -2.218 0.145 0.133 0.664
2009.3767 46.31 8.26 0.037 0.325 0.684 0.152 0.140 0.697
2009.4041 46.31 8.26 0.087 0.275 0.054 0.135 0.123 0.619
2009.4315 46.31 8.26 -0.033 -0.026 -1.047 0.154 0.141 0.703
2009.4589 46.31 8.26 0.164 -0.221 0.013 0.132 0.119 0.604
2009.4863 46.31 8.26 -0.096 0.116 0.257 0.145 0.131 0.662
2009.5137 46.31 8.26 0.041 0.129 -0.670 0.140 0.124 0.639
2009.5411 46.31 8.26 0.066 0.092 0.898 0.171 0.154 0.778
2009.5685 46.31 8.26 -0.008 0.057 3.017 0.184 0.166 0.838
2009.5959 46.31 8.26 0.119 -0.105 2.380 0.162 0.145 0.737
2009.6233 46.31 8.26 -0.045 -0.352 1.747 0.167 0.151 0.758
2009.6507 46.31 8.26 -0.082 -0.264 2.692 0.160 0.145 0.731
2009.6781 46.31 8.26 -0.265 -0.032 1.322 0.171 0.156 0.778
2009.7055 46.31 8.26 -0.004 -0.204 3.497 0.176 0.162 0.803
2009.7329 46.31 8.26 -0.321 0.032 2.223 0.170 0.156 0.777
2009.7603 46.31 8.26 -0.160 -0.071 3.101 0.194 0.178 0.883
2009.7877 46.31 8.26 0.267 -0.633 3.376 0.179 0.164 0.816
2009.8151 46.31 8.26 -0.153 -0.037 0.426 0.191 0.177 0.872
2009.8425 46.31 8.26 -0.006 -0.107 1.883 0.174 0.161 0.796
2009.8699 46.31 8.26 -0.257 -0.176 0.513 0.167 0.153 0.762
2009.8973 46.31 8.26 0.170 -0.349 0.595 0.156 0.143 0.714
2009.9247 46.31 8.26 0.247 0.027 1.934 0.158 0.142 0.719
2009.9521 46.31 8.26 0.177 0.250 0.715 0.146 0.134 0.672
2009.9795 46.31 8.26 -0.102 0.143 -1.168 0.151 0.138 0.691
2010.0068 46.31 8.26 -0.128 0.452 -1.009 0.189 0.175 0.861
2010.0342 46.31 8.26 -0.080 0.767 -3.322 0.149 0.136 0.681
2010.0616 46.31 8.26 -0.008 0.408 -3.861 0.152 0.139 0.697
2010.0890 46.31 8.26 0.484 0.323 -1.361 0.180 0.167 0.823
2010.1164 46.31 8.26 0.039 0.379 -2.676 0.186 0.173 0.850
2010.1438 46.31 8.26 -0.246 0.460 -3.820 0.180 0.166 0.823
2010.1712 46.31 8.26 -0.240 0.627 -2.837 0.173 0.158 0.788
2010.1986 46.31 8.26 -0.027 0.684 -3.374 0.166 0.152 0.756
2010.2260 46.31 8.26 -0.037 0.394 -1.468 0.181 0.166 0.824
2010.2534 46.31 8.26 0.191 0.544 -1.929 0.187 0.171 0.852
2010.2808 46.31 8.26 0.315 0.363 -1.006 0.145 0.131 0.664
2010.3082 46.31 8.26 -0.100 0.565 -1.289 0.152 0.137 0.693
2010.3356 46.31 8.26 -0.120 0.184 -1.274 0.140 0.125 0.641
2010.3630 46.31 8.26 -0.218 0.236 -2.077 0.149 0.133 0.679
2010.3904 46.31 8.26 -0.154 0.171 -0.908 0.156 0.132 0.699
2010.4178 46.31 8.26 0.170 0.198 1.301 0.158 0.141 0.720
2010.4452 46.31 8.26 0.122 0.395 0.801 0.141 0.125 0.644
2010.4726 46.31 8.26 -0.090 0.453 0.412 0.128 0.113 0.586
2010.5000 46.31 8.26 -0.105 0.353 -1.399 0.143 0.127 0.652
2010.5274 46.31 8.26 0.057 0.083 -1.644 0.216 0.199 0.979
2010.5548 46.31 8.26 -0.151 0.146 1.749 0.140 0.128 0.643
2010.5822 46.31 8.26 -0.017 0.439 1.487 0.127 0.116 0.585
2010.6096 46.31 8.26 0.183 0.342 0.197 0.162 0.150 0.739
2010.6370 46.31 8.26 -0.132 -0.029 -0.408 0.145 0.134 0.666
2010.6644 46.31 8.26 -0.073 -0.135 -1.365 0.137 0.125 0.627
2010.6918 46.31 8.26 -0.209 -0.151 1.948 0.162 0.151 0.742
2010.7192 46.31 8.26 -0.318 -0.295 2.825 0.151 0.140 0.693
2010.7466 46.31 8.26 -0.280 -0.337 3.066 0.174 0.162 0.796
2010.7740 46.31 8.26 -0.379 -0.249 0.738 0.145 0.133 0.664
2010.8014 46.31 8.26 -0.334 0.068 1.352 0.137 0.126 0.631
2010.8288 46.31 8.26 -0.357 0.175 1.714 0.155 0.144 0.711
2010.8562 46.31 8.26 -0.458 -0.037 0.679 0.153 0.141 0.700
2010.8836 46.31 8.26 -0.442 -0.008 -1.124 0.143 0.131 0.657
2010.9110 46.31 8.26 -0.522 0.192 -3.234 0.155 0.143 0.710
2010.9384 46.31 8.26 -0.481 0.651 -5.539 0.161 0.149 0.735
2010.9658 46.31 8.26 -0.223 0.335 -3.402 0.176 0.163 0.802
2010.9932 46.31 8.26 -0.124 0.892 -5.316 0.161 0.111 0.676
2011.1027 46.31 8.26 0.448 0.273 -2.408 0.153 0.128 0.689
2011.1301 46.31 8.26 0.492 0.988 -1.032 0.211 0.194 0.958
2011.1575 46.31 8.26 0.034 0.460 -2.800 0.145 0.131 0.662
2011.1849 46.31 8.26 0.156 0.434 0.727 0.118 0.104 0.545
2011.2123 46.31 8.26 -0.103 0.344 -1.077 0.180 0.166 0.818
2011.2397 46.31 8.26 -0.073 0.612 -0.643 0.186 0.172 0.846
2011.2671 46.31 8.26 0.052 0.143 -0.669 0.152 0.140 0.697
2011.2945 46.31 8.26 0.087 0.654 1.727 0.175 0.162 0.799
2011.3219 46.31 8.26 -0.124 0.585 0.872 0.164 0.153 0.751
2011.3493 46.31 8.26 -0.481 0.597 1.875 0.149 0.137 0.683
2011.3767 46.31 8.26 -0.106 0.642 3.807 0.172 0.160 0.786
2011.4041 46.31 8.26 -0.363 0.700 2.275 0.154 0.141 0.704
2011.4315 46.31 8.26 -0.412 0.761 2.000 0.166 0.139 0.737
2011.5137 46.31 8.26 -0.320 0.452 0.053 0.147 0.130 0.669
2011.5411 46.31 8.26 -0.142 0.357 1.109 0.152 0.138 0.693
2011.5685 46.31 8.26 -0.283 0.033 0.033 0.150 0.135 0.683
2011.5959 46.31 8.26 -0.500 0.170 -0.302 0.159 0.145 0.724
2011.6233 46.31 8.26 -0.587 0.102 0.276 0.160 0.145 0.729
2011.6507 46.31 8.26 -0.218 -0.231 2.228 0.185 0.170 0.840
2011.6781 46.31 8.26 -0.122 -0.156 2.680 0.171 0.158 0.781
2011.7055 46.31 8.26 -0.125 -0.442 3.252 0.171 0.158 0.780
2011.7329 46.31 8.26 -0.344 -0.128 1.786 0.196 0.182 0.892
2011.7603 46.31 8.26 -0.245 0.240 4.849 0.169 0.157 0.773
2011.7877 46.31 8.26 -0.279 0.216 6.046 0.180 0.167 0.818
2011.8151 46.31 8.26 -0.396 -0.063 2.547 0.177 0.163 0.805
2011.8425 46.31 8.26 -0.293 -0.062 1.892 0.190 0.177 0.863
2011.8699 46.31 8.26 -0.431 -0.228 4.866 0.189 0.166 0.844
2011.9521 46.31 8.26 0.102 -0.074 -0.956 0.138 0.103 0.597
2011.9795 46.31 8.26 0.082 -0.140 0.325 0.156 0.139 0.704
2012.0068 46.31 8.26 0.478 -0.135 -0.888 0.147 0.129 0.658
2012.0342 46.31 8.26 0.457 0.599 -0.531 0.175 0.152 0.776
2012.0616 46.31 8.26 0.544 0.167 0.097 0.153 0.132 0.683
2012.0890 46.31 8.26 0.340 0.284 -0.514 0.152 0.130 0.675
2012.1164 46.31 8.26 0.291 0.428 0.078 0.151 0.126 0.664
2012.1438 46.31 8.26 0.208 0.236 0.333 0.156 0.129 0.685
2012.1712 46.31 8.26 0.565 0.632 2.686 0.151 0.123 0.661
2012.1986 46.31 8.26 0.441 0.683 -0.634 0.137 0.110 0.601
2012.2260 46.31 8.26 0.231 0.745 0.660 0.139 0.112 0.606
2012.2534 46.31 8.26 0.250 0.285 2.936 0.135 0.109 0.589
2012.2808 46.31 8.26 0.273 0.661 2.972 0.126 0.100 0.550
2012.3082 46.31 8.26 0.251 0.519 1.721 0.163 0.111 0.683
2012.3904 46.31 8.26 0.402 0.553 -0.245 0.161 0.125 0.701
2012.4178 46.31 8.26 0.012 0.215 1.351 0.116 0.092 0.508
2012.4452 46.31 8.26 0.178 0.285 1.094 0.116 0.091 0.506
2012.4726 46.31 8.26 0.321 -0.078 0.229 0.124 0.098 0.541
2012.5000 46.31 8.26 0.301 -0.380 1.824 0.119 0.094 0.520
2012.5274 46.31 8.26 0.107 -0.380 1.285 0.125 0.100 0.547
2012.5548 46.31 8.26 0.169 -0.207 3.153 0.125 0.100 0.547
2012.5822 46.31 8.26 0.094 -0.189 3.315 0.131 0.106 0.575
2012.6096 46.31 8.26 -0.090 -0.233 4.979 0.129 0.106 0.567
2012.6370 46.31 8.26 -0.294 -0.521 5.057 0.119 0.098 0.527
2012.6644 46.31 8.26 -0.295 -0.697 6.585 0.129 0.108 0.572
2012.6918 46.31 8.26 -0.289 -0.186 4.097 0.132 0.113 0.588
2012.7192 46.31 8.26 -0.370 -0.294 3.682 0.156 0.138 0.697
2012.7466 46.31 8.26 -0.410 -0.272 3.134 0.128 0.093 0.546
2012.8562 46.31 8.26 -0.533 -0.105 1.890 0.164 0.144 0.732
2012.8836 46.31 8.26 -0.036 -0.799 1.034 0.150 0.138 0.684
2012.9110 46.31 8.26 -0.101 -0.253 0.852 0.143 0.131 0.651
2012.9384 46.31 8.26 -0.259 -0.249 -0.671 0.141 0.127 0.642
2012.9658 46.31 8.26 -0.411 -0.302 -2.471 0.152 0.142 0.697
2012.9918 46.31 8.26 -0.155 0.076 -3.108 0.078 0.070 0.366
2013.0178 46.31 8.26 0.199 0.062 -0.640 0.091 0.082 0.421
2013.0452 46.31 8.26 0.216 0.190 -1.083 0.090 0.082 0.420
2013.0726 46.31 8.26 0.160 0.281 -2.476 0.084 0.076 0.391
2013.1000 46.31 8.26 0.433 0.423 -1.214 0.086 0.078 0.400
2013.1274 46.31 8.26 0.400 0.399 -1.470 0.080 0.072 0.376
2013.1548 46.31 8.26 0.299 0.232 -1.223 0.079 0.066 0.363
2013.2644 46.31 8.26 0.176 0.854 -2.850 0.101 0.054 0.402
2013.2918 46.31 8.26 0.178 0.676 -3.796 0.082 0.075 0.385
2013.3192 46.31 8.26 -0.096 0.448 -4.227 0.090 0.083 0.419
2013.3466 46.31 8.26 -0.043 0.513 -1.007 0.092 0.085 0.429
2013.3740 46.31 8.26 -0.280 0.316 -2.982 0.079 0.073 0.375
2013.4014 46.31 8.26 -0.265 0.257 -3.364 0.082 0.075 0.385
2013.4288 46.31 8.26 -0.113 0.387 -3.504 0.073 0.066 0.347
2013.4562 46.31 8.26 -0.099 -0.127 -2.073 0.075 0.067 0.353
2013.4836 46.31 8.26 0.009 -0.329 1.008 0.076 0.069 0.359
2013.5110 46.31 8.26 -0.130 0.036 0.703 0.085 0.078 0.398
2013.5384 46.31 8.26 -0.365 0.036 2.707 0.085 0.075 0.395
2013.5658 46.31 8.26 -0.296 0.433 4.123 0.087 0.080 0.408
2013.7575 46.31 8.26 -0.741 -0.042 3.432 0.085 0.075 0.397
2013.7849 46.31 8.26 -0.474 -0.050 3.216 0.087 0.078 0.405
2013.8123 46.31 8.26 -0.235 -0.948 2.759 0.080 0.071 0.374
2013.8397 46.31 8.26 0.101 -0.321 2.016 0.081 0.072 0.378
2013.8671 46.31 8.26 -0.136 -0.251 1.288 0.087 0.077 0.403
2013.8945 46.31 8.26 -0.213 0.273 1.893 0.080 0.072 0.376
2013.9219 46.31 8.26 -0.104 0.013 0.797 0.072 0.064 0.342
2013.9493 46.31 8.26 0.231 -0.325 0.591 0.076 0.069 0.360
2013.9767 46.31 8.26 0.219 -0.186 2.374 0.078 0.069 0.365
2014.0041 46.31 8.26 0.138 0.215 -0.677 0.075 0.067 0.354
2014.0315 46.31 8.26 0.090 -0.236 -0.473 0.078 0.070 0.365
2014.1685 46.31 8.26 -0.223 0.329 -1.715 0.082 0.073 0.385
2014.1959 46.31 8.26 -0.274 0.394 -2.642 0.082 0.075 0.384
2014.2233 46.31 8.26 0.161 0.689 -2.010 0.078 0.071 0.367
2014.2507 46.31 8.26 -0.342 0.449 -1.708 0.072 0.065 0.340
2014.2781 46.31 8.26 -0.053 0.673 1.059 0.076 0.069 0.358
2014.3055 46.31 8.26 -0.147 0.735 -0.144 0.073 0.066 0.345
2014.3329 46.31 8.26 -0.204 0.590 -0.579 0.061 0.054 0.292
2014.3603 46.31 8.26 -0.179 0.810 1.220 0.068 0.061 0.324
2014.3877 46.31 8.26 -0.030 0.681 2.467 0.068 0.061 0.325
2014.4151 46.31 8.26 -0.056 0.300 2.250 0.068 0.061 0.324
2014.4425 46.31 8.26 -0.538 0.702 3.774 0.072 0.065 0.341
2014.4699 46.31 8.26 -1.015 0.563 3.586 0.072 0.064 0.340
2014.5795 46.31 8.26 -0.739 0.490 1.767 0.067 0.053 0.313
2014.6068 46.31 8.26 -0.486 0.112 4.540 0.064 0.057 0.306
2014.6342 46.31 8.26 -0.276 0.168 3.070 0.059 0.051 0.284
2014.6616 46.31 8.26 -0.422 0.208 1.342 0.065 0.057 0.309
2014.6890 46.31 8.26 -0.569 0.182 2.923 0.063 0.056 0.302
2014.7164 46.31 8.26 -0.514 0.302 4.502 0.062 0.055 0.296
2014.7438 46.31 8.26 -0.620 0.004 5.003 0.067 0.060 0.317
2014.7712 46.31 8.26 -0.556 -0.371 3.785 0.066 0.059 0.314
2014.7986 46.31 8.26 -0.514 0.340 3.133 0.060 0.052 0.286
2014.8260 46.31 8.26 -0.495 -0.396 4.215 0.059 0.052 0.285
2014.8534 46.31 8.26 -0.532 -0.279 2.827 0.063 0.055 0.299
2014.8808 46.31 8.26 -0.541 0.314 0.194 0.063 0.055 0.299
2014.9082 46.31 8.26 -0.653 0.085 0.828 0.064 0.056 0.304
2015.0452 46.31 8.26 0.096 0.025 -0.741 0.050 0.040 0.242
2015.0726 46.31 8.26 -0.015 0.485 -0.325 0.054 0.043 0.257
2015.1000 46.31 8.26 -0.307 0.741 -1.088 0.048 0.039 0.235
2015.1274 46.31 8.26 -0.146 0.273 -0.742 0.045 0.037 0.222
2015.1548 46.31 8.26 0.036 0.301 1.672 0.052 0.042 0.249
2015.1822 46.31 8.26 -0.157 0.784 -1.017 0.049 0.039 0.238
2015.2096 46.31 8.26 -0.353 1.211 0.313 0.064 0.053 0.296
2015.2370 46.31 8.26 -0.234 0.740 -0.202 0.068 0.058 0.319
2015.2644 46.31 8.26 -0.321 0.124 0.592 0.060 0.052 0.286
2015.2918 46.31 8.26 0.104 0.699 1.404 0.061 0.053 0.290
2015.3192 46.31 8.26 -0.069 0.409 -0.182 0.058 0.051 0.281
2015.3466 46.31 8.26 -0.122 0.657 0.850 0.063 0.055 0.301
2015.4836 46.31 8.26 -0.478 0.916 4.888 0.061 0.047 0.286
2015.5110 46.31 8.26 -0.336 0.436 1.690 0.058 0.047 0.275
2015.5384 46.31 8.26 -0.341 0.256 4.809 0.063 0.053 0.298
2015.5658 46.31 8.26 -0.362 0.394 4.326 0.062 0.054 0.297
2015.5932 46.31 8.26 -0.308 0.059 6.083 0.065 0.057 0.306
2015.6205 46.31 8.26 -0.629 -0.095 7.442 0.063 0.054 0.298
2015.6479 46.31 8.26 -0.886 0.034 7.542 0.061 0.053 0.290
2015.6753 46.31 8.26 -0.821 -0.204 6.489 0.059 0.051 0.282
2015.7027 46.31 8.26 -0.784 0.314 4.909 0.064 0.056 0.302
2015.7301 46.31 8.26 -1.008 0.027 1.216 0.064 0.055 0.304
2015.9493 46.31 8.26 -0.294 0.062 5.520 0.062 0.055 0.297
2015.9767 46.31 8.26 -0.006 0.286 2.993 0.064 0.057 0.306
2016.0041 46.31 8.26 -0.108 -0.327 3.681 0.058 0.051 0.281
2016.0315 46.31 8.26 -0.292 -0.038 3.774 0.056 0.049 0.270
2016.0589 46.31 8.26 -0.108 0.327 3.386 0.057 0.050 0.276
2016.0863 46.31 8.26 0.317 0.095 4.145 0.052 0.046 0.256
2016.1137 46.31 8.26 0.060 0.234 3.298 0.058 0.051 0.279
2016.1411 46.31 8.26 -0.157 0.802 1.847 0.068 0.060 0.320
2016.1685 46.31 8.26 -0.154 0.473 -0.638 0.073 0.065 0.341
2016.1959 46.31 8.26 -0.360 1.093 -0.355 0.071 0.065 0.337
2016.2233 46.31 8.26 -0.148 0.269 0.461 0.072 0.066 0.341
2016.2507 46.31 8.26 0.175 0.670 2.545 0.061 0.053 0.292
2016.3603 46.31 8.26 0.014 0.614 1.695 0.056 0.050 0.272
2016.3877 46.31 8.26 0.100 0.602 0.778 0.066 0.058 0.311
2016.4151 46.31 8.26 0.044 0.483 -1.170 0.065 0.057 0.306
2016.4425 46.31 8.26 0.010 0.509 -3.352 0.069 0.061 0.325
2016.4699 46.31 8.26 0.259 0.484 -2.669 0.067 0.060 0.319
