2002.5877 45.49 12.24 -56.67734659097628 10.34942024911680
2002.6151 45.49 12.24 -32.12587779774265 10.07661466198830
2002.6425 45.49 12.24 -28.70764467305674 10.28875700760438
2002.6699 45.49 12.24 -14.82099226581645 8.60009225447599
2002.6973 45.49 12.24 -15.91234540522983 13.89800790123055
2002.7247 45.49 12.24 -3.41318895884220 9.82416642013665
2002.7521 45.49 12.24 -9.23957423073943 8.96692868653697
2002.7795 45.49 12.24 -4.83877238451614 10.23372094695809
2002.8068 45.49 12.24 20.33472412553839 9.33133695454814
2002.8342 45.49 12.24 -2.40342059371044 9.12433980394217
2002.8616 45.49 12.24 0.18318354444670 8.76595670801438
2002.8890 45.49 12.24 31.36426625100972 9.29350723791386
2002.9164 45.49 12.24 44.21419527133896 9.60654770792891
2003.0260 45.49 12.24 12.55549965800158 10.69753842712287
2003.0534 45.49 12.24 16.22019249005774 18.83126754458629
2003.0808 45.49 12.24 7.81725378595946 15.50810157323587
2003.1082 45.49 12.24 24.79682146716614 8.58936183992246
2003.1356 45.49 12.24 2.97431155088929 7.90833868261289
2003.1630 45.49 12.24 -25.89137021548793 8.61235049325029
2003.1904 45.49 12.24 -23.25470577029226 10.07226805177337
2003.2178 45.49 12.24 -6.64276238972214 8.48219784108467
2003.2452 45.49 12.24 -20.99616263274935 8.42648483209746
2003.2726 45.49 12.24 -2.27456877666714 8.19729176887056
2003.3000 45.49 12.24 -17.36530653729365 8.04103466927737
2003.3274 45.49 12.24 -12.58081194128861 10.79491533667088
2003.3548 45.49 12.24 -20.80780528742368 12.27693559262842
2003.3822 45.49 12.24 -26.98262116453273 10.47731853527679
2003.5192 45.49 12.24 -13.38857778849170 11.98753928653956
2003.5466 45.49 12.24 -25.20529198915134 13.67959779343320
2003.5740 45.49 12.24 -11.76246341204549 16.38670879006123
2003.6014 45.49 12.24 -26.33618702500634 13.72814549332791
2003.6288 45.49 12.24 -28.18787637654160 12.62932477853485
2003.6562 45.49 12.24 -55.09881379498867 13.82907466965635
2003.6836 45.49 12.24 -7.04971104362806 13.85565852052428
2003.7110 45.49 12.24 -22.78939830477073 10.23272480145857
2003.7384 45.49 12.24 -32.61680042542372 12.97534393686971
2003.7658 45.49 12.24 -36.16834268021940 11.80716273775432
2003.7932 45.49 12.24 -22.58079030895625 13.43894651495085
2003.8205 45.49 12.24 -22.52616876494294 14.28127286732987
2003.8479 45.49 12.24 -16.93869425092556 12.10219388609169
2003.8753 45.49 12.24 -4.65734982631772 13.29001796645208
2003.9027 45.49 12.24 16.76932484876497 11.69990720726537
2003.9301 45.49 12.24 0.01027235382227 12.46938926783903
2003.9575 45.49 12.24 -12.53113617495925 14.46674335478964
2003.9849 45.49 12.24 0.91013420727129 13.51726038180691
2004.0123 45.49 12.24 -15.77304490268327 14.51588956467577
2004.0397 45.49 12.24 6.88557248978177 11.20211887279993
2004.0945 45.49 12.24 -17.35022855994363 10.42220746827211
2004.1219 45.49 12.24 -5.14699257127834 11.94473760058715
2004.1493 45.49 12.24 -0.69441490825456 14.22906614315422
2004.1767 45.49 12.24 3.47371246632855 15.62027210203527
2004.2041 45.49 12.24 0.06777541179828 12.28043163488537
2004.2315 45.49 12.24 -19.83812609525030 12.47488250827448
2004.2589 45.49 12.24 1.97781624151294 12.84583731526209
2004.2863 45.49 12.24 21.99648423383880 12.91966277041824
2004.3137 45.49 12.24 -24.27166873969141 12.21156684005894
2004.3411 45.49 12.24 -22.29167178145917 13.54255380059119
2004.3685 45.49 12.24 -3.23276985651978 12.79197868988698
2004.3959 45.49 12.24 -6.49275887184129 11.03727208044715
2004.4233 45.49 12.24 -16.70087504410629 10.56655898376696
2004.4507 45.49 12.24 -20.95424586192090 9.44741362549322
2004.4781 45.49 12.24 17.04461540406237 10.50681010943127
2004.5055 45.49 12.24 0.65015451553296 10.19199715018523
2004.5329 45.49 12.24 -1.71419278154455 9.53271957615726
2004.5603 45.49 12.24 -21.97644690253435 9.89358820914032
2004.5877 45.49 12.24 -23.75846863997117 9.93842269843927
2004.6151 45.49 12.24 -60.45198645092712 11.00480698351732
2004.6425 45.49 12.24 -19.03754754519730 9.18349701448985
2004.6699 45.49 12.24 -17.38001987484250 9.16571731945842
2004.6973 45.49 12.24 -21.43247525225875 8.51834628099749
2004.7247 45.49 12.24 -2.09197565060269 9.94970960561280
2004.7521 45.49 12.24 -23.89613761215131 9.44071415910914
2004.7795 45.49 12.24 -22.16230556123588 9.27178933774026
2004.8068 45.49 12.24 -5.69697832870272 10.45701633901887
2004.8342 45.49 12.24 10.79590150510850 10.33995689039602
2004.8616 45.49 12.24 6.78783778786810 8.91451970225314
2004.8890 45.49 12.24 -3.88975357020032 8.94877508102265
2004.9164 45.49 12.24 -2.03930170711164 9.91869963852249
2004.9438 45.49 12.24 6.10995257991008 10.73609611580667
2004.9712 45.49 12.24 -3.12447382230624 10.05575679195520
2004.9973 45.49 12.24 2.34612046815608 9.54451739397306
2005.0233 45.49 12.24 -28.06005288846896 11.46790192183408
2005.0507 45.49 12.24 -32.87737787530395 17.87426316452402
2005.0781 45.49 12.24 -27.29907018566478 13.08052602298594
2005.1055 45.49 12.24 -15.58902707410784 12.93951082908805
2005.1329 45.49 12.24 3.80371313202558 13.27185928770347
2005.1603 45.49 12.24 -9.89873560166978 11.56786382633488
2005.1877 45.49 12.24 -12.95815269438362 11.46016443625581
2005.2151 45.49 12.24 -26.70190729377634 10.57603425244721
2005.2425 45.49 12.24 -11.32912873598382 10.36454133206927
2005.2699 45.49 12.24 -14.34593601795702 11.18506204305140
2005.2973 45.49 12.24 12.34733796184956 11.90065244921091
2005.3247 45.49 12.24 -19.81925475958601 12.56858213271370
2005.3521 45.49 12.24 0.71560651142559 4.45763563236160
2005.3795 45.49 12.24 -8.33013010482644 11.66261369090110
2005.4068 45.49 12.24 -25.00662320478817 10.50821677089581
2005.4342 45.49 12.24 8.38914072559541 12.04918525267872
2005.4616 45.49 12.24 -33.41789587928417 11.04396101146829
2005.4890 45.49 12.24 -26.63301428713699 10.45205635782164
2005.5164 45.49 12.24 -23.71937154498072 10.37985575400928
2005.5438 45.49 12.24 -24.61148831758058 11.47950490762217
2005.5712 45.49 12.24 -26.54428161809144 12.65263604265308
2005.5986 45.49 12.24 -42.03789642798191 12.94285787309765
2005.6260 45.49 12.24 -34.78595181486181 11.28023347186181
2005.6534 45.49 12.24 -20.65950664936048 12.06001696814608
2005.6808 45.49 12.24 -27.10177453444481 11.76745893780001
2005.7082 45.49 12.24 -3.30526176877062 14.69080844102074
2005.7356 45.49 12.24 -6.60388122254119 12.73251376883608
2005.7630 45.49 12.24 -0.93404465686948 12.74977006953777
2005.7904 45.49 12.24 -0.53134702573655 11.76802182901683
2005.8178 45.49 12.24 -12.31027834597630 12.18969656863604
2005.8452 45.49 12.24 -19.06324156414569 13.03720390962259
2005.8726 45.49 12.24 3.97326814490076 11.20095632803843
2005.9000 45.49 12.24 3.63539827566539 10.83102229007640
2005.9274 45.49 12.24 -15.09411294054207 10.70575722383261
2005.9548 45.49 12.24 2.72913832961677 9.11135861435351
2005.9822 45.49 12.24 11.36751499452600 9.92626842983452
2006.0096 45.49 12.24 3.32445937749006 11.38599342669399
2006.0370 45.49 12.24 0.00227859500684 14.72836348816092
2006.0644 45.49 12.24 -7.92092490079343 14.88419720372562
2006.0918 45.49 12.24 -2.09211126276336 14.99856028725280
2006.1192 45.49 12.24 -7.85710170165597 17.52335011825878
2006.1466 45.49 12.24 3.63212326873857 13.34321556204303
2006.1740 45.49 12.24 15.89435838559547 15.56314629968115
2006.2014 45.49 12.24 12.67559720876874 11.54744533618770
2006.2288 45.49 12.24 2.01730720604702 15.65029348804843
2006.2562 45.49 12.24 20.22038578496707 14.79026816688597
2006.2836 45.49 12.24 8.45847243418568 14.33022793602903
2006.3110 45.49 12.24 -9.11068804492059 15.39838483936579
2006.3384 45.49 12.24 -9.02284572982005 13.87520829387944
2006.3658 45.49 12.24 0.04052288923829 15.49925555053989
2006.3932 45.49 12.24 -5.33443424327356 15.15664046591736
2006.4205 45.49 12.24 -18.50021779840313 15.10733838710882
2006.4479 45.49 12.24 4.71474085067402 16.10571261655775
2006.4753 45.49 12.24 -5.93565134358854 16.74905211046223
2006.5027 45.49 12.24 -33.23278078416256 17.51838167296605
2006.5301 45.49 12.24 -9.81073565761369 21.31628435342811
2006.5575 45.49 12.24 -37.53792242173624 16.59390681985517
2006.5849 45.49 12.24 -16.37089024445418 17.12402519159959
2006.6123 45.49 12.24 -7.79369948643014 22.06857308587508
2006.6397 45.49 12.24 -37.08245619471106 18.27416883632523
2006.6671 45.49 12.24 -9.50426282534572 16.25202083366577
2006.6945 45.49 12.24 -40.06374432949720 21.39316020188311
2006.7219 45.49 12.24 -8.39363364690568 19.36747499981086
2006.7493 45.49 12.24 -17.29692668333433 23.67943716788283
2006.7767 45.49 12.24 -44.02913620981480 20.59365472529625
2006.8041 45.49 12.24 -17.77284647469892 16.15853463744367
2006.8315 45.49 12.24 -15.21940386798100 19.25155095149369
2006.8589 45.49 12.24 -33.10137364046938 18.55915418861709
2006.8863 45.49 12.24 -27.13546947037055 17.57938280866729
2006.9137 45.49 12.24 -24.63563300589889 16.85042644160151
2006.9411 45.49 12.24 -25.70395216828487 16.46942474574536
2006.9685 45.49 12.24 -23.97493774289570 16.09559077440499
2006.9959 45.49 12.24 -17.92061644427875 15.62802598840541
2007.0233 45.49 12.24 -23.25995566708225 14.20398680646317
2007.0507 45.49 12.24 -20.94973672295329 15.11658832059039
2007.0781 45.49 12.24 -14.20294933351594 16.09195507839244
2007.1055 45.49 12.24 -17.51421608399220 14.13484444688910
2007.1329 45.49 12.24 -3.33473082598423 15.61183557794996
2007.1603 45.49 12.24 -17.61755989733351 14.85161388526295
2007.1877 45.49 12.24 -50.62437874304872 20.25002600806181
2007.2151 45.49 12.24 -17.26097375645245 17.87491803368591
2007.2425 45.49 12.24 -22.08989923033883 17.09560890219586
2007.2699 45.49 12.24 -5.87918225527996 12.83846300680101
2007.2973 45.49 12.24 -17.99968368492490 12.03364447124728
2007.3247 45.49 12.24 -24.06238213473633 15.42300337805478
2007.3521 45.49 12.24 -12.43612988794604 17.15337370565300
2007.3795 45.49 12.24 -38.81882564732692 18.19402081699604
2007.4068 45.49 12.24 -9.40833709503309 14.63151194507267
2007.4342 45.49 12.24 -36.21496350361452 13.82642459006087
2007.4616 45.49 12.24 -7.48140790841799 19.19517556767185
2007.4890 45.49 12.24 -22.05634079040349 13.86443257203401
2007.5164 45.49 12.24 -39.83997137544961 14.90034924224060
2007.5438 45.49 12.24 -22.44040976489921 14.30059112234126
2007.5712 45.49 12.24 -33.31244394308874 14.70831475594930
2007.5986 45.49 12.24 -30.77767503323804 18.49774023515795
2007.6260 45.49 12.24 -43.87027212379083 14.58850832124906
2007.6534 45.49 12.24 -30.20008537723742 14.90152465238726
2007.6808 45.49 12.24 -44.09182890508536 15.57410450956682
2007.7082 45.49 12.24 -33.48339562140077 10.73524793803729
2007.7356 45.49 12.24 -35.56110987355405 15.99967693920647
2007.7630 45.49 12.24 -14.86632214958527 11.50015535683291
2007.7904 45.49 12.24 -29.18769392141656 15.93778842798291
2007.8178 45.49 12.24 -16.92617716164150 18.77984143433970
2007.8452 45.49 12.24 -10.06070978630727 14.60187053920478
2007.8726 45.49 12.24 -11.73710342983888 17.27865879924968
2007.9000 45.49 12.24 -18.83211385902586 18.22664281536170
2007.9274 45.49 12.24 0.07767535139333 18.08797895567299
2007.9548 45.49 12.24 -21.64612323969103 13.21734494165330
2007.9822 45.49 12.24 -4.62916977187065 16.69289656110720
2008.0096 45.49 12.24 -18.24083095935700 14.52585061475416
2008.0370 45.49 12.24 -8.70801921155278 15.18417394968528
2008.0644 45.49 12.24 8.10596522864511 17.89861310998224
2008.0918 45.49 12.24 -23.43997717436818 13.55706726813537
2008.1192 45.49 12.24 -32.73636876013379 16.52462376629638
2008.1466 45.49 12.24 -6.61436132063029 19.54194555556848
2008.1740 45.49 12.24 -11.32890241812464 16.85497561992143
2008.2014 45.49 12.24 25.04061351330669 18.55978839723032
2008.2288 45.49 12.24 6.62315152964443 20.58980967718120
2008.2562 45.49 12.24 -24.31391862322148 19.53105044872098
2008.2836 45.49 12.24 -9.08135678728502 23.54482118563281
2008.3110 45.49 12.24 -13.40807914497116 24.62402914233431
2008.3384 45.49 12.24 -2.61285082348665 18.07387235233762
2008.3658 45.49 12.24 3.36437346585629 18.27649981225069
2008.3932 45.49 12.24 -7.22508114360529 16.23179550147597
2008.4205 45.49 12.24 -2.20680643214918 14.18816252246858
2008.4479 45.49 12.24 -5.98952718965040 14.67531350899482
2008.4753 45.49 12.24 10.19803735181940 14.08445725255537
2008.5027 45.49 12.24 -8.84049973349456 17.42915701999435
2008.5301 45.49 12.24 -38.00959355436151 21.55870737564258
2008.5575 45.49 12.24 1.51151797496754 13.58620455398057
2008.5849 45.49 12.24 -18.91196149785035 16.16386705205886
2008.6123 45.49 12.24 -14.56090366742342 12.88714598955416
2008.6397 45.49 12.24 -7.27052795924694 14.39119250238923
2008.6671 45.49 12.24 -23.96603546186818 13.66616699023950
2008.6945 45.49 12.24 -22.00201139861827 13.15085524325381
2008.7219 45.49 12.24 -21.84364516844122 15.61850672795029
2008.7493 45.49 12.24 -24.73315365341191 13.97467464667001
2008.7767 45.49 12.24 -15.65635853395572 16.79578118698213
2008.8041 45.49 12.24 -19.71753322099764 16.95488584673461
2008.8315 45.49 12.24 -35.93696022578206 19.00634815057112
2008.8589 45.49 12.24 -12.00620508713649 22.23832220435193
2008.8863 45.49 12.24 8.42779821833120 21.32395921427203
2008.9137 45.49 12.24 25.75349866110159 20.39578741431796
2008.9411 45.49 12.24 37.75944758998522 21.02367286700106
2008.9685 45.49 12.24 25.20004870361588 19.60431224506059
2008.9945 45.49 12.24 7.93229746020885 16.63240144440378
2009.0205 45.49 12.24 1.21046826078974 16.52009890156994
2009.0479 45.49 12.24 19.15725584955326 16.52420861452953
2009.0753 45.49 12.24 41.48210089430152 15.56934030269380
2009.1027 45.49 12.24 31.99920278348950 19.81134439606663
2009.1301 45.49 12.24 33.55534273154930 15.42557069518293
2009.1575 45.49 12.24 -0.73636414999791 15.57221669449271
2009.1849 45.49 12.24 16.40530552624111 18.63649898503100
2009.2123 45.49 12.24 10.98990161658321 15.26267023696841
2009.2397 45.49 12.24 27.62790694575996 17.84852119814072
2009.2671 45.49 12.24 23.51123249234596 14.75209580798709
2009.2945 45.49 12.24 26.37258991386593 15.20209631654871
2009.3219 45.49 12.24 28.45008467253725 15.82052613342353
2009.3493 45.49 12.24 34.82963610421375 14.37907322317241
2009.3767 45.49 12.24 -4.67562695124637 15.14716635766009
2009.4041 45.49 12.24 -10.42044561293849 13.05241361822541
2009.4315 45.49 12.24 4.20839412149776 15.44237384141702
2009.4589 45.49 12.24 -1.52561001739812 12.63646488688114
2009.4863 45.49 12.24 -0.80293884427739 14.06348371735708
2009.5137 45.49 12.24 12.06453767423930 13.17010977698136
2009.5411 45.49 12.24 5.01043268896399 16.52928282719146
2009.5685 45.49 12.24 -16.53004307952105 17.74581063506384
2009.5959 45.49 12.24 -23.17179278297519 15.37380793005899
2009.6233 45.49 12.24 -28.02749701367471 16.33582941074869
2009.6507 45.49 12.24 -28.15689383004193 15.76230304782850
2009.6781 45.49 12.24 4.33338669519144 17.08722432757848
2009.7055 45.49 12.24 -15.80134760805502 17.97048163200548
2009.7329 45.49 12.24 -17.30976169803907 17.13671012507907
2009.7603 45.49 12.24 -35.12053151888773 19.62258580122937
2009.7877 45.49 12.24 -54.55146106663745 18.04870495898301
2009.8151 45.49 12.24 -5.33110958154366 19.61514443365918
2009.8425 45.49 12.24 -10.41849596877318 17.64613987561484
2009.8699 45.49 12.24 4.13269049237278 16.76675203397167
2009.8973 45.49 12.24 -14.39104017769406 15.58766422218934
2009.9247 45.49 12.24 -8.60532929905601 15.10842449207422
2009.9521 45.49 12.24 -3.97555146057877 14.32162349364626
2009.9795 45.49 12.24 -1.35118474084172 14.73511291942238
2010.0068 45.49 12.24 0.51465833726167 19.25964155252777
2010.0342 45.49 12.24 22.37416572683035 14.54892317972594
2010.0616 45.49 12.24 12.90761684329684 15.04177156305274
2010.0890 45.49 12.24 -17.55579152707336 18.51353855848319
2010.1164 45.49 12.24 -2.45820868399450 19.14426275115749
2010.1438 45.49 12.24 -1.47074858471594 18.08957483316275
2010.1712 45.49 12.24 -13.18039617550956 17.24418831811404
2010.1986 45.49 12.24 -11.03607385526993 16.50205999401189
2010.2260 45.49 12.24 -5.31926101035437 18.13871516957563
2010.2534 45.49 12.24 4.45177954679049 18.62458248247950
2010.2808 45.49 12.24 -4.49257248068947 13.97845062122387
2010.3082 45.49 12.24 10.65700407134232 14.80735822962672
2010.3356 45.49 12.24 9.26177296051024 13.06646477087322
2010.3630 45.49 12.24 10.83937517406190 14.03418661441052
2010.3904 45.49 12.24 -7.03828198565442 14.16512027911635
2010.4178 45.49 12.24 -14.00319355638322 15.03183489403056
2010.4452 45.49 12.24 -8.33138826151206 13.04039583238036
2010.4726 45.49 12.24 -7.90353310492196 11.55533048502971
2010.5000 45.49 12.24 0.81650340283603 13.40507395573465
2010.5274 45.49 12.24 30.07457584812436 22.49422645042075
2010.5548 45.49 12.24 -13.79019252335761 13.89361502000600
2010.5822 45.49 12.24 -1.72574515565890 12.41519651220859
2010.6096 45.49 12.24 -20.92509065625522 16.66501881188809
2010.6370 45.49 12.24 13.63162027260880 14.62734128186912
2010.6644 45.49 12.24 16.60863705429003 13.56577006125063
2010.6918 45.49 12.24 -3.37648589890198 16.78367807919289
2010.7192 45.49 12.24 2.73014654046862 15.54903578782883
2010.7466 45.49 12.24 -4.92398649036573 18.44427239502383
2010.7740 45.49 12.24 -9.43414058433666 14.34368052995360
2010.8014 45.49 12.24 7.81720334840645 13.75579818071421
2010.8288 45.49 12.24 6.58597750674106 16.00864581627302
2010.8562 45.49 12.24 28.73241139440212 15.62870843451300
2010.8836 45.49 12.24 17.65618447032471 14.20846088195239
2010.9110 45.49 12.24 25.71038836972512 15.84074520937973
2010.9384 45.49 12.24 63.29976507308699 16.53649517471758
2010.9658 45.49 12.24 29.37511580734210 18.38556190796696
2010.9932 45.49 12.24 55.66509378825528 13.33300904122194
2011.1027 45.49 12.24 7.71630203145750 13.35282583774641
2011.1301 45.49 12.24 50.78617982126426 21.83155323734491
2011.1575 45.49 12.24 28.22687286592968 13.98439382810997
2011.1849 45.49 12.24 3.70109900445837 10.67818839123634
2011.2123 45.49 12.24 15.65341227996255 18.51676934077629
2011.2397 45.49 12.24 21.53457114483988 19.47874924319217
2011.2671 45.49 12.24 -16.81018376003525 15.35867096344553
2011.2945 45.49 12.24 -15.68294375101008 18.29268579293284
2011.3219 45.49 12.24 -14.63182136214715 17.05668136209402
2011.3493 45.49 12.24 -22.56040463211477 15.02354720458568
2011.3767 45.49 12.24 2.32564119503542 17.95232607138691
2011.4041 45.49 12.24 16.58461441598833 15.45604514727976
2011.4315 45.49 12.24 6.31886492897187 15.16577948245911
2011.5137 45.49 12.24 19.40710900361715 13.84930878506026
2011.5411 45.49 12.24 2.10845166267037 15.05797720469803
2011.5685 45.49 12.24 5.89634804906269 14.52690851748903
2011.5959 45.49 12.24 5.41605152065806 15.77127474907545
2011.6233 45.49 12.24 12.75999767840136 15.62611903305019
2011.6507 45.49 12.24 -30.99172994098706 19.11573558203128
2011.6781 45.49 12.24 -31.05538512691187 17.72153309200104
2011.7055 45.49 12.24 -23.15401678084060 17.81696155295616
2011.7329 45.49 12.24 -14.46767740443299 20.94112558863495
2011.7603 45.49 12.24 -6.53154695016963 17.74150477410394
2011.7877 45.49 12.24 -12.67642782131268 19.01935971078386
2011.8151 45.49 12.24 -5.67223874879948 18.55930015222918
2011.8425 45.49 12.24 12.54117001993429 20.39237453572802
2011.8699 45.49 12.24 -6.35384229771724 18.83307787548480
2011.9521 45.49 12.24 7.26618991989012 11.61852311283497
2011.9795 45.49 12.24 -15.66424331446149 16.01750263197314
2012.0068 45.49 12.24 -10.73990074905169 14.70833774093339
2012.0342 45.49 12.24 -32.69015589069783 17.79004721623442
2012.0616 45.49 12.24 -18.05735288251804 15.40805992736618
2012.0890 45.49 12.24 -10.69256310696423 15.12852058775775
2012.1164 45.49 12.24 2.52093417237715 14.66333500659738
2012.1438 45.49 12.24 -0.60960834530030 15.23970179191896
2012.1712 45.49 12.24 -2.91564694520546 14.29305103701952
2012.1986 45.49 12.24 11.48994191471513 12.83955322268503
2012.2260 45.49 12.24 20.07725890951294 13.26737322113457
2012.2534 45.49 12.24 -29.84501781443197 12.88683162383447
2012.2808 45.49 12.24 -17.07615669007124 11.95965468691106
2012.3082 45.49 12.24 -8.00275651517987 13.74271823452083
2012.3904 45.49 12.24 3.96724498213357 14.07210851594111
2012.4178 45.49 12.24 -15.06866216959801 10.80924754300434
2012.4452 45.49 12.24 -13.45729663345974 10.62771147923359
2012.4726 45.49 12.24 -13.81807425788425 11.61460317560014
2012.5000 45.49 12.24 -32.31429059116623 10.94888738326985
2012.5274 45.49 12.24 -7.97979949316833 11.73313435321066
2012.5548 45.49 12.24 -21.72469770299762 11.72957485714808
2012.5822 45.49 12.24 -5.92063710169279 12.59146191458423
2012.6096 45.49 12.24 -22.60483805713182 12.55236850635715
2012.6370 45.49 12.24 -28.26021078529270 11.45207364392761
2012.6644 45.49 12.24 -50.28006512813572 12.70179691442721
2012.6918 45.49 12.24 -20.18025915894847 13.15855097845821
2012.7192 45.49 12.24 -19.96004157484045 16.25200744018376
2012.7466 45.49 12.24 -11.65922468582579 10.74765441105606
2012.8562 45.49 12.24 9.63567987660845 16.69347369665095
2012.8836 45.49 12.24 -5.01740562666195 15.78701574942089
2012.9110 45.49 12.24 11.17455427916489 14.89791615578412
2012.9384 45.49 12.24 15.92805336171184 14.03059400799234
2012.9658 45.49 12.24 11.63413771389298 16.24858577216382
2012.9918 45.49 12.24 22.38426401806161 7.52472060660796
2013.0178 45.49 12.24 6.76646995091433 9.11993915078990
2013.0452 45.49 12.24 27.91770390618640 9.03150801231441
2013.0726 45.49 12.24 9.80212820986715 8.22891298837703
2013.1000 45.49 12.24 19.97534975805974 8.47177845975556
2013.1274 45.49 12.24 18.04923301863458 7.73989192464471
2013.1548 45.49 12.24 10.19322341829353 6.96382687542112
2013.2644 45.49 12.24 24.10487183692324 8.07382199620031
2013.2918 45.49 12.24 9.86496673685492 8.02161167933297
2013.3192 45.49 12.24 25.56836822874406 9.01558718399753
2013.3466 45.49 12.24 19.07650126546690 9.29511961229655
2013.3740 45.49 12.24 21.85439793929770 7.79150863450352
2013.4014 45.49 12.24 21.48556358744421 8.08937771638659
2013.4288 45.49 12.24 25.45053647812839 6.94009027161898
2013.4562 45.49 12.24 -0.60535232676346 7.05988502039908
2013.4836 45.49 12.24 -31.52687506844116 7.30769766821866
2013.5110 45.49 12.24 12.57373919795249 8.41897340674086
2013.5384 45.49 12.24 1.76042329179957 8.07567131667775
2013.5658 45.49 12.24 15.88471356241707 8.57922696614392
2013.7575 45.49 12.24 16.18031024413478 7.99422136623734
2013.7849 45.49 12.24 31.07264556314183 8.40263049565603
2013.8123 45.49 12.24 -9.08921347012340 7.63994495990294
2013.8397 45.49 12.24 18.42524145042758 7.77749422710502
2013.8671 45.49 12.24 7.09706636620599 8.28452198998878
2013.8945 45.49 12.24 33.66196110292857 7.75803539202394
2013.9219 45.49 12.24 25.84639299885847 6.72797195247858
2013.9493 45.49 12.24 -19.47564718257473 7.32559578668922
2013.9767 45.49 12.24 -14.47248886894001 7.27782551862384
2014.0041 45.49 12.24 15.83950565026872 7.05796111189499
2014.0315 45.49 12.24 5.62119550666546 7.47843545822415
2014.1685 45.49 12.24 45.43142707534601 7.76426696751359
2014.1959 45.49 12.24 28.40756539926211 8.16422344867352
2014.2233 45.49 12.24 42.35219038969983 7.63606406525977
2014.2507 45.49 12.24 43.13951309215860 6.88786615170930
2014.2781 45.49 12.24 15.37887192664270 7.36089971478789
2014.3055 45.49 12.24 40.77547971669865 7.00294603613250
2014.3329 45.49 12.24 24.67206739534937 5.52019276836741
2014.3603 45.49 12.24 35.99126151501980 6.48114163917171
2014.3877 45.49 12.24 37.35367667960325 6.50081641981579
2014.4151 45.49 12.24 19.92293855620194 6.42058735154852
2014.4425 45.49 12.24 49.56579146486486 6.89526653978307
2014.4699 45.49 12.24 55.46370363516576 6.76758637219046
2014.5795 45.49 12.24 65.52846207404673 5.38315219880316
2014.6068 45.49 12.24 49.64638016961936 5.93311215934507
2014.6342 45.49 12.24 50.48854429972459 5.22718626855822
2014.6616 45.49 12.24 48.84712396405165 6.04482231656729
2014.6890 45.49 12.24 75.43653334399002 5.88113390694951
2014.7164 45.49 12.24 51.23124171087378 5.73644408635148
2014.7438 45.49 12.24 55.47597030671837 6.37504649257527
2014.7712 45.49 12.24 45.87257873945776 6.30082275019903
2014.7986 45.49 12.24 67.31773936594794 5.41469963396138
2014.8260 45.49 12.24 28.69067867269247 5.36541950745354
2014.8534 45.49 12.24 64.06299065226325 5.74042599829087
2014.8808 45.49 12.24 69.79670115391357 5.75959282058422
2014.9082 45.49 12.24 68.38533144476588 5.89545948580621
2015.0452 45.49 12.24 60.27215754823827 4.08819287072107
2015.0726 45.49 12.24 48.26386852303847 4.69891376754243
2015.1000 45.49 12.24 59.94474361122816 3.97380468381130
2015.1274 45.49 12.24 41.52437124318375 3.65756703848416
2015.1548 45.49 12.24 36.77792027518505 4.51808071755877
2015.1822 45.49 12.24 54.43372352397510 4.12275945098131
2015.2096 45.49 12.24 77.51003861148740 6.02064399659048
2015.2370 45.49 12.24 40.59804675859512 6.53773884204679
2015.2644 45.49 12.24 46.33689153142116 5.61917287096525
2015.2918 45.49 12.24 43.88928900348035 5.52387109183600
2015.3192 45.49 12.24 4.39646737042572 5.30022031726586
2015.3466 45.49 12.24 32.31222867032942 5.84979966403058
2015.4836 45.49 12.24 29.77177384906109 4.87629515865243
2015.5110 45.49 12.24 27.87698622806976 4.77834127065809
2015.5384 45.49 12.24 30.71219377016619 5.46757936518554
2015.5658 45.49 12.24 30.30006524933786 5.81010621511037
2015.5932 45.49 12.24 13.53163955408817 6.15271200830886
2015.6205 45.49 12.24 13.62699393521958 5.79885189389522
2015.6479 45.49 12.24 11.85785767735542 5.66820245368029
2015.6753 45.49 12.24 9.46538421253799 5.30407465911003
2015.7027 45.49 12.24 30.38782525390910 6.03186415174877
2015.7301 45.49 12.24 44.59511315461338 5.91499571287588
2015.9493 45.49 12.24 10.61148004654329 5.62900362561294
2015.9767 45.49 12.24 23.98316818443879 6.22048442744325
2016.0041 45.49 12.24 -6.54163489225435 5.49210584433403
2016.0315 45.49 12.24 21.11834878307482 5.21692321789135
2016.0589 45.49 12.24 19.36809164641591 5.33745380142018
2016.0863 45.49 12.24 13.81800831493044 4.63397841424541
2016.1137 45.49 12.24 0.92375683498406 5.46548313862248
2016.1411 45.49 12.24 50.94357377634270 6.75684915577033
2016.1685 45.49 12.24 46.55026831591390 7.44400004771922
2016.1959 45.49 12.24 56.77321754509548 7.31260173671826
2016.2233 45.49 12.24 44.39948537515156 7.44646804289436
2016.2507 45.49 12.24 20.58561858450363 5.60613157934213
2016.3603 45.49 12.24 37.03198299627812 5.26285323884003
2016.3877 45.49 12.24 39.06492916939631 6.49553102493373
2016.4151 45.49 12.24 35.25099185926760 6.28920247591628
2016.4425 45.49 12.24 52.21362745980252 6.92790890731640
2016.4699 45.49 12.24 42.18033832454118 6.77078558370739
