2002.5877 53.81 -166.94 -27.27833681537490 10.74349881749244
2002.6151 53.81 -166.94 -16.95773080866988 10.44488684578477
2002.6425 53.81 -166.94 -23.87139358124612 10.68112894676686
2002.6699 53.81 -166.94 -45.04813865372154 8.90542148437408
2002.6973 53.81 -166.94 -2.99996990581573 15.31560860227666
2002.7247 53.81 -166.94 -42.40343946921048 10.19190167716733
2002.7521 53.81 -166.94 -10.76442761113549 9.26232524634843
2002.7795 53.81 -166.94 -22.53618419368253 10.53740948856688
2002.8068 53.81 -166.94 -13.42669729602608 9.67908868223494
2002.8342 53.81 -166.94 -13.85215431858303 9.46456422117718
2002.8616 53.81 -166.94 -19.93792970102486 9.32529821398919
2002.8890 53.81 -166.94 -4.04190639177040 9.67895647719399
2002.9164 53.81 -166.94 -1.78927900142224 10.00593186502014
2003.0260 53.81 -166.94 26.87402481632408 11.15805918821521
2003.0534 53.81 -166.94 40.77382314144128 19.65760269804742
2003.0808 53.81 -166.94 -9.38466814831022 16.32561071046913
2003.1082 53.81 -166.94 57.02325996262353 9.01568335840098
2003.1356 53.81 -166.94 50.83207644652803 8.30275474125894
2003.1630 53.81 -166.94 20.25489211340502 9.03188698377705
2003.1904 53.81 -166.94 6.88603176557139 10.61117568582992
2003.2178 53.81 -166.94 -8.49386197894370 8.89456852042972
2003.2452 53.81 -166.94 -8.47320113928229 8.81450481649457
2003.2726 53.81 -166.94 -31.08886770593130 8.56920476062089
2003.3000 53.81 -166.94 -2.76630184537709 8.39349614874729
2003.3274 53.81 -166.94 -18.24753386233088 11.24008372384293
2003.3548 53.81 -166.94 35.00760399743483 12.74113091367278
2003.3822 53.81 -166.94 -2.67300762024435 10.99667234033286
2003.5192 53.81 -166.94 -1.08152733151061 12.44364311986616
2003.5466 53.81 -166.94 -20.15394486381333 14.16858425456295
2003.5740 53.81 -166.94 -1.07884844362159 16.95963586149592
2003.6014 53.81 -166.94 -33.30959883709250 14.23349644393925
2003.6288 53.81 -166.94 -18.84988666799198 13.11994940872454
2003.6562 53.81 -166.94 -15.64510638838056 14.37065144913270
2003.6836 53.81 -166.94 4.87031986974771 14.37729386994735
2003.7110 53.81 -166.94 -2.56369227963921 10.69455250634674
2003.7384 53.81 -166.94 -25.46652444817521 13.51021847556076
2003.7658 53.81 -166.94 9.40450815170536 12.28564479378506
2003.7932 53.81 -166.94 3.32140433861455 13.97942213187389
2003.8205 53.81 -166.94 -3.89036681949639 15.00930235777557
2003.8479 53.81 -166.94 -5.36948657249481 12.86900555921125
2003.8753 53.81 -166.94 10.96071099860128 13.90174880092793
2003.9027 53.81 -166.94 28.03228850010078 12.32970181982674
2003.9301 53.81 -166.94 -6.58451333119623 13.11852919918986
2003.9575 53.81 -166.94 21.05701054528475 15.14644735441560
2003.9849 53.81 -166.94 8.56804533464511 14.21864674644064
2004.0123 53.81 -166.94 -12.75408031323077 15.29122822479787
2004.0397 53.81 -166.94 10.33220556468364 11.94442298195336
2004.0945 53.81 -166.94 4.88716019196524 11.10986106856497
2004.1219 53.81 -166.94 6.50381169619958 12.69104847218601
2004.1493 53.81 -166.94 23.24649446089376 15.11738277152664
2004.1767 53.81 -166.94 -4.23041895426585 16.51781281086212
2004.2041 53.81 -166.94 -8.77755680051694 13.10252453784473
2004.2315 53.81 -166.94 -9.07098163417689 13.33113011624567
2004.2589 53.81 -166.94 11.93874025212959 13.75246531259087
2004.2863 53.81 -166.94 -14.92102557451264 13.86508051765713
2004.3137 53.81 -166.94 -16.39601342963633 13.12085338856265
2004.3411 53.81 -166.94 -35.61332652963259 14.54491942796661
2004.3685 53.81 -166.94 -50.65418707169679 13.78395619959318
2004.3959 53.81 -166.94 -37.21619103236029 11.88890094167515
2004.4233 53.81 -166.94 -28.87362832348967 11.39028453842175
2004.4507 53.81 -166.94 -16.70902852309754 10.20222235354266
2004.4781 53.81 -166.94 8.09352373758256 11.34841109000619
2004.5055 53.81 -166.94 -12.42898136117559 11.00523663008833
2004.5329 53.81 -166.94 -21.18036478846646 10.29040124525143
2004.5603 53.81 -166.94 -1.38197520764792 10.69178623728978
2004.5877 53.81 -166.94 -9.71469193675325 10.74215815861813
2004.6151 53.81 -166.94 -15.40052787215108 11.88406748501262
2004.6425 53.81 -166.94 -14.69730277381584 9.88947688295479
2004.6699 53.81 -166.94 4.47014770382947 9.86429667683669
2004.6973 53.81 -166.94 -6.87450588083256 9.14488065799532
2004.7247 53.81 -166.94 -30.90689725711797 10.72417093194667
2004.7521 53.81 -166.94 -12.97005109584233 10.15070802611468
2004.7795 53.81 -166.94 -6.49635919527619 9.99557808232838
2004.8068 53.81 -166.94 -19.52477538649006 11.30117050766274
2004.8342 53.81 -166.94 -29.48637264499814 11.17879396429101
2004.8616 53.81 -166.94 -14.15866697715037 9.59222922259486
2004.8890 53.81 -166.94 -2.31218124755811 9.63080392050250
2004.9164 53.81 -166.94 -9.63500670205449 10.68919622371586
2004.9438 53.81 -166.94 32.13736434172330 11.50286625906004
2004.9712 53.81 -166.94 -4.92592720940021 10.84020344330480
2004.9973 53.81 -166.94 0.01572396893171 10.27904423486455
2005.0233 53.81 -166.94 9.98730631911949 12.30084996970543
2005.0507 53.81 -166.94 -17.48521438640652 18.89209358852415
2005.0781 53.81 -166.94 0.27934695382407 13.94129711794835
2005.1055 53.81 -166.94 -15.37093751779663 13.77604045557229
2005.1329 53.81 -166.94 -26.41734821465698 14.11321213394362
2005.1603 53.81 -166.94 -8.97457380024548 12.35486905924818
2005.1877 53.81 -166.94 -1.54522594466852 12.33070626157681
2005.2151 53.81 -166.94 6.98635874521940 11.36136970697182
2005.2425 53.81 -166.94 1.26657987930520 11.07095501034386
2005.2699 53.81 -166.94 4.34261326719206 11.91788860170022
2005.2973 53.81 -166.94 -4.04878802909952 12.66986179106444
2005.3247 53.81 -166.94 -6.01468090924423 13.38486375147744
2005.3521 53.81 -166.94 -7.38491463214460 4.61519137256540
2005.3795 53.81 -166.94 10.86294972458352 12.40283252373884
2005.4068 53.81 -166.94 26.31729510485424 11.18076233886009
2005.4342 53.81 -166.94 -9.52558326380153 12.80526612311035
2005.4616 53.81 -166.94 2.26904753139241 11.72548563263003
2005.4890 53.81 -166.94 -4.09366373104350 11.09584574212384
2005.5164 53.81 -166.94 9.97004710406066 11.00803551880390
2005.5438 53.81 -166.94 2.07112602271205 12.14088385580989
2005.5712 53.81 -166.94 -13.84248067086244 13.35918265858084
2005.5986 53.81 -166.94 -8.97650411477114 13.65233621061728
2005.6260 53.81 -166.94 -8.38614135431395 11.91130940195864
2005.6534 53.81 -166.94 -7.01721099758746 12.70418477043540
2005.6808 53.81 -166.94 -18.74365194686301 12.39449138668587
2005.7082 53.81 -166.94 -10.74732111960254 15.38715725912892
2005.7356 53.81 -166.94 -13.68362425337124 13.34861965784695
2005.7630 53.81 -166.94 -15.79851620294398 13.36246666956409
2005.7904 53.81 -166.94 5.29092554273838 12.34444969449348
2005.8178 53.81 -166.94 16.22390632269299 12.76919882650755
2005.8452 53.81 -166.94 19.91667495867468 13.65264952177353
2005.8726 53.81 -166.94 13.91369771340105 11.73763148762365
2005.9000 53.81 -166.94 29.03017050339184 11.35099637237696
2005.9274 53.81 -166.94 24.08589981799657 11.38034125294898
2005.9548 53.81 -166.94 24.99632315418651 9.40108530014223
2005.9822 53.81 -166.94 -0.41521428645772 10.46067031314364
2006.0096 53.81 -166.94 7.65611178950048 11.97112973816501
2006.0370 53.81 -166.94 9.89508001554815 15.42451841831226
2006.0644 53.81 -166.94 -11.44120949009988 15.56432183514766
2006.0918 53.81 -166.94 -8.69968885341747 15.65873710266723
2006.1192 53.81 -166.94 3.94146201195342 18.23000995456024
2006.1466 53.81 -166.94 -22.74678880863038 13.90230310400181
2006.1740 53.81 -166.94 -11.33859344814646 16.16753670951131
2006.2014 53.81 -166.94 -23.52353765869074 12.03474822007603
2006.2288 53.81 -166.94 -7.57506382635687 16.20575488530963
2006.2562 53.81 -166.94 -1.55349412591946 15.31116554026943
2006.2836 53.81 -166.94 3.37503778987639 14.83936008740219
2006.3110 53.81 -166.94 -0.57580598294604 15.93027090572312
2006.3384 53.81 -166.94 3.83068853587961 14.34842864057218
2006.3658 53.81 -166.94 -10.77651041295538 16.00827385041032
2006.3932 53.81 -166.94 -50.15847576895054 15.67026701874814
2006.4205 53.81 -166.94 0.84276421709418 15.62484185118399
2006.4479 53.81 -166.94 -13.05212693112696 16.80967497020691
2006.4753 53.81 -166.94 -19.71528033134213 17.32291174767404
2006.5027 53.81 -166.94 -48.63181153341176 18.10014863112991
2006.5301 53.81 -166.94 -12.05692048908444 21.96948822345900
2006.5575 53.81 -166.94 -10.02730717601487 17.12688859820593
2006.5849 53.81 -166.94 -14.08795628366229 17.66458756334989
2006.6123 53.81 -166.94 -0.51140587138282 22.69629264884932
2006.6397 53.81 -166.94 -48.56559035074342 18.82556545050767
2006.6671 53.81 -166.94 15.82655543925457 16.77199286178006
2006.6945 53.81 -166.94 -27.04892281293466 22.05745530288978
2006.7219 53.81 -166.94 -1.60677341017442 20.02542495653078
2006.7493 53.81 -166.94 5.23960139635168 24.45933944364556
2006.7767 53.81 -166.94 22.56621229817227 21.24861195706067
2006.8041 53.81 -166.94 -2.23418832546331 16.69837745393390
2006.8315 53.81 -166.94 29.10544023508632 19.87235160365045
2006.8589 53.81 -166.94 3.11233963866206 19.16448271354533
2006.8863 53.81 -166.94 -6.25381314510505 18.16534314835066
2006.9137 53.81 -166.94 -1.98165967729196 17.45346194181389
2006.9411 53.81 -166.94 -8.60732462705456 17.06622831556362
2006.9685 53.81 -166.94 5.59595523712096 16.74883523970174
2006.9959 53.81 -166.94 20.88226658412079 16.34523534597296
2007.0233 53.81 -166.94 -18.42091269528412 14.89231335441638
2007.0507 53.81 -166.94 -22.51556387263438 15.81276162079281
2007.0781 53.81 -166.94 3.52725945539776 16.68814423469998
2007.1055 53.81 -166.94 -19.03094414323263 14.67119524688906
2007.1329 53.81 -166.94 -11.15421123629718 16.21327792407087
2007.1603 53.81 -166.94 -14.32177622405374 15.39748796573771
2007.1877 53.81 -166.94 -27.83356741599125 20.90925431364910
2007.2151 53.81 -166.94 -14.79040251568100 18.46606347616009
2007.2425 53.81 -166.94 0.40349952636041 17.65672037756272
2007.2699 53.81 -166.94 -17.55858213869019 13.32878624125019
2007.2973 53.81 -166.94 -10.31323176804142 12.49140984080167
2007.3247 53.81 -166.94 -24.08522821484499 15.94685723498471
2007.3521 53.81 -166.94 -17.44962350750978 17.70762822759826
2007.3795 53.81 -166.94 -33.27176646248558 18.76109186303306
2007.4068 53.81 -166.94 -20.89261463801638 15.12850461053059
2007.4342 53.81 -166.94 -25.80123397123149 14.31884327524853
2007.4616 53.81 -166.94 -37.07632560177479 19.79608754929707
2007.4890 53.81 -166.94 -16.13126680067695 14.37520275547394
2007.5164 53.81 -166.94 -6.40125179496623 15.41152439886486
2007.5438 53.81 -166.94 -14.24290434010450 14.80339750296552
2007.5712 53.81 -166.94 5.71326622363926 15.22885144473910
2007.5986 53.81 -166.94 -10.16785475635448 19.12556731903858
2007.6260 53.81 -166.94 15.27131949324290 15.12411467264532
2007.6534 53.81 -166.94 -10.88222094028044 15.45077443280305
2007.6808 53.81 -166.94 9.92769898576068 16.16759503539391
2007.7082 53.81 -166.94 12.14791410872894 11.20877709680072
2007.7356 53.81 -166.94 -3.13745830229914 16.62334336046995
2007.7630 53.81 -166.94 14.18250114540527 12.02585119920334
2007.7904 53.81 -166.94 17.73084890424041 16.51556769419324
2007.8178 53.81 -166.94 0.50685748817513 19.41490822501163
2007.8452 53.81 -166.94 23.78979624438094 15.14197546505583
2007.8726 53.81 -166.94 3.47029732862751 17.91170679419157
2007.9000 53.81 -166.94 33.61694386879044 19.09745089330102
2007.9274 53.81 -166.94 20.80609415050822 18.69799929833046
2007.9548 53.81 -166.94 16.60630439461956 13.69006736254999
2007.9822 53.81 -166.94 -26.44533578816944 17.24955694565012
2008.0096 53.81 -166.94 -16.02016482993960 15.01267762577261
2008.0370 53.81 -166.94 24.66219171722495 15.66398678708686
2008.0644 53.81 -166.94 -3.63019189497753 18.42525680377031
2008.0918 53.81 -166.94 20.35540785387021 14.02708648493754
2008.1192 53.81 -166.94 -6.97619521071203 17.02962516609855
2008.1466 53.81 -166.94 -9.53105366728973 20.11077223326451
2008.1740 53.81 -166.94 -7.18177251836683 17.36713095246728
2008.2014 53.81 -166.94 31.15079064663099 19.08103997492769
2008.2288 53.81 -166.94 48.50016973638519 21.26763654476760
2008.2562 53.81 -166.94 -27.18356386807346 20.13564365653034
2008.2836 53.81 -166.94 0.81352946827253 24.28015770015817
2008.3110 53.81 -166.94 10.59269324952525 25.36989170123783
2008.3384 53.81 -166.94 -20.01372269595342 18.63609515626142
2008.3658 53.81 -166.94 -18.55172156523347 18.87280227787331
2008.3932 53.81 -166.94 7.26780300293304 16.80937002135261
2008.4205 53.81 -166.94 -7.42664270190361 14.72035722371912
2008.4479 53.81 -166.94 -7.76091096011702 15.19253969595824
2008.4753 53.81 -166.94 -11.81693218046824 14.58900802851609
2008.5027 53.81 -166.94 -13.02506228163097 18.04924834887536
2008.5301 53.81 -166.94 -14.54967398191077 22.32605057494126
2008.5575 53.81 -166.94 9.32758022613142 14.15424560677782
2008.5849 53.81 -166.94 -0.08198460550573 16.73563982868283
2008.6123 53.81 -166.94 -2.43013957556201 13.41614489815146
2008.6397 53.81 -166.94 -6.84664958793193 14.95202205295018
2008.6671 53.81 -166.94 -6.21634780288770 14.20795937238607
2008.6945 53.81 -166.94 -6.20726347508200 13.69079066092833
2008.7219 53.81 -166.94 -28.20703745488731 16.18586005883517
2008.7493 53.81 -166.94 1.48155570778307 14.48022669572351
2008.7767 53.81 -166.94 -20.49703013197052 17.34429117360271
2008.8041 53.81 -166.94 -15.93761881177638 17.48961864930547
2008.8315 53.81 -166.94 -17.52013702807920 19.61672469723516
2008.8589 53.81 -166.94 -0.50941469875970 22.91976496981944
2008.8863 53.81 -166.94 -8.30024238528096 21.99462026534389
2008.9137 53.81 -166.94 -10.94761301949258 21.01278858878602
2008.9411 53.81 -166.94 -15.50609444247628 21.69322256667480
2008.9685 53.81 -166.94 -11.31076298644733 20.25487152751190
2008.9945 53.81 -166.94 12.43664341419174 17.14826078189245
2009.0205 53.81 -166.94 2.48013522133519 17.00485051933203
2009.0479 53.81 -166.94 -3.04171221046596 17.01299185635738
2009.0753 53.81 -166.94 0.27805444692365 16.06097213641067
2009.1027 53.81 -166.94 -21.47524842638851 20.38533560830731
2009.1301 53.81 -166.94 -16.97853694965796 15.91053510605917
2009.1575 53.81 -166.94 -27.26886628680207 16.07306746019643
2009.1849 53.81 -166.94 -21.74896284316624 19.15435374611968
2009.2123 53.81 -166.94 7.69957901445349 15.84767306388261
2009.2397 53.81 -166.94 -7.10790805431933 18.39261900747196
2009.2671 53.81 -166.94 1.70844525335149 15.21732743075694
2009.2945 53.81 -166.94 -10.14043194236151 15.68483929561034
2009.3219 53.81 -166.94 0.96933051722782 16.33084281738130
2009.3493 53.81 -166.94 -11.51156348048517 14.87057453248262
2009.3767 53.81 -166.94 5.07647814990148 15.67406038622975
2009.4041 53.81 -166.94 8.32580358227538 13.53323004425338
2009.4315 53.81 -166.94 5.67145787987968 15.97164817844619
2009.4589 53.81 -166.94 -7.03570877376253 13.13168159998343
2009.4863 53.81 -166.94 16.87042694567634 14.62409526212597
2009.5137 53.81 -166.94 -4.35906768120377 13.75695597854421
2009.5411 53.81 -166.94 -13.27424456537349 17.19195765139810
2009.5685 53.81 -166.94 -9.68514017617179 18.46846287541934
2009.5959 53.81 -166.94 -12.72205421086768 16.01696583032309
2009.6233 53.81 -166.94 0.94984188574949 16.97150086772130
2009.6507 53.81 -166.94 -17.51640017053593 16.36775230797411
2009.6781 53.81 -166.94 -28.82546360706382 17.70080858558033
2009.7055 53.81 -166.94 -5.22135238273635 18.58060350611029
2009.7329 53.81 -166.94 -2.22020678896719 17.73325326426917
2009.7603 53.81 -166.94 10.84046975429884 20.29177884287165
2009.7877 53.81 -166.94 17.62493743333579 18.65835420236171
2009.8151 53.81 -166.94 4.95692724865151 20.24413165481181
2009.8425 53.81 -166.94 12.54670815696568 18.22941173842160
2009.8699 53.81 -166.94 15.65971866596403 17.32673522570763
2009.8973 53.81 -166.94 9.12743316644254 16.11345433569072
2009.9247 53.81 -166.94 30.14943684171275 15.67981529314875
2009.9521 53.81 -166.94 11.73285564403340 14.82368006792769
2009.9795 53.81 -166.94 17.16829698030969 15.26179225021127
2010.0068 53.81 -166.94 8.38764091766599 19.86648373672214
2010.0342 53.81 -166.94 13.15320568376752 15.05971792323633
2010.0616 53.81 -166.94 15.46066305246831 15.56616629101341
2010.0890 53.81 -166.94 -2.30394452580681 19.07871874519514
2010.1164 53.81 -166.94 7.45730594753980 19.73363093988672
2010.1438 53.81 -166.94 -2.56195975425567 18.69875481034505
2010.1712 53.81 -166.94 2.02185523443075 17.83834005531608
2010.1986 53.81 -166.94 17.96356849107537 17.08215705703346
2010.2260 53.81 -166.94 -10.88059514652673 18.77361863630396
2010.2534 53.81 -166.94 23.66775479036857 19.30145778378230
2010.2808 53.81 -166.94 3.98347893474695 14.52668263142708
2010.3082 53.81 -166.94 2.19142336031147 15.37501743567080
2010.3356 53.81 -166.94 25.40436409731853 13.62113389023096
2010.3630 53.81 -166.94 -14.52256115707659 14.63831058995743
2010.3904 53.81 -166.94 -24.48818018956963 15.02404820181501
2010.4178 53.81 -166.94 -0.15985232748769 15.69532392609957
2010.4452 53.81 -166.94 -1.07505622182278 13.60336513446847
2010.4726 53.81 -166.94 -14.47800744711908 12.09040515199045
2010.5000 53.81 -166.94 -8.01910314228134 13.98001315149132
2010.5274 53.81 -166.94 -12.35216196763688 23.22308127473466
2010.5548 53.81 -166.94 -11.38163899638346 14.38903994815401
2010.5822 53.81 -166.94 -12.64258105628628 12.86476473662263
2010.6096 53.81 -166.94 -7.86854367426763 17.19187810848454
2010.6370 53.81 -166.94 -10.57705538818882 15.11698034758417
2010.6644 53.81 -166.94 1.37209231448795 14.03294650318363
2010.6918 53.81 -166.94 -4.93088963807356 17.30209767014572
2010.7192 53.81 -166.94 -12.65263050265560 16.04226717855303
2010.7466 53.81 -166.94 -4.79020279548311 19.00493599403841
2010.7740 53.81 -166.94 6.40200707761036 14.82887276815548
2010.8014 53.81 -166.94 1.76095388855588 14.22491254538403
2010.8288 53.81 -166.94 -21.68386004709728 16.50657820865756
2010.8562 53.81 -166.94 23.66838988432139 16.13419852250394
2010.8836 53.81 -166.94 31.83561909481566 14.70905014817607
2010.9110 53.81 -166.94 -6.51682673909593 16.36165943523490
2010.9384 53.81 -166.94 1.91916699793440 17.08576558286545
2010.9658 53.81 -166.94 38.25393251861968 18.97543048097434
2010.9932 53.81 -166.94 12.66639786588222 14.39027285351826
2011.1027 53.81 -166.94 -19.08033219125101 14.11545232741655
2011.1301 53.81 -166.94 -0.17356136352439 22.59869981344387
2011.1575 53.81 -166.94 -9.64169386696619 14.54288205109448
2011.1849 53.81 -166.94 -8.22283823373631 11.15667162915387
2011.2123 53.81 -166.94 -6.67818035380483 19.14264482834651
2011.2397 53.81 -166.94 13.21651212515839 20.12404093711881
2011.2671 53.81 -166.94 -5.56386896686248 15.89909576345951
2011.2945 53.81 -166.94 2.66443400191895 18.88531634877731
2011.3219 53.81 -166.94 -3.20653779480601 17.60231590428694
2011.3493 53.81 -166.94 -36.05214847062862 15.53028979023939
2011.3767 53.81 -166.94 1.43217436560092 18.53349974375109
2011.4041 53.81 -166.94 -3.23688419372349 15.99448312192668
2011.4315 53.81 -166.94 -6.58990707217856 15.95759599765706
2011.5137 53.81 -166.94 -1.77044643321726 14.47943929648274
2011.5411 53.81 -166.94 -3.28409872337987 15.61255286047597
2011.5685 53.81 -166.94 -3.07702553901083 15.09601439359763
2011.5959 53.81 -166.94 -12.60243365618939 16.35491683462745
2011.6233 53.81 -166.94 -10.35845885630938 16.24267203765706
2011.6507 53.81 -166.94 7.66696483799126 19.78827222983033
2011.6781 53.81 -166.94 9.63737604544339 18.33197837767596
2011.7055 53.81 -166.94 -3.49499097519301 18.41889457640545
2011.7329 53.81 -166.94 -14.29733904957482 21.60379035107260
2011.7603 53.81 -166.94 14.30926048309000 18.31172542226011
2011.7877 53.81 -166.94 12.11581883240960 19.60777099864932
2011.8151 53.81 -166.94 -0.61015032727829 19.15081542790439
2011.8425 53.81 -166.94 36.71795144513724 20.99849135875863
2011.8699 53.81 -166.94 29.35284268499057 19.53502722705836
2011.9521 53.81 -166.94 7.33530377645021 12.49768216278568
2011.9795 53.81 -166.94 -18.65229190601296 16.52424650766713
2012.0068 53.81 -166.94 -19.50811162286329 15.23438362678388
2012.0342 53.81 -166.94 46.18630526461867 18.48124885307341
2012.0616 53.81 -166.94 23.36140281836098 15.96007147928586
2012.0890 53.81 -166.94 39.05873965814056 15.70287178903736
2012.1164 53.81 -166.94 12.13406220266775 15.29599986293350
2012.1438 53.81 -166.94 26.27721767990992 15.86264190599698
2012.1712 53.81 -166.94 24.78195060673145 14.98920323851520
2012.1986 53.81 -166.94 3.02448314467717 13.47437424210977
2012.2260 53.81 -166.94 0.79008485407317 13.87567646756573
2012.2534 53.81 -166.94 -11.84083539132316 13.46675503424196
2012.2808 53.81 -166.94 -21.68241053461843 12.50210348078776
2012.3082 53.81 -166.94 -28.05822817059485 14.86999885627393
2012.3904 53.81 -166.94 -30.83108717170467 15.02387655491865
2012.4178 53.81 -166.94 -26.72445385841464 11.36712848405933
2012.4452 53.81 -166.94 -16.27014076203955 11.19596590833301
2012.4726 53.81 -166.94 -10.60217173171112 12.19349251913680
2012.5000 53.81 -166.94 -2.87556056247460 11.53312398357275
2012.5274 53.81 -166.94 -26.19280739004127 12.32418594199333
2012.5548 53.81 -166.94 14.21926649199525 12.31144277124406
2012.5822 53.81 -166.94 6.02294624242637 13.14075663057512
2012.6096 53.81 -166.94 1.21377491872066 13.06638919536157
2012.6370 53.81 -166.94 -4.65039524623521 11.92264810133058
2012.6644 53.81 -166.94 0.46415799150666 13.18576094037014
2012.6918 53.81 -166.94 14.53759876821100 13.61763837432898
2012.7192 53.81 -166.94 9.93310391810227 16.75892582421150
2012.7466 53.81 -166.94 -5.73295360191764 11.42507570757015
2012.8562 53.81 -166.94 3.08372489007775 17.23355673984558
2012.8836 53.81 -166.94 4.89793408730834 16.23993112894676
2012.9110 53.81 -166.94 -3.63290144129997 15.33488468729190
2012.9384 53.81 -166.94 -8.34277221126304 14.54257507151069
2012.9658 53.81 -166.94 0.66040667241910 16.71240448469830
2012.9918 53.81 -166.94 -14.59442204148342 7.79715469556690
2013.0178 53.81 -166.94 6.16980286335495 9.42981273561316
2013.0452 53.81 -166.94 24.32830020377874 9.33751672707072
2013.0726 53.81 -166.94 16.45698087206317 8.51794421797705
2013.1000 53.81 -166.94 -6.19004357156613 8.77247937640401
2013.1274 53.81 -166.94 -2.99989299674265 8.03457412100245
2013.1548 53.81 -166.94 2.55322575356527 7.32714203901677
2013.2644 53.81 -166.94 -15.03614031632840 8.89176897999031
2013.2918 53.81 -166.94 -6.75011106482499 8.31635025463057
2013.3192 53.81 -166.94 -22.69062576420481 9.32306665167186
2013.3466 53.81 -166.94 -6.98497364483369 9.59827525347051
2013.3740 53.81 -166.94 -7.69631358450905 8.04935228398509
2013.4014 53.81 -166.94 -13.60358954938990 8.35774337215683
2013.4288 53.81 -166.94 3.72750795121320 7.19087897557586
2013.4562 53.81 -166.94 -31.52543872437758 7.32333684522439
2013.4836 53.81 -166.94 -8.19539962704351 7.56889125007456
2013.5110 53.81 -166.94 -23.43449486182901 8.70589178569601
2013.5384 53.81 -166.94 -14.33743961000056 8.41913817056374
2013.5658 53.81 -166.94 -5.03553071191434 8.88737705540380
2013.7575 53.81 -166.94 3.47985428550112 8.34695848929474
2013.7849 53.81 -166.94 -18.95979609942465 8.76309995377559
2013.8123 53.81 -166.94 -27.86927070916829 7.97076324466765
2013.8397 53.81 -166.94 -6.28358563790836 8.10356799334803
2013.8671 53.81 -166.94 6.15304444435430 8.64337383066059
2013.8945 53.81 -166.94 -7.06620268751818 8.08226781396125
2013.9219 53.81 -166.94 7.26410492687672 6.98576825308695
2013.9493 53.81 -166.94 19.78624068654839 7.62214240605173
2013.9767 53.81 -166.94 -21.58632665494374 7.55716207236638
2014.0041 53.81 -166.94 -6.95534757773662 7.33616037802499
2014.0315 53.81 -166.94 10.40678640470328 7.80526606649935
2014.1685 53.81 -166.94 0.98504173824308 8.09335761556186
2014.1959 53.81 -166.94 3.72938372733037 8.45992395389303
2014.2233 53.81 -166.94 -2.60151252633937 7.92305085802624
2014.2507 53.81 -166.94 2.44817068064438 7.15125584378962
2014.2781 53.81 -166.94 -18.12650849663772 7.63450295879476
2014.3055 53.81 -166.94 15.97929277643538 7.26774299418949
2014.3329 53.81 -166.94 -8.21684980952774 5.74316036923713
2014.3603 53.81 -166.94 5.34625013386085 6.73026475369892
2014.3877 53.81 -166.94 2.27639685831414 6.75230688142956
2014.4151 53.81 -166.94 13.89922288780927 6.67684778665033
2014.4425 53.81 -166.94 24.35326660061208 7.16978428909691
2014.4699 53.81 -166.94 22.55127538542171 7.05344597781457
2014.5795 53.81 -166.94 31.69987350176983 5.61143962632996
2014.6068 53.81 -166.94 15.82838322343905 6.19743739320418
2014.6342 53.81 -166.94 12.27064520919597 5.47297247152493
2014.6616 53.81 -166.94 39.47814464027576 6.30895057326921
2014.6890 53.81 -166.94 19.79614457461491 6.13310851333637
2014.7164 53.81 -166.94 6.07634580990889 5.98042868492194
2014.7438 53.81 -166.94 34.60458030842890 6.63880150810438
2014.7712 53.81 -166.94 50.25978553762670 6.56461449536984
2014.7986 53.81 -166.94 46.45952040216626 5.66178478873411
2014.8260 53.81 -166.94 46.74353063078028 5.62188597076452
2014.8534 53.81 -166.94 58.65419655720748 6.01501347461370
2014.8808 53.81 -166.94 37.94221716665984 6.03036927765676
2014.9082 53.81 -166.94 44.77870687414430 6.16940127154298
2015.0452 53.81 -166.94 11.18809531782784 4.26366985491290
2015.0726 53.81 -166.94 24.17711081423797 4.99765835181542
2015.1000 53.81 -166.94 9.84441995527399 4.13835365768730
2015.1274 53.81 -166.94 15.50224177262186 3.81032438164178
2015.1548 53.81 -166.94 24.27345409952544 4.80284167976720
2015.1822 53.81 -166.94 9.92718490406519 4.35436474661523
2015.2096 53.81 -166.94 22.31966135882080 6.39531966288590
2015.2370 53.81 -166.94 -6.99449480334263 6.88585479410633
2015.2644 53.81 -166.94 36.91815878112020 5.84845746489140
2015.2918 53.81 -166.94 38.82611882640169 5.75090210001444
2015.3192 53.81 -166.94 19.60208895371186 5.52269506582673
2015.3466 53.81 -166.94 18.21043672322305 6.11368716678244
2015.4836 53.81 -166.94 1.11163965007347 5.12556951790488
2015.5110 53.81 -166.94 15.29141372741365 5.03050737359393
2015.5384 53.81 -166.94 28.09136612486145 5.77227760156268
2015.5658 53.81 -166.94 20.18598195328991 6.09086782620406
2015.5932 53.81 -166.94 7.07375572841114 6.44560026736677
2015.6205 53.81 -166.94 26.47835433716283 6.08579320522771
2015.6479 53.81 -166.94 37.62745239176522 5.94583543556300
2015.6753 53.81 -166.94 13.99833678131643 5.58143933570751
2015.7027 53.81 -166.94 53.74988685463083 6.32400459306613
2015.7301 53.81 -166.94 3.43251409204853 6.21390962980401
2015.9493 53.81 -166.94 33.26467325446450 5.86095092758095
2015.9767 53.81 -166.94 25.84296295029549 6.51013156364089
2016.0041 53.81 -166.94 33.80928041673310 5.75829999204300
2016.0315 53.81 -166.94 24.14518376868938 5.47980049092017
2016.0589 53.81 -166.94 30.61095184031024 5.59097944993931
2016.0863 53.81 -166.94 18.06066474494262 4.81062154714137
2016.1137 53.81 -166.94 19.33694258275301 5.72967191917534
2016.1411 53.81 -166.94 53.41733935963018 7.11661113404846
2016.1685 53.81 -166.94 -32.39936828119160 7.79762183741347
2016.1959 53.81 -166.94 24.68285952136890 7.59152821422539
2016.2233 53.81 -166.94 -3.68207023147338 7.67813019520054
2016.2507 53.81 -166.94 14.82520314220334 5.86040122400286
2016.3603 53.81 -166.94 26.27123640808401 5.49803460388715
2016.3877 53.81 -166.94 13.10393838528983 6.78161416997276
2016.4151 53.81 -166.94 19.41306568617146 6.58523465589637
2016.4425 53.81 -166.94 3.86624470669869 7.23030673604556
2016.4699 53.81 -166.94 5.13558172970105 7.07222272742234
