2002.5877 40.15 -97.17 -35.96415708626925 10.05644007895544
2002.6151 40.15 -97.17 -25.74796051444916 9.78383195162833
2002.6425 40.15 -97.17 -11.59517817122963 9.98355598892966
2002.6699 40.15 -97.17 -7.73650510293402 8.37119271678812
2002.6973 40.15 -97.17 18.97287111273553 13.21632989807099
2002.7247 40.15 -97.17 -28.94756936489288 9.50585580932173
2002.7521 40.15 -97.17 -31.26190312333011 8.69790974274083
2002.7795 40.15 -97.17 -17.64545533479095 9.95638968024294
2002.8068 40.15 -97.17 -11.08614564472803 9.03917134158357
2002.8342 40.15 -97.17 -32.94782766055366 8.84731990561154
2002.8616 40.15 -97.17 -24.97562633239799 8.44361185837484
2002.8890 40.15 -97.17 -31.20229745745781 9.00463177794515
2002.9164 40.15 -97.17 -28.52413703237331 9.30248552812874
2003.0260 40.15 -97.17 -30.70463503095924 10.37292254814268
2003.0534 40.15 -97.17 16.80944030561130 18.24587529755520
2003.0808 40.15 -97.17 -33.36923304691633 15.01626055920348
2003.1082 40.15 -97.17 -25.79621009806580 8.32139850585337
2003.1356 40.15 -97.17 -35.91022555101321 7.65239809771233
2003.1630 40.15 -97.17 -32.85929701854263 8.33889387246765
2003.1904 40.15 -97.17 -45.39104399749144 9.74645193638406
2003.2178 40.15 -97.17 -45.38089260170900 8.22613710007013
2003.2452 40.15 -97.17 -35.46107507556735 8.18156186451115
2003.2726 40.15 -97.17 -27.80799703742225 7.95899828536245
2003.3000 40.15 -97.17 -44.68558935998502 7.81292835003852
2003.3274 40.15 -97.17 -20.76006684680140 10.49366580461281
2003.3548 40.15 -97.17 6.56494443146393 11.95852833766773
2003.3822 40.15 -97.17 -16.21817650151516 10.11899957912547
2003.5192 40.15 -97.17 10.20762351599336 11.68553179463312
2003.5466 40.15 -97.17 -2.98725800513740 13.34703694875787
2003.5740 40.15 -97.17 -1.37365519727638 16.00587106007622
2003.6014 40.15 -97.17 -34.15650251028026 13.38908639691814
2003.6288 40.15 -97.17 -24.45357029349804 12.30301115939746
2003.6562 40.15 -97.17 -31.33794891240130 13.45712273528519
2003.6836 40.15 -97.17 -41.57327911679069 13.51848199701813
2003.7110 40.15 -97.17 -28.95079836025072 9.95273336184528
2003.7384 40.15 -97.17 -55.99169953342111 12.64448629758222
2003.7658 40.15 -97.17 -56.53407678185987 11.50291786620851
2003.7932 40.15 -97.17 -69.34209564348437 13.10023520315640
2003.8205 40.15 -97.17 -44.58240366349811 13.89159088208124
2003.8479 40.15 -97.17 -22.60209359277061 11.71706014230910
2003.8753 40.15 -97.17 -51.97296538634253 12.94209900256044
2003.9027 40.15 -97.17 -49.81528691668489 11.34143480327315
2003.9301 40.15 -97.17 -21.95102535457200 12.12126639322268
2003.9575 40.15 -97.17 -30.13400840826459 14.10497807720947
2003.9849 40.15 -97.17 -29.26672113099858 13.16320028748014
2004.0123 40.15 -97.17 -25.24760697678382 14.13732639793642
2004.0397 40.15 -97.17 -31.07624329520874 10.73986608904219
2004.0945 40.15 -97.17 -50.07141343963590 10.00753326470399
2004.1219 40.15 -97.17 -11.72469641834639 11.58710222089868
2004.1493 40.15 -97.17 -31.87506986452346 13.81862382483152
2004.1767 40.15 -97.17 -5.19805973814456 15.20896220004594
2004.2041 40.15 -97.17 -17.46691226904913 11.91008097196135
2004.2315 40.15 -97.17 -32.71578592081309 12.09628964597642
2004.2589 40.15 -97.17 -33.54427003497080 12.44748607037324
2004.2863 40.15 -97.17 -7.04474566333399 12.51626165155115
2004.3137 40.15 -97.17 -17.70114589453074 11.82085319153958
2004.3411 40.15 -97.17 -24.61500814785967 13.11896952309030
2004.3685 40.15 -97.17 -15.05853362773277 12.34780617343392
2004.3959 40.15 -97.17 -8.93522444115846 10.62093861951541
2004.4233 40.15 -97.17 -16.61889173975498 10.15808577022294
2004.4507 40.15 -97.17 4.21569797155103 9.09313520207913
2004.4781 40.15 -97.17 -13.04642038826250 10.12088316745743
2004.5055 40.15 -97.17 -1.64209030092850 9.81231975908033
2004.5329 40.15 -97.17 -10.11472858114860 9.16424606054195
2004.5603 40.15 -97.17 -19.30698650323370 9.51825452871672
2004.5877 40.15 -97.17 -17.91947017509870 9.54540443626591
2004.6151 40.15 -97.17 -20.46858877545555 10.57860504198188
2004.6425 40.15 -97.17 -43.01272645583660 8.81219253922842
2004.6699 40.15 -97.17 -37.15298418458542 8.78894431283173
2004.6973 40.15 -97.17 -53.21425616685047 8.16215686829965
2004.7247 40.15 -97.17 -53.40140036526169 9.54611312743673
2004.7521 40.15 -97.17 -41.46898553647318 9.04952263128732
2004.7795 40.15 -97.17 -42.13237864938603 8.89765062658955
2004.8068 40.15 -97.17 -35.08216677197794 10.05190447012378
2004.8342 40.15 -97.17 -49.45634963546552 9.94217107497651
2004.8616 40.15 -97.17 -50.76104766737126 8.55403986765353
2004.8890 40.15 -97.17 -45.34462014969402 8.59806225484234
2004.9164 40.15 -97.17 -53.93495682011817 9.55118872479570
2004.9438 40.15 -97.17 -38.00709619438051 10.31449999795004
2004.9712 40.15 -97.17 -29.67662857823521 9.70646241260640
2004.9973 40.15 -97.17 -63.79296348380090 9.18907103958900
2005.0233 40.15 -97.17 -50.34699621852047 11.11257323154149
2005.0507 40.15 -97.17 -59.06997156649107 17.44797675355902
2005.0781 40.15 -97.17 -39.72772130553488 12.71714481776057
2005.1055 40.15 -97.17 -28.91968024273606 12.57524909739435
2005.1329 40.15 -97.17 -33.87978800455950 12.90147389658050
2005.1603 40.15 -97.17 -33.90815519629305 11.21083772053444
2005.1877 40.15 -97.17 -34.89250486195605 11.05982526640412
2005.2151 40.15 -97.17 -36.75787541100642 10.17919830500619
2005.2425 40.15 -97.17 -12.60503704518855 10.02072168047810
2005.2699 40.15 -97.17 -13.63465254016391 10.82470334454800
2005.2973 40.15 -97.17 -22.36190261390353 11.52795576491560
2005.3247 40.15 -97.17 -5.86438763566638 12.17021394668082
2005.3521 40.15 -97.17 -43.64377325805862 4.31802136562405
2005.3795 40.15 -97.17 -21.94210222069717 11.28991032148679
2005.4068 40.15 -97.17 -9.02898958384624 10.15527779370203
2005.4342 40.15 -97.17 -6.56582963700422 11.64480459149515
2005.4616 40.15 -97.17 0.60943584875987 10.68858503415528
2005.4890 40.15 -97.17 -4.80731076129555 10.11304370666904
2005.5164 40.15 -97.17 -14.33519752716803 10.04977387717213
2005.5438 40.15 -97.17 -7.40207739982069 11.13505950598000
2005.5712 40.15 -97.17 -10.88416056584234 12.28286793894428
2005.5986 40.15 -97.17 -19.25453237272752 12.57008977637894
2005.6260 40.15 -97.17 -22.98307138440740 10.94501738914760
2005.6534 40.15 -97.17 -25.17880460013505 11.71504358553624
2005.6808 40.15 -97.17 -26.98658058170523 11.42713007174644
2005.7082 40.15 -97.17 -39.70884239055744 14.30607782270424
2005.7356 40.15 -97.17 -49.97829846290712 12.39317565547970
2005.7630 40.15 -97.17 -40.30017593186313 12.40977440185991
2005.7904 40.15 -97.17 -40.17389656112905 11.44573886423020
2005.8178 40.15 -97.17 -42.68880390746249 11.86132116999355
2005.8452 40.15 -97.17 -53.86594995852144 12.68664472240595
2005.8726 40.15 -97.17 -44.68473501584118 10.89698770098179
2005.9000 40.15 -97.17 -43.94341408354303 10.52639186758313
2005.9274 40.15 -97.17 -31.41989913443476 10.29151115635815
2005.9548 40.15 -97.17 -39.86844718634426 8.85822373020537
2005.9822 40.15 -97.17 -35.50845908682609 9.59312711884407
2006.0096 40.15 -97.17 -46.60037671522677 11.03970205488609
2006.0370 40.15 -97.17 -41.90315827143485 14.31297316490478
2006.0644 40.15 -97.17 -52.16683887624070 14.47132663151499
2006.0918 40.15 -97.17 -31.96497409724677 14.59406715852501
2006.1192 40.15 -97.17 -47.64815344532801 17.08961175398704
2006.1466 40.15 -97.17 -50.57658914114724 12.99537497711327
2006.1740 40.15 -97.17 -57.95660480899237 15.19705622657552
2006.2014 40.15 -97.17 -52.48192868228547 11.24540015087492
2006.2288 40.15 -97.17 -26.09556565274017 15.30585671481789
2006.2562 40.15 -97.17 -9.73228531084687 14.46148455381485
2006.2836 40.15 -97.17 -15.14408002076201 14.00022341180318
2006.3110 40.15 -97.17 -21.63627648224206 15.06248158795103
2006.3384 40.15 -97.17 7.03423837830086 13.56620683047063
2006.3658 40.15 -97.17 -16.96845770921458 15.15395711785676
2006.3932 40.15 -97.17 -15.00367229012252 14.82138901579473
2006.4205 40.15 -97.17 -13.99662233501356 14.76238517851854
2006.4479 40.15 -97.17 -49.18017902406194 15.70489170534640
2006.4753 40.15 -97.17 -48.33631130572989 16.36640687633175
2006.5027 40.15 -97.17 -31.91190466217007 17.13864260136002
2006.5301 40.15 -97.17 -19.14415932575482 20.87952273927767
2006.5575 40.15 -97.17 -27.42507055700068 16.23480988311410
2006.5849 40.15 -97.17 -34.34301703195575 16.75840903533339
2006.6123 40.15 -97.17 -28.14524935943493 21.64548158671398
2006.6397 40.15 -97.17 -28.11921251899219 17.90133974880179
2006.6671 40.15 -97.17 -38.10388621634520 15.89678698408400
2006.6945 40.15 -97.17 -19.02893217176688 20.94700173962496
2006.7219 40.15 -97.17 -34.60150509384988 18.93925626235180
2006.7493 40.15 -97.17 -25.67443428280025 23.15517480298515
2006.7767 40.15 -97.17 -39.82192621227762 20.15234002405597
2006.8041 40.15 -97.17 -52.40767580403614 15.79211025934167
2006.8315 40.15 -97.17 -46.00286878717687 18.82877397982760
2006.8589 40.15 -97.17 -34.27205668033074 18.14829065361000
2006.8863 40.15 -97.17 -48.53737352766031 17.17585189913902
2006.9137 40.15 -97.17 -44.42310741018915 16.44094462846196
2006.9411 40.15 -97.17 -40.63226933601823 16.06836028068537
2006.9685 40.15 -97.17 -44.86363438540273 15.67463552135117
2006.9959 40.15 -97.17 -29.70681877310617 15.19669767378503
2007.0233 40.15 -97.17 -39.22293726653123 13.78434892943468
2007.0507 40.15 -97.17 -43.55219378645094 14.69882553529524
2007.0781 40.15 -97.17 -34.41594229553026 15.69298205314026
2007.1055 40.15 -97.17 -16.95219682746172 13.78002497983224
2007.1329 40.15 -97.17 -38.11135834955616 15.22221457148330
2007.1603 40.15 -97.17 -14.38050309728313 14.48807555108786
2007.1877 40.15 -97.17 -17.71721578719599 19.81291399305206
2007.2151 40.15 -97.17 9.52747287902664 17.48042583790581
2007.2425 40.15 -97.17 -17.36746832860359 16.72483258719991
2007.2699 40.15 -97.17 -6.34332075310551 12.52495570545871
2007.2973 40.15 -97.17 3.09226633169107 11.73347704859909
2007.3247 40.15 -97.17 -8.66902534182410 15.06959607925260
2007.3521 40.15 -97.17 9.59028619577358 16.78517743109685
2007.3795 40.15 -97.17 -0.28335830336631 17.80929030145890
2007.4068 40.15 -97.17 16.94060588889892 14.30209386296588
2007.4342 40.15 -97.17 -9.63020140959228 13.50269559364922
2007.4616 40.15 -97.17 21.12687917701206 18.79580565025315
2007.4890 40.15 -97.17 -10.97630518137059 13.52952440219359
2007.5164 40.15 -97.17 -6.45670641577463 14.56483968063585
2007.5438 40.15 -97.17 -2.54606971687632 13.96908819351586
2007.5712 40.15 -97.17 -6.19618237844771 14.36224090133072
2007.5986 40.15 -97.17 -29.53265588737500 18.08844584724189
2007.6260 40.15 -97.17 -13.65086027372988 14.23889952418740
2007.6534 40.15 -97.17 -9.29977647116152 14.54596346467292
2007.6808 40.15 -97.17 -24.65073676277903 15.19188970478845
2007.7082 40.15 -97.17 -18.42886602212400 10.43032102460205
2007.7356 40.15 -97.17 -21.39593690061656 15.60014402670994
2007.7630 40.15 -97.17 -27.92298137097656 11.17080562960397
2007.7904 40.15 -97.17 -17.06209478699214 15.56152075325356
2007.8178 40.15 -97.17 25.82193200959082 18.36879916863525
2007.8452 40.15 -97.17 -14.84114900713672 14.24539204871941
2007.8726 40.15 -97.17 -5.33650228289273 16.87013604794183
2007.9000 40.15 -97.17 -15.88541797564237 17.76020440295978
2007.9274 40.15 -97.17 -24.84481489875559 17.68739807415730
2007.9548 40.15 -97.17 -20.00537772193811 12.90497120496038
2007.9822 40.15 -97.17 6.12542164059901 16.34065650971470
2008.0096 40.15 -97.17 7.01967026311800 14.21420449971400
2008.0370 40.15 -97.17 -4.03927486780834 14.87768054041512
2008.0644 40.15 -97.17 1.76037971959201 17.55422760336020
2008.0918 40.15 -97.17 0.49912541593197 13.25068287730137
2008.1192 40.15 -97.17 15.13893256554761 16.20132848992712
2008.1466 40.15 -97.17 2.34055193968755 19.17392261125907
2008.1740 40.15 -97.17 4.08138133853289 16.52355527212286
2008.2014 40.15 -97.17 4.01028789616946 18.22481202264198
2008.2288 40.15 -97.17 24.44546167259244 20.15002829362205
2008.2562 40.15 -97.17 3.61636359908767 19.15099191478471
2008.2836 40.15 -97.17 10.66952307374213 23.08787127295990
2008.3110 40.15 -97.17 33.28002754984908 24.15486407340910
2008.3384 40.15 -97.17 15.29416018876919 17.72207994968776
2008.3658 40.15 -97.17 18.05819233577897 17.90273596316075
2008.3932 40.15 -97.17 18.02356849457514 15.86606349236542
2008.4205 40.15 -97.17 46.41568990034231 13.84334505143440
2008.4479 40.15 -97.17 50.60461180743007 14.35454745981313
2008.4753 40.15 -97.17 31.11914980396347 13.76378581650511
2008.5027 40.15 -97.17 17.77760467321999 17.03454764237118
2008.5301 40.15 -97.17 8.86212235975994 21.07393076780196
2008.5575 40.15 -97.17 9.57477603075895 13.22274871822913
2008.5849 40.15 -97.17 10.70201891739798 15.81361584996178
2008.6123 40.15 -97.17 -5.23459558256527 12.55460123279996
2008.6397 40.15 -97.17 8.60067508064035 14.04671388669916
2008.6671 40.15 -97.17 2.74798979292963 13.32578033566846
2008.6945 40.15 -97.17 21.31755316670027 12.82719520017955
2008.7219 40.15 -97.17 12.56524366355387 15.28098088921237
2008.7493 40.15 -97.17 10.95147554227753 13.66448922067535
2008.7767 40.15 -97.17 11.99467086739575 16.46554474336515
2008.8041 40.15 -97.17 30.42753929487222 16.63014664946579
2008.8315 40.15 -97.17 24.51114685176618 18.63857503884283
2008.8589 40.15 -97.17 20.89694352735349 21.82275641208659
2008.8863 40.15 -97.17 9.24904116140360 20.92119597854302
2008.9137 40.15 -97.17 20.35494690892575 20.02824957898854
2008.9411 40.15 -97.17 31.56482840141526 20.61794809373712
2008.9685 40.15 -97.17 13.48452303886935 19.21027354326069
2008.9945 40.15 -97.17 6.07464038954193 16.32340421693664
2009.0205 40.15 -97.17 -7.54268135035348 16.23172906958196
2009.0479 40.15 -97.17 -11.22405470278403 16.23972420177909
2009.0753 40.15 -97.17 16.82718510917662 15.27184414739440
2009.1027 40.15 -97.17 -3.58086134662299 19.47160252937000
2009.1301 40.15 -97.17 28.70568958081545 15.13346231247026
2009.1575 40.15 -97.17 13.93535779929424 15.26624794577912
2009.1849 40.15 -97.17 39.66148891912006 18.32541875041807
2009.2123 40.15 -97.17 26.30061105814525 14.93161119226755
2009.2397 40.15 -97.17 31.45673670448614 17.52650378233524
2009.2671 40.15 -97.17 58.96293981510254 14.47680542679790
2009.2945 40.15 -97.17 50.02092406505226 14.91906410175362
2009.3219 40.15 -97.17 30.15625340984688 15.51787396007436
2009.3493 40.15 -97.17 36.83075333501191 14.08683464551300
2009.3767 40.15 -97.17 41.99482479652982 14.83093725953691
2009.4041 40.15 -97.17 39.53502015500993 12.75705304475148
2009.4315 40.15 -97.17 44.06830061166429 15.13156544318382
2009.4589 40.15 -97.17 38.43191557871830 12.33027724668853
2009.4863 40.15 -97.17 34.01395997656795 13.72688360337482
2009.5137 40.15 -97.17 31.63056000571592 12.82308009889956
2009.5411 40.15 -97.17 26.17834700110098 16.12525037781530
2009.5685 40.15 -97.17 26.21510503473644 17.29605198670249
2009.5959 40.15 -97.17 37.56042663652238 14.97547882828443
2009.6233 40.15 -97.17 21.47772129880767 15.95933993895148
2009.6507 40.15 -97.17 17.64792913747631 15.40036521334691
2009.6781 40.15 -97.17 18.96917766441792 16.73017939287759
2009.7055 40.15 -97.17 9.89421220923105 17.61268117251345
2009.7329 40.15 -97.17 0.27563846507441 16.78673483321230
2009.7603 40.15 -97.17 5.93807346495765 19.23418424741595
2009.7877 40.15 -97.17 2.20844177503423 17.69237738384245
2009.8151 40.15 -97.17 17.54248490770976 19.25010668540898
2009.8425 40.15 -97.17 25.53959159120756 17.30690046215104
2009.8699 40.15 -97.17 16.23090484524771 16.43998061787761
2009.8973 40.15 -97.17 4.57216518811792 15.27922690625051
2009.9247 40.15 -97.17 12.06304366527059 14.75709499350155
2009.9521 40.15 -97.17 41.51902947824586 14.01638696050415
2009.9795 40.15 -97.17 15.58512193337267 14.41352949056351
2010.0068 40.15 -97.17 -6.91188817695234 18.91571737566306
2010.0342 40.15 -97.17 22.10351114544757 14.24620855209700
2010.0616 40.15 -97.17 20.68444325728885 14.72142832174546
2010.0890 40.15 -97.17 31.46896282401907 18.18444573353243
2010.1164 40.15 -97.17 26.75515278611521 18.79736266536050
2010.1438 40.15 -97.17 34.67293229387029 17.73122825488997
2010.1712 40.15 -97.17 5.11803455001323 16.90016746896762
2010.1986 40.15 -97.17 26.47423459299226 16.16861442045226
2010.2260 40.15 -97.17 -0.31908126105069 17.76914628543945
2010.2534 40.15 -97.17 17.62223059155923 18.21545896488410
2010.2808 40.15 -97.17 25.34219519225049 13.64211324523909
2010.3082 40.15 -97.17 46.22067768142127 14.46340190104963
2010.3356 40.15 -97.17 44.40736779964112 12.72764214464350
2010.3630 40.15 -97.17 22.01355362252146 13.64908867226792
2010.3904 40.15 -97.17 31.03198031126238 13.67126716480098
2010.4178 40.15 -97.17 35.38297501790410 14.62034528655220
2010.4452 40.15 -97.17 58.74457279559392 12.68376259384322
2010.4726 40.15 -97.17 69.02904620880355 11.22676090052530
2010.5000 40.15 -97.17 58.12870851485688 13.06134640597294
2010.5274 40.15 -97.17 90.55887283279971 22.08103734540920
2010.5548 40.15 -97.17 58.18307927416181 13.59372091593910
2010.5822 40.15 -97.17 62.74122216210788 12.13987365766937
2010.6096 40.15 -97.17 72.08504611909197 16.33770096576475
2010.6370 40.15 -97.17 37.67734385511355 14.32911461938328
2010.6644 40.15 -97.17 20.31701550886509 13.28339734211293
2010.6918 40.15 -97.17 10.56724384861611 16.46385819872048
2010.7192 40.15 -97.17 27.42969812552477 15.24557894395669
2010.7466 40.15 -97.17 32.38966689065730 18.09148587884225
2010.7740 40.15 -97.17 7.37674431647073 14.03019461495527
2010.8014 40.15 -97.17 27.95218257030235 13.46428190066030
2010.8288 40.15 -97.17 16.48323905103534 15.69149704820648
2010.8562 40.15 -97.17 13.96372676028643 15.31038061573507
2010.8836 40.15 -97.17 22.60506926040276 13.89197716689534
2010.9110 40.15 -97.17 31.76524017466307 15.50658944310618
2010.9384 40.15 -97.17 4.44310147220987 16.18905394216067
2010.9658 40.15 -97.17 17.79696599675734 17.99168410779879
2010.9932 40.15 -97.17 21.56213787709506 12.80417209418513
2011.1027 40.15 -97.17 19.98094798258516 12.88788000443934
2011.1301 40.15 -97.17 8.76545504844877 21.32798795021349
2011.1575 40.15 -97.17 25.08410563998529 13.62893024540983
2011.1849 40.15 -97.17 41.79703899067251 10.37970209441520
2011.2123 40.15 -97.17 48.42798097723793 18.09953091168507
2011.2397 40.15 -97.17 32.52001046679401 19.04656133516012
2011.2671 40.15 -97.17 30.92189461700399 14.99890048670743
2011.2945 40.15 -97.17 44.71527089493849 17.88609864183381
2011.3219 40.15 -97.17 55.17756496831999 16.68290236821913
2011.3493 40.15 -97.17 46.42967054110358 14.67891706184282
2011.3767 40.15 -97.17 54.87896834326561 17.55870601833526
2011.4041 40.15 -97.17 67.17332668218643 15.08834647372529
2011.4315 40.15 -97.17 68.71898409446698 14.74013310920937
2011.5137 40.15 -97.17 84.46343304038751 13.46973021325070
2011.5411 40.15 -97.17 41.98944799319631 14.68485955250441
2011.5685 40.15 -97.17 46.99229170815104 14.15090735693566
2011.5959 40.15 -97.17 42.61835451145068 15.37582517098312
2011.6233 40.15 -97.17 53.70058046569837 15.21873240208367
2011.6507 40.15 -97.17 53.15137423705228 18.66780412339000
2011.6781 40.15 -97.17 31.38703406381512 17.31015817468400
2011.7055 40.15 -97.17 23.83324534013397 17.41448494332496
2011.7329 40.15 -97.17 40.31078601081912 20.48988465057668
2011.7603 40.15 -97.17 29.04314580532318 17.35118933533107
2011.7877 40.15 -97.17 0.60681915719111 18.61890963939609
2011.8151 40.15 -97.17 18.41077580053431 18.15365892891049
2011.8425 40.15 -97.17 41.42978420856576 19.98134848167339
2011.8699 40.15 -97.17 -3.17833589131956 18.45285151016954
2011.9521 40.15 -97.17 38.40414104665923 11.20684298172829
2011.9795 40.15 -97.17 15.50177677965841 15.68033470915714
2012.0068 40.15 -97.17 32.40734195182673 14.39889635758453
2012.0342 40.15 -97.17 -12.70532560613547 17.41576243047294
2012.0616 40.15 -97.17 27.07121653158733 15.08380634029590
2012.0890 40.15 -97.17 24.63416934308741 14.80415945463438
2012.1164 40.15 -97.17 35.85711860998254 14.32704680705281
2012.1438 40.15 -97.17 34.48974988367807 14.89884693366031
2012.1712 40.15 -97.17 34.52480187985184 13.94308341939017
2012.1986 40.15 -97.17 15.53608244947394 12.56133570812342
2012.2260 40.15 -97.17 19.75857356609215 12.98917999057331
2012.2534 40.15 -97.17 28.83553685676555 12.63272680775103
2012.2808 40.15 -97.17 34.74902784639161 11.73187873276154
2012.3082 40.15 -97.17 30.34545725169539 13.20548967395150
2012.3904 40.15 -97.17 25.40730677396958 13.68325809195289
2012.4178 40.15 -97.17 37.48553029066884 10.60109939119421
2012.4452 40.15 -97.17 38.75523993566308 10.41179521223673
2012.4726 40.15 -97.17 30.61675825993017 11.38947426552182
2012.5000 40.15 -97.17 10.84502082131837 10.72035137750561
2012.5274 40.15 -97.17 -1.62353321540316 11.49406383244874
2012.5548 40.15 -97.17 -16.45417128719564 11.48689801699805
2012.5822 40.15 -97.17 4.34057325008652 12.34630505666638
2012.6096 40.15 -97.17 2.51371184963234 12.29282222434177
2012.6370 40.15 -97.17 -8.15694322129545 11.22676848624055
2012.6644 40.15 -97.17 -15.59697184221961 12.43981733328310
2012.6918 40.15 -97.17 -15.08746517481637 12.89480330963500
2012.7192 40.15 -97.17 -7.82562503615335 15.92910354057742
2012.7466 40.15 -97.17 -17.25066860289930 10.40434918013649
2012.8562 40.15 -97.17 -24.49537471663227 16.35720734510575
2012.8836 40.15 -97.17 -16.90935338261469 15.46758921495265
2012.9110 40.15 -97.17 -30.19239766031100 14.59200264911576
2012.9384 40.15 -97.17 -9.36049251365992 13.67378220852487
2012.9658 40.15 -97.17 -24.08556668401467 15.92135140171369
2012.9918 40.15 -97.17 -9.07840153290769 7.35684621284243
2013.0178 40.15 -97.17 -24.82749731279623 8.92341957176090
2013.0452 40.15 -97.17 -18.48292920327301 8.82735727192465
2013.0726 40.15 -97.17 -15.75185753276999 8.04410800109997
2013.1000 40.15 -97.17 -11.33594159706334 8.28064117362218
2013.1274 40.15 -97.17 -42.88213894308113 7.55173797799725
2013.1548 40.15 -97.17 -29.20755626401937 6.78106591846799
2013.2644 40.15 -97.17 -25.40271555559524 7.60605481606635
2013.2918 40.15 -97.17 -10.61264209636675 7.83180682935318
2013.3192 40.15 -97.17 3.61132096091630 8.81749013810333
2013.3466 40.15 -97.17 14.33864824454807 9.09517727341729
2013.3740 40.15 -97.17 -6.19306331499758 7.62200627390508
2013.4014 40.15 -97.17 12.02316778700608 7.91171616645367
2013.4288 40.15 -97.17 31.56516204017070 6.77804915898008
2013.4562 40.15 -97.17 31.06764326365240 6.89113600361358
2013.4836 40.15 -97.17 -0.96272626589919 7.13705481075926
2013.5110 40.15 -97.17 2.87983866636693 8.23088345442540
2013.5384 40.15 -97.17 17.21938035822625 7.85024158226122
2013.5658 40.15 -97.17 24.03596398545503 8.38218614476618
2013.7575 40.15 -97.17 -5.98824000437864 7.76191605269121
2013.7849 40.15 -97.17 -26.85065061366909 8.17721204331419
2013.8123 40.15 -97.17 -6.40605385239615 7.42187687691081
2013.8397 40.15 -97.17 -15.83183962437861 7.55569843470773
2013.8671 40.15 -97.17 -20.51815034131068 8.04697402019416
2013.8945 40.15 -97.17 -28.90975299696233 7.52602377592029
2013.9219 40.15 -97.17 -2.96752086373475 6.52040421723381
2013.9493 40.15 -97.17 -21.78229446251488 7.09324826407645
2013.9767 40.15 -97.17 -16.09002745885251 7.04949895886958
2014.0041 40.15 -97.17 -17.63921078938100 6.83957793320573
2014.0315 40.15 -97.17 -22.36793060322386 7.23416255966843
2014.1685 40.15 -97.17 -59.67748991931145 7.53338805720550
2014.1959 40.15 -97.17 -18.58940686636529 7.97695895327067
2014.2233 40.15 -97.17 -29.37390328569420 7.46391597291787
2014.2507 40.15 -97.17 -22.85004190429203 6.73566028007043
2014.2781 40.15 -97.17 -7.83877573659723 7.20950606917191
2014.3055 40.15 -97.17 -13.87897161587031 6.85534004806146
2014.3329 40.15 -97.17 7.82042118059968 5.39177044815331
2014.3603 40.15 -97.17 -1.39573449647729 6.33844358028280
2014.3877 40.15 -97.17 8.65500720038867 6.35755043508926
2014.4151 40.15 -97.17 6.82068099451451 6.26918921318457
2014.4425 40.15 -97.17 29.37133810595831 6.72811024386983
2014.4699 40.15 -97.17 19.59510062214620 6.59383005705151
2014.5795 40.15 -97.17 14.41705495298554 5.23541649898636
2014.6068 40.15 -97.17 28.91151985479903 5.76450079825201
2014.6342 40.15 -97.17 28.80413028178560 5.07417820991686
2014.6616 40.15 -97.17 18.47496540365377 5.88096437329995
2014.6890 40.15 -97.17 23.15543568885634 5.72391952316724
2014.7164 40.15 -97.17 46.40842009747480 5.58122803687661
2014.7438 40.15 -97.17 25.24428897259936 6.20839435416510
2014.7712 40.15 -97.17 19.58822107277458 6.13142594919048
2014.7986 40.15 -97.17 23.55356065952087 5.26144853700377
2014.8260 40.15 -97.17 33.84164775993619 5.21127761553977
2014.8534 40.15 -97.17 25.30890465382990 5.57300636243040
2014.8808 40.15 -97.17 16.41673963219744 5.58782154243674
2014.9082 40.15 -97.17 10.36883680885371 5.72374805469985
2015.0452 40.15 -97.17 20.39722788028251 3.96859263636169
2015.0726 40.15 -97.17 6.78343232316420 4.52357170674981
2015.1000 40.15 -97.17 34.88386203672594 3.85052287576872
2015.1274 40.15 -97.17 20.67597033523289 3.54096940303918
2015.1548 40.15 -97.17 20.46415762265341 4.34510681227498
2015.1822 40.15 -97.17 47.30001925030221 3.97803988068096
2015.2096 40.15 -97.17 5.89917924382701 5.78402582997570
2015.2370 40.15 -97.17 -5.74341050376505 6.38350419853436
2015.2644 40.15 -97.17 30.70628398612546 5.47007703432442
2015.2918 40.15 -97.17 9.22277387587522 5.37908174261706
2015.3192 40.15 -97.17 21.18591650297236 5.16607360199998
2015.3466 40.15 -97.17 18.35984178932407 5.69426207619490
2015.4836 40.15 -97.17 53.53988721221462 4.67611827689456
2015.5110 40.15 -97.17 46.36058249773941 4.60555636009201
2015.5384 40.15 -97.17 36.11807672379708 5.27726894215154
2015.5658 40.15 -97.17 41.23679298624520 5.63013129986514
2015.5932 40.15 -97.17 32.76829000967972 5.97131954530500
2015.6205 40.15 -97.17 44.74577383085391 5.62017214324704
2015.6479 40.15 -97.17 38.87485013838420 5.49536699885942
2015.6753 40.15 -97.17 34.60196711624226 5.13341380556182
2015.7027 40.15 -97.17 48.21002937941880 5.85123209933469
2015.7301 40.15 -97.17 5.21627170198211 5.72943112744228
2015.9493 40.15 -97.17 29.23370796299240 5.46114560611573
2015.9767 40.15 -97.17 22.39868428078757 6.03260441291596
2016.0041 40.15 -97.17 20.20303762910494 5.31764148501227
2016.0315 40.15 -97.17 4.23132035075177 5.04415804757014
2016.0589 40.15 -97.17 15.69428651930226 5.15651564316827
2016.0863 40.15 -97.17 34.24953007315191 4.49069147296537
2016.1137 40.15 -97.17 49.08218645786580 5.27563914719306
2016.1411 40.15 -97.17 -2.26639294857235 6.53442162297996
2016.1685 40.15 -97.17 29.95831858785372 7.23384445207047
2016.1959 40.15 -97.17 -5.03430664727893 7.13383961561231
2016.2233 40.15 -97.17 34.07012120377092 7.28986888226750
2016.2507 40.15 -97.17 20.74691050621800 5.43191273879888
2016.3603 40.15 -97.17 36.96295209505784 5.10632693845373
2016.3877 40.15 -97.17 35.29151382144899 6.30849961024601
2016.4151 40.15 -97.17 60.47881268015828 6.10490667900322
2016.4425 40.15 -97.17 63.68229433504445 6.72973141350264
2016.4699 40.15 -97.17 43.04290742230458 6.57719788408333
