2002.5877 36.06 -117.88 -0.174 -0.248 -3.014 0.113 0.094 0.512
2002.6151 36.06 -117.88 -0.249 -0.802 -1.253 0.108 0.091 0.490
2002.6425 36.06 -117.88 -0.201 -0.459 -0.232 0.110 0.093 0.499
2002.6699 36.06 -117.88 -0.446 -0.433 1.239 0.096 0.080 0.437
2002.6973 36.06 -117.88 -0.299 -0.224 0.695 0.162 0.074 0.610
2002.7247 36.06 -117.88 -0.594 -0.146 1.405 0.103 0.086 0.463
2002.7521 36.06 -117.88 -0.577 -0.139 1.702 0.095 0.081 0.432
2002.7795 36.06 -117.88 -0.740 -0.197 1.006 0.110 0.094 0.502
2002.8068 36.06 -117.88 -0.602 -0.282 2.809 0.098 0.083 0.445
2002.8342 36.06 -117.88 -0.816 -0.135 0.864 0.097 0.082 0.441
2002.8616 36.06 -117.88 -0.601 0.198 0.320 0.100 0.072 0.436
2002.8890 36.06 -117.88 -0.596 -0.159 -2.562 0.098 0.082 0.445
2002.9164 36.06 -117.88 -0.893 -0.497 -0.734 0.106 0.086 0.476
2003.0260 36.06 -117.88 -0.049 -0.407 0.670 0.119 0.099 0.539
2003.0534 36.06 -117.88 0.441 0.340 0.232 0.193 0.162 0.857
2003.0808 36.06 -117.88 -0.275 -0.290 -2.200 0.173 0.138 0.766
2003.1082 36.06 -117.88 0.017 -0.599 -2.425 0.101 0.081 0.458
2003.1356 36.06 -117.88 0.215 -0.403 -1.884 0.094 0.075 0.427
2003.1630 36.06 -117.88 0.287 -0.065 -2.130 0.099 0.081 0.452
2003.1904 36.06 -117.88 -0.041 -0.176 -3.408 0.117 0.093 0.524
2003.2178 36.06 -117.88 0.188 -0.201 -2.983 0.098 0.080 0.446
2003.2452 36.06 -117.88 0.274 -0.523 -6.364 0.096 0.079 0.436
2003.2726 36.06 -117.88 0.223 -0.693 -2.831 0.093 0.077 0.426
2003.3000 36.06 -117.88 0.226 -0.625 -6.276 0.091 0.076 0.417
2003.3274 36.06 -117.88 0.463 -0.558 -5.772 0.119 0.099 0.536
2003.3548 36.06 -117.88 0.578 -0.608 -5.068 0.129 0.111 0.583
2003.3822 36.06 -117.88 0.328 -0.496 -2.646 0.119 0.095 0.532
2003.5192 36.06 -117.88 -0.043 -0.532 0.151 0.123 0.107 0.556
2003.5466 36.06 -117.88 0.025 -0.898 -1.114 0.136 0.119 0.612
2003.5740 36.06 -117.88 -0.346 -0.875 -0.429 0.157 0.140 0.708
2003.6014 36.06 -117.88 -0.378 -0.859 -0.444 0.136 0.119 0.612
2003.6288 36.06 -117.88 -0.585 -1.160 -1.100 0.129 0.112 0.582
2003.6562 36.06 -117.88 -0.475 -0.550 1.035 0.138 0.120 0.621
2003.6836 36.06 -117.88 -0.592 -0.767 -0.040 0.136 0.119 0.612
2003.7110 36.06 -117.88 -0.552 -0.583 -0.290 0.108 0.091 0.486
2003.7384 36.06 -117.88 -0.868 -0.465 1.662 0.130 0.112 0.582
2003.7658 36.06 -117.88 -0.898 0.107 -0.011 0.119 0.103 0.537
2003.7932 36.06 -117.88 -0.892 -0.240 1.198 0.133 0.115 0.595
2003.8205 36.06 -117.88 -0.661 -0.294 3.284 0.144 0.121 0.637
2003.8479 36.06 -117.88 -1.032 0.052 1.120 0.127 0.103 0.559
2003.8753 36.06 -117.88 -0.675 -0.096 1.841 0.133 0.113 0.592
2003.9027 36.06 -117.88 -0.706 -0.033 -0.592 0.122 0.101 0.542
2003.9301 36.06 -117.88 -0.515 -0.097 -1.299 0.127 0.106 0.563
2003.9575 36.06 -117.88 -0.518 -0.383 0.958 0.142 0.121 0.628
2003.9849 36.06 -117.88 -0.317 -0.187 0.580 0.135 0.113 0.596
2004.0123 36.06 -117.88 -0.085 -0.246 -1.010 0.145 0.121 0.637
2004.0397 36.06 -117.88 -0.042 -0.381 -1.005 0.123 0.097 0.542
2004.0945 36.06 -117.88 0.318 -0.125 -0.784 0.115 0.090 0.507
2004.1219 36.06 -117.88 0.560 -0.414 -1.171 0.122 0.099 0.536
2004.1493 36.06 -117.88 0.115 -0.935 -2.333 0.143 0.117 0.626
2004.1767 36.06 -117.88 0.159 -0.540 -3.978 0.152 0.126 0.665
2004.2041 36.06 -117.88 0.286 -0.940 -2.859 0.125 0.101 0.546
2004.2315 36.06 -117.88 0.188 -0.554 -3.534 0.127 0.102 0.554
2004.2589 36.06 -117.88 0.394 -0.441 -1.194 0.131 0.104 0.571
2004.2863 36.06 -117.88 0.301 -0.468 -4.557 0.132 0.104 0.572
2004.3137 36.06 -117.88 0.296 -0.390 -4.287 0.126 0.099 0.545
2004.3411 36.06 -117.88 0.334 -0.584 -3.408 0.138 0.108 0.593
2004.3685 36.06 -117.88 0.276 -0.467 -1.735 0.133 0.104 0.575
2004.3959 36.06 -117.88 0.140 -0.475 0.952 0.117 0.091 0.510
2004.4233 36.06 -117.88 0.063 -0.138 0.720 0.113 0.087 0.490
2004.4507 36.06 -117.88 0.026 -0.581 0.152 0.100 0.077 0.436
2004.4781 36.06 -117.88 0.012 -0.212 0.035 0.110 0.085 0.476
2004.5055 36.06 -117.88 0.237 -0.260 2.425 0.108 0.083 0.466
2004.5329 36.06 -117.88 -0.328 -0.373 2.660 0.102 0.078 0.443
2004.5603 36.06 -117.88 -0.251 -0.466 3.063 0.105 0.080 0.453
2004.5877 36.06 -117.88 -0.255 -0.501 0.816 0.106 0.081 0.459
2004.6151 36.06 -117.88 -0.554 -0.365 1.025 0.116 0.089 0.503
2004.6425 36.06 -117.88 -0.577 -0.118 0.843 0.099 0.076 0.434
2004.6699 36.06 -117.88 -0.661 -0.328 0.526 0.100 0.076 0.436
2004.6973 36.06 -117.88 -0.676 -0.232 0.659 0.094 0.072 0.412
2004.7247 36.06 -117.88 -0.420 -0.019 2.889 0.107 0.082 0.465
2004.7521 36.06 -117.88 -0.509 -0.052 0.306 0.103 0.079 0.450
2004.7795 36.06 -117.88 -0.626 -0.077 0.952 0.100 0.076 0.436
2004.8068 36.06 -117.88 -0.597 0.089 1.821 0.111 0.084 0.478
2004.8342 36.06 -117.88 -0.604 0.225 -1.818 0.109 0.083 0.472
2004.8616 36.06 -117.88 -0.526 -0.069 -0.026 0.097 0.074 0.424
2004.8890 36.06 -117.88 -0.747 -0.007 -0.631 0.097 0.074 0.423
2004.9164 36.06 -117.88 -0.377 0.182 0.972 0.105 0.081 0.457
2004.9438 36.06 -117.88 -0.335 0.372 -0.911 0.116 0.090 0.509
2004.9712 36.06 -117.88 -0.365 0.083 0.165 0.105 0.082 0.457
2004.9973 36.06 -117.88 -0.392 0.513 -2.180 0.102 0.079 0.446
2005.0233 36.06 -117.88 0.003 0.278 -4.164 0.117 0.092 0.509
2005.0507 36.06 -117.88 0.094 0.539 -7.463 0.170 0.140 0.735
2005.0781 36.06 -117.88 -0.043 0.159 -7.279 0.130 0.105 0.566
2005.1055 36.06 -117.88 0.009 -0.077 -5.899 0.129 0.104 0.563
2005.1329 36.06 -117.88 -0.028 -0.151 -8.577 0.132 0.107 0.577
2005.1603 36.06 -117.88 0.124 0.242 -6.633 0.119 0.095 0.519
2005.1877 36.06 -117.88 0.166 -0.050 -6.054 0.120 0.094 0.522
2005.2151 36.06 -117.88 0.154 0.244 -6.063 0.113 0.088 0.495
2005.2425 36.06 -117.88 0.367 0.168 -7.495 0.109 0.087 0.480
2005.2699 36.06 -117.88 0.288 0.253 -8.257 0.116 0.093 0.510
2005.2973 36.06 -117.88 0.372 0.365 -6.025 0.123 0.099 0.537
2005.3247 36.06 -117.88 0.314 0.314 -6.347 0.129 0.104 0.565
2005.3521 36.06 -117.88 0.489 0.131 -7.028 0.057 0.046 0.274
2005.3795 36.06 -117.88 0.656 -0.016 -6.235 0.121 0.098 0.533
2005.4068 36.06 -117.88 0.502 -0.182 -5.422 0.112 0.089 0.492
2005.4342 36.06 -117.88 0.590 -0.123 -6.467 0.128 0.103 0.563
2005.4616 36.06 -117.88 0.434 -0.192 -4.924 0.116 0.094 0.511
2005.4890 36.06 -117.88 0.327 -0.513 -3.893 0.110 0.089 0.486
2005.5164 36.06 -117.88 0.142 -0.082 -4.208 0.110 0.089 0.486
2005.5438 36.06 -117.88 -0.013 -0.449 -3.140 0.119 0.097 0.525
2005.5712 36.06 -117.88 -0.096 -0.103 -0.650 0.129 0.106 0.569
2005.5986 36.06 -117.88 -0.049 -0.348 -3.208 0.132 0.109 0.582
2005.6260 36.06 -117.88 -0.438 0.193 -1.465 0.117 0.096 0.518
2005.6534 36.06 -117.88 -0.381 0.228 -2.545 0.123 0.102 0.544
2005.6808 36.06 -117.88 -0.489 0.066 -2.346 0.121 0.100 0.536
2005.7082 36.06 -117.88 -0.714 -0.037 -2.860 0.145 0.123 0.643
2005.7356 36.06 -117.88 -0.790 0.218 -1.459 0.128 0.108 0.568
2005.7630 36.06 -117.88 -0.658 0.008 -3.620 0.128 0.109 0.571
2005.7904 36.06 -117.88 -0.574 0.160 -2.033 0.120 0.101 0.538
2005.8178 36.06 -117.88 -0.627 0.085 0.355 0.123 0.105 0.551
2005.8452 36.06 -117.88 -0.647 0.404 1.765 0.132 0.112 0.591
2005.8726 36.06 -117.88 -0.416 0.193 0.589 0.115 0.097 0.514
2005.9000 36.06 -117.88 -0.522 -0.155 0.007 0.112 0.094 0.503
2005.9274 36.06 -117.88 -0.546 0.416 -1.285 0.119 0.092 0.522
2005.9548 36.06 -117.88 -0.136 -0.077 -1.680 0.116 0.092 0.533
2005.9822 36.06 -117.88 -0.019 -0.768 0.011 0.112 0.090 0.500
2006.0096 36.06 -117.88 0.141 -0.670 -1.910 0.121 0.100 0.538
2006.0370 36.06 -117.88 0.500 -0.396 -2.677 0.151 0.127 0.671
2006.0644 36.06 -117.88 0.274 -0.395 -2.539 0.153 0.130 0.683
2006.0918 36.06 -117.88 0.603 -0.277 -2.301 0.152 0.130 0.678
2006.1192 36.06 -117.88 0.573 -0.189 -5.071 0.171 0.149 0.763
2006.1466 36.06 -117.88 0.770 -0.137 -5.138 0.135 0.116 0.606
2006.1740 36.06 -117.88 0.847 -0.208 -6.134 0.151 0.132 0.676
2006.2014 36.06 -117.88 0.990 -0.412 -6.243 0.118 0.101 0.532
2006.2288 36.06 -117.88 0.872 -0.331 -5.804 0.152 0.134 0.682
2006.2562 36.06 -117.88 0.766 -0.750 -7.590 0.142 0.126 0.639
2006.2836 36.06 -117.88 0.871 -0.975 -7.057 0.139 0.123 0.628
2006.3110 36.06 -117.88 1.004 -0.250 -7.536 0.149 0.132 0.669
2006.3384 36.06 -117.88 0.822 -0.505 -5.414 0.135 0.120 0.608
2006.3658 36.06 -117.88 0.551 -0.417 -5.453 0.149 0.133 0.672
2006.3932 36.06 -117.88 0.814 -0.394 -4.396 0.147 0.131 0.663
2006.4205 36.06 -117.88 0.623 -0.208 -7.309 0.148 0.131 0.666
2006.4479 36.06 -117.88 0.764 -0.435 -5.457 0.163 0.140 0.726
2006.4753 36.06 -117.88 0.477 -0.810 -2.703 0.164 0.145 0.739
2006.5027 36.06 -117.88 0.145 -0.976 -2.167 0.170 0.152 0.767
2006.5301 36.06 -117.88 0.179 -0.304 -0.942 0.201 0.182 0.907
2006.5575 36.06 -117.88 -0.159 -0.075 -2.324 0.161 0.144 0.726
2006.5849 36.06 -117.88 -0.270 -0.333 -2.206 0.165 0.148 0.746
2006.6123 36.06 -117.88 -0.166 -0.544 -2.509 0.202 0.185 0.912
2006.6397 36.06 -117.88 -0.281 -0.595 -3.362 0.172 0.156 0.777
2006.6671 36.06 -117.88 -0.629 -0.654 -2.028 0.157 0.140 0.708
2006.6945 36.06 -117.88 -0.770 -0.680 -2.937 0.199 0.180 0.898
2006.7219 36.06 -117.88 -0.851 -0.251 1.185 0.188 0.167 0.845
2006.7493 36.06 -117.88 -0.701 -0.381 -0.309 0.223 0.200 1.002
2006.7767 36.06 -117.88 -0.880 -0.283 0.199 0.194 0.174 0.871
2006.8041 36.06 -117.88 -0.716 0.152 -2.727 0.157 0.139 0.706
2006.8315 36.06 -117.88 -0.612 0.024 -2.629 0.182 0.163 0.817
2006.8589 36.06 -117.88 -0.779 -0.401 -0.266 0.177 0.158 0.796
2006.8863 36.06 -117.88 -0.549 -0.131 -1.915 0.170 0.151 0.764
2006.9137 36.06 -117.88 -0.128 -0.224 -0.293 0.165 0.145 0.743
2006.9411 36.06 -117.88 -0.390 -0.294 -1.742 0.163 0.143 0.730
2006.9685 36.06 -117.88 -0.112 -0.432 -0.514 0.162 0.140 0.726
2006.9959 36.06 -117.88 -0.034 -0.216 -3.153 0.162 0.137 0.721
2007.0233 36.06 -117.88 0.045 -0.182 -0.905 0.151 0.126 0.672
2007.0507 36.06 -117.88 0.025 0.120 -1.670 0.157 0.132 0.699
2007.0781 36.06 -117.88 0.071 0.210 -1.647 0.160 0.140 0.720
2007.1055 36.06 -117.88 0.179 -0.079 -1.811 0.143 0.124 0.645
2007.1329 36.06 -117.88 0.512 -0.335 -3.466 0.156 0.136 0.702
2007.1603 36.06 -117.88 0.378 -0.340 -3.741 0.149 0.130 0.669
2007.1877 36.06 -117.88 0.488 0.042 -3.382 0.191 0.171 0.858
2007.2151 36.06 -117.88 0.526 -0.360 -2.384 0.170 0.152 0.767
2007.2425 36.06 -117.88 0.411 -0.042 -1.499 0.164 0.146 0.738
2007.2699 36.06 -117.88 0.813 0.108 -2.287 0.131 0.114 0.593
2007.2973 36.06 -117.88 0.817 -0.407 -3.201 0.124 0.107 0.560
2007.3247 36.06 -117.88 0.744 -0.262 -4.844 0.151 0.134 0.680
2007.3521 36.06 -117.88 0.538 -0.445 -2.723 0.165 0.147 0.743
2007.3795 36.06 -117.88 0.245 -0.290 -3.334 0.173 0.155 0.778
2007.4068 36.06 -117.88 0.484 -0.126 -0.442 0.144 0.128 0.652
2007.4342 36.06 -117.88 0.402 0.203 -2.933 0.138 0.122 0.625
2007.4616 36.06 -117.88 0.156 0.002 -2.753 0.180 0.163 0.813
2007.4890 36.06 -117.88 0.207 0.021 -1.356 0.139 0.122 0.628
2007.5164 36.06 -117.88 -0.138 -0.267 -2.327 0.147 0.130 0.662
2007.5438 36.06 -117.88 -0.272 -0.482 -0.893 0.142 0.125 0.643
2007.5712 36.06 -117.88 -0.223 -0.352 -1.133 0.146 0.129 0.660
2007.5986 36.06 -117.88 -0.585 -0.317 -0.585 0.179 0.159 0.804
2007.6260 36.06 -117.88 -0.432 -0.277 0.956 0.146 0.128 0.659
2007.6534 36.06 -117.88 -0.393 -0.344 0.568 0.149 0.130 0.670
2007.6808 36.06 -117.88 -0.844 -0.560 0.536 0.157 0.136 0.703
2007.7082 36.06 -117.88 -0.688 -0.374 0.780 0.117 0.098 0.529
2007.7356 36.06 -117.88 -0.648 -0.178 1.452 0.161 0.140 0.721
2007.7630 36.06 -117.88 -0.847 0.228 3.892 0.125 0.104 0.562
2007.7904 36.06 -117.88 -0.665 0.322 1.242 0.158 0.139 0.710
2007.8178 36.06 -117.88 -0.600 0.167 1.541 0.181 0.161 0.815
2007.8452 36.06 -117.88 -0.495 0.324 1.400 0.148 0.129 0.669
2007.8726 36.06 -117.88 -0.621 0.399 -0.313 0.173 0.151 0.776
2007.9000 36.06 -117.88 -0.524 0.218 0.583 0.184 0.156 0.817
2007.9274 36.06 -117.88 -0.427 0.161 0.017 0.179 0.158 0.805
2007.9548 36.06 -117.88 -0.370 0.036 -1.142 0.135 0.118 0.610
2007.9822 36.06 -117.88 -0.208 0.020 0.858 0.165 0.147 0.745
2008.0096 36.06 -117.88 -0.182 0.172 -0.168 0.145 0.129 0.656
2008.0370 36.06 -117.88 -0.093 -0.077 -2.601 0.149 0.133 0.675
2008.0644 36.06 -117.88 0.108 0.262 -1.096 0.171 0.155 0.774
2008.0918 36.06 -117.88 0.162 -0.205 -2.990 0.138 0.122 0.626
2008.1192 36.06 -117.88 0.181 0.323 -1.484 0.161 0.145 0.730
2008.1466 36.06 -117.88 0.468 0.172 -1.827 0.187 0.169 0.845
2008.1740 36.06 -117.88 0.614 0.215 -5.998 0.164 0.147 0.741
2008.2014 36.06 -117.88 0.662 -0.545 -3.570 0.175 0.159 0.791
2008.2288 36.06 -117.88 0.703 0.749 -2.788 0.205 0.183 0.925
2008.2562 36.06 -117.88 0.498 -0.472 -3.162 0.191 0.171 0.862
2008.2836 36.06 -117.88 0.528 -0.451 -1.885 0.229 0.206 1.033
2008.3110 36.06 -117.88 0.407 -0.193 -1.984 0.236 0.213 1.065
2008.3384 36.06 -117.88 0.413 0.181 -1.496 0.175 0.157 0.790
2008.3658 36.06 -117.88 0.455 -0.097 -2.638 0.179 0.160 0.807
2008.3932 36.06 -117.88 0.526 0.013 -1.886 0.164 0.144 0.737
2008.4205 36.06 -117.88 0.552 0.171 -3.325 0.143 0.125 0.645
2008.4479 36.06 -117.88 0.479 0.147 -1.444 0.145 0.128 0.654
2008.4753 36.06 -117.88 0.500 0.195 -0.903 0.141 0.124 0.635
2008.5027 36.06 -117.88 0.180 -0.207 1.140 0.172 0.151 0.773
2008.5301 36.06 -117.88 0.002 -0.660 2.740 0.214 0.188 0.958
2008.5575 36.06 -117.88 -0.363 -0.141 -1.317 0.141 0.120 0.629
2008.5849 36.06 -117.88 -0.007 -0.223 1.279 0.158 0.139 0.707
2008.6123 36.06 -117.88 -0.252 -0.311 1.305 0.133 0.113 0.595
2008.6397 36.06 -117.88 -0.508 -0.013 0.873 0.145 0.126 0.650
2008.6671 36.06 -117.88 -0.648 0.059 -0.622 0.139 0.120 0.624
2008.6945 36.06 -117.88 -0.676 0.396 0.251 0.135 0.116 0.605
2008.7219 36.06 -117.88 -0.807 0.408 0.997 0.154 0.136 0.693
2008.7493 36.06 -117.88 -0.831 0.351 1.421 0.140 0.123 0.630
2008.7767 36.06 -117.88 -0.808 0.302 0.787 0.162 0.145 0.731
2008.8041 36.06 -117.88 -0.791 0.251 1.163 0.163 0.146 0.736
2008.8315 36.06 -117.88 -0.794 0.287 1.180 0.184 0.165 0.831
2008.8589 36.06 -117.88 -0.677 0.155 2.767 0.215 0.193 0.969
2008.8863 36.06 -117.88 -0.754 0.107 1.417 0.206 0.185 0.930
2008.9137 36.06 -117.88 -0.633 0.132 0.859 0.196 0.177 0.886
2008.9411 36.06 -117.88 -0.501 0.023 1.651 0.206 0.185 0.929
2008.9685 36.06 -117.88 -0.456 -0.197 1.905 0.193 0.172 0.869
2008.9945 36.06 -117.88 -0.283 0.206 -0.685 0.163 0.146 0.737
2009.0205 36.06 -117.88 0.124 0.590 -0.569 0.160 0.145 0.725
2009.0479 36.06 -117.88 -0.151 0.112 -0.666 0.160 0.145 0.727
2009.0753 36.06 -117.88 0.119 -0.048 -2.263 0.154 0.138 0.699
2009.1027 36.06 -117.88 0.013 -0.104 1.018 0.191 0.173 0.865
2009.1301 36.06 -117.88 0.176 -0.286 -0.796 0.152 0.137 0.692
2009.1575 36.06 -117.88 0.088 -0.339 -1.332 0.155 0.139 0.706
2009.1849 36.06 -117.88 0.191 -0.317 0.269 0.177 0.162 0.805
2009.2123 36.06 -117.88 0.461 0.426 2.009 0.154 0.135 0.694
2009.2397 36.06 -117.88 0.535 -0.203 1.649 0.173 0.156 0.784
2009.2671 36.06 -117.88 0.668 0.120 1.247 0.145 0.130 0.659
2009.2945 36.06 -117.88 0.763 0.280 -0.602 0.149 0.133 0.674
2009.3219 36.06 -117.88 0.536 -0.418 0.881 0.155 0.139 0.703
2009.3493 36.06 -117.88 0.857 0.111 -0.838 0.143 0.127 0.646
2009.3767 36.06 -117.88 0.772 0.357 0.204 0.150 0.133 0.679
2009.4041 36.06 -117.88 0.574 0.040 1.517 0.133 0.116 0.601
2009.4315 36.06 -117.88 0.602 0.540 1.733 0.152 0.135 0.685
2009.4589 36.06 -117.88 0.472 0.199 0.336 0.130 0.112 0.585
2009.4863 36.06 -117.88 0.318 -0.329 -0.813 0.143 0.124 0.642
2009.5137 36.06 -117.88 0.103 -0.416 2.010 0.138 0.116 0.616
2009.5411 36.06 -117.88 0.081 -0.309 2.409 0.168 0.145 0.754
2009.5685 36.06 -117.88 -0.196 -0.251 1.878 0.181 0.156 0.811
2009.5959 36.06 -117.88 -0.374 -0.335 2.145 0.159 0.136 0.712
2009.6233 36.06 -117.88 -0.357 -0.369 3.536 0.164 0.142 0.735
2009.6507 36.06 -117.88 -0.403 -0.260 4.403 0.158 0.138 0.709
2009.6781 36.06 -117.88 -0.570 -0.302 3.288 0.168 0.149 0.757
2009.7055 36.06 -117.88 -0.524 -0.213 2.804 0.174 0.155 0.783
2009.7329 36.06 -117.88 -0.895 0.262 3.968 0.168 0.149 0.757
2009.7603 36.06 -117.88 -0.838 -0.031 4.244 0.191 0.171 0.862
2009.7877 36.06 -117.88 -0.855 0.396 3.208 0.177 0.157 0.796
2009.8151 36.06 -117.88 -0.437 -0.055 1.812 0.189 0.170 0.852
2009.8425 36.06 -117.88 -0.592 0.265 1.419 0.172 0.154 0.777
2009.8699 36.06 -117.88 -0.601 0.252 1.043 0.165 0.147 0.743
2009.8973 36.06 -117.88 -0.579 0.150 2.161 0.154 0.137 0.696
2009.9247 36.06 -117.88 -0.594 0.216 0.506 0.155 0.134 0.697
2009.9521 36.06 -117.88 -0.505 0.645 -1.097 0.144 0.127 0.653
2009.9795 36.06 -117.88 -0.154 0.148 0.436 0.149 0.131 0.672
2010.0068 36.06 -117.88 -0.106 0.027 1.813 0.186 0.168 0.842
2010.0342 36.06 -117.88 -0.070 0.153 2.749 0.146 0.130 0.663
2010.0616 36.06 -117.88 0.008 0.176 2.037 0.150 0.133 0.678
2010.0890 36.06 -117.88 0.011 0.530 0.876 0.178 0.161 0.805
2010.1164 36.06 -117.88 -0.133 0.767 -1.631 0.184 0.166 0.831
2010.1438 36.06 -117.88 0.142 0.470 -2.131 0.178 0.159 0.803
2010.1712 36.06 -117.88 -0.330 0.338 -5.551 0.170 0.151 0.768
2010.1986 36.06 -117.88 0.139 0.106 -3.155 0.163 0.145 0.737
2010.2260 36.06 -117.88 0.094 -0.108 -4.428 0.178 0.158 0.803
2010.2534 36.06 -117.88 0.514 0.449 -1.731 0.184 0.162 0.829
2010.2808 36.06 -117.88 0.246 0.263 -1.875 0.143 0.124 0.644
2010.3082 36.06 -117.88 0.446 0.334 -2.092 0.149 0.130 0.672
2010.3356 36.06 -117.88 0.665 0.220 -3.014 0.138 0.117 0.618
2010.3630 36.06 -117.88 0.604 0.053 -3.465 0.146 0.124 0.655
2010.3904 36.06 -117.88 0.626 -0.155 -1.562 0.152 0.121 0.666
2010.4178 36.06 -117.88 1.057 -0.100 -0.303 0.156 0.132 0.695
2010.4452 36.06 -117.88 0.463 0.228 -1.840 0.138 0.117 0.621
2010.4726 36.06 -117.88 0.435 0.210 -1.645 0.125 0.105 0.563
2010.5000 36.06 -117.88 0.458 0.075 -1.724 0.140 0.119 0.629
2010.5274 36.06 -117.88 -0.188 0.245 1.489 0.213 0.191 0.957
2010.5548 36.06 -117.88 0.078 0.250 -0.446 0.138 0.122 0.625
2010.5822 36.06 -117.88 -0.110 0.210 -0.093 0.125 0.110 0.568
2010.6096 36.06 -117.88 -0.537 0.256 -0.806 0.160 0.143 0.721
2010.6370 36.06 -117.88 -0.468 0.147 -0.910 0.143 0.128 0.648
2010.6644 36.06 -117.88 -0.448 0.464 0.378 0.135 0.119 0.610
2010.6918 36.06 -117.88 -0.393 0.040 0.714 0.160 0.144 0.724
2010.7192 36.06 -117.88 -0.594 0.389 -0.739 0.150 0.134 0.676
2010.7466 36.06 -117.88 -0.567 0.296 -1.065 0.172 0.156 0.777
2010.7740 36.06 -117.88 -0.666 0.713 2.691 0.143 0.126 0.645
2010.8014 36.06 -117.88 -0.758 0.298 0.201 0.136 0.120 0.614
2010.8288 36.06 -117.88 -0.476 0.007 -0.413 0.153 0.138 0.694
2010.8562 36.06 -117.88 -0.410 -0.107 1.008 0.151 0.135 0.682
2010.8836 36.06 -117.88 -0.364 0.302 0.608 0.141 0.125 0.638
2010.9110 36.06 -117.88 -0.516 0.521 0.188 0.153 0.136 0.691
2010.9384 36.06 -117.88 -0.116 0.562 -0.714 0.159 0.142 0.716
2010.9658 36.06 -117.88 -0.009 0.193 -0.620 0.174 0.155 0.782
2010.9932 36.06 -117.88 -0.120 0.233 -1.058 0.154 0.099 0.633
2011.1027 36.06 -117.88 0.353 0.162 -4.633 0.149 0.117 0.657
2011.1301 36.06 -117.88 0.688 0.063 -2.943 0.208 0.184 0.932
2011.1575 36.06 -117.88 0.588 -0.161 -4.226 0.143 0.123 0.640
2011.1849 36.06 -117.88 0.852 0.486 -6.111 0.116 0.097 0.523
2011.2123 36.06 -117.88 0.672 0.309 -6.736 0.177 0.157 0.796
2011.2397 36.06 -117.88 0.647 -0.134 -7.371 0.183 0.164 0.824
2011.2671 36.06 -117.88 1.019 -0.612 -4.145 0.150 0.133 0.676
2011.2945 36.06 -117.88 1.013 -0.020 -4.895 0.173 0.155 0.778
2011.3219 36.06 -117.88 1.138 -0.162 -3.874 0.162 0.145 0.731
2011.3493 36.06 -117.88 0.872 -0.171 -3.803 0.147 0.130 0.663
2011.3767 36.06 -117.88 1.278 -0.119 -4.257 0.170 0.152 0.766
2011.4041 36.06 -117.88 1.251 -0.184 -4.919 0.152 0.134 0.684
2011.4315 36.06 -117.88 1.227 -0.230 -4.301 0.162 0.130 0.710
2011.5137 36.06 -117.88 0.699 0.008 -2.836 0.145 0.121 0.644
2011.5411 36.06 -117.88 0.397 0.075 -2.600 0.149 0.130 0.671
2011.5685 36.06 -117.88 0.404 -0.056 -1.489 0.147 0.127 0.660
2011.5959 36.06 -117.88 0.499 0.223 -1.264 0.156 0.136 0.701
2011.6233 36.06 -117.88 -0.051 0.228 -3.381 0.157 0.136 0.705
2011.6507 36.06 -117.88 -0.201 0.251 -1.960 0.182 0.161 0.816
2011.6781 36.06 -117.88 0.125 0.042 -3.187 0.169 0.150 0.759
2011.7055 36.06 -117.88 -0.270 -0.191 -1.917 0.169 0.150 0.759
2011.7329 36.06 -117.88 -0.504 0.040 -1.610 0.194 0.174 0.870
2011.7603 36.06 -117.88 -0.256 0.580 -2.316 0.167 0.150 0.753
2011.7877 36.06 -117.88 -0.543 0.236 -2.677 0.177 0.160 0.798
2011.8151 36.06 -117.88 -0.112 0.017 -2.428 0.175 0.156 0.784
2011.8425 36.06 -117.88 -0.584 0.043 -2.344 0.188 0.169 0.843
2011.8699 36.06 -117.88 -0.030 -0.429 1.699 0.185 0.160 0.823
2011.9521 36.06 -117.88 -0.004 0.348 -0.690 0.133 0.095 0.568
2011.9795 36.06 -117.88 -0.293 0.169 0.015 0.154 0.134 0.687
2012.0068 36.06 -117.88 -0.221 0.166 -0.524 0.144 0.124 0.641
2012.0342 36.06 -117.88 0.169 0.088 0.294 0.171 0.146 0.756
2012.0616 36.06 -117.88 0.049 0.294 -0.572 0.150 0.127 0.665
2012.0890 36.06 -117.88 0.363 0.048 -0.791 0.149 0.125 0.657
2012.1164 36.06 -117.88 0.483 0.189 -1.245 0.147 0.121 0.645
2012.1438 36.06 -117.88 0.155 -0.079 -1.415 0.152 0.124 0.666
2012.1712 36.06 -117.88 0.083 -0.070 -1.177 0.147 0.118 0.641
2012.1986 36.06 -117.88 0.459 -0.147 -0.857 0.134 0.106 0.585
2012.2260 36.06 -117.88 0.419 -0.137 -0.410 0.135 0.109 0.589
2012.2534 36.06 -117.88 0.821 -0.010 0.536 0.131 0.106 0.574
2012.2808 36.06 -117.88 0.712 0.134 -1.808 0.123 0.098 0.537
2012.3082 36.06 -117.88 0.599 -0.024 -0.694 0.157 0.097 0.640
2012.3904 36.06 -117.88 0.627 -0.655 -1.205 0.156 0.118 0.673
2012.4178 36.06 -117.88 0.784 -0.181 0.771 0.113 0.090 0.495
2012.4452 36.06 -117.88 0.501 -0.522 -1.009 0.113 0.089 0.492
2012.4726 36.06 -117.88 0.556 -0.411 0.689 0.121 0.096 0.528
2012.5000 36.06 -117.88 0.360 -0.229 2.130 0.116 0.091 0.505
2012.5274 36.06 -117.88 0.053 -0.439 0.200 0.122 0.097 0.532
2012.5548 36.06 -117.88 0.074 -0.345 -1.579 0.122 0.097 0.531
2012.5822 36.06 -117.88 -0.099 -0.361 0.032 0.128 0.103 0.560
2012.6096 36.06 -117.88 -0.305 -0.479 1.526 0.126 0.103 0.552
2012.6370 36.06 -117.88 -0.274 -0.212 2.254 0.117 0.095 0.513
2012.6644 36.06 -117.88 -0.447 -0.102 0.148 0.127 0.105 0.557
2012.6918 36.06 -117.88 -0.515 -0.233 1.848 0.129 0.109 0.573
2012.7192 36.06 -117.88 -0.642 -0.289 0.368 0.153 0.133 0.680
2012.7466 36.06 -117.88 -0.893 0.119 0.545 0.123 0.085 0.521
2012.8562 36.06 -117.88 -0.764 -0.240 3.424 0.161 0.139 0.714
2012.8836 36.06 -117.88 -0.652 -0.007 1.755 0.148 0.133 0.667
2012.9110 36.06 -117.88 -0.276 0.020 2.158 0.141 0.126 0.635
2012.9384 36.06 -117.88 0.052 0.054 1.547 0.139 0.120 0.621
2012.9658 36.06 -117.88 -0.122 0.139 0.500 0.151 0.136 0.680
2012.9918 36.06 -117.88 0.205 0.444 -0.305 0.077 0.067 0.355
2013.0178 36.06 -117.88 0.319 0.138 -0.257 0.089 0.079 0.409
2013.0452 36.06 -117.88 0.266 -0.154 -0.214 0.089 0.078 0.408
2013.0726 36.06 -117.88 0.412 -0.132 1.163 0.083 0.072 0.379
2013.1000 36.06 -117.88 0.387 -0.128 0.841 0.085 0.074 0.388
2013.1274 36.06 -117.88 0.677 0.150 -0.196 0.079 0.068 0.364
2013.1548 36.06 -117.88 0.465 -0.386 0.247 0.077 0.062 0.349
2013.2644 36.06 -117.88 0.810 -0.089 1.855 0.095 0.045 0.367
2013.2918 36.06 -117.88 0.695 -0.004 3.189 0.081 0.071 0.372
2013.3192 36.06 -117.88 0.602 0.022 3.625 0.089 0.079 0.407
2013.3466 36.06 -117.88 0.519 -0.360 1.160 0.091 0.081 0.417
2013.3740 36.06 -117.88 0.498 -0.183 3.410 0.079 0.069 0.364
2013.4014 36.06 -117.88 0.629 -0.022 4.252 0.081 0.072 0.374
2013.4288 36.06 -117.88 0.463 -0.302 3.726 0.072 0.063 0.335
2013.4562 36.06 -117.88 0.430 -0.090 4.180 0.074 0.064 0.341
2013.4836 36.06 -117.88 0.360 0.008 3.673 0.075 0.066 0.348
2013.5110 36.06 -117.88 0.149 -0.208 3.077 0.084 0.074 0.386
2013.5384 36.06 -117.88 0.386 0.164 5.335 0.084 0.070 0.380
2013.5658 36.06 -117.88 -0.066 0.216 4.842 0.086 0.076 0.396
2013.7575 36.06 -117.88 -0.709 0.635 6.988 0.084 0.070 0.380
2013.7849 36.06 -117.88 -0.787 0.928 3.425 0.086 0.073 0.390
2013.8123 36.06 -117.88 -0.793 0.865 4.834 0.079 0.067 0.359
2013.8397 36.06 -117.88 -0.556 0.536 6.395 0.080 0.068 0.363
2013.8671 36.06 -117.88 -0.666 0.559 3.857 0.085 0.072 0.386
2013.8945 36.06 -117.88 -0.606 0.950 3.549 0.079 0.067 0.360
2013.9219 36.06 -117.88 -0.538 0.466 2.006 0.071 0.059 0.326
2013.9493 36.06 -117.88 -0.311 0.701 3.054 0.075 0.063 0.343
2013.9767 36.06 -117.88 -0.305 0.488 3.466 0.076 0.064 0.349
2014.0041 36.06 -117.88 -0.144 0.267 6.202 0.074 0.062 0.337
2014.0315 36.06 -117.88 0.007 0.851 5.491 0.077 0.064 0.348
2014.1685 36.06 -117.88 0.475 0.199 7.608 0.081 0.068 0.369
2014.1959 36.06 -117.88 0.629 -0.150 6.270 0.081 0.071 0.372
2014.2233 36.06 -117.88 0.501 0.179 4.423 0.077 0.067 0.355
2014.2507 36.06 -117.88 0.538 0.061 5.924 0.071 0.061 0.329
2014.2781 36.06 -117.88 0.538 -0.222 4.984 0.075 0.065 0.346
2014.3055 36.06 -117.88 0.556 0.324 4.148 0.072 0.063 0.334
2014.3329 36.06 -117.88 0.280 0.381 6.498 0.060 0.051 0.281
2014.3603 36.06 -117.88 0.296 0.466 5.476 0.067 0.058 0.313
2014.3877 36.06 -117.88 0.479 -0.059 4.312 0.068 0.058 0.314
2014.4151 36.06 -117.88 0.432 0.429 4.579 0.067 0.058 0.312
2014.4425 36.06 -117.88 0.742 0.371 4.124 0.071 0.061 0.329
2014.4699 36.06 -117.88 0.423 -0.123 5.810 0.071 0.060 0.327
2014.5795 36.06 -117.88 0.068 0.206 4.433 0.065 0.049 0.298
2014.6068 36.06 -117.88 -0.316 0.438 4.675 0.063 0.053 0.293
2014.6342 36.06 -117.88 -0.122 -0.147 4.471 0.058 0.048 0.271
2014.6616 36.06 -117.88 -0.316 0.551 6.496 0.064 0.054 0.296
2014.6890 36.06 -117.88 -0.265 0.478 5.701 0.062 0.052 0.289
2014.7164 36.06 -117.88 -0.619 0.722 3.587 0.061 0.051 0.284
2014.7438 36.06 -117.88 -0.385 0.313 3.193 0.066 0.056 0.305
2014.7712 36.06 -117.88 -0.298 0.466 5.759 0.065 0.055 0.301
2014.7986 36.06 -117.88 -0.566 0.639 5.668 0.059 0.048 0.273
2014.8260 36.06 -117.88 -0.623 0.625 5.589 0.059 0.048 0.272
2014.8534 36.06 -117.88 -0.462 0.847 5.989 0.062 0.051 0.286
2014.8808 36.06 -117.88 -0.456 0.698 4.529 0.062 0.051 0.286
2014.9082 36.06 -117.88 -0.055 0.560 4.204 0.063 0.052 0.291
2015.0452 36.06 -117.88 0.186 0.581 4.847 0.049 0.037 0.228
2015.0726 36.06 -117.88 0.209 0.232 2.763 0.053 0.038 0.240
2015.1000 36.06 -117.88 0.352 0.888 3.583 0.047 0.036 0.222
2015.1274 36.06 -117.88 0.325 0.152 3.702 0.044 0.033 0.209
2015.1548 36.06 -117.88 0.188 0.495 2.622 0.051 0.037 0.232
2015.1822 36.06 -117.88 0.164 0.364 2.534 0.048 0.036 0.223
2015.2096 36.06 -117.88 0.363 0.043 5.304 0.063 0.048 0.281
2015.2370 36.06 -117.88 0.172 0.706 3.655 0.067 0.055 0.306
2015.2644 36.06 -117.88 0.427 0.260 4.743 0.059 0.049 0.275
2015.2918 36.06 -117.88 0.176 0.797 5.776 0.060 0.050 0.278
2015.3192 36.06 -117.88 0.273 0.660 6.331 0.057 0.048 0.269
2015.3466 36.06 -117.88 0.136 0.534 6.714 0.062 0.051 0.288
2015.4836 36.06 -117.88 -0.117 0.115 7.140 0.059 0.042 0.266
2015.5110 36.06 -117.88 -0.052 0.487 8.348 0.056 0.043 0.259
2015.5384 36.06 -117.88 -0.184 0.001 8.022 0.061 0.048 0.281
2015.5658 36.06 -117.88 -0.239 -0.049 7.155 0.061 0.050 0.283
2015.5932 36.06 -117.88 -0.287 0.306 7.777 0.064 0.052 0.292
2015.6205 36.06 -117.88 -0.191 0.426 6.751 0.062 0.050 0.284
2015.6479 36.06 -117.88 -0.482 0.547 6.837 0.060 0.049 0.277
2015.6753 36.06 -117.88 -0.890 0.554 7.830 0.058 0.046 0.268
2015.7027 36.06 -117.88 -0.477 0.682 6.699 0.063 0.051 0.288
2015.7301 36.06 -117.88 -1.085 0.168 9.325 0.063 0.051 0.289
2015.9493 36.06 -117.88 -0.502 1.704 7.735 0.061 0.050 0.283
2015.9767 36.06 -117.88 0.107 0.777 6.501 0.063 0.053 0.292
2016.0041 36.06 -117.88 0.017 1.404 4.832 0.058 0.047 0.268
2016.0315 36.06 -117.88 0.342 0.875 5.123 0.055 0.045 0.256
2016.0589 36.06 -117.88 0.725 0.729 5.242 0.056 0.046 0.262
2016.0863 36.06 -117.88 0.527 0.882 5.189 0.051 0.042 0.243
2016.1137 36.06 -117.88 0.472 1.234 3.884 0.057 0.047 0.265
2016.1411 36.06 -117.88 0.210 0.646 2.705 0.067 0.056 0.305
2016.1685 36.06 -117.88 0.199 0.371 2.001 0.072 0.061 0.327
2016.1959 36.06 -117.88 0.434 0.183 0.850 0.070 0.062 0.325
2016.2233 36.06 -117.88 0.681 0.172 3.590 0.071 0.063 0.330
2016.2507 36.06 -117.88 0.731 -0.144 5.409 0.060 0.049 0.278
2016.3603 36.06 -117.88 0.673 0.394 7.552 0.055 0.046 0.260
2016.3877 36.06 -117.88 1.068 0.362 8.136 0.065 0.054 0.298
2016.4151 36.06 -117.88 0.938 0.285 5.737 0.064 0.053 0.293
2016.4425 36.06 -117.88 0.457 0.399 10.411 0.068 0.057 0.311
2016.4699 36.06 -117.88 0.586 0.675 7.404 0.067 0.056 0.305
