2002.5877 48.70 0.78 -15.59496216910050 10.50557931000789
2002.6151 48.70 0.78 0.67296059590097 10.23032068511855
2002.6425 48.70 0.78 -3.19901861252349 10.45970348994203
2002.6699 48.70 0.78 8.54148778501114 8.72386035664107
2002.6973 48.70 0.78 -2.88393693885225 14.39762672594681
2002.7247 48.70 0.78 8.42577991226069 9.98710919464349
2002.7521 48.70 0.78 -7.59273349104167 9.09858215029665
2002.7795 48.70 0.78 -1.88082465599692 10.35644275286349
2002.8068 48.70 0.78 3.87562453965771 9.47984536718270
2002.8342 48.70 0.78 -16.80830021009414 9.28036677109700
2002.8616 48.70 0.78 9.76392398153514 8.98179217756688
2002.8890 48.70 0.78 15.86857753250719 9.45745886192493
2002.9164 48.70 0.78 48.40933882449758 9.77328556211520
2003.0260 48.70 0.78 45.69230411655619 10.88370348824762
2003.0534 48.70 0.78 25.00252768245471 19.17694640501292
2003.0808 48.70 0.78 62.11799463874246 15.81806865107612
2003.1082 48.70 0.78 43.50691202792706 8.75159750590764
2003.1356 48.70 0.78 53.00941876110640 8.06827148702455
2003.1630 48.70 0.78 54.04181332868460 8.77458562688221
2003.1904 48.70 0.78 64.85186941568769 10.28537575621138
2003.2178 48.70 0.78 29.58912675490711 8.64001262180217
2003.2452 48.70 0.78 24.22202739820397 8.57464171222523
2003.2726 48.70 0.78 10.20651434663153 8.34243324987776
2003.3000 48.70 0.78 18.49742589663813 8.17785438216254
2003.3274 48.70 0.78 24.00560815330721 10.96740387914962
2003.3548 48.70 0.78 15.17504598779646 12.45620204564054
2003.3822 48.70 0.78 -15.83810415027125 10.70456498198322
2003.5192 48.70 0.78 14.75190376133359 12.16500954064751
2003.5466 48.70 0.78 13.06202000961647 13.87528282226974
2003.5740 48.70 0.78 20.01134188497713 16.61239500775759
2003.6014 48.70 0.78 19.96208664805663 13.93037751096683
2003.6288 48.70 0.78 7.15983994938872 12.82012888035669
2003.6562 48.70 0.78 -2.31478739828369 14.05042782645342
2003.6836 48.70 0.78 16.04273631524130 14.05869956215792
2003.7110 48.70 0.78 -10.56149518372006 10.41060429956672
2003.7384 48.70 0.78 -8.86115890020975 13.18070435040991
2003.7658 48.70 0.78 -1.87005423964079 11.99185359666052
2003.7932 48.70 0.78 -20.57181690092197 13.64639321395469
2003.8205 48.70 0.78 -44.33508875664889 14.54316635611765
2003.8479 48.70 0.78 -17.92705245811184 12.38084140569551
2003.8753 48.70 0.78 -19.00865468732286 13.52028181673911
2003.9027 48.70 0.78 -21.84283869635890 11.93122649543609
2003.9301 48.70 0.78 -20.79041839049344 12.70089377029237
2003.9575 48.70 0.78 9.65131022253044 14.69903152260024
2003.9849 48.70 0.78 1.49218319642525 13.76071321839101
2004.0123 48.70 0.78 5.90613130800831 14.78673873362039
2004.0397 48.70 0.78 28.28595782966873 11.51435956028758
2004.0945 48.70 0.78 43.79357449082045 10.70726373183516
2004.1219 48.70 0.78 16.05021617349770 12.19921249879736
2004.1493 48.70 0.78 -9.03603026743438 14.52932691599305
2004.1767 48.70 0.78 -10.17291232220244 15.91628195001335
2004.2041 48.70 0.78 26.06142385833998 12.56169811361528
2004.2315 48.70 0.78 18.85786097269176 12.76505772831981
2004.2589 48.70 0.78 5.79683149981918 13.15203142483864
2004.2863 48.70 0.78 34.43967774426158 13.23907750766989
2004.3137 48.70 0.78 28.08677260445750 12.51981779082955
2004.3411 48.70 0.78 9.22815677166403 13.87459127568971
2004.3685 48.70 0.78 -12.51126393146331 13.13894579397195
2004.3959 48.70 0.78 -2.53975264160726 11.34837165837950
2004.4233 48.70 0.78 -0.02571722866049 10.86879466798351
2004.4507 48.70 0.78 -7.57408190072097 9.71819866991149
2004.4781 48.70 0.78 -5.59444205784423 10.80287333394975
2004.5055 48.70 0.78 -1.77796229887470 10.48175090712008
2004.5329 48.70 0.78 4.92017135910610 9.80971853053124
2004.5603 48.70 0.78 -23.09495251173991 10.17870799832658
2004.5877 48.70 0.78 -21.22564239247658 10.22976684140811
2004.6151 48.70 0.78 -22.91996473845117 11.32404701188548
2004.6425 48.70 0.78 -7.04457981472918 9.45098839610185
2004.6699 48.70 0.78 -10.29544479094257 9.43593391441845
2004.6973 48.70 0.78 -13.25284056527961 8.76682936397475
2004.7247 48.70 0.78 -5.14220375198048 10.24216435359200
2004.7521 48.70 0.78 -3.44712672504460 9.71895297918694
2004.7795 48.70 0.78 -10.71832695278344 9.54551420243115
2004.8068 48.70 0.78 -15.94440097808800 10.76028075842863
2004.8342 48.70 0.78 1.08895777198197 10.64105380560446
2004.8616 48.70 0.78 -10.28813335962652 9.17409897760469
2004.8890 48.70 0.78 1.00110173399022 9.20444769198775
2004.9164 48.70 0.78 4.77263362939138 10.19742766860364
2004.9438 48.70 0.78 -12.38295335686189 11.03092973260317
2004.9712 48.70 0.78 8.67675155947425 10.32751820670692
2004.9973 48.70 0.78 5.95351425953104 9.81006721014831
2005.0233 48.70 0.78 22.69359400212879 11.74878677481630
2005.0507 48.70 0.78 47.14993033944980 18.20498527511753
2005.0781 48.70 0.78 -11.00171912977129 13.36819753010331
2005.1055 48.70 0.78 -24.88390805062822 13.21907527425953
2005.1329 48.70 0.78 -6.59705527892222 13.54839832597536
2005.1603 48.70 0.78 19.20970462613769 11.83717704719758
2005.1877 48.70 0.78 5.82593723248445 11.76723080260779
2005.2151 48.70 0.78 -7.33894552413093 10.86834577826567
2005.2425 48.70 0.78 11.21409819569222 10.61259474040670
2005.2699 48.70 0.78 -4.33489284105770 11.44538655920334
2005.2973 48.70 0.78 5.65962642508718 12.17164304591887
2005.3247 48.70 0.78 -8.97003166626115 12.85777478003200
2005.3521 48.70 0.78 -20.79078150696883 4.52482053896706
2005.3795 48.70 0.78 10.63118398268613 11.93119902548568
2005.4068 48.70 0.78 -9.50531071332515 10.75713592479710
2005.4342 48.70 0.78 -8.95221969777998 12.32788689611361
2005.4616 48.70 0.78 -26.50813036417292 11.29089726569455
2005.4890 48.70 0.78 -43.11393151407871 10.68455701197093
2005.5164 48.70 0.78 -29.22995406706103 10.61108361148439
2005.5438 48.70 0.78 -18.58927550823135 11.71577160709507
2005.5712 48.70 0.78 -6.59064244395919 12.90390171282611
2005.5986 48.70 0.78 -8.16121540339305 13.19354044958413
2005.6260 48.70 0.78 -17.56994052824888 11.50953814857680
2005.6534 48.70 0.78 -26.51814049411776 12.29565897032871
2005.6808 48.70 0.78 -12.10765153798681 11.99468305866491
2005.7082 48.70 0.78 -30.00353944856751 14.93671787257404
2005.7356 48.70 0.78 -15.90738286754909 12.95254006324603
2005.7630 48.70 0.78 -15.66422616017045 12.97200154231867
2005.7904 48.70 0.78 -28.58487625019212 11.97844158741311
2005.8178 48.70 0.78 5.43862376958594 12.40313983940941
2005.8452 48.70 0.78 -1.28843008571835 13.26303487527454
2005.8726 48.70 0.78 6.32474566812105 11.40129088452374
2005.9000 48.70 0.78 -16.14013787186892 11.02595852017419
2005.9274 48.70 0.78 -16.14562804389256 10.97719195506232
2005.9548 48.70 0.78 -38.24434072294855 9.21854650091538
2005.9822 48.70 0.78 -20.67926139796408 10.13937885350101
2006.0096 48.70 0.78 -22.49621476402557 11.60774319970496
2006.0370 48.70 0.78 -12.64744418852369 14.99144833440480
2006.0644 48.70 0.78 14.63496600273836 15.14098400308025
2006.0918 48.70 0.78 2.40650393438605 15.24481241970744
2006.1192 48.70 0.78 -8.98692945545669 17.78917354506376
2006.1466 48.70 0.78 12.45454767915275 13.55600642325162
2006.1740 48.70 0.78 3.57122034055933 15.79468614148564
2006.2014 48.70 0.78 19.33102423315497 11.73318532295353
2006.2288 48.70 0.78 40.44193898533464 15.86117076202975
2006.2562 48.70 0.78 -18.45194863782142 14.99290043152390
2006.2836 48.70 0.78 -5.29244551670934 14.52138354062500
2006.3110 48.70 0.78 -2.08606138547162 15.59933965272417
2006.3384 48.70 0.78 -22.85392381373717 14.05741423576420
2006.3658 48.70 0.78 -47.96676766317609 15.70077046533622
2006.3932 48.70 0.78 -23.44913420876331 15.35650575103851
2006.4205 48.70 0.78 -26.30595284620146 15.30848671934924
2006.4479 48.70 0.78 -15.06798837570644 16.37169857212135
2006.4753 48.70 0.78 -30.03492784836500 16.98035212339124
2006.5027 48.70 0.78 -35.31977968996153 17.74626768386807
2006.5301 48.70 0.78 -25.31735858125090 21.57537140934772
2006.5575 48.70 0.78 -27.71479297408401 16.80365867338679
2006.5849 48.70 0.78 -38.88709787955364 17.33166570259444
2006.6123 48.70 0.78 -7.17994832945941 22.31640405243933
2006.6397 48.70 0.78 -6.77318087420439 18.49696141705345
2006.6671 48.70 0.78 -14.23639777784724 16.45565483697148
2006.6945 48.70 0.78 -15.02979304977648 21.65470041155038
2006.7219 48.70 0.78 -13.01693759358728 19.62234085924852
2006.7493 48.70 0.78 -36.59482377722235 23.99248558278546
2006.7767 48.70 0.78 -13.91867682785127 20.85860680075298
2006.8041 48.70 0.78 -10.75559690582209 16.36862526731282
2006.8315 48.70 0.78 -18.12927745288515 19.50063838880424
2006.8589 48.70 0.78 -16.86622120457721 18.79913634309807
2006.8863 48.70 0.78 -24.33196081585258 17.81119825491013
2006.9137 48.70 0.78 -8.93026740082377 17.08642911564586
2006.9411 48.70 0.78 -2.82650819665149 16.70633338009320
2006.9685 48.70 0.78 -17.79975883789031 16.34659596279372
2006.9959 48.70 0.78 0.85004392486898 15.90061198778355
2007.0233 48.70 0.78 23.92220367462438 14.46741713617581
2007.0507 48.70 0.78 4.38607940796444 15.38166020216183
2007.0781 48.70 0.78 -3.78917448900655 16.32737760515740
2007.1055 48.70 0.78 18.91219832608381 14.34302852586719
2007.1329 48.70 0.78 5.16322317766169 15.84609285179730
2007.1603 48.70 0.78 27.38350833466988 15.06666011548502
2007.1877 48.70 0.78 37.65417163692157 20.51142197978081
2007.2151 48.70 0.78 9.75725244316624 18.10773517308264
2007.2425 48.70 0.78 22.07408517672472 17.31804037581706
2007.2699 48.70 0.78 -8.09447400413261 13.03173787920039
2007.2973 48.70 0.78 -4.64565412446538 12.20902590114236
2007.3247 48.70 0.78 -2.53047400552336 15.62725648492681
2007.3521 48.70 0.78 10.69260405496669 17.36813151763080
2007.3795 48.70 0.78 -3.38848800325181 18.41376748249415
2007.4068 48.70 0.78 -8.93213594484088 14.82516093626525
2007.4342 48.70 0.78 -10.21912969728948 14.01980514904848
2007.4616 48.70 0.78 -9.91498069123853 19.43234593594338
2007.4890 48.70 0.78 18.53050222010496 14.06404496016108
2007.5164 48.70 0.78 29.31982922739753 15.10127659599748
2007.5438 48.70 0.78 30.98005267905086 14.50013099142688
2007.5712 48.70 0.78 8.87800896330476 14.91315035268329
2007.5986 48.70 0.78 24.73376731713232 18.74339382802378
2007.6260 48.70 0.78 16.89913201637039 14.79723185249561
2007.6534 48.70 0.78 10.48284402475324 15.11489404793756
2007.6808 48.70 0.78 8.12618657572962 15.80491016526508
2007.7082 48.70 0.78 -26.17641631055863 10.91752534445830
2007.7356 48.70 0.78 -20.83620163786424 16.24220495815149
2007.7630 48.70 0.78 -20.47019529703271 11.70194285091603
2007.7904 48.70 0.78 -31.56658168058772 16.16404817630331
2007.8178 48.70 0.78 -32.81789828972981 19.02215425888232
2007.8452 48.70 0.78 -18.64088854974516 14.81301735576548
2007.8726 48.70 0.78 -10.87026504642090 17.52887502498004
2007.9000 48.70 0.78 3.64570594298283 18.54122398727255
2007.9274 48.70 0.78 8.11810705712593 18.32587398825628
2007.9548 48.70 0.78 -7.08725719195849 13.39995838211498
2007.9822 48.70 0.78 -20.20028575018839 16.90928401739032
2008.0096 48.70 0.78 6.05830697702851 14.71784420127777
2008.0370 48.70 0.78 23.44918671749780 15.37116870616921
2008.0644 48.70 0.78 13.91691505949118 18.10311029583432
2008.0918 48.70 0.78 7.01608515014790 13.74050620116461
2008.1192 48.70 0.78 -23.99204287824341 16.72207867557602
2008.1466 48.70 0.78 -26.31504908632855 19.76104106642652
2008.1740 48.70 0.78 -11.70723223978817 17.05491363018456
2008.2014 48.70 0.78 11.60522365873897 18.75692590509589
2008.2288 48.70 0.78 -12.81946494912338 20.85566395578934
2008.2562 48.70 0.78 34.51274653052863 19.76593750482929
2008.2836 48.70 0.78 30.78891923388878 23.82975953762154
2008.3110 48.70 0.78 1.34678783227037 24.90948835531378
2008.3384 48.70 0.78 13.33936457862866 18.28858384895372
2008.3658 48.70 0.78 -4.44444589897202 18.50780742873432
2008.3932 48.70 0.78 5.79363425020297 16.45677094089782
2008.4205 48.70 0.78 20.14284293970255 14.39477740587984
2008.4479 48.70 0.78 2.42260407389531 14.87361613995671
2008.4753 48.70 0.78 22.55953289522147 14.28095308257734
2008.5027 48.70 0.78 19.54906662184350 17.67355375750294
2008.5301 48.70 0.78 23.42314666248512 21.86296515158319
2008.5575 48.70 0.78 -13.61054162737138 13.81101398917186
2008.5849 48.70 0.78 -0.72075412260206 16.38149738318561
2008.6123 48.70 0.78 -0.87495966847603 13.09080646976053
2008.6397 48.70 0.78 -4.98399762694309 14.60535281177247
2008.6671 48.70 0.78 -9.90652295151018 13.87713248017025
2008.6945 48.70 0.78 -3.98278186438108 13.35272324880243
2008.7219 48.70 0.78 -15.67658972046151 15.83690295988581
2008.7493 48.70 0.78 -11.01261676453476 14.16764758714564
2008.7767 48.70 0.78 -1.53707961016079 17.00581776023621
2008.8041 48.70 0.78 8.10589515819056 17.15624560796290
2008.8315 48.70 0.78 6.70094466264890 19.23781031419240
2008.8589 48.70 0.78 -7.03176166228445 22.49976601084876
2008.8863 48.70 0.78 -22.07043623671341 21.57899379826496
2008.9137 48.70 0.78 21.90857815442177 20.63197024928902
2008.9411 48.70 0.78 -3.61654567437954 21.27709922939936
2008.9685 48.70 0.78 -2.62218859372696 19.85535458081624
2008.9945 48.70 0.78 -28.49698334279575 16.82724893555041
2009.0205 48.70 0.78 1.17511018724842 16.70538964636181
2009.0479 48.70 0.78 12.44533306264983 16.70665689580135
2009.0753 48.70 0.78 6.46291795821990 15.75980434087675
2009.1027 48.70 0.78 12.40997122963054 20.02539755999691
2009.1301 48.70 0.78 -15.97322086606003 15.61158145707457
2009.1575 48.70 0.78 -14.05997490857377 15.76798897321975
2009.1849 48.70 0.78 -10.26663982222113 18.83019315975379
2009.2123 48.70 0.78 -10.63844301614666 15.48347766773185
2009.2397 48.70 0.78 -6.35952072649851 18.05237803699746
2009.2671 48.70 0.78 -4.15713096565463 14.92811107041141
2009.2945 48.70 0.78 -11.76090997911701 15.38558477355743
2009.3219 48.70 0.78 2.95232556876798 16.01563633690188
2009.3493 48.70 0.78 6.82504418396037 14.56926801149379
2009.3767 48.70 0.78 -23.51227313394817 15.35100742351522
2009.4041 48.70 0.78 -7.44511990706409 13.23328550816987
2009.4315 48.70 0.78 -4.54735318076327 15.64410561333958
2009.4589 48.70 0.78 -8.79001897647480 12.82295613959045
2009.4863 48.70 0.78 -31.98241720543583 14.27556131485900
2009.5137 48.70 0.78 -29.60168749209651 13.39099138084997
2009.5411 48.70 0.78 -15.88622870826095 16.78143301006016
2009.5685 48.70 0.78 -15.88900550595141 18.01803824426836
2009.5959 48.70 0.78 -10.65678352818057 15.61720895042937
2009.6233 48.70 0.78 -10.37186500346820 16.57484672529811
2009.6507 48.70 0.78 14.10482532111483 15.99335414488187
2009.6781 48.70 0.78 -9.59057859177058 17.31942033621386
2009.7055 48.70 0.78 -39.78562758341785 18.19716595904904
2009.7329 48.70 0.78 -31.57644704958657 17.36234203601527
2009.7603 48.70 0.78 -31.41339252820901 19.87322694833208
2009.7877 48.70 0.78 -6.02836792039449 18.27875875854952
2009.8151 48.70 0.78 -25.64036043857728 19.84837825747099
2009.8425 48.70 0.78 -15.38772128422844 17.86657749694858
2009.8699 48.70 0.78 -19.92963975468211 16.97939995838863
2009.8973 48.70 0.78 -1.05170851341249 15.78596307029092
2009.9247 48.70 0.78 -29.36714722677898 15.32157678780130
2009.9521 48.70 0.78 -12.85642849319675 14.51158098341191
2009.9795 48.70 0.78 -39.15056452856466 14.93722944498072
2010.0068 48.70 0.78 -16.54422395942420 19.48370841161778
2010.0342 48.70 0.78 -21.68797729985542 14.74440904979206
2010.0616 48.70 0.78 -4.43614513630304 15.24125266273917
2010.0890 48.70 0.78 2.81743802210230 18.71933262263339
2010.1164 48.70 0.78 2.20178498248636 19.36357621652487
2010.1438 48.70 0.78 17.77610532175287 18.32187223300416
2010.1712 48.70 0.78 6.69231283508121 17.46745494560562
2010.1986 48.70 0.78 7.16431863989996 16.71936849036794
2010.2260 48.70 0.78 -14.18433004373161 18.37877599290735
2010.2534 48.70 0.78 -19.05807612333952 18.87937165872377
2010.2808 48.70 0.78 5.49599042634466 14.18915562316532
2010.3082 48.70 0.78 -13.09243254583852 15.02445163451145
2010.3356 48.70 0.78 -41.81628484350042 13.27627070705671
2010.3630 48.70 0.78 -15.19993935085679 14.26342472910954
2010.3904 48.70 0.78 -18.70376802432764 14.48408108994488
2010.4178 48.70 0.78 -6.26766169004102 15.28587474666677
2010.4452 48.70 0.78 -0.43378490558907 13.25398163638220
2010.4726 48.70 0.78 2.82107010199377 11.76358656068846
2010.5000 48.70 0.78 -2.21969357917914 13.61866518307964
2010.5274 48.70 0.78 -8.08066474414014 22.74840830403589
2010.5548 48.70 0.78 -7.35734282891946 14.08388398714182
2010.5822 48.70 0.78 -1.15379925403485 12.58787749376165
2010.6096 48.70 0.78 -25.35356097918396 16.86489346943532
2010.6370 48.70 0.78 -12.62613174070874 14.81506156662426
2010.6644 48.70 0.78 -10.26248295989268 13.74581120896940
2010.6918 48.70 0.78 -3.23932698250381 16.97756877123222
2010.7192 48.70 0.78 -32.52476660226389 15.73697472890148
2010.7466 48.70 0.78 -13.58844243602382 18.65458877666293
2010.7740 48.70 0.78 -27.17399807315226 14.53582595265387
2010.8014 48.70 0.78 -9.69509440068526 13.93622205242267
2010.8288 48.70 0.78 -43.58248544138765 16.19892370740982
2010.8562 48.70 0.78 -2.09290956736012 15.82142025512743
2010.8836 48.70 0.78 -8.60993959430906 14.40439862306550
2010.9110 48.70 0.78 5.25407054061189 16.04075252720733
2010.9384 48.70 0.78 -20.72874398368729 16.74885002043176
2010.9658 48.70 0.78 13.03095745638974 18.60994418381866
2010.9932 48.70 0.78 -0.57014198105858 13.70262382525173
2011.1027 48.70 0.78 -10.22151726264830 13.64253890990550
2011.1301 48.70 0.78 -6.59817184071392 22.13079343667154
2011.1575 48.70 0.78 -11.12912954857061 14.20177152966896
2011.1849 48.70 0.78 -21.94257364876948 10.86186427135982
2011.2123 48.70 0.78 -19.23766666171299 18.76505429967435
2011.2397 48.70 0.78 19.28016930207762 19.72986758598611
2011.2671 48.70 0.78 -28.79276158437847 15.57113871117120
2011.2945 48.70 0.78 -34.06826399764434 18.52572243149615
2011.3219 48.70 0.78 -4.24417870513583 17.27263118777286
2011.3493 48.70 0.78 -17.19383322004248 15.22453353221450
2011.3767 48.70 0.78 -46.43431587618211 18.18784795472070
2011.4041 48.70 0.78 -51.39028353023488 15.66564596859098
2011.4315 48.70 0.78 -26.22828200654705 15.45760347346556
2011.5137 48.70 0.78 -25.80040428875892 14.09222766643248
2011.5411 48.70 0.78 -6.06582666205276 15.27495819956206
2011.5685 48.70 0.78 -13.05869282300592 14.74706243022153
2011.5959 48.70 0.78 -22.48789615703290 15.99549572321490
2011.6233 48.70 0.78 -33.74664080764729 15.86932435916154
2011.6507 48.70 0.78 0.08251192634431 19.38263867397005
2011.6781 48.70 0.78 -6.97644300635019 17.95880488623445
2011.7055 48.70 0.78 -1.04075804093054 18.04869879411633
2011.7329 48.70 0.78 15.84920899208226 21.20456605321895
2011.7603 48.70 0.78 -12.91773208002592 17.97072021364716
2011.7877 48.70 0.78 18.05903298270551 19.25071318528824
2011.8151 48.70 0.78 -7.71951932974631 18.79632166065885
2011.8425 48.70 0.78 8.35182500848724 20.64434677775843
2011.8699 48.70 0.78 -7.69403521626118 19.08304558838632
2011.9521 48.70 0.78 1.88415022747548 11.89738927653977
2011.9795 48.70 0.78 -11.48842005584557 16.20334992216548
2012.0068 48.70 0.78 12.16401712832896 14.90420426276173
2012.0342 48.70 0.78 -9.46729414315475 18.04946259201301
2012.0616 48.70 0.78 11.64084647407057 15.59746188077681
2012.0890 48.70 0.78 -13.20650248376944 15.33320112159273
2012.1164 48.70 0.78 -28.56101897414015 14.89308218917222
2012.1438 48.70 0.78 -36.35842161107006 15.44920680886250
2012.1712 48.70 0.78 6.27801204421870 14.53016867366381
2012.1986 48.70 0.78 -28.80914732640669 13.02852509890089
2012.2260 48.70 0.78 -14.64895564515908 13.45901731652186
2012.2534 48.70 0.78 -16.73502220592542 13.06399601405831
2012.2808 48.70 0.78 -10.68179493876358 12.11447516825377
2012.3082 48.70 0.78 -20.18530269729912 14.13086413065714
2012.3904 48.70 0.78 33.42986872624070 14.38653348250827
2012.4178 48.70 0.78 -12.48420494408766 10.98410782715128
2012.4452 48.70 0.78 -14.85546606495771 10.81051064495841
2012.4726 48.70 0.78 -1.51694338237207 11.79117031027389
2012.5000 48.70 0.78 4.68317597905545 11.12063188131532
2012.5274 48.70 0.78 -21.16391546134942 11.90802581093902
2012.5548 48.70 0.78 -19.54656954681499 11.91201979787555
2012.5822 48.70 0.78 -12.07612569771023 12.75458468598995
2012.6096 48.70 0.78 -11.85146369400585 12.72906568109410
2012.6370 48.70 0.78 -7.93705742601036 11.60665643011854
2012.6644 48.70 0.78 5.33721684212750 12.86851530319575
2012.6918 48.70 0.78 -20.44595271958934 13.31943836283642
2012.7192 48.70 0.78 -1.76474556332336 16.43947602441045
2012.7466 48.70 0.78 -11.88533811390148 10.96240369054087
2012.8562 48.70 0.78 4.93792366558928 16.89478346290566
2012.8836 48.70 0.78 16.20434611512564 15.97102080785381
2012.9110 48.70 0.78 23.43053275379395 15.07490770271565
2012.9384 48.70 0.78 22.62902990121948 14.22922385678241
2012.9658 48.70 0.78 47.90469401715796 16.43995742131130
2012.9918 48.70 0.78 49.98843611278473 7.62837972945346
2013.0178 48.70 0.78 52.13230631226411 9.24116822881631
2013.0452 48.70 0.78 43.71829114513869 9.14995514195922
2013.0726 48.70 0.78 43.32678928036747 8.34075660881809
2013.1000 48.70 0.78 4.40770595995567 8.58570415300682
2013.1274 48.70 0.78 17.98916540864609 7.85338634663597
2013.1548 48.70 0.78 11.56435848018694 7.09159372367928
2013.2644 48.70 0.78 3.93339568313395 8.35902878796567
2013.2918 48.70 0.78 -9.17674616608791 8.13620184398891
2013.3192 48.70 0.78 -21.70037000624851 9.13542611764832
2013.3466 48.70 0.78 -10.98039902576295 9.41604300762085
2013.3740 48.70 0.78 -21.73176007203719 7.89422171480005
2013.4014 48.70 0.78 -17.80698429632475 8.19579867586019
2013.4288 48.70 0.78 5.07712856848667 7.03686767512985
2013.4562 48.70 0.78 -12.21211138289207 7.16417405472293
2013.4836 48.70 0.78 21.82042733631044 7.40914586648424
2013.5110 48.70 0.78 -5.40316994276089 8.53089470149703
2013.5384 48.70 0.78 -17.72370366050289 8.21044264183767
2013.5658 48.70 0.78 -12.50391953250109 8.69772789367211
2013.7575 48.70 0.78 11.22965521383302 8.13577381924975
2013.7849 48.70 0.78 -11.94644536661165 8.54309870669252
2013.8123 48.70 0.78 0.77918458631545 7.76861095790017
2013.8397 48.70 0.78 12.47624072359552 7.90944065887603
2013.8671 48.70 0.78 35.90034783865741 8.42850143219049
2013.8945 48.70 0.78 -14.70800367161761 7.89454141552993
2013.9219 48.70 0.78 -9.49593398598937 6.83706106001039
2013.9493 48.70 0.78 -8.24122133687321 7.45274628737713
2013.9767 48.70 0.78 15.15643254809092 7.40150040687094
2014.0041 48.70 0.78 -4.65684197470769 7.17674342785814
2014.0315 48.70 0.78 18.81673043889362 7.61826321624435
2014.1685 48.70 0.78 78.49644356284958 7.89830674895376
2014.1959 48.70 0.78 34.35864152936170 8.27869720962951
2014.2233 48.70 0.78 -1.48150775587422 7.74952801172577
2014.2507 48.70 0.78 23.25695541989234 6.98703074279043
2014.2781 48.70 0.78 39.92186404737274 7.46377396176584
2014.3055 48.70 0.78 18.26654366155570 7.10200023336900
2014.3329 48.70 0.78 -11.53231021310710 5.60390000944112
2014.3603 48.70 0.78 30.09364014594022 6.57674922602835
2014.3877 48.70 0.78 27.23132815845475 6.59745287175676
2014.4151 48.70 0.78 -12.55882018867266 6.51741575510224
2014.4425 48.70 0.78 41.87107948147678 6.99977168923942
2014.4699 48.70 0.78 -44.31757156397272 6.87825357280026
2014.5795 48.70 0.78 -2.05901550644592 5.46238027657096
2014.6068 48.70 0.78 8.07120245583837 6.03609806050239
2014.6342 48.70 0.78 36.29439553797296 5.32099887307071
2014.6616 48.70 0.78 16.84660116340842 6.14849112148915
2014.6890 48.70 0.78 -4.00419110280222 5.97948159144798
2014.7164 48.70 0.78 -13.14321006101164 5.83277183432411
2014.7438 48.70 0.78 39.25026726478501 6.47623966776118
2014.7712 48.70 0.78 72.79766493622166 6.40343272513454
2014.7986 48.70 0.78 35.00783629259887 5.51001689241703
2014.8260 48.70 0.78 27.02382611112779 5.46391609288160
2014.8534 48.70 0.78 52.20442864521516 5.84535449044032
2014.8808 48.70 0.78 32.73693798495602 5.86473316637159
2014.9082 48.70 0.78 27.38361903560797 5.99887377907139
2015.0452 48.70 0.78 38.82754920312748 4.15835302945348
2015.0726 48.70 0.78 20.84562422509411 4.81912543006121
2015.1000 48.70 0.78 30.44476718587503 4.04272989968515
2015.1274 48.70 0.78 24.52067562941067 3.72302080814508
2015.1548 48.70 0.78 23.70371333579572 4.63510280275096
2015.1822 48.70 0.78 12.08200214652201 4.21758790983540
2015.2096 48.70 0.78 18.11972972589937 6.17213510605226
2015.2370 48.70 0.78 -4.46303560863509 6.65928698112825
2015.2644 48.70 0.78 11.36987446215189 5.70855765089023
2015.2918 48.70 0.78 -40.29240938809176 5.61118290358848
2015.3192 48.70 0.78 34.12225786849546 5.38386865989498
2015.3466 48.70 0.78 29.88580051269770 5.95182331376169
2015.4836 48.70 0.78 -8.28531013899419 4.95654998617763
2015.5110 48.70 0.78 19.82052517899698 4.88137696935041
2015.5384 48.70 0.78 10.86234274280416 5.58456294489089
2015.5658 48.70 0.78 -10.90583495054840 5.91656439618490
2015.5932 48.70 0.78 -0.15962237213315 6.26447957427315
2015.6205 48.70 0.78 12.71159860443014 5.91032215109819
2015.6479 48.70 0.78 -14.86423143901722 5.77546597575338
2015.6753 48.70 0.78 11.26092077984619 5.41144422496547
2015.7027 48.70 0.78 6.59124670800591 6.14523428389369
2015.7301 48.70 0.78 11.86692642616658 6.02983955128159
2015.9493 48.70 0.78 3.69721003856765 5.72515642478233
2015.9767 48.70 0.78 17.14934704252166 6.33570471561125
2016.0041 48.70 0.78 27.95373113313334 5.59987133510280
2016.0315 48.70 0.78 32.98597244571780 5.32709794103991
2016.0589 48.70 0.78 61.01640388021195 5.44446375480801
2016.0863 48.70 0.78 22.34585039019188 4.70974558985458
2016.1137 48.70 0.78 28.83747376175373 5.57697644778089
2016.1411 48.70 0.78 59.23884967700504 6.90241715944713
2016.1685 48.70 0.78 52.44776946718745 7.58215557545712
2016.1959 48.70 0.78 19.06362916540189 7.42255517202160
2016.2233 48.70 0.78 -11.71579559689315 7.54004940123990
2016.2507 48.70 0.78 62.10626674866835 5.70142193949927
2016.3603 48.70 0.78 10.32515796985942 5.35467775120147
2016.3877 48.70 0.78 38.53768060155307 6.60853447924041
2016.4151 48.70 0.78 14.46140177482739 6.40347160496887
2016.4425 48.70 0.78 20.21257394627275 7.04670208096793
2016.4699 48.70 0.78 38.56469802764394 6.88984631493989
