2002.5877 53.25 -114.98 -0.008 -1.606 2.795 0.117 0.106 0.544
2002.6151 53.25 -114.98 -0.036 -1.151 4.849 0.112 0.102 0.520
2002.6425 53.25 -114.98 0.024 -1.015 5.617 0.114 0.104 0.530
2002.6699 53.25 -114.98 -0.017 -0.801 6.634 0.099 0.089 0.464
2002.6973 53.25 -114.98 -0.140 -0.587 5.023 0.183 0.104 0.717
2002.7247 53.25 -114.98 0.088 -0.283 7.269 0.106 0.098 0.493
2002.7521 53.25 -114.98 -0.026 -0.552 6.608 0.098 0.090 0.459
2002.7795 53.25 -114.98 -0.035 -0.231 7.504 0.114 0.104 0.530
2002.8068 53.25 -114.98 -0.176 -0.686 7.906 0.102 0.093 0.474
2002.8342 53.25 -114.98 -0.154 -0.722 6.621 0.100 0.092 0.468
2002.8616 53.25 -114.98 -0.075 -0.663 7.256 0.106 0.089 0.483
2002.8890 53.25 -114.98 -0.164 -1.072 5.452 0.102 0.093 0.474
2002.9164 53.25 -114.98 -0.154 -0.912 5.489 0.110 0.099 0.509
2003.0260 53.25 -114.98 -0.112 -0.627 7.094 0.124 0.112 0.577
2003.0534 53.25 -114.98 -0.482 -1.137 3.149 0.199 0.184 0.913
2003.0808 53.25 -114.98 -0.405 -0.686 4.617 0.180 0.160 0.825
2003.1082 53.25 -114.98 -0.322 -1.282 3.490 0.105 0.094 0.493
2003.1356 53.25 -114.98 -0.317 -0.961 2.729 0.098 0.087 0.460
2003.1630 53.25 -114.98 0.049 -0.926 2.289 0.103 0.093 0.485
2003.1904 53.25 -114.98 -0.213 -0.934 1.210 0.122 0.108 0.566
2003.2178 53.25 -114.98 -0.403 -1.205 0.651 0.102 0.091 0.477
2003.2452 53.25 -114.98 -0.565 -1.584 -1.024 0.099 0.090 0.465
2003.2726 53.25 -114.98 -0.634 -1.507 1.504 0.097 0.087 0.454
2003.3000 53.25 -114.98 -0.785 -1.644 0.245 0.094 0.085 0.444
2003.3274 53.25 -114.98 -0.553 -1.373 -0.247 0.123 0.111 0.570
2003.3548 53.25 -114.98 -0.648 -1.753 -1.716 0.133 0.122 0.615
2003.3822 53.25 -114.98 -0.705 -1.327 1.267 0.123 0.112 0.576
2003.5192 53.25 -114.98 -0.211 -0.695 3.453 0.127 0.117 0.585
2003.5466 53.25 -114.98 -0.017 -1.073 5.103 0.139 0.130 0.641
2003.5740 53.25 -114.98 -0.138 -1.035 6.553 0.161 0.152 0.739
2003.6014 53.25 -114.98 0.131 -0.729 7.235 0.139 0.130 0.642
2003.6288 53.25 -114.98 0.125 -0.919 7.921 0.133 0.123 0.613
2003.6562 53.25 -114.98 0.142 -0.551 7.281 0.142 0.132 0.654
2003.6836 53.25 -114.98 0.035 -0.820 7.847 0.140 0.130 0.642
2003.7110 53.25 -114.98 0.166 -0.631 6.916 0.111 0.102 0.516
2003.7384 53.25 -114.98 0.203 -0.565 7.430 0.133 0.124 0.613
2003.7658 53.25 -114.98 -0.028 -0.255 5.937 0.123 0.114 0.566
2003.7932 53.25 -114.98 -0.033 -0.742 7.223 0.137 0.127 0.626
2003.8205 53.25 -114.98 0.235 -0.269 6.544 0.149 0.135 0.676
2003.8479 53.25 -114.98 -0.105 -0.162 4.890 0.132 0.119 0.604
2003.8753 53.25 -114.98 0.122 -0.548 6.443 0.137 0.126 0.626
2003.9027 53.25 -114.98 -0.202 -1.021 4.248 0.126 0.115 0.580
2003.9301 53.25 -114.98 -0.351 -1.015 4.694 0.132 0.119 0.600
2003.9575 53.25 -114.98 -0.194 -0.924 4.961 0.146 0.133 0.663
2003.9849 53.25 -114.98 -0.246 -0.941 4.559 0.140 0.126 0.632
2004.0123 53.25 -114.98 -0.242 -0.775 5.342 0.150 0.135 0.678
2004.0397 53.25 -114.98 -0.211 -0.827 5.160 0.128 0.117 0.597
2004.0945 53.25 -114.98 -0.340 -0.768 2.318 0.120 0.109 0.556
2004.1219 53.25 -114.98 -0.406 -0.883 2.558 0.127 0.113 0.577
2004.1493 53.25 -114.98 -0.481 -1.723 2.347 0.150 0.133 0.672
2004.1767 53.25 -114.98 -0.595 -0.936 3.115 0.159 0.140 0.708
2004.2041 53.25 -114.98 -0.362 -1.398 2.792 0.131 0.115 0.589
2004.2315 53.25 -114.98 -0.541 -1.016 1.846 0.133 0.117 0.598
2004.2589 53.25 -114.98 -0.370 -0.847 2.324 0.138 0.121 0.619
2004.2863 53.25 -114.98 -0.236 -1.054 1.194 0.139 0.121 0.621
2004.3137 53.25 -114.98 -0.188 -0.849 -0.625 0.132 0.116 0.592
2004.3411 53.25 -114.98 -0.279 -1.291 0.236 0.145 0.126 0.644
2004.3685 53.25 -114.98 -0.352 -0.929 2.559 0.140 0.123 0.630
2004.3959 53.25 -114.98 -0.341 -0.704 2.976 0.123 0.109 0.560
2004.4233 53.25 -114.98 -0.050 -0.537 2.688 0.118 0.105 0.539
2004.4507 53.25 -114.98 0.047 -0.575 1.840 0.105 0.093 0.480
2004.4781 53.25 -114.98 -0.103 -0.422 2.525 0.116 0.102 0.524
2004.5055 53.25 -114.98 -0.246 -0.146 4.188 0.113 0.099 0.513
2004.5329 53.25 -114.98 -0.188 -0.385 4.737 0.107 0.095 0.488
2004.5603 53.25 -114.98 0.029 -0.439 5.234 0.110 0.097 0.500
2004.5877 53.25 -114.98 0.154 -0.395 5.431 0.111 0.098 0.506
2004.6151 53.25 -114.98 -0.140 -0.065 5.870 0.122 0.108 0.555
2004.6425 53.25 -114.98 -0.048 -0.104 5.920 0.104 0.093 0.479
2004.6699 53.25 -114.98 -0.190 -0.338 5.753 0.104 0.093 0.481
2004.6973 53.25 -114.98 -0.144 -0.165 4.682 0.098 0.088 0.454
2004.7247 53.25 -114.98 -0.058 -0.082 4.838 0.112 0.100 0.514
2004.7521 53.25 -114.98 -0.064 -0.225 4.505 0.108 0.096 0.497
2004.7795 53.25 -114.98 -0.122 -0.266 3.827 0.105 0.093 0.482
2004.8068 53.25 -114.98 0.006 -0.109 3.838 0.116 0.102 0.528
2004.8342 53.25 -114.98 -0.242 0.047 3.985 0.115 0.101 0.521
2004.8616 53.25 -114.98 -0.167 -0.224 3.442 0.102 0.091 0.468
2004.8890 53.25 -114.98 -0.265 -0.318 3.405 0.101 0.090 0.466
2004.9164 53.25 -114.98 -0.014 -0.310 2.658 0.110 0.097 0.503
2004.9438 53.25 -114.98 -0.114 -0.097 0.657 0.122 0.109 0.559
2004.9712 53.25 -114.98 -0.075 -0.508 1.940 0.111 0.097 0.500
2004.9973 53.25 -114.98 -0.153 -0.569 -0.362 0.107 0.095 0.490
2005.0233 53.25 -114.98 -0.007 -0.332 -1.275 0.123 0.107 0.552
2005.0507 53.25 -114.98 -0.322 -0.608 -1.453 0.178 0.153 0.779
2005.0781 53.25 -114.98 -0.277 -1.059 -1.484 0.136 0.118 0.607
2005.1055 53.25 -114.98 -0.212 -1.243 -0.307 0.135 0.118 0.604
2005.1329 53.25 -114.98 -0.087 -1.285 -0.493 0.138 0.121 0.618
2005.1603 53.25 -114.98 -0.038 -0.721 0.427 0.124 0.110 0.562
2005.1877 53.25 -114.98 -0.103 -0.921 -0.031 0.126 0.111 0.570
2005.2151 53.25 -114.98 0.118 -0.706 -0.254 0.119 0.106 0.543
2005.2425 53.25 -114.98 -0.087 -0.614 -1.237 0.114 0.102 0.521
2005.2699 53.25 -114.98 0.099 -0.737 -1.731 0.122 0.108 0.552
2005.2973 53.25 -114.98 0.023 -0.379 -1.110 0.128 0.114 0.580
2005.3247 53.25 -114.98 0.045 -0.502 -0.641 0.135 0.120 0.610
2005.3521 53.25 -114.98 0.052 -0.615 -2.048 0.060 0.053 0.294
2005.3795 53.25 -114.98 -0.067 -0.666 0.391 0.127 0.113 0.575
2005.4068 53.25 -114.98 0.191 -0.344 -0.937 0.116 0.104 0.533
2005.4342 53.25 -114.98 -0.055 -0.436 -1.150 0.133 0.119 0.609
2005.4616 53.25 -114.98 -0.222 -0.090 -0.630 0.121 0.108 0.552
2005.4890 53.25 -114.98 -0.277 -0.346 1.182 0.115 0.103 0.525
2005.5164 53.25 -114.98 -0.298 0.109 1.096 0.114 0.102 0.524
2005.5438 53.25 -114.98 -0.011 -0.248 2.986 0.124 0.111 0.563
2005.5712 53.25 -114.98 0.128 0.070 4.230 0.134 0.120 0.609
2005.5986 53.25 -114.98 0.260 -0.293 4.638 0.137 0.123 0.621
2005.6260 53.25 -114.98 0.138 0.244 4.334 0.121 0.109 0.555
2005.6534 53.25 -114.98 0.035 0.353 1.489 0.128 0.115 0.581
2005.6808 53.25 -114.98 -0.075 0.448 3.287 0.125 0.113 0.572
2005.7082 53.25 -114.98 -0.082 0.122 2.406 0.150 0.136 0.680
2005.7356 53.25 -114.98 0.114 0.556 4.012 0.132 0.120 0.603
2005.7630 53.25 -114.98 -0.140 0.389 0.287 0.133 0.121 0.605
2005.7904 53.25 -114.98 -0.022 0.358 0.854 0.125 0.113 0.571
2005.8178 53.25 -114.98 -0.144 0.439 2.664 0.128 0.116 0.584
2005.8452 53.25 -114.98 -0.011 0.304 3.039 0.137 0.125 0.626
2005.8726 53.25 -114.98 -0.343 -0.023 2.139 0.119 0.108 0.546
2005.9000 53.25 -114.98 -0.126 -0.272 1.121 0.116 0.106 0.535
2005.9274 53.25 -114.98 -0.352 0.009 0.662 0.124 0.111 0.572
2005.9548 53.25 -114.98 -0.160 -0.492 0.317 0.121 0.106 0.575
2005.9822 53.25 -114.98 -0.077 -0.671 2.185 0.116 0.104 0.540
2006.0096 53.25 -114.98 -0.256 -0.670 3.244 0.125 0.113 0.575
2006.0370 53.25 -114.98 -0.400 -0.325 0.814 0.156 0.143 0.713
2006.0644 53.25 -114.98 -0.402 -0.061 0.984 0.158 0.145 0.725
2006.0918 53.25 -114.98 -0.333 -0.268 0.122 0.157 0.144 0.717
2006.1192 53.25 -114.98 -0.557 -0.428 -1.668 0.176 0.163 0.802
2006.1466 53.25 -114.98 -0.392 -0.039 -1.633 0.139 0.128 0.640
2006.1740 53.25 -114.98 -0.596 -0.392 -2.765 0.155 0.144 0.709
2006.2014 53.25 -114.98 -0.600 -0.671 -2.921 0.122 0.112 0.561
2006.2288 53.25 -114.98 -0.467 -0.488 -1.468 0.156 0.145 0.712
2006.2562 53.25 -114.98 -0.579 -0.876 -2.402 0.146 0.136 0.668
2006.2836 53.25 -114.98 -0.750 -0.653 -1.263 0.143 0.134 0.656
2006.3110 53.25 -114.98 -0.604 -0.621 -2.863 0.152 0.142 0.698
2006.3384 53.25 -114.98 -0.489 -0.425 -0.967 0.138 0.129 0.635
2006.3658 53.25 -114.98 -0.321 -0.516 -0.436 0.152 0.144 0.701
2006.3932 53.25 -114.98 -0.284 -0.341 -2.173 0.150 0.141 0.691
2006.4205 53.25 -114.98 -0.088 -0.405 -2.782 0.151 0.142 0.696
2006.4479 53.25 -114.98 -0.275 -0.364 -1.545 0.168 0.155 0.767
2006.4753 53.25 -114.98 -0.420 -0.484 1.701 0.168 0.158 0.773
2006.5027 53.25 -114.98 -0.285 -0.047 2.680 0.174 0.164 0.799
2006.5301 53.25 -114.98 -0.341 -0.181 2.641 0.205 0.195 0.941
2006.5575 53.25 -114.98 0.325 -0.226 3.736 0.164 0.155 0.756
2006.5849 53.25 -114.98 -0.006 -0.450 3.014 0.169 0.159 0.776
2006.6123 53.25 -114.98 0.199 -0.189 3.157 0.206 0.196 0.942
2006.6397 53.25 -114.98 -0.240 0.139 3.865 0.175 0.166 0.806
2006.6671 53.25 -114.98 0.085 -0.077 4.229 0.160 0.151 0.737
2006.6945 53.25 -114.98 -0.053 0.284 6.120 0.203 0.193 0.932
2006.7219 53.25 -114.98 0.036 0.415 6.487 0.192 0.181 0.881
2006.7493 53.25 -114.98 0.144 0.086 5.271 0.228 0.216 1.044
2006.7767 53.25 -114.98 0.047 0.369 6.282 0.198 0.187 0.906
2006.8041 53.25 -114.98 0.064 0.066 4.566 0.160 0.151 0.737
2006.8315 53.25 -114.98 0.192 -0.143 3.509 0.186 0.175 0.850
2006.8589 53.25 -114.98 -0.006 -0.398 2.515 0.181 0.170 0.829
2006.8863 53.25 -114.98 -0.178 -0.251 2.768 0.174 0.163 0.797
2006.9137 53.25 -114.98 -0.077 -0.358 1.916 0.170 0.158 0.778
2006.9411 53.25 -114.98 -0.347 -0.531 1.033 0.167 0.156 0.766
2006.9685 53.25 -114.98 -0.299 -0.361 1.697 0.167 0.154 0.766
2006.9959 53.25 -114.98 -0.389 -0.450 0.433 0.168 0.153 0.766
2007.0233 53.25 -114.98 -0.267 -0.216 -0.548 0.156 0.142 0.716
2007.0507 53.25 -114.98 -0.341 -0.380 -0.288 0.163 0.148 0.743
2007.0781 53.25 -114.98 -0.326 -0.305 -2.543 0.165 0.153 0.756
2007.1055 53.25 -114.98 -0.073 -0.616 -2.158 0.147 0.137 0.679
2007.1329 53.25 -114.98 0.028 -0.937 -3.488 0.161 0.149 0.737
2007.1603 53.25 -114.98 -0.294 -0.796 -3.875 0.153 0.142 0.702
2007.1877 53.25 -114.98 -0.327 -0.120 -1.439 0.195 0.184 0.893
2007.2151 53.25 -114.98 -0.246 -0.662 -4.078 0.174 0.164 0.799
2007.2425 53.25 -114.98 -0.208 -0.795 -3.214 0.168 0.158 0.769
2007.2699 53.25 -114.98 -0.108 -0.697 -2.412 0.135 0.125 0.623
2007.2973 53.25 -114.98 -0.237 -0.862 -3.986 0.128 0.118 0.589
2007.3247 53.25 -114.98 -0.307 -0.931 -4.596 0.154 0.145 0.710
2007.3521 53.25 -114.98 -0.284 -1.063 -3.264 0.168 0.159 0.773
2007.3795 53.25 -114.98 -0.077 -1.219 -3.768 0.176 0.167 0.809
2007.4068 53.25 -114.98 -0.073 -0.645 -2.711 0.148 0.139 0.681
2007.4342 53.25 -114.98 -0.134 -0.530 -3.288 0.142 0.132 0.654
2007.4616 53.25 -114.98 -0.272 -0.304 -3.760 0.184 0.174 0.845
2007.4890 53.25 -114.98 0.012 -0.040 -3.439 0.143 0.133 0.659
2007.5164 53.25 -114.98 -0.026 -0.311 -2.411 0.150 0.141 0.692
2007.5438 53.25 -114.98 0.045 -0.500 -0.358 0.146 0.136 0.673
2007.5712 53.25 -114.98 -0.150 -0.734 0.838 0.150 0.140 0.691
2007.5986 53.25 -114.98 -0.047 -0.405 4.318 0.183 0.172 0.839
2007.6260 53.25 -114.98 0.183 -0.352 3.371 0.150 0.140 0.691
2007.6534 53.25 -114.98 0.187 -0.060 2.527 0.153 0.142 0.702
2007.6808 53.25 -114.98 0.135 -0.491 3.097 0.161 0.149 0.739
2007.7082 53.25 -114.98 0.297 -0.097 3.413 0.121 0.110 0.562
2007.7356 53.25 -114.98 0.246 -0.204 4.778 0.166 0.153 0.758
2007.7630 53.25 -114.98 0.260 0.226 6.311 0.129 0.118 0.598
2007.7904 53.25 -114.98 0.385 0.200 3.141 0.162 0.151 0.744
2007.8178 53.25 -114.98 0.290 0.259 3.557 0.186 0.174 0.850
2007.8452 53.25 -114.98 0.335 0.020 2.088 0.153 0.142 0.702
2007.8726 53.25 -114.98 0.238 -0.031 0.501 0.177 0.165 0.812
2007.9000 53.25 -114.98 0.088 -0.308 1.133 0.191 0.173 0.865
2007.9274 53.25 -114.98 0.197 -0.585 -1.122 0.183 0.171 0.840
2007.9548 53.25 -114.98 0.060 -0.566 -0.731 0.138 0.129 0.639
2007.9822 53.25 -114.98 -0.001 -0.600 -0.149 0.169 0.158 0.776
2008.0096 53.25 -114.98 0.187 -0.424 1.359 0.148 0.139 0.684
2008.0370 53.25 -114.98 0.084 -0.516 -0.135 0.152 0.143 0.702
2008.0644 53.25 -114.98 0.087 -0.289 -1.410 0.174 0.165 0.802
2008.0918 53.25 -114.98 0.048 -0.611 -1.803 0.142 0.132 0.655
2008.1192 53.25 -114.98 0.087 -0.565 0.033 0.164 0.155 0.758
2008.1466 53.25 -114.98 0.119 -0.425 -0.847 0.190 0.181 0.875
2008.1740 53.25 -114.98 0.035 -0.593 -3.567 0.167 0.158 0.770
2008.2014 53.25 -114.98 -0.173 -0.885 -4.147 0.178 0.169 0.819
2008.2288 53.25 -114.98 0.007 -0.101 -2.682 0.210 0.197 0.965
2008.2562 53.25 -114.98 -0.009 -0.966 -0.953 0.195 0.184 0.896
2008.2836 53.25 -114.98 -0.044 -0.825 -1.022 0.234 0.221 1.074
2008.3110 53.25 -114.98 0.251 -0.605 -1.988 0.241 0.228 1.105
2008.3384 53.25 -114.98 0.125 -0.435 -3.366 0.179 0.169 0.822
2008.3658 53.25 -114.98 -0.051 -0.411 -4.910 0.183 0.172 0.841
2008.3932 53.25 -114.98 0.298 -0.389 -3.006 0.168 0.156 0.771
2008.4205 53.25 -114.98 0.091 -0.294 -3.596 0.147 0.137 0.677
2008.4479 53.25 -114.98 -0.155 -0.269 -4.000 0.149 0.138 0.683
2008.4753 53.25 -114.98 -0.160 -0.195 -1.554 0.145 0.134 0.665
2008.5027 53.25 -114.98 0.189 -0.093 0.037 0.177 0.164 0.809
2008.5301 53.25 -114.98 -0.052 -0.373 2.262 0.220 0.204 1.002
2008.5575 53.25 -114.98 -0.158 -0.046 1.636 0.145 0.133 0.666
2008.5849 53.25 -114.98 0.085 -0.155 3.644 0.162 0.150 0.739
2008.6123 53.25 -114.98 0.063 -0.004 3.836 0.137 0.125 0.628
2008.6397 53.25 -114.98 0.160 -0.273 3.426 0.149 0.137 0.683
2008.6671 53.25 -114.98 -0.031 -0.189 2.233 0.143 0.132 0.658
2008.6945 53.25 -114.98 -0.012 0.323 2.576 0.139 0.127 0.638
2008.7219 53.25 -114.98 -0.087 0.194 3.613 0.158 0.147 0.725
2008.7493 53.25 -114.98 0.259 0.280 4.206 0.144 0.133 0.660
2008.7767 53.25 -114.98 0.286 0.335 3.206 0.166 0.155 0.760
2008.8041 53.25 -114.98 0.014 0.214 3.961 0.167 0.157 0.764
2008.8315 53.25 -114.98 0.229 0.333 3.523 0.189 0.177 0.864
2008.8589 53.25 -114.98 0.022 -0.038 2.463 0.219 0.207 1.005
2008.8863 53.25 -114.98 0.183 -0.106 2.656 0.211 0.199 0.966
2008.9137 53.25 -114.98 0.037 0.171 1.436 0.200 0.189 0.919
2008.9411 53.25 -114.98 0.305 -0.358 2.369 0.210 0.198 0.965
2008.9685 53.25 -114.98 0.253 -0.443 1.396 0.197 0.185 0.905
2008.9945 53.25 -114.98 0.124 -0.806 0.336 0.166 0.157 0.765
2009.0205 53.25 -114.98 0.035 -0.103 -0.052 0.163 0.154 0.750
2009.0479 53.25 -114.98 -0.110 -0.299 -1.033 0.163 0.154 0.752
2009.0753 53.25 -114.98 -0.017 -0.905 -1.989 0.157 0.148 0.726
2009.1027 53.25 -114.98 0.273 -0.744 0.597 0.195 0.184 0.894
2009.1301 53.25 -114.98 0.201 -1.195 0.794 0.156 0.147 0.719
2009.1575 53.25 -114.98 -0.067 -1.046 1.253 0.159 0.150 0.734
2009.1849 53.25 -114.98 -0.173 -0.677 -1.643 0.181 0.171 0.831
2009.2123 53.25 -114.98 0.276 -0.421 0.545 0.159 0.146 0.727
2009.2397 53.25 -114.98 0.152 -0.129 0.657 0.177 0.167 0.812
2009.2671 53.25 -114.98 0.167 -0.336 0.038 0.148 0.139 0.684
2009.2945 53.25 -114.98 0.096 -0.280 -1.617 0.152 0.143 0.700
2009.3219 53.25 -114.98 0.017 -0.360 -2.372 0.159 0.149 0.731
2009.3493 53.25 -114.98 0.250 -0.303 -3.100 0.146 0.137 0.674
2009.3767 53.25 -114.98 0.401 0.056 -3.094 0.154 0.144 0.708
2009.4041 53.25 -114.98 0.614 -0.234 -0.321 0.137 0.127 0.630
2009.4315 53.25 -114.98 0.381 0.050 -1.403 0.156 0.145 0.714
2009.4589 53.25 -114.98 0.428 0.101 -0.078 0.133 0.123 0.615
2009.4863 53.25 -114.98 0.416 -0.315 -0.253 0.147 0.135 0.675
2009.5137 53.25 -114.98 0.460 -0.170 1.876 0.142 0.129 0.653
2009.5411 53.25 -114.98 0.238 0.154 2.456 0.173 0.160 0.793
2009.5685 53.25 -114.98 0.042 0.171 2.255 0.187 0.172 0.855
2009.5959 53.25 -114.98 0.153 -0.024 4.669 0.164 0.150 0.752
2009.6233 53.25 -114.98 0.257 0.151 4.904 0.169 0.156 0.772
2009.6507 53.25 -114.98 0.271 0.453 6.746 0.162 0.150 0.744
2009.6781 53.25 -114.98 0.302 0.613 6.429 0.173 0.161 0.791
2009.7055 53.25 -114.98 0.217 0.662 6.291 0.178 0.166 0.815
2009.7329 53.25 -114.98 0.254 0.611 6.629 0.172 0.161 0.789
2009.7603 53.25 -114.98 0.292 0.540 6.564 0.196 0.183 0.897
2009.7877 53.25 -114.98 0.439 1.103 6.230 0.181 0.169 0.829
2009.8151 53.25 -114.98 0.384 0.570 4.783 0.193 0.181 0.885
2009.8425 53.25 -114.98 0.340 0.500 2.439 0.176 0.165 0.808
2009.8699 53.25 -114.98 0.259 -0.168 2.094 0.169 0.158 0.774
2009.8973 53.25 -114.98 0.149 0.214 1.205 0.158 0.147 0.725
2009.9247 53.25 -114.98 -0.069 0.086 -0.650 0.160 0.146 0.733
2009.9521 53.25 -114.98 0.010 0.061 -0.557 0.148 0.138 0.682
2009.9795 53.25 -114.98 0.284 -0.325 -0.767 0.152 0.142 0.702
2010.0068 53.25 -114.98 0.102 -0.394 -0.490 0.191 0.179 0.874
2010.0342 53.25 -114.98 0.130 -0.199 0.992 0.150 0.140 0.692
2010.0616 53.25 -114.98 0.166 -0.334 2.381 0.154 0.144 0.708
2010.0890 53.25 -114.98 0.085 0.029 0.944 0.182 0.171 0.835
2010.1164 53.25 -114.98 -0.124 -0.055 0.684 0.188 0.177 0.862
2010.1438 53.25 -114.98 -0.085 -0.144 -0.047 0.182 0.171 0.836
2010.1712 53.25 -114.98 0.134 0.158 -1.510 0.175 0.163 0.801
2010.1986 53.25 -114.98 -0.133 -0.052 -0.450 0.168 0.156 0.769
2010.2260 53.25 -114.98 0.255 -0.356 1.088 0.183 0.171 0.838
2010.2534 53.25 -114.98 -0.021 -0.034 -1.208 0.189 0.176 0.866
2010.2808 53.25 -114.98 -0.228 -0.258 0.106 0.147 0.136 0.677
2010.3082 53.25 -114.98 -0.387 0.060 1.172 0.154 0.142 0.705
2010.3356 53.25 -114.98 -0.256 -0.168 -1.849 0.142 0.130 0.654
2010.3630 53.25 -114.98 -0.576 -0.134 -1.915 0.151 0.138 0.694
2010.3904 53.25 -114.98 -0.220 -0.008 1.386 0.159 0.141 0.722
2010.4178 53.25 -114.98 -0.214 0.004 -1.800 0.161 0.147 0.736
2010.4452 53.25 -114.98 -0.332 0.349 -2.565 0.143 0.131 0.658
2010.4726 53.25 -114.98 -0.316 0.445 -1.367 0.130 0.118 0.599
2010.5000 53.25 -114.98 -0.298 0.626 -0.742 0.145 0.132 0.665
2010.5274 53.25 -114.98 0.030 0.906 0.819 0.218 0.205 0.995
2010.5548 53.25 -114.98 0.010 0.964 0.842 0.142 0.132 0.653
2010.5822 53.25 -114.98 -0.088 0.824 1.534 0.129 0.120 0.594
2010.6096 53.25 -114.98 -0.066 1.038 1.382 0.163 0.153 0.749
2010.6370 53.25 -114.98 -0.353 0.992 1.929 0.147 0.137 0.676
2010.6644 53.25 -114.98 -0.030 0.996 2.403 0.138 0.129 0.637
2010.6918 53.25 -114.98 -0.041 0.954 1.912 0.164 0.154 0.752
2010.7192 53.25 -114.98 -0.229 1.003 1.278 0.153 0.144 0.703
2010.7466 53.25 -114.98 -0.400 1.020 0.812 0.176 0.166 0.806
2010.7740 53.25 -114.98 -0.194 1.227 2.784 0.146 0.137 0.674
2010.8014 53.25 -114.98 -0.333 1.046 1.287 0.139 0.130 0.640
2010.8288 53.25 -114.98 -0.054 0.356 1.070 0.157 0.148 0.721
2010.8562 53.25 -114.98 -0.009 0.610 1.594 0.155 0.145 0.710
2010.8836 53.25 -114.98 -0.336 0.963 0.158 0.145 0.135 0.667
2010.9110 53.25 -114.98 -0.197 0.948 0.863 0.157 0.147 0.721
2010.9384 53.25 -114.98 -0.303 0.794 -1.373 0.163 0.153 0.746
2010.9658 53.25 -114.98 -0.175 0.693 -0.646 0.178 0.167 0.814
2010.9932 53.25 -114.98 -0.105 0.653 0.585 0.167 0.122 0.714
2011.1027 53.25 -114.98 -0.590 0.181 -4.888 0.157 0.136 0.712
2011.1301 53.25 -114.98 -0.270 -0.150 -3.620 0.213 0.200 0.974
2011.1575 53.25 -114.98 -0.632 -0.154 -3.867 0.147 0.135 0.675
2011.1849 53.25 -114.98 -0.849 -0.022 -5.342 0.120 0.109 0.557
2011.2123 53.25 -114.98 -0.522 -0.042 -4.850 0.181 0.170 0.831
2011.2397 53.25 -114.98 -0.680 0.127 -5.373 0.188 0.177 0.858
2011.2671 53.25 -114.98 -0.731 -0.200 -4.710 0.154 0.144 0.708
2011.2945 53.25 -114.98 -0.671 0.187 -5.573 0.177 0.167 0.810
2011.3219 53.25 -114.98 -0.743 0.207 -5.120 0.166 0.157 0.761
2011.3493 53.25 -114.98 -0.601 0.132 -5.887 0.151 0.141 0.693
2011.3767 53.25 -114.98 -0.719 0.006 -6.362 0.174 0.164 0.797
2011.4041 53.25 -114.98 -0.734 -0.075 -7.455 0.156 0.146 0.716
2011.4315 53.25 -114.98 -0.736 -0.108 -5.143 0.169 0.146 0.759
2011.5137 53.25 -114.98 -0.321 0.458 -4.266 0.150 0.135 0.684
2011.5411 53.25 -114.98 -0.261 0.617 -3.394 0.153 0.143 0.705
2011.5685 53.25 -114.98 -0.204 0.721 -3.524 0.152 0.140 0.696
2011.5959 53.25 -114.98 -0.069 0.755 -1.944 0.161 0.149 0.737
2011.6233 53.25 -114.98 -0.049 0.768 -2.160 0.162 0.150 0.743
2011.6507 53.25 -114.98 0.165 1.137 -1.537 0.187 0.175 0.853
2011.6781 53.25 -114.98 0.217 0.928 -2.749 0.173 0.162 0.793
2011.7055 53.25 -114.98 0.130 0.699 -1.392 0.173 0.162 0.792
2011.7329 53.25 -114.98 -0.041 0.732 1.124 0.198 0.187 0.904
2011.7603 53.25 -114.98 0.032 0.791 -1.068 0.171 0.161 0.784
2011.7877 53.25 -114.98 -0.197 0.951 0.270 0.181 0.171 0.829
2011.8151 53.25 -114.98 -0.253 0.993 -1.299 0.179 0.168 0.816
2011.8425 53.25 -114.98 -0.088 0.652 -0.663 0.192 0.180 0.874
2011.8699 53.25 -114.98 0.417 0.965 1.999 0.192 0.170 0.858
2011.9521 53.25 -114.98 0.115 0.384 -2.611 0.142 0.113 0.628
2011.9795 53.25 -114.98 0.129 0.443 -0.503 0.159 0.142 0.713
2012.0068 53.25 -114.98 -0.067 0.116 -2.124 0.149 0.132 0.668
2012.0342 53.25 -114.98 0.100 -0.024 -1.379 0.178 0.156 0.790
2012.0616 53.25 -114.98 0.102 -0.201 -1.657 0.156 0.135 0.693
2012.0890 53.25 -114.98 0.279 -0.236 -2.700 0.155 0.133 0.686
2012.1164 53.25 -114.98 0.125 -0.369 -4.114 0.154 0.130 0.678
2012.1438 53.25 -114.98 -0.174 -0.617 -3.715 0.159 0.133 0.698
2012.1712 53.25 -114.98 -0.357 -0.560 -3.770 0.155 0.128 0.678
2012.1986 53.25 -114.98 -0.281 -0.637 -4.037 0.141 0.115 0.617
2012.2260 53.25 -114.98 -0.474 -0.348 -3.774 0.143 0.116 0.620
2012.2534 53.25 -114.98 -0.086 -0.315 -3.514 0.139 0.112 0.603
2012.2808 53.25 -114.98 -0.059 -0.428 -5.768 0.130 0.104 0.564
2012.3082 53.25 -114.98 -0.158 -0.154 -4.136 0.170 0.124 0.723
2012.3904 53.25 -114.98 0.327 -0.543 -4.807 0.165 0.136 0.731
2012.4178 53.25 -114.98 0.241 -0.065 -4.771 0.120 0.096 0.523
2012.4452 53.25 -114.98 -0.048 -0.160 -6.493 0.119 0.095 0.521
2012.4726 53.25 -114.98 -0.243 -0.175 -5.379 0.128 0.102 0.556
2012.5000 53.25 -114.98 0.096 0.156 -4.265 0.122 0.098 0.535
2012.5274 53.25 -114.98 -0.269 -0.111 -4.359 0.129 0.104 0.562
2012.5548 53.25 -114.98 -0.112 0.118 -2.583 0.129 0.104 0.561
2012.5822 53.25 -114.98 0.061 0.063 -2.255 0.135 0.109 0.587
2012.6096 53.25 -114.98 0.092 0.351 -0.527 0.132 0.109 0.578
2012.6370 53.25 -114.98 0.265 0.451 -0.481 0.122 0.101 0.538
2012.6644 53.25 -114.98 0.249 0.335 1.070 0.133 0.111 0.582
2012.6918 53.25 -114.98 0.255 0.577 0.414 0.135 0.115 0.597
2012.7192 53.25 -114.98 0.110 0.715 1.592 0.159 0.140 0.706
2012.7466 53.25 -114.98 0.100 0.799 0.637 0.132 0.100 0.573
2012.8562 53.25 -114.98 0.351 0.291 1.044 0.167 0.146 0.742
2012.8836 53.25 -114.98 0.397 0.266 -1.936 0.152 0.141 0.692
2012.9110 53.25 -114.98 0.432 0.480 -1.844 0.144 0.134 0.659
2012.9384 53.25 -114.98 0.312 0.315 -2.064 0.143 0.132 0.654
2012.9658 53.25 -114.98 0.268 0.212 -3.150 0.154 0.145 0.705
2012.9918 53.25 -114.98 0.169 0.350 -3.825 0.080 0.072 0.371
2013.0178 53.25 -114.98 -0.027 -0.073 -4.029 0.092 0.085 0.427
2013.0452 53.25 -114.98 0.146 0.155 -3.370 0.092 0.084 0.426
2013.0726 53.25 -114.98 0.305 -0.104 -3.108 0.085 0.078 0.396
2013.1000 53.25 -114.98 0.364 -0.295 -4.003 0.087 0.080 0.406
2013.1274 53.25 -114.98 0.279 -0.338 -6.402 0.082 0.075 0.382
2013.1548 53.25 -114.98 0.377 -0.420 -3.780 0.081 0.069 0.372
2013.2644 53.25 -114.98 0.568 -0.124 -5.430 0.106 0.063 0.430
2013.2918 53.25 -114.98 0.639 0.071 -5.756 0.083 0.077 0.390
2013.3192 53.25 -114.98 0.314 0.159 -5.903 0.091 0.085 0.425
2013.3466 53.25 -114.98 0.312 -0.029 -8.096 0.093 0.087 0.435
2013.3740 53.25 -114.98 0.235 0.298 -5.436 0.081 0.075 0.380
2013.4014 53.25 -114.98 0.080 0.320 -4.335 0.083 0.077 0.390
2013.4288 53.25 -114.98 0.501 0.211 -5.889 0.074 0.068 0.352
2013.4562 53.25 -114.98 0.590 0.586 -5.867 0.076 0.070 0.358
2013.4836 53.25 -114.98 0.241 0.332 -5.066 0.077 0.071 0.364
2013.5110 53.25 -114.98 0.237 0.672 -3.317 0.086 0.080 0.403
2013.5384 53.25 -114.98 0.427 0.793 -2.314 0.087 0.078 0.402
2013.5658 53.25 -114.98 0.658 0.564 -2.634 0.089 0.082 0.414
2013.7575 53.25 -114.98 0.075 1.315 1.080 0.087 0.078 0.404
2013.7849 53.25 -114.98 0.187 0.745 -0.101 0.089 0.081 0.412
2013.8123 53.25 -114.98 0.463 1.333 0.315 0.081 0.074 0.381
2013.8397 53.25 -114.98 0.558 0.931 0.557 0.082 0.075 0.385
2013.8671 53.25 -114.98 0.470 0.775 0.464 0.088 0.080 0.411
2013.8945 53.25 -114.98 0.327 0.787 -1.632 0.082 0.075 0.382
2013.9219 53.25 -114.98 0.410 0.605 -3.107 0.074 0.067 0.348
2013.9493 53.25 -114.98 0.372 0.630 -2.842 0.078 0.071 0.366
2013.9767 53.25 -114.98 0.523 0.736 -4.198 0.079 0.072 0.372
2014.0041 53.25 -114.98 0.648 0.390 -3.289 0.076 0.070 0.360
2014.0315 53.25 -114.98 0.726 0.955 -4.523 0.079 0.073 0.372
2014.1685 53.25 -114.98 0.196 0.395 -3.339 0.084 0.076 0.392
2014.1959 53.25 -114.98 0.224 0.478 -4.027 0.083 0.077 0.390
2014.2233 53.25 -114.98 0.289 0.067 -4.256 0.080 0.073 0.373
2014.2507 53.25 -114.98 0.098 0.227 -3.741 0.073 0.067 0.345
2014.2781 53.25 -114.98 0.078 0.229 -5.100 0.077 0.071 0.363
2014.3055 53.25 -114.98 0.230 0.169 -6.451 0.074 0.068 0.350
2014.3329 53.25 -114.98 0.394 0.357 -5.511 0.062 0.056 0.297
2014.3603 53.25 -114.98 0.188 0.476 -5.741 0.070 0.063 0.329
2014.3877 53.25 -114.98 0.213 0.324 -6.661 0.070 0.063 0.330
2014.4151 53.25 -114.98 0.451 0.957 -6.522 0.070 0.063 0.329
2014.4425 53.25 -114.98 0.341 0.878 -6.975 0.074 0.067 0.347
2014.4699 53.25 -114.98 0.276 1.013 -5.255 0.074 0.066 0.346
2014.5795 53.25 -114.98 0.267 1.163 -4.298 0.069 0.056 0.322
2014.6068 53.25 -114.98 0.487 1.545 -1.279 0.066 0.059 0.312
2014.6342 53.25 -114.98 0.303 1.263 -1.419 0.061 0.054 0.290
2014.6616 53.25 -114.98 0.326 1.736 -0.623 0.066 0.060 0.315
2014.6890 53.25 -114.98 0.194 1.707 -0.687 0.065 0.058 0.307
2014.7164 53.25 -114.98 0.156 1.621 -1.610 0.063 0.057 0.301
2014.7438 53.25 -114.98 0.256 1.237 -2.305 0.068 0.062 0.322
2014.7712 53.25 -114.98 0.482 1.404 -0.153 0.067 0.061 0.319
2014.7986 53.25 -114.98 0.550 1.279 -0.321 0.061 0.054 0.291
2014.8260 53.25 -114.98 0.461 1.119 -0.450 0.061 0.054 0.290
2014.8534 53.25 -114.98 0.416 1.485 -1.722 0.064 0.057 0.305
2014.8808 53.25 -114.98 0.314 1.420 -4.528 0.065 0.057 0.305
2014.9082 53.25 -114.98 0.330 1.369 -5.719 0.066 0.058 0.310
2015.0452 53.25 -114.98 0.229 0.879 -4.804 0.051 0.042 0.246
2015.0726 53.25 -114.98 0.301 0.791 -5.884 0.056 0.046 0.262
2015.1000 53.25 -114.98 0.247 1.045 -5.817 0.050 0.041 0.239
2015.1274 53.25 -114.98 0.149 0.524 -6.393 0.046 0.038 0.225
2015.1548 53.25 -114.98 0.266 0.979 -5.856 0.054 0.045 0.254
2015.1822 53.25 -114.98 0.129 0.694 -5.606 0.050 0.042 0.242
2015.2096 53.25 -114.98 0.237 0.558 -6.040 0.066 0.056 0.306
2015.2370 53.25 -114.98 0.033 0.783 -5.944 0.070 0.061 0.325
2015.2644 53.25 -114.98 0.095 1.086 -6.408 0.062 0.054 0.292
2015.2918 53.25 -114.98 0.522 0.730 -5.123 0.062 0.055 0.295
2015.3192 53.25 -114.98 0.641 0.899 -4.689 0.060 0.053 0.285
2015.3466 53.25 -114.98 0.348 0.789 -4.022 0.065 0.057 0.307
2015.4836 53.25 -114.98 0.430 1.262 -0.511 0.063 0.050 0.296
2015.5110 53.25 -114.98 0.354 1.632 -1.612 0.060 0.049 0.283
2015.5384 53.25 -114.98 0.366 1.346 0.438 0.064 0.056 0.305
2015.5658 53.25 -114.98 0.358 1.258 1.424 0.064 0.057 0.303
2015.5932 53.25 -114.98 0.436 1.011 0.887 0.066 0.059 0.312
2015.6205 53.25 -114.98 0.621 1.343 0.284 0.064 0.057 0.304
2015.6479 53.25 -114.98 0.326 1.609 1.224 0.062 0.055 0.296
2015.6753 53.25 -114.98 0.448 1.534 2.777 0.061 0.053 0.288
2015.7027 53.25 -114.98 0.254 1.546 0.957 0.065 0.058 0.308
2015.7301 53.25 -114.98 0.271 1.532 4.129 0.066 0.058 0.310
2015.9493 53.25 -114.98 -0.071 1.654 -1.783 0.063 0.057 0.303
2015.9767 53.25 -114.98 0.064 1.539 -2.625 0.066 0.060 0.312
2016.0041 53.25 -114.98 0.235 1.605 -2.568 0.060 0.054 0.287
2016.0315 53.25 -114.98 0.302 1.155 -2.609 0.057 0.051 0.275
2016.0589 53.25 -114.98 0.180 0.767 -2.940 0.058 0.053 0.281
2016.0863 53.25 -114.98 0.038 1.334 -1.971 0.053 0.048 0.259
2016.1137 53.25 -114.98 -0.033 1.477 -2.791 0.059 0.054 0.285
2016.1411 53.25 -114.98 -0.082 1.077 -3.293 0.070 0.063 0.328
2016.1685 53.25 -114.98 -0.220 0.499 -4.035 0.074 0.068 0.348
2016.1959 53.25 -114.98 -0.066 0.931 -4.061 0.072 0.067 0.342
2016.2233 53.25 -114.98 0.108 0.676 -3.820 0.073 0.068 0.345
2016.2507 53.25 -114.98 0.087 0.782 -4.998 0.062 0.056 0.298
2016.3603 53.25 -114.98 0.300 1.191 -0.703 0.057 0.052 0.277
2016.3877 53.25 -114.98 0.505 1.068 -0.743 0.067 0.061 0.317
2016.4151 53.25 -114.98 0.426 1.349 -1.776 0.066 0.059 0.312
2016.4425 53.25 -114.98 0.292 1.787 1.936 0.070 0.064 0.331
2016.4699 53.25 -114.98 0.554 1.423 -0.697 0.069 0.062 0.324
