2002.5877 41.73 -122.71 14.61314620822474 10.14025198783535
2002.6151 41.73 -122.71 2.07762570421720 9.88066186588754
2002.6425 41.73 -122.71 -14.05399982444711 10.09627410342536
2002.6699 41.73 -122.71 -11.51470807729618 8.45109707332504
2002.6973 41.73 -122.71 -45.75502668233779 13.43444109518707
2002.7247 41.73 -122.71 -32.81611729743171 9.60453802841482
2002.7521 41.73 -122.71 -22.48157450428540 8.78641814126393
2002.7795 41.73 -122.71 -30.52475256261453 10.03951866154097
2002.8068 41.73 -122.71 -33.09321770384847 9.12110465077204
2002.8342 41.73 -122.71 -32.38288913562847 8.94846388900071
2002.8616 41.73 -122.71 -1.95451004746277 8.53588308342262
2002.8890 41.73 -122.71 1.19131299554075 9.09291484556497
2002.9164 41.73 -122.71 -2.68225758000441 9.40268313276730
2003.0260 41.73 -122.71 38.50958448372586 10.47962932156175
2003.0534 41.73 -122.71 41.04770203464649 18.42310352897382
2003.0808 41.73 -122.71 82.55531750096966 15.17528665817723
2003.1082 41.73 -122.71 86.13393307585100 8.41017073529575
2003.1356 41.73 -122.71 76.44242737774357 7.73044832491088
2003.1630 41.73 -122.71 71.68656091645444 8.41202244161287
2003.1904 41.73 -122.71 77.67872689061652 9.83103810591289
2003.2178 41.73 -122.71 61.67391033731400 8.30516897697517
2003.2452 41.73 -122.71 70.13829988041431 8.25536099783943
2003.2726 41.73 -122.71 84.20047443648835 8.03166139457255
2003.3000 41.73 -122.71 70.95847061628528 7.88436403945575
2003.3274 41.73 -122.71 68.37957880153402 10.58498015513931
2003.3548 41.73 -122.71 82.67175788260572 12.05340029077372
2003.3822 41.73 -122.71 43.15112742677961 10.24767831550805
2003.5192 41.73 -122.71 21.32908538850792 11.77980316334764
2003.5466 41.73 -122.71 27.99136965443786 13.44896203838282
2003.5740 41.73 -122.71 13.57372660582407 16.12006377597521
2003.6014 41.73 -122.71 9.24951876698910 13.49492825460397
2003.6288 41.73 -122.71 6.07320725017777 12.39564254887692
2003.6562 41.73 -122.71 -15.65139469802161 13.57199150166722
2003.6836 41.73 -122.71 2.49452176497297 13.61690600355147
2003.7110 41.73 -122.71 -3.69503903977089 10.03766433116112
2003.7384 41.73 -122.71 2.82509938091897 12.74667466932097
2003.7658 41.73 -122.71 -9.58107404640509 11.59391894772478
2003.7932 41.73 -122.71 -5.97511499369600 13.20228710511246
2003.8205 41.73 -122.71 -34.03671915128513 14.00644953224085
2003.8479 41.73 -122.71 -39.92380621124254 11.82788036201103
2003.8753 41.73 -122.71 -26.90510962983966 13.05183681046927
2003.9027 41.73 -122.71 -45.68521846945720 11.43979297748567
2003.9301 41.73 -122.71 13.08702460899722 12.21837738408932
2003.9575 41.73 -122.71 19.26731744100750 14.20135124593003
2003.9849 41.73 -122.71 17.92861734922581 13.26705131820628
2004.0123 41.73 -122.71 42.97714862179343 14.24667361425569
2004.0397 41.73 -122.71 50.29736109778248 10.86980577205752
2004.0945 41.73 -122.71 35.56488399047312 10.12325568183507
2004.1219 41.73 -122.71 47.18517160823294 11.68006372398057
2004.1493 41.73 -122.71 78.34103254314081 13.92688523801756
2004.1767 41.73 -122.71 40.23985047382686 15.31288817656689
2004.2041 41.73 -122.71 59.60126140112160 12.01405608119957
2004.2315 41.73 -122.71 47.04189497124817 12.19955343619353
2004.2589 41.73 -122.71 44.90871925330183 12.55210202900056
2004.2863 41.73 -122.71 36.02380286300362 12.62970884199833
2004.3137 41.73 -122.71 37.65939641694413 11.92546703390776
2004.3411 41.73 -122.71 30.04015923403668 13.22929061732179
2004.3685 41.73 -122.71 10.75970676936261 12.46486857634704
2004.3959 41.73 -122.71 19.73711366342962 10.73156431050750
2004.4233 41.73 -122.71 5.14222859093255 10.27042782369818
2004.4507 41.73 -122.71 17.26381645219939 9.18771855987380
2004.4781 41.73 -122.71 0.56050708956946 10.22029605335195
2004.5055 41.73 -122.71 -1.18059741745603 9.91457059431309
2004.5329 41.73 -122.71 -3.19453318479398 9.26676921029252
2004.5603 41.73 -122.71 10.78231705257887 9.61706969620054
2004.5877 41.73 -122.71 -10.16942631702217 9.64786369246434
2004.6151 41.73 -122.71 0.60245876568549 10.69427904751903
2004.6425 41.73 -122.71 -1.86558255227185 8.91443907211175
2004.6699 41.73 -122.71 17.90516925959183 8.89425253684940
2004.6973 41.73 -122.71 -6.37172286676974 8.26019335556336
2004.7247 41.73 -122.71 -14.74338318567218 9.65399777030833
2004.7521 41.73 -122.71 -16.32513557217601 9.15659481494163
2004.7795 41.73 -122.71 -17.60710461252688 8.99994917393542
2004.8068 41.73 -122.71 -18.78798135274440 10.15739542148390
2004.8342 41.73 -122.71 -18.75213991507976 10.04956285288370
2004.8616 41.73 -122.71 -5.86806205576272 8.65437960017096
2004.8890 41.73 -122.71 -23.36746800583571 8.69359796671700
2004.9164 41.73 -122.71 -29.55787483665140 9.65347200452422
2004.9438 41.73 -122.71 -15.16339012921789 10.43496885987827
2004.9712 41.73 -122.71 -13.33239810539804 9.80105456141482
2004.9973 41.73 -122.71 7.61768245218621 9.28621529040587
2005.0233 41.73 -122.71 26.78598329394285 11.20958475402265
2005.0507 41.73 -122.71 4.40649659773439 17.55695109176601
2005.0781 41.73 -122.71 24.15594064487202 12.81925508003187
2005.1055 41.73 -122.71 31.10826419896192 12.67199565988810
2005.1329 41.73 -122.71 23.59685517326978 12.99648941540751
2005.1603 41.73 -122.71 25.69953883902316 11.30573909177063
2005.1877 41.73 -122.71 31.56878181752491 11.16770171743435
2005.2151 41.73 -122.71 30.89708043710670 10.28421919209423
2005.2425 41.73 -122.71 45.35157592262241 10.11539960291155
2005.2699 41.73 -122.71 46.14213500060729 10.92628307631251
2005.2973 41.73 -122.71 31.98149383445622 11.62764625348528
2005.3247 41.73 -122.71 41.21637677381005 12.28454949946660
2005.3521 41.73 -122.71 38.72749826993770 4.36694638425634
2005.3795 41.73 -122.71 44.36688195714234 11.40097757444879
2005.4068 41.73 -122.71 44.75105217410332 10.26045720396446
2005.4342 41.73 -122.71 24.88083895502011 11.75947326620677
2005.4616 41.73 -122.71 35.69209592222224 10.78340219209628
2005.4890 41.73 -122.71 24.28719424130246 10.20800565610664
2005.5164 41.73 -122.71 7.60032538168546 10.14466539302113
2005.5438 41.73 -122.71 15.65378205779334 11.23445409227090
2005.5712 41.73 -122.71 -9.47858210536808 12.38675780475461
2005.5986 41.73 -122.71 13.78396093281386 12.67930645624720
2005.6260 41.73 -122.71 -12.50512508594660 11.04310104496190
2005.6534 41.73 -122.71 9.95411362020421 11.81803229910536
2005.6808 41.73 -122.71 -22.87717892966233 11.52296121935134
2005.7082 41.73 -122.71 -21.85128107566622 14.41861564381608
2005.7356 41.73 -122.71 -28.09523364674414 12.48996644725452
2005.7630 41.73 -122.71 -11.09745980037617 12.50779719348688
2005.7904 41.73 -122.71 -9.10125580766269 11.54106247252654
2005.8178 41.73 -122.71 -31.26910123841569 11.95704742242143
2005.8452 41.73 -122.71 -21.88017270759799 12.78660650168408
2005.8726 41.73 -122.71 -7.70947505235439 10.99003125940123
2005.9000 41.73 -122.71 0.00515033571433 10.61885220650220
2005.9274 41.73 -122.71 -13.90348546160037 10.40324667452727
2005.9548 41.73 -122.71 1.54962676813966 8.94768320096634
2005.9822 41.73 -122.71 20.66813506033547 9.68748128613935
2006.0096 41.73 -122.71 39.45521603478697 11.13977953259045
2006.0370 41.73 -122.71 40.02438041459118 14.44022433980512
2006.0644 41.73 -122.71 45.50159512595912 14.59474363627077
2006.0918 41.73 -122.71 41.33765373630804 14.71202834030136
2006.1192 41.73 -122.71 93.29588838975172 17.22324119134406
2006.1466 41.73 -122.71 77.58280975597218 13.09824636128251
2006.1740 41.73 -122.71 75.01723336694822 15.30325259062853
2006.2014 41.73 -122.71 87.77275932236392 11.33801847037155
2006.2288 41.73 -122.71 67.02774322068704 15.41129690335248
2006.2562 41.73 -122.71 88.99487376969920 14.56310684808006
2006.2836 41.73 -122.71 73.42723099651081 14.09444743853296
2006.3110 41.73 -122.71 63.24601885151997 15.16115194309670
2006.3384 41.73 -122.71 64.97073308559364 13.65891141247853
2006.3658 41.73 -122.71 67.87944941753619 15.25713060799304
2006.3932 41.73 -122.71 39.82175982894809 14.92122038112543
2006.4205 41.73 -122.71 28.75054794152132 14.86342055739229
2006.4479 41.73 -122.71 46.15573216574865 15.82132194039345
2006.4753 41.73 -122.71 20.61926552317155 16.47980808711286
2006.5027 41.73 -122.71 19.16692058761797 17.25244766581959
2006.5301 41.73 -122.71 -0.19281531240109 21.01959500921508
2006.5575 41.73 -122.71 15.55745485056389 16.34365447649758
2006.5849 41.73 -122.71 5.43512476699322 16.86224456570261
2006.6123 41.73 -122.71 8.96827278260591 21.77632174551109
2006.6397 41.73 -122.71 5.40505910146347 18.01000729285864
2006.6671 41.73 -122.71 4.82352907089082 16.00427465359549
2006.6945 41.73 -122.71 16.27114767274826 21.07806766213878
2006.7219 41.73 -122.71 8.97544474620505 19.07065523739991
2006.7493 41.73 -122.71 7.10047126740635 23.31562166408468
2006.7767 41.73 -122.71 -30.92659431139311 20.28701333651141
2006.8041 41.73 -122.71 -17.31069511626262 15.89915790795104
2006.8315 41.73 -122.71 -14.71600861878308 18.95974073417645
2006.8589 41.73 -122.71 -12.31717649996171 18.27161089566088
2006.8863 41.73 -122.71 -10.42576523885052 17.29773679882266
2006.9137 41.73 -122.71 -11.04464335309586 16.56743010291046
2006.9411 41.73 -122.71 8.19266554229176 16.18764163262555
2006.9685 41.73 -122.71 3.16680819055781 15.80332619061425
2006.9959 41.73 -122.71 24.33781016565895 15.32278499059511
2007.0233 41.73 -122.71 29.97130110336485 13.91287627119389
2007.0507 41.73 -122.71 29.41096748437698 14.81869306394835
2007.0781 41.73 -122.71 28.62789528465504 15.81743911592623
2007.1055 41.73 -122.71 28.25441107902982 13.88630519086461
2007.1329 41.73 -122.71 61.00632644935133 15.34206520260200
2007.1603 41.73 -122.71 68.61515480577609 14.60130435788432
2007.1877 41.73 -122.71 35.68954268319352 19.94624024835544
2007.2151 41.73 -122.71 47.51246610732260 17.60352319664202
2007.2425 41.73 -122.71 52.22059444030600 16.84307484416850
2007.2699 41.73 -122.71 41.09585775044060 12.61933422181540
2007.2973 41.73 -122.71 48.41265920712966 11.82375440605309
2007.3247 41.73 -122.71 46.90439490870430 15.17029608866039
2007.3521 41.73 -122.71 53.38385324510142 16.89748336453989
2007.3795 41.73 -122.71 28.35763498677077 17.92672838073181
2007.4068 41.73 -122.71 18.85435931955769 14.39980149398894
2007.4342 41.73 -122.71 7.04838382201901 13.60023182942904
2007.4616 41.73 -122.71 -8.07541611800430 18.92250326459825
2007.4890 41.73 -122.71 7.43080382728907 13.63483621167132
2007.5164 41.73 -122.71 9.72565559065435 14.66159582249794
2007.5438 41.73 -122.71 -3.43357405406557 14.06894941577790
2007.5712 41.73 -122.71 -9.92794316646983 14.46247282097725
2007.5986 41.73 -122.71 -3.70609089334784 18.21208102181271
2007.6260 41.73 -122.71 -15.34103864976282 14.34578771385626
2007.6534 41.73 -122.71 -18.10755482337721 14.65216342449510
2007.6808 41.73 -122.71 8.17512303391833 15.30737170017971
2007.7082 41.73 -122.71 -11.68310842900943 10.52353252928913
2007.7356 41.73 -122.71 -40.09355891677053 15.72382179636279
2007.7630 41.73 -122.71 -31.36092081432095 11.26192093259274
2007.7904 41.73 -122.71 -19.44770217362003 15.67164650549599
2007.8178 41.73 -122.71 -32.30093583686268 18.49205148215723
2007.8452 41.73 -122.71 -37.50732127630052 14.35334971908795
2007.8726 41.73 -122.71 -33.41508783791034 16.99710660382170
2007.9000 41.73 -122.71 -28.68290265915861 17.90507477758849
2007.9274 41.73 -122.71 -21.65441722416861 17.80290055063376
2007.9548 41.73 -122.71 -24.87439579567738 13.00028635798793
2007.9822 41.73 -122.71 -4.58184500072775 16.44304283073836
2008.0096 41.73 -122.71 6.72565889330614 14.30994168125112
2008.0370 41.73 -122.71 9.71996984824382 14.97203698246767
2008.0644 41.73 -122.71 10.37879321093477 17.66191511433255
2008.0918 41.73 -122.71 26.67126791202908 13.34213931732413
2008.1192 41.73 -122.71 56.43345846908929 16.29925429748830
2008.1466 41.73 -122.71 -19.28824645414789 19.28840529073297
2008.1740 41.73 -122.71 35.67442961874895 16.62449174566443
2008.2014 41.73 -122.71 56.50475736754267 18.32842091324727
2008.2288 41.73 -122.71 42.39714536984451 20.28536965394814
2008.2562 41.73 -122.71 55.57330916740801 19.25987653329805
2008.2836 41.73 -122.71 22.66411323440696 23.22048774298860
2008.3110 41.73 -122.71 49.58172578374415 24.29770182782081
2008.3384 41.73 -122.71 26.57025569310624 17.82870147869735
2008.3658 41.73 -122.71 19.48638613569559 18.01944010777911
2008.3932 41.73 -122.71 13.38386115812547 15.97589671942965
2008.4205 41.73 -122.71 22.55723888699189 13.95129815739139
2008.4479 41.73 -122.71 1.25512972932479 14.44923035647640
2008.4753 41.73 -122.71 -2.91859265300469 13.85914667584422
2008.5027 41.73 -122.71 -16.83431192052059 17.14855420899410
2008.5301 41.73 -122.71 -11.54089595394437 21.22046227287793
2008.5575 41.73 -122.71 -16.26907222115613 13.32862869636382
2008.5849 41.73 -122.71 -36.63931947781078 15.91804765107639
2008.6123 41.73 -122.71 -18.33619027936137 12.65261924642788
2008.6397 41.73 -122.71 -28.68661754952939 14.14759104707960
2008.6671 41.73 -122.71 -15.91828651098881 13.43094050053065
2008.6945 41.73 -122.71 -23.99993589776594 12.92093857877169
2008.7219 41.73 -122.71 -24.03978133342354 15.38255639618824
2008.7493 41.73 -122.71 -28.28423274833763 13.75616238004693
2008.7767 41.73 -122.71 -37.17474850637731 16.56799748426230
2008.8041 41.73 -122.71 -23.04682095358088 16.72918717001644
2008.8315 41.73 -122.71 -36.26328503937305 18.74876042615986
2008.8589 41.73 -122.71 -27.12234027950225 21.94567043929365
2008.8863 41.73 -122.71 -30.52251448915446 21.04764428311900
2008.9137 41.73 -122.71 -15.30725239811869 20.14742123129588
2008.9411 41.73 -122.71 -22.79760327477098 20.73809095445422
2008.9685 41.73 -122.71 -23.58427313349460 19.32314134068629
2008.9945 41.73 -122.71 -1.11565605261274 16.41350571680352
2009.0205 41.73 -122.71 30.66633253715191 16.32391578638022
2009.0479 41.73 -122.71 7.05864322403939 16.32836926107657
2009.0753 41.73 -122.71 9.56932529701623 15.36119453397932
2009.1027 41.73 -122.71 20.60315589982669 19.57294412446280
2009.1301 41.73 -122.71 13.45604531440097 15.22083439434841
2009.1575 41.73 -122.71 5.50757007065683 15.35635134041356
2009.1849 41.73 -122.71 38.67646810495685 18.42314433196661
2009.2123 41.73 -122.71 8.96396875791740 15.03499428117660
2009.2397 41.73 -122.71 35.14060686005554 17.62308646538071
2009.2671 41.73 -122.71 28.89448473757828 14.55846637068965
2009.2945 41.73 -122.71 -1.69996845756328 15.00441554954787
2009.3219 41.73 -122.71 18.26941836752765 15.61306151671934
2009.3493 41.73 -122.71 21.75938245091241 14.17505039360435
2009.3767 41.73 -122.71 -2.67966315185758 14.92467146875814
2009.4041 41.73 -122.71 10.34620907117694 12.84169681845735
2009.4315 41.73 -122.71 25.16152779544536 15.22432816932257
2009.4589 41.73 -122.71 -2.18124898000133 12.41922523466122
2009.4863 41.73 -122.71 -4.06654288400718 13.82516536669874
2009.5137 41.73 -122.71 -8.27012262581787 12.91955811106788
2009.5411 41.73 -122.71 -18.48444766292127 16.24374413441080
2009.5685 41.73 -122.71 -13.70424009444456 17.42855779432382
2009.5959 41.73 -122.71 -11.85040149039871 15.09129203835096
2009.6233 41.73 -122.71 -9.51138351206411 16.06933320494841
2009.6507 41.73 -122.71 -29.44842678795241 15.50696475264059
2009.6781 41.73 -122.71 -27.60935460844006 16.83332649953136
2009.7055 41.73 -122.71 -39.43535277806756 17.71854791687241
2009.7329 41.73 -122.71 -46.45417275489149 16.89106149093966
2009.7603 41.73 -122.71 -72.97605935997181 19.35142879300387
2009.7877 41.73 -122.71 -30.36671757133774 17.79818792523204
2009.8151 41.73 -122.71 -30.51142925352068 19.36507554077916
2009.8425 41.73 -122.71 -31.32605668553098 17.41098290349664
2009.8699 41.73 -122.71 -19.27143633722606 16.54112526547895
2009.8973 41.73 -122.71 -28.64437877665856 15.36702542997272
2009.9247 41.73 -122.71 -17.01237655582288 14.84791005298180
2009.9521 41.73 -122.71 -10.12730429225503 14.10516999813309
2009.9795 41.73 -122.71 -9.93187339647253 14.50778195449425
2010.0068 41.73 -122.71 -42.70839512835685 19.02279018010563
2010.0342 41.73 -122.71 -20.57710040781530 14.33768385462245
2010.0616 41.73 -122.71 -1.89824513884995 14.81289263618945
2010.0890 41.73 -122.71 -16.72691362629271 18.28032228524276
2010.1164 41.73 -122.71 12.72275204478625 18.89883869623371
2010.1438 41.73 -122.71 -0.20262465100402 17.83700820836142
2010.1712 41.73 -122.71 23.89029373442754 17.00084843069397
2010.1986 41.73 -122.71 38.26126854404725 16.26564625202911
2010.2260 41.73 -122.71 18.36857316988706 17.87929185799953
2010.2534 41.73 -122.71 39.13908554297350 18.33337163965410
2010.2808 41.73 -122.71 69.05823283074888 13.74319308076568
2010.3082 41.73 -122.71 10.56680492973776 14.56648919412179
2010.3356 41.73 -122.71 18.35243554988313 12.82232045722957
2010.3630 41.73 -122.71 27.99939341956880 13.76485786119299
2010.3904 41.73 -122.71 9.99338288908086 13.81389107236645
2010.4178 41.73 -122.71 18.27038585602622 14.74126996320753
2010.4452 41.73 -122.71 16.57562410576887 12.78708694685900
2010.4726 41.73 -122.71 39.31712872426581 11.33235174816485
2010.5000 41.73 -122.71 2.48894918084249 13.15904104354015
2010.5274 41.73 -122.71 1.71535552774145 22.20225832402121
2010.5548 41.73 -122.71 -12.31949919374137 13.68358281275918
2010.5822 41.73 -122.71 -15.17741105148493 12.21776539272047
2010.6096 41.73 -122.71 -14.36792379873876 16.44213482861574
2010.6370 41.73 -122.71 -12.99634801594090 14.41839317452200
2010.6644 41.73 -122.71 -26.73827176284796 13.37048566818090
2010.6918 41.73 -122.71 -22.13028645578878 16.56217133450982
2010.7192 41.73 -122.71 -22.01243432884650 15.33820359195388
2010.7466 41.73 -122.71 -36.10340080405793 18.20085510713830
2010.7740 41.73 -122.71 -66.52808162136823 14.12247034418477
2010.8014 41.73 -122.71 -33.50375560258607 13.55499018379095
2010.8288 41.73 -122.71 -9.14121639314801 15.78422502268779
2010.8562 41.73 -122.71 -18.25010038245776 15.40747726997126
2010.8836 41.73 -122.71 -25.93547550124867 13.98384478893454
2010.9110 41.73 -122.71 1.03106127511071 15.60907468573551
2010.9384 41.73 -122.71 -17.19113042863950 16.29797779851714
2010.9658 41.73 -122.71 -11.83257417753177 18.10855897301176
2010.9932 41.73 -122.71 -0.67799783861734 12.94713607578094
2011.1027 41.73 -122.71 13.11047393905120 13.01994294682395
2011.1301 41.73 -122.71 4.84560432212040 21.48558344583932
2011.1575 41.73 -122.71 33.23357351038729 13.74259789451213
2011.1849 41.73 -122.71 42.80504427895716 10.46849808689069
2011.2123 41.73 -122.71 43.05844658196423 18.22843672624806
2011.2397 41.73 -122.71 61.35882588848260 19.17466656746199
2011.2671 41.73 -122.71 45.38980942150168 15.10864660345209
2011.2945 41.73 -122.71 38.76627069002019 18.00872497323747
2011.3219 41.73 -122.71 59.73583293888264 16.79715114096386
2011.3493 41.73 -122.71 56.70991665942181 14.78468577310263
2011.3767 41.73 -122.71 44.00404806925446 17.67984558178675
2011.4041 41.73 -122.71 45.93561903641361 15.19824918590041
2011.4315 41.73 -122.71 45.56086389267342 14.85243395146622
2011.5137 41.73 -122.71 5.60032807835836 13.57899301261415
2011.5411 41.73 -122.71 5.80501671206431 14.79798217067282
2011.5685 41.73 -122.71 -5.64309318062930 14.26708799471055
2011.5959 41.73 -122.71 -11.64220061224812 15.49828491895166
2011.6233 41.73 -122.71 -15.58801168921683 15.34478749031968
2011.6507 41.73 -122.71 -5.07511358851933 18.80411571997269
2011.6781 41.73 -122.71 3.63265080871264 17.43605215822043
2011.7055 41.73 -122.71 -27.49983051547931 17.53525173134358
2011.7329 41.73 -122.71 -28.79219553791908 20.62995269684135
2011.7603 41.73 -122.71 -20.91289172793595 17.47174235813711
2011.7877 41.73 -122.71 -6.47707859420179 18.74068168235326
2011.8151 41.73 -122.71 -9.65013325847550 18.27841217155625
2011.8425 41.73 -122.71 -2.93274359835251 20.11807777552982
2011.8699 41.73 -122.71 -9.55592136064667 18.56858434978312
2011.9521 41.73 -122.71 -34.51383057022510 11.32992669141510
2011.9795 41.73 -122.71 -38.42413465982715 15.75752977036477
2012.0068 41.73 -122.71 -45.99513591323236 14.51200813325886
2012.0342 41.73 -122.71 -45.61906754032301 17.57536324364502
2012.0616 41.73 -122.71 -22.60725846724225 15.16021773814958
2012.0890 41.73 -122.71 -27.98647665198081 14.87953143992505
2012.1164 41.73 -122.71 -6.77517249930650 14.46526347439645
2012.1438 41.73 -122.71 6.85639087623491 14.95344220260907
2012.1712 41.73 -122.71 10.96254142370227 14.07612255568091
2012.1986 41.73 -122.71 8.40997184172026 12.61685955559911
2012.2260 41.73 -122.71 28.62462914975791 13.10373589020857
2012.2534 41.73 -122.71 30.95384267197571 12.70349791420049
2012.2808 41.73 -122.71 33.20099943728870 11.76231186476541
2012.3082 41.73 -122.71 23.41961204440793 13.29127626490943
2012.3904 41.73 -122.71 33.20437108863057 13.77381392539899
2012.4178 41.73 -122.71 -20.84397709527575 10.67668163723753
2012.4452 41.73 -122.71 2.97803189566171 10.47500755181120
2012.4726 41.73 -122.71 -19.01501705661520 11.43059784917934
2012.5000 41.73 -122.71 -13.74396383826694 10.76537898526833
2012.5274 41.73 -122.71 -8.09431015828084 11.57711233701524
2012.5548 41.73 -122.71 -28.13973013943175 11.57348506446991
2012.5822 41.73 -122.71 -43.48367615829692 12.38349740047237
2012.6096 41.73 -122.71 -37.04172609187928 12.39217282792972
2012.6370 41.73 -122.71 -34.84846363881204 11.29417699438069
2012.6644 41.73 -122.71 -39.89414762103180 12.51326483985492
2012.6918 41.73 -122.71 -30.12453537041912 12.98051059180836
2012.7192 41.73 -122.71 -38.27970316676718 16.05774745815995
2012.7466 41.73 -122.71 -35.99392855153810 10.53501274496365
2012.8562 41.73 -122.71 -30.44667839149326 16.49902971701905
2012.8836 41.73 -122.71 -36.43871528126860 15.59188484102762
2012.9110 41.73 -122.71 -45.12688543333786 14.69720743685382
2012.9384 41.73 -122.71 -34.69283161928351 13.78027848057886
2012.9658 41.73 -122.71 -3.44782079046786 16.00896916642506
2012.9918 41.73 -122.71 8.05875972417433 7.41178289760784
2013.0178 41.73 -122.71 -7.62497447580676 8.98214040050490
2013.0452 41.73 -122.71 30.94106947140811 8.88792225660627
2013.0726 41.73 -122.71 27.94662843918551 8.10173919407308
2013.1000 41.73 -122.71 33.37958154658249 8.33683390508676
2013.1274 41.73 -122.71 34.23702619945243 7.61204905196821
2013.1548 41.73 -122.71 27.21718830388009 6.83576054527686
2013.2644 41.73 -122.71 10.25846837290490 7.74238879324551
2013.2918 41.73 -122.71 5.88543807155037 7.88976162490580
2013.3192 41.73 -122.71 5.18655013331931 8.87782927660431
2013.3466 41.73 -122.71 -13.93625753754844 9.15654604839764
2013.3740 41.73 -122.71 -31.13613261160419 7.67166143783680
2013.4014 41.73 -122.71 -37.74221010647260 7.96547130950907
2013.4288 41.73 -122.71 -11.30409580499592 6.82977951730414
2013.4562 41.73 -122.71 -18.67258808572148 6.94243856105277
2013.4836 41.73 -122.71 -20.61151724008621 7.19106204367766
2013.5110 41.73 -122.71 -15.89377015685383 8.28726576410845
2013.5384 41.73 -122.71 -42.37041304400257 7.92563402636005
2013.5658 41.73 -122.71 -19.98616984914791 8.44002703841056
2013.7575 41.73 -122.71 -45.88723099839609 7.83590256367613
2013.7849 41.73 -122.71 -63.70481913333066 8.24755386690172
2013.8123 41.73 -122.71 -58.02851284004952 7.48848052375749
2013.8397 41.73 -122.71 -43.66348877424282 7.62299018440649
2013.8671 41.73 -122.71 -68.10766493584387 8.12037334841586
2013.8945 41.73 -122.71 -66.93365099831419 7.59685711696873
2013.9219 41.73 -122.71 -51.37183352963834 6.58801664660460
2013.9493 41.73 -122.71 -49.10865759325790 7.16360360343919
2013.9767 41.73 -122.71 -53.52839397415732 7.12195957862214
2014.0041 41.73 -122.71 -56.93235778106811 6.90728330909594
2014.0315 41.73 -122.71 -58.85214529307609 7.31086572312430
2014.1685 41.73 -122.71 -10.24241942415440 7.60335525880666
2014.1959 41.73 -122.71 -18.71358507777031 8.03512107930419
2014.2233 41.73 -122.71 -16.76701580066561 7.51824965357767
2014.2507 41.73 -122.71 24.27729547052906 6.78303314461504
2014.2781 41.73 -122.71 -0.40325850908840 7.25298869783988
2014.3055 41.73 -122.71 -21.28014503752713 6.90172702070365
2014.3329 41.73 -122.71 -24.92792103635521 5.43144977757551
2014.3603 41.73 -122.71 -14.78679533569624 6.38158292723720
2014.3877 41.73 -122.71 -28.75991748445071 6.39947392671642
2014.4151 41.73 -122.71 -38.09428297338783 6.31495032688530
2014.4425 41.73 -122.71 -56.40751057382760 6.77977347512237
2014.4699 41.73 -122.71 -58.27350234970933 6.64635147286343
2014.5795 41.73 -122.71 -43.53661991331412 5.29011115493339
2014.6068 41.73 -122.71 -55.49601295794270 5.81727261500140
2014.6342 41.73 -122.71 -42.73302883654281 5.12148918849890
2014.6616 41.73 -122.71 -65.94688849888517 5.93350252942042
2014.6890 41.73 -122.71 -75.52032538644443 5.77256860050960
2014.7164 41.73 -122.71 -60.65901198730840 5.63101513248538
2014.7438 41.73 -122.71 -38.53970273781756 6.25815074982479
2014.7712 41.73 -122.71 -54.75542489098321 6.18470498468072
2014.7986 41.73 -122.71 -61.32230953935269 5.30985502734885
2014.8260 41.73 -122.71 -45.77024479584924 5.25944125337314
2014.8534 41.73 -122.71 -74.90320504089020 5.62418322490364
2014.8808 41.73 -122.71 -43.48995667686102 5.64576595905626
2014.9082 41.73 -122.71 -35.97071472636258 5.77956689180681
2015.0452 41.73 -122.71 -23.33055934085915 4.00365797130694
2015.0726 41.73 -122.71 -17.35149472011333 4.56474381606503
2015.1000 41.73 -122.71 -34.41588108796891 3.88888886175948
2015.1274 41.73 -122.71 -7.09206602883721 3.57839357648363
2015.1548 41.73 -122.71 -18.67554186066537 4.38730904653143
2015.1822 41.73 -122.71 1.50018919318184 4.01614240168235
2015.2096 41.73 -122.71 -2.38718012823322 5.86705758945785
2015.2370 41.73 -122.71 -35.16361891399568 6.42189821373471
2015.2644 41.73 -122.71 13.87932698409804 5.52117865687379
2015.2918 41.73 -122.71 -18.92707697964998 5.43156286454571
2015.3192 41.73 -122.71 -6.32123779637867 5.20926210134323
2015.3466 41.73 -122.71 -15.21317984780475 5.74063259508268
2015.4836 41.73 -122.71 -61.68802855894859 4.75957454575825
2015.5110 41.73 -122.71 -69.02600037457029 4.67967791511702
2015.5384 41.73 -122.71 -48.09088898928729 5.33685568453330
2015.5658 41.73 -122.71 -54.87804870605113 5.68782326585093
2015.5932 41.73 -122.71 -70.95825037929566 6.02555496211456
2015.6205 41.73 -122.71 -58.70050809173483 5.67486627903004
2015.6479 41.73 -122.71 -61.35154150089618 5.54893849540824
2015.6753 41.73 -122.71 -77.33401659670045 5.18747385150828
2015.7027 41.73 -122.71 -50.84230962684347 5.90622493649862
2015.7301 41.73 -122.71 -57.64105169298364 5.78747589575765
2015.9493 41.73 -122.71 -63.54929242584087 5.50906921874100
2015.9767 41.73 -122.71 -44.07853364046574 6.08996778768649
2016.0041 41.73 -122.71 -48.87486715989198 5.37146176218140
2016.0315 41.73 -122.71 -27.71574414657896 5.09490559824601
2016.0589 41.73 -122.71 0.24070913438178 5.21254525628238
2016.0863 41.73 -122.71 -7.46532709745486 4.53968190975160
2016.1137 41.73 -122.71 -3.41087763977254 5.33555362994358
2016.1411 41.73 -122.71 7.51812157341328 6.59991489612392
2016.1685 41.73 -122.71 -1.86467180696513 7.29263970304777
2016.1959 41.73 -122.71 62.02641464790823 7.18879895576204
2016.2233 41.73 -122.71 -0.73294822086269 7.34128675330045
2016.2507 41.73 -122.71 14.43838701145380 5.49080680596859
2016.3603 41.73 -122.71 -10.45479403098730 5.15926280869288
2016.3877 41.73 -122.71 -14.89763496710544 6.36759422776212
2016.4151 41.73 -122.71 1.33244641292392 6.16068419556079
2016.4425 41.73 -122.71 -29.73426763558940 6.79139550294152
2016.4699 41.73 -122.71 -26.50113411724384 6.63545393431732
