2002.5877 38.12 -122.91 -0.239 -0.101 0.862 0.114 0.096 0.517
2002.6151 38.12 -122.91 -0.664 -0.461 -0.131 0.109 0.093 0.495
2002.6425 38.12 -122.91 -0.649 -0.306 2.935 0.111 0.094 0.504
2002.6699 38.12 -122.91 -0.681 -0.611 1.909 0.096 0.081 0.441
2002.6973 38.12 -122.91 -0.685 -0.825 -0.086 0.164 0.076 0.621
2002.7247 38.12 -122.91 -0.848 -0.249 2.980 0.103 0.088 0.467
2002.7521 38.12 -122.91 -0.793 -0.885 0.877 0.095 0.082 0.437
2002.7795 38.12 -122.91 -0.806 -0.598 3.420 0.111 0.096 0.507
2002.8068 38.12 -122.91 -0.836 -0.927 2.556 0.099 0.084 0.450
2002.8342 38.12 -122.91 -0.960 -0.450 2.537 0.098 0.083 0.445
2002.8616 38.12 -122.91 -0.581 0.014 2.349 0.101 0.074 0.441
2002.8890 38.12 -122.91 -0.669 0.071 -0.365 0.099 0.084 0.449
2002.9164 38.12 -122.91 -0.956 -0.472 -0.462 0.106 0.088 0.480
2003.0260 38.12 -122.91 -0.052 0.203 0.050 0.120 0.100 0.545
2003.0534 38.12 -122.91 0.140 0.738 0.241 0.194 0.165 0.864
2003.0808 38.12 -122.91 0.154 -0.131 -4.384 0.174 0.141 0.773
2003.1082 38.12 -122.91 0.240 -0.023 -5.475 0.101 0.083 0.464
2003.1356 38.12 -122.91 0.206 0.044 -4.109 0.094 0.077 0.432
2003.1630 38.12 -122.91 0.347 -0.003 -3.099 0.100 0.083 0.456
2003.1904 38.12 -122.91 0.486 0.159 -2.999 0.117 0.095 0.528
2003.2178 38.12 -122.91 0.274 0.218 -3.090 0.098 0.081 0.450
2003.2452 38.12 -122.91 0.311 0.220 -4.935 0.096 0.081 0.440
2003.2726 38.12 -122.91 0.509 0.058 -3.462 0.094 0.079 0.430
2003.3000 38.12 -122.91 0.493 0.396 -4.866 0.091 0.077 0.421
2003.3274 38.12 -122.91 0.311 0.681 -4.103 0.119 0.101 0.541
2003.3548 38.12 -122.91 0.969 0.471 -3.499 0.130 0.112 0.588
2003.3822 38.12 -122.91 0.493 0.416 -2.188 0.119 0.097 0.538
2003.5192 38.12 -122.91 0.013 0.195 1.565 0.123 0.108 0.561
2003.5466 38.12 -122.91 -0.342 -0.089 -1.528 0.136 0.121 0.616
2003.5740 38.12 -122.91 -0.600 -0.464 -0.234 0.158 0.141 0.712
2003.6014 38.12 -122.91 -0.573 -0.273 0.447 0.136 0.121 0.616
2003.6288 38.12 -122.91 -0.819 -0.608 -0.618 0.129 0.113 0.586
2003.6562 38.12 -122.91 -0.711 -0.366 1.873 0.139 0.121 0.625
2003.6836 38.12 -122.91 -0.681 -0.573 1.053 0.136 0.121 0.616
2003.7110 38.12 -122.91 -0.688 -0.298 -0.454 0.108 0.093 0.490
2003.7384 38.12 -122.91 -0.954 -0.559 0.085 0.130 0.114 0.586
2003.7658 38.12 -122.91 -0.744 -0.141 1.829 0.120 0.104 0.541
2003.7932 38.12 -122.91 -0.903 -0.349 1.047 0.133 0.117 0.600
2003.8205 38.12 -122.91 -0.769 -0.516 3.073 0.144 0.122 0.641
2003.8479 38.12 -122.91 -0.719 -0.164 2.333 0.128 0.104 0.564
2003.8753 38.12 -122.91 -0.570 -0.348 2.674 0.133 0.115 0.596
2003.9027 38.12 -122.91 -0.807 -0.123 1.549 0.122 0.102 0.546
2003.9301 38.12 -122.91 -0.497 -0.328 -0.220 0.127 0.107 0.567
2003.9575 38.12 -122.91 -0.319 -0.380 -0.510 0.142 0.122 0.632
2003.9849 38.12 -122.91 -0.291 -0.398 -0.152 0.135 0.114 0.600
2004.0123 38.12 -122.91 -0.200 -0.412 -1.726 0.145 0.122 0.642
2004.0397 38.12 -122.91 -0.102 -0.155 -1.153 0.124 0.098 0.548
2004.0945 38.12 -122.91 0.009 0.047 -2.239 0.115 0.092 0.512
2004.1219 38.12 -122.91 0.269 0.217 -2.561 0.123 0.100 0.540
2004.1493 38.12 -122.91 0.083 -0.403 -4.831 0.144 0.118 0.630
2004.1767 38.12 -122.91 0.100 0.230 -4.221 0.153 0.127 0.669
2004.2041 38.12 -122.91 0.400 -0.069 -4.383 0.126 0.101 0.550
2004.2315 38.12 -122.91 0.111 0.260 -4.349 0.128 0.103 0.558
2004.2589 38.12 -122.91 0.439 0.448 -1.038 0.132 0.105 0.575
2004.2863 38.12 -122.91 0.646 0.576 -3.888 0.133 0.105 0.576
2004.3137 38.12 -122.91 0.690 0.217 -3.402 0.126 0.100 0.548
2004.3411 38.12 -122.91 0.830 0.490 -2.638 0.138 0.109 0.597
2004.3685 38.12 -122.91 0.495 0.296 -2.445 0.134 0.105 0.580
2004.3959 38.12 -122.91 0.606 -0.168 0.721 0.118 0.092 0.514
2004.4233 38.12 -122.91 0.369 0.146 2.615 0.113 0.088 0.494
2004.4507 38.12 -122.91 0.358 0.010 -0.720 0.101 0.078 0.440
2004.4781 38.12 -122.91 0.119 0.168 1.110 0.111 0.085 0.480
2004.5055 38.12 -122.91 0.131 0.051 1.775 0.108 0.084 0.470
2004.5329 38.12 -122.91 -0.186 -0.500 3.036 0.102 0.079 0.447
2004.5603 38.12 -122.91 -0.433 -0.608 3.294 0.105 0.081 0.458
2004.5877 38.12 -122.91 -0.692 0.006 1.575 0.106 0.082 0.463
2004.6151 38.12 -122.91 -0.849 -0.468 2.303 0.117 0.090 0.508
2004.6425 38.12 -122.91 -0.928 -0.263 3.490 0.100 0.077 0.439
2004.6699 38.12 -122.91 -0.855 -0.205 2.055 0.100 0.078 0.440
2004.6973 38.12 -122.91 -0.924 0.130 2.000 0.094 0.073 0.416
2004.7247 38.12 -122.91 -0.869 -0.121 3.508 0.108 0.083 0.470
2004.7521 38.12 -122.91 -0.795 -0.171 0.935 0.103 0.080 0.455
2004.7795 38.12 -122.91 -0.930 -0.147 1.392 0.101 0.078 0.441
2004.8068 38.12 -122.91 -0.858 -0.186 1.821 0.111 0.085 0.483
2004.8342 38.12 -122.91 -0.805 0.138 -1.364 0.110 0.084 0.476
2004.8616 38.12 -122.91 -0.618 -0.148 -0.101 0.097 0.076 0.429
2004.8890 38.12 -122.91 -0.792 -0.316 -0.873 0.097 0.076 0.428
2004.9164 38.12 -122.91 -0.452 -0.273 0.266 0.106 0.082 0.462
2004.9438 38.12 -122.91 -0.413 0.005 -0.110 0.117 0.092 0.515
2004.9712 38.12 -122.91 -0.348 -0.202 -1.584 0.106 0.082 0.461
2004.9973 38.12 -122.91 -0.151 0.091 -1.995 0.103 0.080 0.450
2005.0233 38.12 -122.91 -0.262 0.359 -3.962 0.118 0.093 0.512
2005.0507 38.12 -122.91 -0.112 0.576 -4.343 0.170 0.140 0.738
2005.0781 38.12 -122.91 -0.075 0.497 -4.861 0.131 0.105 0.569
2005.1055 38.12 -122.91 -0.040 0.389 -4.632 0.130 0.105 0.566
2005.1329 38.12 -122.91 -0.302 0.477 -3.967 0.133 0.108 0.580
2005.1603 38.12 -122.91 0.101 0.666 -4.800 0.119 0.096 0.523
2005.1877 38.12 -122.91 0.062 0.806 -3.963 0.121 0.095 0.526
2005.2151 38.12 -122.91 0.290 0.936 -1.867 0.114 0.089 0.500
2005.2425 38.12 -122.91 0.259 1.079 -4.760 0.110 0.088 0.484
2005.2699 38.12 -122.91 0.469 1.139 -4.477 0.117 0.094 0.514
2005.2973 38.12 -122.91 0.242 1.134 -1.551 0.123 0.100 0.541
2005.3247 38.12 -122.91 0.205 1.131 -2.208 0.130 0.105 0.570
2005.3521 38.12 -122.91 0.242 1.326 -3.090 0.058 0.047 0.278
2005.3795 38.12 -122.91 0.477 1.071 -2.746 0.122 0.099 0.537
2005.4068 38.12 -122.91 0.508 1.028 -3.565 0.112 0.091 0.497
2005.4342 38.12 -122.91 0.354 0.897 -4.207 0.128 0.104 0.568
2005.4616 38.12 -122.91 0.148 0.549 -2.675 0.116 0.095 0.516
2005.4890 38.12 -122.91 -0.034 0.219 -3.037 0.111 0.090 0.491
2005.5164 38.12 -122.91 0.099 0.722 -1.422 0.110 0.090 0.490
2005.5438 38.12 -122.91 -0.264 0.276 -1.334 0.119 0.099 0.529
2005.5712 38.12 -122.91 -0.162 0.047 0.709 0.129 0.108 0.574
2005.5986 38.12 -122.91 -0.384 0.266 -0.885 0.132 0.110 0.586
2005.6260 38.12 -122.91 -0.520 0.097 0.403 0.117 0.097 0.522
2005.6534 38.12 -122.91 -0.577 0.348 -0.801 0.123 0.103 0.549
2005.6808 38.12 -122.91 -0.922 0.083 -0.490 0.121 0.102 0.540
2005.7082 38.12 -122.91 -0.786 0.425 -0.161 0.146 0.124 0.647
2005.7356 38.12 -122.91 -0.760 0.024 0.241 0.128 0.109 0.573
2005.7630 38.12 -122.91 -1.039 0.031 -0.571 0.129 0.110 0.575
2005.7904 38.12 -122.91 -0.616 0.043 -1.109 0.121 0.103 0.542
2005.8178 38.12 -122.91 -0.716 -0.275 1.121 0.124 0.106 0.555
2005.8452 38.12 -122.91 -0.576 -0.277 2.007 0.133 0.114 0.595
2005.8726 38.12 -122.91 -0.229 -0.191 0.700 0.115 0.098 0.518
2005.9000 38.12 -122.91 -0.366 -0.396 0.637 0.113 0.096 0.507
2005.9274 38.12 -122.91 -0.164 -0.124 -0.598 0.119 0.094 0.528
2005.9548 38.12 -122.91 0.078 -0.204 -3.029 0.116 0.094 0.540
2005.9822 38.12 -122.91 0.154 -0.641 -3.255 0.112 0.092 0.505
2006.0096 38.12 -122.91 0.343 -0.395 -2.940 0.121 0.101 0.543
2006.0370 38.12 -122.91 0.488 0.099 -2.870 0.151 0.129 0.677
2006.0644 38.12 -122.91 0.511 0.145 -4.118 0.154 0.131 0.688
2006.0918 38.12 -122.91 0.463 0.348 -2.406 0.152 0.132 0.683
2006.1192 38.12 -122.91 0.606 0.751 -5.455 0.172 0.150 0.768
2006.1466 38.12 -122.91 0.498 0.658 -4.895 0.136 0.118 0.611
2006.1740 38.12 -122.91 0.638 0.853 -3.229 0.151 0.134 0.680
2006.2014 38.12 -122.91 0.754 0.704 -6.163 0.118 0.103 0.536
2006.2288 38.12 -122.91 1.136 0.698 -4.800 0.152 0.135 0.686
2006.2562 38.12 -122.91 0.844 0.961 -6.073 0.142 0.127 0.644
2006.2836 38.12 -122.91 1.012 0.848 -7.715 0.140 0.125 0.632
2006.3110 38.12 -122.91 1.320 0.763 -5.298 0.149 0.133 0.673
2006.3384 38.12 -122.91 1.054 1.293 -4.305 0.135 0.121 0.612
2006.3658 38.12 -122.91 0.715 0.806 -3.157 0.149 0.134 0.676
2006.3932 38.12 -122.91 0.694 1.260 -2.976 0.147 0.132 0.667
2006.4205 38.12 -122.91 0.723 1.236 -3.689 0.148 0.133 0.670
2006.4479 38.12 -122.91 0.555 0.856 -4.264 0.163 0.141 0.731
2006.4753 38.12 -122.91 -0.003 0.209 -3.088 0.164 0.147 0.743
2006.5027 38.12 -122.91 -0.094 0.331 -2.046 0.170 0.154 0.772
2006.5301 38.12 -122.91 0.007 0.055 -1.558 0.202 0.184 0.912
2006.5575 38.12 -122.91 0.027 0.133 -1.177 0.161 0.145 0.730
2006.5849 38.12 -122.91 -0.516 0.132 -1.442 0.166 0.150 0.750
2006.6123 38.12 -122.91 -0.662 -0.216 -3.121 0.202 0.186 0.916
2006.6397 38.12 -122.91 -0.671 -0.144 -2.043 0.172 0.157 0.781
2006.6671 38.12 -122.91 -0.735 -0.304 -2.628 0.157 0.142 0.712
2006.6945 38.12 -122.91 -1.223 -0.392 -0.976 0.200 0.182 0.902
2006.7219 38.12 -122.91 -0.651 -0.681 -0.012 0.188 0.169 0.850
2006.7493 38.12 -122.91 -0.779 -0.140 0.760 0.224 0.202 1.007
2006.7767 38.12 -122.91 -0.816 -0.465 0.603 0.194 0.176 0.876
2006.8041 38.12 -122.91 -0.830 -0.082 -0.041 0.157 0.141 0.710
2006.8315 38.12 -122.91 -0.842 -0.336 0.516 0.182 0.165 0.822
2006.8589 38.12 -122.91 -0.742 -0.760 -1.438 0.177 0.160 0.800
2006.8863 38.12 -122.91 -0.456 -0.294 -1.053 0.170 0.153 0.769
2006.9137 38.12 -122.91 0.001 -0.364 -0.312 0.166 0.147 0.748
2006.9411 38.12 -122.91 -0.246 -0.540 -0.941 0.163 0.144 0.735
2006.9685 38.12 -122.91 -0.355 -0.506 -1.851 0.163 0.142 0.732
2006.9959 38.12 -122.91 -0.075 0.166 -2.894 0.163 0.139 0.727
2007.0233 38.12 -122.91 -0.018 -0.161 -1.404 0.151 0.128 0.677
2007.0507 38.12 -122.91 0.111 0.264 -0.972 0.158 0.134 0.705
2007.0781 38.12 -122.91 0.029 0.153 -1.191 0.161 0.142 0.725
2007.1055 38.12 -122.91 -0.061 0.064 -1.642 0.144 0.126 0.650
2007.1329 38.12 -122.91 0.394 0.243 -2.421 0.157 0.138 0.707
2007.1603 38.12 -122.91 0.408 0.556 -2.760 0.149 0.132 0.674
2007.1877 38.12 -122.91 0.624 0.612 -0.386 0.191 0.173 0.863
2007.2151 38.12 -122.91 0.461 0.506 -1.980 0.171 0.154 0.772
2007.2425 38.12 -122.91 0.660 0.597 -1.127 0.164 0.148 0.742
2007.2699 38.12 -122.91 0.747 0.774 -0.303 0.132 0.115 0.597
2007.2973 38.12 -122.91 0.702 0.950 -2.577 0.124 0.109 0.564
2007.3247 38.12 -122.91 0.736 0.522 -2.048 0.151 0.135 0.684
2007.3521 38.12 -122.91 1.014 0.423 -1.228 0.165 0.149 0.747
2007.3795 38.12 -122.91 0.473 0.225 -1.870 0.173 0.157 0.783
2007.4068 38.12 -122.91 0.706 0.275 0.026 0.145 0.129 0.657
2007.4342 38.12 -122.91 0.516 0.451 -0.479 0.139 0.123 0.629
2007.4616 38.12 -122.91 0.532 0.474 0.789 0.181 0.164 0.818
2007.4890 38.12 -122.91 0.158 0.322 0.598 0.140 0.123 0.633
2007.5164 38.12 -122.91 0.033 0.202 -0.177 0.147 0.131 0.667
2007.5438 38.12 -122.91 -0.226 -0.223 -0.022 0.143 0.127 0.647
2007.5712 38.12 -122.91 -0.377 -0.167 -0.141 0.147 0.130 0.665
2007.5986 38.12 -122.91 -0.626 -0.321 0.292 0.179 0.161 0.809
2007.6260 38.12 -122.91 -0.714 -0.590 1.056 0.147 0.130 0.664
2007.6534 38.12 -122.91 -0.745 -0.430 1.412 0.149 0.132 0.674
2007.6808 38.12 -122.91 -0.948 -0.931 0.692 0.157 0.138 0.709
2007.7082 38.12 -122.91 -0.863 -0.371 1.642 0.118 0.100 0.534
2007.7356 38.12 -122.91 -0.877 -0.303 2.992 0.161 0.141 0.727
2007.7630 38.12 -122.91 -0.728 -0.563 4.585 0.125 0.106 0.567
2007.7904 38.12 -122.91 -0.466 -0.402 2.939 0.159 0.140 0.715
2007.8178 38.12 -122.91 -0.893 -0.285 1.736 0.182 0.163 0.820
2007.8452 38.12 -122.91 -0.672 -0.021 2.227 0.149 0.131 0.674
2007.8726 38.12 -122.91 -0.359 -0.005 1.062 0.173 0.153 0.781
2007.9000 38.12 -122.91 -0.412 -0.309 1.997 0.185 0.158 0.822
2007.9274 38.12 -122.91 -0.374 -0.452 0.590 0.179 0.160 0.810
2007.9548 38.12 -122.91 -0.155 -0.165 -0.456 0.135 0.119 0.614
2007.9822 38.12 -122.91 -0.141 -0.312 -0.664 0.165 0.148 0.749
2008.0096 38.12 -122.91 0.008 -0.172 0.617 0.145 0.130 0.660
2008.0370 38.12 -122.91 0.203 -0.011 -1.979 0.149 0.135 0.679
2008.0644 38.12 -122.91 0.172 -0.004 -0.882 0.171 0.156 0.778
2008.0918 38.12 -122.91 0.106 0.292 -3.183 0.138 0.123 0.630
2008.1192 38.12 -122.91 0.738 0.587 -0.014 0.161 0.146 0.734
2008.1466 38.12 -122.91 0.362 0.804 -0.959 0.187 0.171 0.850
2008.1740 38.12 -122.91 0.567 1.008 -3.360 0.164 0.149 0.746
2008.2014 38.12 -122.91 0.554 0.596 -3.871 0.175 0.161 0.796
2008.2288 38.12 -122.91 1.069 1.084 -0.799 0.206 0.185 0.931
2008.2562 38.12 -122.91 0.806 0.498 -2.268 0.191 0.173 0.867
2008.2836 38.12 -122.91 0.802 0.171 -1.373 0.230 0.208 1.039
2008.3110 38.12 -122.91 1.029 0.441 -1.654 0.237 0.215 1.071
2008.3384 38.12 -122.91 0.886 0.417 2.015 0.175 0.159 0.795
2008.3658 38.12 -122.91 0.873 0.296 -2.018 0.180 0.161 0.812
2008.3932 38.12 -122.91 0.644 0.380 -0.633 0.164 0.146 0.742
2008.4205 38.12 -122.91 0.635 0.485 0.212 0.144 0.127 0.650
2008.4479 38.12 -122.91 0.546 0.198 -0.372 0.145 0.129 0.658
2008.4753 38.12 -122.91 0.165 0.333 1.852 0.141 0.125 0.640
2008.5027 38.12 -122.91 0.121 -0.081 1.497 0.173 0.153 0.778
2008.5301 38.12 -122.91 -0.378 -0.774 0.729 0.214 0.190 0.964
2008.5575 38.12 -122.91 -0.341 0.019 1.417 0.141 0.121 0.634
2008.5849 38.12 -122.91 -0.546 -0.109 1.542 0.158 0.140 0.711
2008.6123 38.12 -122.91 -0.536 -0.365 2.042 0.133 0.115 0.599
2008.6397 38.12 -122.91 -0.574 -0.439 1.779 0.145 0.127 0.655
2008.6671 38.12 -122.91 -0.785 -0.148 2.056 0.140 0.122 0.629
2008.6945 38.12 -122.91 -0.907 0.054 2.622 0.135 0.117 0.610
2008.7219 38.12 -122.91 -0.894 -0.130 3.526 0.155 0.137 0.698
2008.7493 38.12 -122.91 -0.627 -0.215 2.977 0.140 0.124 0.634
2008.7767 38.12 -122.91 -0.644 -0.192 1.899 0.163 0.146 0.735
2008.8041 38.12 -122.91 -0.921 -0.539 1.891 0.163 0.148 0.740
2008.8315 38.12 -122.91 -0.832 -0.349 2.358 0.185 0.167 0.836
2008.8589 38.12 -122.91 -0.626 -0.601 3.068 0.215 0.195 0.974
2008.8863 38.12 -122.91 -0.654 -0.470 1.785 0.207 0.187 0.935
2008.9137 38.12 -122.91 -0.489 -0.278 2.094 0.197 0.179 0.891
2008.9411 38.12 -122.91 -0.515 -0.443 2.418 0.206 0.186 0.934
2008.9685 38.12 -122.91 -0.438 -0.436 1.893 0.193 0.174 0.874
2008.9945 38.12 -122.91 -0.299 -0.345 0.396 0.163 0.148 0.741
2009.0205 38.12 -122.91 0.258 -0.381 2.796 0.160 0.146 0.729
2009.0479 38.12 -122.91 -0.020 -0.089 -0.112 0.160 0.146 0.730
2009.0753 38.12 -122.91 -0.043 0.136 -1.692 0.154 0.140 0.703
2009.1027 38.12 -122.91 0.447 -0.357 1.560 0.191 0.175 0.869
2009.1301 38.12 -122.91 0.264 -0.426 -0.537 0.153 0.138 0.696
2009.1575 38.12 -122.91 0.272 -0.316 -0.772 0.156 0.141 0.710
2009.1849 38.12 -122.91 0.607 -0.263 -0.448 0.178 0.163 0.808
2009.2123 38.12 -122.91 0.573 -0.180 1.326 0.155 0.136 0.698
2009.2397 38.12 -122.91 0.733 0.231 0.538 0.173 0.158 0.788
2009.2671 38.12 -122.91 1.005 0.127 0.688 0.145 0.131 0.662
2009.2945 38.12 -122.91 0.803 0.672 0.676 0.149 0.135 0.678
2009.3219 38.12 -122.91 0.466 0.622 0.635 0.156 0.140 0.707
2009.3493 38.12 -122.91 0.730 0.687 -0.727 0.143 0.128 0.650
2009.3767 38.12 -122.91 0.528 0.697 1.323 0.151 0.134 0.683
2009.4041 38.12 -122.91 0.467 0.632 1.367 0.133 0.118 0.605
2009.4315 38.12 -122.91 0.698 0.413 2.344 0.152 0.136 0.690
2009.4589 38.12 -122.91 0.390 0.740 2.350 0.130 0.114 0.589
2009.4863 38.12 -122.91 0.193 0.059 0.249 0.143 0.125 0.647
2009.5137 38.12 -122.91 -0.012 0.010 1.188 0.138 0.118 0.621
2009.5411 38.12 -122.91 -0.255 -0.251 2.886 0.169 0.147 0.759
2009.5685 38.12 -122.91 -0.211 -0.439 0.749 0.182 0.158 0.817
2009.5959 38.12 -122.91 -0.376 -0.682 2.364 0.160 0.138 0.718
2009.6233 38.12 -122.91 -0.400 -0.963 1.453 0.164 0.144 0.740
2009.6507 38.12 -122.91 -0.499 -0.805 4.070 0.158 0.139 0.714
2009.6781 38.12 -122.91 -0.392 -0.639 4.726 0.169 0.150 0.762
2009.7055 38.12 -122.91 -0.769 -0.533 3.528 0.174 0.156 0.788
2009.7329 38.12 -122.91 -0.842 -0.878 5.525 0.168 0.151 0.761
2009.7603 38.12 -122.91 -1.242 -1.128 4.316 0.192 0.172 0.867
2009.7877 38.12 -122.91 -0.709 -0.291 4.898 0.177 0.159 0.801
2009.8151 38.12 -122.91 -0.980 -0.076 3.059 0.190 0.171 0.857
2009.8425 38.12 -122.91 -0.660 -0.234 1.043 0.173 0.155 0.781
2009.8699 38.12 -122.91 -0.620 -0.465 1.845 0.165 0.148 0.748
2009.8973 38.12 -122.91 -0.594 -0.301 1.827 0.154 0.138 0.700
2009.9247 38.12 -122.91 -0.673 -0.264 0.222 0.156 0.136 0.702
2009.9521 38.12 -122.91 -0.418 0.287 -0.071 0.145 0.129 0.657
2009.9795 38.12 -122.91 -0.201 -0.106 0.324 0.149 0.132 0.676
2010.0068 38.12 -122.91 0.040 -0.448 -0.562 0.187 0.169 0.847
2010.0342 38.12 -122.91 0.032 -0.177 2.071 0.147 0.131 0.667
2010.0616 38.12 -122.91 0.140 -0.142 0.797 0.151 0.134 0.682
2010.0890 38.12 -122.91 0.203 0.014 0.276 0.179 0.162 0.809
2010.1164 38.12 -122.91 0.331 0.447 0.191 0.184 0.167 0.836
2010.1438 38.12 -122.91 0.275 0.689 -0.201 0.178 0.160 0.807
2010.1712 38.12 -122.91 0.033 0.892 -3.869 0.171 0.153 0.773
2010.1986 38.12 -122.91 0.364 0.532 -5.273 0.164 0.146 0.741
2010.2260 38.12 -122.91 0.092 0.406 -2.305 0.179 0.160 0.808
2010.2534 38.12 -122.91 0.531 0.449 -3.294 0.185 0.164 0.834
2010.2808 38.12 -122.91 0.442 0.617 0.545 0.143 0.125 0.648
2010.3082 38.12 -122.91 0.212 0.671 -1.100 0.150 0.132 0.677
2010.3356 38.12 -122.91 0.684 0.851 -1.758 0.138 0.119 0.623
2010.3630 38.12 -122.91 0.465 0.640 -1.709 0.147 0.126 0.660
2010.3904 38.12 -122.91 0.640 0.457 -1.043 0.153 0.123 0.673
2010.4178 38.12 -122.91 0.702 0.215 -2.632 0.156 0.134 0.700
2010.4452 38.12 -122.91 0.766 0.388 -1.973 0.139 0.119 0.626
2010.4726 38.12 -122.91 0.712 0.770 -0.517 0.126 0.106 0.569
2010.5000 38.12 -122.91 0.197 0.577 -0.329 0.141 0.121 0.634
2010.5274 38.12 -122.91 0.166 0.220 0.486 0.213 0.193 0.962
2010.5548 38.12 -122.91 -0.199 0.215 -0.301 0.139 0.123 0.629
2010.5822 38.12 -122.91 -0.206 0.140 -0.815 0.126 0.111 0.571
2010.6096 38.12 -122.91 -0.581 -0.078 0.270 0.160 0.145 0.725
2010.6370 38.12 -122.91 -0.561 0.177 -0.389 0.144 0.129 0.652
2010.6644 38.12 -122.91 -0.620 0.103 0.971 0.135 0.121 0.614
2010.6918 38.12 -122.91 -0.858 -0.190 0.322 0.161 0.146 0.728
2010.7192 38.12 -122.91 -0.824 -0.322 1.423 0.150 0.135 0.680
2010.7466 38.12 -122.91 -0.672 0.127 0.650 0.173 0.157 0.782
2010.7740 38.12 -122.91 -0.997 -0.379 3.592 0.143 0.128 0.649
2010.8014 38.12 -122.91 -0.860 -0.177 1.902 0.136 0.122 0.618
2010.8288 38.12 -122.91 -0.498 -0.515 -2.339 0.154 0.139 0.698
2010.8562 38.12 -122.91 -0.689 -0.365 -0.590 0.151 0.136 0.686
2010.8836 38.12 -122.91 -0.361 -0.114 0.559 0.142 0.126 0.642
2010.9110 38.12 -122.91 0.065 -0.277 0.652 0.154 0.138 0.696
2010.9384 38.12 -122.91 0.279 0.166 -1.203 0.159 0.143 0.720
2010.9658 38.12 -122.91 0.215 -0.130 -1.269 0.174 0.157 0.786
2010.9932 38.12 -122.91 0.123 0.111 -2.360 0.155 0.100 0.642
2011.1027 38.12 -122.91 0.316 0.581 -4.742 0.150 0.119 0.663
2011.1301 38.12 -122.91 0.192 0.576 -1.928 0.209 0.186 0.938
2011.1575 38.12 -122.91 0.488 0.581 -3.470 0.143 0.124 0.645
2011.1849 38.12 -122.91 0.646 0.898 -4.203 0.117 0.098 0.528
2011.2123 38.12 -122.91 0.752 0.968 -5.262 0.178 0.159 0.801
2011.2397 38.12 -122.91 1.042 0.989 -5.451 0.184 0.166 0.829
2011.2671 38.12 -122.91 0.973 0.938 -4.423 0.151 0.134 0.681
2011.2945 38.12 -122.91 0.953 0.827 -4.307 0.173 0.156 0.782
2011.3219 38.12 -122.91 0.926 1.082 -2.998 0.163 0.147 0.736
2011.3493 38.12 -122.91 0.920 0.988 -3.356 0.147 0.132 0.668
2011.3767 38.12 -122.91 1.096 0.978 -3.594 0.170 0.154 0.770
2011.4041 38.12 -122.91 0.891 1.240 -3.886 0.152 0.135 0.688
2011.4315 38.12 -122.91 0.955 0.441 -4.702 0.163 0.132 0.715
2011.5137 38.12 -122.91 0.319 0.714 -3.267 0.145 0.123 0.649
2011.5411 38.12 -122.91 -0.051 0.682 -2.288 0.150 0.132 0.676
2011.5685 38.12 -122.91 -0.022 0.007 -2.157 0.148 0.129 0.665
2011.5959 38.12 -122.91 0.045 0.136 -2.596 0.157 0.138 0.707
2011.6233 38.12 -122.91 -0.190 0.234 -2.280 0.158 0.138 0.710
2011.6507 38.12 -122.91 -0.365 0.378 -0.108 0.183 0.163 0.821
2011.6781 38.12 -122.91 -0.228 0.305 -0.894 0.170 0.152 0.764
2011.7055 38.12 -122.91 -0.555 0.126 -1.588 0.170 0.152 0.764
2011.7329 38.12 -122.91 -0.116 0.122 -1.546 0.194 0.176 0.875
2011.7603 38.12 -122.91 -0.268 -0.064 -0.880 0.168 0.151 0.758
2011.7877 38.12 -122.91 -0.353 0.263 -2.382 0.178 0.161 0.803
2011.8151 38.12 -122.91 -0.552 0.244 -1.697 0.175 0.158 0.789
2011.8425 38.12 -122.91 -0.447 -0.331 -3.589 0.188 0.171 0.849
2011.8699 38.12 -122.91 -0.276 -0.456 -1.351 0.186 0.161 0.828
2011.9521 38.12 -122.91 -0.102 0.056 -0.668 0.134 0.096 0.574
2011.9795 38.12 -122.91 -0.374 -0.269 -0.089 0.154 0.135 0.690
2012.0068 38.12 -122.91 -0.298 0.002 0.241 0.145 0.125 0.645
2012.0342 38.12 -122.91 -0.378 -0.029 0.917 0.172 0.147 0.762
2012.0616 38.12 -122.91 0.060 -0.026 0.404 0.151 0.129 0.668
2012.0890 38.12 -122.91 0.170 0.022 -1.348 0.150 0.126 0.660
2012.1164 38.12 -122.91 0.212 0.556 -1.235 0.148 0.122 0.651
2012.1438 38.12 -122.91 0.288 -0.113 -2.330 0.153 0.126 0.668
2012.1712 38.12 -122.91 0.569 0.086 -1.738 0.148 0.119 0.646
2012.1986 38.12 -122.91 0.551 0.082 -3.400 0.134 0.108 0.587
2012.2260 38.12 -122.91 0.641 0.068 -0.830 0.136 0.109 0.595
2012.2534 38.12 -122.91 0.924 0.188 -0.458 0.132 0.106 0.577
2012.2808 38.12 -122.91 1.005 0.492 -1.668 0.123 0.099 0.538
2012.3082 38.12 -122.91 0.909 0.409 -1.674 0.158 0.101 0.645
2012.3904 38.12 -122.91 1.052 -0.127 -3.714 0.157 0.119 0.678
2012.4178 38.12 -122.91 0.879 -0.029 -0.908 0.114 0.090 0.499
2012.4452 38.12 -122.91 0.646 -0.172 -2.659 0.113 0.089 0.495
2012.4726 38.12 -122.91 0.459 -0.175 -0.518 0.121 0.097 0.529
2012.5000 38.12 -122.91 0.468 -0.106 1.592 0.116 0.092 0.507
2012.5274 38.12 -122.91 0.061 -0.260 0.152 0.123 0.097 0.536
2012.5548 38.12 -122.91 -0.276 -0.086 -1.075 0.122 0.097 0.536
2012.5822 38.12 -122.91 -0.231 -0.315 -0.672 0.129 0.104 0.562
2012.6096 38.12 -122.91 -0.178 -0.531 -0.518 0.127 0.103 0.556
2012.6370 38.12 -122.91 -0.387 -0.425 0.238 0.117 0.096 0.517
2012.6644 38.12 -122.91 -0.550 -0.280 0.648 0.127 0.106 0.560
2012.6918 38.12 -122.91 -0.557 -0.638 0.569 0.130 0.110 0.577
2012.7192 38.12 -122.91 -0.726 -0.398 -0.120 0.154 0.134 0.685
2012.7466 38.12 -122.91 -0.688 -0.495 0.524 0.124 0.086 0.528
2012.8562 38.12 -122.91 -0.375 -0.903 2.383 0.162 0.139 0.720
2012.8836 38.12 -122.91 -0.467 -1.077 0.825 0.149 0.134 0.673
2012.9110 38.12 -122.91 0.143 -0.759 0.767 0.141 0.127 0.639
2012.9384 38.12 -122.91 0.116 -0.926 -1.698 0.139 0.121 0.625
2012.9658 38.12 -122.91 0.086 -0.548 -2.291 0.151 0.137 0.684
2012.9918 38.12 -122.91 0.415 -0.205 -3.888 0.077 0.067 0.358
2013.0178 38.12 -122.91 0.492 -0.443 -4.011 0.090 0.080 0.412
2013.0452 38.12 -122.91 0.436 -0.094 -3.674 0.089 0.079 0.411
2013.0726 38.12 -122.91 0.348 -0.422 -2.097 0.083 0.073 0.382
2013.1000 38.12 -122.91 0.477 -0.240 -3.180 0.085 0.075 0.391
2013.1274 38.12 -122.91 0.575 -0.042 -2.715 0.079 0.069 0.367
2013.1548 38.12 -122.91 0.531 -0.464 -1.715 0.078 0.063 0.353
2013.2644 38.12 -122.91 0.966 0.067 -1.341 0.096 0.045 0.376
2013.2918 38.12 -122.91 1.001 0.310 1.006 0.081 0.071 0.375
2013.3192 38.12 -122.91 1.098 0.121 0.400 0.089 0.079 0.410
2013.3466 38.12 -122.91 0.568 0.173 -2.506 0.091 0.082 0.420
2013.3740 38.12 -122.91 0.716 0.150 -0.163 0.079 0.070 0.366
2013.4014 38.12 -122.91 0.666 0.080 -1.947 0.081 0.072 0.377
2013.4288 38.12 -122.91 0.923 0.166 -1.226 0.072 0.063 0.338
2013.4562 38.12 -122.91 0.339 -0.046 0.832 0.074 0.064 0.344
2013.4836 38.12 -122.91 0.408 -0.348 0.902 0.075 0.066 0.351
2013.5110 38.12 -122.91 -0.049 0.133 -0.774 0.084 0.075 0.389
2013.5384 38.12 -122.91 -0.002 -0.280 1.267 0.084 0.071 0.384
2013.5658 38.12 -122.91 0.286 -0.525 1.125 0.086 0.076 0.399
2013.7575 38.12 -122.91 -0.388 -1.040 5.320 0.084 0.071 0.384
2013.7849 38.12 -122.91 -0.530 -1.147 3.273 0.086 0.074 0.393
2013.8123 38.12 -122.91 -0.370 -0.743 4.170 0.079 0.067 0.363
2013.8397 38.12 -122.91 -0.516 -0.706 3.421 0.080 0.069 0.366
2013.8671 38.12 -122.91 -0.287 -1.094 3.947 0.086 0.073 0.390
2013.8945 38.12 -122.91 -0.268 -1.011 2.578 0.079 0.068 0.363
2013.9219 38.12 -122.91 -0.451 -0.639 0.331 0.071 0.060 0.330
2013.9493 38.12 -122.91 -0.191 -0.298 2.733 0.076 0.064 0.347
2013.9767 38.12 -122.91 -0.301 -0.276 1.537 0.077 0.065 0.353
2014.0041 38.12 -122.91 -0.351 -0.563 2.943 0.074 0.063 0.341
2014.0315 38.12 -122.91 -0.243 -0.125 5.152 0.077 0.065 0.352
2014.1685 38.12 -122.91 0.486 -0.565 2.087 0.081 0.069 0.373
2014.1959 38.12 -122.91 0.609 -0.638 1.346 0.081 0.072 0.375
2014.2233 38.12 -122.91 0.679 -0.451 2.998 0.077 0.068 0.358
2014.2507 38.12 -122.91 0.736 -0.461 1.192 0.071 0.062 0.331
2014.2781 38.12 -122.91 0.772 0.069 -0.021 0.075 0.066 0.349
2014.3055 38.12 -122.91 0.803 0.309 3.328 0.072 0.063 0.337
2014.3329 38.12 -122.91 0.930 -0.145 3.284 0.060 0.051 0.284
2014.3603 38.12 -122.91 0.595 -0.087 3.957 0.068 0.059 0.316
2014.3877 38.12 -122.91 0.515 0.163 3.878 0.068 0.059 0.317
2014.4151 38.12 -122.91 0.399 -0.085 4.432 0.068 0.058 0.315
2014.4425 38.12 -122.91 0.278 -0.147 3.844 0.072 0.062 0.332
2014.4699 38.12 -122.91 0.030 -0.423 2.975 0.071 0.061 0.331
2014.5795 38.12 -122.91 -0.171 -0.411 3.222 0.066 0.050 0.303
2014.6068 38.12 -122.91 -0.471 -0.650 5.103 0.064 0.053 0.296
2014.6342 38.12 -122.91 -0.419 -0.447 2.350 0.058 0.048 0.274
2014.6616 38.12 -122.91 -0.555 -0.818 3.695 0.064 0.054 0.300
2014.6890 38.12 -122.91 -0.450 -0.531 6.104 0.063 0.053 0.293
2014.7164 38.12 -122.91 -0.532 -0.400 4.163 0.061 0.052 0.287
2014.7438 38.12 -122.91 -0.599 -0.279 1.818 0.066 0.057 0.308
2014.7712 38.12 -122.91 -0.695 -0.701 3.400 0.065 0.056 0.305
2014.7986 38.12 -122.91 -0.539 -0.910 3.851 0.059 0.049 0.276
2014.8260 38.12 -122.91 -0.370 -0.848 4.195 0.059 0.049 0.275
2014.8534 38.12 -122.91 -0.448 -0.776 6.196 0.062 0.051 0.289
2014.8808 38.12 -122.91 -0.348 -0.157 1.793 0.062 0.051 0.290
2014.9082 38.12 -122.91 -0.153 -0.067 4.022 0.063 0.052 0.295
2015.0452 38.12 -122.91 0.323 -0.430 3.272 0.049 0.038 0.232
2015.0726 38.12 -122.91 0.189 -0.351 2.994 0.053 0.039 0.243
2015.1000 38.12 -122.91 0.457 0.113 4.794 0.047 0.036 0.225
2015.1274 38.12 -122.91 0.520 -0.184 1.492 0.044 0.034 0.213
2015.1548 38.12 -122.91 0.417 -0.024 3.560 0.051 0.038 0.235
2015.1822 38.12 -122.91 0.426 0.055 1.241 0.048 0.036 0.226
2015.2096 38.12 -122.91 0.401 0.119 3.064 0.063 0.049 0.285
2015.2370 38.12 -122.91 0.500 -0.001 5.146 0.067 0.056 0.309
2015.2644 38.12 -122.91 0.824 0.194 1.980 0.059 0.050 0.279
2015.2918 38.12 -122.91 0.535 -0.910 4.155 0.060 0.050 0.282
2015.3192 38.12 -122.91 0.561 0.206 4.069 0.058 0.048 0.272
2015.3466 38.12 -122.91 0.498 -0.218 5.276 0.062 0.052 0.291
2015.4836 38.12 -122.91 -0.318 -0.468 4.949 0.060 0.042 0.272
2015.5110 38.12 -122.91 -0.086 -0.226 6.658 0.057 0.043 0.264
2015.5384 38.12 -122.91 -0.392 -0.557 5.219 0.062 0.049 0.285
2015.5658 38.12 -122.91 -0.371 -0.824 5.640 0.062 0.051 0.287
2015.5932 38.12 -122.91 -0.560 -1.123 5.777 0.064 0.053 0.296
2015.6205 38.12 -122.91 -0.466 -0.488 5.691 0.062 0.051 0.288
2015.6479 38.12 -122.91 -0.427 -0.574 5.779 0.060 0.050 0.280
2015.6753 38.12 -122.91 -0.619 -0.921 7.062 0.058 0.047 0.271
2015.7027 38.12 -122.91 -0.658 -0.067 5.901 0.063 0.052 0.292
2015.7301 38.12 -122.91 -0.772 -0.590 6.735 0.063 0.052 0.293
2015.9493 38.12 -122.91 -0.186 -0.399 6.694 0.061 0.051 0.286
2015.9767 38.12 -122.91 -0.056 0.051 5.117 0.064 0.054 0.296
2016.0041 38.12 -122.91 0.262 -0.323 5.067 0.058 0.048 0.271
2016.0315 38.12 -122.91 0.395 -0.247 3.168 0.055 0.046 0.259
2016.0589 38.12 -122.91 0.557 -0.005 2.357 0.056 0.047 0.265
2016.0863 38.12 -122.91 0.554 0.344 1.722 0.051 0.043 0.246
2016.1137 38.12 -122.91 0.619 0.341 1.296 0.057 0.047 0.269
2016.1411 38.12 -122.91 0.229 0.617 -0.689 0.067 0.056 0.309
2016.1685 38.12 -122.91 0.371 0.241 0.180 0.072 0.062 0.330
2016.1959 38.12 -122.91 0.851 0.546 -3.765 0.071 0.062 0.328
2016.2233 38.12 -122.91 0.751 0.119 0.510 0.071 0.064 0.333
2016.2507 38.12 -122.91 0.981 -0.312 0.147 0.060 0.049 0.281
2016.3603 38.12 -122.91 0.693 0.368 5.258 0.055 0.047 0.263
2016.3877 38.12 -122.91 1.032 0.068 3.912 0.065 0.055 0.301
2016.4151 38.12 -122.91 1.027 0.236 4.670 0.064 0.053 0.296
2016.4425 38.12 -122.91 0.578 0.032 5.844 0.068 0.058 0.314
2016.4699 38.12 -122.91 0.532 0.115 6.038 0.067 0.057 0.308
