2002.5877 32.70 -103.13 41.06969486207154 9.60665680979175
2002.6151 32.70 -103.13 35.56818242673664 9.34313530394031
2002.6425 32.70 -103.13 22.30392745394337 9.54865909810438
2002.6699 32.70 -103.13 9.04578450116208 7.99796540614869
2002.6973 32.70 -103.13 -2.65718039551090 12.59862639099853
2002.7247 32.70 -103.13 28.51982775668885 9.06938003379620
2002.7521 32.70 -103.13 11.28313502401682 8.31053920617885
2002.7795 32.70 -103.13 9.90593937863665 9.50749693213555
2002.8068 32.70 -103.13 8.32944604171064 8.61943548320927
2002.8342 32.70 -103.13 18.82328077146953 8.45600924901951
2002.8616 32.70 -103.13 21.40506846183372 7.99890905945514
2002.8890 32.70 -103.13 27.81300559827218 8.61033247852375
2002.9164 32.70 -103.13 41.39457310274804 8.88935806443796
2003.0260 32.70 -103.13 29.50009946417757 9.91220101072485
2003.0534 32.70 -103.13 24.50260131507383 17.45990713555570
2003.0808 32.70 -103.13 10.91469070400618 14.35313722017369
2003.1082 32.70 -103.13 23.58381436685181 7.93175557915423
2003.1356 32.70 -103.13 11.26742586697106 7.29064730487189
2003.1630 32.70 -103.13 24.95532510376236 7.95883243466371
2003.1904 32.70 -103.13 -21.14276898690945 9.30057742285956
2003.2178 32.70 -103.13 37.07787005083014 7.86664109360156
2003.2452 32.70 -103.13 21.57235442254674 7.82911561010549
2003.2726 32.70 -103.13 10.28538120339495 7.61800500742771
2003.3000 32.70 -103.13 25.11144436445397 7.48433311917076
2003.3274 32.70 -103.13 18.84181587341196 10.07294886877677
2003.3548 32.70 -103.13 21.73975275670271 11.49294449225253
2003.3822 32.70 -103.13 -14.18907485813838 9.64887529211643
2003.5192 32.70 -103.13 -2.69549640427483 11.25425621834042
2003.5466 32.70 -103.13 -7.24504520375534 12.87688644223220
2003.5740 32.70 -103.13 -7.12253034646603 15.46082999465047
2003.6014 32.70 -103.13 10.66280230344461 12.91581400387432
2003.6288 32.70 -103.13 11.79809539581517 11.83900283999983
2003.6562 32.70 -103.13 -5.46013483476037 12.95605716842697
2003.6836 32.70 -103.13 2.93147236474565 13.04224092559004
2003.7110 32.70 -103.13 3.62972809402064 9.56973286144376
2003.7384 32.70 -103.13 -3.11510202132820 12.18843164794333
2003.7658 32.70 -103.13 12.17354929048081 11.08880732385598
2003.7932 32.70 -103.13 13.59191871511172 12.63879552391360
2003.8205 32.70 -103.13 -1.09295119625197 13.39771154001560
2003.8479 32.70 -103.13 18.41672021292830 11.27047977347346
2003.8753 32.70 -103.13 13.90038046429602 12.48828567473273
2003.9027 32.70 -103.13 -9.17062746747439 10.89807093650955
2003.9301 32.70 -103.13 -8.51598813662470 11.68731949014233
2003.9575 32.70 -103.13 -1.77540170268367 13.64480435641480
2003.9849 32.70 -103.13 11.89254569308414 12.73261318108120
2004.0123 32.70 -103.13 -2.46736350234873 13.67229357864576
2004.0397 32.70 -103.13 7.54029451962909 10.23516590138860
2004.0945 32.70 -103.13 7.09003986243462 9.55539513559534
2004.1219 32.70 -103.13 11.44160457076379 11.17891105336383
2004.1493 32.70 -103.13 -12.10231589539669 13.35399880524476
2004.1767 32.70 -103.13 23.01484451990372 14.74561119603797
2004.2041 32.70 -103.13 2.37583657352217 11.50944551642750
2004.2315 32.70 -103.13 28.13859124940420 11.68344131671019
2004.2589 32.70 -103.13 5.64327019785853 12.02428275002059
2004.2863 32.70 -103.13 4.47412786741171 12.10832090801988
2004.3137 32.70 -103.13 -0.61911225301417 11.42728825046518
2004.3411 32.70 -103.13 6.39511838220643 12.70424436730260
2004.3685 32.70 -103.13 -3.46352239090533 11.90034535477321
2004.3959 32.70 -103.13 -18.17031834453001 10.19865705208738
2004.4233 32.70 -103.13 -44.71608577800421 9.74955988043809
2004.4507 32.70 -103.13 -16.85954564390683 8.73987335029476
2004.4781 32.70 -103.13 -2.57714588974657 9.73699345371664
2004.5055 32.70 -103.13 12.89815492474004 9.43541673899696
2004.5329 32.70 -103.13 -8.38647555299358 8.79361895295426
2004.5603 32.70 -103.13 24.47459707051350 9.14355138180491
2004.5877 32.70 -103.13 21.60590342779741 9.14609284875482
2004.6151 32.70 -103.13 23.10341961480446 10.14958966573702
2004.6425 32.70 -103.13 20.44018585628435 8.42876048047427
2004.6699 32.70 -103.13 6.89652084938199 8.39780299900043
2004.6973 32.70 -103.13 10.40790963695063 7.78643951473698
2004.7247 32.70 -103.13 13.03291071341434 9.12878034777286
2004.7521 32.70 -103.13 30.19539777532082 8.63830295302110
2004.7795 32.70 -103.13 40.77225828685732 8.51300956698814
2004.8068 32.70 -103.13 40.51002298996085 9.64327692796398
2004.8342 32.70 -103.13 44.22180420547685 9.54787879063710
2004.8616 32.70 -103.13 34.08130768438612 8.18243194821401
2004.8890 32.70 -103.13 73.65920524032045 8.23428866760340
2004.9164 32.70 -103.13 61.68880036880319 9.18096407663786
2004.9438 32.70 -103.13 67.57035745022745 9.86068682083372
2004.9712 32.70 -103.13 49.40151694393987 9.35331727258801
2004.9973 32.70 -103.13 58.45073818026528 8.81989123798645
2005.0233 32.70 -103.13 57.24505655776323 10.75456177713307
2005.0507 32.70 -103.13 79.04315430822493 17.04497762380806
2005.0781 32.70 -103.13 40.82581985546695 12.34825629836831
2005.1055 32.70 -103.13 38.09738530022489 12.19047707376652
2005.1329 32.70 -103.13 56.09380748374117 12.50160871202684
2005.1603 32.70 -103.13 59.24313758726807 10.82263993301434
2005.1877 32.70 -103.13 41.56959404046289 10.64990825722280
2005.2151 32.70 -103.13 54.22876204635286 9.75730501124254
2005.2425 32.70 -103.13 46.16166079556606 9.63691206928572
2005.2699 32.70 -103.13 24.43918682072566 10.42463554096640
2005.2973 32.70 -103.13 15.70867235925077 11.09938406313802
2005.3247 32.70 -103.13 23.30273856647380 11.71800481641451
2005.3521 32.70 -103.13 10.91211219375954 4.09295678188179
2005.3795 32.70 -103.13 7.26836040163018 10.85877282236585
2005.4068 32.70 -103.13 13.09837624059108 9.74815688754497
2005.4342 32.70 -103.13 3.44662570800230 11.16745852602955
2005.4616 32.70 -103.13 26.76642857629213 10.26119433453266
2005.4890 32.70 -103.13 30.69090001381353 9.71335502780630
2005.5164 32.70 -103.13 23.85404684509253 9.65181933668391
2005.5438 32.70 -103.13 15.66803666798997 10.71346593055900
2005.5712 32.70 -103.13 24.49438914421382 11.82559554360173
2005.5986 32.70 -103.13 10.02524792522736 12.10545319161699
2005.6260 32.70 -103.13 47.56157714220279 10.52881845429716
2005.6534 32.70 -103.13 50.10707066022741 11.27755787002228
2005.6808 32.70 -103.13 49.18480195904651 10.99822449674087
2005.7082 32.70 -103.13 31.25694328919890 13.80053658526876
2005.7356 32.70 -103.13 50.43389047538815 11.93897896310571
2005.7630 32.70 -103.13 43.60904677754075 11.96036235892621
2005.7904 32.70 -103.13 30.25429969201620 11.02345986872878
2005.8178 32.70 -103.13 38.74390712780534 11.42973171867518
2005.8452 32.70 -103.13 51.56690850687710 12.21839286765006
2005.8726 32.70 -103.13 38.19088387169847 10.49560108922000
2005.9000 32.70 -103.13 24.94842926693396 10.12609767944324
2005.9274 32.70 -103.13 23.71384875095155 9.80291284559868
2005.9548 32.70 -103.13 11.52783414570128 8.35107724198509
2005.9822 32.70 -103.13 35.77591957506803 9.15271832994936
2006.0096 32.70 -103.13 22.13181319470670 10.58773677733941
2006.0370 32.70 -103.13 26.43426109766313 13.75935928100871
2006.0644 32.70 -103.13 28.48778641235872 13.89606921519050
2006.0918 32.70 -103.13 17.31973982366202 14.04235571253475
2006.1192 32.70 -103.13 18.74492247358140 16.48126497034552
2006.1466 32.70 -103.13 15.21788341720452 12.51046009260886
2006.1740 32.70 -103.13 26.59159266957019 14.66814890608852
2006.2014 32.70 -103.13 4.15402024246388 10.83170789542263
2006.2288 32.70 -103.13 13.25259449404825 14.78852316254599
2006.2562 32.70 -103.13 10.32768261168277 13.98689084728308
2006.2836 32.70 -103.13 22.19844821435042 13.52698258004247
2006.3110 32.70 -103.13 8.59302288632666 14.57229588593965
2006.3384 32.70 -103.13 10.68428781641638 13.12224186909338
2006.3658 32.70 -103.13 -5.17368453185791 14.65299110688663
2006.3932 32.70 -103.13 18.88500317004953 14.33448346711728
2006.4205 32.70 -103.13 17.69263326629878 14.25889172089189
2006.4479 32.70 -103.13 -7.76773517523142 15.15729019411837
2006.4753 32.70 -103.13 -10.72197386987803 15.81347633134018
2006.5027 32.70 -103.13 5.34940877932325 16.56307091312575
2006.5301 32.70 -103.13 -7.78989457002819 20.23973280937533
2006.5575 32.70 -103.13 5.93522393567659 15.70546971833747
2006.5849 32.70 -103.13 15.04373180043155 16.21422013613150
2006.6123 32.70 -103.13 1.87459566289915 21.02468187852998
2006.6397 32.70 -103.13 12.08719230576659 17.34806770126649
2006.6671 32.70 -103.13 17.68381908859233 15.38038448928181
2006.6945 32.70 -103.13 31.40271278582756 20.28397942134865
2006.7219 32.70 -103.13 51.52083662246833 18.30869376679200
2006.7493 32.70 -103.13 29.11367210445685 22.39892317193430
2006.7767 32.70 -103.13 26.87499670691269 19.50558895127985
2006.8041 32.70 -103.13 34.95084845406267 15.25191261809660
2006.8315 32.70 -103.13 31.94886407626225 18.21666739521318
2006.8589 32.70 -103.13 10.24804452691603 17.54407299398486
2006.8863 32.70 -103.13 26.80061670740448 16.58723553393986
2006.9137 32.70 -103.13 35.55002343635498 15.84417609625478
2006.9411 32.70 -103.13 27.39767312450428 15.48627921650356
2006.9685 32.70 -103.13 26.20976503942382 15.09056169759801
2006.9959 32.70 -103.13 32.47304232928699 14.61276078858824
2007.0233 32.70 -103.13 24.51213962498756 13.23792468580364
2007.0507 32.70 -103.13 37.42947142782704 14.12034578270409
2007.0781 32.70 -103.13 33.97016752228419 15.12405855962892
2007.1055 32.70 -103.13 32.06621703534425 13.26405287361002
2007.1329 32.70 -103.13 44.23532656473965 14.67468498550660
2007.1603 32.70 -103.13 31.10564141100300 13.96173896198606
2007.1877 32.70 -103.13 41.24725533457320 19.15913602098075
2007.2151 32.70 -103.13 23.26922713500722 16.88872638309326
2007.2425 32.70 -103.13 33.23234125051675 16.16350556821799
2007.2699 32.70 -103.13 42.32323810481007 12.06710565665467
2007.2973 32.70 -103.13 1.80076240889815 11.30221605992452
2007.3247 32.70 -103.13 18.98449377673930 14.54295268190959
2007.3521 32.70 -103.13 36.32712448408549 16.22747636190662
2007.3795 32.70 -103.13 36.12309154734749 17.22312345199019
2007.4068 32.70 -103.13 15.32550698084089 13.80894959648800
2007.4342 32.70 -103.13 -0.11031354188415 13.02772387440768
2007.4616 32.70 -103.13 3.27760080357520 18.17601321704191
2007.4890 32.70 -103.13 3.27109874530938 13.04373095620791
2007.5164 32.70 -103.13 -6.00556082890172 14.06113828926292
2007.5438 32.70 -103.13 4.34962039000911 13.48347644058226
2007.5712 32.70 -103.13 8.39919632459167 13.85774818993060
2007.5986 32.70 -103.13 4.41108456854017 17.46818192134418
2007.6260 32.70 -103.13 18.71069837492865 13.73431886383172
2007.6534 32.70 -103.13 14.78044147914175 14.03232331937202
2007.6808 32.70 -103.13 -11.15355872294046 14.64280584008220
2007.7082 32.70 -103.13 20.59705826910743 9.99198912500915
2007.7356 32.70 -103.13 25.39511969449902 15.02840416016986
2007.7630 32.70 -103.13 25.90559321209749 10.70482868253546
2007.7904 32.70 -103.13 22.48888090247514 15.01414218345983
2007.8178 32.70 -103.13 9.98081695469603 17.74184037400497
2007.8452 32.70 -103.13 16.74135232831264 13.74121182309200
2007.8726 32.70 -103.13 46.14521350454125 16.29499521456144
2007.9000 32.70 -103.13 8.78779034601729 17.17529371948900
2007.9274 32.70 -103.13 18.92751099654217 17.09209697633920
2007.9548 32.70 -103.13 14.35844358810153 12.46121438184966
2007.9822 32.70 -103.13 37.41096963976545 15.80950481360658
2008.0096 32.70 -103.13 16.03791581600870 13.75489117984160
2008.0370 32.70 -103.13 15.90134547975246 14.40128432543075
2008.0644 32.70 -103.13 2.51639786857640 17.00825579978659
2008.0918 32.70 -103.13 20.78560759961339 12.80659812860999
2008.1192 32.70 -103.13 -0.88872556208478 15.68883155783717
2008.1466 32.70 -103.13 6.49940368969444 18.58366285438677
2008.1740 32.70 -103.13 16.05058916932445 16.00930649970925
2008.2014 32.70 -103.13 2.40623977890062 17.65817366920811
2008.2288 32.70 -103.13 37.53158536491364 19.49987459562655
2008.2562 32.70 -103.13 19.05756372925617 18.54433479158974
2008.2836 32.70 -103.13 6.51931673425761 22.37626334931193
2008.3110 32.70 -103.13 5.15875182118413 23.40911528618955
2008.3384 32.70 -103.13 0.36388153460957 17.16258039625326
2008.3658 32.70 -103.13 -6.87694303625702 17.32712501211090
2008.3932 32.70 -103.13 6.63605249990471 15.33629735400104
2008.4205 32.70 -103.13 6.82988625778460 13.36267834839709
2008.4479 32.70 -103.13 8.66936993616178 13.87734323585604
2008.4753 32.70 -103.13 -12.55202247879968 13.29626883501814
2008.5027 32.70 -103.13 28.32921188885000 16.45202707760462
2008.5301 32.70 -103.13 8.79306298860355 20.35364126025189
2008.5575 32.70 -103.13 16.93297333856254 12.71220572086803
2008.5849 32.70 -103.13 8.13779495285439 15.28058464026657
2008.6123 32.70 -103.13 5.17102701594987 12.10278444646138
2008.6397 32.70 -103.13 1.03908170094834 13.55499567346266
2008.6671 32.70 -103.13 -8.61641643714719 12.85597183388125
2008.6945 32.70 -103.13 10.79669172029328 12.38092050179940
2008.7219 32.70 -103.13 6.87887025554861 14.77326984109209
2008.7493 32.70 -103.13 18.93736330750722 13.20946097211396
2008.7767 32.70 -103.13 12.70229004667308 15.94559525487946
2008.8041 32.70 -103.13 24.71012938996274 16.11690830104846
2008.8315 32.70 -103.13 0.65602561405104 18.05279460633487
2008.8589 32.70 -103.13 21.71417281927875 21.15116336750690
2008.8863 32.70 -103.13 9.40283187263605 20.28289839503286
2008.9137 32.70 -103.13 9.80256634287952 19.42435317819617
2008.9411 32.70 -103.13 15.16262490627625 19.98743871053123
2008.9685 32.70 -103.13 13.17552263757433 18.60125239387851
2008.9945 32.70 -103.13 6.39975455915805 15.83348820026390
2009.0205 32.70 -103.13 23.98564893225511 15.76184188866362
2009.0479 32.70 -103.13 0.00046063473802 15.77513091899011
2009.0753 32.70 -103.13 15.89976676366510 14.81607152686660
2009.1027 32.70 -103.13 3.78518761940876 18.91665100364251
2009.1301 32.70 -103.13 -2.18667839464897 14.68905979602917
2009.1575 32.70 -103.13 -1.14218190457053 14.80567102846381
2009.1849 32.70 -103.13 -37.16051481007025 17.79592212979059
2009.2123 32.70 -103.13 4.05003332567001 14.47038448603722
2009.2397 32.70 -103.13 -10.78258512101794 17.00665078165632
2009.2671 32.70 -103.13 -11.17841206880209 14.04580587494202
2009.2945 32.70 -103.13 -4.45312959360120 14.47087070560275
2009.3219 32.70 -103.13 13.24703510786662 15.04756713597355
2009.3493 32.70 -103.13 0.74901268329115 13.64879037112190
2009.3767 32.70 -103.13 -26.12127288826817 14.36876333669487
2009.4041 32.70 -103.13 -16.26890044652885 12.34101904525677
2009.4315 32.70 -103.13 -5.36641307560816 14.65696371819313
2009.4589 32.70 -103.13 -9.69056892557699 11.90491667458787
2009.4863 32.70 -103.13 -25.95244424798789 13.23645518373651
2009.5137 32.70 -103.13 -9.84622217773260 12.34439024746432
2009.5411 32.70 -103.13 -25.86540195904317 15.56726903083086
2009.5685 32.70 -103.13 -7.88776842463009 16.69265611384844
2009.5959 32.70 -103.13 -9.86428061456374 14.43832775547317
2009.6233 32.70 -103.13 -14.94534494856499 15.41214574712829
2009.6507 32.70 -103.13 -2.81013885886420 14.89388075707842
2009.6781 32.70 -103.13 4.57319398667515 16.19925403350102
2009.7055 32.70 -103.13 -8.13937819196787 17.06076919382285
2009.7329 32.70 -103.13 5.72606515330237 16.26301482189633
2009.7603 32.70 -103.13 -18.92760973029032 18.64246871706165
2009.7877 32.70 -103.13 0.53076848699955 17.15251342458669
2009.8151 32.70 -103.13 18.61020342511742 18.67469923753794
2009.8425 32.70 -103.13 12.36283106144374 16.78006874528007
2009.8699 32.70 -103.13 -12.93239119211629 15.93860528251806
2009.8973 32.70 -103.13 -20.32276460145814 14.80788606961561
2009.9247 32.70 -103.13 17.99790746123822 14.25849205188613
2009.9521 32.70 -103.13 9.10307600531406 13.57559583145009
2009.9795 32.70 -103.13 -7.41946217308409 13.95401578711814
2010.0068 32.70 -103.13 -3.11931813975497 18.35586448138494
2010.0342 32.70 -103.13 7.66262630668017 13.80768917327872
2010.0616 32.70 -103.13 -1.82799341277573 14.25972929403510
2010.0890 32.70 -103.13 11.96098970291949 17.65221348172739
2010.1164 32.70 -103.13 14.48688898306327 18.24309575722376
2010.1438 32.70 -103.13 2.85177979408615 17.18845997868274
2010.1712 32.70 -103.13 19.49205763712875 16.39033428961755
2010.1986 32.70 -103.13 2.78388513821527 15.66945762986407
2010.2260 32.70 -103.13 -5.14491885013984 17.20353461456263
2010.2534 32.70 -103.13 2.06202045578215 17.62337804813757
2010.2808 32.70 -103.13 -12.04708296706209 13.18387519425037
2010.3082 32.70 -103.13 11.61656021131381 13.98330255427583
2010.3356 32.70 -103.13 2.42336029522003 12.26111750308899
2010.3630 32.70 -103.13 -38.44041549147097 13.12238676690348
2010.3904 32.70 -103.13 -31.95218429373966 13.07320884774295
2010.4178 32.70 -103.13 -11.28213503560317 14.04479808262705
2010.4452 32.70 -103.13 14.57890024892031 12.18063046248156
2010.4726 32.70 -103.13 -0.36910957196689 10.76448208999323
2010.5000 32.70 -103.13 -16.72633129095770 12.55445935268076
2010.5274 32.70 -103.13 30.14751077008503 21.39018838488273
2010.5548 32.70 -103.13 8.35288454986445 13.15793041379097
2010.5822 32.70 -103.13 22.54117789652102 11.73808342544234
2010.6096 32.70 -103.13 10.79405008369448 15.82887252840542
2010.6370 32.70 -103.13 9.62360414667546 13.86586502529783
2010.6644 32.70 -103.13 2.60117418825208 12.86201086825386
2010.6918 32.70 -103.13 -1.81825523196900 15.94895180949853
2010.7192 32.70 -103.13 16.93830365703084 14.76054571935129
2010.7466 32.70 -103.13 10.65912383637810 17.52716698899205
2010.7740 32.70 -103.13 1.47430963430987 13.56604254955522
2010.8014 32.70 -103.13 18.62889339771019 13.02765225859694
2010.8288 32.70 -103.13 -1.65062507657537 15.18405020430425
2010.8562 32.70 -103.13 4.81925819125860 14.81790297480220
2010.8836 32.70 -103.13 46.27233285039812 13.41997232959554
2010.9110 32.70 -103.13 21.00204621596501 14.99105310466164
2010.9384 32.70 -103.13 15.02925473359746 15.64816741276671
2010.9658 32.70 -103.13 11.22530907283966 17.38135918638056
2010.9932 32.70 -103.13 16.23755561664244 12.26473296547737
2011.1027 32.70 -103.13 15.42845790673369 12.31111524787776
2011.1301 32.70 -103.13 21.28165952697418 20.57976951463602
2011.1575 32.70 -103.13 -14.89185581959486 13.11505407832504
2011.1849 32.70 -103.13 -22.39227950453943 9.94536763047102
2011.2123 32.70 -103.13 4.61389145116991 17.46920813416603
2011.2397 32.70 -103.13 -23.04015080072159 18.41701773511966
2011.2671 32.70 -103.13 10.84737354452486 14.46684702267708
2011.2945 32.70 -103.13 -23.08210671619843 17.29651243506387
2011.3219 32.70 -103.13 -27.52578062654806 16.12448553180831
2011.3493 32.70 -103.13 -11.75805509882750 14.16970939482793
2011.3767 32.70 -103.13 -29.06780216983501 16.97713853677415
2011.4041 32.70 -103.13 -14.13004709552740 14.55080566988619
2011.4315 32.70 -103.13 -24.61981065958963 14.20619916125325
2011.5137 32.70 -103.13 -28.11150798551349 12.94660776654535
2011.5411 32.70 -103.13 -37.57423805882750 14.14301383189900
2011.5685 32.70 -103.13 -15.88610235195349 13.61436714960441
2011.5959 32.70 -103.13 -25.49736762002739 14.80840529098829
2011.6233 32.70 -103.13 -26.98821185317457 14.63484633628557
2011.6507 32.70 -103.13 2.52279259582919 18.00736764507703
2011.6781 32.70 -103.13 -10.01597075265646 16.70752220106069
2011.7055 32.70 -103.13 3.29013119527125 16.82504988879127
2011.7329 32.70 -103.13 -6.81721221825127 19.82323007455457
2011.7603 32.70 -103.13 6.06845183155723 16.77130511714372
2011.7877 32.70 -103.13 -7.20889905100117 18.01368329726644
2011.8151 32.70 -103.13 -17.31762126247792 17.57083278041061
2011.8425 32.70 -103.13 21.29499574077827 19.37839141647568
2011.8699 32.70 -103.13 -7.39506081805085 17.88430156401559
2011.9521 32.70 -103.13 1.76632678482086 10.84149817330601
2011.9795 32.70 -103.13 -31.07091582651987 15.15835106484343
2012.0068 32.70 -103.13 4.19423371851764 13.95191807623803
2012.0342 32.70 -103.13 -16.47970659556714 16.88663311313514
2012.0616 32.70 -103.13 -2.64278851713282 14.55871751998279
2012.0890 32.70 -103.13 10.11623306046856 14.28409311165398
2012.1164 32.70 -103.13 -11.40691683043046 13.89637539842231
2012.1438 32.70 -103.13 -7.50179007060277 14.34757028792607
2012.1712 32.70 -103.13 12.48872270250695 13.49845041309964
2012.1986 32.70 -103.13 -18.26223910178544 12.12460826098552
2012.2260 32.70 -103.13 -10.90671103446563 12.62144838322289
2012.2534 32.70 -103.13 -25.24465209984487 12.23793731656422
2012.2808 32.70 -103.13 -20.51221669046971 11.34805656108793
2012.3082 32.70 -103.13 -36.23311745157969 12.52591706861735
2012.3904 32.70 -103.13 -18.17212576406575 13.25444284228415
2012.4178 32.70 -103.13 -28.33439242299128 10.34070794345767
2012.4452 32.70 -103.13 -10.77525701324915 10.14147650254764
2012.4726 32.70 -103.13 -27.93798644934613 11.04383628240959
2012.5000 32.70 -103.13 -44.58837320415928 10.39170700977336
2012.5274 32.70 -103.13 -39.66691687084376 11.17641113487937
2012.5548 32.70 -103.13 -44.50887185282252 11.16692774988165
2012.5822 32.70 -103.13 -24.74399711148314 11.91320876576228
2012.6096 32.70 -103.13 12.59085339472790 11.90831361479022
2012.6370 32.70 -103.13 -7.54180103680830 10.86564067672253
2012.6644 32.70 -103.13 -8.58916215860126 12.02817562115068
2012.6918 32.70 -103.13 2.19282525643950 12.47651497452506
2012.7192 32.70 -103.13 -1.42328384082788 15.43595113394899
2012.7466 32.70 -103.13 -2.81772677314060 9.99503315532873
2012.8562 32.70 -103.13 34.03109687500215 15.85880162512259
2012.8836 32.70 -103.13 -14.02458844889943 15.02120890793926
2012.9110 32.70 -103.13 -1.10532897049353 14.14402053928898
2012.9384 32.70 -103.13 52.16052000030946 13.17038590961475
2012.9658 32.70 -103.13 -12.99611915984532 15.42464880975010
2012.9918 32.70 -103.13 1.18176582818466 7.11302095460222
2013.0178 32.70 -103.13 19.57660604798541 8.63215624173857
2013.0452 32.70 -103.13 -22.50948244487579 8.53670774034010
2013.0726 32.70 -103.13 -2.71780362994829 7.77523274851857
2013.1000 32.70 -103.13 -6.92194698129778 8.00541376089893
2013.1274 32.70 -103.13 -27.40811114057371 7.29005761835311
2013.1548 32.70 -103.13 -31.29193546822065 6.52933394220640
2013.2644 32.70 -103.13 -62.26205969380093 7.22816999436806
2013.2918 32.70 -103.13 -44.42275748774760 7.55872105476825
2013.3192 32.70 -103.13 -75.34297701941469 8.52997471097324
2013.3466 32.70 -103.13 -77.83345553652129 8.80104683255534
2013.3740 32.70 -103.13 -54.27994801825996 7.37340704643321
2013.4014 32.70 -103.13 -55.00984957460825 7.65194009585435
2013.4288 32.70 -103.13 -34.38456493893868 6.54380646822184
2013.4562 32.70 -103.13 -57.16939591704385 6.64399222970178
2013.4836 32.70 -103.13 -39.10312414903520 6.89216651929135
2013.5110 32.70 -103.13 -24.68832427850158 7.95831557548469
2013.5384 32.70 -103.13 6.25773444842335 7.54688097446926
2013.5658 32.70 -103.13 38.42595744856666 8.09423570565691
2013.7575 32.70 -103.13 -33.11438561213426 7.43770189234158
2013.7849 32.70 -103.13 -33.33311610141353 7.85895124471863
2013.8123 32.70 -103.13 -7.33642463102033 7.12145234008979
2013.8397 32.70 -103.13 -50.78941678911317 7.24654364932179
2013.8671 32.70 -103.13 -12.22720856944054 7.70840185564272
2013.8945 32.70 -103.13 -19.81636723191929 7.19611292532499
2013.9219 32.70 -103.13 -14.47117989421865 6.21940898723702
2013.9493 32.70 -103.13 -7.84806281279230 6.76115631252686
2013.9767 32.70 -103.13 -15.77424746851629 6.71320031696132
2014.0041 32.70 -103.13 -7.48935192957084 6.51698937490109
2014.0315 32.70 -103.13 -35.01851753591766 6.89022808441881
2014.1685 32.70 -103.13 -14.70663552384523 7.21109349092624
2014.1959 32.70 -103.13 -16.14495490101692 7.70073902701051
2014.2233 32.70 -103.13 -45.41024430710341 7.20449439642602
2014.2507 32.70 -103.13 -65.21563284773026 6.51394492657821
2014.2781 32.70 -103.13 -40.17101555245174 6.97906287024220
2014.3055 32.70 -103.13 -21.68118069532349 6.64477931445394
2014.3329 32.70 -103.13 -28.45563559183893 5.21499339052750
2014.3603 32.70 -103.13 -46.78401398325869 6.13497370193697
2014.3877 32.70 -103.13 -81.97798536016775 6.14968611798640
2014.4151 32.70 -103.13 -29.74285571989815 6.05644706322864
2014.4425 32.70 -103.13 -75.38245211407262 6.49623346611339
2014.4699 32.70 -103.13 -89.00676448668838 6.35524537157742
2014.5795 32.70 -103.13 -68.03822496764602 5.02417359102207
2014.6068 32.70 -103.13 -42.31983420230499 5.52670077594906
2014.6342 32.70 -103.13 -73.41892664077110 4.85548485207988
2014.6616 32.70 -103.13 -54.18891391563176 5.64400311888356
2014.6890 32.70 -103.13 -21.76631315659323 5.49618161983918
2014.7164 32.70 -103.13 -14.62070685489261 5.36128951982167
2014.7438 32.70 -103.13 -32.58295250217265 5.96299853581074
2014.7712 32.70 -103.13 -35.22305152071882 5.88867424542090
2014.7986 32.70 -103.13 -38.56708335635096 5.04185103874189
2014.8260 32.70 -103.13 -52.93146879887066 4.98945358862536
2014.8534 32.70 -103.13 -29.05264124436543 5.33761026051127
2014.8808 32.70 -103.13 -39.37696366775550 5.35540089429047
2014.9082 32.70 -103.13 -39.31583229683550 5.48714017073492
2015.0452 32.70 -103.13 -21.05771747681418 3.77459353183180
2015.0726 32.70 -103.13 -48.65062302477498 4.28133142779645
2015.1000 32.70 -103.13 -40.22761555096555 3.65915699914506
2015.1274 32.70 -103.13 -56.16339852247273 3.36655170391359
2015.1548 32.70 -103.13 -58.42150003318023 4.11014501346620
2015.1822 32.70 -103.13 -61.91344689319698 3.77208168946470
2015.2096 32.70 -103.13 -75.38649151065493 5.54434505386692
2015.2370 32.70 -103.13 -56.96160471215237 6.15146907406438
2015.2644 32.70 -103.13 -53.32540067799501 5.28051334684349
2015.2918 32.70 -103.13 -61.89713529868370 5.18238792105092
2015.3192 32.70 -103.13 -69.41041776862171 4.97335912862579
2015.3466 32.70 -103.13 -64.66423900676108 5.47520146989193
2015.4836 32.70 -103.13 -58.06640069405067 4.43738020390714
2015.5110 32.70 -103.13 -51.61540606634263 4.42027683076664
2015.5384 32.70 -103.13 -64.26101392931263 5.01810251611417
2015.5658 32.70 -103.13 -44.57418377714824 5.38185482082671
2015.5932 32.70 -103.13 -52.68758534945940 5.71182578087446
2015.6205 32.70 -103.13 -44.75334918158721 5.37067174338096
2015.6479 32.70 -103.13 -29.01426289324554 5.25353234332318
2015.6753 32.70 -103.13 -32.33887612023590 4.89364063892382
2015.7027 32.70 -103.13 -58.35377194965001 5.59326893503358
2015.7301 32.70 -103.13 -51.00303136669326 5.47661531429053
2015.9493 32.70 -103.13 -14.89047047391507 5.21905335618242
2015.9767 32.70 -103.13 -20.37831202375850 5.79669152785955
2016.0041 32.70 -103.13 -9.27204936603439 5.10420118895960
2016.0315 32.70 -103.13 -24.23181826154186 4.83419313395920
2016.0589 32.70 -103.13 -23.15132534622242 4.93645831153962
2016.0863 32.70 -103.13 -4.68358217656938 4.29522965213679
2016.1137 32.70 -103.13 -10.82377297657020 5.05318932538086
2016.1411 32.70 -103.13 -34.47767439022378 6.28790924828238
2016.1685 32.70 -103.13 -32.21473957880620 6.97975986809819
2016.1959 32.70 -103.13 10.34475086763968 6.90009494305512
2016.2233 32.70 -103.13 -54.84826651974258 7.07384755808952
2016.2507 32.70 -103.13 -34.55681931159454 5.21042418294244
2016.3603 32.70 -103.13 -61.84781930776156 4.89487556287170
2016.3877 32.70 -103.13 -43.92845774105607 6.04700838426558
2016.4151 32.70 -103.13 -73.70675914192704 5.83852805484954
2016.4425 32.70 -103.13 -57.87091388451728 6.44325630555588
2016.4699 32.70 -103.13 -48.80797158650219 6.28866442338146
