2002.5877 36.40 -78.17 -0.142 1.483 3.745 0.113 0.095 0.512
2002.6151 36.40 -78.17 -0.614 1.666 2.882 0.108 0.091 0.489
2002.6425 36.40 -78.17 -0.500 0.913 6.170 0.111 0.093 0.498
2002.6699 36.40 -78.17 -0.890 0.866 4.015 0.096 0.080 0.436
2002.6973 36.40 -78.17 -0.786 0.724 3.930 0.164 0.073 0.616
2002.7247 36.40 -78.17 -1.030 0.247 4.702 0.103 0.087 0.462
2002.7521 36.40 -78.17 -0.952 0.568 2.898 0.095 0.081 0.432
2002.7795 36.40 -78.17 -0.946 0.351 3.258 0.111 0.094 0.502
2002.8068 36.40 -78.17 -0.870 0.366 2.788 0.099 0.083 0.445
2002.8342 36.40 -78.17 -0.977 0.370 -0.088 0.097 0.082 0.439
2002.8616 36.40 -78.17 -0.986 0.487 1.552 0.100 0.073 0.434
2002.8890 36.40 -78.17 -0.764 0.371 -0.612 0.099 0.083 0.444
2002.9164 36.40 -78.17 -0.707 0.276 -0.624 0.106 0.087 0.475
2003.0260 36.40 -78.17 -0.432 0.234 -1.411 0.120 0.099 0.539
2003.0534 36.40 -78.17 -0.564 -0.399 0.992 0.193 0.163 0.857
2003.0808 36.40 -78.17 -0.821 0.354 0.849 0.173 0.139 0.766
2003.1082 36.40 -78.17 -0.250 0.341 -3.132 0.101 0.082 0.457
2003.1356 36.40 -78.17 -0.228 0.062 -2.369 0.094 0.076 0.426
2003.1630 36.40 -78.17 -0.140 -0.461 -2.924 0.100 0.081 0.451
2003.1904 36.40 -78.17 -0.068 -0.094 -2.709 0.117 0.093 0.523
2003.2178 36.40 -78.17 -0.250 -0.405 -3.760 0.098 0.080 0.445
2003.2452 36.40 -78.17 0.061 -0.371 -1.976 0.096 0.080 0.435
2003.2726 36.40 -78.17 -0.382 0.098 -1.833 0.093 0.078 0.425
2003.3000 36.40 -78.17 -0.305 0.089 -2.383 0.091 0.076 0.416
2003.3274 36.40 -78.17 0.186 -0.331 -1.827 0.119 0.100 0.535
2003.3548 36.40 -78.17 0.241 -0.292 -1.455 0.129 0.111 0.583
2003.3822 36.40 -78.17 0.259 -0.488 -0.707 0.119 0.096 0.531
2003.5192 36.40 -78.17 -0.475 -0.108 -2.390 0.123 0.107 0.556
2003.5466 36.40 -78.17 -0.624 0.015 -2.507 0.136 0.120 0.611
2003.5740 36.40 -78.17 -0.767 0.241 -0.350 0.157 0.140 0.707
2003.6014 36.40 -78.17 -0.565 0.191 -1.326 0.136 0.120 0.611
2003.6288 36.40 -78.17 -0.886 0.203 -0.875 0.129 0.112 0.582
2003.6562 36.40 -78.17 -0.938 0.357 -0.513 0.138 0.120 0.621
2003.6836 36.40 -78.17 -0.772 0.457 -0.501 0.136 0.120 0.612
2003.7110 36.40 -78.17 -0.754 0.089 -0.831 0.108 0.092 0.485
2003.7384 36.40 -78.17 -0.852 0.588 -1.057 0.130 0.113 0.581
2003.7658 36.40 -78.17 -1.028 0.341 1.417 0.119 0.103 0.536
2003.7932 36.40 -78.17 -0.775 0.659 -0.758 0.133 0.116 0.595
2003.8205 36.40 -78.17 -0.674 0.541 -4.144 0.144 0.121 0.636
2003.8479 36.40 -78.17 -0.705 0.422 -0.990 0.127 0.103 0.559
2003.8753 36.40 -78.17 -0.448 0.622 -0.654 0.133 0.114 0.591
2003.9027 36.40 -78.17 -0.406 -0.595 -2.960 0.122 0.101 0.541
2003.9301 36.40 -78.17 -0.450 0.184 -3.271 0.127 0.106 0.562
2003.9575 36.40 -78.17 -0.358 0.074 -3.108 0.142 0.121 0.628
2003.9849 36.40 -78.17 -0.039 -0.331 -2.737 0.135 0.114 0.595
2004.0123 36.40 -78.17 -0.092 0.283 -2.051 0.145 0.121 0.637
2004.0397 36.40 -78.17 -0.160 0.543 -3.188 0.123 0.097 0.542
2004.0945 36.40 -78.17 0.203 -0.392 -4.712 0.115 0.091 0.507
2004.1219 36.40 -78.17 -0.055 -0.452 -2.878 0.122 0.099 0.535
2004.1493 36.40 -78.17 -0.218 -0.788 0.279 0.144 0.117 0.626
2004.1767 36.40 -78.17 0.222 -0.639 -1.243 0.153 0.126 0.665
2004.2041 36.40 -78.17 -0.017 -0.062 -1.677 0.125 0.101 0.545
2004.2315 36.40 -78.17 -0.042 -0.184 -0.955 0.127 0.102 0.553
2004.2589 36.40 -78.17 0.057 -0.090 1.574 0.132 0.105 0.570
2004.2863 36.40 -78.17 0.373 -0.514 -2.036 0.132 0.105 0.571
2004.3137 36.40 -78.17 0.389 -0.570 -2.108 0.126 0.099 0.544
2004.3411 36.40 -78.17 0.375 -0.788 -1.297 0.138 0.108 0.593
2004.3685 36.40 -78.17 0.191 -0.515 -0.180 0.133 0.104 0.575
2004.3959 36.40 -78.17 0.557 -0.929 0.768 0.117 0.091 0.509
2004.4233 36.40 -78.17 0.492 -0.524 -1.328 0.113 0.087 0.489
2004.4507 36.40 -78.17 0.318 -0.436 -2.080 0.100 0.077 0.435
2004.4781 36.40 -78.17 0.284 -0.134 -0.064 0.110 0.085 0.476
2004.5055 36.40 -78.17 0.201 -0.405 0.028 0.108 0.083 0.465
2004.5329 36.40 -78.17 0.040 -0.330 -0.016 0.102 0.078 0.442
2004.5603 36.40 -78.17 0.039 -0.107 1.364 0.105 0.080 0.453
2004.5877 36.40 -78.17 0.031 0.037 -1.040 0.106 0.081 0.458
2004.6151 36.40 -78.17 -0.016 0.113 0.175 0.117 0.089 0.503
2004.6425 36.40 -78.17 -0.207 0.300 -0.542 0.100 0.076 0.434
2004.6699 36.40 -78.17 -0.430 0.622 -1.885 0.100 0.077 0.435
2004.6973 36.40 -78.17 -0.303 0.621 -2.848 0.094 0.072 0.411
2004.7247 36.40 -78.17 -0.299 0.078 -2.333 0.107 0.082 0.465
2004.7521 36.40 -78.17 -0.468 0.363 -2.665 0.103 0.079 0.449
2004.7795 36.40 -78.17 -0.800 0.532 -1.053 0.100 0.077 0.435
2004.8068 36.40 -78.17 -0.618 0.452 -2.342 0.111 0.085 0.478
2004.8342 36.40 -78.17 -0.524 0.138 -2.520 0.109 0.084 0.471
2004.8616 36.40 -78.17 -0.524 0.551 -1.414 0.097 0.075 0.423
2004.8890 36.40 -78.17 -0.388 -0.152 -1.065 0.097 0.075 0.422
2004.9164 36.40 -78.17 -0.297 0.017 -2.923 0.105 0.081 0.456
2004.9438 36.40 -78.17 -0.279 -0.231 -2.559 0.117 0.091 0.508
2004.9712 36.40 -78.17 -0.105 -0.245 -3.701 0.105 0.082 0.456
2004.9973 36.40 -78.17 -0.361 -0.148 -3.134 0.102 0.079 0.445
2005.0233 36.40 -78.17 0.098 -0.578 -4.952 0.117 0.093 0.508
2005.0507 36.40 -78.17 -0.105 -0.296 -3.172 0.170 0.140 0.735
2005.0781 36.40 -78.17 -0.055 -0.156 -3.502 0.130 0.105 0.565
2005.1055 36.40 -78.17 -0.098 -0.048 -6.163 0.129 0.105 0.562
2005.1329 36.40 -78.17 -0.020 -0.153 -4.280 0.132 0.108 0.576
2005.1603 36.40 -78.17 0.221 -0.439 -4.894 0.119 0.095 0.518
2005.1877 36.40 -78.17 0.318 -0.323 -2.610 0.120 0.094 0.521
2005.2151 36.40 -78.17 0.138 -0.740 -2.919 0.114 0.089 0.494
2005.2425 36.40 -78.17 0.225 -0.592 -2.852 0.109 0.087 0.479
2005.2699 36.40 -78.17 0.035 -0.681 -3.305 0.116 0.094 0.509
2005.2973 36.40 -78.17 -0.162 -0.540 -2.393 0.123 0.099 0.537
2005.3247 36.40 -78.17 0.051 -0.630 -3.825 0.129 0.104 0.564
2005.3521 36.40 -78.17 0.052 -0.346 -3.658 0.058 0.046 0.272
2005.3795 36.40 -78.17 0.256 -0.673 -2.700 0.121 0.098 0.532
2005.4068 36.40 -78.17 0.225 -0.359 -3.514 0.112 0.090 0.491
2005.4342 36.40 -78.17 -0.031 -0.288 -3.020 0.128 0.103 0.562
2005.4616 36.40 -78.17 0.033 -0.327 -1.194 0.116 0.094 0.511
2005.4890 36.40 -78.17 -0.278 -0.111 0.834 0.110 0.089 0.486
2005.5164 36.40 -78.17 -0.070 -0.269 -0.084 0.110 0.089 0.485
2005.5438 36.40 -78.17 -0.242 0.230 -2.131 0.119 0.098 0.524
2005.5712 36.40 -78.17 -0.343 -0.056 -0.927 0.129 0.107 0.569
2005.5986 36.40 -78.17 -0.640 0.256 -1.237 0.132 0.109 0.581
2005.6260 36.40 -78.17 -0.625 0.303 -0.016 0.117 0.096 0.517
2005.6534 36.40 -78.17 -0.962 0.306 0.704 0.123 0.102 0.544
2005.6808 36.40 -78.17 -0.767 0.318 0.598 0.121 0.101 0.535
2005.7082 36.40 -78.17 -0.840 0.481 2.153 0.145 0.123 0.642
2005.7356 36.40 -78.17 -1.096 0.842 3.062 0.128 0.108 0.568
2005.7630 36.40 -78.17 -0.912 0.871 2.877 0.128 0.109 0.570
2005.7904 36.40 -78.17 -0.750 0.418 0.196 0.121 0.102 0.537
2005.8178 36.40 -78.17 -0.716 0.593 0.650 0.124 0.105 0.550
2005.8452 36.40 -78.17 -0.659 0.730 -0.274 0.133 0.113 0.590
2005.8726 36.40 -78.17 -0.420 0.806 3.321 0.115 0.097 0.513
2005.9000 36.40 -78.17 -0.234 0.581 0.718 0.112 0.095 0.502
2005.9274 36.40 -78.17 -0.397 0.615 -1.639 0.119 0.093 0.521
2005.9548 36.40 -78.17 -0.463 0.697 -2.509 0.116 0.092 0.533
2005.9822 36.40 -78.17 0.134 0.424 -0.640 0.112 0.090 0.500
2006.0096 36.40 -78.17 -0.225 0.219 -0.577 0.121 0.100 0.538
2006.0370 36.40 -78.17 -0.068 0.036 0.181 0.151 0.128 0.671
2006.0644 36.40 -78.17 0.040 0.101 -2.508 0.153 0.130 0.683
2006.0918 36.40 -78.17 0.295 0.188 -1.216 0.152 0.130 0.678
2006.1192 36.40 -78.17 0.303 -0.072 -3.255 0.171 0.149 0.763
2006.1466 36.40 -78.17 0.102 -0.030 -1.171 0.135 0.117 0.606
2006.1740 36.40 -78.17 -0.129 -0.248 -0.877 0.151 0.132 0.676
2006.2014 36.40 -78.17 0.190 0.058 -1.409 0.118 0.102 0.531
2006.2288 36.40 -78.17 0.051 -0.232 -0.751 0.152 0.134 0.681
2006.2562 36.40 -78.17 0.009 -0.225 -0.831 0.142 0.126 0.639
2006.2836 36.40 -78.17 0.215 0.006 -0.824 0.139 0.123 0.627
2006.3110 36.40 -78.17 0.357 -0.300 0.282 0.149 0.132 0.669
2006.3384 36.40 -78.17 0.111 0.040 -0.184 0.135 0.120 0.608
2006.3658 36.40 -78.17 -0.092 0.272 -0.246 0.149 0.133 0.672
2006.3932 36.40 -78.17 0.110 0.333 0.883 0.147 0.131 0.662
2006.4205 36.40 -78.17 0.524 -0.031 0.472 0.148 0.131 0.666
2006.4479 36.40 -78.17 0.180 0.361 0.386 0.163 0.140 0.726
2006.4753 36.40 -78.17 -0.019 0.399 -2.777 0.164 0.146 0.739
2006.5027 36.40 -78.17 -0.200 0.745 -0.028 0.170 0.152 0.767
2006.5301 36.40 -78.17 -0.087 0.322 -1.180 0.201 0.182 0.907
2006.5575 36.40 -78.17 -0.247 0.347 0.917 0.161 0.144 0.726
2006.5849 36.40 -78.17 -0.254 0.651 2.070 0.165 0.148 0.746
2006.6123 36.40 -78.17 -0.483 0.826 3.321 0.202 0.185 0.912
2006.6397 36.40 -78.17 -0.498 0.769 2.542 0.172 0.156 0.776
2006.6671 36.40 -78.17 -0.438 1.007 1.308 0.157 0.141 0.708
2006.6945 36.40 -78.17 -0.865 0.683 1.037 0.199 0.180 0.898
2006.7219 36.40 -78.17 -1.106 0.422 0.155 0.188 0.167 0.845
2006.7493 36.40 -78.17 -0.585 0.792 2.788 0.223 0.200 1.002
2006.7767 36.40 -78.17 -0.551 1.086 0.697 0.194 0.175 0.871
2006.8041 36.40 -78.17 -0.425 0.661 0.644 0.157 0.140 0.706
2006.8315 36.40 -78.17 -0.469 1.191 1.451 0.182 0.163 0.817
2006.8589 36.40 -78.17 -0.525 0.585 -2.748 0.177 0.158 0.796
2006.8863 36.40 -78.17 -0.208 0.440 -1.640 0.170 0.151 0.764
2006.9137 36.40 -78.17 -0.263 0.470 -2.738 0.165 0.146 0.742
2006.9411 36.40 -78.17 -0.319 0.212 -1.685 0.163 0.143 0.730
2006.9685 36.40 -78.17 -0.040 0.099 -2.582 0.163 0.140 0.726
2006.9959 36.40 -78.17 -0.118 0.085 -0.761 0.162 0.137 0.721
2007.0233 36.40 -78.17 0.058 -0.162 -1.624 0.151 0.126 0.671
2007.0507 36.40 -78.17 -0.087 -0.316 -0.691 0.157 0.132 0.699
2007.0781 36.40 -78.17 -0.209 -0.411 -2.314 0.160 0.140 0.720
2007.1055 36.40 -78.17 -0.030 -0.265 0.788 0.144 0.125 0.645
2007.1329 36.40 -78.17 0.218 -0.526 0.712 0.156 0.136 0.701
2007.1603 36.40 -78.17 0.266 -0.576 -0.596 0.149 0.130 0.669
2007.1877 36.40 -78.17 -0.169 -0.103 2.253 0.191 0.172 0.858
2007.2151 36.40 -78.17 0.081 -0.117 -1.201 0.171 0.153 0.767
2007.2425 36.40 -78.17 0.266 -0.096 -1.324 0.164 0.147 0.738
2007.2699 36.40 -78.17 0.380 -0.353 0.528 0.131 0.114 0.592
2007.2973 36.40 -78.17 0.615 -0.305 -0.544 0.124 0.108 0.560
2007.3247 36.40 -78.17 0.584 -0.386 -0.967 0.151 0.134 0.680
2007.3521 36.40 -78.17 0.515 -0.084 0.407 0.165 0.148 0.742
2007.3795 36.40 -78.17 0.183 -0.211 0.720 0.173 0.156 0.778
2007.4068 36.40 -78.17 0.346 -0.245 1.163 0.145 0.128 0.652
2007.4342 36.40 -78.17 0.322 -0.027 1.243 0.138 0.122 0.625
2007.4616 36.40 -78.17 -0.149 -0.104 1.911 0.181 0.163 0.813
2007.4890 36.40 -78.17 0.088 0.150 -0.015 0.140 0.122 0.628
2007.5164 36.40 -78.17 -0.098 0.660 2.992 0.147 0.130 0.662
2007.5438 36.40 -78.17 -0.229 0.437 3.354 0.143 0.126 0.643
2007.5712 36.40 -78.17 -0.001 0.185 3.268 0.147 0.129 0.660
2007.5986 36.40 -78.17 -0.168 0.458 3.530 0.179 0.159 0.804
2007.6260 36.40 -78.17 -0.070 0.616 4.516 0.146 0.128 0.659
2007.6534 36.40 -78.17 -0.422 1.194 3.983 0.149 0.131 0.670
2007.6808 36.40 -78.17 -0.364 0.786 4.996 0.157 0.137 0.703
2007.7082 36.40 -78.17 -0.651 1.073 5.450 0.117 0.098 0.528
2007.7356 36.40 -78.17 -0.599 1.456 4.283 0.161 0.140 0.721
2007.7630 36.40 -78.17 -0.950 1.395 3.513 0.125 0.105 0.561
2007.7904 36.40 -78.17 -0.768 1.195 4.737 0.158 0.139 0.710
2007.8178 36.40 -78.17 -0.685 0.960 3.108 0.181 0.161 0.815
2007.8452 36.40 -78.17 -0.784 1.316 2.910 0.149 0.130 0.669
2007.8726 36.40 -78.17 -0.507 1.192 3.874 0.173 0.152 0.775
2007.9000 36.40 -78.17 -0.330 0.783 5.044 0.184 0.157 0.816
2007.9274 36.40 -78.17 -0.233 0.855 2.265 0.179 0.159 0.805
2007.9548 36.40 -78.17 0.021 0.451 2.833 0.135 0.118 0.609
2007.9822 36.40 -78.17 0.028 0.385 1.321 0.165 0.147 0.745
2008.0096 36.40 -78.17 0.021 0.273 2.328 0.145 0.129 0.655
2008.0370 36.40 -78.17 0.039 0.192 1.736 0.149 0.134 0.674
2008.0644 36.40 -78.17 0.063 0.160 2.462 0.171 0.155 0.774
2008.0918 36.40 -78.17 0.270 -0.003 0.922 0.138 0.122 0.625
2008.1192 36.40 -78.17 0.338 0.315 1.906 0.161 0.145 0.729
2008.1466 36.40 -78.17 0.484 -0.193 0.805 0.187 0.170 0.845
2008.1740 36.40 -78.17 0.674 -0.483 0.469 0.164 0.148 0.741
2008.2014 36.40 -78.17 0.372 -0.068 0.308 0.175 0.159 0.791
2008.2288 36.40 -78.17 0.563 -0.213 -0.754 0.205 0.183 0.925
2008.2562 36.40 -78.17 0.413 0.117 1.731 0.191 0.172 0.862
2008.2836 36.40 -78.17 0.410 -0.554 -0.752 0.229 0.206 1.033
2008.3110 36.40 -78.17 0.264 -0.216 0.463 0.236 0.214 1.065
2008.3384 36.40 -78.17 0.508 -0.115 -0.309 0.175 0.158 0.790
2008.3658 36.40 -78.17 0.682 -0.175 -0.692 0.179 0.160 0.807
2008.3932 36.40 -78.17 0.515 -0.488 -0.315 0.164 0.144 0.737
2008.4205 36.40 -78.17 0.434 -0.409 2.227 0.143 0.125 0.645
2008.4479 36.40 -78.17 0.554 -0.355 3.268 0.145 0.128 0.653
2008.4753 36.40 -78.17 0.799 -0.088 4.392 0.141 0.124 0.635
2008.5027 36.40 -78.17 0.416 0.125 3.293 0.173 0.151 0.773
2008.5301 36.40 -78.17 0.278 0.354 3.609 0.214 0.188 0.958
2008.5575 36.40 -78.17 0.230 0.314 4.049 0.141 0.120 0.629
2008.5849 36.40 -78.17 0.214 0.334 4.103 0.158 0.139 0.707
2008.6123 36.40 -78.17 0.095 0.696 3.303 0.133 0.114 0.595
2008.6397 36.40 -78.17 -0.296 0.346 2.548 0.145 0.126 0.650
2008.6671 36.40 -78.17 -0.611 0.482 2.971 0.139 0.120 0.624
2008.6945 36.40 -78.17 -0.628 0.619 1.676 0.135 0.116 0.605
2008.7219 36.40 -78.17 -0.629 0.384 2.474 0.154 0.136 0.692
2008.7493 36.40 -78.17 -0.857 0.756 2.245 0.140 0.123 0.629
2008.7767 36.40 -78.17 -0.692 0.804 4.234 0.162 0.145 0.730
2008.8041 36.40 -78.17 -0.795 0.538 1.903 0.163 0.147 0.735
2008.8315 36.40 -78.17 -0.731 0.712 2.017 0.185 0.165 0.831
2008.8589 36.40 -78.17 -0.701 0.934 2.077 0.215 0.194 0.969
2008.8863 36.40 -78.17 -0.568 0.744 1.118 0.206 0.186 0.930
2008.9137 36.40 -78.17 -0.560 0.664 0.457 0.196 0.178 0.886
2008.9411 36.40 -78.17 -0.380 0.482 1.024 0.206 0.185 0.929
2008.9685 36.40 -78.17 -0.289 0.252 0.473 0.193 0.173 0.869
2008.9945 36.40 -78.17 0.330 -0.060 0.784 0.163 0.147 0.737
2009.0205 36.40 -78.17 0.421 -0.041 2.533 0.160 0.145 0.725
2009.0479 36.40 -78.17 0.284 0.629 0.518 0.160 0.145 0.726
2009.0753 36.40 -78.17 0.381 -0.175 0.013 0.154 0.139 0.698
2009.1027 36.40 -78.17 0.565 0.136 0.155 0.191 0.174 0.865
2009.1301 36.40 -78.17 0.540 -0.075 -1.663 0.153 0.137 0.692
2009.1575 36.40 -78.17 0.247 -0.003 -0.361 0.156 0.139 0.705
2009.1849 36.40 -78.17 0.200 -0.123 2.005 0.177 0.162 0.804
2009.2123 36.40 -78.17 0.229 -0.261 0.715 0.154 0.135 0.694
2009.2397 36.40 -78.17 0.374 -0.382 -0.298 0.173 0.157 0.784
2009.2671 36.40 -78.17 0.333 -0.853 0.392 0.145 0.131 0.658
2009.2945 36.40 -78.17 0.387 -0.725 0.259 0.149 0.134 0.673
2009.3219 36.40 -78.17 0.454 -0.501 2.337 0.155 0.139 0.703
2009.3493 36.40 -78.17 0.654 -0.876 0.722 0.143 0.127 0.646
2009.3767 36.40 -78.17 0.758 -1.101 1.878 0.150 0.133 0.678
2009.4041 36.40 -78.17 0.575 -0.693 1.368 0.133 0.117 0.601
2009.4315 36.40 -78.17 0.549 -0.474 2.306 0.152 0.135 0.685
2009.4589 36.40 -78.17 0.705 -0.043 1.449 0.130 0.113 0.584
2009.4863 36.40 -78.17 0.811 0.034 -0.436 0.143 0.124 0.641
2009.5137 36.40 -78.17 0.189 0.148 -0.119 0.138 0.116 0.616
2009.5411 36.40 -78.17 0.326 0.070 0.652 0.168 0.146 0.754
2009.5685 36.40 -78.17 0.261 -0.101 0.608 0.181 0.156 0.811
2009.5959 36.40 -78.17 0.101 -0.054 0.168 0.159 0.136 0.712
2009.6233 36.40 -78.17 -0.063 0.552 0.365 0.164 0.143 0.735
2009.6507 36.40 -78.17 -0.078 0.047 1.212 0.158 0.138 0.709
2009.6781 36.40 -78.17 -0.371 0.493 1.628 0.168 0.149 0.757
2009.7055 36.40 -78.17 -0.409 0.833 1.689 0.174 0.155 0.783
2009.7329 36.40 -78.17 -0.736 0.539 2.138 0.168 0.149 0.757
2009.7603 36.40 -78.17 -0.513 0.649 1.476 0.192 0.171 0.862
2009.7877 36.40 -78.17 -0.478 0.421 2.386 0.177 0.158 0.796
2009.8151 36.40 -78.17 -0.716 0.172 2.329 0.189 0.170 0.852
2009.8425 36.40 -78.17 -0.458 0.416 -1.625 0.172 0.154 0.776
2009.8699 36.40 -78.17 -0.337 0.186 -1.260 0.165 0.147 0.743
2009.8973 36.40 -78.17 -0.225 0.230 -0.087 0.154 0.137 0.696
2009.9247 36.40 -78.17 -0.283 0.137 -3.195 0.155 0.134 0.697
2009.9521 36.40 -78.17 -0.013 -0.617 -1.593 0.144 0.128 0.653
2009.9795 36.40 -78.17 -0.210 -0.293 -3.254 0.149 0.131 0.671
2010.0068 36.40 -78.17 -0.005 -0.912 -3.334 0.186 0.168 0.842
2010.0342 36.40 -78.17 0.275 -0.487 -0.304 0.147 0.130 0.662
2010.0616 36.40 -78.17 0.452 -0.563 -1.917 0.150 0.133 0.678
2010.0890 36.40 -78.17 0.267 -0.795 -3.846 0.178 0.161 0.805
2010.1164 36.40 -78.17 0.345 -0.789 -4.155 0.184 0.166 0.831
2010.1438 36.40 -78.17 0.388 -0.962 -2.772 0.178 0.159 0.803
2010.1712 36.40 -78.17 0.405 -0.873 -3.091 0.170 0.152 0.768
2010.1986 36.40 -78.17 0.571 -0.566 -3.733 0.163 0.145 0.736
2010.2260 36.40 -78.17 0.218 -0.855 -1.896 0.179 0.159 0.803
2010.2534 36.40 -78.17 0.505 -1.073 -2.898 0.185 0.163 0.829
2010.2808 36.40 -78.17 -0.060 -0.630 -1.086 0.143 0.124 0.643
2010.3082 36.40 -78.17 0.303 -0.858 2.035 0.150 0.131 0.672
2010.3356 36.40 -78.17 0.249 -0.654 1.809 0.138 0.117 0.618
2010.3630 36.40 -78.17 0.513 -0.479 1.645 0.146 0.124 0.655
2010.3904 36.40 -78.17 0.639 -0.561 -0.579 0.152 0.121 0.666
2010.4178 36.40 -78.17 0.426 -0.506 -1.905 0.156 0.132 0.695
2010.4452 36.40 -78.17 0.190 -0.592 -0.613 0.138 0.118 0.621
2010.4726 36.40 -78.17 0.454 0.024 1.168 0.125 0.105 0.563
2010.5000 36.40 -78.17 0.313 0.086 2.831 0.140 0.120 0.629
2010.5274 36.40 -78.17 -0.042 0.106 2.562 0.213 0.192 0.958
2010.5548 36.40 -78.17 0.096 -0.354 1.507 0.138 0.122 0.624
2010.5822 36.40 -78.17 0.045 -0.380 1.066 0.126 0.110 0.567
2010.6096 36.40 -78.17 -0.453 0.062 0.253 0.160 0.144 0.721
2010.6370 36.40 -78.17 -0.396 -0.214 0.034 0.144 0.128 0.648
2010.6644 36.40 -78.17 -0.586 0.495 0.917 0.135 0.120 0.610
2010.6918 36.40 -78.17 -0.546 0.545 1.754 0.160 0.145 0.724
2010.7192 36.40 -78.17 -0.494 0.759 2.258 0.150 0.134 0.676
2010.7466 36.40 -78.17 -0.693 0.508 0.066 0.172 0.156 0.777
2010.7740 36.40 -78.17 -0.582 0.195 1.760 0.143 0.127 0.645
2010.8014 36.40 -78.17 -0.420 0.452 3.283 0.136 0.121 0.613
2010.8288 36.40 -78.17 -0.207 0.401 1.197 0.154 0.138 0.693
2010.8562 36.40 -78.17 -0.394 0.328 1.819 0.151 0.135 0.682
2010.8836 36.40 -78.17 -0.620 0.434 0.795 0.141 0.125 0.638
2010.9110 36.40 -78.17 -0.308 -0.028 0.310 0.153 0.137 0.691
2010.9384 36.40 -78.17 -0.155 -0.281 -0.976 0.159 0.142 0.716
2010.9658 36.40 -78.17 0.226 -0.125 0.460 0.174 0.156 0.782
2010.9932 36.40 -78.17 0.008 -0.431 -0.564 0.155 0.099 0.636
2011.1027 36.40 -78.17 0.212 -0.271 -1.157 0.150 0.117 0.657
2011.1301 36.40 -78.17 0.073 0.447 -2.268 0.208 0.185 0.932
2011.1575 36.40 -78.17 0.385 -0.245 1.312 0.143 0.123 0.640
2011.1849 36.40 -78.17 0.102 -0.122 -4.180 0.116 0.097 0.522
2011.2123 36.40 -78.17 0.547 -0.409 -1.055 0.177 0.158 0.796
2011.2397 36.40 -78.17 1.061 -0.562 0.414 0.184 0.164 0.824
2011.2671 36.40 -78.17 0.989 -0.364 -0.248 0.150 0.133 0.676
2011.2945 36.40 -78.17 0.784 -0.504 -2.717 0.173 0.155 0.777
2011.3219 36.40 -78.17 0.731 -0.540 -0.084 0.162 0.146 0.731
2011.3493 36.40 -78.17 0.686 -0.471 1.437 0.147 0.131 0.663
2011.3767 36.40 -78.17 0.806 -0.269 -0.190 0.170 0.153 0.765
2011.4041 36.40 -78.17 0.573 -1.072 -0.660 0.152 0.134 0.683
2011.4315 36.40 -78.17 0.748 -0.530 1.753 0.162 0.130 0.710
2011.5137 36.40 -78.17 0.608 -0.643 1.564 0.145 0.122 0.644
2011.5411 36.40 -78.17 0.088 -0.297 2.621 0.149 0.131 0.671
2011.5685 36.40 -78.17 0.137 -0.159 4.021 0.147 0.127 0.660
2011.5959 36.40 -78.17 0.130 -0.139 2.981 0.157 0.137 0.701
2011.6233 36.40 -78.17 -0.122 -0.125 3.247 0.158 0.136 0.705
2011.6507 36.40 -78.17 -0.019 0.155 4.689 0.182 0.161 0.816
2011.6781 36.40 -78.17 -0.041 0.680 1.107 0.169 0.150 0.759
2011.7055 36.40 -78.17 0.103 0.699 1.701 0.169 0.151 0.759
2011.7329 36.40 -78.17 0.084 0.737 1.756 0.194 0.175 0.870
2011.7603 36.40 -78.17 0.292 0.605 1.635 0.167 0.150 0.753
2011.7877 36.40 -78.17 0.005 0.754 2.785 0.177 0.160 0.798
2011.8151 36.40 -78.17 0.379 0.501 3.354 0.175 0.156 0.784
2011.8425 36.40 -78.17 0.180 0.443 1.217 0.188 0.170 0.843
2011.8699 36.40 -78.17 0.242 0.452 2.126 0.186 0.160 0.823
2011.9521 36.40 -78.17 0.372 0.276 -2.331 0.133 0.095 0.567
2011.9795 36.40 -78.17 0.484 0.362 -1.745 0.154 0.134 0.687
2012.0068 36.40 -78.17 0.473 0.150 -0.578 0.144 0.124 0.640
2012.0342 36.40 -78.17 0.377 0.315 -1.976 0.171 0.147 0.755
2012.0616 36.40 -78.17 0.442 -0.160 -0.304 0.150 0.127 0.665
2012.0890 36.40 -78.17 0.728 0.120 -0.903 0.149 0.125 0.657
2012.1164 36.40 -78.17 0.519 -0.507 -2.444 0.147 0.122 0.643
2012.1438 36.40 -78.17 0.415 -0.083 -0.809 0.152 0.124 0.666
2012.1712 36.40 -78.17 0.520 -0.209 -1.826 0.147 0.119 0.640
2012.1986 36.40 -78.17 0.456 -0.374 -1.739 0.134 0.106 0.584
2012.2260 36.40 -78.17 0.431 -0.280 -1.098 0.135 0.110 0.588
2012.2534 36.40 -78.17 0.703 0.171 -1.626 0.132 0.106 0.573
2012.2808 36.40 -78.17 0.292 0.025 -0.371 0.123 0.098 0.537
2012.3082 36.40 -78.17 0.370 -0.078 0.757 0.157 0.097 0.641
2012.3904 36.40 -78.17 0.161 0.463 1.031 0.156 0.118 0.674
2012.4178 36.40 -78.17 0.354 0.063 1.184 0.113 0.090 0.494
2012.4452 36.40 -78.17 0.793 -0.068 1.583 0.113 0.089 0.491
2012.4726 36.40 -78.17 0.154 0.092 1.085 0.121 0.096 0.527
2012.5000 36.40 -78.17 0.225 0.163 2.306 0.116 0.091 0.505
2012.5274 36.40 -78.17 0.147 0.368 2.008 0.122 0.097 0.531
2012.5548 36.40 -78.17 0.041 0.157 1.652 0.122 0.098 0.530
2012.5822 36.40 -78.17 -0.106 0.464 0.859 0.128 0.103 0.560
2012.6096 36.40 -78.17 -0.032 0.374 2.957 0.126 0.103 0.551
2012.6370 36.40 -78.17 -0.264 0.666 2.961 0.117 0.096 0.512
2012.6644 36.40 -78.17 -0.515 0.563 1.369 0.127 0.105 0.557
2012.6918 36.40 -78.17 -0.488 0.378 3.146 0.130 0.109 0.573
2012.7192 36.40 -78.17 -0.780 0.848 2.788 0.153 0.133 0.679
2012.7466 36.40 -78.17 -0.495 0.628 2.428 0.123 0.087 0.518
2012.8562 36.40 -78.17 -0.476 0.893 2.667 0.161 0.139 0.713
2012.8836 36.40 -78.17 -0.270 1.164 1.441 0.148 0.133 0.667
2012.9110 36.40 -78.17 -0.073 0.950 3.376 0.141 0.126 0.634
2012.9384 36.40 -78.17 -0.168 0.818 2.576 0.139 0.120 0.620
2012.9658 36.40 -78.17 -0.007 0.320 1.870 0.151 0.136 0.680
2012.9918 36.40 -78.17 0.255 0.239 -1.042 0.077 0.067 0.353
2013.0178 36.40 -78.17 0.227 -0.054 3.414 0.090 0.079 0.408
2013.0452 36.40 -78.17 0.269 0.108 1.372 0.089 0.079 0.407
2013.0726 36.40 -78.17 0.389 -0.077 -0.613 0.083 0.073 0.377
2013.1000 36.40 -78.17 0.522 -0.340 0.645 0.085 0.074 0.387
2013.1274 36.40 -78.17 0.589 -0.116 -1.310 0.079 0.069 0.362
2013.1548 36.40 -78.17 0.387 -0.035 1.047 0.078 0.062 0.348
2013.2644 36.40 -78.17 0.429 -0.497 -0.194 0.096 0.045 0.370
2013.2918 36.40 -78.17 0.611 -0.176 -0.581 0.081 0.071 0.371
2013.3192 36.40 -78.17 0.280 -0.436 -0.155 0.089 0.079 0.406
2013.3466 36.40 -78.17 0.262 -0.695 -3.602 0.091 0.081 0.416
2013.3740 36.40 -78.17 0.447 -0.425 -0.122 0.079 0.070 0.362
2013.4014 36.40 -78.17 0.299 -0.952 -2.267 0.081 0.072 0.372
2013.4288 36.40 -78.17 0.517 -0.291 -1.122 0.072 0.063 0.334
2013.4562 36.40 -78.17 0.559 -0.403 -2.747 0.074 0.064 0.339
2013.4836 36.40 -78.17 0.505 -0.182 -2.167 0.075 0.066 0.346
2013.5110 36.40 -78.17 0.439 -0.952 -4.350 0.084 0.074 0.384
2013.5384 36.40 -78.17 0.656 -0.355 -2.157 0.084 0.071 0.378
2013.5658 36.40 -78.17 0.468 -0.485 -2.229 0.086 0.076 0.394
2013.7575 36.40 -78.17 -0.615 0.120 -0.718 0.084 0.070 0.379
2013.7849 36.40 -78.17 -0.478 0.477 1.803 0.086 0.073 0.389
2013.8123 36.40 -78.17 -0.543 0.288 -0.316 0.079 0.067 0.358
2013.8397 36.40 -78.17 -0.213 0.359 -0.948 0.080 0.068 0.361
2013.8671 36.40 -78.17 -0.214 0.068 0.527 0.086 0.072 0.385
2013.8945 36.40 -78.17 -0.238 -0.361 0.204 0.079 0.067 0.358
2013.9219 36.40 -78.17 -0.049 -0.370 -0.847 0.071 0.060 0.325
2013.9493 36.40 -78.17 0.052 -0.354 -2.462 0.075 0.063 0.342
2013.9767 36.40 -78.17 0.218 -0.083 -1.950 0.077 0.064 0.347
2014.0041 36.40 -78.17 0.339 -0.086 -3.077 0.074 0.062 0.336
2014.0315 36.40 -78.17 0.142 -0.617 -3.829 0.077 0.064 0.346
2014.1685 36.40 -78.17 0.366 -0.394 -1.418 0.081 0.068 0.367
2014.1959 36.40 -78.17 0.152 -0.799 -2.556 0.081 0.071 0.370
2014.2233 36.40 -78.17 0.340 -0.688 -3.208 0.077 0.067 0.354
2014.2507 36.40 -78.17 0.344 -0.563 -3.302 0.071 0.062 0.327
2014.2781 36.40 -78.17 0.429 -0.969 -2.386 0.075 0.066 0.345
2014.3055 36.40 -78.17 0.462 -0.969 -2.641 0.072 0.063 0.332
2014.3329 36.40 -78.17 0.603 -0.949 -3.758 0.060 0.051 0.279
2014.3603 36.40 -78.17 0.578 -1.179 -3.667 0.068 0.058 0.312
2014.3877 36.40 -78.17 0.657 -0.984 0.573 0.068 0.059 0.312
2014.4151 36.40 -78.17 0.499 -1.406 -1.729 0.067 0.058 0.311
2014.4425 36.40 -78.17 0.603 -0.776 -0.421 0.071 0.061 0.328
2014.4699 36.40 -78.17 0.452 -0.745 -0.814 0.071 0.061 0.326
2014.5795 36.40 -78.17 0.016 -0.125 1.227 0.066 0.050 0.297
2014.6068 36.40 -78.17 -0.023 -0.417 0.226 0.064 0.053 0.291
2014.6342 36.40 -78.17 0.115 -0.039 0.466 0.058 0.048 0.269
2014.6616 36.40 -78.17 -0.111 -0.139 0.300 0.064 0.054 0.294
2014.6890 36.40 -78.17 -0.273 -0.105 -1.501 0.062 0.053 0.287
2014.7164 36.40 -78.17 -0.299 -0.049 0.970 0.061 0.052 0.282
2014.7438 36.40 -78.17 -0.197 0.161 1.748 0.066 0.056 0.303
2014.7712 36.40 -78.17 -0.087 0.445 2.630 0.065 0.055 0.299
2014.7986 36.40 -78.17 -0.180 -0.210 0.128 0.059 0.049 0.271
2014.8260 36.40 -78.17 -0.115 0.159 1.203 0.059 0.048 0.270
2014.8534 36.40 -78.17 -0.144 -0.081 -0.576 0.062 0.051 0.284
2014.8808 36.40 -78.17 0.008 -0.292 -0.297 0.062 0.051 0.284
2014.9082 36.40 -78.17 0.030 -0.063 -0.893 0.063 0.052 0.289
2015.0452 36.40 -78.17 0.237 -0.352 -1.774 0.049 0.037 0.226
2015.0726 36.40 -78.17 0.229 -0.400 -0.913 0.053 0.039 0.238
2015.1000 36.40 -78.17 0.366 -0.341 -1.114 0.047 0.036 0.219
2015.1274 36.40 -78.17 0.180 -0.082 -1.941 0.044 0.034 0.206
2015.1548 36.40 -78.17 0.323 -0.479 -2.138 0.051 0.037 0.230
2015.1822 36.40 -78.17 0.346 -0.978 -0.920 0.048 0.036 0.220
2015.2096 36.40 -78.17 0.280 -0.764 -3.824 0.063 0.049 0.279
2015.2370 36.40 -78.17 0.735 -0.575 0.118 0.067 0.055 0.305
2015.2644 36.40 -78.17 0.834 -0.069 0.875 0.059 0.050 0.273
2015.2918 36.40 -78.17 0.422 -1.226 -1.222 0.060 0.050 0.276
2015.3192 36.40 -78.17 0.580 -0.546 -0.483 0.058 0.048 0.267
2015.3466 36.40 -78.17 0.334 -0.473 1.394 0.062 0.052 0.286
2015.4836 36.40 -78.17 0.850 -0.443 -0.586 0.059 0.042 0.264
2015.5110 36.40 -78.17 0.923 -0.725 0.467 0.057 0.043 0.258
2015.5384 36.40 -78.17 0.877 -0.715 2.195 0.062 0.048 0.280
2015.5658 36.40 -78.17 0.635 -0.329 3.052 0.062 0.051 0.281
2015.5932 36.40 -78.17 0.143 0.197 1.060 0.064 0.053 0.290
2015.6205 36.40 -78.17 0.235 0.314 2.030 0.062 0.051 0.282
2015.6479 36.40 -78.17 0.004 -0.169 2.262 0.060 0.049 0.274
2015.6753 36.40 -78.17 -0.368 -0.046 2.956 0.058 0.047 0.266
2015.7027 36.40 -78.17 -0.135 0.275 5.855 0.063 0.052 0.286
2015.7301 36.40 -78.17 -0.637 0.407 4.283 0.063 0.051 0.287
2015.9493 36.40 -78.17 -0.062 -0.101 -5.774 0.061 0.051 0.281
2015.9767 36.40 -78.17 -0.098 -0.178 -2.024 0.064 0.053 0.290
2016.0041 36.40 -78.17 0.137 -1.106 -3.924 0.058 0.048 0.266
2016.0315 36.40 -78.17 0.220 -0.302 -3.458 0.055 0.045 0.254
2016.0589 36.40 -78.17 0.332 -0.322 -5.024 0.056 0.046 0.260
2016.0863 36.40 -78.17 0.227 -0.795 -1.058 0.051 0.043 0.240
2016.1137 36.40 -78.17 0.154 -0.837 -2.783 0.057 0.047 0.263
2016.1411 36.40 -78.17 0.257 -0.380 -4.007 0.067 0.056 0.303
2016.1685 36.40 -78.17 0.273 -1.140 3.114 0.072 0.061 0.325
2016.1959 36.40 -78.17 0.395 -0.773 -0.298 0.071 0.062 0.323
2016.2233 36.40 -78.17 0.476 -0.355 0.496 0.071 0.064 0.329
2016.2507 36.40 -78.17 0.734 -0.590 0.319 0.060 0.049 0.275
2016.3603 36.40 -78.17 0.440 -0.342 0.809 0.055 0.047 0.258
2016.3877 36.40 -78.17 0.848 -0.295 -1.357 0.065 0.055 0.296
2016.4151 36.40 -78.17 0.769 -0.819 1.789 0.064 0.053 0.291
2016.4425 36.40 -78.17 0.359 -1.043 1.427 0.068 0.058 0.309
2016.4699 36.40 -78.17 0.419 -0.316 1.288 0.067 0.056 0.303
