2002.5877 -9.30 14.91 -0.438 0.144 4.504 0.108 0.071 0.455
2002.6151 -9.30 14.91 -0.126 0.183 2.247 0.103 0.069 0.436
2002.6425 -9.30 14.91 -0.253 -0.993 6.802 0.106 0.071 0.446
2002.6699 -9.30 14.91 -0.281 -0.512 4.196 0.091 0.060 0.388
2002.6973 -9.30 14.91 -0.172 -1.033 8.082 0.149 0.065 0.564
2002.7247 -9.30 14.91 -0.216 -1.083 7.318 0.098 0.068 0.418
2002.7521 -9.30 14.91 0.173 -0.867 4.850 0.091 0.063 0.390
2002.7795 -9.30 14.91 0.117 -1.232 2.825 0.106 0.071 0.446
2002.8068 -9.30 14.91 0.280 -0.683 2.622 0.094 0.064 0.401
2002.8342 -9.30 14.91 0.575 -0.465 2.261 0.093 0.063 0.396
2002.8616 -9.30 14.91 0.699 -0.573 3.809 0.094 0.056 0.391
2002.8890 -9.30 14.91 0.662 -0.248 3.140 0.094 0.064 0.401
2002.9164 -9.30 14.91 1.009 0.123 -0.447 0.100 0.065 0.423
2003.0260 -9.30 14.91 0.119 0.686 1.751 0.114 0.072 0.475
2003.0534 -9.30 14.91 -0.259 1.196 5.269 0.185 0.123 0.761
2003.0808 -9.30 14.91 -1.557 1.041 -1.072 0.164 0.101 0.672
2003.1082 -9.30 14.91 -0.504 1.088 0.259 0.096 0.059 0.403
2003.1356 -9.30 14.91 -0.529 0.819 -0.750 0.089 0.055 0.377
2003.1630 -9.30 14.91 -0.753 0.924 -1.442 0.094 0.059 0.398
2003.1904 -9.30 14.91 -0.641 1.567 -0.466 0.111 0.067 0.459
2003.2178 -9.30 14.91 -0.811 1.058 -1.676 0.093 0.059 0.394
2003.2452 -9.30 14.91 -0.582 1.614 -1.120 0.091 0.059 0.386
2003.2726 -9.30 14.91 -0.395 1.557 -0.628 0.089 0.057 0.377
2003.3000 -9.30 14.91 -0.451 1.270 -3.072 0.087 0.056 0.370
2003.3274 -9.30 14.91 -0.482 1.334 0.380 0.113 0.074 0.474
2003.3548 -9.30 14.91 -0.267 1.321 1.253 0.124 0.083 0.518
2003.3822 -9.30 14.91 -0.235 1.368 0.388 0.113 0.070 0.469
2003.5192 -9.30 14.91 0.161 0.308 3.159 0.118 0.082 0.497
2003.5466 -9.30 14.91 0.058 -0.074 3.601 0.131 0.093 0.550
2003.5740 -9.30 14.91 0.022 -0.486 2.802 0.152 0.111 0.640
2003.6014 -9.30 14.91 -0.207 -0.695 3.361 0.131 0.093 0.550
2003.6288 -9.30 14.91 0.057 -0.821 4.327 0.124 0.086 0.521
2003.6562 -9.30 14.91 0.115 -0.671 3.865 0.133 0.093 0.558
2003.6836 -9.30 14.91 0.055 -0.847 5.334 0.131 0.094 0.553
2003.7110 -9.30 14.91 0.327 -1.003 5.471 0.103 0.070 0.435
2003.7384 -9.30 14.91 0.411 -1.278 5.555 0.125 0.088 0.524
2003.7658 -9.30 14.91 0.507 -1.069 5.026 0.115 0.080 0.483
2003.7932 -9.30 14.91 0.381 -1.003 4.828 0.128 0.091 0.538
2003.8205 -9.30 14.91 0.501 -1.119 3.112 0.138 0.095 0.574
2003.8479 -9.30 14.91 0.404 -1.055 5.370 0.121 0.080 0.503
2003.8753 -9.30 14.91 0.697 -0.915 3.175 0.128 0.089 0.534
2003.9027 -9.30 14.91 0.755 -0.772 1.766 0.117 0.078 0.487
2003.9301 -9.30 14.91 0.892 -0.120 1.816 0.122 0.084 0.509
2003.9575 -9.30 14.91 0.717 0.097 0.924 0.136 0.098 0.574
2003.9849 -9.30 14.91 0.578 0.439 0.465 0.129 0.091 0.543
2004.0123 -9.30 14.91 0.256 0.502 -0.074 0.139 0.098 0.581
2004.0397 -9.30 14.91 0.198 0.228 -1.631 0.117 0.073 0.483
2004.0945 -9.30 14.91 -0.194 0.894 -0.513 0.109 0.068 0.453
2004.1219 -9.30 14.91 -0.399 0.903 -1.929 0.117 0.080 0.488
2004.1493 -9.30 14.91 -0.330 0.940 0.265 0.137 0.095 0.572
2004.1767 -9.30 14.91 -0.501 0.672 -1.305 0.147 0.105 0.614
2004.2041 -9.30 14.91 -0.758 1.215 0.072 0.120 0.082 0.499
2004.2315 -9.30 14.91 -0.909 0.991 -0.559 0.122 0.083 0.506
2004.2589 -9.30 14.91 -0.779 0.988 -2.259 0.126 0.085 0.522
2004.2863 -9.30 14.91 -0.799 1.308 -1.530 0.126 0.086 0.525
2004.3137 -9.30 14.91 -0.603 1.747 0.362 0.120 0.082 0.500
2004.3411 -9.30 14.91 -0.470 1.349 -0.429 0.131 0.090 0.546
2004.3685 -9.30 14.91 -0.162 1.367 -1.336 0.127 0.084 0.524
2004.3959 -9.30 14.91 -0.425 0.674 1.302 0.111 0.072 0.462
2004.4233 -9.30 14.91 -0.610 0.549 1.034 0.107 0.069 0.443
2004.4507 -9.30 14.91 -0.511 0.262 1.484 0.095 0.062 0.398
2004.4781 -9.30 14.91 -0.738 -0.013 3.335 0.105 0.069 0.435
2004.5055 -9.30 14.91 -0.520 0.042 5.397 0.102 0.066 0.425
2004.5329 -9.30 14.91 -0.422 -0.271 4.551 0.097 0.062 0.403
2004.5603 -9.30 14.91 -0.616 -0.476 6.195 0.099 0.064 0.414
2004.5877 -9.30 14.91 -0.440 -0.395 6.377 0.100 0.064 0.417
2004.6151 -9.30 14.91 -0.353 -0.527 8.284 0.111 0.071 0.457
2004.6425 -9.30 14.91 -0.196 -0.910 6.636 0.094 0.060 0.393
2004.6699 -9.30 14.91 -0.231 -1.113 7.235 0.094 0.059 0.393
2004.6973 -9.30 14.91 -0.213 -1.104 6.684 0.088 0.056 0.371
2004.7247 -9.30 14.91 0.059 -1.201 4.868 0.101 0.064 0.420
2004.7521 -9.30 14.91 -0.109 -1.331 3.872 0.097 0.061 0.405
2004.7795 -9.30 14.91 -0.107 -1.444 4.864 0.095 0.060 0.395
2004.8068 -9.30 14.91 0.100 -1.076 5.186 0.105 0.067 0.435
2004.8342 -9.30 14.91 0.232 -0.970 4.344 0.104 0.067 0.430
2004.8616 -9.30 14.91 0.367 -0.799 1.466 0.092 0.058 0.383
2004.8890 -9.30 14.91 0.365 -0.702 0.806 0.092 0.059 0.384
2004.9164 -9.30 14.91 0.469 -0.309 1.566 0.100 0.065 0.416
2004.9438 -9.30 14.91 0.373 -0.055 1.991 0.110 0.069 0.456
2004.9712 -9.30 14.91 0.087 -0.188 1.041 0.100 0.066 0.418
2004.9973 -9.30 14.91 -0.021 0.028 1.177 0.097 0.063 0.405
2005.0233 -9.30 14.91 -0.061 0.267 1.566 0.112 0.076 0.468
2005.0507 -9.30 14.91 -0.169 0.189 -1.501 0.164 0.122 0.691
2005.0781 -9.30 14.91 -0.389 0.489 -0.829 0.125 0.088 0.523
2005.1055 -9.30 14.91 -0.573 0.457 -1.514 0.124 0.087 0.519
2005.1329 -9.30 14.91 -0.804 0.817 -0.033 0.127 0.090 0.532
2005.1603 -9.30 14.91 -0.881 0.703 -2.061 0.114 0.077 0.475
2005.1877 -9.30 14.91 -0.771 0.719 -0.905 0.114 0.075 0.474
2005.2151 -9.30 14.91 -0.808 0.648 -2.080 0.108 0.069 0.446
2005.2425 -9.30 14.91 -0.686 1.196 -1.957 0.104 0.068 0.434
2005.2699 -9.30 14.91 -0.812 0.824 -4.018 0.111 0.074 0.462
2005.2973 -9.30 14.91 -0.695 0.585 -2.941 0.117 0.078 0.487
2005.3247 -9.30 14.91 -0.263 0.599 -3.412 0.123 0.082 0.511
2005.3521 -9.30 14.91 -0.268 0.555 -1.044 0.054 0.035 0.247
2005.3795 -9.30 14.91 -0.210 0.279 0.577 0.116 0.076 0.480
2005.4068 -9.30 14.91 -0.118 0.259 1.325 0.106 0.069 0.442
2005.4342 -9.30 14.91 -0.150 -0.041 1.822 0.122 0.079 0.504
2005.4616 -9.30 14.91 -0.113 0.079 2.538 0.111 0.072 0.459
2005.4890 -9.30 14.91 -0.279 -0.139 0.141 0.105 0.069 0.437
2005.5164 -9.30 14.91 -0.255 -0.497 1.982 0.105 0.069 0.436
2005.5438 -9.30 14.91 -0.040 -0.695 3.630 0.113 0.076 0.473
2005.5712 -9.30 14.91 0.012 -0.906 2.732 0.123 0.083 0.513
2005.5986 -9.30 14.91 -0.002 -0.953 4.133 0.126 0.085 0.524
2005.6260 -9.30 14.91 0.013 -0.846 4.410 0.112 0.075 0.466
2005.6534 -9.30 14.91 -0.091 -1.073 3.643 0.118 0.079 0.490
2005.6808 -9.30 14.91 -0.011 -1.007 4.324 0.115 0.078 0.482
2005.7082 -9.30 14.91 -0.083 -1.266 2.407 0.139 0.097 0.580
2005.7356 -9.30 14.91 0.043 -1.519 2.885 0.123 0.084 0.512
2005.7630 -9.30 14.91 0.341 -1.734 3.689 0.123 0.085 0.514
2005.7904 -9.30 14.91 0.565 -1.473 3.406 0.115 0.078 0.483
2005.8178 -9.30 14.91 0.350 -1.395 1.971 0.118 0.081 0.496
2005.8452 -9.30 14.91 0.209 -1.664 1.783 0.127 0.087 0.531
2005.8726 -9.30 14.91 0.565 -1.193 0.885 0.110 0.075 0.462
2005.9000 -9.30 14.91 0.592 -1.313 3.554 0.107 0.072 0.450
2005.9274 -9.30 14.91 0.452 -0.891 2.246 0.112 0.069 0.464
2005.9548 -9.30 14.91 0.605 -0.516 2.237 0.109 0.063 0.460
2005.9822 -9.30 14.91 0.360 -0.522 2.688 0.106 0.066 0.442
2006.0096 -9.30 14.91 0.045 -0.642 1.442 0.115 0.075 0.479
2006.0370 -9.30 14.91 0.267 -0.306 0.563 0.145 0.097 0.598
2006.0644 -9.30 14.91 0.171 -0.010 1.075 0.147 0.098 0.607
2006.0918 -9.30 14.91 -0.069 -0.086 1.493 0.146 0.099 0.605
2006.1192 -9.30 14.91 -0.356 0.206 1.858 0.165 0.116 0.686
2006.1466 -9.30 14.91 -0.365 0.779 0.766 0.130 0.089 0.542
2006.1740 -9.30 14.91 -0.233 0.621 0.245 0.146 0.104 0.610
2006.2014 -9.30 14.91 -0.444 0.696 -0.737 0.113 0.078 0.476
2006.2288 -9.30 14.91 -0.755 0.609 -2.399 0.147 0.105 0.615
2006.2562 -9.30 14.91 -0.529 0.795 -2.598 0.137 0.100 0.580
2006.2836 -9.30 14.91 -0.688 0.958 -3.784 0.135 0.097 0.567
2006.3110 -9.30 14.91 -0.611 1.264 -4.273 0.144 0.105 0.605
2006.3384 -9.30 14.91 -0.693 1.009 -2.914 0.130 0.095 0.550
2006.3658 -9.30 14.91 -0.459 0.702 -2.004 0.144 0.106 0.609
2006.3932 -9.30 14.91 -0.607 0.206 2.342 0.142 0.103 0.599
2006.4205 -9.30 14.91 -0.444 0.242 2.141 0.143 0.102 0.599
2006.4479 -9.30 14.91 -0.215 0.685 1.686 0.156 0.108 0.651
2006.4753 -9.30 14.91 -0.362 0.501 2.372 0.159 0.114 0.665
2006.5027 -9.30 14.91 -0.497 0.097 4.382 0.165 0.119 0.690
2006.5301 -9.30 14.91 -0.580 -0.182 3.929 0.195 0.145 0.821
2006.5575 -9.30 14.91 -0.495 -0.557 4.945 0.156 0.113 0.655
2006.5849 -9.30 14.91 -0.425 -0.421 3.310 0.160 0.116 0.672
2006.6123 -9.30 14.91 -0.305 -0.673 3.394 0.197 0.151 0.834
2006.6397 -9.30 14.91 -0.335 -1.362 4.475 0.167 0.125 0.705
2006.6671 -9.30 14.91 -0.275 -1.204 4.154 0.152 0.111 0.639
2006.6945 -9.30 14.91 -0.249 -1.375 4.949 0.194 0.145 0.815
2006.7219 -9.30 14.91 -0.212 -1.434 5.263 0.182 0.131 0.760
2006.7493 -9.30 14.91 -0.101 -1.296 2.922 0.216 0.159 0.906
2006.7767 -9.30 14.91 -0.025 -1.463 3.349 0.188 0.139 0.789
2006.8041 -9.30 14.91 0.093 -1.598 4.874 0.151 0.109 0.635
2006.8315 -9.30 14.91 0.006 -1.193 5.342 0.176 0.129 0.739
2006.8589 -9.30 14.91 0.376 -1.000 3.259 0.171 0.124 0.717
2006.8863 -9.30 14.91 0.452 -0.477 0.507 0.164 0.117 0.686
2006.9137 -9.30 14.91 0.413 0.005 0.352 0.159 0.111 0.663
2006.9411 -9.30 14.91 0.667 0.046 -0.792 0.157 0.109 0.652
2006.9685 -9.30 14.91 0.377 -0.040 -1.794 0.156 0.106 0.646
2006.9959 -9.30 14.91 0.300 0.401 -1.524 0.155 0.102 0.639
2007.0233 -9.30 14.91 0.150 0.604 -0.490 0.144 0.093 0.594
2007.0507 -9.30 14.91 -0.035 1.123 -2.714 0.150 0.099 0.620
2007.0781 -9.30 14.91 -0.135 1.303 -3.774 0.154 0.107 0.642
2007.1055 -9.30 14.91 -0.243 1.136 -1.861 0.138 0.094 0.574
2007.1329 -9.30 14.91 -0.322 1.205 -1.152 0.151 0.104 0.626
2007.1603 -9.30 14.91 -0.511 1.498 -1.638 0.143 0.099 0.597
2007.1877 -9.30 14.91 -0.538 1.482 -2.674 0.185 0.136 0.776
2007.2151 -9.30 14.91 -0.351 1.102 -3.283 0.165 0.120 0.691
2007.2425 -9.30 14.91 -0.446 1.311 -2.082 0.158 0.115 0.665
2007.2699 -9.30 14.91 -0.664 1.316 -3.025 0.126 0.087 0.529
2007.2973 -9.30 14.91 -0.308 1.111 -2.551 0.119 0.082 0.500
2007.3247 -9.30 14.91 -0.057 1.262 -2.529 0.146 0.104 0.611
2007.3521 -9.30 14.91 -0.316 0.893 -0.993 0.159 0.115 0.669
2007.3795 -9.30 14.91 -0.111 0.771 0.354 0.167 0.123 0.703
2007.4068 -9.30 14.91 -0.041 0.810 0.409 0.139 0.099 0.585
2007.4342 -9.30 14.91 -0.063 0.624 1.218 0.133 0.093 0.558
2007.4616 -9.30 14.91 0.187 0.895 0.801 0.175 0.129 0.735
2007.4890 -9.30 14.91 -0.132 0.275 1.062 0.134 0.093 0.561
2007.5164 -9.30 14.91 0.091 0.025 1.394 0.142 0.100 0.594
2007.5438 -9.30 14.91 0.039 -0.156 3.023 0.137 0.096 0.575
2007.5712 -9.30 14.91 0.008 -0.584 2.603 0.141 0.099 0.590
2007.5986 -9.30 14.91 0.064 -0.579 2.396 0.173 0.124 0.722
2007.6260 -9.30 14.91 0.229 -0.746 2.370 0.141 0.098 0.588
2007.6534 -9.30 14.91 0.250 -0.983 5.620 0.143 0.099 0.597
2007.6808 -9.30 14.91 0.593 -1.043 4.970 0.151 0.104 0.626
2007.7082 -9.30 14.91 0.344 -1.092 3.009 0.112 0.072 0.466
2007.7356 -9.30 14.91 0.358 -1.029 3.256 0.155 0.106 0.642
2007.7630 -9.30 14.91 0.428 -0.717 1.925 0.119 0.077 0.496
2007.7904 -9.30 14.91 0.834 -0.686 2.476 0.152 0.106 0.634
2007.8178 -9.30 14.91 0.736 -1.039 0.490 0.175 0.125 0.730
2007.8452 -9.30 14.91 0.819 -0.575 -0.205 0.143 0.098 0.595
2007.8726 -9.30 14.91 1.015 -0.082 -1.391 0.166 0.117 0.693
2007.9000 -9.30 14.91 0.913 -0.285 -1.321 0.177 0.121 0.731
2007.9274 -9.30 14.91 0.863 -0.337 -1.642 0.172 0.122 0.718
2007.9548 -9.30 14.91 1.048 -0.140 -2.778 0.130 0.090 0.543
2007.9822 -9.30 14.91 1.246 0.290 -2.721 0.159 0.113 0.666
2008.0096 -9.30 14.91 0.802 0.245 -2.638 0.140 0.099 0.587
2008.0370 -9.30 14.91 0.622 0.358 -3.158 0.144 0.104 0.606
2008.0644 -9.30 14.91 0.293 0.650 -3.443 0.166 0.122 0.698
2008.0918 -9.30 14.91 0.089 0.938 -1.470 0.133 0.093 0.558
2008.1192 -9.30 14.91 -0.144 1.201 -1.922 0.156 0.113 0.656
2008.1466 -9.30 14.91 -0.267 1.075 -1.455 0.181 0.134 0.763
2008.1740 -9.30 14.91 -0.183 1.288 -0.819 0.159 0.115 0.667
2008.2014 -9.30 14.91 -0.367 1.203 -0.987 0.170 0.127 0.717
2008.2288 -9.30 14.91 -0.420 1.320 -2.455 0.198 0.139 0.822
2008.2562 -9.30 14.91 -0.509 1.593 -1.989 0.185 0.132 0.769
2008.2836 -9.30 14.91 -0.116 1.541 -2.572 0.222 0.159 0.922
2008.3110 -9.30 14.91 -0.047 2.010 -3.201 0.229 0.165 0.953
2008.3384 -9.30 14.91 0.118 2.010 -4.966 0.169 0.122 0.707
2008.3658 -9.30 14.91 0.221 1.785 -5.631 0.173 0.123 0.720
2008.3932 -9.30 14.91 0.326 1.132 -4.088 0.158 0.109 0.654
2008.4205 -9.30 14.91 0.399 0.886 -2.497 0.138 0.093 0.571
2008.4479 -9.30 14.91 0.063 0.499 -2.220 0.140 0.097 0.582
2008.4753 -9.30 14.91 0.310 0.380 -2.348 0.136 0.094 0.565
2008.5027 -9.30 14.91 0.092 0.030 -0.425 0.166 0.114 0.686
2008.5301 -9.30 14.91 0.245 -0.244 -1.777 0.206 0.142 0.849
2008.5575 -9.30 14.91 0.475 0.004 2.685 0.135 0.089 0.556
2008.5849 -9.30 14.91 0.235 -0.188 1.386 0.152 0.106 0.631
2008.6123 -9.30 14.91 0.458 -0.625 1.925 0.127 0.085 0.527
2008.6397 -9.30 14.91 0.591 -0.553 0.876 0.139 0.095 0.577
2008.6671 -9.30 14.91 0.593 -0.748 2.403 0.134 0.090 0.553
2008.6945 -9.30 14.91 0.775 -0.553 2.815 0.129 0.087 0.537
2008.7219 -9.30 14.91 0.757 -1.038 0.199 0.149 0.103 0.617
2008.7493 -9.30 14.91 0.485 -1.227 3.612 0.135 0.093 0.561
2008.7767 -9.30 14.91 0.798 -1.149 2.323 0.157 0.112 0.655
2008.8041 -9.30 14.91 1.071 -1.160 0.895 0.158 0.114 0.660
2008.8315 -9.30 14.91 0.631 -1.121 1.782 0.178 0.128 0.743
2008.8589 -9.30 14.91 1.071 -0.974 1.622 0.208 0.150 0.866
2008.8863 -9.30 14.91 0.913 -0.514 -0.415 0.200 0.143 0.831
2008.9137 -9.30 14.91 0.650 -0.227 -0.533 0.190 0.138 0.794
2008.9411 -9.30 14.91 0.911 -0.081 -1.135 0.199 0.142 0.828
2008.9685 -9.30 14.91 0.934 -0.054 -1.147 0.186 0.132 0.775
2008.9945 -9.30 14.91 0.444 0.073 -1.732 0.157 0.114 0.662
2009.0205 -9.30 14.91 0.499 0.233 -0.186 0.155 0.114 0.655
2009.0479 -9.30 14.91 0.220 0.666 2.246 0.155 0.115 0.657
2009.0753 -9.30 14.91 0.426 0.718 1.095 0.149 0.108 0.628
2009.1027 -9.30 14.91 0.215 0.721 0.595 0.185 0.137 0.780
2009.1301 -9.30 14.91 0.283 1.679 -0.922 0.148 0.107 0.622
2009.1575 -9.30 14.91 -0.041 0.947 -1.876 0.150 0.108 0.632
2009.1849 -9.30 14.91 -0.209 1.432 -2.847 0.172 0.129 0.728
2009.2123 -9.30 14.91 -0.511 1.910 -1.541 0.149 0.104 0.622
2009.2397 -9.30 14.91 -0.206 1.763 -3.031 0.168 0.123 0.706
2009.2671 -9.30 14.91 -0.308 1.467 -5.354 0.140 0.102 0.592
2009.2945 -9.30 14.91 -0.028 1.168 -5.051 0.144 0.105 0.607
2009.3219 -9.30 14.91 0.303 0.635 -4.750 0.150 0.109 0.632
2009.3493 -9.30 14.91 0.282 0.990 -5.315 0.138 0.098 0.580
2009.3767 -9.30 14.91 0.458 1.022 -0.799 0.145 0.103 0.608
2009.4041 -9.30 14.91 0.453 0.502 -0.678 0.128 0.089 0.537
2009.4315 -9.30 14.91 0.437 0.563 1.860 0.147 0.105 0.615
2009.4589 -9.30 14.91 0.395 0.457 2.663 0.125 0.085 0.521
2009.4863 -9.30 14.91 0.419 0.215 5.811 0.137 0.094 0.571
2009.5137 -9.30 14.91 0.013 0.184 3.024 0.132 0.087 0.547
2009.5411 -9.30 14.91 0.458 0.143 4.130 0.162 0.110 0.669
2009.5685 -9.30 14.91 0.607 0.207 2.975 0.174 0.118 0.719
2009.5959 -9.30 14.91 0.138 -0.338 2.682 0.153 0.102 0.631
2009.6233 -9.30 14.91 0.360 -0.464 1.870 0.158 0.109 0.656
2009.6507 -9.30 14.91 0.509 -1.065 -0.585 0.152 0.105 0.632
2009.6781 -9.30 14.91 0.472 -1.358 1.453 0.163 0.115 0.678
2009.7055 -9.30 14.91 0.566 -1.466 1.162 0.168 0.121 0.703
2009.7329 -9.30 14.91 0.454 -1.645 1.613 0.162 0.115 0.678
2009.7603 -9.30 14.91 0.875 -1.171 -0.009 0.185 0.132 0.771
2009.7877 -9.30 14.91 0.693 -1.256 4.127 0.171 0.122 0.713
2009.8151 -9.30 14.91 0.901 -1.175 2.312 0.183 0.132 0.765
2009.8425 -9.30 14.91 0.802 -0.357 1.022 0.167 0.120 0.697
2009.8699 -9.30 14.91 0.970 -0.678 2.476 0.159 0.114 0.667
2009.8973 -9.30 14.91 0.983 -0.785 0.826 0.149 0.106 0.624
2009.9247 -9.30 14.91 0.951 -0.289 1.512 0.149 0.102 0.620
2009.9521 -9.30 14.91 0.943 0.295 0.227 0.139 0.098 0.583
2009.9795 -9.30 14.91 0.668 0.175 0.144 0.143 0.100 0.599
2010.0068 -9.30 14.91 0.479 0.481 1.618 0.181 0.131 0.757
2010.0342 -9.30 14.91 0.200 0.722 -2.260 0.141 0.099 0.592
2010.0616 -9.30 14.91 0.181 0.625 -1.127 0.145 0.103 0.607
2010.0890 -9.30 14.91 0.221 0.921 -0.705 0.173 0.126 0.725
2010.1164 -9.30 14.91 0.041 1.026 -0.545 0.178 0.130 0.748
2010.1438 -9.30 14.91 -0.154 0.831 -2.188 0.172 0.123 0.719
2010.1712 -9.30 14.91 -0.557 1.394 -3.483 0.165 0.117 0.688
2010.1986 -9.30 14.91 -0.582 1.472 -4.842 0.158 0.112 0.659
2010.2260 -9.30 14.91 -0.746 1.677 -4.803 0.172 0.122 0.718
2010.2534 -9.30 14.91 -0.573 1.918 -7.011 0.178 0.124 0.738
2010.2808 -9.30 14.91 -0.706 1.811 -6.282 0.137 0.094 0.572
2010.3082 -9.30 14.91 -0.472 1.697 -6.278 0.144 0.099 0.599
2010.3356 -9.30 14.91 -0.496 1.846 -6.041 0.132 0.087 0.547
2010.3630 -9.30 14.91 -0.275 1.660 -5.232 0.140 0.092 0.579
2010.3904 -9.30 14.91 -0.500 1.379 -4.369 0.145 0.089 0.588
2010.4178 -9.30 14.91 -0.156 1.091 -0.664 0.149 0.098 0.613
2010.4452 -9.30 14.91 -0.352 0.748 -1.206 0.132 0.086 0.546
2010.4726 -9.30 14.91 -0.347 0.871 -1.294 0.119 0.077 0.495
2010.5000 -9.30 14.91 -0.476 0.707 -0.888 0.134 0.089 0.556
2010.5274 -9.30 14.91 -0.198 -0.029 -0.623 0.206 0.150 0.862
2010.5548 -9.30 14.91 -0.346 0.252 -1.836 0.133 0.094 0.559
2010.5822 -9.30 14.91 0.018 0.129 0.602 0.121 0.084 0.508
2010.6096 -9.30 14.91 -0.009 -0.534 -0.517 0.155 0.113 0.650
2010.6370 -9.30 14.91 0.113 -0.542 1.557 0.139 0.099 0.582
2010.6644 -9.30 14.91 -0.200 -0.987 1.728 0.130 0.092 0.547
2010.6918 -9.30 14.91 0.273 -0.816 0.789 0.155 0.114 0.653
2010.7192 -9.30 14.91 0.280 -1.161 1.390 0.145 0.105 0.609
2010.7466 -9.30 14.91 0.385 -1.360 2.189 0.167 0.124 0.705
2010.7740 -9.30 14.91 0.211 -1.348 1.570 0.138 0.097 0.577
2010.8014 -9.30 14.91 0.365 -0.973 2.270 0.131 0.093 0.551
2010.8288 -9.30 14.91 0.529 -0.851 2.722 0.149 0.108 0.625
2010.8562 -9.30 14.91 0.546 -0.946 3.366 0.146 0.105 0.613
2010.8836 -9.30 14.91 0.529 -0.550 1.547 0.136 0.096 0.570
2010.9110 -9.30 14.91 0.572 -0.386 0.400 0.148 0.106 0.619
2010.9384 -9.30 14.91 0.408 -0.292 -0.796 0.154 0.110 0.643
2010.9658 -9.30 14.91 0.166 -0.329 -0.931 0.168 0.122 0.704
2010.9932 -9.30 14.91 0.151 0.129 -0.672 0.144 0.076 0.568
2011.1027 -9.30 14.91 -0.799 0.663 -3.986 0.142 0.086 0.579
2011.1301 -9.30 14.91 -0.516 1.002 -2.139 0.201 0.143 0.835
2011.1575 -9.30 14.91 -0.717 0.652 -5.573 0.137 0.092 0.568
2011.1849 -9.30 14.91 -0.731 0.526 -3.514 0.111 0.071 0.461
2011.2123 -9.30 14.91 -0.519 0.830 -4.167 0.171 0.122 0.712
2011.2397 -9.30 14.91 -1.046 1.234 -5.150 0.178 0.129 0.743
2011.2671 -9.30 14.91 -0.855 1.216 -5.824 0.145 0.102 0.605
2011.2945 -9.30 14.91 -0.888 1.053 -6.301 0.167 0.121 0.700
2011.3219 -9.30 14.91 -0.816 1.001 -6.793 0.157 0.113 0.657
2011.3493 -9.30 14.91 -0.970 1.006 -5.752 0.142 0.100 0.593
2011.3767 -9.30 14.91 -0.623 1.019 -2.576 0.165 0.119 0.689
2011.4041 -9.30 14.91 -0.515 0.803 -2.576 0.146 0.103 0.611
2011.4315 -9.30 14.91 -0.649 1.008 -1.409 0.154 0.099 0.632
2011.5137 -9.30 14.91 -0.742 -0.406 0.386 0.138 0.090 0.570
2011.5411 -9.30 14.91 -0.552 -0.381 -0.376 0.144 0.099 0.596
2011.5685 -9.30 14.91 -0.483 -0.441 0.432 0.141 0.095 0.585
2011.5959 -9.30 14.91 -0.577 -0.647 0.321 0.151 0.103 0.623
2011.6233 -9.30 14.91 -0.426 -0.695 -1.246 0.151 0.102 0.625
2011.6507 -9.30 14.91 -0.565 -0.760 -0.664 0.176 0.124 0.730
2011.6781 -9.30 14.91 -0.599 -1.294 1.029 0.163 0.116 0.680
2011.7055 -9.30 14.91 -0.334 -1.556 0.700 0.164 0.117 0.682
2011.7329 -9.30 14.91 -0.566 -1.349 0.460 0.188 0.138 0.786
2011.7603 -9.30 14.91 0.004 -1.292 1.831 0.162 0.117 0.678
2011.7877 -9.30 14.91 0.221 -1.222 -1.018 0.172 0.126 0.721
2011.8151 -9.30 14.91 0.416 -1.243 -1.743 0.169 0.123 0.708
2011.8425 -9.30 14.91 0.493 -0.858 -0.316 0.182 0.136 0.766
2011.8699 -9.30 14.91 0.491 -0.902 3.469 0.179 0.126 0.743
2011.9521 -9.30 14.91 0.214 -0.562 -5.938 0.125 0.073 0.508
2011.9795 -9.30 14.91 -0.036 -0.171 -3.408 0.149 0.106 0.622
2012.0068 -9.30 14.91 -0.420 0.154 -3.697 0.139 0.098 0.579
2012.0342 -9.30 14.91 -0.097 0.062 -3.060 0.165 0.117 0.687
2012.0616 -9.30 14.91 -0.285 0.129 -1.943 0.145 0.101 0.601
2012.0890 -9.30 14.91 -0.534 0.085 1.353 0.143 0.099 0.594
2012.1164 -9.30 14.91 -0.645 0.254 0.024 0.141 0.095 0.582
2012.1438 -9.30 14.91 -0.564 0.297 0.019 0.146 0.098 0.601
2012.1712 -9.30 14.91 -0.860 0.359 -0.332 0.140 0.092 0.575
2012.1986 -9.30 14.91 -0.746 0.644 -0.255 0.128 0.083 0.526
2012.2260 -9.30 14.91 -0.434 0.657 -0.362 0.129 0.086 0.534
2012.2534 -9.30 14.91 -1.136 0.664 -0.728 0.126 0.084 0.520
2012.2808 -9.30 14.91 -0.858 0.687 -1.588 0.117 0.078 0.487
2012.3082 -9.30 14.91 -0.760 -0.069 -3.269 0.146 0.074 0.572
2012.3904 -9.30 14.91 -0.322 0.480 2.016 0.148 0.090 0.600
2012.4178 -9.30 14.91 -0.224 0.281 1.846 0.108 0.072 0.450
2012.4452 -9.30 14.91 -0.002 0.269 1.132 0.107 0.070 0.446
2012.4726 -9.30 14.91 -0.258 -0.206 2.250 0.115 0.076 0.478
2012.5000 -9.30 14.91 -0.379 -0.515 4.579 0.110 0.071 0.456
2012.5274 -9.30 14.91 -0.153 -0.521 3.355 0.116 0.077 0.482
2012.5548 -9.30 14.91 0.143 -0.878 4.241 0.116 0.077 0.482
2012.5822 -9.30 14.91 0.092 -1.038 3.964 0.122 0.082 0.508
2012.6096 -9.30 14.91 -0.071 -0.914 2.674 0.121 0.082 0.502
2012.6370 -9.30 14.91 -0.063 -1.387 5.218 0.111 0.076 0.466
2012.6644 -9.30 14.91 -0.044 -1.035 5.752 0.121 0.084 0.507
2012.6918 -9.30 14.91 0.351 -1.482 3.148 0.124 0.088 0.521
2012.7192 -9.30 14.91 -0.021 -1.409 3.407 0.148 0.109 0.623
2012.7466 -9.30 14.91 0.223 -1.246 0.976 0.115 0.066 0.466
2012.8562 -9.30 14.91 0.424 -2.149 -0.484 0.155 0.111 0.649
2012.8836 -9.30 14.91 0.807 -1.335 -0.101 0.144 0.106 0.606
2012.9110 -9.30 14.91 0.564 -0.995 -1.937 0.136 0.100 0.574
2012.9384 -9.30 14.91 0.645 -0.589 -0.813 0.133 0.093 0.556
2012.9658 -9.30 14.91 0.381 -0.192 -3.116 0.146 0.108 0.615
2012.9918 -9.30 14.91 0.494 -0.392 -4.642 0.074 0.055 0.326
2013.0178 -9.30 14.91 0.208 -0.116 -2.724 0.086 0.065 0.376
2013.0452 -9.30 14.91 0.123 0.146 -6.534 0.086 0.064 0.374
2013.0726 -9.30 14.91 -0.054 0.228 -5.462 0.079 0.059 0.348
2013.1000 -9.30 14.91 -0.318 0.388 -3.063 0.081 0.060 0.356
2013.1274 -9.30 14.91 -0.474 0.891 -2.348 0.076 0.055 0.333
2013.1548 -9.30 14.91 -0.529 0.460 -3.963 0.073 0.049 0.318
2013.2644 -9.30 14.91 -0.405 1.138 -5.357 0.088 0.039 0.342
2013.2918 -9.30 14.91 -0.294 0.980 -4.363 0.078 0.057 0.340
2013.3192 -9.30 14.91 -0.109 1.017 -3.406 0.086 0.064 0.373
2013.3466 -9.30 14.91 0.119 0.798 -2.858 0.088 0.066 0.382
2013.3740 -9.30 14.91 0.053 0.750 -3.591 0.076 0.057 0.334
2013.4014 -9.30 14.91 0.200 0.387 -2.679 0.078 0.058 0.343
2013.4288 -9.30 14.91 0.347 0.353 -0.688 0.069 0.051 0.307
2013.4562 -9.30 14.91 0.145 -0.254 0.215 0.071 0.051 0.311
2013.4836 -9.30 14.91 0.116 -0.427 0.936 0.072 0.053 0.318
2013.5110 -9.30 14.91 0.102 -0.433 2.174 0.081 0.060 0.353
2013.5384 -9.30 14.91 0.286 -0.625 3.583 0.080 0.056 0.346
2013.5658 -9.30 14.91 0.233 -0.408 2.308 0.083 0.061 0.361
2013.7575 -9.30 14.91 0.467 -1.020 1.891 0.080 0.055 0.344
2013.7849 -9.30 14.91 0.542 -1.636 1.382 0.082 0.058 0.354
2013.8123 -9.30 14.91 0.477 -1.412 2.399 0.075 0.053 0.327
2013.8397 -9.30 14.91 0.593 -1.259 2.337 0.076 0.054 0.330
2013.8671 -9.30 14.91 0.779 -1.346 1.983 0.081 0.056 0.350
2013.8945 -9.30 14.91 0.684 -1.097 2.078 0.075 0.053 0.328
2013.9219 -9.30 14.91 0.639 -0.922 1.313 0.068 0.047 0.298
2013.9493 -9.30 14.91 0.231 -0.649 -1.611 0.072 0.050 0.313
2013.9767 -9.30 14.91 0.359 -0.754 0.520 0.073 0.050 0.317
2014.0041 -9.30 14.91 0.282 0.030 -0.092 0.070 0.049 0.308
2014.0315 -9.30 14.91 0.240 -0.173 -0.118 0.073 0.051 0.317
2014.1685 -9.30 14.91 -0.334 1.050 -0.386 0.077 0.053 0.334
2014.1959 -9.30 14.91 -0.462 1.048 -0.438 0.078 0.057 0.340
2014.2233 -9.30 14.91 -0.654 1.250 -2.165 0.074 0.053 0.323
2014.2507 -9.30 14.91 -0.709 1.060 -3.284 0.068 0.049 0.300
2014.2781 -9.30 14.91 -0.546 1.709 -3.740 0.072 0.052 0.316
2014.3055 -9.30 14.91 -0.644 1.077 -6.784 0.069 0.050 0.306
2014.3329 -9.30 14.91 -0.233 0.868 -5.898 0.057 0.042 0.259
2014.3603 -9.30 14.91 0.094 1.286 -3.209 0.064 0.047 0.288
2014.3877 -9.30 14.91 0.335 0.676 -3.952 0.065 0.047 0.288
2014.4151 -9.30 14.91 0.172 0.246 0.593 0.064 0.047 0.287
2014.4425 -9.30 14.91 0.115 0.186 -1.711 0.068 0.049 0.301
2014.4699 -9.30 14.91 -0.113 0.502 1.445 0.068 0.048 0.299
2014.5795 -9.30 14.91 0.118 -0.740 1.725 0.061 0.038 0.269
2014.6068 -9.30 14.91 0.169 -0.770 3.736 0.060 0.041 0.267
2014.6342 -9.30 14.91 0.240 -0.633 3.487 0.055 0.037 0.247
2014.6616 -9.30 14.91 0.240 -0.771 1.548 0.061 0.042 0.270
2014.6890 -9.30 14.91 0.323 -0.949 0.898 0.059 0.041 0.264
2014.7164 -9.30 14.91 0.300 -1.331 1.736 0.058 0.041 0.260
2014.7438 -9.30 14.91 0.190 -1.386 1.674 0.063 0.044 0.278
2014.7712 -9.30 14.91 0.507 -1.467 -2.297 0.062 0.043 0.275
2014.7986 -9.30 14.91 0.776 -1.041 -0.582 0.056 0.038 0.250
2014.8260 -9.30 14.91 0.621 -1.821 0.657 0.055 0.038 0.249
2014.8534 -9.30 14.91 0.401 -1.454 2.289 0.059 0.040 0.260
2014.8808 -9.30 14.91 0.514 -1.313 1.697 0.059 0.040 0.261
2014.9082 -9.30 14.91 0.419 -0.871 -1.478 0.060 0.041 0.265
2015.0452 -9.30 14.91 -0.269 -0.057 -0.084 0.046 0.031 0.214
2015.0726 -9.30 14.91 -0.158 0.331 0.101 0.049 0.033 0.226
2015.1000 -9.30 14.91 -0.436 0.372 0.805 0.044 0.031 0.209
2015.1274 -9.30 14.91 -0.234 0.004 -0.229 0.041 0.029 0.199
2015.1548 -9.30 14.91 -0.554 0.362 0.165 0.047 0.032 0.220
2015.1822 -9.30 14.91 -0.535 0.483 -5.154 0.045 0.031 0.211
2015.2096 -9.30 14.91 -0.506 0.471 -4.714 0.059 0.041 0.261
2015.2370 -9.30 14.91 -0.413 0.540 -6.688 0.064 0.046 0.284
2015.2644 -9.30 14.91 -0.695 0.281 -5.260 0.056 0.041 0.255
2015.2918 -9.30 14.91 -0.562 1.244 -7.544 0.057 0.040 0.256
2015.3192 -9.30 14.91 -0.550 0.887 -7.077 0.054 0.039 0.249
2015.3466 -9.30 14.91 -0.201 0.777 -5.088 0.059 0.041 0.264
2015.4836 -9.30 14.91 0.420 -0.323 -0.569 0.055 0.033 0.244
2015.5110 -9.30 14.91 0.315 0.079 0.290 0.053 0.034 0.237
2015.5384 -9.30 14.91 0.230 -0.453 3.319 0.058 0.036 0.254
2015.5658 -9.30 14.91 -0.087 -0.599 2.635 0.058 0.039 0.257
2015.5932 -9.30 14.91 -0.066 -1.100 1.963 0.060 0.041 0.265
2015.6205 -9.30 14.91 0.006 -1.165 0.598 0.058 0.039 0.258
2015.6479 -9.30 14.91 0.026 -1.202 -0.088 0.057 0.038 0.252
2015.6753 -9.30 14.91 0.208 -1.410 -0.294 0.055 0.036 0.244
2015.7027 -9.30 14.91 0.137 -1.603 -1.839 0.059 0.040 0.262
2015.7301 -9.30 14.91 0.170 -1.829 -2.756 0.060 0.039 0.262
2015.9493 -9.30 14.91 1.040 -0.679 -3.289 0.058 0.040 0.259
2015.9767 -9.30 14.91 0.810 -0.204 -4.347 0.060 0.044 0.271
2016.0041 -9.30 14.91 0.592 -0.491 -3.682 0.055 0.040 0.249
2016.0315 -9.30 14.91 0.502 0.168 -3.479 0.052 0.038 0.240
2016.0589 -9.30 14.91 0.271 0.141 -3.525 0.053 0.039 0.244
2016.0863 -9.30 14.91 0.158 0.674 -5.654 0.048 0.035 0.226
2016.1137 -9.30 14.91 -0.033 0.710 -6.894 0.054 0.039 0.248
2016.1411 -9.30 14.91 -0.322 0.372 -8.161 0.064 0.047 0.285
2016.1685 -9.30 14.91 -0.243 0.143 -10.366 0.069 0.052 0.305
2016.1959 -9.30 14.91 -0.277 0.711 -10.990 0.068 0.052 0.302
2016.2233 -9.30 14.91 -0.622 -0.016 -7.479 0.068 0.053 0.306
2016.2507 -9.30 14.91 -0.635 0.580 -8.408 0.057 0.040 0.255
2016.3603 -9.30 14.91 -0.086 0.215 -6.116 0.052 0.036 0.238
2016.3877 -9.30 14.91 0.203 0.809 -3.687 0.062 0.042 0.270
2016.4151 -9.30 14.91 0.100 0.878 -5.476 0.060 0.041 0.265
2016.4425 -9.30 14.91 0.090 0.386 -4.931 0.065 0.044 0.281
2016.4699 -9.30 14.91 -0.090 0.281 -4.626 0.063 0.043 0.275
