2002.5877 34.84 138.27 39.84098745416239 9.73085327921598
2002.6151 34.84 138.27 -39.96044031273095 9.46764834536761
2002.6425 34.84 138.27 9.43001857041210 9.67386322841929
2002.6699 34.84 138.27 -9.48841774749549 8.11484452608914
2002.6973 34.84 138.27 -35.54655426740947 12.82679112399343
2002.7247 34.84 138.27 4.77313116084982 9.18620898621284
2002.7521 34.84 138.27 -21.07681716838052 8.41523893424692
2002.7795 34.84 138.27 -14.97595812067590 9.63578392515834
2002.8068 34.84 138.27 4.75907193598044 8.72757987968959
2002.8342 34.84 138.27 -17.07011200206689 8.56749667827770
2002.8616 34.84 138.27 -13.48041266153282 8.14337771964315
2002.8890 34.84 138.27 -9.82013992928524 8.72024683013521
2002.9164 34.84 138.27 16.60517958406752 9.01405257348631
2003.0260 34.84 138.27 -10.33081366738922 10.04044528162154
2003.0534 34.84 138.27 35.77312848424097 17.66778927339527
2003.0808 34.84 138.27 -11.74657585223471 14.54312960139888
2003.1082 34.84 138.27 -1.51037913695916 8.03745264018025
2003.1356 34.84 138.27 2.66932867577834 7.39654496840308
2003.1630 34.84 138.27 13.05847340375667 8.06535953384720
2003.1904 34.84 138.27 -10.68265142771599 9.44425054863223
2003.2178 34.84 138.27 -2.03154990595684 7.96872671959265
2003.2452 34.84 138.27 -6.85786325740262 7.93023849333135
2003.2726 34.84 138.27 0.90221464336938 7.71528008028561
2003.3000 34.84 138.27 -2.42603500571644 7.57796258554330
2003.3274 34.84 138.27 15.39258258640474 10.19065014285319
2003.3548 34.84 138.27 -8.42303973746518 11.62675742819794
2003.3822 34.84 138.27 -20.34843384462378 9.77107515475265
2003.5192 34.84 138.27 -22.47348007067704 11.37887377432770
2003.5466 34.84 138.27 -5.57458645767503 13.01336267665360
2003.5740 34.84 138.27 -5.96015261786922 15.62080992794484
2003.6014 34.84 138.27 3.60214068858762 13.05105261128745
2003.6288 34.84 138.27 -2.49810452900506 11.97117505468563
2003.6562 34.84 138.27 -9.56393074968924 13.09578674853707
2003.6836 34.84 138.27 -24.20173007404102 13.17811053220180
2003.7110 34.84 138.27 -23.33159612749158 9.67803291333998
2003.7384 34.84 138.27 -9.04932476795309 12.31444762998343
2003.7658 34.84 138.27 -26.65517288136322 11.20724711309973
2003.7932 34.84 138.27 -29.84936989976295 12.77224368775394
2003.8205 34.84 138.27 -7.00293332954785 13.54113184945489
2003.8479 34.84 138.27 -25.67230677818667 11.39259875847442
2003.8753 34.84 138.27 -9.07613439005016 12.61752675114336
2003.9027 34.84 138.27 -3.71893133544873 11.01581804468055
2003.9301 34.84 138.27 -11.44435906699789 11.80536916493500
2003.9575 34.84 138.27 -18.06081233746855 13.77064143595874
2003.9849 34.84 138.27 -8.32749499682812 12.85180792726306
2004.0123 34.84 138.27 1.59639521390779 13.80186366003439
2004.0397 34.84 138.27 -2.08390642502171 10.36810944909022
2004.0945 34.84 138.27 -16.13243500019271 9.67029971143931
2004.1219 34.84 138.27 -11.54569434793193 11.28407748326729
2004.1493 34.84 138.27 -5.22654495566912 13.47383450132017
2004.1767 34.84 138.27 14.94307886051692 14.86527014922174
2004.2041 34.84 138.27 -20.29642552847864 11.61653385796789
2004.2315 34.84 138.27 -18.59123069098041 11.79426891717164
2004.2589 34.84 138.27 9.37194466818515 12.13503109590713
2004.2863 34.84 138.27 -5.11655800952903 12.21707237239052
2004.3137 34.84 138.27 10.01246017268580 11.52937926971537
2004.3411 34.84 138.27 -36.60440097445051 12.80786382792158
2004.3685 34.84 138.27 -17.53828203734085 12.01540883413549
2004.3959 34.84 138.27 -3.40258690983554 10.31038943238653
2004.4233 34.84 138.27 0.70519839327579 9.85472551234893
2004.4507 34.84 138.27 -14.91259772969605 8.82959757098094
2004.4781 34.84 138.27 -4.64606779772159 9.83428956463315
2004.5055 34.84 138.27 -15.24190513310931 9.53128125259424
2004.5329 34.84 138.27 -13.28913868478585 8.88740701821431
2004.5603 34.84 138.27 -26.06262764071680 9.23810738545546
2004.5877 34.84 138.27 -33.69821686274015 9.24917895475489
2004.6151 34.84 138.27 -31.54891217307219 10.25811885672291
2004.6425 34.84 138.27 -27.35841135796619 8.52626113626088
2004.6699 34.84 138.27 -25.29533201773710 8.50002975131185
2004.6973 34.84 138.27 -23.93566866918274 7.88657210491234
2004.7247 34.84 138.27 -15.29570448548105 9.23512588270014
2004.7521 34.84 138.27 -13.84231422752817 8.74576214411404
2004.7795 34.84 138.27 -3.20055476502852 8.61183631703132
2004.8068 34.84 138.27 -7.45008466048489 9.74587229275605
2004.8342 34.84 138.27 -13.53783849732285 9.64864969514759
2004.8616 34.84 138.27 -18.43262246930738 8.27734487055103
2004.8890 34.84 138.27 -10.60165073866015 8.32965367835022
2004.9164 34.84 138.27 -16.87892268823300 9.27721388464980
2004.9438 34.84 138.27 -0.42279714553219 9.96926564370947
2004.9712 34.84 138.27 -25.94379717756537 9.44328734396072
2004.9973 34.84 138.27 -27.54244722594155 8.91620576640796
2005.0233 34.84 138.27 -4.55449347973897 10.84756831334358
2005.0507 34.84 138.27 -5.76198633687010 17.14193532966192
2005.0781 34.84 138.27 -5.03884396295771 12.44635167765269
2005.1055 34.84 138.27 -10.16174963973471 12.29129819556247
2005.1329 34.84 138.27 -16.29513507909087 12.61071137023185
2005.1603 34.84 138.27 -8.15278520645687 10.92449778169731
2005.1877 34.84 138.27 -11.51540717132792 10.75614940218927
2005.2151 34.84 138.27 -14.54617726427401 9.86631111961535
2005.2425 34.84 138.27 2.17298940568780 9.74040506628689
2005.2699 34.84 138.27 10.34834218906751 10.53522871907170
2005.2973 34.84 138.27 -3.39761743585220 11.21500189584097
2005.3247 34.84 138.27 -2.40287908803983 11.83987786423890
2005.3521 34.84 138.27 -30.50767942126517 4.15593975204528
2005.3795 34.84 138.27 -35.52058797604923 10.98019875345318
2005.4068 34.84 138.27 -26.65049410719107 9.85834264942783
2005.4342 34.84 138.27 -22.67123849188129 11.29331385692803
2005.4616 34.84 138.27 -14.34407149167493 10.37741846382311
2005.4890 34.84 138.27 -24.53012122729280 9.82368424886061
2005.5164 34.84 138.27 -11.34185684195269 9.76183966050133
2005.5438 34.84 138.27 -7.03742221537098 10.82798284755842
2005.5712 34.84 138.27 -19.14221984434310 11.95217232040512
2005.5986 34.84 138.27 -12.16603673103080 12.23628742675608
2005.6260 34.84 138.27 -12.49659643840108 10.64438395079723
2005.6534 34.84 138.27 -2.19403820371205 11.39768445853937
2005.6808 34.84 138.27 -15.51986884281375 11.11781635081171
2005.7082 34.84 138.27 -25.86974886251494 13.94128654819961
2005.7356 34.84 138.27 -26.12966956652484 12.07054446191142
2005.7630 34.84 138.27 -32.27656227496839 12.08910986453068
2005.7904 34.84 138.27 -34.33149685016994 11.14282067390722
2005.8178 34.84 138.27 -19.59270665582353 11.55078025124172
2005.8452 34.84 138.27 -37.31171509215241 12.35019506178873
2005.8726 34.84 138.27 -30.01484190310210 10.61057608768562
2005.9000 34.84 138.27 -30.17554027407740 10.23907438674627
2005.9274 34.84 138.27 -23.69933391872744 9.92529126056124
2005.9548 34.84 138.27 -31.80052959014425 8.50785119276901
2005.9822 34.84 138.27 -30.64279696780010 9.27294331868871
2006.0096 34.84 138.27 -24.56457829083271 10.71342649063206
2006.0370 34.84 138.27 -20.63333772881102 13.91793525124199
2006.0644 34.84 138.27 -15.94820839881065 14.05782299153929
2006.0918 34.84 138.27 -7.30611758164234 14.19844864935109
2006.1192 34.84 138.27 -3.76039943759349 16.65633110864768
2006.1466 34.84 138.27 1.14337300344747 12.64744677861447
2006.1740 34.84 138.27 -26.28045032909266 14.82264181032658
2006.2014 34.84 138.27 5.62906402750315 10.95253289778428
2006.2288 34.84 138.27 -8.56303254000336 14.93712657456357
2006.2562 34.84 138.27 15.65197584164741 14.12176670052555
2006.2836 34.84 138.27 -16.32755113514529 13.66453977431893
2006.3110 34.84 138.27 -5.85599498578143 14.71345931225869
2006.3384 34.84 138.27 -16.54786670543278 13.25047823880594
2006.3658 34.84 138.27 -21.21325687958671 14.79712434914361
2006.3932 34.84 138.27 -23.22053299888876 14.47513710777518
2006.4205 34.84 138.27 -23.77227937472247 14.40940671628470
2006.4479 34.84 138.27 -28.12059114674416 15.30590613491805
2006.4753 34.84 138.27 -4.38877133766815 15.97473008707018
2006.5027 34.84 138.27 -39.63824767688854 16.73003082543137
2006.5301 34.84 138.27 -20.82644139573920 20.42690553630645
2006.5575 34.84 138.27 5.82346469614633 15.86044017007863
2006.5849 34.84 138.27 -22.59113730061029 16.37566258747337
2006.6123 34.84 138.27 -14.23255695937241 21.20834159108690
2006.6397 34.84 138.27 -22.70310339339834 17.50875475243911
2006.6671 34.84 138.27 -14.92254072324960 15.53309689288962
2006.6945 34.84 138.27 -29.71377525085367 20.47522542547385
2006.7219 34.84 138.27 -4.53261371046111 18.49238371459109
2006.7493 34.84 138.27 -13.76626887869479 22.62268224397678
2006.7767 34.84 138.27 -20.42170596313212 19.69377761329569
2006.8041 34.84 138.27 -41.95387618731884 15.41021804718065
2006.8315 34.84 138.27 -35.00888519461552 18.39915739132684
2006.8589 34.84 138.27 -45.03541452660377 17.72178307859331
2006.8863 34.84 138.27 -30.01153410140378 16.75706575063379
2006.9137 34.84 138.27 -38.03456100045771 16.02047618551603
2006.9411 34.84 138.27 -23.17207599923657 15.65474647189913
2006.9685 34.84 138.27 -40.96589626759681 15.26065938886697
2006.9959 34.84 138.27 -25.23313129286476 14.77847215919072
2007.0233 34.84 138.27 -23.67051214627740 13.38996482759461
2007.0507 34.84 138.27 -34.96559053913504 14.28389488546939
2007.0781 34.84 138.27 -16.59249536414466 15.29226001751824
2007.1055 34.84 138.27 -25.06851848009060 13.41348102760356
2007.1329 34.84 138.27 -8.09625449114258 14.83687159774038
2007.1603 34.84 138.27 8.04203815636092 14.11764969604997
2007.1877 34.84 138.27 -1.31031767820538 19.35266389194430
2007.2151 34.84 138.27 -15.38748041069189 17.06130407318084
2007.2425 34.84 138.27 -6.09734648212109 16.32977816251531
2007.2699 34.84 138.27 -39.39630447880871 12.19750758487837
2007.2973 34.84 138.27 -41.04437814243521 11.42936258977631
2007.3247 34.84 138.27 -24.79626745663521 14.69548624237959
2007.3521 34.84 138.27 -31.63316651684810 16.39020825616836
2007.3795 34.84 138.27 -20.25160189138150 17.39680083652398
2007.4068 34.84 138.27 -9.75757138498416 13.95806221850555
2007.4342 34.84 138.27 -26.48598396871879 13.16868967316074
2007.4616 34.84 138.27 30.32328107482499 18.36060389727821
2007.4890 34.84 138.27 5.85457198089606 13.18474756417981
2007.5164 34.84 138.27 6.91132402981084 14.21089489840377
2007.5438 34.84 138.27 -14.59735394112244 13.62580899443433
2007.5712 34.84 138.27 -13.89511386653414 14.00149985248083
2007.5986 34.84 138.27 -15.66807735873645 17.65404324731928
2007.6260 34.84 138.27 -34.50287031932665 13.88207568824111
2007.6534 34.84 138.27 -26.62082393517528 14.18404266351427
2007.6808 34.84 138.27 8.44860507151425 14.80093773063708
2007.7082 34.84 138.27 -28.27234547027798 10.11789292923879
2007.7356 34.84 138.27 -45.69949821674947 15.19549048411402
2007.7630 34.84 138.27 -18.84806349618329 10.83373781165674
2007.7904 34.84 138.27 -38.94008635216779 15.17313599848291
2007.8178 34.84 138.27 -36.30949284334109 17.92943152997995
2007.8452 34.84 138.27 -24.97736050138209 13.89400796587827
2007.8726 34.84 138.27 -20.75299855446242 16.46317099877995
2007.9000 34.84 138.27 -33.48801342379291 17.34509895546034
2007.9274 34.84 138.27 -51.67436740861973 17.26649777439943
2007.9548 34.84 138.27 -38.91733461759384 12.59542724336084
2007.9822 34.84 138.27 -54.14308190803808 15.96846165758407
2008.0096 34.84 138.27 -22.97306429856607 13.89005925276164
2008.0370 34.84 138.27 -40.81960752110788 14.54828374876375
2008.0644 34.84 138.27 -19.63967169778128 17.17275203881018
2008.0918 34.84 138.27 -17.88389331488450 12.93978302334650
2008.1192 34.84 138.27 -6.38302674449114 15.84405457990542
2008.1466 34.84 138.27 -5.76118088450273 18.76510031176021
2008.1740 34.84 138.27 -14.48398324327879 16.16866864643490
2008.2014 34.84 138.27 -9.74923286648263 17.82968124082625
2008.2288 34.84 138.27 15.47032313483602 19.69708827911828
2008.2562 34.84 138.27 -19.84009514835160 18.73089883965496
2008.2836 34.84 138.27 -4.51553920117783 22.59503045616182
2008.3110 34.84 138.27 -13.28155021446567 23.64274755757372
2008.3384 34.84 138.27 -11.35911970185064 17.33510225094022
2008.3658 34.84 138.27 -5.75197293713649 17.50214716619239
2008.3932 34.84 138.27 -19.80262946180158 15.49214297923470
2008.4205 34.84 138.27 -13.53795519594581 13.50433794623160
2008.4479 34.84 138.27 -36.96995571235286 14.01739554645238
2008.4753 34.84 138.27 -14.08316178247166 13.43452437163690
2008.5027 34.84 138.27 -37.89171411867262 16.62304171800033
2008.5301 34.84 138.27 -11.14911364890671 20.56638260470031
2008.5575 34.84 138.27 -14.06123668614611 12.85848048602558
2008.5849 34.84 138.27 -30.49020318061953 15.44306337384540
2008.6123 34.84 138.27 -12.79774138279786 12.23251225825321
2008.6397 34.84 138.27 -3.94961241697238 13.69971595344981
2008.6671 34.84 138.27 -1.30763337200995 12.99388433295816
2008.6945 34.84 138.27 -36.52055392646188 12.50548424605700
2008.7219 34.84 138.27 6.08389937251132 14.92447419631464
2008.7493 34.84 138.27 -17.46723905922758 13.34674494484769
2008.7767 34.84 138.27 -16.00682774128339 16.10476329264206
2008.8041 34.84 138.27 -27.54171459824790 16.27678118734089
2008.8315 34.84 138.27 -8.34903997813952 18.23308366494625
2008.8589 34.84 138.27 -48.17059204337585 21.36384586495893
2008.8863 34.84 138.27 -13.35786384430460 20.48548938065699
2008.9137 34.84 138.27 -39.54303566450067 19.61400060291259
2008.9411 34.84 138.27 -34.01441595581740 20.18264559555525
2008.9685 34.84 138.27 -19.15755522354957 18.78486935120669
2008.9945 34.84 138.27 -35.93556925941722 15.98577621203882
2009.0205 34.84 138.27 -25.32141721895969 15.90996190160186
2009.0479 34.84 138.27 -22.23947821541264 15.91908102842905
2009.0753 34.84 138.27 -13.35695933964066 14.95008957140954
2009.1027 34.84 138.27 -40.01358244821995 19.09570938065167
2009.1301 34.84 138.27 -12.75556118504552 14.82458024190988
2009.1575 34.84 138.27 -14.79203111756602 14.94668873612752
2009.1849 34.84 138.27 22.62194288059981 17.96454536332059
2009.2123 34.84 138.27 -3.16163609727435 14.60831538439368
2009.2397 34.84 138.27 5.73051470270065 17.16871748638575
2009.2671 34.84 138.27 -4.51664371553915 14.17992405490975
2009.2945 34.84 138.27 0.80418722501648 14.61029791494136
2009.3219 34.84 138.27 -5.10048857200890 15.19297534086024
2009.3493 34.84 138.27 9.34725408528267 13.77981545046779
2009.3767 34.84 138.27 -11.91095010068313 14.50652143108164
2009.4041 34.84 138.27 -24.70156556329628 12.46238508896747
2009.4315 34.84 138.27 -21.85677651709233 14.80147078339238
2009.4589 34.84 138.27 -29.78044102355288 12.02809632010319
2009.4863 34.84 138.27 -8.06055510059708 13.37866403554847
2009.5137 34.84 138.27 -20.10587304657075 12.47002867943436
2009.5411 34.84 138.27 7.34785678417376 15.72966652169837
2009.5685 34.84 138.27 -2.77344584938750 16.86270691494526
2009.5959 34.84 138.27 -17.17385426506016 14.58859101692155
2009.6233 34.84 138.27 -8.43866142956600 15.56416617795978
2009.6507 34.84 138.27 -23.48054759517408 15.03938865051357
2009.6781 34.84 138.27 -16.69317035742676 16.35739438939958
2009.7055 34.84 138.27 -19.37102223234187 17.23098047181498
2009.7329 34.84 138.27 -42.18654025040946 16.42372701509996
2009.7603 34.84 138.27 -41.04860416261909 18.82520685832849
2009.7877 34.84 138.27 -35.56529570376919 17.31760818398941
2009.8151 34.84 138.27 -35.16958348901481 18.85401493257109
2009.8425 34.84 138.27 -43.23055829345509 16.94526110520431
2009.8699 34.84 138.27 -22.66933525648690 16.09140676562922
2009.8973 34.84 138.27 -10.90967610318252 14.94683844158482
2009.9247 34.84 138.27 -28.79448258775718 14.40252568394894
2009.9521 34.84 138.27 -20.63944865846208 13.70317649366682
2009.9795 34.84 138.27 -30.19337424907702 14.08884561267479
2010.0068 34.84 138.27 -41.31576862029027 18.53161355515772
2010.0342 34.84 138.27 -17.61410748550245 13.93886137685660
2010.0616 34.84 138.27 1.91323191297242 14.39568826224490
2010.0890 34.84 138.27 -11.61374125182056 17.82143433706366
2010.1164 34.84 138.27 -51.73806750457305 18.41836688592910
2010.1438 34.84 138.27 0.07060660572028 17.35178959317509
2010.1712 34.84 138.27 -56.37097774695511 16.54630628683516
2010.1986 34.84 138.27 -33.20190575665686 15.82346892671210
2010.2260 34.84 138.27 -12.51750402091677 17.37596785834907
2010.2534 34.84 138.27 5.85356161908637 17.79687066821976
2010.2808 34.84 138.27 23.95986510146284 13.32039045986434
2010.3082 34.84 138.27 -6.15403671141504 14.12417127389594
2010.3356 34.84 138.27 1.57199427360343 12.39068741527982
2010.3630 34.84 138.27 -16.54195044625935 13.27147441407355
2010.3904 34.84 138.27 -5.44610517874973 13.23990444548826
2010.4178 34.84 138.27 10.60971706567785 14.20798562282043
2010.4452 34.84 138.27 -4.36397186580265 12.33043987741933
2010.4726 34.84 138.27 26.96186329876704 10.89804349762404
2010.5000 34.84 138.27 3.97472161058062 12.69963458430840
2010.5274 34.84 138.27 12.72710120223480 21.60531197575025
2010.5548 34.84 138.27 -15.76628368658735 13.28561580617506
2010.5822 34.84 138.27 -16.04181283498518 11.85557087298877
2010.6096 34.84 138.27 -6.44074386498457 15.98313156859509
2010.6370 34.84 138.27 -18.26112889112274 14.00820653042466
2010.6644 34.84 138.27 -39.48683248906026 12.98605109621065
2010.6918 34.84 138.27 -35.53995957635827 16.10839529126009
2010.7192 34.84 138.27 -4.26199061898947 14.90854946628667
2010.7466 34.84 138.27 -35.89401187734841 17.69516397905472
2010.7740 34.84 138.27 -0.11014729972874 13.70282713156019
2010.8014 34.84 138.27 -23.21192025309015 13.16034134238832
2010.8288 34.84 138.27 -7.73128501656962 15.33720851656551
2010.8562 34.84 138.27 -27.15322330023654 14.96944029208728
2010.8836 34.84 138.27 -40.14883815560675 13.55808227626488
2010.9110 34.84 138.27 -27.91034542609101 15.14777234331473
2010.9384 34.84 138.27 -48.77729314931851 15.81224096020693
2010.9658 34.84 138.27 -26.99002840597862 17.55979839454711
2010.9932 34.84 138.27 -22.87028404949426 12.41270793119436
2011.1027 34.84 138.27 -15.90820026763916 12.46585733908707
2011.1301 34.84 138.27 -10.61939723667270 20.80150862408662
2011.1575 34.84 138.27 1.35417736580619 13.26614146334703
2011.1849 34.84 138.27 27.07725526425816 10.06748478633701
2011.2123 34.84 138.27 19.14181967590417 17.65713383603045
2011.2397 34.84 138.27 -8.87254976907704 18.60243657107680
2011.2671 34.84 138.27 13.08218703316570 14.62301515367006
2011.2945 34.84 138.27 14.03221265403333 17.46728510608990
2011.3219 34.84 138.27 24.55345507827180 16.28968662698463
2011.3493 34.84 138.27 24.44849063070721 14.32102651590532
2011.3767 34.84 138.27 34.14310856822724 17.14834544470379
2011.4041 34.84 138.27 23.05118678250652 14.70752307196461
2011.4315 34.84 138.27 28.62928989722575 14.34412799217292
2011.5137 34.84 138.27 39.68082113220012 13.09322919914739
2011.5411 34.84 138.27 47.19587699438542 14.30036307402606
2011.5685 34.84 138.27 18.28918913270340 13.77046937268509
2011.5959 34.84 138.27 47.69827177176393 14.97585499966502
2011.6233 34.84 138.27 18.89387966402638 14.80667611613468
2011.6507 34.84 138.27 15.59368217966092 18.19936967704729
2011.6781 34.84 138.27 30.04376982263859 16.88070510925480
2011.7055 34.84 138.27 31.72778265714757 16.99583785245569
2011.7329 34.84 138.27 11.36862631588686 20.01994604047887
2011.7603 34.84 138.27 14.21595505440389 16.94064162744111
2011.7877 34.84 138.27 12.13773350000771 18.19170922283538
2011.8151 34.84 138.27 12.35914223762993 17.74036333884941
2011.8425 34.84 138.27 4.81665811186318 19.55599511307015
2011.8699 34.84 138.27 18.37194213066012 18.05806569413251
2011.9521 34.84 138.27 4.35724805986630 10.91847507717886
2011.9795 34.84 138.27 -9.58110311730925 15.30132462932413
2012.0068 34.84 138.27 11.96341466966734 14.08815447270898
2012.0342 34.84 138.27 13.90762690270952 17.04991505288800
2012.0616 34.84 138.27 4.29696832894034 14.70913813152252
2012.0890 34.84 138.27 26.45594528012318 14.43278944635649
2012.1164 34.84 138.27 7.60615006107982 14.02744168814368
2012.1438 34.84 138.27 31.71425554530585 14.49761854469987
2012.1712 34.84 138.27 67.15444111502893 13.63048924571582
2012.1986 34.84 138.27 49.07892203322861 12.24914153351731
2012.2260 34.84 138.27 25.78340075906513 12.74426282882726
2012.2534 34.84 138.27 21.96172143792379 12.36086564285587
2012.2808 34.84 138.27 19.30458286826156 11.46113826449781
2012.3082 34.84 138.27 26.46941841431443 12.71727705062301
2012.3904 34.84 138.27 11.60618977706363 13.37813506088027
2012.4178 34.84 138.27 1.28347427439856 10.42309520237176
2012.4452 34.84 138.27 29.84605537518533 10.22325321284377
2012.4726 34.84 138.27 15.41061127221711 11.14275613753249
2012.5000 34.84 138.27 25.19280554719331 10.48887127709412
2012.5274 34.84 138.27 26.70560768111682 11.27999380469215
2012.5548 34.84 138.27 20.20339825260282 11.26428211420254
2012.5822 34.84 138.27 27.24232963851007 12.03625716388578
2012.6096 34.84 138.27 43.24233034001075 12.02692333249961
2012.6370 34.84 138.27 25.97416856726184 10.97468378909447
2012.6644 34.84 138.27 25.86444919301172 12.14825956325020
2012.6918 34.84 138.27 23.94815026973269 12.60536911457955
2012.7192 34.84 138.27 41.24865975895100 15.58537013409087
2012.7466 34.84 138.27 18.05766363026645 10.09495026735885
2012.8562 34.84 138.27 6.61676139574066 16.01512430316658
2012.8836 34.84 138.27 -1.24717401188054 15.15283218821310
2012.9110 34.84 138.27 -1.16815449927990 14.27755424330844
2012.9384 34.84 138.27 12.82561780886786 13.31037532589182
2012.9658 34.84 138.27 23.47788138024442 15.56926362432951
2012.9918 34.84 138.27 7.24824978620418 7.18240764539592
2013.0178 34.84 138.27 12.69230043014315 8.71699002263325
2013.0452 34.84 138.27 21.31844648137267 8.62342197766823
2013.0726 34.84 138.27 21.66736546978851 7.85366987228990
2013.1000 34.84 138.27 49.17770392053178 8.08483349673243
2013.1274 34.84 138.27 34.99025095506634 7.36669052146237
2013.1548 34.84 138.27 42.34992774283317 6.60015251372375
2013.2644 34.84 138.27 60.74684030678538 7.24347930759249
2013.2918 34.84 138.27 64.24802673032444 7.63821655613868
2013.3192 34.84 138.27 60.62677123168356 8.61408183202459
2013.3466 34.84 138.27 56.93333353747240 8.88520794506763
2013.3740 34.84 138.27 47.11822980677627 7.44478042833118
2013.4014 34.84 138.27 61.41119678406876 7.72849716097099
2013.4288 34.84 138.27 41.74851779629519 6.61194842673311
2013.4562 34.84 138.27 30.93595131674224 6.71619109227353
2013.4836 34.84 138.27 16.56631297359501 6.96277728126181
2013.5110 34.84 138.27 70.66286322674232 8.03857930413846
2013.5384 34.84 138.27 65.54325062819218 7.63152780011748
2013.5658 34.84 138.27 41.31525854354902 8.17796095016343
2013.7575 34.84 138.27 1.85931220578409 7.52966722354803
2013.7849 34.84 138.27 33.47427421384285 7.94872648691948
2013.8123 34.84 138.27 27.42274659153992 7.20655629146985
2013.8397 34.84 138.27 -2.67502104769447 7.33467292759292
2013.8671 34.84 138.27 4.25836355576573 7.79824120337527
2013.8945 34.84 138.27 18.54080613436824 7.28808649746403
2013.9219 34.84 138.27 11.33563181546960 6.30471051219535
2013.9493 34.84 138.27 8.45746308330526 6.85604803310356
2013.9767 34.84 138.27 19.22874273990726 6.80711453922027
2014.0041 34.84 138.27 32.93397588007451 6.60766220629334
2014.0315 34.84 138.27 27.78270806567721 6.98612935872933
2014.1685 34.84 138.27 29.74689992063546 7.30124888812322
2014.1959 34.84 138.27 45.41390750514721 7.78450604771630
2014.2233 34.84 138.27 32.55857568946281 7.27985280542641
2014.2507 34.84 138.27 46.27495796560461 6.58048186895344
2014.2781 34.84 138.27 36.31355673281154 7.04587347903150
2014.3055 34.84 138.27 -4.27617146640394 6.70398755399702
2014.3329 34.84 138.27 4.03098049587067 5.26511140966211
2014.3603 34.84 138.27 10.57486777653879 6.19671383269757
2014.3877 34.84 138.27 43.74284045762310 6.21213436787612
2014.4151 34.84 138.27 37.32220544170102 6.11815167403111
2014.4425 34.84 138.27 53.27330984264832 6.56604189399726
2014.4699 34.84 138.27 42.05460560134249 6.42323164842559
2014.5795 34.84 138.27 36.21662734637547 5.09387929155350
2014.6068 34.84 138.27 70.45945652952618 5.59457348446114
2014.6342 34.84 138.27 74.50491234152024 4.91691431779970
2014.6616 34.84 138.27 33.25545004741316 5.71211666357824
2014.6890 34.84 138.27 37.81561908461076 5.56154296199868
2014.7164 34.84 138.27 37.14096985010900 5.42435211275983
2014.7438 34.84 138.27 26.53067531487610 6.03387314945120
2014.7712 34.84 138.27 -4.19150611482556 5.95928211759680
2014.7986 34.84 138.27 16.99728516015250 5.10505527167963
2014.8260 34.84 138.27 39.10654875345453 5.05439714905363
2014.8534 34.84 138.27 25.99040740373124 5.40352065264315
2014.8808 34.84 138.27 26.45087828638019 5.42427495004462
2014.9082 34.84 138.27 32.15379906074889 5.55583179288974
2015.0452 34.84 138.27 41.58920077796048 3.82273235123691
2015.0726 34.84 138.27 64.65806515080600 4.33443615596312
2015.1000 34.84 138.27 43.63255899141948 3.70762644659538
2015.1274 34.84 138.27 53.71661833165980 3.41050904728114
2015.1548 34.84 138.27 64.45912775919206 4.16243586179464
2015.1822 34.84 138.27 36.95989231910137 3.81905682840722
2015.2096 34.84 138.27 39.84758509743142 5.61877744368866
2015.2370 34.84 138.27 12.58582101538642 6.21451772675264
2015.2644 34.84 138.27 64.93271112684013 5.33955197695720
2015.2918 34.84 138.27 66.00340714330821 5.24208057522523
2015.3192 34.84 138.27 67.71470875002656 5.02886881237237
2015.3466 34.84 138.27 43.79856575738307 5.53680288003121
2015.4836 34.84 138.27 62.53052135144318 4.49763178415174
2015.5110 34.84 138.27 18.81702936254351 4.47225189804209
2015.5384 34.84 138.27 40.21508910573758 5.09143631322732
2015.5658 34.84 138.27 70.15877369185496 5.45175914306029
2015.5932 34.84 138.27 40.28832915469428 5.78636849884011
2015.6205 34.84 138.27 44.57679498382934 5.44081671536680
2015.6479 34.84 138.27 42.17376759192108 5.32332440093491
2015.6753 34.84 138.27 51.57275910390590 4.96313892066450
2015.7027 34.84 138.27 41.18524337491664 5.66722449609516
2015.7301 34.84 138.27 43.68107628707396 5.54814683201054
2015.9493 34.84 138.27 34.77185191392729 5.28816288627530
2015.9767 34.84 138.27 45.54823619000595 5.86043984895614
2016.0041 34.84 138.27 39.66694313168566 5.16090135998725
2016.0315 34.84 138.27 11.08302824155910 4.88957490658040
2016.0589 34.84 138.27 48.64115116754482 4.99270912888369
2016.0863 34.84 138.27 40.41069468608261 4.34700880759359
2016.1137 34.84 138.27 39.75630948336126 5.10905814560109
2016.1411 34.84 138.27 50.91473370395546 6.35214899255175
2016.1685 34.84 138.27 61.97105974389770 7.04716875246175
2016.1959 34.84 138.27 71.86614055770488 6.96636447543932
2016.2233 34.84 138.27 37.16669450004146 7.13776853257064
2016.2507 34.84 138.27 44.47328134168817 5.26907724486875
2016.3603 34.84 138.27 40.67433905832343 4.95481666734195
2016.3877 34.84 138.27 30.57465588255901 6.12047153664400
2016.4151 34.84 138.27 11.48030825785426 5.91447383544412
2016.4425 34.84 138.27 29.62096539300744 6.52576513582287
2016.4699 34.84 138.27 41.62438489214050 6.37125420991140
