2002.5877 60.24 24.38 0.590 -0.680 5.839 0.119 0.110 0.559
2002.6151 60.24 24.38 0.129 -0.420 4.549 0.114 0.105 0.533
2002.6425 60.24 24.38 0.315 -0.683 4.937 0.116 0.107 0.543
2002.6699 60.24 24.38 0.252 -0.666 8.507 0.101 0.093 0.477
2002.6973 60.24 24.38 0.300 -1.040 10.871 0.192 0.125 0.779
2002.7247 60.24 24.38 0.376 -1.154 7.936 0.107 0.100 0.504
2002.7521 60.24 24.38 0.192 -0.827 6.454 0.099 0.093 0.469
2002.7795 60.24 24.38 0.158 -1.176 8.786 0.115 0.107 0.543
2002.8068 60.24 24.38 0.038 -1.576 8.354 0.103 0.096 0.485
2002.8342 60.24 24.38 -0.062 -1.070 4.569 0.102 0.095 0.480
2002.8616 60.24 24.38 -0.049 -0.693 5.480 0.108 0.095 0.504
2002.8890 60.24 24.38 -0.181 -0.617 5.807 0.103 0.096 0.486
2002.9164 60.24 24.38 -0.072 -0.891 4.195 0.111 0.103 0.523
2003.0260 60.24 24.38 -0.067 -0.624 1.725 0.126 0.117 0.592
2003.0534 60.24 24.38 -0.003 -0.370 2.648 0.202 0.190 0.932
2003.0808 60.24 24.38 -0.438 -0.392 0.892 0.183 0.169 0.851
2003.1082 60.24 24.38 -0.180 -0.269 1.555 0.107 0.098 0.508
2003.1356 60.24 24.38 0.248 -0.068 2.108 0.100 0.091 0.475
2003.1630 60.24 24.38 0.233 -0.147 3.955 0.105 0.097 0.500
2003.1904 60.24 24.38 -0.299 0.066 2.602 0.124 0.113 0.585
2003.2178 60.24 24.38 -0.207 -0.000 2.490 0.104 0.095 0.493
2003.2452 60.24 24.38 -0.401 0.205 2.101 0.101 0.093 0.479
2003.2726 60.24 24.38 -0.363 0.194 4.240 0.098 0.091 0.468
2003.3000 60.24 24.38 -0.087 0.316 4.924 0.096 0.089 0.457
2003.3274 60.24 24.38 -0.036 -0.020 5.099 0.125 0.116 0.586
2003.3548 60.24 24.38 0.157 0.297 4.377 0.135 0.127 0.630
2003.3822 60.24 24.38 0.044 0.319 4.913 0.125 0.116 0.591
2003.5192 60.24 24.38 0.002 -0.377 2.840 0.128 0.121 0.598
2003.5466 60.24 24.38 -0.131 -0.461 4.500 0.141 0.134 0.654
2003.5740 60.24 24.38 -0.114 -0.623 7.301 0.163 0.155 0.753
2003.6014 60.24 24.38 -0.044 -0.588 5.397 0.141 0.134 0.655
2003.6288 60.24 24.38 -0.136 -0.996 6.230 0.134 0.127 0.626
2003.6562 60.24 24.38 -0.182 -0.913 4.671 0.144 0.136 0.668
2003.6836 60.24 24.38 -0.168 -0.616 5.413 0.141 0.134 0.656
2003.7110 60.24 24.38 -0.147 -0.617 5.947 0.113 0.106 0.530
2003.7384 60.24 24.38 -0.006 -0.818 7.279 0.135 0.128 0.628
2003.7658 60.24 24.38 -0.271 -0.516 6.228 0.124 0.117 0.579
2003.7932 60.24 24.38 -0.014 -0.287 5.336 0.138 0.131 0.641
2003.8205 60.24 24.38 -0.008 -0.619 4.565 0.151 0.142 0.698
2003.8479 60.24 24.38 -0.253 -0.356 4.410 0.134 0.126 0.626
2003.8753 60.24 24.38 0.050 -0.298 4.099 0.139 0.131 0.643
2003.9027 60.24 24.38 -0.243 -0.274 2.666 0.128 0.121 0.599
2003.9301 60.24 24.38 -0.190 -0.162 1.944 0.133 0.125 0.619
2003.9575 60.24 24.38 -0.109 -0.093 2.005 0.148 0.140 0.685
2003.9849 60.24 24.38 -0.246 0.075 -0.211 0.142 0.133 0.655
2004.0123 60.24 24.38 -0.376 -0.260 -0.071 0.152 0.143 0.702
2004.0397 60.24 24.38 -0.178 0.015 1.279 0.130 0.122 0.613
2004.0945 60.24 24.38 -0.491 0.243 -0.367 0.122 0.114 0.573
2004.1219 60.24 24.38 -0.341 0.481 -0.286 0.129 0.121 0.600
2004.1493 60.24 24.38 -0.512 0.590 2.002 0.152 0.143 0.700
2004.1767 60.24 24.38 -0.539 0.596 1.074 0.162 0.151 0.739
2004.2041 60.24 24.38 -0.131 0.821 -0.494 0.133 0.125 0.615
2004.2315 60.24 24.38 -0.404 0.904 -0.314 0.136 0.127 0.626
2004.2589 60.24 24.38 -0.352 0.887 0.029 0.140 0.131 0.647
2004.2863 60.24 24.38 -0.331 1.296 0.437 0.141 0.132 0.651
2004.3137 60.24 24.38 -0.304 1.039 -0.438 0.134 0.126 0.621
2004.3411 60.24 24.38 -0.083 1.061 3.523 0.147 0.138 0.677
2004.3685 60.24 24.38 -0.437 0.815 1.719 0.142 0.133 0.659
2004.3959 60.24 24.38 -0.001 0.782 0.813 0.125 0.117 0.583
2004.4233 60.24 24.38 0.078 0.533 -0.363 0.120 0.113 0.561
2004.4507 60.24 24.38 0.128 0.284 0.872 0.107 0.100 0.502
2004.4781 60.24 24.38 -0.007 -0.077 1.433 0.118 0.110 0.549
2004.5055 60.24 24.38 -0.078 0.076 -1.152 0.115 0.107 0.536
2004.5329 60.24 24.38 -0.406 0.067 1.175 0.109 0.101 0.509
2004.5603 60.24 24.38 -0.143 0.077 3.214 0.112 0.104 0.523
2004.5877 60.24 24.38 -0.200 0.009 3.681 0.113 0.105 0.529
2004.6151 60.24 24.38 -0.311 -0.032 4.353 0.124 0.116 0.579
2004.6425 60.24 24.38 -0.258 -0.050 4.065 0.106 0.099 0.498
2004.6699 60.24 24.38 -0.216 -0.085 4.671 0.106 0.099 0.500
2004.6973 60.24 24.38 -0.057 -0.209 1.691 0.100 0.092 0.471
2004.7247 60.24 24.38 0.088 -0.232 0.396 0.114 0.106 0.535
2004.7521 60.24 24.38 0.137 -0.424 1.487 0.110 0.102 0.515
2004.7795 60.24 24.38 0.218 -0.309 0.804 0.107 0.099 0.501
2004.8068 60.24 24.38 0.059 -0.242 1.529 0.118 0.110 0.552
2004.8342 60.24 24.38 -0.269 -0.291 0.928 0.117 0.109 0.545
2004.8616 60.24 24.38 0.025 -0.066 -0.762 0.103 0.096 0.486
2004.8890 60.24 24.38 -0.221 -0.066 -1.428 0.103 0.096 0.485
2004.9164 60.24 24.38 -0.037 -0.266 -2.581 0.112 0.105 0.525
2004.9438 60.24 24.38 -0.158 -0.158 -0.639 0.124 0.115 0.580
2004.9712 60.24 24.38 -0.302 -0.018 -2.516 0.113 0.105 0.525
2004.9973 60.24 24.38 -0.387 -0.002 -1.611 0.109 0.102 0.511
2005.0233 60.24 24.38 -0.301 0.211 -3.631 0.125 0.117 0.580
2005.0507 60.24 24.38 -0.335 0.114 -3.100 0.181 0.166 0.817
2005.0781 60.24 24.38 -0.251 0.667 -2.865 0.139 0.129 0.637
2005.1055 60.24 24.38 -0.444 0.727 -3.037 0.138 0.128 0.633
2005.1329 60.24 24.38 -0.493 0.682 -4.206 0.141 0.131 0.647
2005.1603 60.24 24.38 -0.645 1.218 -2.580 0.127 0.118 0.587
2005.1877 60.24 24.38 -0.555 1.219 -1.571 0.128 0.120 0.596
2005.2151 60.24 24.38 -0.413 1.136 -4.457 0.121 0.113 0.564
2005.2425 60.24 24.38 -0.615 1.072 -3.469 0.116 0.108 0.542
2005.2699 60.24 24.38 -0.145 0.917 -2.374 0.124 0.115 0.574
2005.2973 60.24 24.38 -0.162 0.871 -4.555 0.130 0.122 0.604
2005.3247 60.24 24.38 -0.249 1.218 -0.790 0.137 0.128 0.635
2005.3521 60.24 24.38 -0.385 0.901 -2.105 0.061 0.055 0.306
2005.3795 60.24 24.38 -0.324 0.936 -3.286 0.129 0.120 0.597
2005.4068 60.24 24.38 -0.092 0.885 -0.724 0.118 0.110 0.552
2005.4342 60.24 24.38 -0.301 0.547 0.200 0.135 0.126 0.630
2005.4616 60.24 24.38 -0.342 0.684 -0.490 0.123 0.115 0.572
2005.4890 60.24 24.38 -0.130 0.688 -0.095 0.117 0.109 0.544
2005.5164 60.24 24.38 -0.048 0.557 2.031 0.116 0.108 0.542
2005.5438 60.24 24.38 -0.144 0.509 2.874 0.126 0.117 0.583
2005.5712 60.24 24.38 -0.258 0.122 1.529 0.136 0.127 0.630
2005.5986 60.24 24.38 -0.388 0.097 0.274 0.139 0.130 0.642
2005.6260 60.24 24.38 -0.327 -0.200 0.765 0.123 0.115 0.574
2005.6534 60.24 24.38 -0.156 -0.465 1.156 0.130 0.121 0.600
2005.6808 60.24 24.38 -0.098 -0.126 0.697 0.127 0.119 0.590
2005.7082 60.24 24.38 0.089 -0.313 0.953 0.152 0.143 0.701
2005.7356 60.24 24.38 0.068 -0.557 1.466 0.134 0.126 0.621
2005.7630 60.24 24.38 -0.112 -0.511 2.269 0.134 0.126 0.623
2005.7904 60.24 24.38 0.049 -0.833 3.620 0.126 0.119 0.589
2005.8178 60.24 24.38 0.251 -0.982 2.361 0.129 0.122 0.601
2005.8452 60.24 24.38 0.234 -1.411 0.807 0.139 0.131 0.644
2005.8726 60.24 24.38 -0.009 -0.844 1.173 0.121 0.113 0.562
2005.9000 60.24 24.38 -0.278 -0.355 1.414 0.118 0.110 0.551
2005.9274 60.24 24.38 -0.270 -0.683 1.097 0.126 0.116 0.590
2005.9548 60.24 24.38 -0.431 -0.328 1.810 0.123 0.111 0.593
2005.9822 60.24 24.38 -0.224 0.047 0.989 0.118 0.109 0.556
2006.0096 60.24 24.38 -0.369 -0.225 0.159 0.127 0.118 0.592
2006.0370 60.24 24.38 -0.130 0.064 0.527 0.158 0.149 0.732
2006.0644 60.24 24.38 -0.269 0.297 0.751 0.160 0.151 0.743
2006.0918 60.24 24.38 -0.403 0.147 -0.725 0.159 0.150 0.735
2006.1192 60.24 24.38 -0.547 0.218 -1.257 0.178 0.169 0.821
2006.1466 60.24 24.38 -0.590 0.232 -1.814 0.141 0.133 0.655
2006.1740 60.24 24.38 -0.775 -0.197 -1.201 0.157 0.149 0.724
2006.2014 60.24 24.38 -0.730 0.391 -0.452 0.123 0.116 0.576
2006.2288 60.24 24.38 -0.736 0.176 0.036 0.157 0.149 0.727
2006.2562 60.24 24.38 -0.597 -0.112 0.029 0.147 0.140 0.682
2006.2836 60.24 24.38 -0.692 0.522 -1.302 0.144 0.138 0.670
2006.3110 60.24 24.38 -0.393 0.559 0.152 0.154 0.147 0.712
2006.3384 60.24 24.38 -0.101 0.412 1.499 0.139 0.133 0.648
2006.3658 60.24 24.38 -0.049 0.650 3.478 0.154 0.147 0.713
2006.3932 60.24 24.38 -0.026 0.467 2.025 0.152 0.145 0.704
2006.4205 60.24 24.38 -0.233 0.689 0.900 0.153 0.146 0.709
2006.4479 60.24 24.38 -0.227 0.675 2.837 0.170 0.161 0.786
2006.4753 60.24 24.38 -0.075 0.180 3.559 0.170 0.162 0.787
2006.5027 60.24 24.38 -0.167 0.285 2.964 0.175 0.168 0.813
2006.5301 60.24 24.38 -0.067 0.061 3.815 0.207 0.199 0.955
2006.5575 60.24 24.38 0.088 -0.036 4.487 0.166 0.159 0.769
2006.5849 60.24 24.38 -0.025 -0.113 4.410 0.170 0.163 0.789
2006.6123 60.24 24.38 -0.475 -0.229 3.639 0.207 0.200 0.955
2006.6397 60.24 24.38 -0.523 -1.141 4.834 0.177 0.170 0.818
2006.6671 60.24 24.38 -0.398 -1.252 4.840 0.162 0.155 0.750
2006.6945 60.24 24.38 -0.340 -1.113 2.452 0.205 0.197 0.945
2006.7219 60.24 24.38 -0.016 -1.060 2.793 0.194 0.185 0.896
2006.7493 60.24 24.38 0.045 -1.164 3.231 0.230 0.221 1.060
2006.7767 60.24 24.38 -0.179 -1.402 5.231 0.199 0.191 0.919
2006.8041 60.24 24.38 0.069 -1.334 3.999 0.162 0.155 0.750
2006.8315 60.24 24.38 -0.005 -1.176 1.581 0.187 0.179 0.863
2006.8589 60.24 24.38 -0.166 -0.660 2.027 0.183 0.174 0.842
2006.8863 60.24 24.38 -0.093 -0.582 -0.313 0.176 0.167 0.810
2006.9137 60.24 24.38 -0.053 -0.316 -0.861 0.171 0.162 0.792
2006.9411 60.24 24.38 -0.336 -0.237 -1.087 0.169 0.160 0.780
2006.9685 60.24 24.38 -0.033 -0.115 -3.035 0.169 0.160 0.783
2006.9959 60.24 24.38 -0.145 -0.233 -3.157 0.170 0.159 0.786
2007.0233 60.24 24.38 -0.227 -0.108 -1.795 0.158 0.148 0.736
2007.0507 60.24 24.38 -0.373 -0.079 -5.497 0.165 0.154 0.763
2007.0781 60.24 24.38 -0.405 0.074 -4.068 0.167 0.158 0.770
2007.1055 60.24 24.38 -0.122 0.272 -2.990 0.149 0.141 0.693
2007.1329 60.24 24.38 -0.062 0.175 -4.114 0.163 0.154 0.753
2007.1603 60.24 24.38 -0.228 0.453 -2.188 0.154 0.146 0.716
2007.1877 60.24 24.38 -0.115 0.903 -0.678 0.197 0.188 0.907
2007.2151 60.24 24.38 -0.314 0.344 -3.028 0.176 0.168 0.812
2007.2425 60.24 24.38 -0.315 0.575 -1.578 0.169 0.161 0.782
2007.2699 60.24 24.38 -0.061 0.902 -1.616 0.137 0.129 0.637
2007.2973 60.24 24.38 -0.116 0.968 -0.490 0.129 0.121 0.603
2007.3247 60.24 24.38 -0.132 0.907 -2.390 0.156 0.149 0.723
2007.3521 60.24 24.38 0.057 0.943 -0.243 0.170 0.162 0.786
2007.3795 60.24 24.38 0.038 0.904 -0.230 0.178 0.170 0.822
2007.4068 60.24 24.38 0.183 0.726 0.288 0.150 0.142 0.694
2007.4342 60.24 24.38 0.409 0.924 1.309 0.144 0.136 0.667
2007.4616 60.24 24.38 0.477 0.815 0.861 0.186 0.178 0.858
2007.4890 60.24 24.38 0.343 0.355 -1.269 0.145 0.137 0.673
2007.5164 60.24 24.38 0.183 0.096 -0.038 0.152 0.144 0.705
2007.5438 60.24 24.38 0.273 -0.031 1.063 0.148 0.140 0.686
2007.5712 60.24 24.38 0.041 -0.173 0.928 0.152 0.144 0.704
2007.5986 60.24 24.38 0.313 -0.391 1.282 0.185 0.176 0.853
2007.6260 60.24 24.38 0.366 -0.574 3.672 0.152 0.144 0.705
2007.6534 60.24 24.38 0.266 -0.243 3.690 0.155 0.146 0.716
2007.6808 60.24 24.38 0.054 -0.457 3.187 0.163 0.154 0.754
2007.7082 60.24 24.38 0.247 -0.474 3.110 0.123 0.114 0.577
2007.7356 60.24 24.38 0.493 -0.475 2.666 0.168 0.158 0.774
2007.7630 60.24 24.38 0.402 -0.603 2.355 0.131 0.122 0.614
2007.7904 60.24 24.38 0.263 -0.604 2.334 0.164 0.155 0.759
2007.8178 60.24 24.38 0.207 -0.246 2.037 0.188 0.178 0.865
2007.8452 60.24 24.38 0.429 -0.458 1.870 0.154 0.146 0.717
2007.8726 60.24 24.38 0.252 -0.441 0.221 0.179 0.170 0.828
2007.9000 60.24 24.38 -0.051 -0.712 -0.699 0.193 0.181 0.889
2007.9274 60.24 24.38 0.122 -0.605 0.500 0.185 0.176 0.854
2007.9548 60.24 24.38 0.150 -0.382 -1.437 0.140 0.132 0.652
2007.9822 60.24 24.38 0.005 -0.223 -1.044 0.171 0.162 0.791
2008.0096 60.24 24.38 0.381 -0.290 -1.770 0.150 0.143 0.697
2008.0370 60.24 24.38 0.347 -0.445 -1.827 0.154 0.147 0.714
2008.0644 60.24 24.38 0.225 -0.467 -1.827 0.176 0.169 0.814
2008.0918 60.24 24.38 0.161 -0.123 -2.360 0.143 0.136 0.667
2008.1192 60.24 24.38 0.460 0.374 -3.408 0.166 0.159 0.770
2008.1466 60.24 24.38 0.442 0.181 -3.042 0.192 0.184 0.888
2008.1740 60.24 24.38 0.138 0.664 -4.770 0.169 0.161 0.782
2008.2014 60.24 24.38 -0.048 0.473 -1.521 0.180 0.173 0.830
2008.2288 60.24 24.38 0.006 0.617 -0.684 0.212 0.202 0.980
2008.2562 60.24 24.38 -0.239 0.780 -1.711 0.197 0.188 0.910
2008.2836 60.24 24.38 -0.140 1.127 -2.257 0.236 0.226 1.090
2008.3110 60.24 24.38 0.008 1.199 -2.988 0.243 0.233 1.121
2008.3384 60.24 24.38 0.246 0.572 -1.182 0.181 0.173 0.835
2008.3658 60.24 24.38 0.443 0.528 -1.252 0.185 0.176 0.856
2008.3932 60.24 24.38 0.406 0.304 -0.738 0.170 0.161 0.786
2008.4205 60.24 24.38 0.495 0.300 1.210 0.149 0.141 0.691
2008.4479 60.24 24.38 0.277 0.058 2.663 0.150 0.142 0.696
2008.4753 60.24 24.38 0.348 0.147 0.770 0.147 0.138 0.679
2008.5027 60.24 24.38 0.063 0.104 0.464 0.180 0.169 0.827
2008.5301 60.24 24.38 0.315 0.159 6.342 0.222 0.210 1.022
2008.5575 60.24 24.38 0.125 -0.075 2.980 0.147 0.138 0.682
2008.5849 60.24 24.38 0.226 0.048 4.361 0.164 0.155 0.754
2008.6123 60.24 24.38 0.178 -0.056 2.523 0.139 0.130 0.643
2008.6397 60.24 24.38 0.206 -0.161 1.598 0.151 0.142 0.699
2008.6671 60.24 24.38 0.123 -0.230 2.051 0.145 0.136 0.673
2008.6945 60.24 24.38 0.176 -0.151 1.643 0.141 0.132 0.654
2008.7219 60.24 24.38 0.146 -0.184 1.698 0.160 0.151 0.740
2008.7493 60.24 24.38 0.361 -0.541 3.259 0.145 0.137 0.674
2008.7767 60.24 24.38 0.363 -0.375 2.227 0.168 0.160 0.774
2008.8041 60.24 24.38 0.201 -0.316 1.290 0.168 0.160 0.778
2008.8315 60.24 24.38 0.327 -0.027 -0.179 0.191 0.182 0.879
2008.8589 60.24 24.38 0.354 -0.124 -0.694 0.222 0.212 1.021
2008.8863 60.24 24.38 0.266 -0.631 -0.431 0.213 0.203 0.981
2008.9137 60.24 24.38 -0.395 -0.214 -2.580 0.202 0.194 0.933
2008.9411 60.24 24.38 0.007 -0.101 -1.463 0.212 0.203 0.981
2008.9685 60.24 24.38 0.240 -0.141 -0.349 0.199 0.190 0.920
2008.9945 60.24 24.38 0.305 0.102 0.219 0.168 0.160 0.778
2009.0205 60.24 24.38 0.298 0.147 -2.153 0.164 0.157 0.762
2009.0479 60.24 24.38 0.396 0.339 -1.173 0.165 0.158 0.764
2009.0753 60.24 24.38 0.061 0.428 -1.991 0.159 0.152 0.738
2009.1027 60.24 24.38 0.056 0.758 -3.466 0.196 0.188 0.908
2009.1301 60.24 24.38 -0.120 0.528 -3.931 0.157 0.150 0.731
2009.1575 60.24 24.38 -0.004 0.916 -2.900 0.161 0.153 0.747
2009.1849 60.24 24.38 -0.258 0.706 -0.307 0.182 0.175 0.843
2009.2123 60.24 24.38 -0.142 1.026 -1.606 0.161 0.151 0.743
2009.2397 60.24 24.38 -0.157 0.843 -1.061 0.178 0.171 0.826
2009.2671 60.24 24.38 0.028 0.870 -1.020 0.150 0.143 0.696
2009.2945 60.24 24.38 0.014 0.742 -2.606 0.154 0.146 0.713
2009.3219 60.24 24.38 0.064 0.886 0.364 0.160 0.153 0.744
2009.3493 60.24 24.38 0.142 0.748 -1.261 0.148 0.141 0.687
2009.3767 60.24 24.38 0.365 0.568 -1.139 0.156 0.148 0.722
2009.4041 60.24 24.38 0.287 0.530 0.149 0.138 0.130 0.644
2009.4315 60.24 24.38 0.219 0.159 2.155 0.157 0.149 0.728
2009.4589 60.24 24.38 0.033 0.336 0.141 0.135 0.127 0.629
2009.4863 60.24 24.38 -0.082 0.043 1.034 0.149 0.140 0.690
2009.5137 60.24 24.38 0.128 0.303 1.321 0.145 0.135 0.670
2009.5411 60.24 24.38 -0.161 0.325 1.984 0.176 0.165 0.811
2009.5685 60.24 24.38 -0.273 0.265 1.083 0.189 0.178 0.874
2009.5959 60.24 24.38 -0.278 0.204 0.299 0.166 0.156 0.770
2009.6233 60.24 24.38 0.097 -0.017 2.006 0.171 0.161 0.789
2009.6507 60.24 24.38 -0.043 -0.304 2.263 0.165 0.155 0.760
2009.6781 60.24 24.38 0.046 -0.153 -0.649 0.175 0.165 0.806
2009.7055 60.24 24.38 -0.026 -0.070 -1.505 0.180 0.171 0.831
2009.7329 60.24 24.38 -0.054 0.020 -0.251 0.174 0.165 0.804
2009.7603 60.24 24.38 -0.013 -0.108 -1.616 0.198 0.188 0.914
2009.7877 60.24 24.38 0.163 -0.188 -1.235 0.183 0.174 0.844
2009.8151 60.24 24.38 0.255 -0.575 -0.675 0.195 0.186 0.900
2009.8425 60.24 24.38 0.260 -0.671 1.585 0.178 0.169 0.822
2009.8699 60.24 24.38 -0.122 -0.001 1.445 0.170 0.162 0.788
2009.8973 60.24 24.38 -0.062 -0.393 -0.693 0.160 0.152 0.739
2009.9247 60.24 24.38 -0.450 0.049 -1.037 0.162 0.152 0.750
2009.9521 60.24 24.38 -0.185 0.188 -2.531 0.150 0.142 0.696
2009.9795 60.24 24.38 -0.313 0.480 -2.704 0.154 0.146 0.716
2010.0068 60.24 24.38 -0.192 0.488 -3.003 0.193 0.184 0.889
2010.0342 60.24 24.38 -0.125 0.595 -3.625 0.152 0.144 0.706
2010.0616 60.24 24.38 -0.092 0.368 -3.971 0.156 0.148 0.722
2010.0890 60.24 24.38 -0.467 0.613 -4.872 0.184 0.176 0.849
2010.1164 60.24 24.38 -0.442 0.711 -2.177 0.190 0.181 0.877
2010.1438 60.24 24.38 -0.545 0.495 -1.383 0.184 0.175 0.851
2010.1712 60.24 24.38 -0.619 0.720 -5.388 0.177 0.168 0.816
2010.1986 60.24 24.38 -0.536 0.509 -5.275 0.169 0.161 0.784
2010.2260 60.24 24.38 -0.266 0.760 -4.044 0.185 0.176 0.853
2010.2534 60.24 24.38 -0.538 0.865 -3.890 0.192 0.181 0.883
2010.2808 60.24 24.38 -0.150 0.937 -4.146 0.149 0.140 0.692
2010.3082 60.24 24.38 -0.364 0.750 -3.350 0.156 0.147 0.721
2010.3356 60.24 24.38 0.087 0.526 -1.955 0.144 0.135 0.671
2010.3630 60.24 24.38 0.193 0.655 -1.711 0.153 0.143 0.711
2010.3904 60.24 24.38 -0.016 0.868 -1.143 0.162 0.149 0.747
2010.4178 60.24 24.38 0.093 1.165 -0.584 0.163 0.152 0.754
2010.4452 60.24 24.38 -0.039 0.865 -0.936 0.145 0.135 0.674
2010.4726 60.24 24.38 0.399 0.646 -2.680 0.132 0.122 0.615
2010.5000 60.24 24.38 0.065 0.615 -2.616 0.147 0.137 0.682
2010.5274 60.24 24.38 0.154 0.865 0.820 0.220 0.210 1.011
2010.5548 60.24 24.38 0.115 0.230 0.750 0.144 0.136 0.667
2010.5822 60.24 24.38 -0.190 -0.164 0.810 0.130 0.123 0.607
2010.6096 60.24 24.38 -0.328 -0.576 2.223 0.165 0.157 0.762
2010.6370 60.24 24.38 -0.136 -0.590 2.287 0.149 0.141 0.689
2010.6644 60.24 24.38 -0.085 -0.938 2.600 0.140 0.133 0.650
2010.6918 60.24 24.38 -0.092 -0.952 3.143 0.165 0.158 0.764
2010.7192 60.24 24.38 -0.186 -0.837 2.970 0.155 0.147 0.715
2010.7466 60.24 24.38 -0.317 -0.707 3.456 0.178 0.170 0.819
2010.7740 60.24 24.38 0.197 -0.749 3.325 0.148 0.140 0.687
2010.8014 60.24 24.38 0.095 -0.688 3.175 0.141 0.133 0.653
2010.8288 60.24 24.38 -0.236 -0.550 1.804 0.159 0.151 0.734
2010.8562 60.24 24.38 -0.167 -0.535 0.695 0.156 0.149 0.723
2010.8836 60.24 24.38 -0.216 -0.650 -0.599 0.146 0.139 0.680
2010.9110 60.24 24.38 -0.332 -0.558 -0.237 0.159 0.151 0.734
2010.9384 60.24 24.38 -0.741 -0.497 -1.520 0.164 0.157 0.759
2010.9658 60.24 24.38 -0.738 -0.298 -2.744 0.180 0.171 0.828
2010.9932 60.24 24.38 -0.751 0.034 -4.261 0.174 0.139 0.764
2011.1027 60.24 24.38 -0.308 0.359 -3.997 0.160 0.145 0.741
2011.1301 60.24 24.38 -0.079 0.161 -4.080 0.216 0.205 0.990
2011.1575 60.24 24.38 -0.326 0.370 -2.276 0.149 0.140 0.690
2011.1849 60.24 24.38 -0.576 0.152 -2.219 0.122 0.113 0.572
2011.2123 60.24 24.38 -0.581 0.399 -1.998 0.183 0.175 0.845
2011.2397 60.24 24.38 -0.508 0.791 -1.301 0.189 0.181 0.872
2011.2671 60.24 24.38 -0.226 0.830 -1.472 0.156 0.148 0.721
2011.2945 60.24 24.38 -0.386 1.154 -1.192 0.178 0.171 0.823
2011.3219 60.24 24.38 -0.354 1.370 -3.283 0.167 0.160 0.774
2011.3493 60.24 24.38 -0.065 0.938 -1.698 0.152 0.145 0.706
2011.3767 60.24 24.38 -0.347 0.916 -0.108 0.175 0.168 0.810
2011.4041 60.24 24.38 -0.060 0.725 0.723 0.157 0.150 0.729
2011.4315 60.24 24.38 0.095 0.514 -1.064 0.173 0.156 0.790
2011.5137 60.24 24.38 0.156 -0.001 -0.180 0.152 0.141 0.703
2011.5411 60.24 24.38 -0.288 -0.115 -0.216 0.155 0.147 0.719
2011.5685 60.24 24.38 -0.267 -0.546 0.504 0.153 0.144 0.711
2011.5959 60.24 24.38 -0.079 -0.722 -0.128 0.163 0.154 0.752
2011.6233 60.24 24.38 -0.253 -1.053 1.077 0.164 0.155 0.759
2011.6507 60.24 24.38 0.038 -0.912 1.817 0.189 0.179 0.868
2011.6781 60.24 24.38 0.062 -1.028 2.805 0.175 0.167 0.807
2011.7055 60.24 24.38 0.099 -0.874 0.941 0.175 0.167 0.806
2011.7329 60.24 24.38 0.152 -1.149 -1.212 0.200 0.191 0.918
2011.7603 60.24 24.38 0.043 -0.551 -0.832 0.173 0.165 0.797
2011.7877 60.24 24.38 0.019 -0.575 0.771 0.183 0.175 0.842
2011.8151 60.24 24.38 0.324 -1.120 0.516 0.181 0.172 0.830
2011.8425 60.24 24.38 0.057 -0.875 0.652 0.194 0.184 0.887
2011.8699 60.24 24.38 0.325 -0.704 3.364 0.196 0.177 0.881
2011.9521 60.24 24.38 -0.218 -0.518 -2.608 0.147 0.127 0.669
2011.9795 60.24 24.38 -0.139 -0.232 -3.456 0.162 0.146 0.730
2012.0068 60.24 24.38 -0.111 -0.238 -3.959 0.152 0.136 0.686
2012.0342 60.24 24.38 0.065 -0.167 -5.041 0.182 0.162 0.812
2012.0616 60.24 24.38 -0.098 -0.195 -4.456 0.160 0.141 0.714
2012.0890 60.24 24.38 0.016 -0.086 -4.474 0.159 0.139 0.710
2012.1164 60.24 24.38 -0.055 0.179 -1.663 0.158 0.137 0.704
2012.1438 60.24 24.38 -0.463 0.374 -1.421 0.164 0.141 0.726
2012.1712 60.24 24.38 -0.284 0.635 -2.447 0.159 0.138 0.710
2012.1986 60.24 24.38 -0.172 0.207 -3.082 0.145 0.126 0.650
2012.2260 60.24 24.38 -0.070 0.536 -3.356 0.147 0.125 0.652
2012.2534 60.24 24.38 0.139 1.014 -3.541 0.143 0.122 0.634
2012.2808 60.24 24.38 0.004 0.923 -4.002 0.134 0.114 0.595
2012.3082 60.24 24.38 0.017 0.967 -3.643 0.177 0.139 0.775
2012.3904 60.24 24.38 -0.060 0.250 -2.348 0.170 0.151 0.775
2012.4178 60.24 24.38 0.018 0.408 -3.457 0.124 0.106 0.554
2012.4452 60.24 24.38 -0.005 0.165 -3.904 0.123 0.106 0.553
2012.4726 60.24 24.38 -0.097 0.001 -0.809 0.132 0.113 0.588
2012.5000 60.24 24.38 0.005 -0.123 -1.578 0.126 0.108 0.567
2012.5274 60.24 24.38 0.240 -0.343 0.935 0.133 0.114 0.594
2012.5548 60.24 24.38 0.080 -0.177 1.110 0.133 0.114 0.592
2012.5822 60.24 24.38 -0.057 -0.101 0.735 0.139 0.118 0.617
2012.6096 60.24 24.38 0.084 0.002 0.759 0.136 0.116 0.605
2012.6370 60.24 24.38 0.195 -0.470 -0.271 0.126 0.108 0.563
2012.6644 60.24 24.38 0.039 -0.021 -0.176 0.136 0.117 0.606
2012.6918 60.24 24.38 0.305 -0.416 -1.326 0.138 0.120 0.618
2012.7192 60.24 24.38 0.032 -0.307 -1.638 0.162 0.143 0.722
2012.7466 60.24 24.38 -0.054 -0.563 -2.285 0.137 0.111 0.614
2012.8562 60.24 24.38 0.012 0.012 -1.817 0.170 0.151 0.762
2012.8836 60.24 24.38 0.159 -0.083 -3.521 0.154 0.144 0.704
2012.9110 60.24 24.38 0.139 -0.492 -3.358 0.146 0.137 0.671
2012.9384 60.24 24.38 -0.064 -0.075 -2.935 0.144 0.136 0.669
2012.9658 60.24 24.38 0.204 -0.412 -1.618 0.156 0.147 0.716
2012.9918 60.24 24.38 -0.055 -0.476 -2.323 0.081 0.074 0.383
2013.0178 60.24 24.38 -0.129 -0.248 -4.545 0.093 0.087 0.437
2013.0452 60.24 24.38 0.175 -0.200 -3.159 0.093 0.086 0.437
2013.0726 60.24 24.38 -0.119 0.240 -1.783 0.086 0.080 0.407
2013.1000 60.24 24.38 0.084 0.100 -3.525 0.088 0.082 0.417
2013.1274 60.24 24.38 -0.121 0.197 -4.892 0.083 0.077 0.393
2013.1548 60.24 24.38 0.102 0.520 -2.990 0.083 0.073 0.390
2013.2644 60.24 24.38 0.468 0.753 -6.062 0.113 0.074 0.471
2013.2918 60.24 24.38 0.079 0.810 -3.790 0.085 0.079 0.401
2013.3192 60.24 24.38 -0.172 0.805 -3.984 0.092 0.087 0.435
2013.3466 60.24 24.38 -0.225 0.862 -1.325 0.094 0.089 0.444
2013.3740 60.24 24.38 -0.202 0.820 -2.717 0.082 0.077 0.389
2013.4014 60.24 24.38 -0.287 0.620 -2.440 0.084 0.079 0.400
2013.4288 60.24 24.38 -0.455 0.247 -0.583 0.076 0.070 0.362
2013.4562 60.24 24.38 -0.227 0.327 0.455 0.077 0.072 0.369
2013.4836 60.24 24.38 -0.236 0.009 0.239 0.079 0.073 0.375
2013.5110 60.24 24.38 -0.498 -0.115 2.173 0.087 0.082 0.413
2013.5384 60.24 24.38 -0.149 -0.271 1.327 0.089 0.081 0.415
2013.5658 60.24 24.38 -0.056 0.089 1.933 0.090 0.084 0.425
2013.7575 60.24 24.38 -0.105 -0.744 3.187 0.088 0.081 0.417
2013.7849 60.24 24.38 0.100 -0.560 3.606 0.090 0.083 0.424
2013.8123 60.24 24.38 0.012 -0.952 3.394 0.083 0.077 0.392
2013.8397 60.24 24.38 0.349 -0.583 1.095 0.083 0.077 0.396
2013.8671 60.24 24.38 0.103 -0.363 -1.192 0.090 0.083 0.423
2013.8945 60.24 24.38 0.256 -0.102 -2.112 0.083 0.077 0.393
2013.9219 60.24 24.38 -0.031 -0.182 -0.937 0.075 0.069 0.359
2013.9493 60.24 24.38 0.087 -0.482 -2.750 0.079 0.073 0.377
2013.9767 60.24 24.38 0.141 -0.050 -3.064 0.080 0.074 0.382
2014.0041 60.24 24.38 0.240 -0.030 -4.933 0.078 0.071 0.370
2014.0315 60.24 24.38 0.178 0.093 -3.992 0.080 0.075 0.383
2014.1685 60.24 24.38 0.002 0.451 -3.676 0.085 0.079 0.404
2014.1959 60.24 24.38 0.140 0.550 -1.845 0.085 0.079 0.400
2014.2233 60.24 24.38 -0.069 0.752 -3.649 0.081 0.075 0.384
2014.2507 60.24 24.38 -0.179 0.590 -1.455 0.074 0.069 0.356
2014.2781 60.24 24.38 0.014 0.629 -3.245 0.078 0.073 0.374
2014.3055 60.24 24.38 0.238 0.499 -4.897 0.076 0.070 0.361
2014.3329 60.24 24.38 0.169 0.288 -0.332 0.063 0.058 0.308
2014.3603 60.24 24.38 0.378 0.447 0.073 0.071 0.065 0.340
2014.3877 60.24 24.38 0.175 0.559 -0.804 0.071 0.065 0.341
2014.4151 60.24 24.38 0.405 0.531 -0.149 0.071 0.065 0.340
2014.4425 60.24 24.38 0.560 0.383 0.614 0.075 0.069 0.358
2014.4699 60.24 24.38 0.076 0.172 0.764 0.075 0.069 0.358
2014.5795 60.24 24.38 0.069 -0.611 3.259 0.072 0.060 0.339
2014.6068 60.24 24.38 0.157 -0.344 4.165 0.067 0.061 0.324
2014.6342 60.24 24.38 -0.108 -0.972 1.883 0.062 0.056 0.302
2014.6616 60.24 24.38 -0.079 -1.213 1.086 0.068 0.062 0.326
2014.6890 60.24 24.38 0.165 -0.810 3.293 0.066 0.060 0.319
2014.7164 60.24 24.38 0.367 -1.512 3.948 0.065 0.059 0.313
2014.7438 60.24 24.38 0.487 -1.269 4.839 0.069 0.064 0.334
2014.7712 60.24 24.38 0.542 -1.399 3.095 0.069 0.063 0.331
2014.7986 60.24 24.38 0.495 -1.016 3.132 0.062 0.056 0.303
2014.8260 60.24 24.38 0.831 -1.226 2.606 0.062 0.056 0.303
2014.8534 60.24 24.38 0.724 -1.098 2.251 0.066 0.059 0.317
2014.8808 60.24 24.38 0.715 -1.339 2.099 0.066 0.059 0.318
2014.9082 60.24 24.38 0.596 -0.956 2.386 0.067 0.060 0.323
2015.0452 60.24 24.38 0.348 -0.544 -3.161 0.053 0.044 0.259
2015.0726 60.24 24.38 0.149 -0.281 -2.487 0.057 0.048 0.275
2015.1000 60.24 24.38 -0.132 -0.209 -3.428 0.051 0.042 0.252
2015.1274 60.24 24.38 0.231 0.186 -1.937 0.048 0.039 0.238
2015.1548 60.24 24.38 0.235 0.092 -2.216 0.055 0.046 0.267
2015.1822 60.24 24.38 0.181 -0.186 -1.773 0.052 0.043 0.255
2015.2096 60.24 24.38 0.073 -0.093 -3.770 0.068 0.059 0.320
2015.2370 60.24 24.38 0.237 0.043 -1.530 0.072 0.064 0.338
2015.2644 60.24 24.38 0.321 0.108 -1.687 0.063 0.056 0.304
2015.2918 60.24 24.38 0.495 0.342 -0.861 0.064 0.056 0.307
2015.3192 60.24 24.38 0.583 0.524 -2.699 0.061 0.055 0.297
2015.3466 60.24 24.38 0.584 0.568 -3.305 0.066 0.060 0.319
2015.4836 60.24 24.38 0.600 -0.362 -1.377 0.065 0.055 0.314
2015.5110 60.24 24.38 0.658 -0.653 -3.271 0.061 0.052 0.297
2015.5384 60.24 24.38 0.604 -0.362 -1.599 0.066 0.059 0.319
2015.5658 60.24 24.38 0.628 -0.680 -1.678 0.065 0.059 0.315
2015.5932 60.24 24.38 0.874 -0.522 1.543 0.068 0.061 0.324
2015.6205 60.24 24.38 0.960 -0.706 1.489 0.066 0.059 0.317
2015.6479 60.24 24.38 0.948 -0.431 3.303 0.064 0.058 0.308
2015.6753 60.24 24.38 0.734 -0.489 2.137 0.062 0.055 0.301
2015.7027 60.24 24.38 0.680 -0.821 -0.236 0.067 0.060 0.321
2015.7301 60.24 24.38 0.883 -1.165 -1.319 0.067 0.061 0.323
2015.9493 60.24 24.38 0.344 -0.571 -3.034 0.064 0.059 0.314
2015.9767 60.24 24.38 0.702 -0.974 -4.780 0.067 0.062 0.323
2016.0041 60.24 24.38 0.647 -0.906 -3.600 0.061 0.056 0.298
2016.0315 60.24 24.38 0.608 -0.585 -1.794 0.058 0.053 0.287
2016.0589 60.24 24.38 0.484 0.076 -0.755 0.060 0.054 0.292
2016.0863 60.24 24.38 0.701 0.588 -2.523 0.054 0.049 0.271
2016.1137 60.24 24.38 0.358 0.519 -4.696 0.061 0.056 0.296
2016.1411 60.24 24.38 0.213 0.562 -4.544 0.071 0.066 0.340
2016.1685 60.24 24.38 0.220 0.347 -5.466 0.075 0.071 0.359
2016.1959 60.24 24.38 0.194 1.004 -4.936 0.073 0.069 0.352
2016.2233 60.24 24.38 0.520 1.000 -5.004 0.074 0.070 0.354
2016.2507 60.24 24.38 0.643 0.808 -5.123 0.064 0.058 0.310
2016.3603 60.24 24.38 0.708 0.759 -2.950 0.058 0.054 0.289
2016.3877 60.24 24.38 0.726 0.270 -4.228 0.068 0.063 0.328
2016.4151 60.24 24.38 0.881 0.321 -4.049 0.068 0.062 0.324
2016.4425 60.24 24.38 0.836 -0.322 -2.677 0.072 0.066 0.342
2016.4699 60.24 24.38 0.856 0.331 -3.391 0.070 0.065 0.336
