2002.5877 35.69 -84.86 -18.62312481402040 9.77760387706603
2002.6151 35.69 -84.86 -50.34580241250903 9.51937648070966
2002.6425 35.69 -84.86 -9.64720622362818 9.72762516791089
2002.6699 35.69 -84.86 -8.30049208901002 8.15734304422277
2002.6973 35.69 -84.86 -6.33924503826095 12.73487219367546
2002.7247 35.69 -84.86 -22.49271081546735 9.23807744714992
2002.7521 35.69 -84.86 -9.58286709252016 8.45906498243686
2002.7795 35.69 -84.86 5.33490961347105 9.68151897551307
2002.8068 35.69 -84.86 21.12921963508848 8.77293140658251
2002.8342 35.69 -84.86 18.63270924908952 8.61711369345143
2002.8616 35.69 -84.86 34.78729312638126 8.18971576782713
2002.8890 35.69 -84.86 26.07125444210300 8.76456467397030
2002.9164 35.69 -84.86 11.06275674418214 9.05846727726783
2003.0260 35.69 -84.86 5.53518774142632 10.10239571488348
2003.0534 35.69 -84.86 -4.65901835806363 17.76787257959271
2003.0808 35.69 -84.86 11.54797593529315 14.62923368291673
2003.1082 35.69 -84.86 34.32848616902741 8.08550683783668
2003.1356 35.69 -84.86 20.11934166799074 7.43205321431335
2003.1630 35.69 -84.86 65.27539717610708 8.11305196577212
2003.1904 35.69 -84.86 46.29759270607371 9.48544299425709
2003.2178 35.69 -84.86 61.72269838591082 8.00404823148325
2003.2452 35.69 -84.86 37.24770318706874 7.97354829519089
2003.2726 35.69 -84.86 10.51249825321890 7.75124411551465
2003.3000 35.69 -84.86 9.80889083576927 7.61280185224698
2003.3274 35.69 -84.86 29.89206895307735 10.23863558804419
2003.3548 35.69 -84.86 34.58340203898946 11.67672482168232
2003.3822 35.69 -84.86 65.42808140867163 9.83074847030826
2003.5192 35.69 -84.86 34.15836570356065 11.42841097978246
2003.5466 35.69 -84.86 24.50510366560557 13.06767648872401
2003.5740 35.69 -84.86 47.51555585213963 15.68338943535825
2003.6014 35.69 -84.86 39.63271462831673 13.10592346548192
2003.6288 35.69 -84.86 53.29753005302988 12.02146330230037
2003.6562 35.69 -84.86 23.43472838237760 13.15846357656132
2003.6836 35.69 -84.86 5.88293280125297 13.22966823215290
2003.7110 35.69 -84.86 24.02782609145387 9.72242766367577
2003.7384 35.69 -84.86 23.66762348106635 12.37290485322024
2003.7658 35.69 -84.86 13.60021445048746 11.25300306943094
2003.7932 35.69 -84.86 -15.41677730782749 12.82220033051242
2003.8205 35.69 -84.86 -17.42263257386468 13.59548082816272
2003.8479 35.69 -84.86 6.74720067277088 11.44219225670116
2003.8753 35.69 -84.86 -9.89319568762445 12.67092398362652
2003.9027 35.69 -84.86 30.26800721477699 11.06845795526780
2003.9301 35.69 -84.86 2.05228898229185 11.85579043309250
2003.9575 35.69 -84.86 18.94810912858543 13.82080035023519
2003.9849 35.69 -84.86 21.79027547323141 12.90107618872307
2004.0123 35.69 -84.86 17.40473133819680 13.85346378372362
2004.0397 35.69 -84.86 3.76525292117814 10.42234322872744
2004.0945 35.69 -84.86 47.75303726157512 9.72314488169296
2004.1219 35.69 -84.86 40.94174311021836 11.33104319552831
2004.1493 35.69 -84.86 55.43726431756900 13.52304216029013
2004.1767 35.69 -84.86 26.48677180971373 14.91707774221912
2004.2041 35.69 -84.86 21.16485060509688 11.66266819718593
2004.2315 35.69 -84.86 32.09142636761705 11.83784245228844
2004.2589 35.69 -84.86 35.51340041534906 12.18127249511455
2004.2863 35.69 -84.86 40.95711709728823 12.25940476311569
2004.3137 35.69 -84.86 43.84954094510899 11.57155718823838
2004.3411 35.69 -84.86 39.99928540552887 12.85236495555456
2004.3685 35.69 -84.86 17.34973722142970 12.06556556324857
2004.3959 35.69 -84.86 33.97062153283854 10.35229672210500
2004.4233 35.69 -84.86 42.67441953890798 9.89945373622658
2004.4507 35.69 -84.86 13.92361590003234 8.86881792347917
2004.4781 35.69 -84.86 13.52983460140178 9.87511019498908
2004.5055 35.69 -84.86 23.69485111941692 9.57186172423053
2004.5329 35.69 -84.86 25.77100251266158 8.92815966106168
2004.5603 35.69 -84.86 21.47571457198252 9.27746548779807
2004.5877 35.69 -84.86 25.43405790926117 9.28836028639363
2004.6151 35.69 -84.86 33.23341861381678 10.30368125875957
2004.6425 35.69 -84.86 16.29771133410680 8.56676415762686
2004.6699 35.69 -84.86 31.18721129109529 8.54048855001501
2004.6973 35.69 -84.86 28.94978918997226 7.92405920135796
2004.7247 35.69 -84.86 43.69504650695046 9.27768353319822
2004.7521 35.69 -84.86 30.00565159433494 8.78779701872211
2004.7795 35.69 -84.86 26.78372631409643 8.65164924377077
2004.8068 35.69 -84.86 24.67903355561288 9.78825304881143
2004.8342 35.69 -84.86 23.52252109625838 9.69016334952754
2004.8616 35.69 -84.86 11.61388302711937 8.31651542005453
2004.8890 35.69 -84.86 26.39756390843806 8.36756021161337
2004.9164 35.69 -84.86 18.94945826613074 9.31202223125279
2004.9438 35.69 -84.86 30.92752059491654 10.03075793805866
2004.9712 35.69 -84.86 27.71470482193817 9.48438189405489
2004.9973 35.69 -84.86 39.44918370440570 8.95517236740349
2005.0233 35.69 -84.86 44.75409651582429 10.88580680958081
2005.0507 35.69 -84.86 30.16000531023123 17.18131816957115
2005.0781 35.69 -84.86 23.01121839226196 12.48267254423466
2005.1055 35.69 -84.86 12.40868242448529 12.33105420952773
2005.1329 35.69 -84.86 36.12386971459524 12.65078853153705
2005.1603 35.69 -84.86 24.51633199527153 10.96848114106047
2005.1877 35.69 -84.86 32.65328990703146 10.80150511749476
2005.2151 35.69 -84.86 24.20391191609119 9.91357754925003
2005.2425 35.69 -84.86 25.82785440040238 9.77927883700773
2005.2699 35.69 -84.86 43.06192245521431 10.57515077680456
2005.2973 35.69 -84.86 24.54175188811581 11.26382252957234
2005.3247 35.69 -84.86 6.11414062856153 11.89341631358108
2005.3521 35.69 -84.86 10.47182355185019 4.18120102487231
2005.3795 35.69 -84.86 23.03719342755794 11.02620192180626
2005.4068 35.69 -84.86 13.00814004347856 9.90588364972739
2005.4342 35.69 -84.86 22.30802160683970 11.35054691641938
2005.4616 35.69 -84.86 9.67381376559493 10.42426906114813
2005.4890 35.69 -84.86 20.29003765337281 9.86455248691546
2005.5164 35.69 -84.86 10.37155787565027 9.80679921723954
2005.5438 35.69 -84.86 21.86319250549164 10.87713683516419
2005.5712 35.69 -84.86 3.11769040242857 12.00394260855867
2005.5986 35.69 -84.86 19.76449507325650 12.28607267294587
2005.6260 35.69 -84.86 18.51859770587438 10.69201643066787
2005.6534 35.69 -84.86 8.88892806082960 11.45297323199660
2005.6808 35.69 -84.86 4.72647202357583 11.16378700313227
2005.7082 35.69 -84.86 -10.76222138207346 13.99698497437362
2005.7356 35.69 -84.86 -14.80872902009848 12.12180016607946
2005.7630 35.69 -84.86 3.54747649783133 12.14084599033434
2005.7904 35.69 -84.86 -8.75498470874977 11.18669269612742
2005.8178 35.69 -84.86 -30.45902717362445 11.60333785208638
2005.8452 35.69 -84.86 -34.95387120269806 12.40108468295318
2005.8726 35.69 -84.86 -29.95183961091281 10.65469551133214
2005.9000 35.69 -84.86 -26.52982133626277 10.28268125361980
2005.9274 35.69 -84.86 5.33348138875746 9.98469624647901
2005.9548 35.69 -84.86 -1.48886288457934 8.56044825483316
2005.9822 35.69 -84.86 -6.71587566393025 9.32372097037246
2006.0096 35.69 -84.86 3.79702142838138 10.76708027160360
2006.0370 35.69 -84.86 9.13769859726296 13.97734694378601
2006.0644 35.69 -84.86 22.49764512070110 14.12757183912481
2006.0918 35.69 -84.86 9.69130133352355 14.26159657901497
2006.1192 35.69 -84.86 13.91750907415249 16.72339128637547
2006.1466 35.69 -84.86 4.89598290078073 12.70696451058774
2006.1740 35.69 -84.86 17.58157892604365 14.87956444454257
2006.2014 35.69 -84.86 20.47017026434863 10.99819044189608
2006.2288 35.69 -84.86 8.37826276971349 14.99923923220897
2006.2562 35.69 -84.86 14.74701877897236 14.17679508236421
2006.2836 35.69 -84.86 -5.40610174668627 13.71951175536965
2006.3110 35.69 -84.86 18.95787726780848 14.76844390283302
2006.3384 35.69 -84.86 16.25843465583280 13.29915812817049
2006.3658 35.69 -84.86 10.32417111360407 14.85923401414152
2006.3932 35.69 -84.86 27.61468232721799 14.52878444770282
2006.4205 35.69 -84.86 11.48732247091155 14.46613579861149
2006.4479 35.69 -84.86 -7.85203614943235 15.38092146294199
2006.4753 35.69 -84.86 15.42363316193638 16.03713430746123
2006.5027 35.69 -84.86 27.68242696255808 16.80057673684382
2006.5301 35.69 -84.86 -19.57501066276726 20.50121296225722
2006.5575 35.69 -84.86 8.72681162587184 15.92277137384446
2006.5849 35.69 -84.86 5.86325148499596 16.43498207757214
2006.6123 35.69 -84.86 -24.71916770690705 21.27778270082669
2006.6397 35.69 -84.86 -4.53592473634098 17.57653915561873
2006.6671 35.69 -84.86 -14.89127561744564 15.58758631639084
2006.6945 35.69 -84.86 -11.38547111205562 20.55993417067620
2006.7219 35.69 -84.86 -25.64242699007803 18.56620124978719
2006.7493 35.69 -84.86 -7.50017778825526 22.70595088845434
2006.7767 35.69 -84.86 -24.44443456278776 19.77073237769359
2006.8041 35.69 -84.86 -13.31812846383982 15.47145180006770
2006.8315 35.69 -84.86 1.49417260797541 18.46591283830112
2006.8589 35.69 -84.86 19.30071763830182 17.78945559513633
2006.8863 35.69 -84.86 -14.86007303747852 16.82849187715299
2006.9137 35.69 -84.86 -20.27990341607132 16.08801102791374
2006.9411 35.69 -84.86 -11.10660296687092 15.72406525507012
2006.9685 35.69 -84.86 -10.73704490101523 15.32720168753149
2006.9959 35.69 -84.86 -13.64478777264270 14.84567624088275
2007.0233 35.69 -84.86 24.44980383535480 13.45161772500134
2007.0507 35.69 -84.86 15.49549004035422 14.35361028864267
2007.0781 35.69 -84.86 11.15224529602343 15.35672859203683
2007.1055 35.69 -84.86 12.04373210195790 13.47490135581319
2007.1329 35.69 -84.86 -1.28992965261997 14.89931280329098
2007.1603 35.69 -84.86 24.30788991242890 14.17960357773363
2007.1877 35.69 -84.86 -12.03814344811710 19.42339233684938
2007.2151 35.69 -84.86 5.83118393339433 17.13447163815284
2007.2425 35.69 -84.86 -3.00822321960037 16.39436499296670
2007.2699 35.69 -84.86 0.97201349736320 12.25603500721100
2007.2973 35.69 -84.86 33.79353810421595 11.47900514533043
2007.3247 35.69 -84.86 18.47271599390476 14.75560645033161
2007.3521 35.69 -84.86 21.53718710953397 16.45448823646452
2007.3795 35.69 -84.86 25.85983886942530 17.46543169030980
2007.4068 35.69 -84.86 3.22083912532206 14.00978887343251
2007.4342 35.69 -84.86 -14.10414628093898 13.22545156961033
2007.4616 35.69 -84.86 1.59458186789768 18.43198615181315
2007.4890 35.69 -84.86 -33.50002045746955 13.24409690762082
2007.5164 35.69 -84.86 -29.92672013899822 14.26856618725957
2007.5438 35.69 -84.86 -32.58494983036529 13.68612190436765
2007.5712 35.69 -84.86 -20.30016471028980 14.06640030969851
2007.5986 35.69 -84.86 -41.31980961187781 17.72486640085758
2007.6260 35.69 -84.86 -40.18034292740531 13.94155572519172
2007.6534 35.69 -84.86 -52.64154428065535 14.24167138295783
2007.6808 35.69 -84.86 -57.61197352210660 14.86918691145462
2007.7082 35.69 -84.86 -43.12560725863742 10.16705120704467
2007.7356 35.69 -84.86 -39.67337096533998 15.26369970052008
2007.7630 35.69 -84.86 -62.29846445590780 10.88748412066767
2007.7904 35.69 -84.86 -55.26080398499018 15.23831155115796
2007.8178 35.69 -84.86 -41.77540952138078 18.00455801601078
2007.8452 35.69 -84.86 -38.28708804415645 13.94619041226066
2007.8726 35.69 -84.86 -64.80523479006654 16.53349055809569
2007.9000 35.69 -84.86 -29.19121921408036 17.40366297460178
2007.9274 35.69 -84.86 -27.11831318935942 17.33877755390538
2007.9548 35.69 -84.86 -18.99541230525431 12.64264687167886
2007.9822 35.69 -84.86 -30.37850711834598 16.03320480438662
2008.0096 35.69 -84.86 -27.20330111174935 13.94572461364062
2008.0370 35.69 -84.86 -22.01322582137929 14.60119881021343
2008.0644 35.69 -84.86 -18.82185305763879 17.24027203290763
2008.0918 35.69 -84.86 -6.97947668466823 12.98730307087612
2008.1192 35.69 -84.86 -11.83045188494569 15.90390731788130
2008.1466 35.69 -84.86 -3.53993440447885 18.83598049408610
2008.1740 35.69 -84.86 1.93469573002016 16.22807177500472
2008.2014 35.69 -84.86 0.41130982927258 17.89868244242917
2008.2288 35.69 -84.86 -5.69366736200443 19.76802751819481
2008.2562 35.69 -84.86 0.93237559018788 18.79695813808442
2008.2836 35.69 -84.86 12.63752279841104 22.67832372441499
2008.3110 35.69 -84.86 23.92345600180237 23.72821479744938
2008.3384 35.69 -84.86 12.12805587249744 17.39984572626799
2008.3658 35.69 -84.86 -4.24414999679243 17.56425008200939
2008.3932 35.69 -84.86 3.31249006564936 15.55717521861042
2008.4205 35.69 -84.86 -19.69023498008064 13.55921059400992
2008.4479 35.69 -84.86 -21.93407554670976 14.07349564675018
2008.4753 35.69 -84.86 -44.07098279069758 13.49011816216824
2008.5027 35.69 -84.86 -42.17032596765013 16.69112829680273
2008.5301 35.69 -84.86 -57.35236952771253 20.65231577638680
2008.5575 35.69 -84.86 -42.19101578185339 12.91331505194815
2008.5849 35.69 -84.86 -33.28728031289276 15.50056177458924
2008.6123 35.69 -84.86 -27.74746012262761 12.28815558528380
2008.6397 35.69 -84.86 -10.50773490133650 13.75629846487728
2008.6671 35.69 -84.86 -27.34916859814247 13.04566464292185
2008.6945 35.69 -84.86 -20.82479095952170 12.56561867736519
2008.7219 35.69 -84.86 -32.33770169878431 14.98030313567940
2008.7493 35.69 -84.86 -48.42953376338492 13.39738916942722
2008.7767 35.69 -84.86 -42.39296461588800 16.17030064072732
2008.8041 35.69 -84.86 -48.36304263965320 16.33613491667085
2008.8315 35.69 -84.86 -51.40174333438945 18.30117823141106
2008.8589 35.69 -84.86 -68.65795467150031 21.43885137326837
2008.8863 35.69 -84.86 -65.08827276179728 20.55451220902684
2008.9137 35.69 -84.86 -48.26890427160765 19.69006711835022
2008.9411 35.69 -84.86 -60.28499671403557 20.25421253329110
2008.9685 35.69 -84.86 -12.08744508429967 18.85213339146311
2008.9945 35.69 -84.86 -35.98440644539274 16.04303450485047
2009.0205 35.69 -84.86 -17.61501574934581 15.96885904031529
2009.0479 35.69 -84.86 -25.99731633440017 15.97283626986101
2009.0753 35.69 -84.86 -19.51905602398108 15.00637913980222
2009.1027 35.69 -84.86 -34.74488905906282 19.15957376830490
2009.1301 35.69 -84.86 -21.93802903831297 14.87257151507584
2009.1575 35.69 -84.86 -13.16975050800581 15.00072206338105
2009.1849 35.69 -84.86 17.95026323913807 18.02622874121728
2009.2123 35.69 -84.86 -22.00328692026301 14.66287800229015
2009.2397 35.69 -84.86 33.14373103160133 17.23259333278709
2009.2671 35.69 -84.86 5.33275728844453 14.22913678469340
2009.2945 35.69 -84.86 -11.72813519522962 14.66017693319102
2009.3219 35.69 -84.86 9.66516620524621 15.24384078944789
2009.3493 35.69 -84.86 17.67908348620206 13.82919072395576
2009.3767 35.69 -84.86 24.67451412418944 14.56072522289483
2009.4041 35.69 -84.86 -3.48127137316680 12.51173700450056
2009.4315 35.69 -84.86 -3.50710311179499 14.86055330251485
2009.4589 35.69 -84.86 -21.27531335994702 12.07546365015399
2009.4863 35.69 -84.86 -18.35019494868075 13.43548739595231
2009.5137 35.69 -84.86 -7.34985717828885 12.53964370489028
2009.5411 35.69 -84.86 -6.90439869788766 15.79453588837583
2009.5685 35.69 -84.86 -4.17487101311839 16.93060005408906
2009.5959 35.69 -84.86 1.33176808540029 14.65077559009946
2009.6233 35.69 -84.86 -6.51433420790561 15.62861420149462
2009.6507 35.69 -84.86 -5.99676701942825 15.09620834364123
2009.6781 35.69 -84.86 -18.12005589962055 16.41822535697947
2009.7055 35.69 -84.86 -33.44635102164344 17.29872372293071
2009.7329 35.69 -84.86 11.84639701794467 16.48298533461057
2009.7603 35.69 -84.86 -3.56636392506863 18.89468054732236
2009.7877 35.69 -84.86 -13.62489929592541 17.38264313709736
2009.8151 35.69 -84.86 21.74949194207142 18.92212054710411
2009.8425 35.69 -84.86 -11.76419837330561 17.00061479765336
2009.8699 35.69 -84.86 -0.65709944934269 16.14781353644485
2009.8973 35.69 -84.86 -21.45155768055752 15.00524597104222
2009.9247 35.69 -84.86 0.05743426282522 14.45941435562618
2009.9521 35.69 -84.86 23.42427493825046 13.75483272516026
2009.9795 35.69 -84.86 15.52490071041540 14.14268632327418
2010.0068 35.69 -84.86 4.70599349796738 18.59808359697618
2010.0342 35.69 -84.86 8.78090231503774 13.99033657617766
2010.0616 35.69 -84.86 21.31572936491889 14.44850379473323
2010.0890 35.69 -84.86 12.59779055115755 17.88679372568635
2010.1164 35.69 -84.86 24.82114121939161 18.48362387039138
2010.1438 35.69 -84.86 32.50413531698000 17.41395706639980
2010.1712 35.69 -84.86 22.05359580535251 16.60235607882182
2010.1986 35.69 -84.86 16.74177948447518 15.88095767322241
2010.2260 35.69 -84.86 35.54918678490352 17.43773648942528
2010.2534 35.69 -84.86 36.91432304432695 17.86641959198182
2010.2808 35.69 -84.86 29.78476142175048 13.37312958090286
2010.3082 35.69 -84.86 24.46139238509529 14.18121162368798
2010.3356 35.69 -84.86 21.56379162923326 12.44257412493333
2010.3630 35.69 -84.86 40.54613020237900 13.32962105325431
2010.3904 35.69 -84.86 28.98646893987895 13.30833891979490
2010.4178 35.69 -84.86 4.75490624276629 14.27467755879611
2010.4452 35.69 -84.86 9.91718890606070 12.38483727311025
2010.4726 35.69 -84.86 -10.62276929846383 10.95736363744131
2010.5000 35.69 -84.86 -3.46319250768468 12.75788422326628
2010.5274 35.69 -84.86 -2.58748541768031 21.67692901959105
2010.5548 35.69 -84.86 -6.01533001832169 13.33570126526854
2010.5822 35.69 -84.86 -13.07756766920989 11.90209777514032
2010.6096 35.69 -84.86 -17.33582851661675 16.04961979925033
2010.6370 35.69 -84.86 -12.41557667756667 14.05700810426902
2010.6644 35.69 -84.86 -17.44812037898706 13.03650775483548
2010.6918 35.69 -84.86 -26.20010464057893 16.16706131807192
2010.7192 35.69 -84.86 -9.54809592466818 14.96709895945903
2010.7466 35.69 -84.86 -35.45281435884896 17.76296248449245
2010.7740 35.69 -84.86 -8.51936420710280 13.75735562777365
2010.8014 35.69 -84.86 -37.02237908252265 13.21265487395213
2010.8288 35.69 -84.86 -12.02799150180973 15.39915120550983
2010.8562 35.69 -84.86 -13.76476019243898 15.02574684968514
2010.8836 35.69 -84.86 -20.20264420928988 13.61563543484070
2010.9110 35.69 -84.86 -29.39322628388659 15.20514747920700
2010.9384 35.69 -84.86 15.11635873373892 15.87267942193349
2010.9658 35.69 -84.86 1.96910815215388 17.63663348576123
2010.9932 35.69 -84.86 2.06897464035684 12.48447846081517
2011.1027 35.69 -84.86 -25.33556694843278 12.53451024016676
2011.1301 35.69 -84.86 -8.87564839366966 20.88850039037561
2011.1575 35.69 -84.86 8.69562874232894 13.32143315280565
2011.1849 35.69 -84.86 8.82215730435688 10.12179999966400
2011.2123 35.69 -84.86 8.20299699972306 17.72616765181959
2011.2397 35.69 -84.86 8.60741073051598 18.67528163427560
2011.2671 35.69 -84.86 19.70084180969708 14.68199269013910
2011.2945 35.69 -84.86 19.13076569623357 17.53641797376112
2011.3219 35.69 -84.86 56.73367841226511 16.35369039136279
2011.3493 35.69 -84.86 67.50132199747132 14.37676523329239
2011.3767 35.69 -84.86 17.58680454314434 17.21520127637890
2011.4041 35.69 -84.86 13.53589779149637 14.77194065613358
2011.4315 35.69 -84.86 -2.72485054992847 14.41170903135881
2011.5137 35.69 -84.86 15.47464339189537 13.15800946195764
2011.5411 35.69 -84.86 20.66964425011927 14.36258981840156
2011.5685 35.69 -84.86 -11.78815981529042 13.83030954622945
2011.5959 35.69 -84.86 -7.03193820966921 15.04059212307891
2011.6233 35.69 -84.86 -19.99519210599654 14.87826987200155
2011.6507 35.69 -84.86 -22.18277504118264 18.27927832827401
2011.6781 35.69 -84.86 -15.48769627786061 16.95215533627946
2011.7055 35.69 -84.86 -16.83999843222995 17.06263921586978
2011.7329 35.69 -84.86 -28.26821257718185 20.09518878274161
2011.7603 35.69 -84.86 13.47666629169252 17.00918568683889
2011.7877 35.69 -84.86 -10.02454041999700 18.26173236505137
2011.8151 35.69 -84.86 -13.50724542748100 17.81417288007797
2011.8425 35.69 -84.86 6.80857664950986 19.62790945873084
2011.8699 35.69 -84.86 -9.49510869468074 18.12856813022051
2011.9521 35.69 -84.86 6.57558090191889 10.96224519329925
2011.9795 35.69 -84.86 15.97457075386001 15.36618176723116
2012.0068 35.69 -84.86 19.68176804521778 14.14093366071695
2012.0342 35.69 -84.86 6.98912902177892 17.11642021727230
2012.0616 35.69 -84.86 5.98863887447268 14.77113132494571
2012.0890 35.69 -84.86 12.13433041074700 14.49835910591096
2012.1164 35.69 -84.86 33.98190596035617 14.07905757203438
2012.1438 35.69 -84.86 2.90579736842742 14.56680421918890
2012.1712 35.69 -84.86 -7.21588222414491 13.68195635121943
2012.1986 35.69 -84.86 29.97021398309008 12.29800736076242
2012.2260 35.69 -84.86 25.69056081620981 12.77806183540880
2012.2534 35.69 -84.86 0.25457239555917 12.40476064213772
2012.2808 35.69 -84.86 -1.67655314203593 11.50408214471126
2012.3082 35.69 -84.86 -47.31221545027047 12.81166546123640
2012.3904 35.69 -84.86 -67.93814573774867 13.44323348681983
2012.4178 35.69 -84.86 -46.65154054561707 10.45796137228880
2012.4452 35.69 -84.86 -48.72499766520721 10.25782658361292
2012.4726 35.69 -84.86 -51.96729488821035 11.19043029739515
2012.5000 35.69 -84.86 -52.47486331119458 10.52376799951923
2012.5274 35.69 -84.86 -52.92671615551514 11.31436645323435
2012.5548 35.69 -84.86 -36.52822560337481 11.30726447935187
2012.5822 35.69 -84.86 -47.47295502591494 12.08790441460973
2012.6096 35.69 -84.86 -15.18739849280912 12.07307499653428
2012.6370 35.69 -84.86 -53.52275379600538 11.01804513603721
2012.6644 35.69 -84.86 -55.01543693860017 12.19882693171755
2012.6918 35.69 -84.86 -12.92659186267264 12.65262395078929
2012.7192 35.69 -84.86 -15.35638565893209 15.64011260175490
2012.7466 35.69 -84.86 -21.75618947588106 10.14765729768617
2012.8562 35.69 -84.86 -10.31168559521509 16.06917482274969
2012.8836 35.69 -84.86 -35.98887232374020 15.20840493138281
2012.9110 35.69 -84.86 -26.56736765498429 14.32796550074719
2012.9384 35.69 -84.86 -28.10074226241382 13.37695265622089
2012.9658 35.69 -84.86 -40.94377064604247 15.62483623152735
2012.9918 35.69 -84.86 -25.12868665431624 7.21063332178082
2013.0178 35.69 -84.86 2.70376867614227 8.75084968364767
2013.0452 35.69 -84.86 -5.34419040706008 8.65382903533333
2013.0726 35.69 -84.86 -5.17376061900739 7.88417608605010
2013.1000 35.69 -84.86 -14.89174693928139 8.11791183416992
2013.1274 35.69 -84.86 6.18178089955315 7.39549215077843
2013.1548 35.69 -84.86 5.24423272314272 6.62887715935235
2013.2644 35.69 -84.86 10.45166710293525 7.32218610385403
2013.2918 35.69 -84.86 -13.11500478926373 7.66878255478372
2013.3192 35.69 -84.86 -5.90467472101010 8.64554285078134
2013.3466 35.69 -84.86 -4.30464516913493 8.92056738868798
2013.3740 35.69 -84.86 14.31138117671240 7.47390981958053
2013.4014 35.69 -84.86 -14.53943524284229 7.75583229319684
2013.4288 35.69 -84.86 8.30394191748965 6.64003569770659
2013.4562 35.69 -84.86 29.18376870981944 6.74229834048896
2013.4836 35.69 -84.86 -2.66599858275377 6.99084389044129
2013.5110 35.69 -84.86 16.39904200417892 8.06828069102591
2013.5384 35.69 -84.86 -18.78165424132910 7.66943801836812
2013.5658 35.69 -84.86 -45.55694012547074 8.21043111140583
2013.7575 35.69 -84.86 -16.79619506239269 7.56413284537534
2013.7849 35.69 -84.86 -4.83578823498528 7.98705063576033
2013.8123 35.69 -84.86 -21.47826653028172 7.24143453923132
2013.8397 35.69 -84.86 -30.95900523462360 7.36864952944928
2013.8671 35.69 -84.86 -17.84166648264353 7.84389613704718
2013.8945 35.69 -84.86 -37.16728543452427 7.32792621541769
2013.9219 35.69 -84.86 -19.62275081929589 6.33610961139231
2013.9493 35.69 -84.86 -29.08214499907824 6.89311461112818
2013.9767 35.69 -84.86 -16.73379099636502 6.84767524820687
2014.0041 35.69 -84.86 -22.01406843680101 6.64152398599861
2014.0315 35.69 -84.86 1.05843690422856 7.02379931388574
2014.1685 35.69 -84.86 8.00847367110176 7.33659945723202
2014.1959 35.69 -84.86 11.59954878962673 7.81492275952735
2014.2233 35.69 -84.86 1.59335620921929 7.31002702779873
2014.2507 35.69 -84.86 -10.78962602633615 6.60856892861839
2014.2781 35.69 -84.86 -21.25094613560345 7.07242452090056
2014.3055 35.69 -84.86 -3.91500927015714 6.72877636938569
2014.3329 35.69 -84.86 3.11804883731020 5.28543139335024
2014.3603 35.69 -84.86 -16.28608241690943 6.21905595157837
2014.3877 35.69 -84.86 23.62622061859847 6.23555260621099
2014.4151 35.69 -84.86 -18.11393285560778 6.14158466269747
2014.4425 35.69 -84.86 -4.35373267801991 6.59196488357238
2014.4699 35.69 -84.86 -10.85683648511263 6.45035619813310
2014.5795 35.69 -84.86 -12.38925988952615 5.10195762487361
2014.6068 35.69 -84.86 6.78410066159802 5.62150437724318
2014.6342 35.69 -84.86 -2.47488705920762 4.94295728632892
2014.6616 35.69 -84.86 -10.53815659846645 5.73820802563777
2014.6890 35.69 -84.86 5.12248907974120 5.58674550018730
2014.7164 35.69 -84.86 10.43881671003348 5.45046676562046
2014.7438 35.69 -84.86 -10.45464959706022 6.06313327144083
2014.7712 35.69 -84.86 -13.24764155085990 5.98502670134629
2014.7986 35.69 -84.86 -21.79437974397225 5.12841512615240
2014.8260 35.69 -84.86 -13.44040551850135 5.07932218778769
2014.8534 35.69 -84.86 -6.68640736921009 5.43062726102437
2014.8808 35.69 -84.86 1.95926717812660 5.44315897950057
2014.9082 35.69 -84.86 -19.51153382746193 5.57957825892677
2015.0452 35.69 -84.86 -28.57608615766770 3.85642794993094
2015.0726 35.69 -84.86 29.57184589109778 4.38652577474268
2015.1000 35.69 -84.86 6.99947176919989 3.73694719054735
2015.1274 35.69 -84.86 -2.71447011982421 3.43387777818173
2015.1548 35.69 -84.86 37.24283469554906 4.20878748012094
2015.1822 35.69 -84.86 21.95634478495047 3.85830345993741
2015.2096 35.69 -84.86 -10.29463699544174 5.61846704750684
2015.2370 35.69 -84.86 21.65253243211485 6.25816691293690
2015.2644 35.69 -84.86 25.03356362521447 5.34938263585771
2015.2918 35.69 -84.86 -2.57169252787376 5.25655629745521
2015.3192 35.69 -84.86 -2.09693822949670 5.04916676183192
2015.3466 35.69 -84.86 2.71470533063200 5.56104806294159
2015.4836 35.69 -84.86 -15.11589966864593 4.51397202483273
2015.5110 35.69 -84.86 2.48182223798255 4.47520275301999
2015.5384 35.69 -84.86 6.39828586910102 5.11995034783392
2015.5658 35.69 -84.86 -5.57416935976463 5.48257384386992
2015.5932 35.69 -84.86 -5.28621150854521 5.81476561776513
2015.6205 35.69 -84.86 3.27438374595388 5.46981282926980
2015.6479 35.69 -84.86 2.08729960922503 5.34917241627880
2015.6753 35.69 -84.86 -11.00287981084585 4.98709179537575
2015.7027 35.69 -84.86 -6.30580170237999 5.69555999005195
2015.7301 35.69 -84.86 -33.59958567370850 5.57711508195122
2015.9493 35.69 -84.86 3.11092268572931 5.30709225802730
2015.9767 35.69 -84.86 24.64125450131584 5.88589330905408
2016.0041 35.69 -84.86 17.12316942952620 5.18338392082739
2016.0315 35.69 -84.86 20.32972869071050 4.91012458071017
2016.0589 35.69 -84.86 20.82700966976007 5.01814088151557
2016.0863 35.69 -84.86 44.16638182097073 4.37050234294719
2016.1137 35.69 -84.86 33.01897765964630 5.13482843080818
2016.1411 35.69 -84.86 -10.53867633395856 6.37710060192170
2016.1685 35.69 -84.86 79.17367182728658 7.07635572207041
2016.1959 35.69 -84.86 -10.04698897837117 6.99101904002994
2016.2233 35.69 -84.86 21.39839705496422 7.16067639103577
2016.2507 35.69 -84.86 12.54817588852089 5.28938997232530
2016.3603 35.69 -84.86 -7.58383056303173 4.98078300159736
2016.3877 35.69 -84.86 4.29845254910979 6.15067745038151
2016.4151 35.69 -84.86 -6.73630877919618 5.94485394342687
2016.4425 35.69 -84.86 8.73035123453287 6.55844901243651
2016.4699 35.69 -84.86 -24.07578183557012 6.40432937921983
