2002.5877 39.12 -93.22 -17.60661056189383 9.98613190645509
2002.6151 39.12 -93.22 -6.93738450226489 9.72558194723059
2002.6425 39.12 -93.22 -11.05344275393603 9.92641153935052
2002.6699 39.12 -93.22 35.13433209138423 8.31599457441116
2002.6973 39.12 -93.22 -10.84162461293731 13.13621937488540
2002.7247 39.12 -93.22 -8.57410843868049 9.44116614690924
2002.7521 39.12 -93.22 -26.83854585698153 8.64454056337854
2002.7795 39.12 -93.22 -25.07475797011707 9.88664452247605
2002.8068 39.12 -93.22 -44.37400043541343 8.97502276661777
2002.8342 39.12 -93.22 -6.63327625636396 8.79346395076619
2002.8616 39.12 -93.22 -12.01129703774181 8.37556659994028
2002.8890 39.12 -93.22 -13.79002834804551 8.94795155012116
2002.9164 39.12 -93.22 -17.56740871002424 9.24696914511884
2003.0260 39.12 -93.22 -19.47472359057834 10.31113560620861
2003.0534 39.12 -93.22 13.71123682944743 18.13319703836751
2003.0808 39.12 -93.22 -25.85851263166436 14.90576273944809
2003.1082 39.12 -93.22 2.60041733114368 8.27007090342312
2003.1356 39.12 -93.22 10.67527974568064 7.60798712420975
2003.1630 39.12 -93.22 -22.37687387486178 8.27877318451021
2003.1904 39.12 -93.22 -6.50266933268770 9.67426537050336
2003.2178 39.12 -93.22 -15.19887096598390 8.17829426482854
2003.2452 39.12 -93.22 9.82496544330146 8.12917987409366
2003.2726 39.12 -93.22 -12.61970243799957 7.91062152665372
2003.3000 39.12 -93.22 -14.22724585275214 7.76819994593970
2003.3274 39.12 -93.22 22.14562649307672 10.43954289084462
2003.3548 39.12 -93.22 19.96763138641266 11.89700397658587
2003.3822 39.12 -93.22 17.73869227865885 10.05988850420036
2003.5192 39.12 -93.22 -13.52501483064593 11.62771227246358
2003.5466 39.12 -93.22 8.28898735057110 13.28317086767539
2003.5740 39.12 -93.22 -27.07110897756994 15.93317809236543
2003.6014 39.12 -93.22 -23.77475779427460 13.32466290573255
2003.6288 39.12 -93.22 -38.54998922152996 12.23761648537975
2003.6562 39.12 -93.22 -16.44878606244196 13.38369431465296
2003.6836 39.12 -93.22 6.91591493365755 13.45065406011185
2003.7110 39.12 -93.22 -2.66010521177167 9.89751423918935
2003.7384 39.12 -93.22 -16.52379105353484 12.58200627466785
2003.7658 39.12 -93.22 -1.36970844111457 11.44532433202209
2003.7932 39.12 -93.22 0.50462038102558 13.03589485629630
2003.8205 39.12 -93.22 -6.06123361374214 13.82035976907744
2003.8479 39.12 -93.22 15.22268877296439 11.65178460627017
2003.8753 39.12 -93.22 -2.92789941330342 12.87922007959294
2003.9027 39.12 -93.22 4.72750405617652 11.27728003631999
2003.9301 39.12 -93.22 -2.29606327886083 12.05820926208960
2003.9575 39.12 -93.22 16.08624000333324 14.03717339593067
2003.9849 39.12 -93.22 0.11897686014524 13.10200496589555
2004.0123 39.12 -93.22 22.75501829870621 14.06961220089518
2004.0397 39.12 -93.22 6.66417414481315 10.66045032955336
2004.0945 39.12 -93.22 1.15436967795028 9.93733846230988
2004.1219 39.12 -93.22 11.35043179017180 11.52379657284018
2004.1493 39.12 -93.22 19.71777883959873 13.74545109126775
2004.1767 39.12 -93.22 46.13984554471867 15.13563702847093
2004.2041 39.12 -93.22 27.40180782954175 11.84868238650951
2004.2315 39.12 -93.22 9.05092597806642 12.03250911265268
2004.2589 39.12 -93.22 13.68783463574675 12.38054966182034
2004.2863 39.12 -93.22 24.18054072509611 12.45397092209812
2004.3137 39.12 -93.22 18.26917861087166 11.76040670498358
2004.3411 39.12 -93.22 14.89531711514365 13.04986333430976
2004.3685 39.12 -93.22 32.80747729782492 12.27504554270207
2004.3959 39.12 -93.22 9.58623195821559 10.55382745782704
2004.4233 39.12 -93.22 7.87350374258240 10.09224645496725
2004.4507 39.12 -93.22 13.36131997665058 9.03728273903928
2004.4781 39.12 -93.22 22.58956753975629 10.05687251595780
2004.5055 39.12 -93.22 12.04531854002974 9.75130647344429
2004.5329 39.12 -93.22 10.45324472481081 9.10618554624891
2004.5603 39.12 -93.22 6.46805280436449 9.45622350400725
2004.5877 39.12 -93.22 16.67830529327509 9.47982544962264
2004.6151 39.12 -93.22 25.81019765052819 10.50895543441834
2004.6425 39.12 -93.22 14.73493192736048 8.74944462014785
2004.6699 39.12 -93.22 26.86579791691941 8.72615947597971
2004.6973 39.12 -93.22 15.48265063625890 8.10214545123961
2004.7247 39.12 -93.22 3.06833531122065 9.47662393222840
2004.7521 39.12 -93.22 7.43233681339448 8.98344361588189
2004.7795 39.12 -93.22 0.79883816122271 8.83533112842046
2004.8068 39.12 -93.22 18.88770068069924 9.98414459328487
2004.8342 39.12 -93.22 19.64705513143348 9.87892877862960
2004.8616 39.12 -93.22 15.16351057268953 8.49385008079639
2004.8890 39.12 -93.22 8.57961878279319 8.53837339675535
2004.9164 39.12 -93.22 29.31904377648804 9.49306262471038
2004.9438 39.12 -93.22 41.82880607102433 10.25089192992718
2004.9712 39.12 -93.22 43.26167575130894 9.64980622635641
2004.9973 39.12 -93.22 18.87727114082036 9.12948141656094
2005.0233 39.12 -93.22 27.70776496269023 11.05558288391282
2005.0507 39.12 -93.22 26.47092986579634 17.38603957742290
2005.0781 39.12 -93.22 30.94919958217874 12.65822117852984
2005.1055 39.12 -93.22 45.62831326180495 12.51517519615379
2005.1329 39.12 -93.22 46.09477189618253 12.84172010073045
2005.1603 39.12 -93.22 15.62255457314628 11.15013214365807
2005.1877 39.12 -93.22 21.23170238186342 10.99618228513322
2005.2151 39.12 -93.22 12.04996856059136 10.11174165716218
2005.2425 39.12 -93.22 36.65420581669839 9.96134931967230
2005.2699 39.12 -93.22 6.18902919995701 10.76328850943460
2005.2973 39.12 -93.22 29.56126366189018 11.46246749303996
2005.3247 39.12 -93.22 16.40088610569650 12.10084406032720
2005.3521 39.12 -93.22 -1.76390818105989 4.28703828050977
2005.3795 39.12 -93.22 4.50635206255563 11.22786086590004
2005.4068 39.12 -93.22 1.96677066023170 10.09518938455392
2005.4342 39.12 -93.22 18.06240476381907 11.57298300995408
2005.4616 39.12 -93.22 8.20075001220531 10.62308562823887
2005.4890 39.12 -93.22 2.40494455314569 10.05377995196646
2005.5164 39.12 -93.22 8.09964344177849 9.99130509136350
2005.5438 39.12 -93.22 14.15275715103676 11.07258593242302
2005.5712 39.12 -93.22 8.05790123438262 12.21580353043509
2005.5986 39.12 -93.22 -1.83165447407928 12.50444400201357
2005.6260 39.12 -93.22 6.47171629103232 10.88382067185035
2005.6534 39.12 -93.22 6.28281754123271 11.65225226962261
2005.6808 39.12 -93.22 -11.48491558697073 11.36329439554906
2005.7082 39.12 -93.22 -11.10417014320607 14.23295318787477
2005.7356 39.12 -93.22 -37.41401871888711 12.32759795456036
2005.7630 39.12 -93.22 -27.73626415745865 12.34587077564397
2005.7904 39.12 -93.22 -16.41523060966796 11.38731164005404
2005.8178 39.12 -93.22 -4.75187449310005 11.79968379270838
2005.8452 39.12 -93.22 -17.15274751649330 12.61874700341722
2005.8726 39.12 -93.22 -13.62549664615115 10.84108007127924
2005.9000 39.12 -93.22 -16.91726415933790 10.47013295763264
2005.9274 39.12 -93.22 -23.58241578234852 10.22104227761528
2005.9548 39.12 -93.22 -19.27770708248596 8.79966127182554
2005.9822 39.12 -93.22 -16.82405953727394 9.52807426808264
2006.0096 39.12 -93.22 -2.31619714066320 10.97568084719991
2006.0370 39.12 -93.22 15.83620075438241 14.23724292614463
2006.0644 39.12 -93.22 -3.66418238586562 14.38895476024375
2006.0918 39.12 -93.22 -11.83826391579159 14.51274219676449
2006.1192 39.12 -93.22 -15.03262125797426 17.00711945546853
2006.1466 39.12 -93.22 -20.07665582590754 12.92527917530123
2006.1740 39.12 -93.22 -21.82832973906168 15.12213550725345
2006.2014 39.12 -93.22 -6.12270727060154 11.18887486867599
2006.2288 39.12 -93.22 -8.74945056000081 15.24311714870291
2006.2562 39.12 -93.22 3.60622269821813 14.39448805172090
2006.2836 39.12 -93.22 17.41207933581250 13.93133296135962
2006.3110 39.12 -93.22 0.09779283795371 14.99183265524477
2006.3384 39.12 -93.22 9.34981015382235 13.50609359237736
2006.3658 39.12 -93.22 22.34491519045281 15.08392031004327
2006.3932 39.12 -93.22 -15.69255703592770 14.75992701978318
2006.4205 39.12 -93.22 -16.88240153529625 14.69258687774601
2006.4479 39.12 -93.22 0.10512139000711 15.62544547369046
2006.4753 39.12 -93.22 -20.33977845717741 16.29685441892930
2006.5027 39.12 -93.22 13.64138410673406 17.06116662595338
2006.5301 39.12 -93.22 -7.62321738176282 20.80224118623823
2006.5575 39.12 -93.22 -24.02602295083598 16.16044219938839
2006.5849 39.12 -93.22 -37.81718643568513 16.68084647130498
2006.6123 39.12 -93.22 -36.48074327177007 21.56028419779760
2006.6397 39.12 -93.22 -38.34856184299290 17.82647629847268
2006.6671 39.12 -93.22 -27.01580034484439 15.82834149344714
2006.6945 39.12 -93.22 -45.57750815595471 20.85314589250817
2006.7219 39.12 -93.22 -17.12570049338755 18.85536915672052
2006.7493 39.12 -93.22 -36.97036976148164 23.05229607800589
2006.7767 39.12 -93.22 -45.38388057105404 20.06564332817363
2006.8041 39.12 -93.22 -41.10585730748792 15.71657670570089
2006.8315 39.12 -93.22 -47.49828826326134 18.74961089432832
2006.8589 39.12 -93.22 -54.02683193804802 18.06527980036549
2006.8863 39.12 -93.22 -40.93222187109387 17.09671018477093
2006.9137 39.12 -93.22 0.19053476290062 16.35991976630412
2006.9411 39.12 -93.22 -9.03545515974858 15.98818622798818
2006.9685 39.12 -93.22 -14.62793539729267 15.59636179851386
2006.9959 39.12 -93.22 7.02660011360802 15.11443709810490
2007.0233 39.12 -93.22 -9.00046538757670 13.71110887625800
2007.0507 39.12 -93.22 0.01159049436366 14.61945194506173
2007.0781 39.12 -93.22 4.88130223704646 15.61882818160960
2007.1055 39.12 -93.22 -7.47942579430033 13.70975314582374
2007.1329 39.12 -93.22 11.99086431895380 15.15087335698328
2007.1603 39.12 -93.22 -9.25429133320523 14.41902153289229
2007.1877 39.12 -93.22 -23.69913825054804 19.72724839139043
2007.2151 39.12 -93.22 -8.11189528462359 17.40006592266322
2007.2425 39.12 -93.22 5.91570429914765 16.65274914853038
2007.2699 39.12 -93.22 23.28162874012245 12.46023134586625
2007.2973 39.12 -93.22 3.30088047841188 11.67026163284655
2007.3247 39.12 -93.22 -3.37955610482302 14.99716851847845
2007.3521 39.12 -93.22 -4.19758438434019 16.70804105114448
2007.3795 39.12 -93.22 9.08567782890298 17.72850332397981
2007.4068 39.12 -93.22 4.29952056462469 14.23474148843894
2007.4342 39.12 -93.22 19.50239917806862 13.43476428745733
2007.4616 39.12 -93.22 31.41026166153846 18.71472731441987
2007.4890 39.12 -93.22 9.97894216550036 13.46181223963133
2007.5164 39.12 -93.22 2.24116300390439 14.49639979640251
2007.5438 39.12 -93.22 2.65194895468544 13.90332213454520
2007.5712 39.12 -93.22 -6.52369288067154 14.29285350802987
2007.5986 39.12 -93.22 -21.06096789936416 18.00297502103074
2007.6260 39.12 -93.22 -25.29520604688666 14.16746103288664
2007.6534 39.12 -93.22 -29.90306918728298 14.48003489254924
2007.6808 39.12 -93.22 -16.36520211654023 15.11433344533454
2007.7082 39.12 -93.22 -34.96162973785786 10.36875358609495
2007.7356 39.12 -93.22 -37.52589374193905 15.52444410625528
2007.7630 39.12 -93.22 -44.40066803309479 11.10416172274317
2007.7904 39.12 -93.22 -14.74476891272638 15.48641134669913
2007.8178 39.12 -93.22 -18.21290078025292 18.28293850018520
2007.8452 39.12 -93.22 -37.80979432978278 14.17822361496200
2007.8726 39.12 -93.22 -14.50650889600536 16.79762724906983
2007.9000 39.12 -93.22 -24.85026723866304 17.68022910368917
2007.9274 39.12 -93.22 -20.16382411374860 17.60937589293909
2007.9548 39.12 -93.22 -0.75808619459923 12.84361655490015
2007.9822 39.12 -93.22 -3.26347667431688 16.27172870826931
2008.0096 39.12 -93.22 -16.98657270769787 14.15378446768944
2008.0370 39.12 -93.22 -6.10316953724914 14.81618192982582
2008.0644 39.12 -93.22 4.46033838304169 17.48156465764232
2008.0918 39.12 -93.22 17.91499326252711 13.18970955827839
2008.1192 39.12 -93.22 13.44662769347504 16.13472622594944
2008.1466 39.12 -93.22 13.17763149233741 19.09727288907682
2008.1740 39.12 -93.22 3.47923960500163 16.45992848981937
2008.2014 39.12 -93.22 13.93095104174091 18.14831716846512
2008.2288 39.12 -93.22 33.79197054603616 20.06847604236052
2008.2562 39.12 -93.22 -17.91507123347084 19.06792308156209
2008.2836 39.12 -93.22 5.69951442740666 22.99180897546243
2008.3110 39.12 -93.22 19.66275925316839 24.05474652351269
2008.3384 39.12 -93.22 -4.96467219217836 17.64774972879317
2008.3658 39.12 -93.22 18.75569342896847 17.82885279224146
2008.3932 39.12 -93.22 -2.37651412996776 15.79686917702274
2008.4205 39.12 -93.22 15.41103630279873 13.77737190859725
2008.4479 39.12 -93.22 26.82105761621827 14.29219768889684
2008.4753 39.12 -93.22 46.54950988768285 13.70077942940526
2008.5027 39.12 -93.22 14.05084145201953 16.95342408363497
2008.5301 39.12 -93.22 20.35171800433756 20.98043561420132
2008.5575 39.12 -93.22 7.94489178510695 13.14668758061687
2008.5849 39.12 -93.22 40.76478039489381 15.74189088778646
2008.6123 39.12 -93.22 19.76153754037505 12.49252575998163
2008.6397 39.12 -93.22 9.01599238064131 13.97792230385013
2008.6671 39.12 -93.22 -11.68562892136999 13.26199414489649
2008.6945 39.12 -93.22 30.06548989886269 12.76463669659867
2008.7219 39.12 -93.22 31.02254896206859 15.21558518981356
2008.7493 39.12 -93.22 30.90077835106364 13.60427333185073
2008.7767 39.12 -93.22 -2.81339779098165 16.39946578110424
2008.8041 39.12 -93.22 12.20368811859655 16.56206541706216
2008.8315 39.12 -93.22 -14.17274904841827 18.55914865952142
2008.8589 39.12 -93.22 12.04636977193722 21.73667224251964
2008.8863 39.12 -93.22 -0.43750570279781 20.83836820280740
2008.9137 39.12 -93.22 10.72792633200052 19.95518881263178
2008.9411 39.12 -93.22 10.01614167969398 20.53280093884691
2008.9685 39.12 -93.22 12.39679815739821 19.13045876268669
2008.9945 39.12 -93.22 30.80673967866943 16.25954091241361
2009.0205 39.12 -93.22 41.45591651033170 16.17423031539233
2009.0479 39.12 -93.22 8.46316570182683 16.17802459265242
2009.0753 39.12 -93.22 19.07428144298524 15.21327296845109
2009.1027 39.12 -93.22 10.18476258279303 19.39660037060434
2009.1301 39.12 -93.22 29.25969893313573 15.07575755619599
2009.1575 39.12 -93.22 46.19145505073798 15.20546083601974
2009.1849 39.12 -93.22 39.57383295032364 18.25895716270712
2009.2123 39.12 -93.22 29.09103603071710 14.86544645403320
2009.2397 39.12 -93.22 14.72029513224171 17.45880288520399
2009.2671 39.12 -93.22 32.54742895861750 14.41867227477704
2009.2945 39.12 -93.22 23.77479955929675 14.86162359827263
2009.3219 39.12 -93.22 44.79046787144355 15.45842064400596
2009.3493 39.12 -93.22 11.00359864249525 14.03052844275221
2009.3767 39.12 -93.22 38.23770609023420 14.77241763033280
2009.4041 39.12 -93.22 5.85372067122029 12.69918871531687
2009.4315 39.12 -93.22 36.50272880355373 15.06904893335321
2009.4589 39.12 -93.22 30.36667638056524 12.27058683789825
2009.4863 39.12 -93.22 31.11571514003713 13.66103880988540
2009.5137 39.12 -93.22 19.22206490472992 12.75598081864537
2009.5411 39.12 -93.22 13.19487403054983 16.04657526639952
2009.5685 39.12 -93.22 15.33790791772080 17.21437307065459
2009.5959 39.12 -93.22 19.51967557399095 14.89573720204631
2009.6233 39.12 -93.22 0.64682867143579 15.88334830136693
2009.6507 39.12 -93.22 25.14062285267394 15.33227508196673
2009.6781 39.12 -93.22 11.51706748569104 16.65809855510871
2009.7055 39.12 -93.22 6.77550859531373 17.53949903674244
2009.7329 39.12 -93.22 -9.64546481296261 16.72042158422407
2009.7603 39.12 -93.22 -59.46721301816720 19.15556089454362
2009.7877 39.12 -93.22 9.72417362423718 17.61937365721232
2009.8151 39.12 -93.22 1.01921477527923 19.17267895441151
2009.8425 39.12 -93.22 14.44180778003489 17.23737281065684
2009.8699 39.12 -93.22 14.10179800273314 16.37827680149593
2009.8973 39.12 -93.22 18.15880627666874 15.21549627369200
2009.9247 39.12 -93.22 30.54709904548873 14.68600146292900
2009.9521 39.12 -93.22 27.26514406809661 13.95836623411559
2009.9795 39.12 -93.22 47.40762964321935 14.35248402711641
2010.0068 39.12 -93.22 45.89937303462381 18.84135202873646
2010.0342 39.12 -93.22 38.84852786829101 14.18955481076729
2010.0616 39.12 -93.22 35.70792471900852 14.65899881127566
2010.0890 39.12 -93.22 35.96680689998023 18.10981346514489
2010.1164 39.12 -93.22 21.64854313744451 18.72076529438273
2010.1438 39.12 -93.22 30.95256275306723 17.66053637299246
2010.1712 39.12 -93.22 40.59550415996707 16.83138828765097
2010.1986 39.12 -93.22 28.93380457081100 16.09958475596717
2010.2260 39.12 -93.22 36.29347770249026 17.69579978132832
2010.2534 39.12 -93.22 55.64092329037355 18.13793692243168
2010.2808 39.12 -93.22 25.60304833437857 13.57681564917212
2010.3082 39.12 -93.22 38.84993916699647 14.39888907913681
2010.3356 39.12 -93.22 14.30480493540935 12.65935469677138
2010.3630 39.12 -93.22 16.29992866385801 13.57592987528756
2010.3904 39.12 -93.22 28.85584190290801 13.58331758694634
2010.4178 39.12 -93.22 42.36615640167742 14.54082980644942
2010.4452 39.12 -93.22 54.75231219913645 12.61297619860042
2010.4726 39.12 -93.22 30.81327158458692 11.17195480377922
2010.5000 39.12 -93.22 33.02697520013947 12.99098213429236
2010.5274 39.12 -93.22 15.81115894134219 21.98412207483636
2010.5548 39.12 -93.22 31.74975821707489 13.53353000563128
2010.5822 39.12 -93.22 20.56247278164128 12.08385147382847
2010.6096 39.12 -93.22 6.98354423298052 16.26925957038157
2010.6370 39.12 -93.22 4.10688654301421 14.27013402755416
2010.6644 39.12 -93.22 -6.17682551697416 13.22769919909638
2010.6918 39.12 -93.22 -5.48548335244069 16.39425471675639
2010.7192 39.12 -93.22 -11.47355505736314 15.18192546479797
2010.7466 39.12 -93.22 7.77458157897243 18.01786436815057
2010.7740 39.12 -93.22 -3.40297165653422 13.97152182550563
2010.8014 39.12 -93.22 -3.80725727158762 13.40367873209638
2010.8288 39.12 -93.22 0.32940829693514 15.62447860110273
2010.8562 39.12 -93.22 -3.80544742991288 15.24224864701179
2010.8836 39.12 -93.22 -2.24026240489631 13.82937851393188
2010.9110 39.12 -93.22 5.61018161495898 15.43627049131179
2010.9384 39.12 -93.22 9.79511667448584 16.11929135602643
2010.9658 39.12 -93.22 11.98298430792031 17.90898243784732
2010.9932 39.12 -93.22 20.57086840541302 12.71962301987567
2011.1027 39.12 -93.22 13.13545643452429 12.80285762201106
2011.1301 39.12 -93.22 21.85212083684886 21.23172437453430
2011.1575 39.12 -93.22 28.78695349082503 13.55331060432220
2011.1849 39.12 -93.22 15.01136816997970 10.32207835449260
2011.2123 39.12 -93.22 24.16762760709656 18.01794898103278
2011.2397 39.12 -93.22 17.53172268607953 18.95902926480089
2011.2671 39.12 -93.22 13.08195101609995 14.92797278408898
2011.2945 39.12 -93.22 -14.11905586477745 17.80742332539305
2011.3219 39.12 -93.22 7.85537598272362 16.60801688176272
2011.3493 39.12 -93.22 -5.86881113616213 14.61095980730208
2011.3767 39.12 -93.22 -0.80578398100625 17.48427466214622
2011.4041 39.12 -93.22 -1.56054997346726 15.01870750104247
2011.4315 39.12 -93.22 16.18269845844918 14.66958252858177
2011.5137 39.12 -93.22 15.15005361318813 13.39704525301976
2011.5411 39.12 -93.22 0.61615694634000 14.61003320480204
2011.5685 39.12 -93.22 5.55541595376368 14.07437703426780
2011.5959 39.12 -93.22 6.54164044487730 15.29985550223367
2011.6233 39.12 -93.22 14.02203348523747 15.13899231181038
2011.6507 39.12 -93.22 3.32887880754435 18.58228675501832
2011.6781 39.12 -93.22 -24.05051617531079 17.22678992806626
2011.7055 39.12 -93.22 -17.70703494446284 17.32843036776801
2011.7329 39.12 -93.22 -46.58020137712840 20.40047564523074
2011.7603 39.12 -93.22 -42.31040744648134 17.27411482842342
2011.7877 39.12 -93.22 -36.58332614427668 18.53906094890551
2011.8151 39.12 -93.22 -31.54234646423335 18.07325621332923
2011.8425 39.12 -93.22 -27.45271151520561 19.90274105716040
2011.8699 39.12 -93.22 -33.69998385758520 18.36836867620544
2011.9521 39.12 -93.22 -5.74296041999425 11.15281033826778
2011.9795 39.12 -93.22 -22.37596420464407 15.61599162977754
2012.0068 39.12 -93.22 -5.00773192388406 14.34393623259844
2012.0342 39.12 -93.22 -37.30856654798385 17.33807012979418
2012.0616 39.12 -93.22 -4.36100214097474 15.01193857783120
2012.0890 39.12 -93.22 16.98272300472832 14.74143435426335
2012.1164 39.12 -93.22 -3.01506239943262 14.26606058338558
2012.1438 39.12 -93.22 -3.40077385509151 14.83093759945291
2012.1712 39.12 -93.22 16.84576875217291 13.88198907688401
2012.1986 39.12 -93.22 -14.80804616019386 12.50050313499339
2012.2260 39.12 -93.22 -18.97684587706229 12.93118695640628
2012.2534 39.12 -93.22 -22.21638888443809 12.57709030728597
2012.2808 39.12 -93.22 -10.38475280862610 11.68329373728261
2012.3082 39.12 -93.22 -8.34587467393712 13.05539107319404
2012.3904 39.12 -93.22 -24.78191989218313 13.59120256850314
2012.4178 39.12 -93.22 -23.78825155290405 10.56926990523656
2012.4452 39.12 -93.22 19.26822875190560 10.38554631789100
2012.4726 39.12 -93.22 -25.00386384262132 11.35193094215554
2012.5000 39.12 -93.22 -35.98610639434956 10.67923983395836
2012.5274 39.12 -93.22 -28.30057958764871 11.44003572421643
2012.5548 39.12 -93.22 -52.39720329330390 11.43850193132860
2012.5822 39.12 -93.22 -29.10717943933086 12.29667076938285
2012.6096 39.12 -93.22 -36.02317886181056 12.24616099226618
2012.6370 39.12 -93.22 -42.71869902332543 11.17690892379360
2012.6644 39.12 -93.22 -25.79200222136701 12.39101514725306
2012.6918 39.12 -93.22 -15.08016359208591 12.83826931650243
2012.7192 39.12 -93.22 -15.62312054975391 15.85374148350702
2012.7466 39.12 -93.22 -46.07486870890090 10.39166162841017
2012.8562 39.12 -93.22 -59.96825697376340 16.29241745598493
2012.8836 39.12 -93.22 -37.86383879603250 15.40530224978791
2012.9110 39.12 -93.22 -27.85537339600120 14.53503677927658
2012.9384 39.12 -93.22 -48.31625146948278 13.60109402998294
2012.9658 39.12 -93.22 -47.69966322957904 15.85499103000015
2012.9918 39.12 -93.22 -36.16680193887176 7.32285965870515
2013.0178 39.12 -93.22 -55.07988028000188 8.88094494622687
2013.0452 39.12 -93.22 -19.19690879593493 8.78866838460915
2013.0726 39.12 -93.22 -35.61275395277487 8.00819979841439
2013.1000 39.12 -93.22 -28.90956482885229 8.24055423538962
2013.1274 39.12 -93.22 -2.51946160462193 7.51677712913543
2013.1548 39.12 -93.22 -30.23350099199676 6.74828144834205
2013.2644 39.12 -93.22 -5.22826585939185 7.55998200655846
2013.2918 39.12 -93.22 -2.11418024050731 7.79479912227635
2013.3192 39.12 -93.22 8.53232119100766 8.77727146828539
2013.3466 39.12 -93.22 -34.79972408894658 9.05492756074054
2013.3740 39.12 -93.22 1.63783479312825 7.58532449240609
2013.4014 39.12 -93.22 -6.02220219680040 7.87653022781773
2013.4288 39.12 -93.22 9.59724375376788 6.74528724655778
2013.4562 39.12 -93.22 -10.95205102234751 6.85674897112327
2013.4836 39.12 -93.22 -24.85063968944276 7.10224226228253
2013.5110 39.12 -93.22 -26.08174274069702 8.19210724673481
2013.5384 39.12 -93.22 -6.04464285378797 7.80784710420030
2013.5658 39.12 -93.22 -15.33547945633619 8.34063095321250
2013.7575 39.12 -93.22 -23.76620386853986 7.71557284898333
2013.7849 39.12 -93.22 -49.11004980568610 8.13178640249695
2013.8123 39.12 -93.22 -47.25330172642222 7.37941438600473
2013.8397 39.12 -93.22 -57.74489505658878 7.51132311575584
2013.8671 39.12 -93.22 -50.64029181278633 7.99363172926376
2013.8945 39.12 -93.22 -31.82366374731590 7.47800031323699
2013.9219 39.12 -93.22 -18.96983684202901 6.47811898327511
2013.9493 39.12 -93.22 -32.31053222907251 7.04626944282017
2013.9767 39.12 -93.22 -32.05428495097850 7.00247700770983
2014.0041 39.12 -93.22 -56.26160468600263 6.79234085756255
2014.0315 39.12 -93.22 -34.91016479419127 7.18575990743761
2014.1685 39.12 -93.22 10.14211880718685 7.48734382938601
2014.1959 39.12 -93.22 -22.27779226637553 7.93972848247010
2014.2233 39.12 -93.22 -8.95803183339079 7.42868406628780
2014.2507 39.12 -93.22 -18.22896989919783 6.70415033327457
2014.2781 39.12 -93.22 -2.33696003495490 7.17669891366346
2014.3055 39.12 -93.22 -4.45240905802998 6.82599887831247
2014.3329 39.12 -93.22 20.02306725257889 5.36666758597115
2014.3603 39.12 -93.22 -19.99808678336112 6.31119480153356
2014.3877 39.12 -93.22 -14.68800046367271 6.32886779290326
2014.4151 39.12 -93.22 -3.30867196518234 6.23862596270454
2014.4425 39.12 -93.22 24.39748994237594 6.69495289565984
2014.4699 39.12 -93.22 26.10846456617115 6.55917720209908
2014.5795 39.12 -93.22 -13.67061369211484 5.21909301268303
2014.6068 39.12 -93.22 -33.70099320470797 5.72958014193337
2014.6342 39.12 -93.22 6.97620291798464 5.04247555781331
2014.6616 39.12 -93.22 -7.81720949661307 5.84763572307780
2014.6890 39.12 -93.22 7.20810024924707 5.69019372595030
2014.7164 39.12 -93.22 -0.96770719321772 5.55100346640343
2014.7438 39.12 -93.22 -17.03185786128172 6.17203359267027
2014.7712 39.12 -93.22 -17.33950029712542 6.09824869739533
2014.7986 39.12 -93.22 17.93780951419038 5.23046982671960
2014.8260 39.12 -93.22 -26.03621490197122 5.17775236410968
2014.8534 39.12 -93.22 -9.28790784853647 5.53974610092732
2014.8808 39.12 -93.22 -15.92479041600521 5.56025610955662
2014.9082 39.12 -93.22 20.95690843841057 5.69425730621287
2015.0452 39.12 -93.22 16.06366654520690 3.92741257345853
2015.0726 39.12 -93.22 -2.89914263496778 4.45799867803749
2015.1000 39.12 -93.22 30.44766158178382 3.81293259966496
2015.1274 39.12 -93.22 19.95784129706336 3.50737485925565
2015.1548 39.12 -93.22 0.74017727779567 4.28512160560881
2015.1822 39.12 -93.22 -3.32604522918025 3.92622332013571
2015.2096 39.12 -93.22 12.65789402609155 5.77562055873031
2015.2370 39.12 -93.22 -2.46109221033812 6.33077137122005
2015.2644 39.12 -93.22 -15.54322876777922 5.45555296930666
2015.2918 39.12 -93.22 25.63579618106576 5.35869914542285
2015.3192 39.12 -93.22 -0.17530113420274 5.14011651561498
2015.3466 39.12 -93.22 -16.37319693750425 5.66016098945318
2015.4836 39.12 -93.22 22.31569362500095 4.64877664662220
2015.5110 39.12 -93.22 33.95414821516265 4.59743800351146
2015.5384 39.12 -93.22 9.77396381637896 5.23885121698898
2015.5658 39.12 -93.22 0.50055944666113 5.59530779566371
2015.5932 39.12 -93.22 14.83382933813413 5.93466783326191
2015.6205 39.12 -93.22 12.77885365007477 5.58270702452888
2015.6479 39.12 -93.22 21.90958344044102 5.46035453219493
2015.6753 39.12 -93.22 2.47171362581809 5.09792629695102
2015.7027 39.12 -93.22 -19.49447925184392 5.81443363524861
2015.7301 39.12 -93.22 -12.05035039416436 5.69342362792822
2015.9493 39.12 -93.22 11.56614550596754 5.42346960512471
2015.9767 39.12 -93.22 14.69071386627697 5.99761124452263
2016.0041 39.12 -93.22 12.76554142254891 5.28415883257057
2016.0315 39.12 -93.22 2.93643221235796 5.01059219425194
2016.0589 39.12 -93.22 7.24367405112537 5.12103950360940
2016.0863 39.12 -93.22 -20.56413129673257 4.46166638545036
2016.1137 39.12 -93.22 14.62960277921214 5.24071063739951
2016.1411 39.12 -93.22 9.45823303068262 6.49411347624104
2016.1685 39.12 -93.22 10.93635516116660 7.19374019791105
2016.1959 39.12 -93.22 -31.17638590821171 7.09883709113839
2016.2233 39.12 -93.22 -31.71528665172452 7.25852533987870
2016.2507 39.12 -93.22 -11.10270493563908 5.40356308773804
2016.3603 39.12 -93.22 -4.73540390297461 5.07706662153772
2016.3877 39.12 -93.22 -5.66884929554527 6.27061995597310
2016.4151 39.12 -93.22 13.92859701385378 6.06657561002715
2016.4425 39.12 -93.22 -11.15366495017220 6.69023535994990
2016.4699 39.12 -93.22 -32.87159782105782 6.53601838368859
