2002.5877 44.34 -112.33 -25.46147835257198 10.29390440206895
2002.6151 44.34 -112.33 -39.64061620197734 10.02017475032119
2002.6425 44.34 -112.33 -44.43124558599404 10.23710441880879
2002.6699 44.34 -112.33 -19.52223165235611 8.56176431956239
2002.6973 44.34 -112.33 -29.28954332572827 13.89020677734653
2002.7247 44.34 -112.33 -34.84030842035846 9.76253762342582
2002.7521 44.34 -112.33 -39.68663882938180 8.91949012588801
2002.7795 44.34 -112.33 -35.90870427950971 10.18421997686976
2002.8068 44.34 -112.33 -39.95743893171026 9.27437383863224
2002.8342 44.34 -112.33 -55.66893094650787 9.07424943132017
2002.8616 44.34 -112.33 -51.85175831682813 8.70981136557100
2002.8890 44.34 -112.33 -47.10851151765996 9.23537795509795
2002.9164 44.34 -112.33 -51.68994464446118 9.56084341250823
2003.0260 44.34 -112.33 -31.70119367556329 10.62817592650206
2003.0534 44.34 -112.33 17.01164047037749 18.71146112700999
2003.0808 44.34 -112.33 43.08635123314762 15.41819630844375
2003.1082 44.34 -112.33 -20.42808556948194 8.54220869887585
2003.1356 44.34 -112.33 -23.92259247275613 7.85682383915928
2003.1630 44.34 -112.33 -0.51484158951257 8.54857555720979
2003.1904 44.34 -112.33 -1.46263838533054 9.99786660731445
2003.2178 44.34 -112.33 17.43463644583287 8.43087419837556
2003.2452 44.34 -112.33 24.72813080501471 8.37652367780037
2003.2726 44.34 -112.33 24.72612254227077 8.15140923868910
2003.3000 44.34 -112.33 36.18883715643449 7.99640313755653
2003.3274 44.34 -112.33 32.95978713274712 10.73830963888579
2003.3548 44.34 -112.33 48.73202415040368 12.21576337081287
2003.3822 44.34 -112.33 38.65795240363454 10.42657584254870
2003.5192 44.34 -112.33 -2.40848944124298 11.93054611400321
2003.5466 44.34 -112.33 -29.07650005967463 13.61277023042789
2003.5740 44.34 -112.33 -24.21300089796076 16.30744344345298
2003.6014 44.34 -112.33 -13.00955284076204 13.65979405170775
2003.6288 44.34 -112.33 -56.25208653169251 12.56277585970245
2003.6562 44.34 -112.33 2.75057838844352 13.75378084808402
2003.6836 44.34 -112.33 -33.61848211475287 13.78518980203282
2003.7110 44.34 -112.33 -38.99450057074893 10.17754856048844
2003.7384 44.34 -112.33 -42.88316077072293 12.90797082989136
2003.7658 44.34 -112.33 -19.84740742672920 11.74609117542889
2003.7932 44.34 -112.33 -40.16699398619470 13.36792867447426
2003.8205 44.34 -112.33 -50.09477810350946 14.19386240026953
2003.8479 44.34 -112.33 -32.01667256665938 12.01616034337244
2003.8753 44.34 -112.33 -44.23550047565696 13.21940690563872
2003.9027 44.34 -112.33 -46.57138295660230 11.62401302255912
2003.9301 44.34 -112.33 -33.70510036670505 12.38641289970819
2003.9575 44.34 -112.33 -49.82012267498534 14.38431226537506
2003.9849 44.34 -112.33 -27.70377828934249 13.44156222130689
2004.0123 44.34 -112.33 -44.92387685476395 14.43847452700059
2004.0397 44.34 -112.33 -26.06491308029963 11.09837933339639
2004.0945 44.34 -112.33 -13.36289281734043 10.33359911360124
2004.1219 44.34 -112.33 -5.40483798906180 11.86235826256198
2004.1493 44.34 -112.33 -17.71754389174616 14.13146968862057
2004.1767 44.34 -112.33 -25.11302434689232 15.52042929210861
2004.2041 44.34 -112.33 13.54149247235170 12.19721404631656
2004.2315 44.34 -112.33 25.01758514536918 12.38844765275711
2004.2589 44.34 -112.33 32.59935495775433 12.75090909154729
2004.2863 44.34 -112.33 6.61591823128386 12.82815491798426
2004.3137 44.34 -112.33 9.83363983374622 12.11760849038721
2004.3411 44.34 -112.33 31.58589332899219 13.43880790948281
2004.3685 44.34 -112.33 1.48421558161920 12.68837581051667
2004.3959 44.34 -112.33 9.34269858202195 10.93731809539239
2004.4233 44.34 -112.33 23.03457649093398 10.47141677152026
2004.4507 44.34 -112.33 -14.74794185923450 9.36613697110580
2004.4781 44.34 -112.33 15.87913697827216 10.41326868387071
2004.5055 44.34 -112.33 -5.14934407510785 10.10333419441582
2004.5329 44.34 -112.33 -15.82337515190564 9.45043474054780
2004.5603 44.34 -112.33 -23.30569878067012 9.80570132581857
2004.5877 44.34 -112.33 -34.52506668808884 9.84354829336539
2004.6151 44.34 -112.33 -30.52614697835887 10.90616589414327
2004.6425 44.34 -112.33 -28.19902698978067 9.10018924235285
2004.6699 44.34 -112.33 -33.22548738128939 9.08201778378500
2004.6973 44.34 -112.33 -36.49784422392185 8.43735030584248
2004.7247 44.34 -112.33 -27.57705007027723 9.85631226223399
2004.7521 44.34 -112.33 -36.63532375175161 9.35270722188010
2004.7795 44.34 -112.33 -32.08984915185350 9.18665463668724
2004.8068 44.34 -112.33 -20.99693348391276 10.36256067727088
2004.8342 44.34 -112.33 -16.93780277866657 10.24913650292886
2004.8616 44.34 -112.33 -27.77065396054367 8.83533013744409
2004.8890 44.34 -112.33 -28.29853771350330 8.86892953256116
2004.9164 44.34 -112.33 -13.70716328768144 9.83631183102462
2004.9438 44.34 -112.33 -3.05029661805691 10.62979965677046
2004.9712 44.34 -112.33 -25.56895170162839 9.97273116475166
2004.9973 44.34 -112.33 -20.58163271033644 9.46353920327748
2005.0233 44.34 -112.33 -20.62733834978491 11.38562378992477
2005.0507 44.34 -112.33 -15.37507644472589 17.77275213322872
2005.0781 44.34 -112.33 -7.27502866331372 12.99743899776611
2005.1055 44.34 -112.33 -30.93549260283724 12.85392382909363
2005.1329 44.34 -112.33 -11.25033206094619 13.18221912552002
2005.1603 44.34 -112.33 9.41229111343382 11.48420817661617
2005.1877 44.34 -112.33 -22.48941682427901 11.36603584215087
2005.2151 44.34 -112.33 -10.51907190107961 10.48053254288756
2005.2425 44.34 -112.33 3.16971300375850 10.28756618513191
2005.2699 44.34 -112.33 -2.46714696770014 11.10363733041189
2005.2973 44.34 -112.33 26.07226770844039 11.81183496746200
2005.3247 44.34 -112.33 17.02228600172250 12.47840931033359
2005.3521 44.34 -112.33 18.66787097463543 4.43942455070394
2005.3795 44.34 -112.33 10.78377826629609 11.58528601504139
2005.4068 44.34 -112.33 9.61331670050664 10.43275749009519
2005.4342 44.34 -112.33 18.39451225408083 11.95574276046526
2005.4616 44.34 -112.33 4.31847522216161 10.96326931701775
2005.4890 44.34 -112.33 -14.38391093493815 10.37775349246155
2005.5164 44.34 -112.33 -8.59442086764622 10.30960710154473
2005.5438 44.34 -112.33 -36.49723394341327 11.40157998301458
2005.5712 44.34 -112.33 -36.39439115985138 12.57102242570631
2005.5986 44.34 -112.33 -38.03936490894691 12.86574526023578
2005.6260 44.34 -112.33 -38.95986788640246 11.20908061631439
2005.6534 44.34 -112.33 -16.98718818126068 11.98510673134434
2005.6808 44.34 -112.33 -23.85465116280647 11.69224543632540
2005.7082 44.34 -112.33 -37.13151292136014 14.60950430681984
2005.7356 44.34 -112.33 -33.18310208153994 12.65614816107915
2005.7630 44.34 -112.33 -11.25212626010801 12.67544600308159
2005.7904 44.34 -112.33 -21.70728801702369 11.69982685592930
2005.8178 44.34 -112.33 -23.66455050580570 12.11970857101788
2005.8452 44.34 -112.33 -33.84240738876120 12.95945541249515
2005.8726 44.34 -112.33 -12.32058274854454 11.14213270306356
2005.9000 44.34 -112.33 -24.61852816946762 10.77031687518006
2005.9274 44.34 -112.33 -14.39398859437921 10.60662228531549
2005.9548 44.34 -112.33 -17.78209406018777 9.07480670274108
2005.9822 44.34 -112.33 -22.51294772674710 9.85493242370455
2006.0096 44.34 -112.33 -13.09223397594619 11.31009211641629
2006.0370 44.34 -112.33 16.22677225428517 14.64177251301787
2006.0644 44.34 -112.33 18.78502385539642 14.79204390475171
2006.0918 44.34 -112.33 -0.32307435147262 14.91181624213339
2006.1192 44.34 -112.33 17.12024553960447 17.43308339166416
2006.1466 44.34 -112.33 32.25875945746369 13.26828721633687
2006.1740 44.34 -112.33 42.38657378648609 15.49080984794242
2006.2014 44.34 -112.33 36.89097229587153 11.48519678382692
2006.2288 44.34 -112.33 35.03289501861961 15.57723071797529
2006.2562 44.34 -112.33 27.92128014381227 14.72672953625640
2006.2836 44.34 -112.33 34.22921396620394 14.25949942123944
2006.3110 44.34 -112.33 36.42497390262091 15.32594166744495
2006.3384 44.34 -112.33 41.47034448131797 13.81208046271360
2006.3658 44.34 -112.33 43.12797276544386 15.42768768699839
2006.3932 44.34 -112.33 66.24616301612141 15.08778045865218
2006.4205 44.34 -112.33 47.49620463440392 15.03204194177240
2006.4479 44.34 -112.33 46.19973354121862 16.02278100344552
2006.4753 44.34 -112.33 20.07591284266879 16.67808063103507
2006.5027 44.34 -112.33 10.12583797101873 17.43641715431202
2006.5301 44.34 -112.33 0.78915754259068 21.22721355406144
2006.5575 44.34 -112.33 -4.55297740652526 16.51914606508813
2006.5849 44.34 -112.33 -13.94446993174292 17.04876587546735
2006.6123 44.34 -112.33 -40.08485906309745 21.98613705192897
2006.6397 44.34 -112.33 -13.43647236658244 18.19536566862776
2006.6671 44.34 -112.33 -14.74755326568431 16.17729012547503
2006.6945 44.34 -112.33 -14.80198068861649 21.28881629674645
2006.7219 44.34 -112.33 -34.81993669518575 19.28868329701142
2006.7493 44.34 -112.33 -41.61122682373759 23.56843635116568
2006.7767 44.34 -112.33 -35.50941614813788 20.50829909836586
2006.8041 44.34 -112.33 -6.54606149556389 16.07754899461068
2006.8315 44.34 -112.33 -22.37495278068316 19.16236758320352
2006.8589 44.34 -112.33 -27.67075756939931 18.47466320492671
2006.8863 44.34 -112.33 -19.63301597146100 17.49282187978427
2006.9137 44.34 -112.33 -12.04957307323572 16.76809898690293
2006.9411 44.34 -112.33 -30.67202102662833 16.38582221988444
2006.9685 44.34 -112.33 -30.15662911890522 16.00822415513364
2006.9959 44.34 -112.33 -14.60171289553988 15.53526317530517
2007.0233 44.34 -112.33 -21.71448306695691 14.11435611634815
2007.0507 44.34 -112.33 0.67388678316008 15.02040780132981
2007.0781 44.34 -112.33 3.17953924701582 16.00934006658180
2007.1055 44.34 -112.33 4.31648779233331 14.05968828710827
2007.1329 44.34 -112.33 -2.32319326106810 15.53157271402656
2007.1603 44.34 -112.33 18.04344457975543 14.77492019279635
2007.1877 44.34 -112.33 68.31743270790389 20.16419931447672
2007.2151 44.34 -112.33 28.57063049940185 17.79620707319867
2007.2425 44.34 -112.33 0.75294114083374 17.02729635424699
2007.2699 44.34 -112.33 24.88557803222858 12.77134566255575
2007.2973 44.34 -112.33 5.18085378008150 11.97543115501872
2007.3247 44.34 -112.33 27.98155021352396 15.34863496300101
2007.3521 44.34 -112.33 4.81172266873906 17.07764805648669
2007.3795 44.34 -112.33 -4.36883757673890 18.11187917595405
2007.4068 44.34 -112.33 -5.23750066658465 14.56548878411420
2007.4342 44.34 -112.33 26.40886025650989 13.75761873689673
2007.4616 44.34 -112.33 21.97411785015544 19.11675448503689
2007.4890 44.34 -112.33 -8.65729948024664 13.79837760392624
2007.5164 44.34 -112.33 -25.97168483879961 14.83075387860626
2007.5438 44.34 -112.33 -31.34880495454975 14.23296281117092
2007.5712 44.34 -112.33 -12.24574323509632 14.63297982842507
2007.5986 44.34 -112.33 -43.89241655375553 18.41610116917147
2007.6260 44.34 -112.33 -31.11304491874754 14.51623382055469
2007.6534 44.34 -112.33 -26.77227083523731 14.83073572890601
2007.6808 44.34 -112.33 -22.62998097947973 15.49759234638246
2007.7082 44.34 -112.33 -33.56071762626627 10.67752786504601
2007.7356 44.34 -112.33 -42.20605507432921 15.91685990203697
2007.7630 44.34 -112.33 -37.91629901650425 11.43217578121444
2007.7904 44.34 -112.33 -25.96206286267075 15.85456968566249
2007.8178 44.34 -112.33 -31.19857287645176 18.69164688859425
2007.8452 44.34 -112.33 -25.50358877923627 14.52675175914571
2007.8726 44.34 -112.33 -9.52192921158929 17.19500566485792
2007.9000 44.34 -112.33 -12.66730194544269 18.12582635505802
2007.9274 44.34 -112.33 0.15573991743353 17.99595290841459
2007.9548 44.34 -112.33 -14.99125610554397 13.15261597396903
2007.9822 44.34 -112.33 -1.17501293013686 16.61239750760412
2008.0096 44.34 -112.33 -19.62049420490100 14.46296713373654
2008.0370 44.34 -112.33 5.76361028639319 15.12358753409000
2008.0644 44.34 -112.33 23.09489822161332 17.82472247704668
2008.0918 44.34 -112.33 -27.33112963172482 13.49821753185596
2008.1192 44.34 -112.33 25.95813430453639 16.45618924701400
2008.1466 44.34 -112.33 21.62042977747926 19.46758935391395
2008.1740 44.34 -112.33 15.28577222253434 16.78361422434425
2008.2014 44.34 -112.33 13.59541750040427 18.49013114109358
2008.2288 44.34 -112.33 11.75917524174693 20.50158371673691
2008.2562 44.34 -112.33 16.49647938846505 19.44405899889560
2008.2836 44.34 -112.33 12.90461788091884 23.44548086005483
2008.3110 44.34 -112.33 22.12485616776237 24.52397473809413
2008.3384 44.34 -112.33 29.56623943304768 18.00346372967511
2008.3658 44.34 -112.33 25.38856955568881 18.20262126540895
2008.3932 44.34 -112.33 34.71670818238453 16.15330209904763
2008.4205 44.34 -112.33 32.53841138831153 14.12021181144720
2008.4479 44.34 -112.33 54.64848754669431 14.60905271114775
2008.4753 44.34 -112.33 51.23429312958051 14.01287047518462
2008.5027 44.34 -112.33 17.22903510087266 17.34711329804980
2008.5301 44.34 -112.33 4.27279058544057 21.45740983325614
2008.5575 44.34 -112.33 12.57565395754020 13.50583736962376
2008.5849 44.34 -112.33 -6.85242985282726 16.08998046418834
2008.6123 44.34 -112.33 -6.29306658357382 12.81855260025095
2008.6397 44.34 -112.33 -32.38763622648170 14.31661364722991
2008.6671 44.34 -112.33 -18.60402168790855 13.59857678469699
2008.6945 44.34 -112.33 -19.51136207608856 13.08395282874648
2008.7219 44.34 -112.33 -6.74403752872344 15.54885580045983
2008.7493 44.34 -112.33 -28.98205395374838 13.90872575532601
2008.7767 44.34 -112.33 -16.06139819149607 16.72534025032038
2008.8041 44.34 -112.33 -23.20652772693691 16.88531759697578
2008.8315 44.34 -112.33 -28.98466924644790 18.92753484485313
2008.8589 44.34 -112.33 -32.02195966206779 22.15005018831158
2008.8863 44.34 -112.33 -30.22565660503379 21.24240692274676
2008.9137 44.34 -112.33 -16.32442754546791 20.31908925002323
2008.9411 44.34 -112.33 -19.58648012434333 20.93368702777050
2008.9685 44.34 -112.33 -24.54382061017591 19.52277370861759
2008.9945 44.34 -112.33 1.38305673422404 16.56307004190189
2009.0205 44.34 -112.33 15.31906192386917 16.46263805312064
2009.0479 44.34 -112.33 18.53332530313217 16.46912677625503
2009.0753 44.34 -112.33 8.27441927756494 15.50492519132870
2009.1027 44.34 -112.33 -7.46303621656321 19.73565060148040
2009.1301 44.34 -112.33 -13.21716200639990 15.36302880187159
2009.1575 44.34 -112.33 13.71867689363632 15.50673162608330
2009.1849 44.34 -112.33 29.17178647174736 18.57257494000675
2009.2123 44.34 -112.33 10.20496325844058 15.19946640596047
2009.2397 44.34 -112.33 3.17152728433911 17.77735609305980
2009.2671 44.34 -112.33 23.98304762313644 14.69196865820298
2009.2945 44.34 -112.33 43.02010712001978 15.14384346449411
2009.3219 44.34 -112.33 38.93103915100764 15.75961994872771
2009.3493 44.34 -112.33 44.35518813597481 14.31530732421792
2009.3767 44.34 -112.33 34.00880156882055 15.07896219999596
2009.4041 44.34 -112.33 14.19992033986172 12.98813979276102
2009.4315 44.34 -112.33 42.02299543477633 15.37306859210405
2009.4589 44.34 -112.33 13.30520611835943 12.57328252095486
2009.4863 44.34 -112.33 30.38487965631866 13.99191404572797
2009.5137 44.34 -112.33 6.89356957019980 13.09793301943519
2009.5411 44.34 -112.33 -1.83262936181234 16.44335965935318
2009.5685 44.34 -112.33 -20.17453228702094 17.64948276003215
2009.5959 44.34 -112.33 -19.39080425316713 15.28653718327183
2009.6233 44.34 -112.33 -25.14270761555205 16.25389761907974
2009.6507 44.34 -112.33 -44.11063530243174 15.68763580388966
2009.6781 44.34 -112.33 -28.90569237149848 17.00698072849931
2009.7055 44.34 -112.33 -14.80137283672444 17.88887152697615
2009.7329 44.34 -112.33 -21.79113879704937 17.06118925965914
2009.7603 44.34 -112.33 -39.84415734871534 19.53913625514836
2009.7877 44.34 -112.33 -4.35126635756234 17.96899419235640
2009.8151 44.34 -112.33 9.93688866420800 19.53652471794842
2009.8425 44.34 -112.33 -4.91501301592797 17.57755787211483
2009.8699 44.34 -112.33 -5.39357285868091 16.69919443489555
2009.8973 44.34 -112.33 -0.60257940497158 15.51830547523650
2009.9247 44.34 -112.33 -5.58837351559360 15.01694248073384
2009.9521 44.34 -112.33 2.40675332224928 14.25643458453702
2009.9795 44.34 -112.33 -12.53554225412612 14.66602500778414
2010.0068 44.34 -112.33 0.01879547438589 19.18685585837910
2010.0342 44.34 -112.33 -12.70841285533774 14.48867204951581
2010.0616 44.34 -112.33 2.06308235907462 14.97215372323130
2010.0890 44.34 -112.33 -10.73213555615266 18.43659253730361
2010.1164 44.34 -112.33 16.09468687729328 19.06523152455649
2010.1438 44.34 -112.33 -0.94819268048409 18.01256071357122
2010.1712 44.34 -112.33 41.72167233530336 17.16844237011090
2010.1986 44.34 -112.33 53.03086874185534 16.42856714863479
2010.2260 44.34 -112.33 32.74711631175759 18.05571346022743
2010.2534 44.34 -112.33 35.03691291554790 18.53532492062777
2010.2808 44.34 -112.33 34.37270782360872 13.91050109352816
2010.3082 44.34 -112.33 11.75573481231067 14.73597164075693
2010.3356 44.34 -112.33 38.08738216349763 12.99637425985293
2010.3630 44.34 -112.33 42.59768822151889 13.95323676622352
2010.3904 44.34 -112.33 21.49723135057352 14.05125592605390
2010.4178 44.34 -112.33 16.96750409697063 14.94530731377510
2010.4452 44.34 -112.33 22.07278575743722 12.97312930969885
2010.4726 44.34 -112.33 17.28359944025066 11.49131878760308
2010.5000 44.34 -112.33 24.99694596012766 13.32886995057573
2010.5274 44.34 -112.33 18.25350899890994 22.40634401178246
2010.5548 44.34 -112.33 1.18014685732964 13.82999938744947
2010.5822 44.34 -112.33 -11.34059719752269 12.35546332328570
2010.6096 44.34 -112.33 -25.31805004327664 16.59759586053856
2010.6370 44.34 -112.33 -9.27716884369855 14.56432912393793
2010.6644 44.34 -112.33 6.37258936909267 13.50872189175040
2010.6918 44.34 -112.33 12.69221036863422 16.72129951246393
2010.7192 44.34 -112.33 -5.23143871174602 15.48769382509284
2010.7466 44.34 -112.33 -14.13862300013326 18.36985155051048
2010.7740 44.34 -112.33 -27.95344435083362 14.27534477653908
2010.8014 44.34 -112.33 -17.18390847488722 13.69541458656029
2010.8288 44.34 -112.33 -26.14789017192922 15.93997545011839
2010.8562 44.34 -112.33 -20.47455371949198 15.56088940439351
2010.8836 44.34 -112.33 -1.73590502818652 14.14272019169277
2010.9110 44.34 -112.33 -17.65507340727569 15.77164994501436
2010.9384 44.34 -112.33 -15.09712490559613 16.46683287638725
2010.9658 44.34 -112.33 -2.01471030679118 18.29757711897436
2010.9932 44.34 -112.33 -17.89721624685534 13.21783815674099
2011.1027 44.34 -112.33 41.49999812462256 13.24461818896209
2011.1301 44.34 -112.33 5.68255039042988 21.72919341681991
2011.1575 44.34 -112.33 25.99356834551358 13.91956317376074
2011.1849 44.34 -112.33 28.44436404590774 10.62495287194277
2011.2123 44.34 -112.33 32.45092293515930 18.43412602087260
2011.2397 44.34 -112.33 43.83713166906467 19.38964870225162
2011.2671 44.34 -112.33 59.29452191021556 15.28548629500644
2011.2945 44.34 -112.33 51.59735828495385 18.20704089403317
2011.3219 44.34 -112.33 60.08171590082885 16.97951509195214
2011.3493 44.34 -112.33 63.22201142018538 14.95242103001004
2011.3767 44.34 -112.33 78.80286648619277 17.86878832042703
2011.4041 44.34 -112.33 80.36838596854933 15.37537096233161
2011.4315 44.34 -112.33 67.82862298941301 15.06026996347655
2011.5137 44.34 -112.33 29.18327866646347 13.76915854804097
2011.5411 44.34 -112.33 35.95578940819088 14.98066341793805
2011.5685 44.34 -112.33 16.03942547270542 14.45496793065296
2011.5959 44.34 -112.33 10.71108599239074 15.69278565499262
2011.6233 44.34 -112.33 15.85107058339164 15.54294910065132
2011.6507 44.34 -112.33 20.06073346965025 19.02260216584767
2011.6781 44.34 -112.33 4.38636895208424 17.63417619816926
2011.7055 44.34 -112.33 2.37688566816490 17.73445692328421
2011.7329 44.34 -112.33 -1.92596867881290 20.85072022430009
2011.7603 44.34 -112.33 -27.95700067568795 17.65883371643832
2011.7877 44.34 -112.33 -11.45611523900862 18.93419768141223
2011.8151 44.34 -112.33 35.81546061185065 18.47741074951312
2011.8425 44.34 -112.33 -9.62683475250182 20.31574630927130
2011.8699 44.34 -112.33 -31.50442511886093 18.76300496296052
2011.9521 44.34 -112.33 -3.07135182622120 11.50286881105176
2011.9795 44.34 -112.33 -4.49535703591454 15.92785453354090
2012.0068 44.34 -112.33 -8.20608898946463 14.65707182414814
2012.0342 44.34 -112.33 2.40721733429642 17.73863072258923
2012.0616 44.34 -112.33 -22.08208885124127 15.33133170441913
2012.0890 44.34 -112.33 1.20134484909211 15.04702076253622
2012.1164 44.34 -112.33 31.73723994224186 14.61389105308311
2012.1438 44.34 -112.33 6.94787580657353 15.14041811817380
2012.1712 44.34 -112.33 30.85272498403972 14.23556108889880
2012.1986 44.34 -112.33 8.64994254677100 12.76269663073815
2012.2260 44.34 -112.33 53.17708840202613 13.22865707016423
2012.2534 44.34 -112.33 60.42506789875505 12.82791585528742
2012.2808 44.34 -112.33 56.81502639871373 11.88888310800790
2012.3082 44.34 -112.33 46.07597461651349 13.63365302993150
2012.3904 44.34 -112.33 13.43984577302636 13.98322215695203
2012.4178 44.34 -112.33 49.34754868235808 10.77128586290590
2012.4452 44.34 -112.33 29.10137931432646 10.57973217719071
2012.4726 44.34 -112.33 15.88753368226102 11.55362760214594
2012.5000 44.34 -112.33 15.41521789836342 10.88360646862927
2012.5274 44.34 -112.33 22.17847351567666 11.69058960810262
2012.5548 44.34 -112.33 0.88200001552799 11.68641469918548
2012.5822 44.34 -112.33 4.91692701973350 12.52570663916302
2012.6096 44.34 -112.33 -15.13381710658546 12.51119759938567
2012.6370 44.34 -112.33 -19.85086660931265 11.40995956005284
2012.6644 44.34 -112.33 -4.89094540126091 12.64358326885156
2012.6918 44.34 -112.33 -15.45162619356873 13.10656537548104
2012.7192 44.34 -112.33 0.21410119589001 16.21344965067392
2012.7466 44.34 -112.33 -4.00374177293412 10.64352428246059
2012.8562 44.34 -112.33 -42.99184958647546 16.64020458075582
2012.8836 44.34 -112.33 -11.02036813125862 15.73187706230620
2012.9110 44.34 -112.33 -21.38840238187472 14.84002785102904
2012.9384 44.34 -112.33 4.48712012557471 13.95387798469020
2012.9658 44.34 -112.33 -3.23320700079763 16.17288076276162
2012.9918 44.34 -112.33 -26.32066480319605 7.49927564365075
2013.0178 44.34 -112.33 -9.56793659017102 9.08018795959963
2013.0452 44.34 -112.33 5.78022935026463 8.98920671406368
2013.0726 44.34 -112.33 -3.87083007141535 8.19447048911059
2013.1000 44.34 -112.33 -9.68419376520468 8.43751162029465
2013.1274 44.34 -112.33 -18.70415010593660 7.70466078963977
2013.1548 44.34 -112.33 -5.00851080275171 6.92904074214231
2013.2644 44.34 -112.33 20.36768652388892 7.98123824958977
2013.2918 44.34 -112.33 28.47223222626188 7.98436059338978
2013.3192 44.34 -112.33 12.76429863956343 8.97868307025529
2013.3466 44.34 -112.33 36.46940515638643 9.25648520207425
2013.3740 44.34 -112.33 34.21651963120715 7.75829524031679
2013.4014 44.34 -112.33 25.41787750188907 8.05593638949547
2013.4288 44.34 -112.33 19.98424048113001 6.91214467527006
2013.4562 44.34 -112.33 8.02755585324070 7.03006563220573
2013.4836 44.34 -112.33 4.05246977260493 7.27649054729217
2013.5110 44.34 -112.33 -8.56115911197767 8.38148579885557
2013.5384 44.34 -112.33 -18.27932745424262 8.03317105954167
2013.5658 44.34 -112.33 -10.02939530963988 8.54048867219164
2013.7575 44.34 -112.33 -3.14212592152684 7.95376524899446
2013.7849 44.34 -112.33 -25.92546634201025 8.36001236917460
2013.8123 44.34 -112.33 10.19299415020630 7.59589861394201
2013.8397 44.34 -112.33 -21.72782353971549 7.73444081173198
2013.8671 44.34 -112.33 -10.29760570344824 8.24891003993566
2013.8945 44.34 -112.33 -28.41004386999583 7.71753656809698
2013.9219 44.34 -112.33 -17.22583540706457 6.69069391192681
2013.9493 44.34 -112.33 -9.64742508122835 7.28059807975710
2013.9767 44.34 -112.33 1.14626184666879 7.23619009600402
2014.0041 44.34 -112.33 -1.86630366327224 7.01724353791111
2014.0315 44.34 -112.33 -4.00929148388432 7.43085730214064
2014.1685 44.34 -112.33 15.67883802988078 7.71839027805829
2014.1959 44.34 -112.33 49.74327000092948 8.12736501806304
2014.2233 44.34 -112.33 23.04024447320904 7.60808125352594
2014.2507 44.34 -112.33 41.92464605661976 6.86053435670327
2014.2781 44.34 -112.33 36.53830753294534 7.33380744302421
2014.3055 44.34 -112.33 28.85156744864168 6.97618054266162
2014.3329 44.34 -112.33 26.13058612572025 5.49923295463291
2014.3603 44.34 -112.33 31.01975892742711 6.45472113871878
2014.3877 44.34 -112.33 43.45614555332861 6.47362202086032
2014.4151 44.34 -112.33 40.60043561420561 6.39359142162537
2014.4425 44.34 -112.33 24.48091744736210 6.86387670101304
2014.4699 44.34 -112.33 37.68784497722045 6.73488800993521
2014.5795 44.34 -112.33 7.75544176669054 5.34993568075897
2014.6068 44.34 -112.33 -13.98232481453212 5.90315993031554
2014.6342 44.34 -112.33 -9.99601196120709 5.20165209501928
2014.6616 44.34 -112.33 -32.53033045601877 6.01696714638705
2014.6890 44.34 -112.33 -18.32215511143705 5.85436637342976
2014.7164 44.34 -112.33 -8.70196442504889 5.71050857190981
2014.7438 44.34 -112.33 -10.48904885167435 6.34504908391399
2014.7712 44.34 -112.33 -39.28933502579143 6.26861397784803
2014.7986 44.34 -112.33 -31.19081833501134 5.38992303666575
2014.8260 44.34 -112.33 -18.53111777613963 5.34167236741861
2014.8534 44.34 -112.33 -11.28018764259913 5.70953064061403
2014.8808 44.34 -112.33 -18.41692795407575 5.72337592995537
2014.9082 44.34 -112.33 -5.78832948231199 5.85689004364073
2015.0452 44.34 -112.33 2.67017447097534 4.08700041760156
2015.0726 44.34 -112.33 24.81277290575186 4.69981447007120
2015.1000 44.34 -112.33 35.04874698404714 3.96896738123637
2015.1274 44.34 -112.33 30.40237584000156 3.65182651890746
2015.1548 44.34 -112.33 25.94236401415620 4.51437419267135
2015.1822 44.34 -112.33 4.94413397363114 4.12338802610650
2015.2096 44.34 -112.33 17.32186580752978 5.93824427730184
2015.2370 44.34 -112.33 43.65166416809454 6.53545779890703
2015.2644 44.34 -112.33 45.83737364084342 5.57330060101547
2015.2918 44.34 -112.33 20.70744549969391 5.49053169303232
2015.3192 44.34 -112.33 44.77133530355358 5.27583448905421
2015.3466 44.34 -112.33 19.10416198084179 5.82804313753225
2015.4836 44.34 -112.33 9.73369665156310 4.82833632825131
2015.5110 44.34 -112.33 -5.30606374905779 4.75080357186508
2015.5384 44.34 -112.33 -19.60469530766255 5.43379499381011
2015.5658 44.34 -112.33 -17.48844118802380 5.77896021998396
2015.5932 44.34 -112.33 -8.94871895800546 6.12039906250421
2015.6205 44.34 -112.33 -13.22204479543978 5.76589533684519
2015.6479 44.34 -112.33 -20.46893092849179 5.63825015287027
2015.6753 44.34 -112.33 -28.39510195395586 5.27570851368564
2015.7027 44.34 -112.33 -29.21015897686923 5.99970208619499
2015.7301 44.34 -112.33 -31.52102329270922 5.88148727177439
2015.9493 44.34 -112.33 -18.90276401158991 5.59668544159670
2015.9767 44.34 -112.33 -5.93522956809323 6.18554644789490
2016.0041 44.34 -112.33 -7.61615441598414 5.46100367461702
2016.0315 44.34 -112.33 -7.28361784343468 5.18639391269100
2016.0589 44.34 -112.33 -18.88516674920570 5.30622119621845
2016.0863 44.34 -112.33 -6.02848393289900 4.61390935996938
2016.1137 44.34 -112.33 5.77924273881673 5.43162203920027
2016.1411 44.34 -112.33 4.91417936318760 6.71085213397610
2016.1685 44.34 -112.33 4.48045308488062 7.40214739223158
2016.1959 44.34 -112.33 41.18770751025557 7.27771786790066
2016.2233 44.34 -112.33 28.24727061713397 7.41845602908667
2016.2507 44.34 -112.33 26.17261663816928 5.56666001640341
2016.3603 44.34 -112.33 31.00667255593644 5.23787293491830
2016.3877 44.34 -112.33 31.54560070580944 6.46197754384648
2016.4151 44.34 -112.33 21.07236714566596 6.25718048131740
2016.4425 44.34 -112.33 -4.73721106638540 6.89072656793849
2016.4699 44.34 -112.33 -10.35782708299009 6.73713014860037
