2002.5877 40.23 -119.21 6.37016025741813 10.05261802265858
2002.6151 40.23 -119.21 -2.80029691909457 9.79545496501608
2002.6425 40.23 -119.21 -11.86116470430714 10.00324699072101
2002.6699 40.23 -119.21 -33.22332518780814 8.38463103113514
2002.6973 40.23 -119.21 -36.66980859309688 13.22180343941828
2002.7247 40.23 -119.21 -40.98314653295555 9.51685723533718
2002.7521 40.23 -119.21 -66.05125396740002 8.70725797058312
2002.7795 40.23 -119.21 -47.43532506834634 9.95466396034359
2002.8068 40.23 -119.21 -72.18608748756131 9.03777476897437
2002.8342 40.23 -119.21 -42.14183348945689 8.86475311907733
2002.8616 40.23 -119.21 -29.91181767308314 8.43068889745478
2002.8890 40.23 -119.21 -18.38140575679669 9.01034109531634
2002.9164 40.23 -119.21 -36.05337134172738 9.31433479147310
2003.0260 40.23 -119.21 34.45632512453849 10.37512092381810
2003.0534 40.23 -119.21 50.72551938360942 18.24911403667016
2003.0808 40.23 -119.21 28.00912883532541 15.02745511446662
2003.1082 40.23 -119.21 33.44526832033045 8.31508026828280
2003.1356 40.23 -119.21 36.08511747587046 7.65212190237041
2003.1630 40.23 -119.21 10.54633972919643 8.34488496618917
2003.1904 40.23 -119.21 4.46632075765809 9.76370511383378
2003.2178 40.23 -119.21 10.02516265105892 8.22839437241121
2003.2452 40.23 -119.21 4.47492190394273 8.18650024593494
2003.2726 40.23 -119.21 12.03184398201684 7.96468431725141
2003.3000 40.23 -119.21 22.75027660825841 7.81906049460511
2003.3274 40.23 -119.21 17.84946029639589 10.50162872793132
2003.3548 40.23 -119.21 50.85300110916244 11.96477717680390
2003.3822 40.23 -119.21 24.33672996128779 10.12924247906933
2003.5192 40.23 -119.21 13.87105281536511 11.69257224829138
2003.5466 40.23 -119.21 11.85080337322840 13.35398486439334
2003.5740 40.23 -119.21 21.62792726910352 16.01366075742271
2003.6014 40.23 -119.21 15.42370558519841 13.39514060613348
2003.6288 40.23 -119.21 -4.70517807216865 12.30555663613815
2003.6562 40.23 -119.21 4.33856243799793 13.47009498684553
2003.6836 40.23 -119.21 -1.86034475952735 13.52187827767560
2003.7110 40.23 -119.21 -15.39623860823728 9.95912516767095
2003.7384 40.23 -119.21 -22.54342390351488 12.65207138970830
2003.7658 40.23 -119.21 -14.97392590382987 11.50939331204544
2003.7932 40.23 -119.21 -10.89878785529494 13.10774800487628
2003.8205 40.23 -119.21 -31.37003471147201 13.90341321643687
2003.8479 40.23 -119.21 -17.16824341903383 11.72568674901330
2003.8753 40.23 -119.21 -29.15526099339102 12.95400985562194
2003.9027 40.23 -119.21 -11.44097186765468 11.34559246373747
2003.9301 40.23 -119.21 -12.83208592645696 12.12502565232746
2003.9575 40.23 -119.21 7.04863182071792 14.10394132980365
2003.9849 40.23 -119.21 13.28421846102760 13.17299959901631
2004.0123 40.23 -119.21 9.92664991502753 14.14675703676586
2004.0397 40.23 -119.21 19.85285835068931 10.74894634971853
2004.0945 40.23 -119.21 20.84964860238705 10.01774270106015
2004.1219 40.23 -119.21 20.53271047632959 11.58798478269160
2004.1493 40.23 -119.21 27.01099604397984 13.82118699802046
2004.1767 40.23 -119.21 29.39323452658812 15.21002294054964
2004.2041 40.23 -119.21 24.61666680451450 11.92239827824859
2004.2315 40.23 -119.21 3.30766676515058 12.10146484372910
2004.2589 40.23 -119.21 24.28395515932218 12.45064910534141
2004.2863 40.23 -119.21 42.75225344177539 12.52279951372580
2004.3137 40.23 -119.21 29.80747512062429 11.82533031562443
2004.3411 40.23 -119.21 37.50472192956735 13.12503824839858
2004.3685 40.23 -119.21 16.39250896863738 12.35829644216139
2004.3959 40.23 -119.21 8.52775894145091 10.62811640964516
2004.4233 40.23 -119.21 7.66075928470776 10.16337518192281
2004.4507 40.23 -119.21 19.35880428642962 9.09824669739234
2004.4781 40.23 -119.21 11.59841853636903 10.12611599379464
2004.5055 40.23 -119.21 7.94446809164787 9.81999607316433
2004.5329 40.23 -119.21 -21.20630513928123 9.17164476304548
2004.5603 40.23 -119.21 -18.89114833126682 9.52400703966508
2004.5877 40.23 -119.21 -6.11673052452611 9.55026596171355
2004.6151 40.23 -119.21 -21.17872392121851 10.58748335133460
2004.6425 40.23 -119.21 -32.39396088456838 8.82043716639424
2004.6699 40.23 -119.21 -20.67006161390034 8.79732150219881
2004.6973 40.23 -119.21 -7.65079374090070 8.17035330882276
2004.7247 40.23 -119.21 -36.71219410149762 9.55374879643587
2004.7521 40.23 -119.21 -24.45631067102939 9.05729535621475
2004.7795 40.23 -119.21 -21.84666554472378 8.90616788965833
2004.8068 40.23 -119.21 -34.40863109913660 10.05579826274226
2004.8342 40.23 -119.21 -21.82725190690899 9.94930399014009
2004.8616 40.23 -119.21 -6.52812025086815 8.56160818937520
2004.8890 40.23 -119.21 -30.60331664537412 8.60495399560844
2004.9164 40.23 -119.21 -18.45055841160589 9.55785946883146
2004.9438 40.23 -119.21 4.76340534896051 10.31861674691190
2004.9712 40.23 -119.21 0.91982590702022 9.71388885024629
2004.9973 40.23 -119.21 7.36481358759355 9.19690407348024
2005.0233 40.23 -119.21 9.75151263429133 11.12195747475294
2005.0507 40.23 -119.21 30.75262783600863 17.44675983104674
2005.0781 40.23 -119.21 30.44991267510655 12.72707906824680
2005.1055 40.23 -119.21 36.84936137130338 12.57791139496847
2005.1329 40.23 -119.21 2.03521384267931 12.90539955588507
2005.1603 40.23 -119.21 11.24018658398457 11.21657269171638
2005.1877 40.23 -119.21 35.02053428084466 11.06554632054520
2005.2151 40.23 -119.21 21.92477933102695 10.18510198685786
2005.2425 40.23 -119.21 11.90148813281343 10.02561735817635
2005.2699 40.23 -119.21 31.51622626249258 10.83371992366809
2005.2973 40.23 -119.21 18.14583269759880 11.53161912088040
2005.3247 40.23 -119.21 27.27403279609846 12.18360306370539
2005.3521 40.23 -119.21 43.92998442666950 4.32405124748058
2005.3795 40.23 -119.21 46.58825419490930 11.30034349024497
2005.4068 40.23 -119.21 52.18919275668445 10.16657888563250
2005.4342 40.23 -119.21 38.10698574615626 11.65042663593544
2005.4616 40.23 -119.21 19.78151988733121 10.69315920716592
2005.4890 40.23 -119.21 24.43879710252614 10.11931849499131
2005.5164 40.23 -119.21 28.83078851074761 10.05523005636634
2005.5438 40.23 -119.21 15.44625718404416 11.14317523550407
2005.5712 40.23 -119.21 4.71987269422459 12.29028564798028
2005.5986 40.23 -119.21 10.27150895434341 12.57365387698989
2005.6260 40.23 -119.21 -21.31990517338919 10.95253079993704
2005.6534 40.23 -119.21 -6.19563734778625 11.72582774705770
2005.6808 40.23 -119.21 -13.69525363161254 11.43284858972051
2005.7082 40.23 -119.21 9.86646462102303 14.31067841225750
2005.7356 40.23 -119.21 -21.72694782519814 12.39886111039923
2005.7630 40.23 -119.21 -24.19466489387566 12.41561946552184
2005.7904 40.23 -119.21 -25.39329008376382 11.44979179768691
2005.8178 40.23 -119.21 -35.75822675998041 11.86986920231533
2005.8452 40.23 -119.21 -37.20779335856747 12.69001015045519
2005.8726 40.23 -119.21 -5.77905431328457 10.90512506169444
2005.9000 40.23 -119.21 -4.24708467891884 10.53447371923911
2005.9274 40.23 -119.21 -7.12118905017851 10.28816439449552
2005.9548 40.23 -119.21 20.40916441838907 8.86712341281902
2005.9822 40.23 -119.21 21.83247557838837 9.60012130458117
2006.0096 40.23 -119.21 33.09098591752470 11.04886893337208
2006.0370 40.23 -119.21 25.11901921035058 14.32175045195239
2006.0644 40.23 -119.21 52.36101462801509 14.47794891247909
2006.0918 40.23 -119.21 49.24584019031828 14.60233010093496
2006.1192 40.23 -119.21 42.10320445230935 17.09458568169489
2006.1466 40.23 -119.21 23.17726153867912 13.00340575101170
2006.1740 40.23 -119.21 51.97881705776324 15.20498564608431
2006.2014 40.23 -119.21 59.85066516284477 11.25385274442392
2006.2288 40.23 -119.21 65.00557248057356 15.30915083818815
2006.2562 40.23 -119.21 81.01698057805744 14.46904340532580
2006.2836 40.23 -119.21 77.46433403502961 14.00910245213388
2006.3110 40.23 -119.21 58.06717085507047 15.06717837129907
2006.3384 40.23 -119.21 94.30606860374921 13.57287183784022
2006.3658 40.23 -119.21 49.65721794779581 15.15996988136220
2006.3932 40.23 -119.21 62.32292701085371 14.82668458845141
2006.4205 40.23 -119.21 52.23948296723209 14.76801080279864
2006.4479 40.23 -119.21 44.63842818159909 15.72035475818443
2006.4753 40.23 -119.21 18.87493260549440 16.37303114891062
2006.5027 40.23 -119.21 34.55995150568618 17.14292581950175
2006.5301 40.23 -119.21 48.93214926359393 20.88590311933453
2006.5575 40.23 -119.21 32.83705405583476 16.23905517205663
2006.5849 40.23 -119.21 22.21861805288617 16.76360007187295
2006.6123 40.23 -119.21 8.94142569806633 21.65824025133031
2006.6397 40.23 -119.21 -7.46402884361680 17.90793445962499
2006.6671 40.23 -119.21 2.16213717500263 15.90145154941320
2006.6945 40.23 -119.21 5.37980584341083 20.95249121952397
2006.7219 40.23 -119.21 -22.84420928840625 18.94927990194299
2006.7493 40.23 -119.21 -20.17749853696760 23.16362045377247
2006.7767 40.23 -119.21 -21.71066387174004 20.15729009116334
2006.8041 40.23 -119.21 -11.24048262412373 15.79758010700296
2006.8315 40.23 -119.21 -19.36269185347191 18.84005991282793
2006.8589 40.23 -119.21 -23.72709121915662 18.15296202861625
2006.8863 40.23 -119.21 -7.41954587095144 17.18471176711700
2006.9137 40.23 -119.21 5.77679567236604 16.45047062229014
2006.9411 40.23 -119.21 0.61920820581634 16.07905811307224
2006.9685 40.23 -119.21 -4.24388757765589 15.68312615269202
2006.9959 40.23 -119.21 31.52425075192266 15.20619891397869
2007.0233 40.23 -119.21 17.15349641480163 13.79562880034697
2007.0507 40.23 -119.21 6.33325304455425 14.70659339220057
2007.0781 40.23 -119.21 4.62632283931935 15.70016311100658
2007.1055 40.23 -119.21 -10.25525806540984 13.78598099250175
2007.1329 40.23 -119.21 0.07219275634554 15.23139269423253
2007.1603 40.23 -119.21 30.68724979771186 14.49784577730540
2007.1877 40.23 -119.21 13.64407626729916 19.82104395676614
2007.2151 40.23 -119.21 21.91078499591789 17.48872353528287
2007.2425 40.23 -119.21 30.63948835218252 16.73637707987886
2007.2699 40.23 -119.21 11.81618711345418 12.53406037495089
2007.2973 40.23 -119.21 25.89285258799838 11.74394463099853
2007.3247 40.23 -119.21 1.17857613520686 15.07409084600012
2007.3521 40.23 -119.21 32.81371833510563 16.79246414728666
2007.3795 40.23 -119.21 12.39749307428815 17.81917529503048
2007.4068 40.23 -119.21 20.48398187388243 14.30845148155206
2007.4342 40.23 -119.21 1.33306974933857 13.51011855161165
2007.4616 40.23 -119.21 33.81806431694019 18.80712245563894
2007.4890 40.23 -119.21 9.49896000146261 13.53889973229305
2007.5164 40.23 -119.21 17.14292622521737 14.56918892162927
2007.5438 40.23 -119.21 12.26367363008790 13.97874006286446
2007.5712 40.23 -119.21 0.68978725255446 14.37033193411016
2007.5986 40.23 -119.21 -13.62565654832690 18.09945895147747
2007.6260 40.23 -119.21 -31.28266490529291 14.24835661650728
2007.6534 40.23 -119.21 -10.59048697011772 14.55167549183739
2007.6808 40.23 -119.21 -16.17327360400133 15.20095920816025
2007.7082 40.23 -119.21 -10.38143962126954 10.43479750599666
2007.7356 40.23 -119.21 -26.10908119932251 15.61055938965990
2007.7630 40.23 -119.21 -43.26174840795563 11.17511367739595
2007.7904 40.23 -119.21 -30.35623482496260 15.56787036218700
2007.8178 40.23 -119.21 -42.63063074451078 18.37915194346366
2007.8452 40.23 -119.21 -27.44969581078740 14.24928429321903
2007.8726 40.23 -119.21 -15.81257835550766 16.87787760341967
2007.9000 40.23 -119.21 -4.57171335520952 17.76698459900658
2007.9274 40.23 -119.21 -26.63359517819855 17.69219867850045
2007.9548 40.23 -119.21 -4.85185209194279 12.91119615979944
2007.9822 40.23 -119.21 -4.89964756919356 16.34697888228508
2008.0096 40.23 -119.21 -0.15330147557954 14.22460931374726
2008.0370 40.23 -119.21 -4.26852283666355 14.88529806490368
2008.0644 40.23 -119.21 -1.28015628370046 17.56212625139985
2008.0918 40.23 -119.21 18.38393877585661 13.25644760341832
2008.1192 40.23 -119.21 33.58616707865193 16.20586664724323
2008.1466 40.23 -119.21 9.84988639224838 19.18179938099884
2008.1740 40.23 -119.21 35.51243038576271 16.53157627861826
2008.2014 40.23 -119.21 33.28529423313429 18.23255865952896
2008.2288 40.23 -119.21 26.95439234307896 20.15910330025887
2008.2562 40.23 -119.21 22.63506365799845 19.15159778865338
2008.2836 40.23 -119.21 26.25347999581034 23.09629023790992
2008.3110 40.23 -119.21 16.91139419885131 24.16634102218688
2008.3384 40.23 -119.21 18.95872020714272 17.73419708264043
2008.3658 40.23 -119.21 -1.46949271056735 17.90810813613324
2008.3932 40.23 -119.21 4.28351754130056 15.87475274096673
2008.4205 40.23 -119.21 25.51487083005405 13.85040890936239
2008.4479 40.23 -119.21 9.76282442944276 14.36036091409143
2008.4753 40.23 -119.21 -9.24873850782303 13.77019078935529
2008.5027 40.23 -119.21 -4.91579185343910 17.04261810140803
2008.5301 40.23 -119.21 -18.67991001441413 21.08205079171666
2008.5575 40.23 -119.21 -9.17264312357860 13.22916412056006
2008.5849 40.23 -119.21 -7.35799891917122 15.82224263324255
2008.6123 40.23 -119.21 -15.66304446342805 12.56104781035949
2008.6397 40.23 -119.21 -10.52964539235090 14.05284498936601
2008.6671 40.23 -119.21 -17.65303669996586 13.33174668461482
2008.6945 40.23 -119.21 -28.92595498486909 12.83392814374038
2008.7219 40.23 -119.21 -25.90284618130275 15.28840004716165
2008.7493 40.23 -119.21 -37.15458185425348 13.67067102013556
2008.7767 40.23 -119.21 -36.53648556002951 16.47419884616819
2008.8041 40.23 -119.21 -58.02750194205392 16.63502573328351
2008.8315 40.23 -119.21 -45.92324564210228 18.64507928128869
2008.8589 40.23 -119.21 -31.73021235086120 21.82887059182714
2008.8863 40.23 -119.21 -20.91761434098385 20.92804370056900
2008.9137 40.23 -119.21 -11.53251613967728 20.03652471581838
2008.9411 40.23 -119.21 -18.52557929577812 20.62680328558016
2008.9685 40.23 -119.21 -18.01978904622676 19.22045315069384
2008.9945 40.23 -119.21 -14.89947499000089 16.32806655029184
2009.0205 40.23 -119.21 -28.98005155662033 16.23819103276228
2009.0479 40.23 -119.21 2.44267859116547 16.24639966274612
2009.0753 40.23 -119.21 19.40244552170943 15.27860168486125
2009.1027 40.23 -119.21 -0.13875474913661 19.47575056701475
2009.1301 40.23 -119.21 -9.15653704965475 15.13510403081321
2009.1575 40.23 -119.21 4.82996388738422 15.27621400319190
2009.1849 40.23 -119.21 10.52947691502471 18.32866779277916
2009.2123 40.23 -119.21 -12.78838238790850 14.94616783663689
2009.2397 40.23 -119.21 14.95741449253926 17.53176366126619
2009.2671 40.23 -119.21 -10.66624911728928 14.48096422093285
2009.2945 40.23 -119.21 17.67647688616143 14.92302986968816
2009.3219 40.23 -119.21 20.44452083120354 15.52486915702975
2009.3493 40.23 -119.21 14.59797491519555 14.09270797315895
2009.3767 40.23 -119.21 4.78899385742021 14.83813616541591
2009.4041 40.23 -119.21 15.31486587951738 12.75992734783111
2009.4315 40.23 -119.21 29.37268367971497 15.13830676375841
2009.4589 40.23 -119.21 21.89955566920264 12.33455463618447
2009.4863 40.23 -119.21 12.21215182979302 13.73217988368060
2009.5137 40.23 -119.21 12.07368528797108 12.82988439784983
2009.5411 40.23 -119.21 10.08321856649698 16.13211439895574
2009.5685 40.23 -119.21 -8.63455005509046 17.30084974438234
2009.5959 40.23 -119.21 -22.36078946371185 14.98008839402494
2009.6233 40.23 -119.21 -18.05559291373629 15.96334683976061
2009.6507 40.23 -119.21 -24.88375962683254 15.40615039072111
2009.6781 40.23 -119.21 -22.73610649001999 16.73456744540274
2009.7055 40.23 -119.21 -24.80968600453417 17.62008044847391
2009.7329 40.23 -119.21 -30.09356820484338 16.79370607098874
2009.7603 40.23 -119.21 -74.03445200732344 19.23989437718480
2009.7877 40.23 -119.21 -31.18640434223059 17.70277570869740
2009.8151 40.23 -119.21 -48.98729628189682 19.26139121116627
2009.8425 40.23 -119.21 -37.78328421010233 17.31583198917777
2009.8699 40.23 -119.21 -24.62735843015724 16.44652219148903
2009.8973 40.23 -119.21 -17.71081103885808 15.28209050734083
2009.9247 40.23 -119.21 -12.24407481305603 14.75049914604305
2009.9521 40.23 -119.21 1.22674441949470 14.01970955012795
2009.9795 40.23 -119.21 15.48225827094352 14.41832990278144
2010.0068 40.23 -119.21 7.37587862470757 18.92293028395902
2010.0342 40.23 -119.21 5.88151563506923 14.25552415866346
2010.0616 40.23 -119.21 13.34496630684312 14.72685995767198
2010.0890 40.23 -119.21 -9.70773330160110 18.19054830897740
2010.1164 40.23 -119.21 30.12437558739613 18.79998051181954
2010.1438 40.23 -119.21 26.46150276401299 17.73510529691648
2010.1712 40.23 -119.21 21.46109246034747 16.91015828481911
2010.1986 40.23 -119.21 3.94979695616259 16.17757308716200
2010.2260 40.23 -119.21 -14.95971494203418 17.77503805237039
2010.2534 40.23 -119.21 14.84865947778833 18.22026721496955
2010.2808 40.23 -119.21 19.25065057002467 13.65242270036276
2010.3082 40.23 -119.21 13.52541394615339 14.47261610650797
2010.3356 40.23 -119.21 22.94431114427051 12.72717477986415
2010.3630 40.23 -119.21 18.87411548861344 13.65746610155999
2010.3904 40.23 -119.21 21.54419685127478 13.68255448304308
2010.4178 40.23 -119.21 -17.25535834665779 14.62174869119464
2010.4452 40.23 -119.21 1.86621222065344 12.69023295804499
2010.4726 40.23 -119.21 17.71357197645542 11.23957526714775
2010.5000 40.23 -119.21 -20.67961668812493 13.06395505072538
2010.5274 40.23 -119.21 1.44060217671811 22.08780814146535
2010.5548 40.23 -119.21 -7.72129327776261 13.60188739200227
2010.5822 40.23 -119.21 -9.25797269515954 12.14249218469902
2010.6096 40.23 -119.21 4.79946575317337 16.35100325732710
2010.6370 40.23 -119.21 -20.07497211124774 14.33168638836122
2010.6644 40.23 -119.21 -15.06662700870301 13.29247944725527
2010.6918 40.23 -119.21 -34.74815139038414 16.47012185931517
2010.7192 40.23 -119.21 -37.28458131458186 15.25073972965677
2010.7466 40.23 -119.21 -10.38497564169055 18.10194821480011
2010.7740 40.23 -119.21 -43.37573596689978 14.03286282525814
2010.8014 40.23 -119.21 -34.09644517999617 13.47574701127096
2010.8288 40.23 -119.21 -11.55034495191297 15.69358695100574
2010.8562 40.23 -119.21 -14.39365430900596 15.32127538351570
2010.8836 40.23 -119.21 -9.66163306906814 13.89698679568582
2010.9110 40.23 -119.21 -15.14748340814674 15.51475519159194
2010.9384 40.23 -119.21 24.72238992556976 16.19482564533314
2010.9658 40.23 -119.21 7.14613175662222 17.99760534549631
2010.9932 40.23 -119.21 17.29230749319418 12.85425774241879
2011.1027 40.23 -119.21 27.84490961911975 12.89729059747728
2011.1301 40.23 -119.21 13.51833914039097 21.33796747118763
2011.1575 40.23 -119.21 41.66126478968307 13.63998190962439
2011.1849 40.23 -119.21 46.20480842160551 10.38178283228360
2011.2123 40.23 -119.21 31.11030288339442 18.10725585037304
2011.2397 40.23 -119.21 36.75628700804578 19.05367295267875
2011.2671 40.23 -119.21 49.91445698857932 15.00586443211383
2011.2945 40.23 -119.21 20.57133803273823 17.89532966185156
2011.3219 40.23 -119.21 46.02953943587157 16.69048013523880
2011.3493 40.23 -119.21 47.81884007608916 14.68822544273173
2011.3767 40.23 -119.21 59.62231491648276 17.56421988315940
2011.4041 40.23 -119.21 64.05480444155864 15.09337282675125
2011.4315 40.23 -119.21 57.86740741035715 14.73451364338771
2011.5137 40.23 -119.21 43.02876859487021 13.47922443393981
2011.5411 40.23 -119.21 23.57651056185658 14.69188700301906
2011.5685 40.23 -119.21 5.54264568305425 14.15997337476272
2011.5959 40.23 -119.21 16.48592262290508 15.38485497664261
2011.6233 40.23 -119.21 8.80478901110492 15.23110255703950
2011.6507 40.23 -119.21 7.32696603802859 18.67138798227160
2011.6781 40.23 -119.21 -6.59048402340124 17.31688182225366
2011.7055 40.23 -119.21 20.99174558896899 17.42375630013018
2011.7329 40.23 -119.21 -7.47669896797242 20.49918803850777
2011.7603 40.23 -119.21 -26.52088835066343 17.36166737739396
2011.7877 40.23 -119.21 -18.86124500148163 18.62191797535406
2011.8151 40.23 -119.21 -10.37131287676704 18.17041031318621
2011.8425 40.23 -119.21 -12.82725354883447 20.00286975147870
2011.8699 40.23 -119.21 -12.57792522874062 18.47578868933896
2011.9521 40.23 -119.21 9.50507769795559 11.20618917952881
2011.9795 40.23 -119.21 -12.29962088419155 15.65362491492586
2012.0068 40.23 -119.21 -7.54441064730963 14.42437714099163
2012.0342 40.23 -119.21 -31.22961526691255 17.47746735094483
2012.0616 40.23 -119.21 -7.04948852308515 15.06160052920431
2012.0890 40.23 -119.21 -13.51742762269468 14.78261789910668
2012.1164 40.23 -119.21 -8.95412016869460 14.38728481450478
2012.1438 40.23 -119.21 -0.82903169831816 14.84204707900193
2012.1712 40.23 -119.21 1.87347901089365 13.99275729378719
2012.1986 40.23 -119.21 -15.77860056830593 12.52454665149828
2012.2260 40.23 -119.21 2.78802901364920 13.03982068985939
2012.2534 40.23 -119.21 -5.17094479693442 12.63264986482040
2012.2808 40.23 -119.21 17.88796132484922 11.68713986123988
2012.3082 40.23 -119.21 19.13463070421661 13.22914357376821
2012.3904 40.23 -119.21 50.34808763632041 13.72842469564597
2012.4178 40.23 -119.21 0.87138763774173 10.62961754575949
2012.4452 40.23 -119.21 7.38935006029105 10.41891060999123
2012.4726 40.23 -119.21 -5.12953665005537 11.36388297555846
2012.5000 40.23 -119.21 -9.14841346716621 10.69617092374085
2012.5274 40.23 -119.21 -3.60910824678389 11.51891601268268
2012.5548 40.23 -119.21 -17.83749591624588 11.51933553691848
2012.5822 40.23 -119.21 -21.08464880975729 12.30281882760149
2012.6096 40.23 -119.21 -19.61673112474960 12.32387381521285
2012.6370 40.23 -119.21 -25.82060556330145 11.23546801372149
2012.6644 40.23 -119.21 -33.51074225012952 12.43373313568116
2012.6918 40.23 -119.21 -30.96551100324776 12.90649436176442
2012.7192 40.23 -119.21 -16.96163221641616 15.97655879974821
2012.7466 40.23 -119.21 -21.10140521373887 10.39570258390923
2012.8562 40.23 -119.21 -9.25940497252620 16.40539742148591
2012.8836 40.23 -119.21 -28.34706404737956 15.50772854453711
2012.9110 40.23 -119.21 -5.55192579694323 14.60845031491526
2012.9384 40.23 -119.21 -8.85140524069652 13.68130798576024
2012.9658 40.23 -119.21 25.78681289480490 15.91130786212927
2012.9918 40.23 -119.21 5.79415700037297 7.36366958325141
2013.0178 40.23 -119.21 16.42897158294696 8.92519395280533
2013.0452 40.23 -119.21 18.28067365525419 8.83132360208829
2013.0726 40.23 -119.21 19.00362761366200 8.04960340829399
2013.1000 40.23 -119.21 13.49277163359884 8.28714148421126
2013.1274 40.23 -119.21 1.18335133044701 7.55840097233519
2013.1548 40.23 -119.21 8.61718178468862 6.78293892714458
2013.2644 40.23 -119.21 -11.16736818554613 7.57504362145679
2013.2918 40.23 -119.21 1.62948282525602 7.83678800012917
2013.3192 40.23 -119.21 -8.66010951509002 8.82208393662159
2013.3466 40.23 -119.21 17.91016578299227 9.10036903767383
2013.3740 40.23 -119.21 -8.56770308481704 7.62543791749821
2013.4014 40.23 -119.21 -26.94159140416510 7.91597776587703
2013.4288 40.23 -119.21 14.58977299527942 6.78636957941975
2013.4562 40.23 -119.21 -3.81590237121045 6.89632961821864
2013.4836 40.23 -119.21 -20.15677037585741 7.14344114563656
2013.5110 40.23 -119.21 1.28264579941164 8.23432877936510
2013.5384 40.23 -119.21 -1.86240010017947 7.86542809945452
2013.5658 40.23 -119.21 0.60623993683819 8.38510543877169
2013.7575 40.23 -119.21 -46.91120141422471 7.76993237111211
2013.7849 40.23 -119.21 -61.76964583436283 8.18341926545890
2013.8123 40.23 -119.21 -53.13648124421586 7.42891411564743
2013.8397 40.23 -119.21 -44.87996191150953 7.56184813077828
2013.8671 40.23 -119.21 -40.98329375508497 8.05719949526067
2013.8945 40.23 -119.21 -64.74477663606170 7.53439758236764
2013.9219 40.23 -119.21 -27.91088218669469 6.52659220500979
2013.9493 40.23 -119.21 -33.93672885451178 7.10204791891885
2013.9767 40.23 -119.21 -35.01012009842865 7.05816213345326
2014.0041 40.23 -119.21 -36.89669873009411 6.84502200504792
2014.0315 40.23 -119.21 -35.50647845073653 7.23981836896257
2014.1685 40.23 -119.21 -44.02470471799485 7.53924809823356
2014.1959 40.23 -119.21 -30.19010754443173 7.98193960780803
2014.2233 40.23 -119.21 -26.60305042385728 7.47004835721012
2014.2507 40.23 -119.21 -38.45931408778296 6.74400860278087
2014.2781 40.23 -119.21 -16.73094011479505 7.21220714811118
2014.3055 40.23 -119.21 -22.87495891930730 6.85982949694706
2014.3329 40.23 -119.21 3.06132952405150 5.39793664484788
2014.3603 40.23 -119.21 -20.10204930119858 6.34385632204643
2014.3877 40.23 -119.21 -10.97753278391280 6.36240398999759
2014.4151 40.23 -119.21 -18.97957100689321 6.27486949681776
2014.4425 40.23 -119.21 -11.30962164755655 6.73472258500469
2014.4699 40.23 -119.21 -22.93574085110202 6.59942162747541
2014.5795 40.23 -119.21 -13.73697942907855 5.23416629797463
2014.6068 40.23 -119.21 -20.83345550947259 5.77093549183938
2014.6342 40.23 -119.21 -7.19100041698679 5.07856792788895
2014.6616 40.23 -119.21 -41.36781139215734 5.88778829147720
2014.6890 40.23 -119.21 -38.12212780403284 5.72905664980251
2014.7164 40.23 -119.21 -44.34965717649682 5.58799806816166
2014.7438 40.23 -119.21 -35.22406800205162 6.21437814873561
2014.7712 40.23 -119.21 -57.19403798020668 6.13663508732846
2014.7986 40.23 -119.21 -42.40341831972798 5.26722719017432
2014.8260 40.23 -119.21 -51.73810796778725 5.21929733545454
2014.8534 40.23 -119.21 -61.36704628227466 5.57916821989437
2014.8808 40.23 -119.21 -21.35374667406718 5.58884858940649
2014.9082 40.23 -119.21 -21.99653373866302 5.72521245969282
2015.0452 40.23 -119.21 5.48242765947332 3.98495421933218
2015.0726 40.23 -119.21 8.08602992861648 4.55435989378595
2015.1000 40.23 -119.21 6.01947375959953 3.86452384136604
2015.1274 40.23 -119.21 8.20678844228580 3.55336517125521
2015.1548 40.23 -119.21 17.93201784809732 4.37013144885545
2015.1822 40.23 -119.21 9.04830162483455 4.00064469698926
2015.2096 40.23 -119.21 10.13715916343747 5.76829524454599
2015.2370 40.23 -119.21 -10.04918951568669 6.40743778107246
2015.2644 40.23 -119.21 -3.79091916891645 5.46464142203886
2015.2918 40.23 -119.21 -27.13059960247308 5.37918062146535
2015.3192 40.23 -119.21 -19.64632196484154 5.17043832529264
2015.3466 40.23 -119.21 -10.41570828827772 5.70117900937686
2015.4836 40.23 -119.21 -12.36702978970746 4.67374971705240
2015.5110 40.23 -119.21 -29.01711043406054 4.60714386372915
2015.5384 40.23 -119.21 -11.76284976454820 5.28526642743174
2015.5658 40.23 -119.21 -11.95601063389977 5.63784826039595
2015.5932 40.23 -119.21 -21.58091880632087 5.97664488998528
2015.6205 40.23 -119.21 -14.55117327103044 5.62576864874822
2015.6479 40.23 -119.21 -28.41548349079450 5.50258216506928
2015.6753 40.23 -119.21 -37.20202151705327 5.13942357347922
2015.7027 40.23 -119.21 -30.42834844021627 5.85744337622864
2015.7301 40.23 -119.21 -16.70747350692605 5.73669212277566
2015.9493 40.23 -119.21 -38.58851142602173 5.46291300275342
2015.9767 40.23 -119.21 -7.19268127552050 6.03837860936810
2016.0041 40.23 -119.21 -1.33179213037691 5.32445570522581
2016.0315 40.23 -119.21 0.67728520996865 5.04992288461689
2016.0589 40.23 -119.21 12.50849231409900 5.16368601541792
2016.0863 40.23 -119.21 18.96151338027894 4.49829917667538
2016.1137 40.23 -119.21 6.57228125408166 5.28268204415833
2016.1411 40.23 -119.21 7.34605362835090 6.54240995926461
2016.1685 40.23 -119.21 29.39363111966824 7.23728015730285
2016.1959 40.23 -119.21 39.41529748535643 7.14009148392888
2016.2233 40.23 -119.21 26.90272428412714 7.29782191661970
2016.2507 40.23 -119.21 20.97699437651485 5.43565784136965
2016.3603 40.23 -119.21 31.47117686738329 5.11439997516146
2016.3877 40.23 -119.21 12.55003463545953 6.31431515493389
2016.4151 40.23 -119.21 30.10475176149599 6.11263155593499
2016.4425 40.23 -119.21 1.64735310928291 6.73514520519122
2016.4699 40.23 -119.21 13.07172370732523 6.58177346976808
