2002.5877 -19.90 23.53 -0.840 0.585 2.075 0.110 0.079 0.475
2002.6151 -19.90 23.53 -0.705 -0.067 2.172 0.105 0.077 0.455
2002.6425 -19.90 23.53 -0.863 0.171 6.171 0.107 0.079 0.466
2002.6699 -19.90 23.53 -0.842 -0.096 3.257 0.093 0.066 0.405
2002.6973 -19.90 23.53 -0.920 0.446 4.942 0.152 0.065 0.571
2002.7247 -19.90 23.53 -0.969 -0.031 7.519 0.099 0.075 0.436
2002.7521 -19.90 23.53 -0.830 0.033 4.707 0.092 0.070 0.407
2002.7795 -19.90 23.53 -0.959 -0.320 5.441 0.107 0.079 0.467
2002.8068 -19.90 23.53 -0.755 0.230 4.107 0.095 0.071 0.418
2002.8342 -19.90 23.53 -0.726 0.255 3.538 0.094 0.070 0.413
2002.8616 -19.90 23.53 -0.786 0.228 6.866 0.095 0.061 0.403
2002.8890 -19.90 23.53 -0.813 0.069 4.806 0.095 0.071 0.418
2002.9164 -19.90 23.53 -0.793 0.155 3.114 0.102 0.073 0.441
2003.0260 -19.90 23.53 -0.438 0.547 4.386 0.115 0.081 0.497
2003.0534 -19.90 23.53 -0.218 1.463 7.485 0.188 0.139 0.799
2003.0808 -19.90 23.53 -0.437 1.064 0.655 0.167 0.114 0.703
2003.1082 -19.90 23.53 -0.181 0.649 2.340 0.097 0.066 0.420
2003.1356 -19.90 23.53 -0.020 0.599 2.455 0.090 0.061 0.392
2003.1630 -19.90 23.53 0.183 0.572 2.342 0.096 0.066 0.416
2003.1904 -19.90 23.53 0.289 1.230 0.438 0.112 0.075 0.479
2003.2178 -19.90 23.53 0.198 0.790 0.814 0.095 0.066 0.411
2003.2452 -19.90 23.53 0.390 1.031 0.435 0.092 0.066 0.404
2003.2726 -19.90 23.53 0.279 0.897 2.991 0.090 0.064 0.394
2003.3000 -19.90 23.53 0.209 0.740 2.283 0.088 0.063 0.387
2003.3274 -19.90 23.53 0.516 0.711 4.198 0.115 0.083 0.497
2003.3548 -19.90 23.53 -0.047 0.821 1.820 0.126 0.095 0.545
2003.3822 -19.90 23.53 -0.216 0.596 2.485 0.114 0.079 0.489
2003.5192 -19.90 23.53 -0.632 0.625 4.325 0.120 0.093 0.523
2003.5466 -19.90 23.53 -0.677 0.349 3.279 0.132 0.105 0.578
2003.5740 -19.90 23.53 -0.901 -0.032 4.618 0.154 0.124 0.672
2003.6014 -19.90 23.53 -0.841 -0.117 5.215 0.132 0.105 0.579
2003.6288 -19.90 23.53 -0.724 0.039 5.756 0.126 0.097 0.548
2003.6562 -19.90 23.53 -0.752 0.213 4.930 0.135 0.105 0.586
2003.6836 -19.90 23.53 -0.886 0.205 5.850 0.133 0.106 0.580
2003.7110 -19.90 23.53 -0.826 0.290 6.317 0.105 0.079 0.457
2003.7384 -19.90 23.53 -0.791 -0.093 7.500 0.126 0.099 0.551
2003.7658 -19.90 23.53 -0.690 -0.181 6.795 0.116 0.090 0.507
2003.7932 -19.90 23.53 -0.811 0.132 7.630 0.129 0.102 0.565
2003.8205 -19.90 23.53 -0.955 -0.018 6.127 0.140 0.107 0.603
2003.8479 -19.90 23.53 -0.923 -0.271 8.452 0.123 0.090 0.528
2003.8753 -19.90 23.53 -0.787 0.114 6.865 0.129 0.100 0.561
2003.9027 -19.90 23.53 -0.882 -0.407 5.917 0.118 0.088 0.511
2003.9301 -19.90 23.53 -0.765 0.234 6.127 0.123 0.094 0.534
2003.9575 -19.90 23.53 -0.522 0.299 4.383 0.138 0.109 0.601
2003.9849 -19.90 23.53 -0.443 0.119 3.746 0.131 0.102 0.569
2004.0123 -19.90 23.53 -0.449 0.229 3.126 0.141 0.109 0.608
2004.0397 -19.90 23.53 -0.560 0.074 3.242 0.119 0.082 0.506
2004.0945 -19.90 23.53 -0.210 0.865 2.560 0.111 0.077 0.474
2004.1219 -19.90 23.53 -0.248 0.437 3.360 0.118 0.089 0.511
2004.1493 -19.90 23.53 -0.046 0.601 1.179 0.139 0.106 0.599
2004.1767 -19.90 23.53 0.080 1.137 0.181 0.148 0.116 0.641
2004.2041 -19.90 23.53 0.276 0.957 0.626 0.121 0.091 0.523
2004.2315 -19.90 23.53 0.400 0.969 -1.427 0.123 0.093 0.530
2004.2589 -19.90 23.53 0.270 1.122 -0.933 0.127 0.095 0.547
2004.2863 -19.90 23.53 0.368 1.327 -1.925 0.128 0.096 0.549
2004.3137 -19.90 23.53 0.614 1.547 0.091 0.121 0.091 0.523
2004.3411 -19.90 23.53 0.433 1.217 -0.994 0.133 0.100 0.572
2004.3685 -19.90 23.53 0.380 0.962 -2.710 0.129 0.094 0.549
2004.3959 -19.90 23.53 0.028 0.978 0.536 0.113 0.081 0.483
2004.4233 -19.90 23.53 -0.097 0.591 -0.073 0.108 0.077 0.464
2004.4507 -19.90 23.53 -0.208 0.503 0.817 0.097 0.069 0.416
2004.4781 -19.90 23.53 -0.498 0.354 3.359 0.106 0.077 0.455
2004.5055 -19.90 23.53 -0.485 0.451 4.127 0.104 0.074 0.444
2004.5329 -19.90 23.53 -0.328 0.391 3.067 0.098 0.069 0.421
2004.5603 -19.90 23.53 -0.665 0.308 4.408 0.101 0.072 0.432
2004.5877 -19.90 23.53 -0.650 0.435 4.587 0.102 0.072 0.435
2004.6151 -19.90 23.53 -0.497 0.405 5.561 0.112 0.079 0.477
2004.6425 -19.90 23.53 -0.670 0.338 6.291 0.096 0.067 0.410
2004.6699 -19.90 23.53 -0.663 0.331 5.669 0.096 0.066 0.411
2004.6973 -19.90 23.53 -0.944 0.368 6.211 0.090 0.062 0.387
2004.7247 -19.90 23.53 -0.749 0.007 5.572 0.103 0.072 0.439
2004.7521 -19.90 23.53 -0.539 -0.052 4.718 0.099 0.068 0.423
2004.7795 -19.90 23.53 -0.963 -0.150 5.081 0.096 0.067 0.412
2004.8068 -19.90 23.53 -0.863 0.204 4.290 0.106 0.075 0.454
2004.8342 -19.90 23.53 -0.786 0.009 4.362 0.105 0.075 0.449
2004.8616 -19.90 23.53 -0.981 -0.239 4.414 0.093 0.065 0.400
2004.8890 -19.90 23.53 -0.627 -0.044 5.195 0.093 0.066 0.401
2004.9164 -19.90 23.53 -0.739 0.071 5.656 0.101 0.072 0.435
2004.9438 -19.90 23.53 -0.500 0.179 6.646 0.112 0.078 0.477
2004.9712 -19.90 23.53 -0.353 0.395 4.117 0.101 0.074 0.437
2004.9973 -19.90 23.53 -0.517 0.558 4.545 0.098 0.070 0.423
2005.0233 -19.90 23.53 -0.388 0.663 5.714 0.113 0.085 0.490
2005.0507 -19.90 23.53 -0.394 0.458 5.260 0.165 0.134 0.719
2005.0781 -19.90 23.53 -0.428 0.451 2.730 0.126 0.098 0.547
2005.1055 -19.90 23.53 -0.635 0.673 3.543 0.125 0.097 0.543
2005.1329 -19.90 23.53 -0.291 0.218 3.140 0.128 0.100 0.556
2005.1603 -19.90 23.53 -0.434 0.499 3.380 0.115 0.086 0.496
2005.1877 -19.90 23.53 -0.523 0.544 4.006 0.116 0.084 0.496
2005.2151 -19.90 23.53 -0.395 0.267 1.567 0.109 0.077 0.467
2005.2425 -19.90 23.53 -0.103 0.540 2.512 0.105 0.077 0.455
2005.2699 -19.90 23.53 -0.440 0.467 0.384 0.112 0.083 0.484
2005.2973 -19.90 23.53 -0.342 0.120 1.840 0.119 0.088 0.510
2005.3247 -19.90 23.53 -0.516 0.247 3.380 0.125 0.092 0.535
2005.3521 -19.90 23.53 -0.451 0.687 4.363 0.055 0.038 0.254
2005.3795 -19.90 23.53 -0.593 0.485 5.016 0.117 0.086 0.503
2005.4068 -19.90 23.53 -0.669 0.703 4.959 0.108 0.077 0.463
2005.4342 -19.90 23.53 -0.874 0.218 5.156 0.124 0.088 0.527
2005.4616 -19.90 23.53 -0.691 0.077 5.692 0.112 0.081 0.481
2005.4890 -19.90 23.53 -0.902 0.126 2.973 0.106 0.077 0.458
2005.5164 -19.90 23.53 -0.952 -0.021 4.908 0.106 0.077 0.457
2005.5438 -19.90 23.53 -0.834 0.047 5.654 0.115 0.085 0.496
2005.5712 -19.90 23.53 -0.883 -0.245 6.437 0.125 0.094 0.538
2005.5986 -19.90 23.53 -1.185 0.037 6.887 0.128 0.096 0.550
2005.6260 -19.90 23.53 -1.167 0.196 7.154 0.113 0.084 0.489
2005.6534 -19.90 23.53 -1.049 -0.116 6.670 0.119 0.090 0.514
2005.6808 -19.90 23.53 -1.114 -0.078 5.942 0.117 0.088 0.505
2005.7082 -19.90 23.53 -1.234 -0.301 4.575 0.141 0.109 0.609
2005.7356 -19.90 23.53 -1.426 -0.405 5.842 0.124 0.095 0.538
2005.7630 -19.90 23.53 -1.328 -0.378 6.791 0.125 0.095 0.540
2005.7904 -19.90 23.53 -1.301 -0.378 6.542 0.117 0.089 0.507
2005.8178 -19.90 23.53 -1.224 -0.532 5.731 0.120 0.092 0.520
2005.8452 -19.90 23.53 -1.347 -0.566 6.122 0.129 0.098 0.557
2005.8726 -19.90 23.53 -1.383 -0.437 4.821 0.111 0.085 0.485
2005.9000 -19.90 23.53 -1.488 -0.474 7.410 0.109 0.082 0.473
2005.9274 -19.90 23.53 -1.184 -0.053 6.653 0.114 0.077 0.484
2005.9548 -19.90 23.53 -0.997 0.172 6.087 0.111 0.069 0.475
2005.9822 -19.90 23.53 -0.946 0.323 6.015 0.108 0.074 0.461
2006.0096 -19.90 23.53 -0.602 0.349 5.105 0.117 0.085 0.502
2006.0370 -19.90 23.53 -0.761 0.372 2.363 0.147 0.110 0.629
2006.0644 -19.90 23.53 -0.318 0.430 2.238 0.149 0.111 0.638
2006.0918 -19.90 23.53 -0.414 0.284 -0.092 0.148 0.112 0.636
2006.1192 -19.90 23.53 -0.176 0.481 -2.127 0.167 0.131 0.721
2006.1466 -19.90 23.53 -0.046 0.507 -3.306 0.132 0.101 0.570
2006.1740 -19.90 23.53 -0.187 0.733 -3.755 0.147 0.117 0.640
2006.2014 -19.90 23.53 0.235 0.669 -3.496 0.115 0.088 0.500
2006.2288 -19.90 23.53 0.017 0.370 -4.760 0.148 0.119 0.646
2006.2562 -19.90 23.53 0.352 -0.055 -5.266 0.139 0.112 0.608
2006.2836 -19.90 23.53 0.418 0.237 -3.066 0.136 0.109 0.595
2006.3110 -19.90 23.53 0.381 0.308 -2.652 0.145 0.118 0.636
2006.3384 -19.90 23.53 0.201 0.248 -2.597 0.132 0.106 0.578
2006.3658 -19.90 23.53 -0.089 0.124 -2.257 0.146 0.119 0.639
2006.3932 -19.90 23.53 -0.152 -0.070 1.112 0.144 0.116 0.629
2006.4205 -19.90 23.53 -0.156 0.216 0.643 0.144 0.115 0.630
2006.4479 -19.90 23.53 -0.238 0.189 0.765 0.158 0.122 0.685
2006.4753 -19.90 23.53 -0.461 0.352 -0.357 0.160 0.128 0.698
2006.5027 -19.90 23.53 -0.514 0.324 0.900 0.166 0.134 0.726
2006.5301 -19.90 23.53 -0.843 0.070 0.317 0.197 0.163 0.863
2006.5575 -19.90 23.53 -1.091 0.204 0.822 0.157 0.128 0.689
2006.5849 -19.90 23.53 -0.934 -0.167 1.384 0.162 0.131 0.707
2006.6123 -19.90 23.53 -1.350 -0.067 -0.224 0.198 0.168 0.873
2006.6397 -19.90 23.53 -1.037 -0.399 3.375 0.169 0.140 0.740
2006.6671 -19.90 23.53 -1.334 -0.549 0.434 0.153 0.125 0.672
2006.6945 -19.90 23.53 -1.072 -0.716 2.746 0.195 0.162 0.855
2006.7219 -19.90 23.53 -1.064 -0.413 4.105 0.184 0.147 0.799
2006.7493 -19.90 23.53 -1.270 -0.913 2.028 0.219 0.178 0.951
2006.7767 -19.90 23.53 -0.927 -0.333 4.170 0.190 0.156 0.829
2006.8041 -19.90 23.53 -1.194 -0.298 4.731 0.153 0.123 0.668
2006.8315 -19.90 23.53 -1.151 -0.399 5.139 0.178 0.145 0.776
2006.8589 -19.90 23.53 -0.879 -0.257 4.653 0.173 0.140 0.754
2006.8863 -19.90 23.53 -0.781 -0.070 2.665 0.166 0.133 0.722
2006.9137 -19.90 23.53 -0.695 0.044 2.648 0.161 0.126 0.698
2006.9411 -19.90 23.53 -0.630 -0.181 1.825 0.159 0.124 0.686
2006.9685 -19.90 23.53 -0.339 -0.489 3.309 0.158 0.120 0.680
2006.9959 -19.90 23.53 -0.388 0.165 0.339 0.157 0.117 0.673
2007.0233 -19.90 23.53 -0.132 0.228 0.538 0.146 0.106 0.624
2007.0507 -19.90 23.53 -0.044 0.568 -0.206 0.153 0.112 0.652
2007.0781 -19.90 23.53 0.234 0.567 -0.997 0.156 0.121 0.675
2007.1055 -19.90 23.53 0.251 0.494 -0.142 0.140 0.107 0.604
2007.1329 -19.90 23.53 0.547 0.818 -0.097 0.152 0.118 0.659
2007.1603 -19.90 23.53 0.722 0.809 0.535 0.145 0.112 0.628
2007.1877 -19.90 23.53 0.728 0.905 -0.153 0.187 0.152 0.815
2007.2151 -19.90 23.53 0.807 0.410 0.725 0.167 0.135 0.726
2007.2425 -19.90 23.53 0.587 0.760 -0.219 0.160 0.129 0.699
2007.2699 -19.90 23.53 0.515 0.640 0.709 0.128 0.098 0.556
2007.2973 -19.90 23.53 0.384 0.617 1.280 0.121 0.092 0.525
2007.3247 -19.90 23.53 0.522 0.507 1.679 0.147 0.117 0.642
2007.3521 -19.90 23.53 0.417 0.619 1.618 0.161 0.130 0.703
2007.3795 -19.90 23.53 0.249 0.282 3.751 0.169 0.138 0.738
2007.4068 -19.90 23.53 -0.109 0.456 1.446 0.141 0.112 0.615
2007.4342 -19.90 23.53 -0.197 0.342 2.594 0.135 0.106 0.588
2007.4616 -19.90 23.53 -0.199 0.682 2.825 0.177 0.145 0.772
2007.4890 -19.90 23.53 -0.347 0.023 2.199 0.136 0.106 0.590
2007.5164 -19.90 23.53 -0.472 -0.049 2.601 0.143 0.114 0.625
2007.5438 -19.90 23.53 -0.517 0.135 3.677 0.139 0.109 0.605
2007.5712 -19.90 23.53 -0.586 -0.437 4.636 0.143 0.112 0.621
2007.5986 -19.90 23.53 -0.569 -0.482 3.905 0.175 0.140 0.759
2007.6260 -19.90 23.53 -0.538 -0.048 4.654 0.143 0.111 0.619
2007.6534 -19.90 23.53 -0.497 0.011 6.704 0.145 0.113 0.629
2007.6808 -19.90 23.53 -0.499 -0.158 6.164 0.153 0.118 0.659
2007.7082 -19.90 23.53 -0.579 -0.422 4.799 0.113 0.081 0.489
2007.7356 -19.90 23.53 -0.670 -0.278 4.473 0.157 0.120 0.676
2007.7630 -19.90 23.53 -0.776 -0.338 3.564 0.121 0.087 0.520
2007.7904 -19.90 23.53 -0.803 -0.220 4.358 0.154 0.120 0.668
2007.8178 -19.90 23.53 -1.026 -0.512 4.407 0.177 0.142 0.769
2007.8452 -19.90 23.53 -0.860 -0.274 2.959 0.145 0.112 0.627
2007.8726 -19.90 23.53 -0.644 -0.040 2.480 0.168 0.132 0.730
2007.9000 -19.90 23.53 -0.682 -0.096 3.923 0.179 0.137 0.770
2007.9274 -19.90 23.53 -0.756 -0.047 4.108 0.175 0.138 0.758
2007.9548 -19.90 23.53 -0.548 0.068 2.122 0.131 0.102 0.572
2007.9822 -19.90 23.53 -0.546 0.440 1.580 0.161 0.128 0.703
2008.0096 -19.90 23.53 -0.164 0.284 0.618 0.141 0.113 0.619
2008.0370 -19.90 23.53 0.048 0.523 -0.917 0.146 0.118 0.638
2008.0644 -19.90 23.53 0.095 0.587 -2.663 0.167 0.138 0.734
2008.0918 -19.90 23.53 0.621 0.905 -3.640 0.135 0.106 0.588
2008.1192 -19.90 23.53 0.980 0.631 -4.516 0.158 0.128 0.691
2008.1466 -19.90 23.53 0.808 0.625 -4.516 0.183 0.151 0.802
2008.1740 -19.90 23.53 1.100 0.823 -3.616 0.160 0.131 0.702
2008.2014 -19.90 23.53 1.274 0.822 -2.942 0.171 0.142 0.753
2008.2288 -19.90 23.53 1.123 0.861 -4.329 0.200 0.159 0.869
2008.2562 -19.90 23.53 1.003 0.592 -3.792 0.187 0.150 0.813
2008.2836 -19.90 23.53 1.140 0.428 -2.616 0.224 0.181 0.974
2008.3110 -19.90 23.53 1.184 0.560 -4.425 0.232 0.188 1.006
2008.3384 -19.90 23.53 1.150 0.857 -4.043 0.171 0.138 0.746
2008.3658 -19.90 23.53 0.958 0.500 -3.667 0.175 0.140 0.761
2008.3932 -19.90 23.53 0.846 0.303 -2.454 0.160 0.124 0.691
2008.4205 -19.90 23.53 0.642 0.342 -0.535 0.140 0.106 0.601
2008.4479 -19.90 23.53 0.455 -0.086 -0.253 0.141 0.111 0.613
2008.4753 -19.90 23.53 0.270 -0.016 0.573 0.137 0.107 0.596
2008.5027 -19.90 23.53 0.000 -0.079 1.160 0.168 0.130 0.723
2008.5301 -19.90 23.53 0.022 -0.317 0.798 0.209 0.161 0.895
2008.5575 -19.90 23.53 -0.097 0.078 1.928 0.137 0.101 0.585
2008.5849 -19.90 23.53 -0.375 0.126 2.435 0.154 0.121 0.666
2008.6123 -19.90 23.53 -0.087 0.037 2.643 0.129 0.097 0.556
2008.6397 -19.90 23.53 -0.035 0.097 2.749 0.141 0.108 0.609
2008.6671 -19.90 23.53 -0.117 0.124 3.972 0.135 0.103 0.584
2008.6945 -19.90 23.53 -0.042 0.234 3.128 0.131 0.100 0.567
2008.7219 -19.90 23.53 -0.246 -0.229 2.846 0.150 0.118 0.652
2008.7493 -19.90 23.53 -0.332 -0.113 3.599 0.136 0.107 0.593
2008.7767 -19.90 23.53 -0.360 -0.285 2.928 0.159 0.128 0.691
2008.8041 -19.90 23.53 -0.055 -0.462 1.156 0.160 0.129 0.696
2008.8315 -19.90 23.53 -0.331 -0.395 4.643 0.180 0.145 0.785
2008.8589 -19.90 23.53 -0.306 -0.464 3.807 0.210 0.170 0.915
2008.8863 -19.90 23.53 -0.211 -0.352 0.691 0.202 0.163 0.878
2008.9137 -19.90 23.53 0.044 0.080 1.081 0.192 0.157 0.839
2008.9411 -19.90 23.53 0.017 -0.041 1.983 0.201 0.162 0.876
2008.9685 -19.90 23.53 0.544 0.024 1.202 0.188 0.150 0.818
2008.9945 -19.90 23.53 0.462 0.317 -0.093 0.159 0.130 0.698
2009.0205 -19.90 23.53 0.676 0.460 2.448 0.156 0.129 0.689
2009.0479 -19.90 23.53 0.366 1.012 0.694 0.157 0.129 0.691
2009.0753 -19.90 23.53 0.661 0.666 0.509 0.151 0.122 0.662
2009.1027 -19.90 23.53 0.407 1.157 -1.485 0.187 0.155 0.822
2009.1301 -19.90 23.53 0.881 1.001 -3.204 0.149 0.121 0.656
2009.1575 -19.90 23.53 0.901 0.652 -4.141 0.152 0.122 0.666
2009.1849 -19.90 23.53 1.004 0.480 -5.784 0.174 0.145 0.766
2009.2123 -19.90 23.53 1.148 1.039 -4.809 0.150 0.119 0.656
2009.2397 -19.90 23.53 1.210 1.087 -4.830 0.170 0.139 0.744
2009.2671 -19.90 23.53 1.370 0.339 -4.501 0.142 0.115 0.624
2009.2945 -19.90 23.53 1.326 0.253 -3.135 0.145 0.118 0.639
2009.3219 -19.90 23.53 1.137 0.178 -0.987 0.152 0.123 0.666
2009.3493 -19.90 23.53 1.141 0.462 -2.741 0.140 0.112 0.612
2009.3767 -19.90 23.53 0.886 0.846 -0.598 0.147 0.117 0.641
2009.4041 -19.90 23.53 0.902 0.221 -0.239 0.130 0.101 0.566
2009.4315 -19.90 23.53 0.473 0.537 1.027 0.148 0.119 0.648
2009.4589 -19.90 23.53 0.443 0.834 -1.576 0.126 0.097 0.548
2009.4863 -19.90 23.53 0.358 0.658 0.236 0.139 0.107 0.602
2009.5137 -19.90 23.53 0.044 0.700 -0.288 0.134 0.099 0.575
2009.5411 -19.90 23.53 0.136 0.652 -0.272 0.164 0.125 0.706
2009.5685 -19.90 23.53 0.206 0.274 -0.526 0.177 0.134 0.759
2009.5959 -19.90 23.53 0.034 0.135 -0.768 0.155 0.117 0.666
2009.6233 -19.90 23.53 -0.133 0.293 -0.792 0.160 0.124 0.692
2009.6507 -19.90 23.53 0.074 -0.131 -0.894 0.154 0.120 0.667
2009.6781 -19.90 23.53 -0.283 -0.565 0.129 0.164 0.130 0.715
2009.7055 -19.90 23.53 -0.247 -0.482 0.692 0.170 0.137 0.741
2009.7329 -19.90 23.53 -0.060 -0.452 2.566 0.164 0.131 0.715
2009.7603 -19.90 23.53 0.147 -0.473 -0.205 0.187 0.150 0.814
2009.7877 -19.90 23.53 -0.125 -0.206 2.949 0.173 0.139 0.752
2009.8151 -19.90 23.53 -0.162 -0.437 1.035 0.185 0.150 0.806
2009.8425 -19.90 23.53 -0.137 -0.360 2.074 0.168 0.136 0.735
2009.8699 -19.90 23.53 -0.167 -0.202 3.230 0.161 0.130 0.703
2009.8973 -19.90 23.53 -0.033 -0.255 1.763 0.151 0.121 0.659
2009.9247 -19.90 23.53 -0.183 0.089 3.306 0.151 0.116 0.655
2009.9521 -19.90 23.53 0.209 0.567 1.567 0.141 0.111 0.616
2009.9795 -19.90 23.53 0.052 0.349 1.959 0.145 0.114 0.633
2010.0068 -19.90 23.53 0.148 0.405 1.031 0.183 0.149 0.798
2010.0342 -19.90 23.53 0.455 0.211 0.553 0.143 0.113 0.625
2010.0616 -19.90 23.53 0.275 0.062 -1.079 0.147 0.117 0.641
2010.0890 -19.90 23.53 0.371 0.404 -0.945 0.175 0.143 0.764
2010.1164 -19.90 23.53 0.357 0.375 0.310 0.180 0.147 0.789
2010.1438 -19.90 23.53 0.613 0.331 -1.571 0.174 0.140 0.759
2010.1712 -19.90 23.53 0.586 0.647 -5.003 0.167 0.133 0.726
2010.1986 -19.90 23.53 0.525 0.508 -5.382 0.160 0.127 0.695
2010.2260 -19.90 23.53 1.305 0.248 -5.631 0.174 0.139 0.757
2010.2534 -19.90 23.53 1.418 0.370 -6.994 0.180 0.141 0.779
2010.2808 -19.90 23.53 1.214 0.293 -6.405 0.139 0.107 0.603
2010.3082 -19.90 23.53 1.338 0.300 -5.727 0.146 0.113 0.631
2010.3356 -19.90 23.53 0.747 0.396 -7.387 0.134 0.100 0.576
2010.3630 -19.90 23.53 0.785 0.221 -6.685 0.142 0.105 0.610
2010.3904 -19.90 23.53 0.539 0.370 -6.474 0.147 0.100 0.615
2010.4178 -19.90 23.53 0.727 0.280 -5.168 0.151 0.110 0.644
2010.4452 -19.90 23.53 0.558 -0.059 -3.225 0.134 0.097 0.573
2010.4726 -19.90 23.53 0.273 0.312 -4.464 0.121 0.086 0.519
2010.5000 -19.90 23.53 0.386 0.345 -3.563 0.136 0.101 0.585
2010.5274 -19.90 23.53 -0.167 -0.308 -2.851 0.208 0.169 0.907
2010.5548 -19.90 23.53 0.077 -0.257 -5.025 0.135 0.107 0.590
2010.5822 -19.90 23.53 0.075 -0.075 -2.227 0.122 0.096 0.535
2010.6096 -19.90 23.53 -0.032 0.196 -1.305 0.156 0.127 0.684
2010.6370 -19.90 23.53 0.166 -0.204 0.123 0.140 0.113 0.614
2010.6644 -19.90 23.53 -0.120 -0.169 -0.388 0.132 0.105 0.577
2010.6918 -19.90 23.53 -0.179 -0.368 0.117 0.157 0.128 0.687
2010.7192 -19.90 23.53 -0.007 -0.594 3.361 0.146 0.119 0.641
2010.7466 -19.90 23.53 -0.058 -0.503 2.074 0.169 0.139 0.740
2010.7740 -19.90 23.53 0.064 -0.559 0.552 0.139 0.110 0.609
2010.8014 -19.90 23.53 0.133 -0.457 1.746 0.132 0.106 0.580
2010.8288 -19.90 23.53 0.087 -0.295 0.034 0.150 0.122 0.658
2010.8562 -19.90 23.53 -0.120 -0.112 1.272 0.148 0.119 0.646
2010.8836 -19.90 23.53 -0.256 -0.061 -0.062 0.138 0.109 0.601
2010.9110 -19.90 23.53 -0.073 -0.324 1.173 0.150 0.120 0.653
2010.9384 -19.90 23.53 0.502 -0.253 -0.799 0.155 0.125 0.677
2010.9658 -19.90 23.53 0.039 -0.357 0.595 0.170 0.137 0.741
2010.9932 -19.90 23.53 0.241 0.068 -0.241 0.147 0.084 0.588
2011.1027 -19.90 23.53 0.546 -0.228 -4.819 0.144 0.096 0.605
2011.1301 -19.90 23.53 0.465 0.411 -3.085 0.204 0.162 0.879
2011.1575 -19.90 23.53 0.605 -0.112 -4.228 0.139 0.105 0.598
2011.1849 -19.90 23.53 0.809 -0.119 -5.056 0.112 0.081 0.484
2011.2123 -19.90 23.53 1.101 -0.281 -6.162 0.173 0.138 0.751
2011.2397 -19.90 23.53 1.101 -0.355 -7.154 0.180 0.145 0.781
2011.2671 -19.90 23.53 1.121 -0.252 -7.055 0.147 0.116 0.637
2011.2945 -19.90 23.53 1.072 -0.283 -5.974 0.169 0.137 0.737
2011.3219 -19.90 23.53 0.852 -0.354 -7.681 0.159 0.128 0.692
2011.3493 -19.90 23.53 0.776 -0.225 -7.213 0.144 0.114 0.625
2011.3767 -19.90 23.53 0.737 -0.240 -5.116 0.166 0.135 0.726
2011.4041 -19.90 23.53 0.690 -0.138 -5.764 0.148 0.117 0.644
2011.4315 -19.90 23.53 0.605 0.033 -5.580 0.157 0.112 0.665
2011.5137 -19.90 23.53 -0.131 -0.988 -4.485 0.140 0.103 0.600
2011.5411 -19.90 23.53 -0.116 -0.675 -4.012 0.146 0.113 0.629
2011.5685 -19.90 23.53 -0.111 -0.950 -2.491 0.143 0.109 0.616
2011.5959 -19.90 23.53 -0.048 -0.846 -4.446 0.152 0.118 0.657
2011.6233 -19.90 23.53 -0.013 -0.837 -5.053 0.153 0.116 0.658
2011.6507 -19.90 23.53 -0.218 -1.013 -4.260 0.178 0.141 0.770
2011.6781 -19.90 23.53 -0.000 -0.892 -2.237 0.165 0.132 0.717
2011.7055 -19.90 23.53 -0.037 -0.903 -0.459 0.165 0.133 0.718
2011.7329 -19.90 23.53 -0.084 -0.908 -1.910 0.190 0.155 0.827
2011.7603 -19.90 23.53 0.069 -0.546 -1.629 0.164 0.133 0.714
2011.7877 -19.90 23.53 -0.067 -0.706 -3.013 0.174 0.142 0.758
2011.8151 -19.90 23.53 0.095 -0.941 -2.833 0.171 0.139 0.745
2011.8425 -19.90 23.53 0.281 -1.057 -2.597 0.184 0.153 0.805
2011.8699 -19.90 23.53 0.141 -0.275 2.617 0.181 0.143 0.781
2011.9521 -19.90 23.53 0.773 -1.281 -2.682 0.128 0.082 0.530
2011.9795 -19.90 23.53 0.647 -0.793 -3.714 0.150 0.120 0.654
2012.0068 -19.90 23.53 0.765 -0.784 -5.243 0.140 0.110 0.609
2012.0342 -19.90 23.53 1.115 -0.698 -3.493 0.167 0.132 0.720
2012.0616 -19.90 23.53 0.715 -0.252 -5.180 0.146 0.114 0.632
2012.0890 -19.90 23.53 0.881 -0.174 -3.418 0.145 0.111 0.624
2012.1164 -19.90 23.53 0.704 -0.055 -4.266 0.143 0.108 0.610
2012.1438 -19.90 23.53 1.002 -0.296 -4.994 0.148 0.110 0.632
2012.1712 -19.90 23.53 1.317 -0.235 -7.148 0.142 0.104 0.604
2012.1986 -19.90 23.53 1.278 -0.281 -6.231 0.129 0.094 0.553
2012.2260 -19.90 23.53 1.277 -0.116 -7.552 0.131 0.098 0.559
2012.2534 -19.90 23.53 1.079 -0.172 -6.052 0.127 0.095 0.546
2012.2808 -19.90 23.53 0.975 -0.367 -5.850 0.119 0.088 0.513
2012.3082 -19.90 23.53 0.822 -0.702 -4.926 0.149 0.081 0.590
2012.3904 -19.90 23.53 0.616 -0.127 -4.415 0.150 0.102 0.628
2012.4178 -19.90 23.53 0.673 -0.272 -4.975 0.109 0.081 0.472
2012.4452 -19.90 23.53 0.404 -0.540 -5.919 0.109 0.079 0.468
2012.4726 -19.90 23.53 0.379 -0.528 -3.694 0.117 0.086 0.502
2012.5000 -19.90 23.53 -0.005 -0.546 -1.568 0.112 0.081 0.480
2012.5274 -19.90 23.53 0.368 -0.489 -1.118 0.118 0.087 0.505
2012.5548 -19.90 23.53 0.529 -0.891 -1.685 0.118 0.087 0.505
2012.5822 -19.90 23.53 0.389 -0.746 -1.172 0.124 0.092 0.534
2012.6096 -19.90 23.53 0.425 -0.722 -2.064 0.122 0.093 0.526
2012.6370 -19.90 23.53 0.135 -0.695 -0.490 0.113 0.086 0.489
2012.6644 -19.90 23.53 0.217 -0.343 -1.216 0.123 0.094 0.532
2012.6918 -19.90 23.53 0.034 -0.637 0.167 0.126 0.098 0.547
2012.7192 -19.90 23.53 0.001 -0.928 -0.624 0.149 0.121 0.651
2012.7466 -19.90 23.53 0.183 -0.830 -1.423 0.118 0.072 0.487
2012.8562 -19.90 23.53 0.111 -1.231 2.296 0.157 0.125 0.680
2012.8836 -19.90 23.53 -0.002 -0.767 1.394 0.145 0.119 0.636
2012.9110 -19.90 23.53 0.062 -1.078 0.962 0.138 0.113 0.605
2012.9384 -19.90 23.53 0.194 -0.677 0.822 0.135 0.105 0.584
2012.9658 -19.90 23.53 0.226 -0.687 -1.721 0.148 0.122 0.648
2012.9918 -19.90 23.53 0.500 -0.628 -2.369 0.075 0.060 0.339
2013.0178 -19.90 23.53 0.757 -0.472 -4.592 0.087 0.071 0.391
2013.0452 -19.90 23.53 0.887 -0.398 -7.591 0.087 0.070 0.389
2013.0726 -19.90 23.53 0.867 -0.311 -8.203 0.080 0.064 0.362
2013.1000 -19.90 23.53 0.794 0.105 -5.938 0.082 0.066 0.370
2013.1274 -19.90 23.53 1.259 0.257 -6.317 0.077 0.061 0.346
2013.1548 -19.90 23.53 1.085 0.016 -6.154 0.074 0.054 0.330
2013.2644 -19.90 23.53 0.877 0.071 -7.801 0.089 0.039 0.349
2013.2918 -19.90 23.53 0.774 0.429 -3.818 0.079 0.063 0.354
2013.3192 -19.90 23.53 0.710 0.361 -3.677 0.086 0.070 0.388
2013.3466 -19.90 23.53 0.887 0.272 -3.373 0.089 0.072 0.398
2013.3740 -19.90 23.53 0.826 0.031 -4.403 0.076 0.062 0.347
2013.4014 -19.90 23.53 0.631 -0.272 -1.765 0.079 0.064 0.357
2013.4288 -19.90 23.53 0.550 0.161 -2.643 0.070 0.056 0.320
2013.4562 -19.90 23.53 0.598 -0.355 0.788 0.071 0.056 0.324
2013.4836 -19.90 23.53 0.459 -0.388 -0.106 0.073 0.058 0.331
2013.5110 -19.90 23.53 0.304 -0.281 0.536 0.082 0.066 0.368
2013.5384 -19.90 23.53 0.383 -0.274 1.054 0.081 0.061 0.359
2013.5658 -19.90 23.53 0.306 -0.332 0.415 0.084 0.067 0.376
2013.7575 -19.90 23.53 0.025 -0.679 1.190 0.081 0.060 0.357
2013.7849 -19.90 23.53 -0.014 -0.954 0.720 0.083 0.064 0.368
2013.8123 -19.90 23.53 -0.395 -0.498 1.250 0.076 0.058 0.339
2013.8397 -19.90 23.53 -0.620 -0.684 0.767 0.077 0.059 0.343
2013.8671 -19.90 23.53 -0.158 -0.516 2.144 0.082 0.062 0.364
2013.8945 -19.90 23.53 -0.258 -0.575 1.119 0.076 0.058 0.340
2013.9219 -19.90 23.53 -0.137 -0.923 2.945 0.069 0.051 0.309
2013.9493 -19.90 23.53 -0.086 -0.941 -0.648 0.073 0.055 0.324
2013.9767 -19.90 23.53 -0.095 -0.882 0.240 0.074 0.055 0.328
2014.0041 -19.90 23.53 0.263 -0.127 -4.363 0.071 0.053 0.318
2014.0315 -19.90 23.53 0.597 -0.460 -4.279 0.074 0.055 0.328
2014.1685 -19.90 23.53 0.496 0.579 -9.967 0.078 0.059 0.347
2014.1959 -19.90 23.53 0.975 0.371 -11.718 0.079 0.063 0.354
2014.2233 -19.90 23.53 0.848 0.184 -10.863 0.075 0.059 0.337
2014.2507 -19.90 23.53 0.922 -0.042 -11.046 0.069 0.054 0.312
2014.2781 -19.90 23.53 1.000 0.142 -12.695 0.073 0.058 0.329
2014.3055 -19.90 23.53 0.893 -0.627 -12.650 0.070 0.055 0.318
2014.3329 -19.90 23.53 0.939 -0.670 -9.311 0.058 0.045 0.268
2014.3603 -19.90 23.53 0.796 -0.118 -9.920 0.065 0.051 0.299
2014.3877 -19.90 23.53 0.660 -0.574 -7.784 0.065 0.052 0.299
2014.4151 -19.90 23.53 0.626 -0.333 -4.573 0.065 0.051 0.297
2014.4425 -19.90 23.53 0.473 -0.498 -4.568 0.069 0.054 0.313
2014.4699 -19.90 23.53 0.508 0.063 -3.810 0.069 0.053 0.310
2014.5795 -19.90 23.53 -0.136 -0.743 -2.271 0.062 0.041 0.279
2014.6068 -19.90 23.53 0.123 -0.491 -0.522 0.061 0.046 0.277
2014.6342 -19.90 23.53 0.239 -0.118 -2.164 0.056 0.041 0.256
2014.6616 -19.90 23.53 0.034 -0.563 -3.806 0.062 0.046 0.280
2014.6890 -19.90 23.53 -0.014 -0.487 -2.681 0.060 0.046 0.274
2014.7164 -19.90 23.53 0.094 -0.611 -1.486 0.059 0.045 0.270
2014.7438 -19.90 23.53 -0.137 -0.492 -1.475 0.064 0.049 0.289
2014.7712 -19.90 23.53 -0.015 -1.153 -4.302 0.063 0.048 0.286
2014.7986 -19.90 23.53 -0.082 -0.619 -3.819 0.056 0.042 0.259
2014.8260 -19.90 23.53 -0.058 -0.960 -0.744 0.056 0.041 0.258
2014.8534 -19.90 23.53 -0.180 -0.922 0.633 0.059 0.044 0.270
2014.8808 -19.90 23.53 -0.123 -0.683 -0.477 0.060 0.044 0.271
2014.9082 -19.90 23.53 -0.192 -0.894 -2.379 0.061 0.045 0.275
2015.0452 -19.90 23.53 0.129 -0.352 -2.677 0.046 0.033 0.219
2015.0726 -19.90 23.53 0.282 -0.143 -2.893 0.050 0.035 0.230
2015.1000 -19.90 23.53 0.521 0.388 -2.680 0.044 0.033 0.214
2015.1274 -19.90 23.53 0.436 0.168 -2.212 0.041 0.031 0.203
2015.1548 -19.90 23.53 0.335 0.475 -2.948 0.048 0.034 0.224
2015.1822 -19.90 23.53 0.601 0.242 -5.865 0.045 0.033 0.215
2015.2096 -19.90 23.53 0.587 -0.321 -4.191 0.060 0.043 0.270
2015.2370 -19.90 23.53 0.320 -0.350 -5.107 0.064 0.049 0.292
2015.2644 -19.90 23.53 0.248 -0.726 -5.045 0.057 0.044 0.264
2015.2918 -19.90 23.53 0.704 -0.313 -8.681 0.057 0.044 0.265
2015.3192 -19.90 23.53 0.436 -0.206 -6.643 0.055 0.042 0.257
2015.3466 -19.90 23.53 0.337 -0.076 -5.288 0.060 0.045 0.273
2015.4836 -19.90 23.53 0.285 -0.706 -0.962 0.056 0.035 0.250
2015.5110 -19.90 23.53 -0.088 -0.498 -1.758 0.054 0.036 0.245
2015.5384 -19.90 23.53 -0.235 -0.636 0.500 0.059 0.040 0.262
2015.5658 -19.90 23.53 -0.115 -0.282 1.105 0.059 0.043 0.266
2015.5932 -19.90 23.53 -0.402 -0.715 0.940 0.061 0.045 0.275
2015.6205 -19.90 23.53 -0.445 -0.494 0.340 0.059 0.043 0.267
2015.6479 -19.90 23.53 -0.436 -0.534 -0.482 0.057 0.042 0.261
2015.6753 -19.90 23.53 -0.558 -0.654 -0.827 0.055 0.039 0.252
2015.7027 -19.90 23.53 -0.508 -0.810 -1.921 0.060 0.044 0.272
2015.7301 -19.90 23.53 -0.613 -1.175 -1.689 0.060 0.043 0.271
2015.9493 -19.90 23.53 -0.090 -0.500 0.611 0.058 0.044 0.268
2015.9767 -19.90 23.53 -0.225 -0.496 0.557 0.061 0.047 0.280
2016.0041 -19.90 23.53 -0.109 -0.668 1.362 0.055 0.043 0.257
2016.0315 -19.90 23.53 0.115 -0.214 1.658 0.053 0.041 0.247
2016.0589 -19.90 23.53 0.100 -0.230 2.211 0.054 0.042 0.252
2016.0863 -19.90 23.53 0.149 -0.029 -2.212 0.049 0.038 0.233
2016.1137 -19.90 23.53 0.190 0.080 -1.204 0.055 0.042 0.255
2016.1411 -19.90 23.53 0.411 -0.210 -4.402 0.065 0.051 0.294
2016.1685 -19.90 23.53 0.073 -1.036 -4.023 0.069 0.056 0.315
2016.1959 -19.90 23.53 0.632 -0.311 -5.590 0.068 0.056 0.313
2016.2233 -19.90 23.53 0.165 -0.819 -3.850 0.069 0.058 0.318
2016.2507 -19.90 23.53 0.271 -0.711 -4.997 0.057 0.043 0.263
2016.3603 -19.90 23.53 0.015 -0.638 -1.327 0.053 0.040 0.246
2016.3877 -19.90 23.53 0.222 0.158 -0.432 0.062 0.047 0.281
2016.4151 -19.90 23.53 -0.067 0.055 -3.264 0.061 0.045 0.275
2016.4425 -19.90 23.53 -0.402 -0.250 -2.530 0.065 0.049 0.293
2016.4699 -19.90 23.53 -0.424 -0.242 -1.235 0.064 0.048 0.287
