2002.5877 35.48 -98.97 5.35579747585451 9.76523202113854
2002.6151 35.48 -98.97 8.88510453706993 9.50686457340112
2002.6425 35.48 -98.97 34.85110878593502 9.71543030471300
2002.6699 35.48 -98.97 19.83351278058469 8.14103218504387
2002.6973 35.48 -98.97 80.30663653068105 12.77225115271971
2002.7247 35.48 -98.97 14.55086161668318 9.22257315060978
2002.7521 35.48 -98.97 22.92132099833968 8.44767238386673
2002.7795 35.48 -98.97 51.91694275066037 9.66667457632677
2002.8068 35.48 -98.97 57.68130520808148 8.76034806953305
2002.8342 35.48 -98.97 32.77303612212026 8.60517583745250
2002.8616 35.48 -98.97 42.50920768037109 8.16347517194074
2002.8890 35.48 -98.97 26.24782571147888 8.75213698351083
2002.9164 35.48 -98.97 42.64345444050373 9.03409310847301
2003.0260 35.48 -98.97 59.68376677962114 10.08652133678799
2003.0534 35.48 -98.97 25.13010842804636 17.74258108771113
2003.0808 35.48 -98.97 73.49941064230713 14.59832645257171
2003.1082 35.48 -98.97 69.21006473456836 8.07985712403386
2003.1356 35.48 -98.97 56.93506927234341 7.43405009660711
2003.1630 35.48 -98.97 53.10855923740082 8.09458342342682
2003.1904 35.48 -98.97 67.73841602758975 9.46109612390480
2003.2178 35.48 -98.97 56.47646807211898 7.99989926736617
2003.2452 35.48 -98.97 38.90484842849204 7.96063873011995
2003.2726 35.48 -98.97 71.74590829986805 7.74118447334128
2003.3000 35.48 -98.97 39.59907184328483 7.60751743790848
2003.3274 35.48 -98.97 52.41558632853020 10.23125268053964
2003.3548 35.48 -98.97 -5.10139965408813 11.66758114259429
2003.3822 35.48 -98.97 12.23299956616593 9.82723445290173
2003.5192 35.48 -98.97 33.68306549130213 11.41698726255232
2003.5466 35.48 -98.97 28.44264463936143 13.05364416230181
2003.5740 35.48 -98.97 12.97629890128939 15.66516681432145
2003.6014 35.48 -98.97 8.94724496414007 13.09472670223292
2003.6288 35.48 -98.97 5.64586375875141 12.00912955458006
2003.6562 35.48 -98.97 -1.40963023388175 13.13725098093832
2003.6836 35.48 -98.97 5.55483820189693 13.21789622482773
2003.7110 35.48 -98.97 15.94112341208449 9.71122674877810
2003.7384 35.48 -98.97 10.31495762625526 12.35771743448564
2003.7658 35.48 -98.97 17.15714759294314 11.24174395557087
2003.7932 35.48 -98.97 0.26656299937910 12.80945327081414
2003.8205 35.48 -98.97 0.75477537383052 13.58217539881806
2003.8479 35.48 -98.97 -6.70116317706826 11.43196672626619
2003.8753 35.48 -98.97 -14.05347863827479 12.65808789382978
2003.9027 35.48 -98.97 -5.21349418769020 11.05585547272657
2003.9301 35.48 -98.97 24.14357887332367 11.84354559666471
2003.9575 35.48 -98.97 32.44186431224048 13.80932999033537
2003.9849 35.48 -98.97 21.75790132865886 12.88755367473242
2004.0123 35.48 -98.97 29.48927966674004 13.84074734318707
2004.0397 35.48 -98.97 37.72379946413114 10.40868521281810
2004.0945 35.48 -98.97 20.27371652229499 9.70988190715452
2004.1219 35.48 -98.97 47.00493469233466 11.31924482783573
2004.1493 35.48 -98.97 47.54552788489765 13.51155340660800
2004.1767 35.48 -98.97 34.16857902475320 14.90877736391159
2004.2041 35.48 -98.97 44.54254440272916 11.64998333762109
2004.2315 35.48 -98.97 32.46367306384492 11.82547458319682
2004.2589 35.48 -98.97 24.60448775701099 12.16842128195776
2004.2863 35.48 -98.97 28.06867428189387 12.24919904540529
2004.3137 35.48 -98.97 21.29481624000740 11.56162181002910
2004.3411 35.48 -98.97 20.71952799506921 12.84201910184194
2004.3685 35.48 -98.97 17.21393000449452 12.05117524231202
2004.3959 35.48 -98.97 9.40336818656874 10.34071720810357
2004.4233 35.48 -98.97 13.19193327517391 9.88599225709598
2004.4507 35.48 -98.97 30.41172110326084 8.85880859742669
2004.4781 35.48 -98.97 4.28554308818351 9.86480305094739
2004.5055 35.48 -98.97 24.38124409293006 9.56191097218963
2004.5329 35.48 -98.97 38.53259004413184 8.91813346738490
2004.5603 35.48 -98.97 13.15046692432894 9.26767833430357
2004.5877 35.48 -98.97 30.76777166326073 9.27779691332430
2004.6151 35.48 -98.97 31.27593966360977 10.29078532619393
2004.6425 35.48 -98.97 33.76243618773693 8.55650049725556
2004.6699 35.48 -98.97 7.79946796258929 8.52855072732762
2004.6973 35.48 -98.97 0.71671661038451 7.91370996254427
2004.7247 35.48 -98.97 -0.26993573767630 9.26790536457099
2004.7521 35.48 -98.97 6.79632323847854 8.77695856272035
2004.7795 35.48 -98.97 17.30219883532244 8.64119078353876
2004.8068 35.48 -98.97 22.58120550816946 9.77668229559931
2004.8342 35.48 -98.97 33.04301620447340 9.67881416291540
2004.8616 35.48 -98.97 37.98573992510260 8.30630605850876
2004.8890 35.48 -98.97 46.06979798426044 8.35689887694810
2004.9164 35.48 -98.97 48.10097426235510 9.30366624865184
2004.9438 35.48 -98.97 33.86958649992146 10.02536083865721
2004.9712 35.48 -98.97 32.99535063261925 9.47419177326879
2004.9973 35.48 -98.97 49.60368855708550 8.94492027196465
2005.0233 35.48 -98.97 62.35385796917853 10.87464113881973
2005.0507 35.48 -98.97 49.61350587104936 17.16629382914217
2005.0781 35.48 -98.97 55.85973886940540 12.47575803806789
2005.1055 35.48 -98.97 68.32541898938216 12.32044896708837
2005.1329 35.48 -98.97 70.08842835413263 12.63706321083197
2005.1603 35.48 -98.97 52.73933478785435 10.95688079332240
2005.1877 35.48 -98.97 67.67486715253233 10.78943627817178
2005.2151 35.48 -98.97 54.13508178732772 9.90048996948781
2005.2425 35.48 -98.97 68.36803535768092 9.77049273532164
2005.2699 35.48 -98.97 60.70056668291303 10.56536731603051
2005.2973 35.48 -98.97 52.34642133473345 11.25140872031456
2005.3247 35.48 -98.97 55.32406450957379 11.88093809999293
2005.3521 35.48 -98.97 40.26903179038147 4.17667111105279
2005.3795 35.48 -98.97 23.03283567447883 11.01463458128050
2005.4068 35.48 -98.97 15.47460686796784 9.89386679065239
2005.4342 35.48 -98.97 26.43586955239574 11.33676116816430
2005.4616 35.48 -98.97 51.39431645108475 10.41042855557380
2005.4890 35.48 -98.97 37.42163586660418 9.85530471240649
2005.5164 35.48 -98.97 35.85416620468773 9.79545528134088
2005.5438 35.48 -98.97 22.28717788315513 10.86522252609923
2005.5712 35.48 -98.97 10.72067746459177 11.99023912864553
2005.5986 35.48 -98.97 20.60168976442862 12.27631257079196
2005.6260 35.48 -98.97 19.37198716863596 10.67975738886634
2005.6534 35.48 -98.97 30.25136659974604 11.44008854576900
2005.6808 35.48 -98.97 23.59855588819067 11.15204937209058
2005.7082 35.48 -98.97 31.29159947173344 13.98545841459846
2005.7356 35.48 -98.97 22.31712276007258 12.10761627648561
2005.7630 35.48 -98.97 33.17052920899488 12.12605943932991
2005.7904 35.48 -98.97 9.30016646878462 11.17822453425531
2005.8178 35.48 -98.97 -3.60271761657450 11.58876322995676
2005.8452 35.48 -98.97 2.09471259159426 12.38762106483687
2005.8726 35.48 -98.97 2.34823933947710 10.64251829416002
2005.9000 35.48 -98.97 5.59652466754187 10.27497422130096
2005.9274 35.48 -98.97 9.43698747445962 9.97363975965101
2005.9548 35.48 -98.97 0.39808043480646 8.54822576829121
2005.9822 35.48 -98.97 20.20179727270444 9.30930733125276
2006.0096 35.48 -98.97 6.95910411979086 10.75253316033748
2006.0370 35.48 -98.97 3.89425170432538 13.96654230857099
2006.0644 35.48 -98.97 10.66440219629884 14.10918822799547
2006.0918 35.48 -98.97 28.14477337733266 14.24412013782052
2006.1192 35.48 -98.97 21.91658302158036 16.71078730430685
2006.1466 35.48 -98.97 19.22831844757906 12.69055917771692
2006.1740 35.48 -98.97 16.76608575330770 14.86444452087797
2006.2014 35.48 -98.97 14.33391408697395 10.98545164595701
2006.2288 35.48 -98.97 22.54443023397948 14.98633450537241
2006.2562 35.48 -98.97 14.83592317419405 14.16279406325767
2006.2836 35.48 -98.97 -16.49626520503162 13.70472229033901
2006.3110 35.48 -98.97 9.12116626357976 14.75431794094651
2006.3384 35.48 -98.97 16.03588107905714 13.28910851457630
2006.3658 35.48 -98.97 13.31509083633709 14.84128934956546
2006.3932 35.48 -98.97 25.36796900111660 14.51789463210135
2006.4205 35.48 -98.97 18.80339845241517 14.45058623954676
2006.4479 35.48 -98.97 19.84422274300691 15.35827189193278
2006.4753 35.48 -98.97 18.73985704781477 16.02554914249690
2006.5027 35.48 -98.97 -1.10647026443770 16.78398466510217
2006.5301 35.48 -98.97 -9.85833613003029 20.48683650103954
2006.5575 35.48 -98.97 1.32583325115339 15.90662020503444
2006.5849 35.48 -98.97 -5.04909702955293 16.41852656195107
2006.6123 35.48 -98.97 19.98299547903798 21.26020952128334
2006.6397 35.48 -98.97 18.14634689005177 17.55818776061390
2006.6671 35.48 -98.97 3.06088032806524 15.57811235695720
2006.6945 35.48 -98.97 22.63018374328799 20.53731956488634
2006.7219 35.48 -98.97 -13.76615076971474 18.54977829659048
2006.7493 35.48 -98.97 -5.88112560241877 22.68575314781645
2006.7767 35.48 -98.97 -4.24880163001679 19.74632083354451
2006.8041 35.48 -98.97 -5.20576631529793 15.45813411931137
2006.8315 35.48 -98.97 -2.92534976259852 18.44801268019323
2006.8589 35.48 -98.97 2.42997585683950 17.76812038864070
2006.8863 35.48 -98.97 -14.41880174394628 16.80895504009765
2006.9137 35.48 -98.97 7.49962221174184 16.07023079710892
2006.9411 35.48 -98.97 -22.34718383593716 15.70550954540616
2006.9685 35.48 -98.97 16.31214878243073 15.31034958387989
2006.9959 35.48 -98.97 4.98018322355468 14.82831678374595
2007.0233 35.48 -98.97 16.41883966398411 13.43960518635051
2007.0507 35.48 -98.97 30.53678357072864 14.33600883783479
2007.0781 35.48 -98.97 25.92002983466150 15.34412019477363
2007.1055 35.48 -98.97 13.41120844426088 13.45924178982201
2007.1329 35.48 -98.97 19.32522196802645 14.88350412585633
2007.1603 35.48 -98.97 -1.01690859399241 14.16388208583881
2007.1877 35.48 -98.97 12.59439708602691 19.40646806295922
2007.2151 35.48 -98.97 34.64173283063829 17.11720029840803
2007.2425 35.48 -98.97 28.99803526750885 16.37663021483711
2007.2699 35.48 -98.97 46.56828818370157 12.24144544818767
2007.2973 35.48 -98.97 42.08804650565139 11.46064035485486
2007.3247 35.48 -98.97 35.03865080368244 14.73941147342577
2007.3521 35.48 -98.97 31.64081670937026 16.44082290258716
2007.3795 35.48 -98.97 54.52704293730326 17.44711975901925
2007.4068 35.48 -98.97 23.43537297897868 13.99785042231810
2007.4342 35.48 -98.97 35.08087096841636 13.20885107742435
2007.4616 35.48 -98.97 59.44682934004819 18.41330566062441
2007.4890 35.48 -98.97 64.45274874164033 13.22947789454056
2007.5164 35.48 -98.97 59.77081373088975 14.25350350393770
2007.5438 35.48 -98.97 43.99512784332477 13.66931142646271
2007.5712 35.48 -98.97 14.54900221634231 14.05016642502753
2007.5986 35.48 -98.97 33.43427877531438 17.70485883309427
2007.6260 35.48 -98.97 11.07493764383132 13.92676962501081
2007.6534 35.48 -98.97 13.11568858512746 14.22763730110921
2007.6808 35.48 -98.97 26.24237783229296 14.85075874362792
2007.7082 35.48 -98.97 18.02373901359708 10.15469824114660
2007.7356 35.48 -98.97 5.48843473565322 15.24570161380270
2007.7630 35.48 -98.97 0.44980634945757 10.87559818332437
2007.7904 35.48 -98.97 9.49571276029550 15.22308546898965
2007.8178 35.48 -98.97 27.13230993781003 17.98535516984772
2007.8452 35.48 -98.97 28.52869361868699 13.93322797711058
2007.8726 35.48 -98.97 26.49161649714974 16.51791658837605
2007.9000 35.48 -98.97 1.49032888855618 17.39682231724573
2007.9274 35.48 -98.97 4.85716800541004 17.32034805068392
2007.9548 35.48 -98.97 17.45895575572898 12.62989338386101
2007.9822 35.48 -98.97 21.29636323347154 16.01645876439871
2008.0096 35.48 -98.97 35.62852155041553 13.93029322993409
2008.0370 35.48 -98.97 25.66900785327632 14.58614947579757
2008.0644 35.48 -98.97 39.89843436461045 17.22371083867591
2008.0918 35.48 -98.97 63.23941676291365 12.97624828252836
2008.1192 35.48 -98.97 42.19313760311260 15.88775544970156
2008.1466 35.48 -98.97 48.62430532228986 18.81770610455368
2008.1740 35.48 -98.97 41.14744457294013 16.21439985980180
2008.2014 35.48 -98.97 45.79233947339086 17.87708157777558
2008.2288 35.48 -98.97 57.78740467131034 19.74985566420152
2008.2562 35.48 -98.97 28.89110875715824 18.78376614730107
2008.2836 35.48 -98.97 35.76944044598561 22.65406245592892
2008.3110 35.48 -98.97 21.66791111196841 23.70850609917817
2008.3384 35.48 -98.97 27.19460339549767 17.38374425899265
2008.3658 35.48 -98.97 21.38263661735041 17.54963714800540
2008.3932 35.48 -98.97 12.33917535925428 15.54033483736084
2008.4205 35.48 -98.97 12.62572537087973 13.54586571040958
2008.4479 35.48 -98.97 22.92355959426693 14.05944334270773
2008.4753 35.48 -98.97 47.11154678903093 13.47681405592370
2008.5027 35.48 -98.97 30.13520097555234 16.67089646267943
2008.5301 35.48 -98.97 -33.54786898949946 20.63284046910124
2008.5575 35.48 -98.97 14.67055043165686 12.89896009299452
2008.5849 35.48 -98.97 -19.23482777276628 15.48417884673302
2008.6123 35.48 -98.97 3.44787869707931 12.27485316733806
2008.6397 35.48 -98.97 28.23818884747207 13.74125686298189
2008.6671 35.48 -98.97 21.41926638900720 13.03336481425290
2008.6945 35.48 -98.97 16.87139382121663 12.55150267609168
2008.7219 35.48 -98.97 28.42745854701295 14.96702396864292
2008.7493 35.48 -98.97 10.52272047882931 13.38570632557462
2008.7767 35.48 -98.97 22.32330666137511 16.15237580724297
2008.8041 35.48 -98.97 14.85132222996274 16.32290866049159
2008.8315 35.48 -98.97 23.64803691894283 18.28397460621444
2008.8589 35.48 -98.97 12.21675824840095 21.42004042435966
2008.8863 35.48 -98.97 36.18708920428139 20.53727471363710
2008.9137 35.48 -98.97 30.09364063390220 19.67029651004981
2008.9411 35.48 -98.97 10.41214212068036 20.23847027775539
2008.9685 35.48 -98.97 16.66862037025044 18.83316402022588
2008.9945 35.48 -98.97 6.13261189888627 16.02852946043599
2009.0205 35.48 -98.97 30.55391770050853 15.95487674366460
2009.0479 35.48 -98.97 33.14775659287017 15.96155265839245
2009.0753 35.48 -98.97 37.17058422348939 14.99207623089061
2009.1027 35.48 -98.97 24.41883176330526 19.14467468476220
2009.1301 35.48 -98.97 30.98208440464394 14.86050249271495
2009.1575 35.48 -98.97 16.27151674106970 14.98316171446113
2009.1849 35.48 -98.97 37.63259542630284 18.01219605777469
2009.2123 35.48 -98.97 31.44359021353618 14.64467181658569
2009.2397 35.48 -98.97 34.93551141673772 17.21714132756834
2009.2671 35.48 -98.97 31.69867915382443 14.21726876208153
2009.2945 35.48 -98.97 27.12052034445590 14.64745578938767
2009.3219 35.48 -98.97 -4.49802464736009 15.23229405265007
2009.3493 35.48 -98.97 36.73862878102901 13.81698819882102
2009.3767 35.48 -98.97 27.54443802005268 14.54715233170526
2009.4041 35.48 -98.97 33.49431299876205 12.49931335773403
2009.4315 35.48 -98.97 11.05755471354633 14.84491471830008
2009.4589 35.48 -98.97 0.00491707992890 12.06390184687783
2009.4863 35.48 -98.97 -15.90316175774255 13.42212355224897
2009.5137 35.48 -98.97 -9.24687033152801 12.51834535150710
2009.5411 35.48 -98.97 2.69918715807980 15.77762577656766
2009.5685 35.48 -98.97 14.78206956888988 16.91419345928126
2009.5959 35.48 -98.97 10.71898385101811 14.63539636564555
2009.6233 35.48 -98.97 3.50226396547080 15.61348183765539
2009.6507 35.48 -98.97 10.45392834763157 15.08111014962374
2009.6781 35.48 -98.97 -13.47368781378459 16.40395323196088
2009.7055 35.48 -98.97 13.50520635142295 17.28203474225073
2009.7329 35.48 -98.97 -6.22058590776087 16.46902334477959
2009.7603 35.48 -98.97 -18.13352631053883 18.87830162731448
2009.7877 35.48 -98.97 -12.39774911586766 17.36383951827574
2009.8151 35.48 -98.97 7.05617760270222 18.90828809004588
2009.8425 35.48 -98.97 -5.00063486988021 16.98621530207382
2009.8699 35.48 -98.97 -22.70826358004194 16.13427426510525
2009.8973 35.48 -98.97 0.18568245197566 14.99111607116125
2009.9247 35.48 -98.97 -20.43346742508269 14.44543553128787
2009.9521 35.48 -98.97 12.68590735609619 13.74259272579798
2009.9795 35.48 -98.97 -5.41475006245022 14.13016935711904
2010.0068 35.48 -98.97 4.34122322769910 18.58074157298385
2010.0342 35.48 -98.97 13.13149600191756 13.97682919001167
2010.0616 35.48 -98.97 23.48319271067520 14.43554185722940
2010.0890 35.48 -98.97 15.62283008642423 17.87078353335578
2010.1164 35.48 -98.97 20.66441730277665 18.47087041239836
2010.1438 35.48 -98.97 41.52710894812322 17.39779076907273
2010.1712 35.48 -98.97 53.19940913950256 16.58779490234685
2010.1986 35.48 -98.97 42.44512873541080 15.86424260607600
2010.2260 35.48 -98.97 49.91747797691340 17.42479335003859
2010.2534 35.48 -98.97 27.81114079758334 17.84953593229991
2010.2808 35.48 -98.97 39.45569127593701 13.35843484286362
2010.3082 35.48 -98.97 15.67102325663726 14.16738119225090
2010.3356 35.48 -98.97 -0.02693510768636 12.42982899380777
2010.3630 35.48 -98.97 17.22112341499879 13.31460587829347
2010.3904 35.48 -98.97 19.30776340662549 13.28800742187352
2010.4178 35.48 -98.97 14.25831009816266 14.25984533580832
2010.4452 35.48 -98.97 40.22156740490927 12.37056354881428
2010.4726 35.48 -98.97 23.34252188755354 10.94201639906623
2010.5000 35.48 -98.97 16.98527541687105 12.74247530486829
2010.5274 35.48 -98.97 18.27789111455778 21.65994209268528
2010.5548 35.48 -98.97 22.17303168363518 13.32397182946884
2010.5822 35.48 -98.97 10.17434690947494 11.89098259760734
2010.6096 35.48 -98.97 6.81947999682711 16.03130693291531
2010.6370 35.48 -98.97 -11.08824559489580 14.04539110024331
2010.6644 35.48 -98.97 -10.84765942973058 13.02378931629189
2010.6918 35.48 -98.97 -34.39123384670908 16.15258070793994
2010.7192 35.48 -98.97 -8.38855895911701 14.95296799084209
2010.7466 35.48 -98.97 -28.44477659440747 17.74438118047600
2010.7740 35.48 -98.97 -30.21917151450625 13.74568655654411
2010.8014 35.48 -98.97 -28.36215658979897 13.19762282358920
2010.8288 35.48 -98.97 -36.16455346915832 15.38495942281209
2010.8562 35.48 -98.97 -6.33912626538718 15.01214002821783
2010.8836 35.48 -98.97 -8.45673616945761 13.60016547875567
2010.9110 35.48 -98.97 3.87134632475665 15.19176751166594
2010.9384 35.48 -98.97 -20.23573887324735 15.85950183687100
2010.9658 35.48 -98.97 -17.02760416963044 17.61727916370165
2010.9932 35.48 -98.97 -4.00300703711047 12.43788788808950
2011.1027 35.48 -98.97 -1.77732015138106 12.51566966026881
2011.1301 35.48 -98.97 -39.27580286624226 20.86585040391958
2011.1575 35.48 -98.97 -18.90532156808873 13.30242601228312
2011.1849 35.48 -98.97 -24.56327181682607 10.10418684990243
2011.2123 35.48 -98.97 -8.30511875718389 17.70797085539612
2011.2397 35.48 -98.97 -35.99015335466780 18.65333856830875
2011.2671 35.48 -98.97 -11.61941928183899 14.66741666687072
2011.2945 35.48 -98.97 -28.46495640263465 17.52232055084067
2011.3219 35.48 -98.97 6.40047865277983 16.33666391608070
2011.3493 35.48 -98.97 0.41316035348869 14.36451411830902
2011.3767 35.48 -98.97 13.30706167330588 17.19990955528396
2011.4041 35.48 -98.97 -35.78832226162942 14.75706882811525
2011.4315 35.48 -98.97 -40.78934628464322 14.39094543120808
2011.5137 35.48 -98.97 -29.44589220895828 13.13730991069906
2011.5411 35.48 -98.97 -38.49694947249704 14.34813713934579
2011.5685 35.48 -98.97 -40.86247541837650 13.81584429235228
2011.5959 35.48 -98.97 -31.34933942598367 15.02499767623897
2011.6233 35.48 -98.97 -34.10134930565522 14.85871790909524
2011.6507 35.48 -98.97 -36.96431343103836 18.26001594020055
2011.6781 35.48 -98.97 -40.91823619896967 16.93678707201925
2011.7055 35.48 -98.97 -69.24244869411650 17.04888003887614
2011.7329 35.48 -98.97 -45.45400988330312 20.07534641127977
2011.7603 35.48 -98.97 -57.29273350718435 16.99160423355950
2011.7877 35.48 -98.97 -47.24483938431988 18.24704320070899
2011.8151 35.48 -98.97 -26.60987639396589 17.79112185173410
2011.8425 35.48 -98.97 -49.31153815637951 19.61144713608164
2011.8699 35.48 -98.97 -23.49511969842063 18.10343434688239
2011.9521 35.48 -98.97 -9.24194917332692 10.98384480985271
2011.9795 35.48 -98.97 -4.34193841547021 15.35491594947501
2012.0068 35.48 -98.97 -25.66434148342366 14.12735694750928
2012.0342 35.48 -98.97 -5.40452062873249 17.08999332948895
2012.0616 35.48 -98.97 -10.11004330894368 14.75975560371588
2012.0890 35.48 -98.97 -19.15182697283635 14.48180971404606
2012.1164 35.48 -98.97 -1.59498664204260 14.06266146484829
2012.1438 35.48 -98.97 -7.34047509329676 14.55388820252460
2012.1712 35.48 -98.97 -34.76252260668772 13.66761095561662
2012.1986 35.48 -98.97 -23.87680725514127 12.29641856034883
2012.2260 35.48 -98.97 -21.60083829470805 12.76860308134954
2012.2534 35.48 -98.97 -15.49000430087484 12.39701824435902
2012.2808 35.48 -98.97 -14.56123153022290 11.50134535656126
2012.3082 35.48 -98.97 3.21146296380845 12.71426685385249
2012.3904 35.48 -98.97 -31.37033106793369 13.38709421565054
2012.4178 35.48 -98.97 -35.74611373368791 10.44468908870996
2012.4452 35.48 -98.97 -40.43007182368277 10.24668407489536
2012.4726 35.48 -98.97 -8.43973262783515 11.17725940592056
2012.5000 35.48 -98.97 -13.09924180040249 10.52175793214345
2012.5274 35.48 -98.97 -17.87411291764274 11.30683986118127
2012.5548 35.48 -98.97 7.17725452536413 11.29516614650498
2012.5822 35.48 -98.97 -61.24729789280858 12.07956133582267
2012.6096 35.48 -98.97 -56.69032699193245 12.05842340455052
2012.6370 35.48 -98.97 -70.20725487924511 11.00419432400596
2012.6644 35.48 -98.97 -55.25675233912394 12.18457732419217
2012.6918 35.48 -98.97 -61.90422508420836 12.64299671473222
2012.7192 35.48 -98.97 -78.65294023643291 15.62015111066998
2012.7466 35.48 -98.97 -74.49882544015630 10.18291142465817
2012.8562 35.48 -98.97 -86.76793422080719 16.05709682687790
2012.8836 35.48 -98.97 -83.02589171295453 15.19680533942282
2012.9110 35.48 -98.97 -80.18782572676179 14.31569789286836
2012.9384 35.48 -98.97 -52.42902038916293 13.35583510768651
2012.9658 35.48 -98.97 -92.87287853294029 15.61018683361539
2012.9918 35.48 -98.97 -66.86833018591778 7.20379828424354
2013.0178 35.48 -98.97 -69.73383450432654 8.74057001982430
2013.0452 35.48 -98.97 -79.42877113374331 8.64874622965648
2013.0726 35.48 -98.97 -58.25935645455782 7.87750121272874
2013.1000 35.48 -98.97 -64.76186810889335 8.10634745818445
2013.1274 35.48 -98.97 -39.77842763031428 7.39027163444541
2013.1548 35.48 -98.97 -42.14432299150734 6.62366861674352
2013.2644 35.48 -98.97 -46.41997435860145 7.35937864768361
2013.2918 35.48 -98.97 -19.15704935419296 7.66170324085242
2013.3192 35.48 -98.97 -30.32147279943845 8.63805806222363
2013.3466 35.48 -98.97 -38.28368983884948 8.91087965273096
2013.3740 35.48 -98.97 -39.70668562906757 7.46595059742652
2013.4014 35.48 -98.97 -52.35981528296222 7.75119030730292
2013.4288 35.48 -98.97 -31.96830181209667 6.63202724733203
2013.4562 35.48 -98.97 -26.87303415360900 6.73452105230572
2013.4836 35.48 -98.97 -41.02196888191142 6.98303652989304
2013.5110 35.48 -98.97 -56.47663103812668 8.05917708771346
2013.5384 35.48 -98.97 -81.75333728427968 7.65748862300192
2013.5658 35.48 -98.97 -96.35974857562479 8.20135976111025
2013.7575 35.48 -98.97 -64.63936601555784 7.55631412046962
2013.7849 35.48 -98.97 -77.38027543121694 7.97645775441980
2013.8123 35.48 -98.97 -32.56555362290629 7.23109975806967
2013.8397 35.48 -98.97 -30.93520892914468 7.35955042443699
2013.8671 35.48 -98.97 -52.63564950921377 7.82458535189250
2013.8945 35.48 -98.97 -50.27547276822330 7.31857222667837
2013.9219 35.48 -98.97 -44.40698187747518 6.32779655669509
2013.9493 35.48 -98.97 -49.17966466920230 6.88170980308589
2013.9767 35.48 -98.97 -16.52946640832934 6.83720966213959
2014.0041 35.48 -98.97 -20.21162483571224 6.63368834659456
2014.0315 35.48 -98.97 -33.15870970291092 7.01509384903778
2014.1685 35.48 -98.97 -75.93849381449114 7.32763185810208
2014.1959 35.48 -98.97 -71.30566988143175 7.80725730819711
2014.2233 35.48 -98.97 -67.14105391704065 7.30224117922718
2014.2507 35.48 -98.97 -56.64256089529729 6.60007503601556
2014.2781 35.48 -98.97 -54.69762415183369 7.06467762369560
2014.3055 35.48 -98.97 -70.57379883113470 6.72469447347203
2014.3329 35.48 -98.97 -61.20546453593492 5.27885582627307
2014.3603 35.48 -98.97 -45.33885700351799 6.21349901983239
2014.3877 35.48 -98.97 -61.86673236297734 6.22841836093520
2014.4151 35.48 -98.97 -53.86511031895674 6.13506297005753
2014.4425 35.48 -98.97 -58.27600391217351 6.58473423712970
2014.4699 35.48 -98.97 -53.09732305242755 6.44328311355834
2014.5795 35.48 -98.97 -48.57276724719234 5.11338397499990
2014.6068 35.48 -98.97 -42.07399175111966 5.61355518097655
2014.6342 35.48 -98.97 -71.38956285057027 4.93582718876127
2014.6616 35.48 -98.97 -66.34303364340390 5.73101702706566
2014.6890 35.48 -98.97 -65.22702787112752 5.57965960047219
2014.7164 35.48 -98.97 -69.88140385211582 5.44242748520512
2014.7438 35.48 -98.97 -62.93136543229675 6.05362152858684
2014.7712 35.48 -98.97 -41.89044943165317 5.97958435260414
2014.7986 35.48 -98.97 -75.84100973680479 5.12307181657801
2014.8260 35.48 -98.97 -67.44816753018037 5.06944642764314
2014.8534 35.48 -98.97 -72.04434411403543 5.42392433732163
2014.8808 35.48 -98.97 -54.81893369543761 5.44563011962857
2014.9082 35.48 -98.97 -64.87956642239737 5.57924696967275
2015.0452 35.48 -98.97 -76.79317003360184 3.83183386497314
2015.0726 35.48 -98.97 -63.87173714247753 4.33711818718028
2015.1000 35.48 -98.97 -72.66681812834942 3.71795719775589
2015.1274 35.48 -98.97 -75.58337860131657 3.42056280279062
2015.1548 35.48 -98.97 -54.02616569099226 4.16802925566971
2015.1822 35.48 -98.97 -48.88419545023742 3.82420719009639
2015.2096 35.48 -98.97 -44.65729050659749 5.65539636519438
2015.2370 35.48 -98.97 -74.87209839741465 6.22265890992563
2015.2644 35.48 -98.97 -59.87632424364593 5.36361063064945
2015.2918 35.48 -98.97 -77.20973967120004 5.26245808585809
2015.3192 35.48 -98.97 -35.15934525314167 5.04498696620487
2015.3466 35.48 -98.97 -45.08330305696613 5.55099180534917
2015.4836 35.48 -98.97 -32.97317190396740 4.53595558765916
2015.5110 35.48 -98.97 -36.61212156983822 4.49426131789014
2015.5384 35.48 -98.97 -37.44485543067241 5.11260299589119
2015.5658 35.48 -98.97 -17.64331343210899 5.47429305252017
2015.5932 35.48 -98.97 -35.19139853066373 5.80535275500684
2015.6205 35.48 -98.97 -28.17936081127879 5.46219283588664
2015.6479 35.48 -98.97 -47.88005840584675 5.34219063863613
2015.6753 35.48 -98.97 -36.39341373424246 4.97946506687478
2015.7027 35.48 -98.97 -28.82160972433926 5.68797810945615
2015.7301 35.48 -98.97 -53.18292355876438 5.56982530344400
2015.9493 35.48 -98.97 -29.81664919726389 5.30290240617732
2015.9767 35.48 -98.97 -28.50330497539190 5.87947581296648
2016.0041 35.48 -98.97 -10.91626143163831 5.17709123784426
2016.0315 35.48 -98.97 -11.40666100184612 4.90404393646246
2016.0589 35.48 -98.97 6.42282874695093 5.01042978926255
2016.0863 35.48 -98.97 17.67068909628306 4.36412638517566
2016.1137 35.48 -98.97 15.09404986615053 5.12821327563175
2016.1411 35.48 -98.97 8.30843943161975 6.36984200911240
2016.1685 35.48 -98.97 -28.79463218167543 7.06811944518875
2016.1959 35.48 -98.97 -11.82180021845993 6.98455463254407
2016.2233 35.48 -98.97 2.60347940113392 7.15404131422481
2016.2507 35.48 -98.97 -38.40387748878565 5.28809683575161
2016.3603 35.48 -98.97 -36.26639324515176 4.97520551173799
2016.3877 35.48 -98.97 -28.03815297187539 6.14304107598486
2016.4151 35.48 -98.97 -23.42097986677202 5.93597322039780
2016.4425 35.48 -98.97 -10.15834211228628 6.55014293001653
2016.4699 35.48 -98.97 -20.68692298844744 6.39495941910782
