2002.5877 31.72 -98.99 -32.90983343184347 9.54357991889408
2002.6151 31.72 -98.99 -31.24603761715352 9.28508455589841
2002.6425 31.72 -98.99 -33.50206563577645 9.49727898271865
2002.6699 31.72 -98.99 -47.83297711447301 7.94788796161803
2002.6973 31.72 -98.99 52.28317878567328 12.47335823427691
2002.7247 31.72 -98.99 -48.60045349124347 9.01828469034889
2002.7521 31.72 -98.99 -44.98267729817386 8.25970958930759
2002.7795 31.72 -98.99 -10.96149519954094 9.44405925075854
2002.8068 31.72 -98.99 -6.37919261385053 8.56288528654181
2002.8342 31.72 -98.99 -12.01413890725450 8.41245001762074
2002.8616 31.72 -98.99 5.82423956165833 7.97057815256427
2002.8890 31.72 -98.99 -8.08142219330008 8.56263555873142
2002.9164 31.72 -98.99 7.57229195914072 8.82584323213112
2003.0260 31.72 -98.99 -10.80534703056699 9.85341241149660
2003.0534 31.72 -98.99 -10.04387946224799 17.36575159191679
2003.0808 31.72 -98.99 -12.43359705868929 14.27455099635002
2003.1082 31.72 -98.99 -15.95637533596444 7.88227843073798
2003.1356 31.72 -98.99 6.28117585195096 7.25261197784901
2003.1630 31.72 -98.99 1.08022683901411 7.90373845004979
2003.1904 31.72 -98.99 13.47842812762836 9.23476528407817
2003.2178 31.72 -98.99 7.58874601253560 7.81755068148310
2003.2452 31.72 -98.99 51.76171593354640 7.78083815468670
2003.2726 31.72 -98.99 70.06975392009166 7.56578863359119
2003.3000 31.72 -98.99 29.77524274098783 7.43675693042719
2003.3274 31.72 -98.99 46.32306054291717 10.01225114764793
2003.3548 31.72 -98.99 24.73836126119916 11.43019332110214
2003.3822 31.72 -98.99 22.89955290342150 9.59332850142792
2003.5192 31.72 -98.99 11.00804160775782 11.19572181018691
2003.5466 31.72 -98.99 4.97531858531957 12.81110030365961
2003.5740 31.72 -98.99 -8.22466900551309 15.39120065079238
2003.6014 31.72 -98.99 -45.75146839594071 12.85409609454862
2003.6288 31.72 -98.99 -25.11613533482926 11.77595377244181
2003.6562 31.72 -98.99 -31.72089402342257 12.88810223937899
2003.6836 31.72 -98.99 -23.96512578595689 12.97484892232999
2003.7110 31.72 -98.99 -5.38815553852606 9.51783407309296
2003.7384 31.72 -98.99 -27.33546082849113 12.12790947352867
2003.7658 31.72 -98.99 -10.84864119279431 11.02888822208251
2003.7932 31.72 -98.99 -13.90429444507871 12.57734683812039
2003.8205 31.72 -98.99 -2.35343207698331 13.33631575998195
2003.8479 31.72 -98.99 -27.39563026427573 11.21610318317169
2003.8753 31.72 -98.99 -20.39206987677080 12.42862955677795
2003.9027 31.72 -98.99 -25.94475230035236 10.84164723586575
2003.9301 31.72 -98.99 -12.21997626551266 11.63486305089213
2003.9575 31.72 -98.99 -19.96625705443840 13.58295534992667
2003.9849 31.72 -98.99 -11.92623895512928 12.67487299727568
2004.0123 31.72 -98.99 -26.48235379347393 13.61199847718336
2004.0397 31.72 -98.99 -18.46552634889118 10.17941877280719
2004.0945 31.72 -98.99 -18.62785595922309 9.50071965186154
2004.1219 31.72 -98.99 18.70080463174499 11.12558548400222
2004.1493 31.72 -98.99 4.59137223302200 13.29357293771517
2004.1767 31.72 -98.99 15.78012041022089 14.69140420396937
2004.2041 31.72 -98.99 36.17871127344539 11.45862954639792
2004.2315 31.72 -98.99 16.83066342216356 11.63528726476135
2004.2589 31.72 -98.99 18.58834983134721 11.97207294630767
2004.2863 31.72 -98.99 47.86913939577116 12.06151072934701
2004.3137 31.72 -98.99 12.16433461896932 11.38070626296635
2004.3411 31.72 -98.99 33.15710841498648 12.65303401459988
2004.3685 31.72 -98.99 32.91519812687649 11.84599877272424
2004.3959 31.72 -98.99 12.86334877455636 10.15015099934361
2004.4233 31.72 -98.99 4.34541284204305 9.70019921713260
2004.4507 31.72 -98.99 24.59487076727123 8.69820592036260
2004.4781 31.72 -98.99 7.74739792154458 9.69174516721205
2004.5055 31.72 -98.99 37.69316423787085 9.39131980074128
2004.5329 31.72 -98.99 28.75632378786171 8.75048607114874
2004.5603 31.72 -98.99 -2.18747222737056 9.10079977561539
2004.5877 31.72 -98.99 3.96505645036361 9.09988226156453
2004.6151 31.72 -98.99 17.93900342390485 10.09932156940029
2004.6425 31.72 -98.99 15.59433680082597 8.38312370914816
2004.6699 31.72 -98.99 7.12724249834176 8.35066524005192
2004.6973 31.72 -98.99 -6.24047584688953 7.74180069697545
2004.7247 31.72 -98.99 4.40532810863890 9.08092349900321
2004.7521 31.72 -98.99 9.57840544153767 8.59037824356827
2004.7795 31.72 -98.99 19.10842430017030 8.46697947292416
2004.8068 31.72 -98.99 9.95898461400850 9.59565486228002
2004.8342 31.72 -98.99 5.29873932796799 9.50084979335948
2004.8616 31.72 -98.99 8.52502732487337 8.13708620580019
2004.8890 31.72 -98.99 34.71243715339361 8.19302471616942
2004.9164 31.72 -98.99 20.13050652835223 9.13479058383662
2004.9438 31.72 -98.99 23.85629257984914 9.81989388489655
2004.9712 31.72 -98.99 27.64585149924773 9.31262588334119
2004.9973 31.72 -98.99 43.77566301391541 8.77699366111013
2005.0233 31.72 -98.99 38.67797542702591 10.71072522248571
2005.0507 31.72 -98.99 26.75316782305965 16.98051729357545
2005.0781 31.72 -98.99 6.62522774535557 12.30768846430984
2005.1055 31.72 -98.99 30.51311619433118 12.14519814487007
2005.1329 31.72 -98.99 20.28710354832226 12.45350515494970
2005.1603 31.72 -98.99 53.43417314316702 10.77574184605534
2005.1877 31.72 -98.99 52.10037257624852 10.60099379518119
2005.2151 31.72 -98.99 54.12504224766452 9.70980158965936
2005.2425 31.72 -98.99 73.92521446314539 9.58988867386895
2005.2699 31.72 -98.99 65.09555620997237 10.37131575936284
2005.2973 31.72 -98.99 45.16517003705250 11.04506539099243
2005.3247 31.72 -98.99 53.75778037440085 11.66270674569918
2005.3521 31.72 -98.99 40.81691585167300 4.06134492668101
2005.3795 31.72 -98.99 38.51985935706120 10.80376501232304
2005.4068 31.72 -98.99 40.84263313328520 9.69482453811231
2005.4342 31.72 -98.99 42.34676023270759 11.10713357122282
2005.4616 31.72 -98.99 24.13297867695160 10.20534796516588
2005.4890 31.72 -98.99 3.00200523034683 9.65963473241747
2005.5164 31.72 -98.99 0.54278048544210 9.60143857393799
2005.5438 31.72 -98.99 -3.40276453246242 10.65994357747329
2005.5712 31.72 -98.99 -4.17539942666834 11.76520176789219
2005.5986 31.72 -98.99 5.34569025108439 12.04600289555021
2005.6260 31.72 -98.99 11.38300201197667 10.47587686087885
2005.6534 31.72 -98.99 -3.68483337445815 11.22158325051306
2005.6808 31.72 -98.99 -3.97242303809980 10.93999459101673
2005.7082 31.72 -98.99 1.23794332921526 13.73203569889679
2005.7356 31.72 -98.99 -11.36838490678476 11.87881352557109
2005.7630 31.72 -98.99 10.04633276422177 11.89863828666765
2005.7904 31.72 -98.99 11.85527156286767 10.96640565077216
2005.8178 31.72 -98.99 -0.78547698809201 11.36991436152554
2005.8452 31.72 -98.99 6.83878211445781 12.15433718517646
2005.8726 31.72 -98.99 2.28682108033396 10.43955939919802
2005.9000 31.72 -98.99 1.12330192032814 10.07230529603232
2005.9274 31.72 -98.99 -10.35047734562165 9.74836963260722
2005.9548 31.72 -98.99 -21.08430485440734 8.27576846884341
2005.9822 31.72 -98.99 -13.73187325076207 9.09186035432916
2006.0096 31.72 -98.99 -18.53273990595596 10.52726232264538
2006.0370 31.72 -98.99 0.51804352923868 13.68764821494516
2006.0644 31.72 -98.99 -7.24551421537383 13.82275986016044
2006.0918 31.72 -98.99 16.20721527179361 13.96797517882470
2006.1192 31.72 -98.99 -1.57165454804095 16.40115625683577
2006.1466 31.72 -98.99 -5.20872508261546 12.44709478941768
2006.1740 31.72 -98.99 -7.79894980509704 14.59487799542435
2006.2014 31.72 -98.99 16.86724056902113 10.77369172587338
2006.2288 31.72 -98.99 29.19397477055815 14.72049669784267
2006.2562 31.72 -98.99 24.16721683706192 13.91922574114827
2006.2836 31.72 -98.99 22.96314299077923 13.45943882593554
2006.3110 31.72 -98.99 25.80762508817589 14.50328991202943
2006.3384 31.72 -98.99 37.91946984277223 13.05810276530519
2006.3658 31.72 -98.99 37.50344915930129 14.58840457468136
2006.3932 31.72 -98.99 26.83109127263789 14.26645145580977
2006.4205 31.72 -98.99 22.60396738408390 14.19088562624220
2006.4479 31.72 -98.99 18.02213035974562 15.08076251044160
2006.4753 31.72 -98.99 8.14425053272654 15.73764828619001
2006.5027 31.72 -98.99 14.81651538635969 16.48501922634814
2006.5301 31.72 -98.99 30.52557553006084 20.15709641090981
2006.5575 31.72 -98.99 1.49516555275185 15.63111780487541
2006.5849 31.72 -98.99 -4.94954810338463 16.13546198224827
2006.6123 31.72 -98.99 3.58302745067382 20.93387437638298
2006.6397 31.72 -98.99 -3.74530932915741 17.26805268889330
2006.6671 31.72 -98.99 -5.84487588195646 15.30872701398851
2006.6945 31.72 -98.99 9.68416985589272 20.19989953949579
2006.7219 31.72 -98.99 -25.85155723247621 18.21954268805476
2006.7493 31.72 -98.99 -38.51615811738650 22.29166164173005
2006.7767 31.72 -98.99 -23.91312764460510 19.41942042388688
2006.8041 31.72 -98.99 -34.37827558246445 15.17713424331441
2006.8315 31.72 -98.99 -34.54845247977068 18.13292257080077
2006.8589 31.72 -98.99 -35.54390710326518 17.45803264595571
2006.8863 31.72 -98.99 -20.02918201432788 16.50356315209477
2006.9137 31.72 -98.99 -31.98363094732918 15.76156889702315
2006.9411 31.72 -98.99 -16.33085413536316 15.40552977461736
2006.9685 31.72 -98.99 -21.36476565167763 15.01184310369302
2006.9959 31.72 -98.99 -19.41648948846721 14.53677536896515
2007.0233 31.72 -98.99 -9.66827886794648 13.16143528833121
2007.0507 31.72 -98.99 7.19681223233273 14.04216452232725
2007.0781 31.72 -98.99 7.63139505438573 15.04290432319379
2007.1055 31.72 -98.99 9.45070695047653 13.19513833663542
2007.1329 31.72 -98.99 -4.53360562363229 14.60015363531474
2007.1603 31.72 -98.99 24.32157251835138 13.88967273929647
2007.1877 31.72 -98.99 -0.20156122702673 19.06691746019349
2007.2151 31.72 -98.99 19.20258685992263 16.81008318299586
2007.2425 31.72 -98.99 34.33806870328355 16.08515465536282
2007.2699 31.72 -98.99 28.23961357030455 12.00874316923069
2007.2973 31.72 -98.99 47.20023387159739 11.23800901414721
2007.3247 31.72 -98.99 27.96877524492279 14.46866768573293
2007.3521 31.72 -98.99 58.79094817933337 16.14571489472185
2007.3795 31.72 -98.99 19.38593081809011 17.13964996893268
2007.4068 31.72 -98.99 57.18385476392107 13.73886328413719
2007.4342 31.72 -98.99 35.25448502910456 12.95933219433019
2007.4616 31.72 -98.99 39.50652063850807 18.09234013728899
2007.4890 31.72 -98.99 50.78164547510563 12.97744220928456
2007.5164 31.72 -98.99 37.59954647527753 13.98880984872492
2007.5438 31.72 -98.99 44.70319376024608 13.41070972415953
2007.5712 31.72 -98.99 50.72471510526051 13.78351447204386
2007.5986 31.72 -98.99 42.61677121258617 17.37859109311654
2007.6260 31.72 -98.99 37.98388245675846 13.66326679392455
2007.6534 31.72 -98.99 21.18607191918565 13.95829483902535
2007.6808 31.72 -98.99 11.98125780283442 14.56561544110088
2007.7082 31.72 -98.99 27.71092924372677 9.93170790638005
2007.7356 31.72 -98.99 13.45973584626537 14.95021468820731
2007.7630 31.72 -98.99 8.50402791924950 10.64232227024150
2007.7904 31.72 -98.99 11.83507317427011 14.93544768904233
2007.8178 31.72 -98.99 24.66031925376179 17.65236733831670
2007.8452 31.72 -98.99 12.87879143991135 13.67210364289989
2007.8726 31.72 -98.99 19.88035934874314 16.21764612412025
2007.9000 31.72 -98.99 6.65045970364877 17.09471224322304
2007.9274 31.72 -98.99 1.82403988803493 17.00730690321595
2007.9548 31.72 -98.99 1.25965025352400 12.39749521422376
2007.9822 31.72 -98.99 3.56708859634768 15.73589640572813
2008.0096 31.72 -98.99 3.83945548005824 13.68465207432354
2008.0370 31.72 -98.99 9.08789560856097 14.33230051998487
2008.0644 31.72 -98.99 22.37339389400016 16.92423850059332
2008.0918 31.72 -98.99 1.26066293655270 12.74266491571953
2008.1192 31.72 -98.99 -2.61908695287876 15.61622787496214
2008.1466 31.72 -98.99 15.23378323886215 18.49662257512395
2008.1740 31.72 -98.99 31.11357616004051 15.93425120064246
2008.2014 31.72 -98.99 42.02893462787728 17.57690640332112
2008.2288 31.72 -98.99 64.98174990955174 19.40190360081792
2008.2562 31.72 -98.99 23.19977907042871 18.45767607138776
2008.2836 31.72 -98.99 32.89540380511831 22.26917481764011
2008.3110 31.72 -98.99 27.74747853885589 23.29310646511219
2008.3384 31.72 -98.99 48.41634867255248 17.07932305939166
2008.3658 31.72 -98.99 42.21549403010102 17.24295751995033
2008.3932 31.72 -98.99 52.81341695661801 15.26235443037979
2008.4205 31.72 -98.99 24.83094009614074 13.29282531086944
2008.4479 31.72 -98.99 11.67305724769693 13.80514650149485
2008.4753 31.72 -98.99 4.97263516813673 13.23151532374851
2008.5027 31.72 -98.99 14.50727248874383 16.35939712831012
2008.5301 31.72 -98.99 -2.16902428093758 20.25435714245794
2008.5575 31.72 -98.99 -5.19615819597723 12.64362536338746
2008.5849 31.72 -98.99 -9.62413158297097 15.20110460614602
2008.6123 31.72 -98.99 -16.68701175464857 12.04122110435477
2008.6397 31.72 -98.99 -1.56365416739919 13.48708847346833
2008.6671 31.72 -98.99 -32.70985525080515 12.78694959443996
2008.6945 31.72 -98.99 -4.42250073214275 12.31984627866733
2008.7219 31.72 -98.99 -15.40259874508886 14.69725533743044
2008.7493 31.72 -98.99 -24.54244745436219 13.14610676791249
2008.7767 31.72 -98.99 -15.09166942696146 15.87141996347447
2008.8041 31.72 -98.99 -3.38876306403786 16.03798145342109
2008.8315 31.72 -98.99 -19.31988549105483 17.96680641485089
2008.8589 31.72 -98.99 -25.18573734561575 21.05376081195996
2008.8863 31.72 -98.99 -20.82118519326103 20.18495044949233
2008.9137 31.72 -98.99 -3.52897449131777 19.34012606720139
2008.9411 31.72 -98.99 -18.47609353254174 19.89511996991527
2008.9685 31.72 -98.99 -21.38686096438530 18.50887886070446
2008.9945 31.72 -98.99 -25.39423029369089 15.75936408113790
2009.0205 31.72 -98.99 -25.54097201225487 15.69439109003256
2009.0479 31.72 -98.99 -35.04797532147025 15.70132467506063
2009.0753 31.72 -98.99 -31.27735628817270 14.74786448995431
2009.1027 31.72 -98.99 28.71519868284738 18.83296278664071
2009.1301 31.72 -98.99 -12.24931764670977 14.61960845185612
2009.1575 31.72 -98.99 -20.43126590185429 14.73737476590220
2009.1849 31.72 -98.99 -14.00207482963499 17.71870317159603
2009.2123 31.72 -98.99 22.02982353305332 14.40304961317820
2009.2397 31.72 -98.99 36.13210012228914 16.93246368204322
2009.2671 31.72 -98.99 24.39040063296078 13.98189240132163
2009.2945 31.72 -98.99 17.19437302222510 14.40350341544563
2009.3219 31.72 -98.99 29.72310864420112 14.98017145390191
2009.3493 31.72 -98.99 57.97823375648731 13.58608314741265
2009.3767 31.72 -98.99 36.34473657450626 14.29887215080738
2009.4041 31.72 -98.99 15.79362509871720 12.28315525879052
2009.4315 31.72 -98.99 20.12194926633787 14.59019746291313
2009.4589 31.72 -98.99 15.34229149727431 11.84341696367125
2009.4863 31.72 -98.99 -38.47602059976267 13.16719172032625
2009.5137 31.72 -98.99 -9.58163380309888 12.28333746960783
2009.5411 31.72 -98.99 -44.00496191015391 15.49193041567824
2009.5685 31.72 -98.99 -46.07527862478955 16.60846003575393
2009.5959 31.72 -98.99 -25.84087539914827 14.36616595439157
2009.6233 31.72 -98.99 -17.97027876434848 15.34256465348522
2009.6507 31.72 -98.99 -21.42995412543187 14.82175468158142
2009.6781 31.72 -98.99 -17.12483942336103 16.12069866454381
2009.7055 31.72 -98.99 -45.49360931664724 16.98446068301411
2009.7329 31.72 -98.99 -25.20725726914731 16.18631201998291
2009.7603 31.72 -98.99 -14.54806094605321 18.55487054927287
2009.7877 31.72 -98.99 7.28677410134599 17.07045525560100
2009.8151 31.72 -98.99 -6.72464054499989 18.58735272160828
2009.8425 31.72 -98.99 26.00923755456911 16.70308300244180
2009.8699 31.72 -98.99 6.23278298356064 15.86926560881584
2009.8973 31.72 -98.99 -5.54203579854532 14.74017138573062
2009.9247 31.72 -98.99 -0.80878755182665 14.19148429920544
2009.9521 31.72 -98.99 -0.67407554278347 13.50999787652689
2009.9795 31.72 -98.99 -9.48272942138003 13.89000630895589
2010.0068 31.72 -98.99 -21.74836692337772 18.27378769893899
2010.0342 31.72 -98.99 -4.26727048414234 13.74456245408719
2010.0616 31.72 -98.99 -19.87604723198217 14.19462998197601
2010.0890 31.72 -98.99 27.00384930810699 17.57209492817222
2010.1164 31.72 -98.99 24.84161971591503 18.15958135331142
2010.1438 31.72 -98.99 -9.15677190003875 17.10679190653443
2010.1712 31.72 -98.99 19.09910179905794 16.31402018439514
2010.1986 31.72 -98.99 25.73744935002491 15.59655837228700
2010.2260 31.72 -98.99 24.62102563092568 17.12117041567075
2010.2534 31.72 -98.99 40.83169169978966 17.53426886933062
2010.2808 31.72 -98.99 30.14656087278479 13.11571848118948
2010.3082 31.72 -98.99 47.48808742559468 13.91431518925651
2010.3356 31.72 -98.99 34.67976185825555 12.19788072071387
2010.3630 31.72 -98.99 16.13649312488500 13.05709648535187
2010.3904 31.72 -98.99 28.48312561133204 12.99592742576972
2010.4178 31.72 -98.99 19.58791673091063 13.96439917483716
2010.4452 31.72 -98.99 28.51743672400915 12.10761427694494
2010.4726 31.72 -98.99 -3.33015231269591 10.69921566873125
2010.5000 31.72 -98.99 23.35302714171732 12.48812260961063
2010.5274 31.72 -98.99 -8.78236626001993 21.28303563930946
2010.5548 31.72 -98.99 0.88894781325899 13.09329846617939
2010.5822 31.72 -98.99 0.28245801458301 11.68132087116460
2010.6096 31.72 -98.99 -2.84756641087687 15.75068355201572
2010.6370 31.72 -98.99 -9.33888353629598 13.80284404014317
2010.6644 31.72 -98.99 -40.64539564311903 12.79824094719197
2010.6918 31.72 -98.99 -15.64926006247544 15.87201210844206
2010.7192 31.72 -98.99 -27.73140267851394 14.68962605539724
2010.7466 31.72 -98.99 7.36659876255261 17.44242765439590
2010.7740 31.72 -98.99 -18.68770389202333 13.50189021577692
2010.8014 31.72 -98.99 -30.83875242556898 12.96300863650735
2010.8288 31.72 -98.99 -35.09610812819917 15.11086107374105
2010.8562 31.72 -98.99 -27.59017261182411 14.74046971483006
2010.8836 31.72 -98.99 -4.53511890011890 13.35146616448462
2010.9110 31.72 -98.99 -13.76903735502161 14.91470559575757
2010.9384 31.72 -98.99 -11.15809623843437 15.57424728383350
2010.9658 31.72 -98.99 2.25317219097401 17.29867758152384
2010.9932 31.72 -98.99 -11.97663885638776 12.17595382598022
2011.1027 31.72 -98.99 32.84958635267066 12.23605055066569
2011.1301 31.72 -98.99 25.34357957566298 20.47732639934996
2011.1575 31.72 -98.99 25.54894595091837 13.03903253764569
2011.1849 31.72 -98.99 3.04929843617678 9.88304344030086
2011.2123 31.72 -98.99 -3.17317724784920 17.38240893766735
2011.2397 31.72 -98.99 -14.03330445969728 18.32757083944947
2011.2671 31.72 -98.99 -20.11142433930172 14.39196713747242
2011.2945 31.72 -98.99 10.20154868287442 17.21003436327089
2011.3219 31.72 -98.99 5.01561907782773 16.04427230224665
2011.3493 31.72 -98.99 -3.94309326729991 14.10059550054338
2011.3767 31.72 -98.99 -42.59711378000691 16.90217798023368
2011.4041 31.72 -98.99 0.15657288525510 14.48219978152848
2011.4315 31.72 -98.99 -13.38540715164445 14.14354162631191
2011.5137 31.72 -98.99 -24.78210361370281 12.87068371410498
2011.5411 31.72 -98.99 -37.34603186595011 14.06842446685095
2011.5685 31.72 -98.99 -56.16935207152159 13.54099002585445
2011.5959 31.72 -98.99 -39.19269328855701 14.72994262055977
2011.6233 31.72 -98.99 -33.49189947524663 14.55893400891045
2011.6507 31.72 -98.99 -43.26139097799041 17.91848277936910
2011.6781 31.72 -98.99 -58.52891281851556 16.62432666476519
2011.7055 31.72 -98.99 -56.01208817022461 16.73919928143652
2011.7329 31.72 -98.99 -34.83506444038070 19.73108082216415
2011.7603 31.72 -98.99 -34.72806889347840 16.69077676092605
2011.7877 31.72 -98.99 -28.43377187822747 17.93657659118557
2011.8151 31.72 -98.99 -32.18431101601112 17.48503229926837
2011.8425 31.72 -98.99 -48.15397964495558 19.29302279472599
2011.8699 31.72 -98.99 -40.19608109639815 17.79691262364326
2011.9521 31.72 -98.99 -27.34686876047216 10.79801501314181
2011.9795 31.72 -98.99 -16.47910402612528 15.10041103095753
2012.0068 31.72 -98.99 6.56824864144913 13.88243203523944
2012.0342 31.72 -98.99 5.38585203630455 16.80286480748298
2012.0616 31.72 -98.99 -6.42734086740945 14.49842111942853
2012.0890 31.72 -98.99 10.47653462640300 14.22352769738548
2012.1164 31.72 -98.99 10.35347869816688 13.81630446661092
2012.1438 31.72 -98.99 -14.53778354136265 14.29434921056883
2012.1712 31.72 -98.99 7.39045198099799 13.41936014626584
2012.1986 31.72 -98.99 13.38041421912575 12.08479325674324
2012.2260 31.72 -98.99 28.92131892531497 12.54998802926862
2012.2534 31.72 -98.99 24.67272475076928 12.18520226686634
2012.2808 31.72 -98.99 23.77114450401774 11.31103754382744
2012.3082 31.72 -98.99 -6.59691800099787 12.40130555390025
2012.3904 31.72 -98.99 16.23219177347261 13.16207458720872
2012.4178 31.72 -98.99 25.51879058016998 10.28943503119594
2012.4452 31.72 -98.99 22.29613247292094 10.09543850367681
2012.4726 31.72 -98.99 -10.58550627514779 11.00051777950997
2012.5000 31.72 -98.99 -24.86852089693503 10.35691744375444
2012.5274 31.72 -98.99 -21.12129187573247 11.12617353523880
2012.5548 31.72 -98.99 -52.12563177374739 11.10995833833715
2012.5822 31.72 -98.99 -19.67276201638610 11.86605781505294
2012.6096 31.72 -98.99 -14.26191333449920 11.84090714219876
2012.6370 31.72 -98.99 -5.25032782354271 10.80698590808037
2012.6644 31.72 -98.99 -19.23644720199449 11.97498862587229
2012.6918 31.72 -98.99 -27.34759908644085 12.41855577502274
2012.7192 31.72 -98.99 -31.90976346629448 15.35486411743191
2012.7466 31.72 -98.99 -13.34865326848898 9.96986072087079
2012.8562 31.72 -98.99 -34.61624467376745 15.77863324629494
2012.8836 31.72 -98.99 -15.33192726985683 14.94974769521923
2012.9110 31.72 -98.99 -17.72274591919671 14.07959609477867
2012.9384 31.72 -98.99 -35.00827976918101 13.11270615154131
2012.9658 31.72 -98.99 -19.89239876326133 15.35791375660646
2012.9918 31.72 -98.99 -55.47232557891333 7.07590298569550
2013.0178 31.72 -98.99 -59.14839527490079 8.59168047025512
2013.0452 31.72 -98.99 -17.41816433939979 8.49920174152437
2013.0726 31.72 -98.99 -27.18760755599463 7.73723698291063
2013.1000 31.72 -98.99 1.81009511756336 7.96345656905024
2013.1274 31.72 -98.99 9.09929158033804 7.25305747293197
2013.1548 31.72 -98.99 -27.28907732712440 6.49518762402311
2013.2644 31.72 -98.99 -24.54901263343574 7.18044643402986
2013.2918 31.72 -98.99 -10.62575258283497 7.52097478196142
2013.3192 31.72 -98.99 -22.94408685242803 8.48900623020866
2013.3466 31.72 -98.99 -5.17032052067728 8.75864344291410
2013.3740 31.72 -98.99 -35.32282835075394 7.33587114340420
2013.4014 31.72 -98.99 -12.54215840522293 7.61600783681010
2013.4288 31.72 -98.99 2.58654573319470 6.51012197487418
2013.4562 31.72 -98.99 -6.31348222164103 6.60755844108152
2013.4836 31.72 -98.99 -27.19099412567600 6.85490245005486
2013.5110 31.72 -98.99 -12.11686334625660 7.91960885473534
2013.5384 31.72 -98.99 24.66406608156057 7.50126696386917
2013.5658 31.72 -98.99 32.34657410173398 8.05278408804933
2013.7575 31.72 -98.99 -48.10824468339796 7.39291185395566
2013.7849 31.72 -98.99 -30.16670152676531 7.81571118114436
2013.8123 31.72 -98.99 -52.52714803001370 7.07993712831844
2013.8397 31.72 -98.99 -33.85154008934764 7.20422447567344
2013.8671 31.72 -98.99 -56.17280956446708 7.65333530917160
2013.8945 31.72 -98.99 -44.28990274793190 7.15312895784038
2013.9219 31.72 -98.99 -40.06890889102308 6.17808294205203
2013.9493 31.72 -98.99 -21.87317089257441 6.71648595527889
2013.9767 31.72 -98.99 -8.97995919974740 6.67091018077894
2014.0041 31.72 -98.99 -3.89012360892174 6.47364789368639
2014.0315 31.72 -98.99 -17.68221658487646 6.84578416061309
2014.1685 31.72 -98.99 -46.46549753063348 7.16625745183693
2014.1959 31.72 -98.99 -46.61010140803769 7.66375762248179
2014.2233 31.72 -98.99 -19.11523599848149 7.16417328946455
2014.2507 31.72 -98.99 -12.80736382930939 6.48146828598463
2014.2781 31.72 -98.99 -2.41720373946280 6.94225526273443
2014.3055 31.72 -98.99 14.54512500446208 6.61017516879350
2014.3329 31.72 -98.99 -12.01496111146883 5.18630756950087
2014.3603 31.72 -98.99 1.78358792279494 6.10333298659048
2014.3877 31.72 -98.99 -6.72087809442299 6.11722331368119
2014.4151 31.72 -98.99 -2.01456619653104 6.02328686188735
2014.4425 31.72 -98.99 0.28787319805609 6.46144686207478
2014.4699 31.72 -98.99 -15.83861257835071 6.32039407363760
2014.5795 31.72 -98.99 -26.36316758102096 4.99333079332283
2014.6068 31.72 -98.99 -34.53539582486304 5.49102761105875
2014.6342 31.72 -98.99 -35.21849475832207 4.82365397684831
2014.6616 31.72 -98.99 -27.68443745640657 5.60908183344784
2014.6890 31.72 -98.99 -59.28361522871564 5.46229206511494
2014.7164 31.72 -98.99 -32.19242968450595 5.32820934291019
2014.7438 31.72 -98.99 -38.82485257913120 5.92831523259671
2014.7712 31.72 -98.99 -28.38193646555249 5.85338765192482
2014.7986 31.72 -98.99 -52.50883012934668 5.01030820162546
2014.8260 31.72 -98.99 -35.66497810302367 4.95565631908587
2014.8534 31.72 -98.99 -32.55846949217950 5.30374077649576
2014.8808 31.72 -98.99 -30.84929917545160 5.32560813395702
2014.9082 31.72 -98.99 -15.49999702207085 5.45689540747791
2015.0452 31.72 -98.99 -33.83671502693950 3.73950076566442
2015.0726 31.72 -98.99 -48.14590152982397 4.22906527155660
2015.1000 31.72 -98.99 -25.78428211797115 3.62750269785191
2015.1274 31.72 -98.99 -24.29081288379986 3.33806255865573
2015.1548 31.72 -98.99 -19.86669300118108 4.06401292669856
2015.1822 31.72 -98.99 2.11176527942193 3.73045522914148
2015.2096 31.72 -98.99 -12.16742571554431 5.53615416667909
2015.2370 31.72 -98.99 -1.35020394190820 6.10714576184142
2015.2644 31.72 -98.99 -3.69456598631821 5.26353748440911
2015.2918 31.72 -98.99 -11.52389339547030 5.15673397855434
2015.3192 31.72 -98.99 -5.34422343440224 4.94476275351747
2015.3466 31.72 -98.99 22.92858288918844 5.43898581803671
2015.4836 31.72 -98.99 23.91726286522286 4.40956285402502
2015.5110 31.72 -98.99 23.12757499318903 4.38722457980103
2015.5384 31.72 -98.99 11.07126623244906 4.97792267539804
2015.5658 31.72 -98.99 -37.32973471859622 5.34605149301873
2015.5932 31.72 -98.99 -20.17056978704264 5.67167115674691
2015.6205 31.72 -98.99 -2.01612614464064 5.33496777990681
2015.6479 31.72 -98.99 -33.88210581847884 5.21855523398743
2015.6753 31.72 -98.99 -36.64735711589530 4.85858162081040
2015.7027 31.72 -98.99 -15.23410061526909 5.55635551809074
2015.7301 31.72 -98.99 -43.07753244946185 5.44079817385554
2015.9493 31.72 -98.99 12.25093615297834 5.18690791546099
2015.9767 31.72 -98.99 17.91719605542752 5.76578812926347
2016.0041 31.72 -98.99 1.78380539155355 5.07387949663294
2016.0315 31.72 -98.99 0.32076325478686 4.80670273920795
2016.0589 31.72 -98.99 10.84735968116059 4.90734052312300
2016.0863 31.72 -98.99 30.59869757394154 4.26802065649275
2016.1137 31.72 -98.99 25.71119647228075 5.02450405370253
2016.1411 31.72 -98.99 44.09921221986416 6.25646067676219
2016.1685 31.72 -98.99 2.39927114834197 6.94815976141479
2016.1959 31.72 -98.99 20.09785975036749 6.86826390694113
2016.2233 31.72 -98.99 40.40203804482304 7.04080375162540
2016.2507 31.72 -98.99 14.47824336157981 5.17511479040654
2016.3603 31.72 -98.99 25.66502909850535 4.86430773258455
2016.3877 31.72 -98.99 23.59361631372679 6.01035993493026
2016.4151 31.72 -98.99 44.24911663169836 5.79957490092754
2016.4425 31.72 -98.99 55.48361215523137 6.40304977853260
2016.4699 31.72 -98.99 24.82561891352124 6.24834059267629
