2002.5877 24.78 141.32 -6.42006710118783 9.15286420964750
2002.6151 24.78 141.32 -33.55043525041461 8.90744290953460
2002.6425 24.78 141.32 23.94329085889723 9.11870255700263
2002.6699 24.78 141.32 11.95682114482144 7.60123617375815
2002.6973 24.78 141.32 19.56936916113632 12.02752024540989
2002.7247 24.78 141.32 12.98559431254275 8.68619856751163
2002.7521 24.78 141.32 40.02555497376147 7.95087055942845
2002.7795 24.78 141.32 -4.43589791105438 9.05846267737421
2002.8068 24.78 141.32 5.05505630768949 8.23869991010726
2002.8342 24.78 141.32 -13.79872441563778 8.08704506231611
2002.8616 24.78 141.32 1.04001896782976 7.66556284824322
2002.8890 24.78 141.32 -13.18457008104635 8.24552724058957
2002.9164 24.78 141.32 -7.96655580820176 8.47923155601305
2003.0260 24.78 141.32 -14.66654718508275 9.43749347325974
2003.0534 24.78 141.32 -38.98900426652079 16.71904109304241
2003.0808 24.78 141.32 2.61129940029182 13.68909919621904
2003.1082 24.78 141.32 -19.76915830185883 7.52901188422851
2003.1356 24.78 141.32 8.16109931814355 6.91894093538923
2003.1630 24.78 141.32 -23.95932292321870 7.55712106501653
2003.1904 24.78 141.32 -10.33677406926827 8.83343630312230
2003.2178 24.78 141.32 25.08423511844031 7.47516913276131
2003.2452 24.78 141.32 2.99369979908740 7.45175696334247
2003.2726 24.78 141.32 2.96416243102001 7.24357637585198
2003.3000 24.78 141.32 6.74406332744161 7.12102195907172
2003.3274 24.78 141.32 13.95737989890302 9.59920466764685
2003.3548 24.78 141.32 -35.45449024300271 10.98625618087599
2003.3822 24.78 141.32 -17.48800173484144 9.18848428517847
2003.5192 24.78 141.32 -5.77829337825059 10.77873681942999
2003.5466 24.78 141.32 -7.43028947147867 12.36044026413705
2003.5740 24.78 141.32 -16.99003059629600 14.87485706606356
2003.6014 24.78 141.32 0.22427171204097 12.40014467860211
2003.6288 24.78 141.32 4.89127903851385 11.34320660002322
2003.6562 24.78 141.32 11.45174725113552 12.43999303503591
2003.6836 24.78 141.32 -5.70642525899292 12.53167666444965
2003.7110 24.78 141.32 12.88316825907304 9.16473131182173
2003.7384 24.78 141.32 9.06209249441869 11.70561236279409
2003.7658 24.78 141.32 -5.34012815208299 10.64164099045464
2003.7932 24.78 141.32 4.89770419730728 12.14398996843500
2003.8205 24.78 141.32 6.60639529180345 12.88167653607652
2003.8479 24.78 141.32 7.84936270016125 10.82910603699173
2003.8753 24.78 141.32 1.35212155343544 12.00199546034745
2003.9027 24.78 141.32 0.17759707556608 10.46138764269628
2003.9301 24.78 141.32 -10.92680001093821 11.24890366823645
2003.9575 24.78 141.32 -2.98547426472464 13.17064756117013
2003.9849 24.78 141.32 -20.55150240053288 12.28352501532637
2004.0123 24.78 141.32 -12.18960757736849 13.19398279307442
2004.0397 24.78 141.32 -5.75357635472452 9.80447385161971
2004.0945 24.78 141.32 6.53154683964674 9.14998692192946
2004.1219 24.78 141.32 27.02375440631972 10.78286829660139
2004.1493 24.78 141.32 9.96608515792517 12.89829107661727
2004.1767 24.78 141.32 17.68283689668807 14.30306158073265
2004.2041 24.78 141.32 6.60384111939409 11.11900049192997
2004.2315 24.78 141.32 20.40545270073137 11.29461941509725
2004.2589 24.78 141.32 7.09184853233492 11.63298239744710
2004.2863 24.78 141.32 21.37535030544464 11.72833646297760
2004.3137 24.78 141.32 -15.38813491083445 11.06923549350269
2004.3411 24.78 141.32 -15.75431700360827 12.32438748269750
2004.3685 24.78 141.32 -5.64706152026074 11.49334380414432
2004.3959 24.78 141.32 -12.14015533217976 9.82797250953262
2004.4233 24.78 141.32 -10.04883600194545 9.38964856267682
2004.4507 24.78 141.32 -20.17599477882623 8.43123768716283
2004.4781 24.78 141.32 -13.20771075216538 9.40286117459607
2004.5055 24.78 141.32 -20.04228000603119 9.10383693119047
2004.5329 24.78 141.32 -9.56533021686739 8.46693878367381
2004.5603 24.78 141.32 -11.40516688637042 8.82004871062343
2004.5877 24.78 141.32 -7.75404144206463 8.80236893164624
2004.6151 24.78 141.32 -10.52506773455152 9.78115943024647
2004.6425 24.78 141.32 -5.19182454924656 8.09481630857349
2004.6699 24.78 141.32 9.12921861665483 8.05685028314966
2004.6973 24.78 141.32 -3.44479869726578 7.45897102230555
2004.7247 24.78 141.32 2.15896135171363 8.76861090389169
2004.7521 24.78 141.32 0.58022404546252 8.28441681252059
2004.7795 24.78 141.32 10.30834630246567 8.17777479158811
2004.8068 24.78 141.32 19.08986194098399 9.29249577169042
2004.8342 24.78 141.32 0.15013580953102 9.20560323213583
2004.8616 24.78 141.32 -10.73566445116362 7.85291816122592
2004.8890 24.78 141.32 -12.77162090902780 7.91529355885790
2004.9164 24.78 141.32 2.38200283688669 8.84646956147159
2004.9438 24.78 141.32 4.71695097551271 9.47282410129332
2004.9712 24.78 141.32 2.96776131137145 9.03467396818144
2004.9973 24.78 141.32 11.06253630419639 8.48640672106008
2005.0233 24.78 141.32 5.06985349757011 10.41992125628499
2005.0507 24.78 141.32 -18.11207413847905 16.63965747170200
2005.0781 24.78 141.32 11.39708500720263 12.00529713185089
2005.1055 24.78 141.32 3.25703894897393 11.83731583101384
2005.1329 24.78 141.32 12.31926793756565 12.12966191760765
2005.1603 24.78 141.32 -1.08567216660932 10.45066372004701
2005.1877 24.78 141.32 5.19992482643918 10.27803475607852
2005.2151 24.78 141.32 -0.27987085444335 9.38095521759796
2005.2425 24.78 141.32 8.06047273435938 9.26946857042637
2005.2699 24.78 141.32 -4.03550705260825 10.02757738992670
2005.2973 24.78 141.32 -15.47628533115777 10.68708388631365
2005.3247 24.78 141.32 -18.02903422019418 11.27132829651940
2005.3521 24.78 141.32 -23.76021636384020 3.86520000463640
2005.3795 24.78 141.32 -7.90050348605234 10.42716312204093
2005.4068 24.78 141.32 -0.47489134259213 9.34229181913593
2005.4342 24.78 141.32 -15.60603586364092 10.70036738993971
2005.4616 24.78 141.32 -6.26050472294442 9.83819165924935
2005.4890 24.78 141.32 -10.41699584568665 9.30995978358077
2005.5164 24.78 141.32 -15.07854019630313 9.25404174444888
2005.5438 24.78 141.32 2.75656606235416 10.28695803754398
2005.5712 24.78 141.32 3.04984247843841 11.35630841510629
2005.5986 24.78 141.32 -14.28674345652901 11.62799838874322
2005.6260 24.78 141.32 -5.97519230354861 10.10625352025379
2005.6534 24.78 141.32 -18.72167237939817 10.82433104539077
2005.6808 24.78 141.32 1.55267176459300 10.55000908440018
2005.7082 24.78 141.32 -16.39971674496547 13.26343893750630
2005.7356 24.78 141.32 18.88583971652023 11.46811951878241
2005.7630 24.78 141.32 -9.68289324677392 11.48562382431217
2005.7904 24.78 141.32 -21.38523241784341 10.57466667002255
2005.8178 24.78 141.32 -2.69679250551669 10.97025932703202
2005.8452 24.78 141.32 -27.74570907100968 11.72323613444143
2005.8726 24.78 141.32 -3.76584780487742 10.06644616516562
2005.9000 24.78 141.32 -25.48403249440917 9.70106354740391
2005.9274 24.78 141.32 -1.82139120047908 9.36249577715528
2005.9548 24.78 141.32 -0.39210397113768 7.81297332465151
2005.9822 24.78 141.32 -12.82057110632925 8.70473698448781
2006.0096 24.78 141.32 -6.08355262009305 10.11507453168364
2006.0370 24.78 141.32 13.64683896074630 13.17956984715072
2006.0644 24.78 141.32 3.25333077597163 13.29508800507658
2006.0918 24.78 141.32 2.94197996435815 13.45132036030300
2006.1192 24.78 141.32 32.81705612406959 15.82209146275846
2006.1466 24.78 141.32 -1.48712859949463 11.98884272227563
2006.1740 24.78 141.32 -2.42296872804435 14.09349209596834
2006.2014 24.78 141.32 15.15348378120441 10.37854785126464
2006.2288 24.78 141.32 11.04040872736717 14.21372605680953
2006.2562 24.78 141.32 -5.77116910867004 13.45787653812920
2006.2836 24.78 141.32 -13.29787088665229 12.99993220956105
2006.3110 24.78 141.32 -21.36323660212550 14.02065176354422
2006.3384 24.78 141.32 -14.05406893512664 12.61490403104134
2006.3658 24.78 141.32 -29.84482122684238 14.10266071864182
2006.3932 24.78 141.32 -25.15731536725369 13.78614688660357
2006.4205 24.78 141.32 -25.18636749656604 13.68901260712348
2006.4479 24.78 141.32 -27.45707472576817 14.55933058464842
2006.4753 24.78 141.32 -25.57458101525654 15.19416945817455
2006.5027 24.78 141.32 -29.13944210319269 15.91911514886205
2006.5301 24.78 141.32 -46.83812356002448 19.50202548858617
2006.5575 24.78 141.32 -20.15646011496665 15.10308750059060
2006.5849 24.78 141.32 -2.54423669231129 15.58543274597154
2006.6123 24.78 141.32 7.60992216621998 20.28710720440935
2006.6397 24.78 141.32 0.50839172358129 16.71520331156983
2006.6671 24.78 141.32 9.29790314323239 14.78596570293618
2006.6945 24.78 141.32 3.22549140754278 19.55743877140895
2006.7219 24.78 141.32 -10.86567474666279 17.58473907802259
2006.7493 24.78 141.32 -13.11961635623650 21.55498014420678
2006.7767 24.78 141.32 -10.13003907117301 18.78534024158160
2006.8041 24.78 141.32 -18.40508514707914 14.64679900441308
2006.8315 24.78 141.32 -13.87999196960115 17.52461993900815
2006.8589 24.78 141.32 -2.85962770349834 16.86100907796060
2006.8863 24.78 141.32 -7.57488676196593 15.92282790730373
2006.9137 24.78 141.32 -14.47038250293687 15.17920052859202
2006.9411 24.78 141.32 -13.19364190743265 14.83406466242369
2006.9685 24.78 141.32 0.64897548548067 14.45182286080368
2006.9959 24.78 141.32 -3.28843287805383 13.98405116311759
2007.0233 24.78 141.32 1.21582211471878 12.63553979482441
2007.0507 24.78 141.32 -7.93096005737765 13.50144060427928
2007.0781 24.78 141.32 7.14924370395740 14.47422350666816
2007.1055 24.78 141.32 -1.08237536324508 12.69473554743676
2007.1329 24.78 141.32 16.27061379703396 14.06353032396756
2007.1603 24.78 141.32 32.68645675709168 13.37075044692030
2007.1877 24.78 141.32 22.01369984689137 18.41572270140942
2007.2151 24.78 141.32 14.21516446614808 16.22456308803210
2007.2425 24.78 141.32 7.96317905928761 15.52703605224192
2007.2699 24.78 141.32 4.65249179223841 11.55731808708934
2007.2973 24.78 141.32 -2.24240970046770 10.81918160843463
2007.3247 24.78 141.32 1.08889257147402 13.94624448671471
2007.3521 24.78 141.32 -4.65776693161170 15.58225328333464
2007.3795 24.78 141.32 -18.65327204005665 16.55042508542796
2007.4068 24.78 141.32 -8.27992578618457 13.24220745451337
2007.4342 24.78 141.32 -20.66856509125769 12.48144286759689
2007.4616 24.78 141.32 -20.77348681686404 17.47704014658527
2007.4890 24.78 141.32 -3.48966895229531 12.49896128189146
2007.5164 24.78 141.32 -14.11440873043008 13.48738979296926
2007.5438 24.78 141.32 -24.86807713009315 12.92272540475165
2007.5712 24.78 141.32 -20.83863930251125 13.28174310661061
2007.5986 24.78 141.32 -23.72674195255443 16.76549204993121
2007.6260 24.78 141.32 2.08228496566035 13.15588771965294
2007.6534 24.78 141.32 14.36445157106571 13.44601259411512
2007.6808 24.78 141.32 12.87162159294511 14.02112363537626
2007.7082 24.78 141.32 4.34253488894563 9.51644380399297
2007.7356 24.78 141.32 12.12603537777739 14.39748661677779
2007.7630 24.78 141.32 21.51914749904103 10.21050281131695
2007.7904 24.78 141.32 8.09950197927905 14.39399177744676
2007.8178 24.78 141.32 15.94934850366942 17.02281325093481
2007.8452 24.78 141.32 0.57365231183697 13.16529799321449
2007.8726 24.78 141.32 8.12920357279418 15.63519486836903
2007.9000 24.78 141.32 -3.67860341518973 16.50509553938583
2007.9274 24.78 141.32 -14.80510019383025 16.40753064192112
2007.9548 24.78 141.32 -10.54698569879344 11.94334864451710
2007.9822 24.78 141.32 11.00223622599986 15.18332794965544
2008.0096 24.78 141.32 -5.93853578293875 13.20303704371874
2008.0370 24.78 141.32 6.97609070515670 13.83415373963674
2008.0644 24.78 141.32 -10.81041019216457 16.34432437284337
2008.0918 24.78 141.32 -11.12408077603313 12.28548752253196
2008.1192 24.78 141.32 -28.52227492426824 15.08048634192442
2008.1466 24.78 141.32 -5.97405201597987 17.86214908868817
2008.1740 24.78 141.32 -8.98824774187869 15.39113409708984
2008.2014 24.78 141.32 -2.14953002428497 16.99418912807958
2008.2288 24.78 141.32 11.19495078359045 18.71651746470407
2008.2562 24.78 141.32 -12.18504675796016 17.81295686285610
2008.2836 24.78 141.32 -1.78455172516605 21.49948646260042
2008.3110 24.78 141.32 -23.29388547517174 22.49072917862576
2008.3384 24.78 141.32 -23.61645287203892 16.47827884943621
2008.3658 24.78 141.32 -8.38886782155960 16.63991168019850
2008.3932 24.78 141.32 -8.79774831282476 14.71088099733237
2008.4205 24.78 141.32 -30.02526142893982 12.76435761522107
2008.4479 24.78 141.32 -15.99449591822637 13.28764948499418
2008.4753 24.78 141.32 -9.15394964218878 12.74215529565597
2008.5027 24.78 141.32 -10.66634966123433 15.74584658422128
2008.5301 24.78 141.32 -29.90871425572157 19.48945451831442
2008.5575 24.78 141.32 2.76226531695499 12.14684450048541
2008.5849 24.78 141.32 2.37289730728594 14.66558924579186
2008.6123 24.78 141.32 5.04025595181977 11.59499743479412
2008.6397 24.78 141.32 2.37700509405827 12.99339694606228
2008.6671 24.78 141.32 18.55066788363398 12.30658482875934
2008.6945 24.78 141.32 5.12147977955607 11.86939955915248
2008.7219 24.78 141.32 27.95025243964461 14.17488526304301
2008.7493 24.78 141.32 14.03923139064463 12.67662921292319
2008.7767 24.78 141.32 13.54815099150794 15.32552454753390
2008.8041 24.78 141.32 22.53248574903256 15.48725935458429
2008.8315 24.78 141.32 -2.42130209533163 17.35410680737808
2008.8589 24.78 141.32 33.05270097695539 20.32750176996256
2008.8863 24.78 141.32 28.86984156489947 19.48050250788159
2008.9137 24.78 141.32 17.13606726367939 18.68097059226527
2008.9411 24.78 141.32 1.51010562918855 19.21115741949135
2008.9685 24.78 141.32 14.29915204063941 17.85438308893787
2008.9945 24.78 141.32 6.20441913289009 15.23017974391459
2009.0205 24.78 141.32 3.23044463827591 15.17479535444880
2009.0479 24.78 141.32 -12.44615635549764 15.18633691679948
2009.0753 24.78 141.32 12.89653881082953 14.25838813634168
2009.1027 24.78 141.32 15.89263221377411 18.21331596215122
2009.1301 24.78 141.32 -9.85433277923159 14.13556132227837
2009.1575 24.78 141.32 13.44087987665791 14.23429795986211
2009.1849 24.78 141.32 21.61499051713125 17.13597865131689
2009.2123 24.78 141.32 32.34921606275827 13.92471366320607
2009.2397 24.78 141.32 19.53121457715767 16.37049860430312
2009.2671 24.78 141.32 7.51228379974716 13.51539167913037
2009.2945 24.78 141.32 1.42158578488967 13.92533491596646
2009.3219 24.78 141.32 16.06316066290255 14.46658500513771
2009.3493 24.78 141.32 -5.06378698512798 13.12667241780339
2009.3767 24.78 141.32 7.73200096641979 13.81659396775138
2009.4041 24.78 141.32 -5.13663861429219 11.85267329260096
2009.4315 24.78 141.32 -36.08280421805259 14.09081786419597
2009.4589 24.78 141.32 -43.21451589425006 11.40924154871482
2009.4863 24.78 141.32 -23.00655211634918 12.70460944904450
2009.5137 24.78 141.32 20.07030803264802 11.84696476944395
2009.5411 24.78 141.32 -24.01950949898979 14.93684262617436
2009.5685 24.78 141.32 -21.49247474891189 16.02069229400898
2009.5959 24.78 141.32 -13.44183201644537 13.85074919317527
2009.6233 24.78 141.32 0.40435488977727 14.81412315662054
2009.6507 24.78 141.32 3.98246388515254 14.31294517525216
2009.6781 24.78 141.32 2.74842615574751 15.56917973185215
2009.7055 24.78 141.32 5.18447202107903 16.40218450116768
2009.7329 24.78 141.32 7.89545302681370 15.62725208305999
2009.7603 24.78 141.32 -3.50600254098139 17.91868135454017
2009.7877 24.78 141.32 11.09861811907018 16.49223492342496
2009.8151 24.78 141.32 47.29133374966020 17.95691906012557
2009.8425 24.78 141.32 27.93787587380157 16.14006611204401
2009.8699 24.78 141.32 24.22039340779923 15.33305929547286
2009.8973 24.78 141.32 10.77367750712375 14.24328255276783
2009.9247 24.78 141.32 26.91904226749031 13.69587311737495
2009.9521 24.78 141.32 8.61248400954476 13.05151091845528
2009.9795 24.78 141.32 2.68742307970200 13.41563994219814
2010.0068 24.78 141.32 20.28118469304410 17.66471098714939
2010.0342 24.78 141.32 5.85779542392671 13.27246530983054
2010.0616 24.78 141.32 6.56794058678221 13.71955457755826
2010.0890 24.78 141.32 11.87041200683944 16.99077283637206
2010.1164 24.78 141.32 4.83734880793174 17.55716819632425
2010.1438 24.78 141.32 -20.07544821230345 16.53190746935289
2010.1712 24.78 141.32 13.02573581921558 15.75968129563487
2010.1986 24.78 141.32 14.09362753869651 15.06288526302800
2010.2260 24.78 141.32 17.19433830540358 16.52005609299371
2010.2534 24.78 141.32 15.16615276046442 16.91912879270433
2010.2808 24.78 141.32 8.11833162839139 12.64293805343998
2010.3082 24.78 141.32 2.56270612727456 13.41761148183623
2010.3356 24.78 141.32 17.72648136062505 11.74424417874544
2010.3630 24.78 141.32 -17.75816050401672 12.56945793449242
2010.3904 24.78 141.32 -11.48166713474559 12.47606282915157
2010.4178 24.78 141.32 -29.30273719303778 13.41649697467956
2010.4452 24.78 141.32 5.40519395015554 11.60579850978718
2010.4726 24.78 141.32 -21.52124371427221 10.25541784715807
2010.5000 24.78 141.32 -23.85068600346732 12.01827540285800
2010.5274 24.78 141.32 6.60459819557257 20.54805216680058
2010.5548 24.78 141.32 -18.13733685092452 12.63700651945499
2010.5822 24.78 141.32 0.51933632258675 11.27770863650460
2010.6096 24.78 141.32 4.31890828286291 15.20920884705733
2010.6370 24.78 141.32 -6.02981861263307 13.33274475144437
2010.6644 24.78 141.32 8.55896520741704 12.35570204899380
2010.6918 24.78 141.32 7.38799068896756 15.32695868998130
2010.7192 24.78 141.32 14.25983243634978 14.19009579674535
2010.7466 24.78 141.32 16.80775371808756 16.85566598483021
2010.7740 24.78 141.32 -3.61144751708372 13.02794171081974
2010.8014 24.78 141.32 -3.24567180364815 12.50408302468174
2010.8288 24.78 141.32 6.56915723472350 14.59477389035100
2010.8562 24.78 141.32 7.22612139605920 14.22404910588475
2010.8836 24.78 141.32 -0.51710418164122 12.86987533913974
2010.9110 24.78 141.32 -19.41411573162520 14.38508929996764
2010.9384 24.78 141.32 -20.26042987958449 15.02286873450217
2010.9658 24.78 141.32 0.88490808236133 16.69738308699622
2010.9932 24.78 141.32 -5.11500606997556 11.73195929037456
2011.1027 24.78 141.32 5.26915161140494 11.73622572153116
2011.1301 24.78 141.32 25.78232544592148 19.74000736901647
2011.1575 24.78 141.32 16.87362761407155 12.53883724719748
2011.1849 24.78 141.32 2.01347498116029 9.48201226625505
2011.2123 24.78 141.32 18.26865841909319 16.76634733637519
2011.2397 24.78 141.32 19.61334120042499 17.70239400900117
2011.2671 24.78 141.32 22.03069890587406 13.86625868344112
2011.2945 24.78 141.32 33.22659918812531 16.62180481263093
2011.3219 24.78 141.32 34.67611172163838 15.48973632116285
2011.3493 24.78 141.32 -8.55018135985261 13.58981330158869
2011.3767 24.78 141.32 -6.59055989749184 16.32144031626896
2011.4041 24.78 141.32 -2.51881464711890 13.95819667709702
2011.4315 24.78 141.32 -22.87118169102024 13.68301996745742
2011.5137 24.78 141.32 -26.72457402708943 12.37655301330864
2011.5411 24.78 141.32 -11.93476355845996 13.53818992275865
2011.5685 24.78 141.32 -14.95987931771405 13.02109058056865
2011.5959 24.78 141.32 2.94698221579976 14.17124374577181
2011.6233 24.78 141.32 15.70011615125572 13.99641890164780
2011.6507 24.78 141.32 35.65810691397648 17.28162100512964
2011.6781 24.78 141.32 9.16322646753012 16.03301198373694
2011.7055 24.78 141.32 0.53899630245583 16.15388273730262
2011.7329 24.78 141.32 14.59277027521665 19.07270138359081
2011.7603 24.78 141.32 21.05821457987920 16.11862432413831
2011.7877 24.78 141.32 33.71359907648828 17.33348055574716
2011.8151 24.78 141.32 7.03006256863330 16.90331254677465
2011.8425 24.78 141.32 14.08961818381906 18.67509764281789
2011.8699 24.78 141.32 -7.53010016867579 17.21355454316720
2011.9521 24.78 141.32 13.98798806774082 10.40724027855388
2011.9795 24.78 141.32 7.28064344559048 14.63729459200476
2012.0068 24.78 141.32 15.88488362016232 13.41699121661654
2012.0342 24.78 141.32 21.04645906706374 16.24149363200144
2012.0616 24.78 141.32 19.76266049076687 14.03511504246881
2012.0890 24.78 141.32 13.90039031874854 13.77327102491852
2012.1164 24.78 141.32 17.78796644066228 13.31176495292762
2012.1438 24.78 141.32 9.27559978860351 13.85883089244144
2012.1712 24.78 141.32 8.59457071954697 12.91402673016269
2012.1986 24.78 141.32 6.22551054329637 11.70938347734793
2012.2260 24.78 141.32 9.75909170061871 12.08515609196706
2012.2534 24.78 141.32 -11.02619298406357 11.78907770850252
2012.2808 24.78 141.32 -7.26023908613640 10.99428360310235
2012.3082 24.78 141.32 -11.65931837667098 11.97139265256754
2012.3904 24.78 141.32 -18.12243923269823 12.71349474833744
2012.4178 24.78 141.32 3.94908942487284 9.94838089799854
2012.4452 24.78 141.32 0.76247231418833 9.77436582137901
2012.4726 24.78 141.32 -37.61839633082154 10.68722774596799
2012.5000 24.78 141.32 -24.41035154461142 10.03924489363026
2012.5274 24.78 141.32 -8.47086851759501 10.73236352179089
2012.5548 24.78 141.32 -4.09486053335642 10.71551491277620
2012.5822 24.78 141.32 9.64507422245756 11.52785002490801
2012.6096 24.78 141.32 -1.65740309098609 11.42942109307624
2012.6370 24.78 141.32 33.23116682467377 10.45081490161678
2012.6644 24.78 141.32 10.10881833412890 11.60169372665598
2012.6918 24.78 141.32 11.67663350632473 12.00327458216604
2012.7192 24.78 141.32 -3.46122911168200 14.85949532668578
2012.7466 24.78 141.32 15.24087395572246 9.53041295294347
2012.8562 24.78 141.32 -0.31608822586883 15.24194578096140
2012.8836 24.78 141.32 -7.78791535617997 14.44909949823666
2012.9110 24.78 141.32 -0.25798478496096 13.61098433046672
2012.9384 24.78 141.32 -5.02787075722014 12.65094932284335
2012.9658 24.78 141.32 -9.72461748085679 14.87384157081318
2012.9918 24.78 141.32 19.52817684267934 6.83802706509786
2013.0178 24.78 141.32 14.70730033647076 8.31600280084537
2013.0452 24.78 141.32 -4.42049919788464 8.21582595986811
2013.0726 24.78 141.32 0.07236318920771 7.47739133945020
2013.1000 24.78 141.32 -1.33487251272979 7.69610905188703
2013.1274 24.78 141.32 20.51572581794981 6.99464512021760
2013.1548 24.78 141.32 5.95869088424823 6.26109787425018
2013.2644 24.78 141.32 17.51247248945268 6.82740311230756
2013.2918 24.78 141.32 18.20970010015052 7.25685712300168
2013.3192 24.78 141.32 8.22184084658988 8.20524978677743
2013.3466 24.78 141.32 -20.62799467494266 8.46955949055007
2013.3740 24.78 141.32 -21.92481027772544 7.09119521431836
2013.4014 24.78 141.32 -42.58666842590293 7.36138064611960
2013.4288 24.78 141.32 -13.13066171305483 6.27901946274196
2013.4562 24.78 141.32 -25.87096901519657 6.37303261445278
2013.4836 24.78 141.32 -8.91284606990478 6.61328896399272
2013.5110 24.78 141.32 -33.38486951475898 7.66050824967759
2013.5384 24.78 141.32 -19.63391985761651 7.22515421465523
2013.5658 24.78 141.32 -15.59719471405740 7.77750281698679
2013.7575 24.78 141.32 13.55517126079454 7.10521837055274
2013.7849 24.78 141.32 25.25264475736244 7.52177061640351
2013.8123 24.78 141.32 8.56537895208824 6.81421231118293
2013.8397 24.78 141.32 23.25003429093964 6.93108685988749
2013.8671 24.78 141.32 11.15976816398434 7.36402589278935
2013.8945 24.78 141.32 18.67709961007892 6.87027827783482
2013.9219 24.78 141.32 17.77267771846896 5.93325986637875
2013.9493 24.78 141.32 -15.60661606320884 6.44692850348113
2013.9767 24.78 141.32 17.79825012854700 6.40086382125038
2014.0041 24.78 141.32 1.85348713331485 6.21176408894850
2014.0315 24.78 141.32 -5.41066691018794 6.56936163938282
2014.1685 24.78 141.32 -0.71896403651346 6.88893502220397
2014.1959 24.78 141.32 -1.30670476958974 7.39269325165428
2014.2233 24.78 141.32 15.34344719705409 6.90205639732605
2014.2507 24.78 141.32 -11.13062971927739 6.25056485763760
2014.2781 24.78 141.32 -3.37543887340876 6.70059825544201
2014.3055 24.78 141.32 -13.20607164031076 6.38050633683495
2014.3329 24.78 141.32 -11.40425552756297 5.00030306792933
2014.3603 24.78 141.32 0.98559860409081 5.88589899531528
2014.3877 24.78 141.32 -22.21675440914347 5.90297084013936
2014.4151 24.78 141.32 -23.61549014170510 5.80541248693002
2014.4425 24.78 141.32 -16.01197067594428 6.22543694635467
2014.4699 24.78 141.32 -9.79057728062634 6.08439953578684
2014.5795 24.78 141.32 0.00078238343335 4.76285945780304
2014.6068 24.78 141.32 4.84335615011291 5.26896813676147
2014.6342 24.78 141.32 32.83974136764802 4.62387743569643
2014.6616 24.78 141.32 2.93172522563019 5.38513968913200
2014.6890 24.78 141.32 22.17223625501912 5.24555634322733
2014.7164 24.78 141.32 8.22024059046174 5.11640831834851
2014.7438 24.78 141.32 4.55597531101692 5.69867928357387
2014.7712 24.78 141.32 16.70750787763560 5.62265844511995
2014.7986 24.78 141.32 9.50633305579537 4.80566863690279
2014.8260 24.78 141.32 10.23735885662788 4.75466926105265
2014.8534 24.78 141.32 0.43868875338433 5.08675006794903
2014.8808 24.78 141.32 2.82719039348729 5.10179113205621
2014.9082 24.78 141.32 -5.23580147036967 5.23090935035192
2015.0452 24.78 141.32 10.57008190277450 3.61428643471543
2015.0726 24.78 141.32 16.02978836087301 4.11363180969186
2015.1000 24.78 141.32 11.24523789376493 3.50412102866855
2015.1274 24.78 141.32 -2.88515155569179 3.22666866583263
2015.1548 24.78 141.32 3.57456047243778 3.94815555835120
2015.1822 24.78 141.32 32.50209979907028 3.62103215772024
2015.2096 24.78 141.32 25.77092155460105 5.30377202961361
2015.2370 24.78 141.32 17.82336927368139 5.91589755867046
2015.2644 24.78 141.32 5.93193208601076 5.05868186233744
2015.2918 24.78 141.32 7.07828976000556 4.95053132834528
2015.3192 24.78 141.32 -0.68272013332347 4.75913348279081
2015.3466 24.78 141.32 -20.58859885240628 5.23677285310051
2015.4836 24.78 141.32 -0.87188853709095 4.20534842434438
2015.5110 24.78 141.32 1.07781585886677 4.17951975882507
2015.5384 24.78 141.32 -58.06803957978510 4.75017926429828
2015.5658 24.78 141.32 -8.70776127856753 5.11209272318428
2015.5932 24.78 141.32 5.83007277324253 5.43813164098675
2015.6205 24.78 141.32 10.12089194303537 5.10651549343436
2015.6479 24.78 141.32 21.01437997478792 4.99965675983474
2015.6753 24.78 141.32 21.94609542813646 4.65192615145478
2015.7027 24.78 141.32 15.33018409888396 5.32392219296027
2015.7301 24.78 141.32 16.81320796823698 5.21051643670075
2015.9493 24.78 141.32 11.86726413227706 4.98671069475145
2015.9767 24.78 141.32 15.90855658290396 5.56980387655529
2016.0041 24.78 141.32 -9.63035305652537 4.90228680766812
2016.0315 24.78 141.32 9.60429845771586 4.64933137455997
2016.0589 24.78 141.32 3.85648999828088 4.74449742404128
2016.0863 24.78 141.32 0.77055701952156 4.10979009637314
2016.1137 24.78 141.32 8.89465866189462 4.86003729486736
2016.1411 24.78 141.32 6.64536841807977 6.07095243237685
2016.1685 24.78 141.32 43.72707679482674 6.74314808172709
2016.1959 24.78 141.32 -14.57600219627640 6.65381813286339
2016.2233 24.78 141.32 12.59422834637980 6.81905638001166
2016.2507 24.78 141.32 0.43575396164469 4.98626754214869
2016.3603 24.78 141.32 -27.03281867156111 4.66002422665029
2016.3877 24.78 141.32 -4.36266298111031 5.76542686625218
2016.4151 24.78 141.32 -27.13424098619413 5.55639883384547
2016.4425 24.78 141.32 -27.38633072188222 6.13602285320800
2016.4699 24.78 141.32 -10.19248342502746 5.98419933685005
