2002.5877 34.19 -116.71 -0.016 -0.351 -2.318 0.113 0.093 0.508
2002.6151 34.19 -116.71 -0.170 -0.778 -0.233 0.108 0.090 0.486
2002.6425 34.19 -116.71 -0.168 -0.527 0.612 0.110 0.091 0.495
2002.6699 34.19 -116.71 -0.322 -0.272 2.017 0.095 0.079 0.433
2002.6973 34.19 -116.71 -0.240 -0.045 1.585 0.161 0.072 0.606
2002.7247 34.19 -116.71 -0.517 -0.132 1.959 0.102 0.085 0.459
2002.7521 34.19 -116.71 -0.465 0.103 1.658 0.095 0.079 0.429
2002.7795 34.19 -116.71 -0.471 -0.192 1.544 0.110 0.092 0.498
2002.8068 34.19 -116.71 -0.450 -0.189 3.666 0.098 0.081 0.442
2002.8342 34.19 -116.71 -0.632 -0.157 0.745 0.097 0.081 0.437
2002.8616 34.19 -116.71 -0.362 0.263 0.454 0.100 0.071 0.432
2002.8890 34.19 -116.71 -0.287 -0.196 -2.027 0.098 0.081 0.441
2002.9164 34.19 -116.71 -0.539 -0.425 -0.936 0.105 0.085 0.471
2003.0260 34.19 -116.71 0.029 -0.228 0.376 0.119 0.097 0.535
2003.0534 34.19 -116.71 -0.036 0.447 0.745 0.192 0.160 0.850
2003.0808 34.19 -116.71 -0.160 0.170 -4.170 0.172 0.136 0.760
2003.1082 34.19 -116.71 0.123 -0.473 -1.877 0.100 0.080 0.454
2003.1356 34.19 -116.71 0.090 -0.261 -0.784 0.093 0.074 0.423
2003.1630 34.19 -116.71 0.327 0.007 -1.166 0.099 0.080 0.448
2003.1904 34.19 -116.71 0.282 -0.225 -3.099 0.116 0.091 0.518
2003.2178 34.19 -116.71 0.221 -0.231 -2.011 0.098 0.079 0.442
2003.2452 34.19 -116.71 0.466 -0.539 -4.740 0.095 0.078 0.433
2003.2726 34.19 -116.71 0.258 -0.788 -1.405 0.093 0.076 0.422
2003.3000 34.19 -116.71 0.705 -0.718 -4.746 0.091 0.075 0.413
2003.3274 34.19 -116.71 0.634 -0.392 -3.358 0.118 0.098 0.532
2003.3548 34.19 -116.71 0.797 -0.600 -2.569 0.129 0.109 0.579
2003.3822 34.19 -116.71 0.611 -0.480 -1.261 0.118 0.094 0.527
2003.5192 34.19 -116.71 0.152 -0.379 1.327 0.123 0.106 0.553
2003.5466 34.19 -116.71 -0.149 -0.547 0.815 0.135 0.118 0.608
2003.5740 34.19 -116.71 -0.459 -0.550 0.749 0.157 0.138 0.704
2003.6014 34.19 -116.71 -0.407 -0.732 0.728 0.135 0.118 0.608
2003.6288 34.19 -116.71 -0.546 -1.041 0.179 0.129 0.110 0.578
2003.6562 34.19 -116.71 -0.616 -0.385 1.935 0.138 0.118 0.617
2003.6836 34.19 -116.71 -0.534 -0.713 0.752 0.136 0.118 0.609
2003.7110 34.19 -116.71 -0.645 -0.438 0.903 0.107 0.090 0.483
2003.7384 34.19 -116.71 -1.103 -0.114 1.065 0.129 0.111 0.578
2003.7658 34.19 -116.71 -0.822 0.142 -0.118 0.119 0.102 0.533
2003.7932 34.19 -116.71 -0.852 -0.131 0.800 0.132 0.114 0.592
2003.8205 34.19 -116.71 -0.754 -0.132 3.173 0.143 0.120 0.633
2003.8479 34.19 -116.71 -0.784 0.024 -0.017 0.127 0.102 0.556
2003.8753 34.19 -116.71 -0.585 0.034 1.671 0.132 0.112 0.588
2003.9027 34.19 -116.71 -0.496 0.027 -1.163 0.121 0.100 0.538
2003.9301 34.19 -116.71 -0.188 -0.244 -0.196 0.126 0.105 0.560
2003.9575 34.19 -116.71 -0.262 -0.151 0.858 0.141 0.120 0.625
2003.9849 34.19 -116.71 -0.069 -0.051 0.631 0.134 0.112 0.593
2004.0123 34.19 -116.71 0.171 -0.244 0.796 0.144 0.120 0.634
2004.0397 34.19 -116.71 0.011 -0.287 0.224 0.123 0.095 0.538
2004.0945 34.19 -116.71 0.153 0.127 -0.054 0.114 0.089 0.503
2004.1219 34.19 -116.71 0.303 -0.262 0.285 0.122 0.098 0.533
2004.1493 34.19 -116.71 0.196 -0.668 -1.377 0.143 0.116 0.623
2004.1767 34.19 -116.71 0.297 -0.473 -1.679 0.152 0.125 0.662
2004.2041 34.19 -116.71 0.280 -0.727 -0.560 0.125 0.100 0.543
2004.2315 34.19 -116.71 0.254 -0.388 -1.102 0.127 0.101 0.551
2004.2589 34.19 -116.71 0.363 -0.352 0.955 0.131 0.104 0.568
2004.2863 34.19 -116.71 0.432 -0.421 -2.434 0.132 0.104 0.569
2004.3137 34.19 -116.71 0.600 -0.358 -2.628 0.125 0.098 0.542
2004.3411 34.19 -116.71 0.566 -0.595 -1.569 0.137 0.108 0.590
2004.3685 34.19 -116.71 0.308 -0.393 -0.111 0.133 0.103 0.572
2004.3959 34.19 -116.71 0.310 -0.366 1.841 0.117 0.090 0.506
2004.4233 34.19 -116.71 0.361 -0.173 1.373 0.112 0.086 0.486
2004.4507 34.19 -116.71 -0.005 -0.469 0.946 0.100 0.076 0.434
2004.4781 34.19 -116.71 -0.001 -0.114 0.925 0.110 0.084 0.473
2004.5055 34.19 -116.71 0.148 0.099 3.508 0.107 0.082 0.463
2004.5329 34.19 -116.71 -0.229 -0.172 2.399 0.101 0.077 0.440
2004.5603 34.19 -116.71 -0.305 -0.267 3.386 0.104 0.079 0.451
2004.5877 34.19 -116.71 -0.292 -0.280 1.945 0.105 0.080 0.455
2004.6151 34.19 -116.71 -0.503 -0.237 1.386 0.116 0.088 0.500
2004.6425 34.19 -116.71 -0.480 0.092 1.115 0.099 0.075 0.431
2004.6699 34.19 -116.71 -0.544 -0.190 0.708 0.099 0.075 0.432
2004.6973 34.19 -116.71 -0.635 -0.128 0.566 0.093 0.071 0.408
2004.7247 34.19 -116.71 -0.511 0.117 3.766 0.107 0.081 0.462
2004.7521 34.19 -116.71 -0.402 0.031 0.699 0.102 0.078 0.446
2004.7795 34.19 -116.71 -0.498 -0.026 1.566 0.100 0.075 0.433
2004.8068 34.19 -116.71 -0.643 0.211 2.195 0.110 0.083 0.475
2004.8342 34.19 -116.71 -0.366 0.265 -1.668 0.109 0.082 0.469
2004.8616 34.19 -116.71 -0.190 -0.075 0.281 0.096 0.073 0.421
2004.8890 34.19 -116.71 -0.435 0.079 -1.233 0.096 0.074 0.420
2004.9164 34.19 -116.71 -0.403 0.304 0.012 0.105 0.080 0.454
2004.9438 34.19 -116.71 -0.311 0.358 -2.492 0.116 0.089 0.505
2004.9712 34.19 -116.71 -0.361 0.226 -1.566 0.105 0.081 0.454
2004.9973 34.19 -116.71 -0.327 0.510 -3.698 0.102 0.078 0.443
2005.0233 34.19 -116.71 0.161 0.443 -3.717 0.117 0.092 0.506
2005.0507 34.19 -116.71 0.477 0.302 -7.428 0.169 0.139 0.733
2005.0781 34.19 -116.71 0.327 0.017 -7.042 0.130 0.104 0.563
2005.1055 34.19 -116.71 0.593 -0.088 -5.402 0.129 0.104 0.560
2005.1329 34.19 -116.71 0.615 -0.327 -6.925 0.132 0.107 0.574
2005.1603 34.19 -116.71 0.604 0.257 -5.811 0.118 0.094 0.516
2005.1877 34.19 -116.71 0.682 -0.012 -5.334 0.120 0.093 0.518
2005.2151 34.19 -116.71 0.835 0.114 -5.087 0.113 0.087 0.492
2005.2425 34.19 -116.71 1.072 0.268 -5.035 0.109 0.086 0.477
2005.2699 34.19 -116.71 1.161 0.159 -6.033 0.116 0.092 0.507
2005.2973 34.19 -116.71 1.032 0.357 -3.869 0.122 0.098 0.534
2005.3247 34.19 -116.71 0.854 0.226 -3.836 0.129 0.103 0.562
2005.3521 34.19 -116.71 0.994 0.073 -4.399 0.057 0.045 0.271
2005.3795 34.19 -116.71 1.164 -0.061 -3.382 0.121 0.097 0.529
2005.4068 34.19 -116.71 0.681 -0.186 -3.327 0.111 0.088 0.488
2005.4342 34.19 -116.71 0.915 -0.155 -3.978 0.127 0.101 0.559
2005.4616 34.19 -116.71 0.661 -0.187 -2.375 0.115 0.092 0.508
2005.4890 34.19 -116.71 0.567 -0.416 -1.721 0.110 0.088 0.483
2005.5164 34.19 -116.71 0.323 -0.039 -2.964 0.109 0.088 0.482
2005.5438 34.19 -116.71 0.144 -0.369 -2.056 0.118 0.096 0.522
2005.5712 34.19 -116.71 -0.036 0.033 -0.506 0.128 0.105 0.565
2005.5986 34.19 -116.71 -0.088 -0.185 -1.744 0.131 0.108 0.578
2005.6260 34.19 -116.71 -0.230 0.244 -1.497 0.116 0.095 0.514
2005.6534 34.19 -116.71 -0.148 0.386 -3.146 0.122 0.101 0.541
2005.6808 34.19 -116.71 -0.283 0.230 -2.369 0.120 0.099 0.532
2005.7082 34.19 -116.71 -0.225 0.016 -3.638 0.145 0.122 0.639
2005.7356 34.19 -116.71 -0.359 0.243 -2.336 0.127 0.107 0.565
2005.7630 34.19 -116.71 -0.283 -0.080 -2.955 0.128 0.107 0.567
2005.7904 34.19 -116.71 -0.247 0.156 -2.018 0.120 0.100 0.534
2005.8178 34.19 -116.71 -0.332 0.111 -0.382 0.123 0.103 0.547
2005.8452 34.19 -116.71 -0.314 0.519 0.609 0.132 0.111 0.587
2005.8726 34.19 -116.71 -0.235 0.167 -0.406 0.114 0.096 0.511
2005.9000 34.19 -116.71 -0.132 -0.135 -0.875 0.112 0.093 0.499
2005.9274 34.19 -116.71 -0.092 0.259 -2.677 0.118 0.091 0.518
2005.9548 34.19 -116.71 -0.131 -0.029 -2.514 0.115 0.089 0.526
2005.9822 34.19 -116.71 0.149 -0.680 -0.002 0.111 0.088 0.496
2006.0096 34.19 -116.71 0.527 -0.704 -1.097 0.120 0.098 0.534
2006.0370 34.19 -116.71 0.525 -0.424 -1.345 0.150 0.126 0.667
2006.0644 34.19 -116.71 0.534 -0.454 -1.980 0.153 0.128 0.678
2006.0918 34.19 -116.71 0.678 -0.243 -1.185 0.151 0.128 0.673
2006.1192 34.19 -116.71 0.902 -0.234 -3.219 0.171 0.147 0.759
2006.1466 34.19 -116.71 0.991 -0.118 -2.627 0.135 0.115 0.603
2006.1740 34.19 -116.71 1.073 -0.274 -3.288 0.150 0.131 0.672
2006.2014 34.19 -116.71 0.881 -0.532 -3.748 0.118 0.100 0.528
2006.2288 34.19 -116.71 0.966 -0.757 -3.444 0.151 0.132 0.678
2006.2562 34.19 -116.71 1.166 -0.760 -4.465 0.142 0.125 0.636
2006.2836 34.19 -116.71 1.212 -0.966 -4.145 0.139 0.122 0.624
2006.3110 34.19 -116.71 1.429 -0.393 -4.991 0.148 0.131 0.666
2006.3384 34.19 -116.71 1.083 -0.535 -3.171 0.134 0.118 0.605
2006.3658 34.19 -116.71 0.892 -0.526 -3.429 0.149 0.132 0.669
2006.3932 34.19 -116.71 0.966 -0.269 -1.792 0.146 0.129 0.659
2006.4205 34.19 -116.71 0.708 -0.407 -5.176 0.147 0.130 0.662
2006.4479 34.19 -116.71 0.775 -0.312 -3.044 0.162 0.138 0.722
2006.4753 34.19 -116.71 0.839 -0.521 -0.261 0.164 0.144 0.735
2006.5027 34.19 -116.71 0.333 -0.630 -0.988 0.170 0.150 0.763
2006.5301 34.19 -116.71 0.229 -0.186 -0.866 0.201 0.180 0.903
2006.5575 34.19 -116.71 0.075 -0.038 -2.958 0.160 0.142 0.722
2006.5849 34.19 -116.71 -0.158 -0.321 -2.355 0.165 0.147 0.742
2006.6123 34.19 -116.71 -0.205 -0.332 -2.189 0.202 0.183 0.908
2006.6397 34.19 -116.71 -0.126 -0.668 -1.482 0.172 0.154 0.773
2006.6671 34.19 -116.71 -0.566 -0.456 -1.692 0.156 0.139 0.705
2006.6945 34.19 -116.71 -0.501 -0.562 -1.774 0.199 0.179 0.893
2006.7219 34.19 -116.71 -0.574 -0.120 0.478 0.187 0.165 0.840
2006.7493 34.19 -116.71 -0.322 -0.305 0.369 0.223 0.198 0.996
2006.7767 34.19 -116.71 -0.715 -0.252 0.129 0.193 0.172 0.867
2006.8041 34.19 -116.71 -0.328 -0.001 -2.320 0.156 0.138 0.702
2006.8315 34.19 -116.71 -0.174 -0.263 -2.030 0.181 0.161 0.813
2006.8589 34.19 -116.71 -0.392 -0.359 -0.790 0.176 0.156 0.791
2006.8863 34.19 -116.71 -0.216 -0.140 -2.850 0.169 0.149 0.760
2006.9137 34.19 -116.71 0.040 -0.236 -0.995 0.165 0.144 0.738
2006.9411 34.19 -116.71 0.276 -0.419 -1.292 0.162 0.141 0.726
2006.9685 34.19 -116.71 -0.002 -0.387 -0.186 0.162 0.138 0.722
2006.9959 34.19 -116.71 0.165 -0.237 -3.184 0.161 0.135 0.717
2007.0233 34.19 -116.71 0.195 -0.272 -1.022 0.150 0.124 0.667
2007.0507 34.19 -116.71 0.359 0.162 -1.554 0.157 0.130 0.694
2007.0781 34.19 -116.71 0.386 0.245 -1.702 0.160 0.138 0.716
2007.1055 34.19 -116.71 0.439 -0.008 -1.675 0.143 0.123 0.641
2007.1329 34.19 -116.71 0.747 -0.360 -1.360 0.156 0.134 0.697
2007.1603 34.19 -116.71 0.681 -0.423 -2.300 0.148 0.128 0.665
2007.1877 34.19 -116.71 0.567 0.197 -2.020 0.190 0.169 0.854
2007.2151 34.19 -116.71 0.570 -0.458 -0.919 0.170 0.151 0.763
2007.2425 34.19 -116.71 0.617 0.043 -0.223 0.163 0.145 0.734
2007.2699 34.19 -116.71 0.705 0.121 -0.070 0.131 0.113 0.589
2007.2973 34.19 -116.71 0.770 -0.404 -0.142 0.124 0.106 0.556
2007.3247 34.19 -116.71 0.908 -0.356 -1.769 0.150 0.132 0.676
2007.3521 34.19 -116.71 0.882 -0.539 -0.817 0.164 0.146 0.739
2007.3795 34.19 -116.71 0.470 -0.445 -3.113 0.172 0.154 0.775
2007.4068 34.19 -116.71 0.627 -0.143 0.786 0.144 0.126 0.649
2007.4342 34.19 -116.71 0.829 0.088 -1.587 0.138 0.120 0.621
2007.4616 34.19 -116.71 0.652 -0.136 -1.567 0.180 0.161 0.809
2007.4890 34.19 -116.71 0.366 0.085 -0.407 0.139 0.120 0.624
2007.5164 34.19 -116.71 0.242 -0.458 -1.933 0.146 0.128 0.659
2007.5438 34.19 -116.71 -0.109 -0.420 -0.923 0.142 0.124 0.639
2007.5712 34.19 -116.71 -0.293 -0.380 -1.247 0.146 0.127 0.656
2007.5986 34.19 -116.71 -0.301 -0.325 -1.287 0.178 0.157 0.799
2007.6260 34.19 -116.71 -0.436 -0.165 0.663 0.146 0.127 0.655
2007.6534 34.19 -116.71 -0.526 -0.320 0.443 0.148 0.129 0.666
2007.6808 34.19 -116.71 -0.534 -0.536 0.234 0.156 0.135 0.699
2007.7082 34.19 -116.71 -0.550 -0.333 0.488 0.117 0.097 0.524
2007.7356 34.19 -116.71 -0.594 -0.251 1.284 0.160 0.138 0.717
2007.7630 34.19 -116.71 -0.570 0.216 2.425 0.124 0.103 0.557
2007.7904 34.19 -116.71 -0.238 0.219 0.449 0.158 0.137 0.706
2007.8178 34.19 -116.71 -0.475 0.206 1.580 0.181 0.159 0.810
2007.8452 34.19 -116.71 -0.325 0.448 1.165 0.148 0.128 0.665
2007.8726 34.19 -116.71 -0.296 0.288 -1.824 0.172 0.150 0.771
2007.9000 34.19 -116.71 -0.446 0.045 -0.496 0.184 0.155 0.812
2007.9274 34.19 -116.71 -0.374 0.076 -1.063 0.178 0.157 0.800
2007.9548 34.19 -116.71 -0.305 -0.134 -1.705 0.134 0.117 0.606
2007.9822 34.19 -116.71 -0.370 -0.005 -0.205 0.164 0.145 0.741
2008.0096 34.19 -116.71 -0.120 0.002 -0.648 0.144 0.127 0.652
2008.0370 34.19 -116.71 0.100 -0.166 -2.228 0.148 0.132 0.671
2008.0644 34.19 -116.71 0.041 0.291 -1.596 0.171 0.153 0.770
2008.0918 34.19 -116.71 0.144 -0.037 -2.784 0.138 0.120 0.622
2008.1192 34.19 -116.71 0.443 0.272 -1.693 0.161 0.143 0.726
2008.1466 34.19 -116.71 0.552 0.201 -1.475 0.186 0.168 0.841
2008.1740 34.19 -116.71 0.819 0.063 -4.597 0.163 0.146 0.738
2008.2014 34.19 -116.71 0.713 -0.485 -2.057 0.174 0.158 0.787
2008.2288 34.19 -116.71 0.872 0.831 -2.424 0.205 0.181 0.920
2008.2562 34.19 -116.71 0.755 -0.481 -1.877 0.190 0.169 0.857
2008.2836 34.19 -116.71 0.795 -0.401 -0.893 0.229 0.204 1.028
2008.3110 34.19 -116.71 0.851 -0.082 -1.659 0.236 0.211 1.059
2008.3384 34.19 -116.71 1.075 0.015 -0.374 0.175 0.156 0.786
2008.3658 34.19 -116.71 0.682 -0.153 -1.851 0.179 0.158 0.803
2008.3932 34.19 -116.71 0.665 -0.010 -0.831 0.163 0.142 0.733
2008.4205 34.19 -116.71 0.692 0.053 -2.010 0.143 0.124 0.641
2008.4479 34.19 -116.71 0.408 0.165 -0.935 0.145 0.127 0.650
2008.4753 34.19 -116.71 0.450 0.071 1.203 0.141 0.122 0.632
2008.5027 34.19 -116.71 0.054 -0.157 2.198 0.172 0.149 0.769
2008.5301 34.19 -116.71 -0.380 -0.517 2.509 0.213 0.186 0.953
2008.5575 34.19 -116.71 -0.426 -0.286 -1.387 0.140 0.118 0.625
2008.5849 34.19 -116.71 -0.545 -0.038 1.889 0.157 0.137 0.703
2008.6123 34.19 -116.71 -0.308 -0.213 1.505 0.132 0.112 0.591
2008.6397 34.19 -116.71 -0.431 0.099 -0.035 0.144 0.124 0.646
2008.6671 34.19 -116.71 -0.559 0.097 -1.092 0.139 0.119 0.621
2008.6945 34.19 -116.71 -0.616 0.500 -0.077 0.134 0.114 0.601
2008.7219 34.19 -116.71 -0.610 0.422 0.129 0.154 0.134 0.689
2008.7493 34.19 -116.71 -0.602 0.308 0.319 0.139 0.121 0.626
2008.7767 34.19 -116.71 -0.612 0.239 -0.467 0.162 0.143 0.726
2008.8041 34.19 -116.71 -0.502 0.172 1.082 0.163 0.145 0.732
2008.8315 34.19 -116.71 -0.609 0.278 0.780 0.184 0.163 0.826
2008.8589 34.19 -116.71 -0.432 0.276 1.448 0.214 0.191 0.964
2008.8863 34.19 -116.71 -0.615 0.080 0.066 0.206 0.184 0.925
2008.9137 34.19 -116.71 -0.415 0.064 0.559 0.196 0.176 0.882
2008.9411 34.19 -116.71 -0.324 0.187 1.056 0.205 0.183 0.924
2008.9685 34.19 -116.71 -0.534 -0.229 0.930 0.192 0.170 0.864
2008.9945 34.19 -116.71 -0.225 0.149 -1.885 0.162 0.145 0.733
2009.0205 34.19 -116.71 0.320 0.404 -0.703 0.159 0.143 0.721
2009.0479 34.19 -116.71 -0.018 0.008 -1.806 0.160 0.144 0.723
2009.0753 34.19 -116.71 0.122 -0.054 -2.739 0.154 0.137 0.695
2009.1027 34.19 -116.71 0.517 -0.181 1.005 0.190 0.172 0.861
2009.1301 34.19 -116.71 0.386 -0.289 -0.003 0.152 0.136 0.689
2009.1575 34.19 -116.71 0.409 -0.404 -1.276 0.155 0.138 0.702
2009.1849 34.19 -116.71 0.407 -0.266 0.302 0.177 0.160 0.801
2009.2123 34.19 -116.71 0.401 0.443 2.313 0.154 0.134 0.690
2009.2397 34.19 -116.71 0.590 -0.166 2.709 0.173 0.155 0.780
2009.2671 34.19 -116.71 0.852 0.246 2.365 0.145 0.129 0.655
2009.2945 34.19 -116.71 0.798 0.363 0.559 0.148 0.132 0.670
2009.3219 34.19 -116.71 0.639 -0.219 2.353 0.155 0.138 0.700
2009.3493 34.19 -116.71 0.553 0.177 0.356 0.142 0.126 0.643
2009.3767 34.19 -116.71 0.533 0.409 1.861 0.150 0.132 0.675
2009.4041 34.19 -116.71 0.138 0.362 2.285 0.133 0.115 0.598
2009.4315 34.19 -116.71 0.432 0.662 2.474 0.151 0.133 0.682
2009.4589 34.19 -116.71 0.228 0.347 1.041 0.129 0.111 0.581
2009.4863 34.19 -116.71 0.106 -0.492 0.592 0.142 0.122 0.637
2009.5137 34.19 -116.71 -0.111 -0.268 2.114 0.137 0.115 0.611
2009.5411 34.19 -116.71 0.240 -0.269 2.996 0.168 0.144 0.749
2009.5685 34.19 -116.71 -0.359 -0.319 0.791 0.181 0.154 0.806
2009.5959 34.19 -116.71 -0.307 -0.471 2.071 0.159 0.134 0.708
2009.6233 34.19 -116.71 -0.322 -0.439 3.156 0.164 0.141 0.731
2009.6507 34.19 -116.71 -0.391 -0.329 4.265 0.158 0.136 0.705
2009.6781 34.19 -116.71 -0.246 -0.530 3.653 0.168 0.147 0.753
2009.7055 34.19 -116.71 -0.381 -0.225 3.357 0.174 0.153 0.779
2009.7329 34.19 -116.71 -0.544 0.089 2.933 0.168 0.148 0.753
2009.7603 34.19 -116.71 -0.639 -0.004 4.059 0.191 0.169 0.857
2009.7877 34.19 -116.71 -0.551 0.299 2.128 0.176 0.156 0.792
2009.8151 34.19 -116.71 -0.471 0.146 3.025 0.189 0.168 0.847
2009.8425 34.19 -116.71 -0.492 0.332 0.822 0.172 0.152 0.773
2009.8699 34.19 -116.71 -0.494 0.071 0.287 0.164 0.145 0.740
2009.8973 34.19 -116.71 -0.515 0.158 1.255 0.154 0.136 0.693
2009.9247 34.19 -116.71 -0.691 0.168 -0.719 0.155 0.133 0.693
2009.9521 34.19 -116.71 -0.464 0.417 -2.398 0.144 0.126 0.650
2009.9795 34.19 -116.71 -0.034 0.047 -0.349 0.148 0.130 0.668
2010.0068 34.19 -116.71 -0.242 -0.030 0.078 0.186 0.166 0.838
2010.0342 34.19 -116.71 -0.151 0.116 1.098 0.146 0.128 0.659
2010.0616 34.19 -116.71 0.122 0.229 0.498 0.150 0.131 0.674
2010.0890 34.19 -116.71 0.045 0.594 -0.186 0.178 0.159 0.801
2010.1164 34.19 -116.71 0.289 0.581 -2.917 0.184 0.164 0.827
2010.1438 34.19 -116.71 0.414 0.512 -2.302 0.178 0.157 0.799
2010.1712 34.19 -116.71 0.592 0.299 -5.912 0.170 0.150 0.764
2010.1986 34.19 -116.71 0.666 0.368 -2.530 0.163 0.143 0.733
2010.2260 34.19 -116.71 0.785 -0.142 -2.043 0.178 0.157 0.799
2010.2534 34.19 -116.71 0.401 0.486 -0.769 0.184 0.161 0.824
2010.2808 34.19 -116.71 0.456 0.271 -0.898 0.143 0.123 0.640
2010.3082 34.19 -116.71 0.545 0.337 -0.468 0.149 0.129 0.668
2010.3356 34.19 -116.71 0.628 0.039 -1.636 0.137 0.115 0.614
2010.3630 34.19 -116.71 0.692 -0.012 -1.543 0.146 0.122 0.650
2010.3904 34.19 -116.71 0.523 -0.227 0.234 0.152 0.119 0.661
2010.4178 34.19 -116.71 0.667 0.087 2.340 0.155 0.130 0.690
2010.4452 34.19 -116.71 0.454 0.191 -1.241 0.138 0.115 0.617
2010.4726 34.19 -116.71 0.506 0.311 -1.217 0.125 0.103 0.558
2010.5000 34.19 -116.71 0.426 0.195 0.462 0.140 0.118 0.625
2010.5274 34.19 -116.71 -0.094 0.111 0.308 0.212 0.189 0.953
2010.5548 34.19 -116.71 0.033 0.249 0.331 0.138 0.121 0.621
2010.5822 34.19 -116.71 -0.229 0.359 0.112 0.125 0.109 0.564
2010.6096 34.19 -116.71 -0.355 0.336 -0.899 0.159 0.142 0.717
2010.6370 34.19 -116.71 -0.525 0.344 -0.639 0.143 0.126 0.645
2010.6644 34.19 -116.71 -0.557 0.540 0.479 0.134 0.118 0.607
2010.6918 34.19 -116.71 -0.800 -0.024 1.304 0.160 0.143 0.720
2010.7192 34.19 -116.71 -0.590 0.232 -0.952 0.149 0.133 0.673
2010.7466 34.19 -116.71 -0.418 0.267 -1.245 0.172 0.154 0.773
2010.7740 34.19 -116.71 -0.781 0.594 1.440 0.142 0.125 0.642
2010.8014 34.19 -116.71 -0.611 0.164 -0.250 0.135 0.119 0.610
2010.8288 34.19 -116.71 -0.613 -0.010 -1.653 0.153 0.136 0.690
2010.8562 34.19 -116.71 -0.526 0.169 -0.046 0.151 0.134 0.678
2010.8836 34.19 -116.71 -0.348 0.296 -0.270 0.141 0.123 0.634
2010.9110 34.19 -116.71 -0.114 0.471 -1.227 0.153 0.135 0.687
2010.9384 34.19 -116.71 0.015 0.313 -1.874 0.159 0.140 0.712
2010.9658 34.19 -116.71 0.139 0.081 -0.980 0.173 0.154 0.777
2010.9932 34.19 -116.71 0.159 0.205 -1.776 0.153 0.097 0.627
2011.1027 34.19 -116.71 0.467 0.163 -4.409 0.149 0.115 0.651
2011.1301 34.19 -116.71 0.782 -0.086 -0.619 0.208 0.182 0.926
2011.1575 34.19 -116.71 0.779 -0.284 -2.627 0.142 0.121 0.636
2011.1849 34.19 -116.71 0.763 0.243 -4.853 0.116 0.095 0.519
2011.2123 34.19 -116.71 0.771 -0.014 -5.492 0.177 0.156 0.791
2011.2397 34.19 -116.71 1.154 -0.451 -5.232 0.183 0.162 0.820
2011.2671 34.19 -116.71 0.917 -0.601 -1.532 0.150 0.131 0.672
2011.2945 34.19 -116.71 1.062 -0.056 -2.531 0.172 0.153 0.773
2011.3219 34.19 -116.71 1.019 -0.258 -1.500 0.162 0.144 0.727
2011.3493 34.19 -116.71 1.104 -0.002 -2.380 0.147 0.129 0.659
2011.3767 34.19 -116.71 1.048 0.007 -2.068 0.170 0.151 0.762
2011.4041 34.19 -116.71 1.038 -0.089 -2.715 0.151 0.132 0.680
2011.4315 34.19 -116.71 1.194 -0.336 -2.079 0.161 0.128 0.706
2011.5137 34.19 -116.71 0.688 0.101 -1.653 0.144 0.120 0.640
2011.5411 34.19 -116.71 0.511 0.022 -1.611 0.149 0.129 0.667
2011.5685 34.19 -116.71 0.350 -0.002 -0.909 0.147 0.125 0.656
2011.5959 34.19 -116.71 0.168 0.318 -1.355 0.156 0.135 0.697
2011.6233 34.19 -116.71 0.004 0.135 -4.148 0.157 0.134 0.700
2011.6507 34.19 -116.71 -0.235 0.163 -2.013 0.182 0.159 0.811
2011.6781 34.19 -116.71 0.031 -0.087 -1.953 0.169 0.148 0.755
2011.7055 34.19 -116.71 -0.193 -0.315 -1.380 0.169 0.149 0.755
2011.7329 34.19 -116.71 -0.357 -0.271 -2.745 0.193 0.172 0.865
2011.7603 34.19 -116.71 0.009 0.440 -1.577 0.167 0.148 0.749
2011.7877 34.19 -116.71 -0.145 0.060 -2.628 0.177 0.158 0.794
2011.8151 34.19 -116.71 -0.212 -0.046 -1.317 0.174 0.155 0.780
2011.8425 34.19 -116.71 -0.307 -0.124 -3.065 0.187 0.168 0.840
2011.8699 34.19 -116.71 0.152 -0.258 2.955 0.185 0.158 0.818
2011.9521 34.19 -116.71 -0.005 0.237 -1.172 0.132 0.094 0.564
2011.9795 34.19 -116.71 -0.053 0.113 -0.902 0.153 0.133 0.683
2012.0068 34.19 -116.71 0.075 0.007 -1.263 0.144 0.123 0.638
2012.0342 34.19 -116.71 0.048 0.141 0.389 0.171 0.145 0.752
2012.0616 34.19 -116.71 0.124 0.027 -1.188 0.150 0.126 0.661
2012.0890 34.19 -116.71 0.026 -0.023 -1.218 0.149 0.123 0.654
2012.1164 34.19 -116.71 0.349 0.238 -0.723 0.147 0.120 0.641
2012.1438 34.19 -116.71 0.301 -0.182 -2.580 0.152 0.123 0.662
2012.1712 34.19 -116.71 0.261 -0.143 -2.326 0.146 0.117 0.637
2012.1986 34.19 -116.71 0.189 0.042 -1.299 0.133 0.105 0.581
2012.2260 34.19 -116.71 0.492 -0.236 -0.162 0.135 0.108 0.587
2012.2534 34.19 -116.71 0.641 -0.022 1.145 0.131 0.105 0.571
2012.2808 34.19 -116.71 0.870 0.071 -1.447 0.122 0.097 0.534
2012.3082 34.19 -116.71 0.511 -0.051 -0.193 0.156 0.096 0.630
2012.3904 34.19 -116.71 0.220 -0.668 -2.108 0.155 0.117 0.668
2012.4178 34.19 -116.71 0.340 -0.177 1.258 0.113 0.090 0.493
2012.4452 34.19 -116.71 0.433 -0.547 -0.722 0.112 0.088 0.490
2012.4726 34.19 -116.71 0.310 -0.451 1.856 0.120 0.095 0.525
2012.5000 34.19 -116.71 -0.006 -0.202 1.771 0.115 0.090 0.503
2012.5274 34.19 -116.71 -0.172 -0.456 -0.015 0.121 0.096 0.530
2012.5548 34.19 -116.71 -0.095 -0.197 -1.801 0.121 0.096 0.529
2012.5822 34.19 -116.71 -0.605 -0.449 -0.910 0.127 0.102 0.557
2012.6096 34.19 -116.71 -0.598 -0.429 0.464 0.125 0.102 0.549
2012.6370 34.19 -116.71 -0.618 -0.066 1.874 0.116 0.094 0.511
2012.6644 34.19 -116.71 -0.720 -0.331 -0.715 0.126 0.104 0.555
2012.6918 34.19 -116.71 -0.824 -0.186 0.860 0.129 0.108 0.570
2012.7192 34.19 -116.71 -0.736 -0.154 -0.209 0.153 0.132 0.676
2012.7466 34.19 -116.71 -0.824 0.079 -1.472 0.122 0.083 0.518
2012.8562 34.19 -116.71 -0.453 -0.476 1.809 0.160 0.137 0.710
2012.8836 34.19 -116.71 -0.512 -0.214 -0.637 0.148 0.132 0.664
2012.9110 34.19 -116.71 -0.357 -0.230 0.648 0.141 0.125 0.632
2012.9384 34.19 -116.71 -0.283 0.054 -0.336 0.138 0.118 0.617
2012.9658 34.19 -116.71 -0.071 0.082 -2.291 0.150 0.135 0.677
2012.9918 34.19 -116.71 0.216 0.240 -2.148 0.077 0.066 0.353
2013.0178 34.19 -116.71 0.129 -0.153 -1.732 0.089 0.078 0.407
2013.0452 34.19 -116.71 0.344 -0.356 -1.212 0.089 0.078 0.406
2013.0726 34.19 -116.71 0.217 -0.348 0.603 0.082 0.071 0.377
2013.1000 34.19 -116.71 0.127 -0.162 -0.654 0.084 0.073 0.386
2013.1274 34.19 -116.71 0.394 0.099 -1.536 0.079 0.068 0.362
2013.1548 34.19 -116.71 0.377 -0.615 -0.392 0.077 0.061 0.347
2013.2644 34.19 -116.71 0.370 -0.282 1.541 0.094 0.044 0.363
2013.2918 34.19 -116.71 0.374 -0.073 2.925 0.081 0.070 0.370
2013.3192 34.19 -116.71 0.414 -0.139 2.681 0.088 0.078 0.405
2013.3466 34.19 -116.71 0.220 -0.353 0.709 0.091 0.080 0.415
2013.3740 34.19 -116.71 0.257 -0.121 2.833 0.078 0.069 0.361
2013.4014 34.19 -116.71 0.121 0.208 3.209 0.081 0.071 0.372
2013.4288 34.19 -116.71 0.065 -0.023 2.204 0.072 0.062 0.333
2013.4562 34.19 -116.71 0.080 0.077 3.137 0.073 0.063 0.339
2013.4836 34.19 -116.71 0.136 -0.108 2.497 0.075 0.065 0.345
2013.5110 34.19 -116.71 -0.128 0.139 2.645 0.084 0.073 0.383
2013.5384 34.19 -116.71 -0.750 0.304 3.591 0.084 0.069 0.377
2013.5658 34.19 -116.71 -0.702 0.343 1.239 0.086 0.075 0.393
2013.7575 34.19 -116.71 -0.898 0.501 3.780 0.084 0.069 0.377
2013.7849 34.19 -116.71 -0.851 0.571 -0.039 0.086 0.072 0.387
2013.8123 34.19 -116.71 -0.698 0.699 1.960 0.079 0.066 0.356
2013.8397 34.19 -116.71 -0.840 0.680 3.846 0.079 0.067 0.360
2013.8671 34.19 -116.71 -0.543 0.237 1.373 0.085 0.071 0.383
2013.8945 34.19 -116.71 -0.565 0.749 0.349 0.079 0.066 0.357
2013.9219 34.19 -116.71 -0.631 0.239 -0.821 0.071 0.058 0.324
2013.9493 34.19 -116.71 -0.597 0.589 0.987 0.075 0.062 0.340
2013.9767 34.19 -116.71 -0.485 0.389 1.488 0.076 0.063 0.346
2014.0041 34.19 -116.71 -0.553 0.334 4.373 0.074 0.061 0.335
2014.0315 34.19 -116.71 -0.313 0.809 3.747 0.076 0.063 0.345
2014.1685 34.19 -116.71 0.023 0.494 5.968 0.081 0.067 0.366
2014.1959 34.19 -116.71 0.258 0.065 5.973 0.081 0.070 0.370
2014.2233 34.19 -116.71 0.266 0.197 3.613 0.077 0.066 0.353
2014.2507 34.19 -116.71 0.256 0.379 5.571 0.071 0.061 0.326
2014.2781 34.19 -116.71 -0.131 0.024 3.787 0.075 0.065 0.344
2014.3055 34.19 -116.71 0.024 0.487 3.271 0.072 0.062 0.332
2014.3329 34.19 -116.71 -0.438 0.298 3.026 0.060 0.050 0.279
2014.3603 34.19 -116.71 -0.189 0.463 3.382 0.067 0.058 0.311
2014.3877 34.19 -116.71 0.113 -0.219 3.768 0.067 0.058 0.312
2014.4151 34.19 -116.71 0.004 0.420 3.061 0.067 0.057 0.310
2014.4425 34.19 -116.71 0.115 0.453 3.930 0.071 0.061 0.327
2014.4699 34.19 -116.71 -0.113 0.024 5.009 0.071 0.060 0.325
2014.5795 34.19 -116.71 -0.576 0.262 3.404 0.065 0.048 0.296
2014.6068 34.19 -116.71 -0.845 0.230 2.313 0.063 0.052 0.291
2014.6342 34.19 -116.71 -0.752 -0.022 3.573 0.058 0.047 0.269
2014.6616 34.19 -116.71 -1.014 0.549 3.718 0.064 0.053 0.294
2014.6890 34.19 -116.71 -1.007 0.345 3.598 0.062 0.052 0.287
2014.7164 34.19 -116.71 -0.950 0.567 1.251 0.061 0.051 0.282
2014.7438 34.19 -116.71 -0.859 0.286 2.029 0.066 0.055 0.302
2014.7712 34.19 -116.71 -0.681 0.658 4.522 0.065 0.054 0.299
2014.7986 34.19 -116.71 -0.809 0.551 3.600 0.058 0.048 0.271
2014.8260 34.19 -116.71 -0.848 0.588 2.762 0.058 0.047 0.270
2014.8534 34.19 -116.71 -0.590 0.824 3.634 0.062 0.050 0.283
2014.8808 34.19 -116.71 -0.857 0.764 1.726 0.062 0.050 0.284
2014.9082 34.19 -116.71 -0.538 0.429 2.674 0.063 0.051 0.289
2015.0452 34.19 -116.71 -0.174 0.456 2.472 0.048 0.036 0.226
2015.0726 34.19 -116.71 -0.242 0.085 1.657 0.052 0.038 0.236
2015.1000 34.19 -116.71 -0.171 0.685 1.969 0.047 0.035 0.219
2015.1274 34.19 -116.71 -0.247 0.016 2.640 0.044 0.033 0.207
2015.1548 34.19 -116.71 -0.291 0.266 1.449 0.050 0.037 0.229
2015.1822 34.19 -116.71 -0.227 0.197 1.210 0.047 0.035 0.220
2015.2096 34.19 -116.71 -0.167 0.127 5.228 0.062 0.047 0.280
2015.2370 34.19 -116.71 -0.078 0.206 2.605 0.067 0.055 0.303
2015.2644 34.19 -116.71 -0.096 0.355 4.029 0.059 0.049 0.274
2015.2918 34.19 -116.71 0.080 0.580 4.095 0.059 0.049 0.276
2015.3192 34.19 -116.71 -0.122 0.670 4.796 0.057 0.047 0.267
2015.3466 34.19 -116.71 -0.239 0.530 4.883 0.062 0.051 0.286
2015.4836 34.19 -116.71 -0.834 0.184 5.165 0.059 0.040 0.263
2015.5110 34.19 -116.71 -0.919 0.618 6.068 0.056 0.042 0.257
2015.5384 34.19 -116.71 -1.044 0.068 6.244 0.061 0.047 0.278
2015.5658 34.19 -116.71 -0.940 -0.113 5.474 0.061 0.050 0.281
2015.5932 34.19 -116.71 -0.981 0.316 4.851 0.063 0.052 0.290
2015.6205 34.19 -116.71 -0.797 0.480 4.851 0.062 0.049 0.282
2015.6479 34.19 -116.71 -1.013 0.490 4.278 0.060 0.048 0.274
2015.6753 34.19 -116.71 -1.175 0.365 4.559 0.058 0.046 0.265
2015.7027 34.19 -116.71 -1.234 0.620 4.751 0.063 0.051 0.286
2015.7301 34.19 -116.71 -1.566 0.089 6.657 0.063 0.050 0.286
2015.9493 34.19 -116.71 -0.960 1.380 3.737 0.061 0.050 0.281
2015.9767 34.19 -116.71 -0.446 0.809 5.336 0.063 0.052 0.290
2016.0041 34.19 -116.71 -0.667 0.970 1.460 0.057 0.047 0.266
2016.0315 34.19 -116.71 -0.111 0.807 2.888 0.055 0.044 0.254
2016.0589 34.19 -116.71 0.076 0.802 4.324 0.056 0.046 0.260
2016.0863 34.19 -116.71 -0.187 0.922 3.999 0.051 0.042 0.241
2016.1137 34.19 -116.71 -0.060 1.192 2.245 0.057 0.046 0.263
2016.1411 34.19 -116.71 -0.278 0.791 1.725 0.067 0.055 0.303
2016.1685 34.19 -116.71 -0.512 0.098 0.995 0.071 0.060 0.325
2016.1959 34.19 -116.71 -0.193 0.067 0.085 0.070 0.061 0.323
2016.2233 34.19 -116.71 0.127 0.263 3.072 0.071 0.063 0.329
2016.2507 34.19 -116.71 0.004 -0.218 4.902 0.060 0.048 0.275
2016.3603 34.19 -116.71 -0.119 0.407 6.808 0.055 0.046 0.258
2016.3877 34.19 -116.71 0.228 0.445 7.173 0.065 0.054 0.295
2016.4151 34.19 -116.71 0.333 0.111 5.655 0.064 0.052 0.290
2016.4425 34.19 -116.71 -0.087 0.375 8.603 0.068 0.056 0.309
2016.4699 34.19 -116.71 -0.157 0.603 6.141 0.066 0.055 0.302
