2002.5877 39.37 -83.02 0.331 0.424 4.420 0.114 0.097 0.518
2002.6151 39.37 -83.02 0.089 0.356 6.536 0.109 0.094 0.495
2002.6425 39.37 -83.02 0.221 -0.035 2.335 0.111 0.096 0.504
2002.6699 39.37 -83.02 -0.250 0.170 3.686 0.097 0.082 0.441
2002.6973 39.37 -83.02 -0.259 -0.298 0.936 0.165 0.077 0.622
2002.7247 39.37 -83.02 -0.433 0.035 3.836 0.103 0.089 0.468
2002.7521 39.37 -83.02 -0.645 0.733 2.097 0.096 0.083 0.437
2002.7795 39.37 -83.02 -0.877 0.123 1.376 0.111 0.097 0.508
2002.8068 39.37 -83.02 -0.970 0.239 0.872 0.099 0.085 0.450
2002.8342 39.37 -83.02 -1.077 0.565 -2.769 0.098 0.084 0.445
2002.8616 39.37 -83.02 -1.354 -0.033 -0.935 0.101 0.076 0.442
2002.8890 39.37 -83.02 -0.969 0.354 -1.145 0.099 0.085 0.449
2002.9164 39.37 -83.02 -0.982 0.182 -0.753 0.106 0.089 0.481
2003.0260 39.37 -83.02 -0.802 0.173 -0.960 0.120 0.102 0.546
2003.0534 39.37 -83.02 -1.086 -0.287 -0.281 0.194 0.167 0.867
2003.0808 39.37 -83.02 -0.510 -0.426 1.309 0.174 0.143 0.776
2003.1082 39.37 -83.02 -1.023 0.359 -1.911 0.102 0.084 0.464
2003.1356 39.37 -83.02 -0.682 -0.001 -3.120 0.095 0.078 0.432
2003.1630 39.37 -83.02 -0.903 -0.266 -3.839 0.100 0.084 0.457
2003.1904 39.37 -83.02 -0.992 -0.435 -2.248 0.118 0.096 0.530
2003.2178 39.37 -83.02 -1.229 -0.264 -1.193 0.099 0.083 0.450
2003.2452 39.37 -83.02 -0.915 -0.249 -1.933 0.097 0.082 0.440
2003.2726 39.37 -83.02 -0.691 -0.314 0.507 0.094 0.079 0.430
2003.3000 39.37 -83.02 -0.971 -0.221 -0.489 0.092 0.078 0.421
2003.3274 39.37 -83.02 -0.653 -0.071 -0.301 0.119 0.102 0.542
2003.3548 39.37 -83.02 -0.540 -0.080 -3.096 0.130 0.113 0.589
2003.3822 39.37 -83.02 -0.672 -0.717 -1.334 0.120 0.099 0.539
2003.5192 39.37 -83.02 -0.840 -0.156 -1.096 0.124 0.109 0.561
2003.5466 39.37 -83.02 -0.776 0.083 -0.191 0.136 0.122 0.617
2003.5740 39.37 -83.02 -0.976 -0.125 -0.064 0.158 0.142 0.713
2003.6014 39.37 -83.02 -1.092 0.307 -0.441 0.137 0.122 0.617
2003.6288 39.37 -83.02 -1.104 0.345 0.199 0.130 0.114 0.587
2003.6562 39.37 -83.02 -1.074 0.848 1.100 0.139 0.122 0.626
2003.6836 39.37 -83.02 -1.314 0.699 -1.003 0.137 0.122 0.617
2003.7110 39.37 -83.02 -1.373 0.164 -0.990 0.109 0.093 0.490
2003.7384 39.37 -83.02 -1.341 0.199 0.007 0.130 0.115 0.587
2003.7658 39.37 -83.02 -1.367 -0.260 -0.395 0.120 0.105 0.541
2003.7932 39.37 -83.02 -1.363 0.582 0.059 0.134 0.118 0.600
2003.8205 39.37 -83.02 -1.248 0.970 -3.481 0.145 0.123 0.642
2003.8479 39.37 -83.02 -1.074 0.000 -1.790 0.128 0.105 0.565
2003.8753 39.37 -83.02 -1.171 0.149 -0.324 0.134 0.116 0.596
2003.9027 39.37 -83.02 -0.971 0.341 -5.155 0.123 0.103 0.547
2003.9301 39.37 -83.02 -0.866 0.341 -2.177 0.128 0.108 0.567
2003.9575 39.37 -83.02 -0.973 0.396 -3.736 0.143 0.123 0.633
2003.9849 39.37 -83.02 -0.880 0.079 -3.328 0.136 0.115 0.600
2004.0123 39.37 -83.02 -0.786 0.064 -1.168 0.146 0.123 0.642
2004.0397 39.37 -83.02 -0.752 0.475 -1.953 0.124 0.100 0.550
2004.0945 39.37 -83.02 -0.676 -0.044 -6.897 0.116 0.093 0.513
2004.1219 39.37 -83.02 -0.629 -0.240 -4.963 0.123 0.101 0.540
2004.1493 39.37 -83.02 -0.691 -0.455 -3.797 0.145 0.119 0.631
2004.1767 39.37 -83.02 -0.981 -0.117 -3.078 0.154 0.127 0.670
2004.2041 39.37 -83.02 -0.812 0.146 -1.252 0.126 0.102 0.550
2004.2315 39.37 -83.02 -0.526 -0.247 -3.130 0.128 0.103 0.558
2004.2589 39.37 -83.02 -0.325 -0.685 -2.295 0.133 0.106 0.575
2004.2863 39.37 -83.02 -0.627 -0.304 -2.734 0.133 0.106 0.576
2004.3137 39.37 -83.02 -0.167 -0.293 -4.519 0.127 0.101 0.549
2004.3411 39.37 -83.02 -0.199 -0.502 -4.089 0.139 0.110 0.598
2004.3685 39.37 -83.02 -0.072 -0.670 -2.118 0.135 0.106 0.581
2004.3959 39.37 -83.02 -0.039 -0.526 -3.422 0.118 0.093 0.515
2004.4233 39.37 -83.02 -0.224 -0.302 -4.237 0.114 0.089 0.495
2004.4507 39.37 -83.02 0.052 -0.549 -3.588 0.101 0.079 0.440
2004.4781 39.37 -83.02 -0.139 -0.462 -1.665 0.111 0.086 0.481
2004.5055 39.37 -83.02 -0.030 -0.236 -2.368 0.109 0.084 0.470
2004.5329 39.37 -83.02 -0.156 -0.389 -1.290 0.103 0.080 0.447
2004.5603 39.37 -83.02 -0.010 -0.117 -0.418 0.106 0.082 0.458
2004.5877 39.37 -83.02 -0.217 0.138 -1.619 0.107 0.083 0.463
2004.6151 39.37 -83.02 -0.251 0.029 -0.248 0.118 0.091 0.509
2004.6425 39.37 -83.02 -0.277 0.212 0.829 0.100 0.078 0.439
2004.6699 39.37 -83.02 -0.415 0.406 0.403 0.101 0.079 0.441
2004.6973 39.37 -83.02 -0.509 0.706 0.035 0.095 0.074 0.416
2004.7247 39.37 -83.02 -0.801 0.454 -0.822 0.108 0.084 0.471
2004.7521 39.37 -83.02 -0.831 0.418 0.169 0.104 0.081 0.455
2004.7795 39.37 -83.02 -0.916 0.340 0.834 0.101 0.079 0.441
2004.8068 39.37 -83.02 -1.013 0.508 -0.174 0.112 0.086 0.483
2004.8342 39.37 -83.02 -0.851 -0.066 -1.208 0.110 0.085 0.477
2004.8616 39.37 -83.02 -0.690 0.277 -0.427 0.098 0.077 0.429
2004.8890 39.37 -83.02 -0.693 -0.017 -2.457 0.098 0.077 0.428
2004.9164 39.37 -83.02 -0.782 0.070 -2.707 0.106 0.083 0.462
2004.9438 39.37 -83.02 -0.710 -0.554 -3.811 0.118 0.093 0.515
2004.9712 39.37 -83.02 -0.666 -0.119 -3.926 0.106 0.083 0.461
2004.9973 39.37 -83.02 -0.610 -0.390 -4.771 0.103 0.081 0.451
2005.0233 39.37 -83.02 -0.462 -0.318 -7.514 0.118 0.094 0.512
2005.0507 39.37 -83.02 -0.570 -0.431 -6.462 0.171 0.141 0.739
2005.0781 39.37 -83.02 -0.464 -0.425 -4.080 0.131 0.106 0.569
2005.1055 39.37 -83.02 -0.520 0.216 -3.913 0.130 0.106 0.566
2005.1329 39.37 -83.02 -0.193 0.041 -5.756 0.133 0.109 0.581
2005.1603 39.37 -83.02 -0.432 -0.231 -7.047 0.120 0.097 0.523
2005.1877 39.37 -83.02 -0.187 -0.371 -4.146 0.121 0.096 0.526
2005.2151 39.37 -83.02 0.010 -0.363 -4.049 0.115 0.090 0.500
2005.2425 39.37 -83.02 -0.248 -0.371 -3.533 0.110 0.089 0.484
2005.2699 39.37 -83.02 -0.358 -0.797 -3.911 0.117 0.095 0.514
2005.2973 39.37 -83.02 -0.263 -0.589 -0.686 0.124 0.101 0.542
2005.3247 39.37 -83.02 -0.008 0.077 -1.688 0.130 0.106 0.570
2005.3521 39.37 -83.02 0.001 -0.123 -0.658 0.058 0.048 0.276
2005.3795 39.37 -83.02 -0.090 -0.402 -1.785 0.122 0.100 0.538
2005.4068 39.37 -83.02 0.003 -0.303 -2.406 0.113 0.092 0.497
2005.4342 39.37 -83.02 -0.104 -0.462 -0.563 0.129 0.105 0.569
2005.4616 39.37 -83.02 -0.195 -0.351 1.091 0.117 0.096 0.516
2005.4890 39.37 -83.02 -0.171 -0.241 3.366 0.111 0.091 0.491
2005.5164 39.37 -83.02 -0.346 0.098 1.636 0.111 0.091 0.490
2005.5438 39.37 -83.02 -0.555 0.464 0.567 0.120 0.099 0.530
2005.5712 39.37 -83.02 -0.616 0.441 0.141 0.130 0.109 0.574
2005.5986 39.37 -83.02 -0.662 0.262 1.476 0.133 0.111 0.587
2005.6260 39.37 -83.02 -0.607 0.180 0.737 0.118 0.098 0.523
2005.6534 39.37 -83.02 -0.729 0.063 1.516 0.124 0.104 0.549
2005.6808 39.37 -83.02 -0.775 0.478 1.950 0.122 0.102 0.540
2005.7082 39.37 -83.02 -0.699 0.168 3.882 0.146 0.125 0.648
2005.7356 39.37 -83.02 -0.520 0.117 4.067 0.129 0.110 0.573
2005.7630 39.37 -83.02 -0.561 0.283 2.625 0.129 0.111 0.575
2005.7904 39.37 -83.02 -0.599 0.354 2.716 0.121 0.104 0.542
2005.8178 39.37 -83.02 -0.391 0.577 1.401 0.124 0.107 0.555
2005.8452 39.37 -83.02 -0.333 0.950 3.382 0.133 0.115 0.596
2005.8726 39.37 -83.02 -0.233 0.695 4.066 0.116 0.099 0.519
2005.9000 39.37 -83.02 -0.111 0.545 1.387 0.113 0.096 0.507
2005.9274 39.37 -83.02 -0.021 0.475 0.649 0.120 0.095 0.529
2005.9548 39.37 -83.02 -0.245 0.276 -0.724 0.117 0.096 0.543
2005.9822 39.37 -83.02 0.029 0.620 -0.076 0.113 0.093 0.506
2006.0096 39.37 -83.02 -0.223 0.288 1.353 0.122 0.102 0.544
2006.0370 39.37 -83.02 -0.279 0.254 0.406 0.152 0.130 0.678
2006.0644 39.37 -83.02 -0.191 0.223 -1.335 0.154 0.133 0.690
2006.0918 39.37 -83.02 -0.088 0.044 -2.034 0.153 0.133 0.684
2006.1192 39.37 -83.02 0.165 0.221 -2.403 0.172 0.152 0.770
2006.1466 39.37 -83.02 0.016 -0.077 -1.513 0.136 0.119 0.612
2006.1740 39.37 -83.02 0.041 -0.142 -1.345 0.152 0.135 0.681
2006.2014 39.37 -83.02 0.067 -0.239 -2.251 0.119 0.104 0.536
2006.2288 39.37 -83.02 0.084 -0.434 -1.240 0.152 0.136 0.687
2006.2562 39.37 -83.02 0.242 -0.200 -2.057 0.143 0.128 0.644
2006.2836 39.37 -83.02 0.263 -0.198 -0.094 0.140 0.125 0.632
2006.3110 39.37 -83.02 0.489 -0.373 -1.667 0.149 0.134 0.674
2006.3384 39.37 -83.02 0.214 0.043 -0.825 0.135 0.122 0.612
2006.3658 39.37 -83.02 0.193 -0.130 0.328 0.150 0.135 0.677
2006.3932 39.37 -83.02 0.502 -0.213 -0.401 0.148 0.133 0.667
2006.4205 39.37 -83.02 0.311 0.118 0.335 0.148 0.133 0.671
2006.4479 39.37 -83.02 0.281 -0.037 1.385 0.164 0.143 0.733
2006.4753 39.37 -83.02 0.202 0.624 0.347 0.165 0.148 0.745
2006.5027 39.37 -83.02 -0.156 0.558 1.195 0.171 0.155 0.773
2006.5301 39.37 -83.02 -0.003 0.642 -0.457 0.202 0.185 0.913
2006.5575 39.37 -83.02 0.070 0.277 -0.804 0.161 0.146 0.731
2006.5849 39.37 -83.02 0.173 0.052 2.006 0.166 0.151 0.751
2006.6123 39.37 -83.02 0.063 0.325 4.208 0.203 0.187 0.918
2006.6397 39.37 -83.02 -0.198 0.068 2.458 0.173 0.158 0.782
2006.6671 39.37 -83.02 -0.255 0.669 3.381 0.157 0.143 0.713
2006.6945 39.37 -83.02 -0.627 0.722 3.082 0.200 0.183 0.904
2006.7219 39.37 -83.02 -0.341 0.386 1.423 0.189 0.170 0.852
2006.7493 39.37 -83.02 -0.409 0.442 1.807 0.224 0.203 1.010
2006.7767 39.37 -83.02 -0.346 0.881 2.884 0.194 0.177 0.878
2006.8041 39.37 -83.02 -0.368 0.356 0.149 0.157 0.142 0.711
2006.8315 39.37 -83.02 -0.480 0.580 2.608 0.182 0.166 0.823
2006.8589 39.37 -83.02 -0.370 0.870 -1.601 0.178 0.161 0.802
2006.8863 39.37 -83.02 -0.476 0.585 -0.489 0.171 0.154 0.770
2006.9137 39.37 -83.02 -0.325 0.640 -0.164 0.166 0.148 0.749
2006.9411 39.37 -83.02 -0.343 0.120 -1.699 0.164 0.146 0.737
2006.9685 39.37 -83.02 -0.301 0.408 -1.540 0.163 0.143 0.733
2006.9959 39.37 -83.02 -0.400 -0.157 -2.389 0.163 0.140 0.729
2007.0233 39.37 -83.02 -0.258 -0.092 -2.105 0.152 0.129 0.679
2007.0507 39.37 -83.02 -0.367 -0.445 -2.458 0.158 0.135 0.707
2007.0781 39.37 -83.02 -0.260 -0.289 -2.518 0.161 0.143 0.726
2007.1055 39.37 -83.02 0.049 -0.629 0.156 0.144 0.127 0.651
2007.1329 39.37 -83.02 0.018 -0.366 -0.442 0.157 0.139 0.708
2007.1603 39.37 -83.02 -0.132 -0.638 -2.326 0.149 0.133 0.675
2007.1877 39.37 -83.02 -0.207 -0.693 2.132 0.192 0.174 0.865
2007.2151 39.37 -83.02 0.078 -0.177 -2.864 0.171 0.155 0.773
2007.2425 39.37 -83.02 0.442 -0.331 -2.463 0.164 0.149 0.744
2007.2699 39.37 -83.02 0.152 -0.441 -1.666 0.132 0.116 0.598
2007.2973 39.37 -83.02 0.110 -0.340 -2.007 0.125 0.110 0.565
2007.3247 39.37 -83.02 0.118 -0.022 -1.220 0.152 0.136 0.686
2007.3521 39.37 -83.02 0.124 -0.385 0.527 0.165 0.150 0.748
2007.3795 39.37 -83.02 0.270 -0.170 0.446 0.173 0.158 0.784
2007.4068 39.37 -83.02 0.547 -0.255 0.461 0.145 0.130 0.657
2007.4342 39.37 -83.02 0.448 -0.139 1.137 0.139 0.124 0.630
2007.4616 39.37 -83.02 0.447 -0.409 0.719 0.181 0.165 0.819
2007.4890 39.37 -83.02 0.229 -0.188 2.696 0.140 0.124 0.633
2007.5164 39.37 -83.02 0.136 -0.140 6.176 0.148 0.132 0.668
2007.5438 39.37 -83.02 0.167 -0.110 4.003 0.143 0.128 0.648
2007.5712 39.37 -83.02 -0.183 -0.013 3.719 0.147 0.131 0.666
2007.5986 39.37 -83.02 0.017 0.046 5.936 0.180 0.162 0.810
2007.6260 39.37 -83.02 -0.117 -0.048 5.111 0.147 0.131 0.665
2007.6534 39.37 -83.02 0.326 -0.066 4.660 0.150 0.133 0.675
2007.6808 39.37 -83.02 -0.224 0.173 4.967 0.158 0.139 0.710
2007.7082 39.37 -83.02 -0.126 0.269 6.034 0.118 0.101 0.534
2007.7356 39.37 -83.02 -0.037 0.742 4.533 0.162 0.142 0.728
2007.7630 39.37 -83.02 -0.178 0.468 3.911 0.126 0.107 0.568
2007.7904 39.37 -83.02 -0.029 0.435 4.935 0.159 0.141 0.716
2007.8178 39.37 -83.02 -0.241 0.276 1.919 0.182 0.164 0.821
2007.8452 39.37 -83.02 -0.200 0.243 2.692 0.149 0.132 0.675
2007.8726 39.37 -83.02 -0.129 -0.067 4.794 0.173 0.154 0.782
2007.9000 39.37 -83.02 -0.200 0.484 3.112 0.185 0.159 0.824
2007.9274 39.37 -83.02 0.165 0.477 -0.093 0.179 0.161 0.811
2007.9548 39.37 -83.02 -0.057 0.304 -0.703 0.135 0.120 0.614
2007.9822 39.37 -83.02 -0.116 0.153 -1.141 0.166 0.149 0.750
2008.0096 39.37 -83.02 0.142 0.094 -0.622 0.146 0.131 0.661
2008.0370 39.37 -83.02 -0.063 -0.090 -0.456 0.150 0.136 0.679
2008.0644 39.37 -83.02 0.039 -0.184 -0.356 0.172 0.157 0.779
2008.0918 39.37 -83.02 0.235 -0.133 -0.801 0.139 0.124 0.631
2008.1192 39.37 -83.02 0.421 -0.083 -1.824 0.162 0.147 0.735
2008.1466 39.37 -83.02 0.386 -0.214 -1.978 0.187 0.172 0.851
2008.1740 39.37 -83.02 0.444 -0.123 -3.386 0.164 0.150 0.746
2008.2014 39.37 -83.02 0.343 0.126 -2.634 0.175 0.162 0.797
2008.2288 39.37 -83.02 0.442 -0.055 -2.522 0.206 0.186 0.933
2008.2562 39.37 -83.02 0.634 -0.437 -2.449 0.192 0.174 0.868
2008.2836 39.37 -83.02 0.581 -0.395 -1.779 0.230 0.209 1.041
2008.3110 39.37 -83.02 0.650 -0.557 -1.595 0.237 0.217 1.073
2008.3384 39.37 -83.02 0.809 -0.304 -2.493 0.176 0.160 0.796
2008.3658 39.37 -83.02 0.625 -0.572 -2.459 0.180 0.162 0.814
2008.3932 39.37 -83.02 0.551 -0.774 -2.317 0.164 0.147 0.743
2008.4205 39.37 -83.02 0.575 -0.579 -0.434 0.144 0.128 0.650
2008.4479 39.37 -83.02 0.629 -0.995 -0.103 0.146 0.130 0.659
2008.4753 39.37 -83.02 0.567 -0.863 2.465 0.142 0.126 0.640
2008.5027 39.37 -83.02 0.677 -0.428 2.101 0.173 0.154 0.780
2008.5301 39.37 -83.02 0.533 -0.139 1.929 0.215 0.191 0.967
2008.5575 39.37 -83.02 0.415 -0.244 1.312 0.142 0.122 0.636
2008.5849 39.37 -83.02 0.268 0.306 1.756 0.158 0.141 0.713
2008.6123 39.37 -83.02 0.129 0.366 0.777 0.133 0.116 0.600
2008.6397 39.37 -83.02 0.232 -0.020 1.395 0.146 0.128 0.656
2008.6671 39.37 -83.02 -0.100 0.070 1.620 0.140 0.123 0.630
2008.6945 39.37 -83.02 -0.085 -0.052 2.206 0.136 0.118 0.610
2008.7219 39.37 -83.02 0.241 -0.225 1.827 0.155 0.138 0.699
2008.7493 39.37 -83.02 0.105 -0.163 3.851 0.141 0.125 0.635
2008.7767 39.37 -83.02 0.112 -0.213 3.673 0.163 0.147 0.736
2008.8041 39.37 -83.02 0.032 -0.004 2.036 0.164 0.149 0.741
2008.8315 39.37 -83.02 -0.176 0.194 4.399 0.185 0.168 0.837
2008.8589 39.37 -83.02 0.170 0.075 4.437 0.216 0.196 0.976
2008.8863 39.37 -83.02 0.372 0.299 4.154 0.207 0.188 0.937
2008.9137 39.37 -83.02 0.081 0.153 1.072 0.197 0.180 0.892
2008.9411 39.37 -83.02 0.029 0.228 2.172 0.207 0.188 0.936
2008.9685 39.37 -83.02 -0.042 0.095 -0.435 0.193 0.175 0.876
2008.9945 39.37 -83.02 0.424 0.165 0.897 0.163 0.149 0.742
2009.0205 39.37 -83.02 0.434 -0.297 0.897 0.160 0.147 0.729
2009.0479 39.37 -83.02 0.467 -0.197 -0.787 0.161 0.147 0.731
2009.0753 39.37 -83.02 0.183 -0.119 -1.299 0.155 0.140 0.703
2009.1027 39.37 -83.02 0.385 -0.200 -2.012 0.192 0.176 0.870
2009.1301 39.37 -83.02 0.408 -0.298 -2.446 0.153 0.139 0.697
2009.1575 39.37 -83.02 0.311 -0.043 -1.214 0.156 0.141 0.711
2009.1849 39.37 -83.02 0.460 -0.550 0.242 0.178 0.164 0.809
2009.2123 39.37 -83.02 0.668 -0.468 -1.574 0.155 0.137 0.699
2009.2397 39.37 -83.02 0.476 -0.778 -2.719 0.174 0.159 0.789
2009.2671 39.37 -83.02 0.543 -0.891 -2.223 0.146 0.132 0.663
2009.2945 39.37 -83.02 0.578 -0.805 -0.214 0.149 0.135 0.678
2009.3219 39.37 -83.02 0.425 -0.720 -0.981 0.156 0.141 0.708
2009.3493 39.37 -83.02 0.551 -1.171 -0.815 0.144 0.129 0.651
2009.3767 39.37 -83.02 0.449 -1.165 -0.301 0.151 0.135 0.683
2009.4041 39.37 -83.02 0.683 -0.804 -0.522 0.134 0.118 0.606
2009.4315 39.37 -83.02 0.750 -0.654 0.083 0.153 0.137 0.690
2009.4589 39.37 -83.02 0.542 -0.163 1.273 0.130 0.115 0.590
2009.4863 39.37 -83.02 0.396 0.249 -0.188 0.144 0.126 0.648
2009.5137 39.37 -83.02 0.583 0.132 -0.147 0.139 0.119 0.622
2009.5411 39.37 -83.02 0.376 0.145 -0.520 0.169 0.148 0.761
2009.5685 39.37 -83.02 0.406 -0.128 -0.942 0.182 0.159 0.819
2009.5959 39.37 -83.02 -0.041 -0.138 -1.049 0.160 0.139 0.719
2009.6233 39.37 -83.02 0.063 0.317 -0.362 0.165 0.145 0.742
2009.6507 39.37 -83.02 0.227 0.142 -0.812 0.159 0.140 0.715
2009.6781 39.37 -83.02 0.265 0.103 0.538 0.169 0.151 0.763
2009.7055 39.37 -83.02 -0.118 -0.049 2.922 0.175 0.157 0.789
2009.7329 39.37 -83.02 -0.260 0.291 3.361 0.169 0.152 0.762
2009.7603 39.37 -83.02 -0.261 0.015 2.255 0.192 0.173 0.868
2009.7877 39.37 -83.02 -0.258 -0.197 0.895 0.177 0.160 0.802
2009.8151 39.37 -83.02 -0.005 -0.403 0.770 0.190 0.172 0.858
2009.8425 39.37 -83.02 -0.309 -0.098 -0.669 0.173 0.156 0.782
2009.8699 39.37 -83.02 -0.341 -0.091 1.090 0.165 0.149 0.749
2009.8973 39.37 -83.02 -0.324 -0.366 2.890 0.155 0.139 0.701
2009.9247 39.37 -83.02 -0.223 0.252 1.163 0.156 0.137 0.703
2009.9521 39.37 -83.02 -0.472 -0.234 -2.508 0.145 0.130 0.658
2009.9795 39.37 -83.02 -0.279 -0.184 -1.005 0.149 0.133 0.677
2010.0068 39.37 -83.02 -0.118 -0.283 -1.247 0.187 0.170 0.848
2010.0342 39.37 -83.02 0.083 -0.604 -0.695 0.147 0.132 0.668
2010.0616 39.37 -83.02 -0.136 -0.120 -0.980 0.151 0.135 0.683
2010.0890 39.37 -83.02 -0.147 -0.618 -4.542 0.179 0.163 0.810
2010.1164 39.37 -83.02 -0.266 -0.539 -3.242 0.185 0.168 0.837
2010.1438 39.37 -83.02 -0.086 -0.668 -5.469 0.179 0.161 0.809
2010.1712 39.37 -83.02 -0.192 -0.339 -2.047 0.171 0.154 0.774
2010.1986 39.37 -83.02 0.013 -0.458 -2.065 0.164 0.147 0.742
2010.2260 39.37 -83.02 -0.234 -0.759 -2.103 0.179 0.161 0.810
2010.2534 39.37 -83.02 -0.488 -0.695 -2.473 0.185 0.165 0.835
2010.2808 39.37 -83.02 0.558 -0.562 1.352 0.144 0.126 0.649
2010.3082 39.37 -83.02 0.146 -0.586 2.319 0.150 0.133 0.678
2010.3356 39.37 -83.02 0.511 -0.695 2.398 0.139 0.120 0.624
2010.3630 39.37 -83.02 0.360 -0.417 1.721 0.147 0.127 0.662
2010.3904 39.37 -83.02 0.283 -0.425 0.268 0.154 0.124 0.675
2010.4178 39.37 -83.02 0.498 -0.402 0.854 0.157 0.135 0.702
2010.4452 39.37 -83.02 0.635 -0.533 -0.317 0.139 0.120 0.627
2010.4726 39.37 -83.02 0.460 -0.522 2.343 0.126 0.108 0.569
2010.5000 39.37 -83.02 0.411 -0.474 3.007 0.141 0.122 0.636
2010.5274 39.37 -83.02 0.392 -0.247 2.678 0.214 0.194 0.964
2010.5548 39.37 -83.02 -0.161 -0.476 3.531 0.139 0.124 0.629
2010.5822 39.37 -83.02 0.227 -0.360 2.041 0.126 0.112 0.572
2010.6096 39.37 -83.02 0.093 -0.092 1.767 0.160 0.146 0.726
2010.6370 39.37 -83.02 -0.239 -0.290 0.233 0.144 0.130 0.653
2010.6644 39.37 -83.02 -0.411 0.149 2.181 0.136 0.122 0.615
2010.6918 39.37 -83.02 -0.435 0.136 2.670 0.161 0.147 0.729
2010.7192 39.37 -83.02 -0.021 0.001 2.255 0.150 0.136 0.681
2010.7466 39.37 -83.02 -0.093 -0.028 2.744 0.173 0.158 0.783
2010.7740 39.37 -83.02 -0.139 -0.040 1.751 0.143 0.129 0.650
2010.8014 39.37 -83.02 -0.044 0.018 4.307 0.136 0.122 0.618
2010.8288 39.37 -83.02 0.019 0.179 3.189 0.154 0.140 0.698
2010.8562 39.37 -83.02 -0.008 0.168 3.335 0.152 0.137 0.687
2010.8836 39.37 -83.02 -0.128 0.237 2.947 0.142 0.127 0.643
2010.9110 39.37 -83.02 0.053 -0.143 1.211 0.154 0.139 0.697
2010.9384 39.37 -83.02 -0.104 -0.074 0.359 0.160 0.144 0.721
2010.9658 39.37 -83.02 0.100 -0.269 -0.906 0.175 0.158 0.788
2010.9932 39.37 -83.02 -0.048 -0.239 -1.042 0.156 0.102 0.644
2011.1027 39.37 -83.02 0.157 -0.252 -0.860 0.151 0.120 0.666
2011.1301 39.37 -83.02 0.211 0.115 -1.400 0.209 0.188 0.940
2011.1575 39.37 -83.02 0.271 -0.560 -0.092 0.144 0.125 0.646
2011.1849 39.37 -83.02 0.368 -0.587 -3.723 0.117 0.099 0.528
2011.2123 39.37 -83.02 0.074 -0.777 -2.713 0.178 0.160 0.802
2011.2397 39.37 -83.02 0.045 -0.290 -2.421 0.184 0.167 0.830
2011.2671 39.37 -83.02 0.388 -0.238 -1.402 0.151 0.135 0.682
2011.2945 39.37 -83.02 0.405 -0.786 -3.602 0.174 0.158 0.784
2011.3219 39.37 -83.02 0.520 -0.874 -2.277 0.163 0.148 0.737
2011.3493 39.37 -83.02 0.738 -1.133 -0.881 0.148 0.133 0.669
2011.3767 39.37 -83.02 1.024 -0.912 -1.614 0.171 0.155 0.771
2011.4041 39.37 -83.02 0.809 -1.011 -4.497 0.153 0.136 0.689
2011.4315 39.37 -83.02 1.181 -0.931 -2.245 0.163 0.133 0.717
2011.5137 39.37 -83.02 0.797 -0.927 0.520 0.146 0.124 0.651
2011.5411 39.37 -83.02 0.530 -0.836 2.144 0.150 0.133 0.677
2011.5685 39.37 -83.02 0.569 -0.497 3.023 0.148 0.130 0.666
2011.5959 39.37 -83.02 0.475 -0.319 1.689 0.157 0.139 0.708
2011.6233 39.37 -83.02 0.260 -0.488 2.445 0.158 0.139 0.712
2011.6507 39.37 -83.02 0.515 -0.140 2.762 0.183 0.164 0.823
2011.6781 39.37 -83.02 0.299 0.204 1.734 0.170 0.153 0.765
2011.7055 39.37 -83.02 0.022 0.622 1.906 0.170 0.153 0.765
2011.7329 39.37 -83.02 0.336 0.700 1.860 0.195 0.177 0.876
2011.7603 39.37 -83.02 0.263 0.867 -0.101 0.168 0.152 0.759
2011.7877 39.37 -83.02 0.014 0.259 2.472 0.178 0.162 0.804
2011.8151 39.37 -83.02 -0.180 0.404 0.624 0.176 0.159 0.790
2011.8425 39.37 -83.02 0.107 0.344 0.390 0.189 0.172 0.849
2011.8699 39.37 -83.02 0.135 -0.060 -0.382 0.186 0.162 0.829
2011.9521 39.37 -83.02 0.152 0.202 -3.614 0.135 0.097 0.574
2011.9795 39.37 -83.02 -0.053 0.190 -2.374 0.155 0.136 0.691
2012.0068 39.37 -83.02 0.028 0.019 -2.020 0.145 0.126 0.645
2012.0342 39.37 -83.02 0.241 -0.089 -0.381 0.173 0.148 0.762
2012.0616 39.37 -83.02 0.252 -0.169 -2.670 0.151 0.129 0.670
2012.0890 39.37 -83.02 0.333 -0.135 -2.083 0.150 0.127 0.662
2012.1164 39.37 -83.02 0.053 -0.387 -4.133 0.148 0.123 0.650
2012.1438 39.37 -83.02 0.466 -0.503 -2.681 0.153 0.126 0.670
2012.1712 39.37 -83.02 0.678 -0.413 -1.800 0.148 0.120 0.646
2012.1986 39.37 -83.02 0.428 -0.335 -2.049 0.135 0.108 0.588
2012.2260 39.37 -83.02 0.233 -0.523 0.027 0.137 0.110 0.594
2012.2534 39.37 -83.02 0.564 -0.188 0.014 0.133 0.107 0.577
2012.2808 39.37 -83.02 0.692 -0.584 0.259 0.124 0.099 0.539
2012.3082 39.37 -83.02 0.630 -0.531 -0.301 0.159 0.101 0.652
2012.3904 39.37 -83.02 0.803 -0.196 3.546 0.158 0.120 0.680
2012.4178 39.37 -83.02 0.618 -0.146 1.150 0.114 0.091 0.497
2012.4452 39.37 -83.02 0.603 -0.051 2.113 0.114 0.090 0.494
2012.4726 39.37 -83.02 0.342 0.116 2.634 0.122 0.097 0.530
2012.5000 39.37 -83.02 0.434 0.256 4.425 0.117 0.092 0.508
2012.5274 39.37 -83.02 0.148 0.438 6.370 0.123 0.098 0.535
2012.5548 39.37 -83.02 0.029 0.462 4.821 0.123 0.098 0.535
2012.5822 39.37 -83.02 -0.168 0.732 4.360 0.129 0.104 0.563
2012.6096 39.37 -83.02 -0.241 0.794 3.602 0.127 0.104 0.556
2012.6370 39.37 -83.02 -0.215 0.747 2.884 0.117 0.097 0.516
2012.6644 39.37 -83.02 -0.666 0.794 4.003 0.128 0.106 0.561
2012.6918 39.37 -83.02 -0.657 0.448 2.708 0.130 0.111 0.577
2012.7192 39.37 -83.02 -0.545 0.792 4.664 0.154 0.135 0.685
2012.7466 39.37 -83.02 -0.437 0.329 3.367 0.125 0.088 0.527
2012.8562 39.37 -83.02 -0.209 0.708 1.561 0.162 0.141 0.719
2012.8836 39.37 -83.02 -0.234 0.799 2.577 0.149 0.135 0.672
2012.9110 39.37 -83.02 -0.328 0.707 1.915 0.142 0.128 0.639
2012.9384 39.37 -83.02 -0.185 1.010 2.599 0.139 0.122 0.626
2012.9658 39.37 -83.02 -0.237 0.765 2.545 0.151 0.138 0.685
2012.9918 39.37 -83.02 -0.306 0.794 0.531 0.078 0.068 0.356
2013.0178 39.37 -83.02 -0.288 0.313 0.438 0.090 0.080 0.411
2013.0452 39.37 -83.02 -0.402 0.259 0.817 0.090 0.080 0.410
2013.0726 39.37 -83.02 -0.342 0.736 0.531 0.083 0.074 0.381
2013.1000 39.37 -83.02 -0.023 0.496 -1.278 0.085 0.075 0.390
2013.1274 39.37 -83.02 0.023 0.548 -0.437 0.080 0.070 0.366
2013.1548 39.37 -83.02 0.175 0.376 0.965 0.078 0.063 0.351
2013.2644 39.37 -83.02 0.331 0.255 -0.788 0.097 0.047 0.376
2013.2918 39.37 -83.02 0.359 0.578 2.214 0.082 0.072 0.374
2013.3192 39.37 -83.02 0.423 0.096 -1.243 0.089 0.080 0.409
2013.3466 39.37 -83.02 0.409 0.301 -1.576 0.091 0.082 0.419
2013.3740 39.37 -83.02 0.134 0.132 -1.659 0.079 0.071 0.365
2013.4014 39.37 -83.02 0.066 0.111 0.261 0.081 0.073 0.375
2013.4288 39.37 -83.02 0.375 -0.257 0.113 0.073 0.064 0.337
2013.4562 39.37 -83.02 0.380 0.131 -0.954 0.074 0.065 0.342
2013.4836 39.37 -83.02 0.355 0.578 1.896 0.076 0.067 0.349
2013.5110 39.37 -83.02 -0.302 0.350 -1.906 0.084 0.075 0.387
2013.5384 39.37 -83.02 -0.185 0.198 -2.234 0.085 0.072 0.383
2013.5658 39.37 -83.02 0.017 0.940 0.105 0.087 0.077 0.398
2013.7575 39.37 -83.02 -0.277 0.700 0.994 0.085 0.072 0.383
2013.7849 39.37 -83.02 -0.095 0.452 0.769 0.087 0.075 0.393
2013.8123 39.37 -83.02 0.071 0.332 1.550 0.079 0.068 0.362
2013.8397 39.37 -83.02 0.151 0.553 1.545 0.080 0.069 0.365
2013.8671 39.37 -83.02 0.056 0.567 1.422 0.086 0.073 0.390
2013.8945 39.37 -83.02 0.150 0.620 0.506 0.080 0.068 0.363
2013.9219 39.37 -83.02 0.040 0.543 0.722 0.072 0.061 0.329
2013.9493 39.37 -83.02 -0.192 0.859 0.087 0.076 0.065 0.346
2013.9767 39.37 -83.02 -0.072 0.203 2.038 0.077 0.066 0.352
2014.0041 39.37 -83.02 -0.059 0.502 1.356 0.074 0.064 0.340
2014.0315 39.37 -83.02 0.036 0.521 -0.843 0.077 0.066 0.351
2014.1685 39.37 -83.02 0.345 0.199 0.534 0.082 0.070 0.372
2014.1959 39.37 -83.02 0.288 0.283 -1.520 0.082 0.072 0.374
2014.2233 39.37 -83.02 0.136 0.391 -0.695 0.078 0.068 0.357
2014.2507 39.37 -83.02 0.075 0.343 -1.191 0.071 0.063 0.330
2014.2781 39.37 -83.02 0.091 0.300 -2.211 0.076 0.066 0.347
2014.3055 39.37 -83.02 0.293 0.216 -1.156 0.073 0.064 0.335
2014.3329 39.37 -83.02 0.432 0.513 -2.353 0.061 0.052 0.282
2014.3603 39.37 -83.02 0.303 0.586 0.341 0.068 0.059 0.314
2014.3877 39.37 -83.02 0.799 0.119 -0.449 0.068 0.059 0.315
2014.4151 39.37 -83.02 0.626 -0.035 0.211 0.068 0.059 0.313
2014.4425 39.37 -83.02 0.639 -0.113 -0.143 0.072 0.062 0.330
2014.4699 39.37 -83.02 0.834 0.248 0.378 0.072 0.062 0.329
2014.5795 39.37 -83.02 0.767 0.395 2.220 0.066 0.051 0.300
2014.6068 39.37 -83.02 0.659 0.204 0.556 0.064 0.054 0.294
2014.6342 39.37 -83.02 0.521 0.477 1.174 0.059 0.049 0.272
2014.6616 39.37 -83.02 0.439 0.334 -0.305 0.065 0.055 0.298
2014.6890 39.37 -83.02 0.466 0.496 -1.456 0.063 0.054 0.291
2014.7164 39.37 -83.02 0.519 -0.103 0.398 0.062 0.053 0.285
2014.7438 39.37 -83.02 0.669 0.367 2.540 0.067 0.057 0.306
2014.7712 39.37 -83.02 0.617 0.134 4.808 0.066 0.056 0.303
2014.7986 39.37 -83.02 0.394 0.646 0.231 0.059 0.050 0.274
2014.8260 39.37 -83.02 0.374 0.242 1.406 0.059 0.049 0.273
2014.8534 39.37 -83.02 0.556 0.478 0.164 0.063 0.052 0.287
2014.8808 39.37 -83.02 0.487 0.339 -0.478 0.063 0.052 0.287
2014.9082 39.37 -83.02 0.643 0.561 -1.036 0.064 0.053 0.292
2015.0452 39.37 -83.02 0.626 0.502 -1.547 0.049 0.038 0.229
2015.0726 39.37 -83.02 0.588 -0.033 -2.188 0.053 0.040 0.241
2015.1000 39.37 -83.02 0.838 -0.396 -2.319 0.048 0.037 0.222
2015.1274 39.37 -83.02 0.623 0.191 -0.297 0.045 0.035 0.209
2015.1548 39.37 -83.02 0.606 0.007 -2.775 0.051 0.039 0.233
2015.1822 39.37 -83.02 0.437 0.053 -3.029 0.048 0.037 0.223
2015.2096 39.37 -83.02 0.165 0.462 -2.950 0.063 0.050 0.283
2015.2370 39.37 -83.02 0.491 -0.260 0.533 0.068 0.056 0.307
2015.2644 39.37 -83.02 0.703 -0.607 0.172 0.060 0.050 0.276
2015.2918 39.37 -83.02 0.441 0.200 -1.100 0.060 0.051 0.279
2015.3192 39.37 -83.02 0.667 0.147 1.999 0.058 0.049 0.270
2015.3466 39.37 -83.02 0.644 -0.042 2.692 0.063 0.053 0.289
2015.4836 39.37 -83.02 1.106 0.203 -1.263 0.060 0.044 0.269
2015.5110 39.37 -83.02 1.052 -0.068 -1.410 0.057 0.044 0.261
2015.5384 39.37 -83.02 1.026 -0.276 -1.037 0.062 0.050 0.284
2015.5658 39.37 -83.02 0.856 -0.002 1.063 0.062 0.052 0.285
2015.5932 39.37 -83.02 0.782 0.344 0.189 0.064 0.054 0.294
2015.6205 39.37 -83.02 0.683 0.273 1.478 0.063 0.052 0.286
2015.6479 39.37 -83.02 0.399 0.320 1.353 0.061 0.050 0.278
2015.6753 39.37 -83.02 0.387 0.184 1.877 0.059 0.048 0.269
2015.7027 39.37 -83.02 0.548 -0.006 4.056 0.063 0.053 0.290
2015.7301 39.37 -83.02 0.382 0.407 5.268 0.064 0.053 0.291
2015.9493 39.37 -83.02 -0.005 0.289 -2.783 0.061 0.052 0.285
2015.9767 39.37 -83.02 0.100 0.038 -0.602 0.064 0.054 0.294
2016.0041 39.37 -83.02 0.260 -0.173 -3.068 0.058 0.049 0.269
2016.0315 39.37 -83.02 0.578 0.064 -2.223 0.056 0.046 0.257
2016.0589 39.37 -83.02 0.426 0.040 -4.027 0.057 0.047 0.263
2016.0863 39.37 -83.02 0.229 -0.863 -2.650 0.052 0.043 0.243
2016.1137 39.37 -83.02 0.324 -0.651 -3.788 0.058 0.048 0.266
2016.1411 39.37 -83.02 0.390 -0.325 -0.110 0.068 0.057 0.307
2016.1685 39.37 -83.02 0.244 -0.987 -2.960 0.072 0.062 0.328
2016.1959 39.37 -83.02 0.619 -0.551 2.632 0.071 0.063 0.326
2016.2233 39.37 -83.02 0.847 -0.619 0.817 0.072 0.065 0.331
2016.2507 39.37 -83.02 0.793 0.002 1.001 0.061 0.050 0.279
2016.3603 39.37 -83.02 0.852 0.231 2.914 0.056 0.048 0.261
2016.3877 39.37 -83.02 1.100 0.305 0.344 0.065 0.056 0.299
2016.4151 39.37 -83.02 1.130 -0.028 3.428 0.064 0.054 0.294
2016.4425 39.37 -83.02 0.803 0.031 1.990 0.069 0.059 0.313
2016.4699 39.37 -83.02 0.803 0.193 2.792 0.067 0.057 0.307
