2002.5877 38.41 140.85 124.95717801863766 9.94652994547569
2002.6151 38.41 140.85 55.05044641487181 9.68424913912960
2002.6425 38.41 140.85 123.64709000755703 9.88704457533576
2002.6699 38.41 140.85 126.70810367658258 8.28313931382380
2002.6973 38.41 140.85 102.42501797085951 13.03957642216827
2002.7247 38.41 140.85 94.17424388122846 9.39895478473812
2002.7521 38.41 140.85 98.51094516393104 8.60800976105916
2002.7795 38.41 140.85 73.94110006487708 9.84780779405386
2002.8068 38.41 140.85 93.81185508687207 8.93303461037592
2002.8342 38.41 140.85 76.87863244201839 8.75987188937421
2002.8616 38.41 140.85 84.58996846989388 8.33020360553017
2002.8890 38.41 140.85 84.13319909585243 8.91090306153718
2002.9164 38.41 140.85 95.61039073295595 9.21002778337624
2003.0260 38.41 140.85 89.11792967027029 10.27747584202662
2003.0534 38.41 140.85 117.72665596009391 18.05662518204277
2003.0808 38.41 140.85 147.14709564101429 14.85714237038709
2003.1082 38.41 140.85 123.91389989189007 8.23780640686875
2003.1356 38.41 140.85 156.61161297738332 7.57046763126355
2003.1630 38.41 140.85 148.57717586006373 8.24721292970056
2003.1904 38.41 140.85 150.61164799424697 9.63966607508425
2003.2178 38.41 140.85 132.54865233525990 8.14374999382414
2003.2452 38.41 140.85 128.01479366560082 8.10101477545541
2003.2726 38.41 140.85 108.87890453821959 7.88073219173324
2003.3000 38.41 140.85 68.04733716742103 7.73710213812032
2003.3274 38.41 140.85 62.70275638194778 10.40117769058625
2003.3548 38.41 140.85 52.53769843319282 11.85567680616705
2003.3822 38.41 140.85 58.57075078336376 10.02492746992418
2003.5192 38.41 140.85 83.25978160197457 11.58814832213979
2003.5466 38.41 140.85 82.87560733244015 13.24202225789907
2003.5740 38.41 140.85 78.43001896031281 15.88088825415129
2003.6014 38.41 140.85 99.05402012135258 13.28129234655233
2003.6288 38.41 140.85 100.27982020776382 12.19448535729490
2003.6562 38.41 140.85 98.39627259674313 13.33975353120014
2003.6836 38.41 140.85 91.38690793518566 13.40797003894322
2003.7110 38.41 140.85 84.87133669413750 9.86469347610055
2003.7384 38.41 140.85 82.49930556479843 12.53928535369693
2003.7658 38.41 140.85 62.37051253033268 11.40655552279269
2003.7932 38.41 140.85 44.12310820203746 12.99057450911954
2003.8205 38.41 140.85 72.31453412251163 13.77425464866810
2003.8479 38.41 140.85 60.25855142167432 11.61091003733228
2003.8753 38.41 140.85 54.77891153194305 12.83570207894528
2003.9027 38.41 140.85 66.39530071198921 11.23659406360648
2003.9301 38.41 140.85 65.80128298286689 12.01570988703245
2003.9575 38.41 140.85 79.78513678821754 13.99641739032379
2003.9849 38.41 140.85 53.57202146167148 13.05995301932444
2004.0123 38.41 140.85 93.74873050396492 14.02534174466678
2004.0397 38.41 140.85 107.87082838969826 10.60999757074177
2004.0945 38.41 140.85 104.24238647946424 9.89455812899464
2004.1219 38.41 140.85 120.41046302587527 11.48731284374358
2004.1493 38.41 140.85 111.63520635766371 13.69690298926544
2004.1767 38.41 140.85 115.54246762472326 15.09235795384082
2004.2041 38.41 140.85 115.14920817151663 11.80982859863559
2004.2315 38.41 140.85 122.63179571557060 11.99084753590716
2004.2589 38.41 140.85 118.07570974395890 12.34205745764835
2004.2863 38.41 140.85 80.98452695030991 12.41154225691471
2004.3137 38.41 140.85 50.47652178735441 11.72212791652500
2004.3411 38.41 140.85 60.11164580529693 13.00776224842047
2004.3685 38.41 140.85 86.03210612508089 12.23041108258356
2004.3959 38.41 140.85 76.32681634223752 10.50993054975338
2004.4233 38.41 140.85 49.41515648000650 10.05319195124773
2004.4507 38.41 140.85 55.48547514581373 9.00340842947572
2004.4781 38.41 140.85 58.82491654120878 10.01861736648915
2004.5055 38.41 140.85 57.41792860516508 9.71390544004258
2004.5329 38.41 140.85 83.19772485285759 9.06933445841856
2004.5603 38.41 140.85 75.35981556485447 9.41921268800996
2004.5877 38.41 140.85 91.95983917956498 9.43688178557618
2004.6151 38.41 140.85 84.79661717417679 10.46496034081916
2004.6425 38.41 140.85 70.95236034245022 8.71174312815398
2004.6699 38.41 140.85 71.35173467901396 8.68598138433403
2004.6973 38.41 140.85 59.11599346259742 8.06179738852024
2004.7247 38.41 140.85 77.50939904727311 9.43413206692666
2004.7521 38.41 140.85 69.50575055578047 8.94324344563500
2004.7795 38.41 140.85 73.49243060336543 8.79626766947213
2004.8068 38.41 140.85 67.88621451486024 9.94288215460130
2004.8342 38.41 140.85 74.39270594793146 9.83974582104011
2004.8616 38.41 140.85 45.42557414889905 8.45737610401493
2004.8890 38.41 140.85 44.80289612556597 8.50330771387210
2004.9164 38.41 140.85 44.70703551208579 9.45314679326739
2004.9438 38.41 140.85 38.52212334798270 10.20953748624805
2004.9712 38.41 140.85 53.21388312369861 9.61586400740636
2004.9973 38.41 140.85 76.63200928570831 9.09066467913497
2005.0233 38.41 140.85 70.91865123115879 11.01839067160659
2005.0507 38.41 140.85 84.20261699179561 17.34226638166287
2005.0781 38.41 140.85 101.26430206270797 12.61949099242371
2005.1055 38.41 140.85 108.20629336445008 12.47887862329489
2005.1329 38.41 140.85 119.73939326787062 12.79907315874724
2005.1603 38.41 140.85 127.37767304421064 11.10943682419779
2005.1877 38.41 140.85 110.09427722531781 10.95802125565755
2005.2151 38.41 140.85 117.02355146740946 10.06949351403141
2005.2425 38.41 140.85 95.01265155738412 9.92512861445932
2005.2699 38.41 140.85 101.39114856978013 10.72219380439532
2005.2973 38.41 140.85 85.98520750731215 11.42548841060061
2005.3247 38.41 140.85 56.49251999136010 12.05849936220040
2005.3521 38.41 140.85 47.69474752737540 4.27028926877306
2005.3795 38.41 140.85 54.62465201433090 11.18690991269602
2005.4068 38.41 140.85 57.56332585546465 10.05701369106454
2005.4342 38.41 140.85 30.73004170770438 11.52777432386434
2005.4616 38.41 140.85 41.23507293392919 10.58186075808734
2005.4890 38.41 140.85 34.37392366935562 10.01585564040831
2005.5164 38.41 140.85 54.24981865416503 9.95526787082607
2005.5438 38.41 140.85 75.08240349890178 11.03192701630545
2005.5712 38.41 140.85 73.28886602303065 12.17244952202310
2005.5986 38.41 140.85 59.34436633114204 12.46213547403703
2005.6260 38.41 140.85 65.17918888083767 10.84576861147346
2005.6534 38.41 140.85 72.33778873374190 11.61357164294254
2005.6808 38.41 140.85 73.69056375927633 11.32203880084412
2005.7082 38.41 140.85 54.72037472575924 14.18597231814817
2005.7356 38.41 140.85 53.20378302873205 12.28814326227599
2005.7630 38.41 140.85 39.13617707189437 12.30484102148459
2005.7904 38.41 140.85 33.55489875882210 11.34730951474944
2005.8178 38.41 140.85 53.42840264347534 11.76134032623570
2005.8452 38.41 140.85 34.36842997590341 12.57240161481629
2005.8726 38.41 140.85 35.74500347563502 10.80474724865921
2005.9000 38.41 140.85 34.69205509349710 10.43556529186938
2005.9274 38.41 140.85 37.75850138059246 10.16342218537961
2005.9548 38.41 140.85 46.95770320518918 8.75349534588642
2005.9822 38.41 140.85 52.46947389886822 9.48795097821937
2006.0096 38.41 140.85 77.14935458298271 10.93219363246895
2006.0370 38.41 140.85 112.89373058595012 14.18825384004747
2006.0644 38.41 140.85 98.24066473688661 14.33358685368580
2006.0918 38.41 140.85 101.09220668172129 14.46229535043332
2006.1192 38.41 140.85 110.72176092330977 16.95319630950599
2006.1466 38.41 140.85 93.24754344479264 12.88129035210136
2006.1740 38.41 140.85 115.05594568595116 15.07169459448601
2006.2014 38.41 140.85 114.28074735305684 11.15167183979522
2006.2288 38.41 140.85 119.22676686097124 15.19075672076362
2006.2562 38.41 140.85 111.33102817392185 14.35222222743482
2006.2836 38.41 140.85 89.19296905364874 13.88920857950573
2006.3110 38.41 140.85 81.20237937531910 14.94463183630562
2006.3384 38.41 140.85 49.64661317974230 13.46626713558067
2006.3658 38.41 140.85 49.64005465297465 15.04005708227730
2006.3932 38.41 140.85 22.76236614614641 14.71377437375792
2006.4205 38.41 140.85 59.23771366061525 14.64535058383863
2006.4479 38.41 140.85 56.60750939159784 15.57719338710493
2006.4753 38.41 140.85 24.93673187651555 16.25328552104611
2006.5027 38.41 140.85 59.76746053522326 17.01304337756193
2006.5301 38.41 140.85 41.45225065353188 20.74580786951062
2006.5575 38.41 140.85 43.42259597726771 16.11217559707333
2006.5849 38.41 140.85 85.11685792627742 16.62890926710952
2006.6123 38.41 140.85 75.13021208979278 21.50109095644244
2006.6397 38.41 140.85 62.30078055227217 17.77923082332968
2006.6671 38.41 140.85 51.40435360642034 15.78103218691171
2006.6945 38.41 140.85 44.91023418396480 20.79815493263217
2006.7219 38.41 140.85 37.22284876298722 18.79993985843725
2006.7493 38.41 140.85 46.28045608985778 22.98008095079384
2006.7767 38.41 140.85 55.89411108551086 20.01081847294381
2006.8041 38.41 140.85 38.02643405779153 15.66538936065903
2006.8315 38.41 140.85 12.39378516853005 18.69162029593398
2006.8589 38.41 140.85 26.90009969831847 18.00953684252845
2006.8863 38.41 140.85 47.02597872980906 17.04450790284696
2006.9137 38.41 140.85 29.42153390284321 16.30779756030477
2006.9411 38.41 140.85 32.58730503787469 15.93394582809382
2006.9685 38.41 140.85 53.69305056678911 15.54353794747471
2006.9959 38.41 140.85 79.82396587656407 15.05994270700529
2007.0233 38.41 140.85 79.49103047166709 13.65305315574942
2007.0507 38.41 140.85 89.44603820904622 14.56588557103142
2007.0781 38.41 140.85 90.53160158445496 15.56697284777058
2007.1055 38.41 140.85 95.51015370813968 13.66259009220618
2007.1329 38.41 140.85 92.75609969829999 15.09972153097605
2007.1603 38.41 140.85 111.17182987600363 14.37132508248622
2007.1877 38.41 140.85 126.99290423462941 19.66659954804056
2007.2151 38.41 140.85 97.70104861007444 17.34650371075353
2007.2425 38.41 140.85 96.04252598863518 16.60091678760989
2007.2699 38.41 140.85 88.11828210537989 12.41632211504393
2007.2973 38.41 140.85 56.57578952388202 11.63860067882566
2007.3247 38.41 140.85 32.50584903870090 14.94748929540832
2007.3521 38.41 140.85 36.94642003048786 16.66036416428965
2007.3795 38.41 140.85 46.67221082211475 17.67344203095194
2007.4068 38.41 140.85 36.87298490141673 14.19180149044551
2007.4342 38.41 140.85 17.86677163600492 13.39410531577786
2007.4616 38.41 140.85 25.36275357298073 18.65821597703320
2007.4890 38.41 140.85 44.03277567651968 13.41769018492368
2007.5164 38.41 140.85 49.67595779644502 14.45304238943376
2007.5438 38.41 140.85 61.15920912767941 13.86269823860693
2007.5712 38.41 140.85 60.33338739376111 14.25021211372369
2007.5986 38.41 140.85 46.20530357105746 17.94977762689342
2007.6260 38.41 140.85 55.01735437489663 14.12254372113653
2007.6534 38.41 140.85 50.07816859796949 14.43406631579567
2007.6808 38.41 140.85 49.90083503480608 15.06293017081769
2007.7082 38.41 140.85 39.67735412913018 10.33315079949282
2007.7356 38.41 140.85 30.63984641134942 15.47261280743060
2007.7630 38.41 140.85 28.87913913404399 11.06242298694349
2007.7904 38.41 140.85 30.72833072981649 15.44008714314267
2007.8178 38.41 140.85 30.68919623295699 18.22703904355242
2007.8452 38.41 140.85 27.59592426381005 14.13275681465763
2007.8726 38.41 140.85 24.07795424992183 16.74382148266560
2007.9000 38.41 140.85 17.02712093129487 17.62107116042786
2007.9274 38.41 140.85 28.67336577773262 17.55692154102689
2007.9548 38.41 140.85 19.71100983068747 12.80528184145657
2007.9822 38.41 140.85 35.98448520754818 16.22433597727558
2008.0096 38.41 140.85 42.42081457428594 14.11379027780244
2008.0370 38.41 140.85 45.79281806120270 14.77339699290143
2008.0644 38.41 140.85 84.80337905155550 17.43298606340000
2008.0918 38.41 140.85 65.66708080386840 13.15199553570826
2008.1192 38.41 140.85 60.75221308376782 16.08706950511336
2008.1466 38.41 140.85 91.48896635013995 19.04299568798686
2008.1740 38.41 140.85 86.99885065410395 16.41337818801121
2008.2014 38.41 140.85 78.67049223629488 18.09876454414732
2008.2288 38.41 140.85 92.01087926691839 20.00943897999710
2008.2562 38.41 140.85 70.12948823809444 19.01579696927666
2008.2836 38.41 140.85 51.49928001971372 22.92750241499210
2008.3110 38.41 140.85 38.32004428995746 23.99084935262600
2008.3384 38.41 140.85 20.32977432707127 17.59525379564611
2008.3658 38.41 140.85 60.95855321941521 17.77566303636990
2008.3932 38.41 140.85 18.80530316813634 15.75070581634859
2008.4205 38.41 140.85 16.30933259800774 13.73274637631316
2008.4479 38.41 140.85 31.15188715675843 14.25250122415925
2008.4753 38.41 140.85 19.02547020393666 13.65921786178642
2008.5027 38.41 140.85 28.26090872453093 16.90358879426127
2008.5301 38.41 140.85 18.73382849926227 20.91587682841142
2008.5575 38.41 140.85 27.30702009835523 13.09807901087239
2008.5849 38.41 140.85 48.32255611390516 15.69328811252298
2008.6123 38.41 140.85 42.81792546442188 12.45035605847560
2008.6397 38.41 140.85 32.12160800856950 13.93430241126937
2008.6671 38.41 140.85 35.71950991073960 13.21706394639594
2008.6945 38.41 140.85 40.76621861865579 12.72658800068996
2008.7219 38.41 140.85 38.44005388862976 15.16826618780401
2008.7493 38.41 140.85 33.89208565644879 13.56338562643266
2008.7767 38.41 140.85 9.85637893511757 16.35387689425853
2008.8041 38.41 140.85 20.06996673235243 16.51753876179220
2008.8315 38.41 140.85 17.39635200429677 18.50747519740838
2008.8589 38.41 140.85 27.50049737768340 21.67462574904336
2008.8863 38.41 140.85 4.38235418085404 20.77946296028450
2008.9137 38.41 140.85 16.85033257905262 19.90060915399078
2008.9411 38.41 140.85 32.71184233554299 20.47696255882560
2008.9685 38.41 140.85 14.11487749564552 19.07355129732947
2008.9945 38.41 140.85 25.71392302588919 16.21398262748826
2009.0205 38.41 140.85 56.22694077076630 16.13333087768228
2009.0479 38.41 140.85 58.16165623463617 16.13867222462162
2009.0753 38.41 140.85 69.58261656955682 15.17234123692096
2009.1027 38.41 140.85 88.81990412149479 19.35073287176317
2009.1301 38.41 140.85 92.57658566103258 15.03674274022688
2009.1575 38.41 140.85 103.07952636332116 15.16224161785737
2009.1849 38.41 140.85 88.82224981934867 18.21400411446555
2009.2123 38.41 140.85 85.05527788026156 14.82544613882248
2009.2397 38.41 140.85 80.12746981017236 17.41397964222683
2009.2671 38.41 140.85 51.69520959444041 14.38398814367356
2009.2945 38.41 140.85 50.60143593150927 14.82241431470501
2009.3219 38.41 140.85 21.02162933132713 15.40977230901478
2009.3493 38.41 140.85 22.87839832160127 13.99096234596038
2009.3767 38.41 140.85 28.90478481238149 14.73318506300679
2009.4041 38.41 140.85 15.91484517750145 12.66296261637359
2009.4315 38.41 140.85 13.36699750205032 15.02973971453117
2009.4589 38.41 140.85 19.22836132686498 12.23282205924079
2009.4863 38.41 140.85 20.33488911401256 13.61953084753666
2009.5137 38.41 140.85 46.58488908337321 12.72123777057573
2009.5411 38.41 140.85 32.67096918841933 15.99900057842506
2009.5685 38.41 140.85 40.01802160895289 17.15626766112867
2009.5959 38.41 140.85 21.31443788955504 14.84477373422711
2009.6233 38.41 140.85 32.71808030359735 15.83267304336847
2009.6507 38.41 140.85 40.87262682131065 15.28780341089494
2009.6781 38.41 140.85 34.74862185644040 16.61265144720941
2009.7055 38.41 140.85 20.74194711375037 17.49009100436592
2009.7329 38.41 140.85 28.48223527283029 16.67141605468542
2009.7603 38.41 140.85 -0.71727564912360 19.10402512015733
2009.7877 38.41 140.85 0.93153415284806 17.57366480510900
2009.8151 38.41 140.85 -0.15161543130610 19.12067918658814
2009.8425 38.41 140.85 17.93805983230124 17.18543165475268
2009.8699 38.41 140.85 9.04885799886360 16.32832061658696
2009.8973 38.41 140.85 7.79121170278209 15.17381828822600
2009.9247 38.41 140.85 22.96268299626832 14.64150526864998
2009.9521 38.41 140.85 12.60523752612497 13.92276659638425
2009.9795 38.41 140.85 -8.89582944932285 14.30988817323518
2010.0068 38.41 140.85 34.13971125219862 18.79131103631730
2010.0342 38.41 140.85 51.51694834153412 14.14944376108832
2010.0616 38.41 140.85 62.17594276271657 14.61666053747104
2010.0890 38.41 140.85 63.58179999868086 18.06771733090804
2010.1164 38.41 140.85 83.39801886523060 18.67849409606210
2010.1438 38.41 140.85 78.23847216481292 17.61182018109994
2010.1712 38.41 140.85 109.64997248716939 16.78341891634902
2010.1986 38.41 140.85 107.32974281636052 16.05470323723269
2010.2260 38.41 140.85 59.89569638484181 17.64116200179491
2010.2534 38.41 140.85 51.72336222416456 18.08955183153071
2010.2808 38.41 140.85 23.08574495035456 13.53687040232345
2010.3082 38.41 140.85 25.55203586261011 14.35394235764644
2010.3356 38.41 140.85 26.05784551530524 12.61677732526123
2010.3630 38.41 140.85 6.58690707004710 13.52425963995971
2010.3904 38.41 140.85 9.78075095826622 13.52525869209459
2010.4178 38.41 140.85 -0.78617948397160 14.48807885529664
2010.4452 38.41 140.85 -14.03492862087575 12.57067801362476
2010.4726 38.41 140.85 -9.38764966808859 11.13182632237940
2010.5000 38.41 140.85 24.29911363069975 12.94162044543591
2010.5274 38.41 140.85 19.92483137361194 21.92384619373446
2010.5548 38.41 140.85 36.46972844791821 13.49435768997463
2010.5822 38.41 140.85 21.91693253631787 12.05095215361645
2010.6096 38.41 140.85 43.05361141836818 16.22219997652571
2010.6370 38.41 140.85 31.69492389136420 14.22680766200968
2010.6644 38.41 140.85 48.81492327119118 13.19190317039762
2010.6918 38.41 140.85 21.43302786130200 16.34899746991249
2010.7192 38.41 140.85 41.29373762865296 15.14121112547826
2010.7466 38.41 140.85 37.79086066623756 17.96720631515841
2010.7740 38.41 140.85 22.01346925615566 13.92992876030913
2010.8014 38.41 140.85 9.57162702391816 13.36607656398419
2010.8288 38.41 140.85 23.68819432963645 15.58353116968764
2010.8562 38.41 140.85 -4.44690430922284 15.19862008457682
2010.8836 38.41 140.85 -4.66178402703510 13.78942959079453
2010.9110 38.41 140.85 12.24321937035538 15.39027331891194
2010.9384 38.41 140.85 15.83868321032954 16.06769058277904
2010.9658 38.41 140.85 48.83658695339228 17.85493467345566
2010.9932 38.41 140.85 39.97503136724944 12.65722145768277
2011.1027 38.41 140.85 52.74658086788434 12.74124120803798
2011.1301 38.41 140.85 62.31544776943049 21.16290836926024
2011.1575 38.41 140.85 72.37246637591350 13.50446997292707
2011.1849 38.41 140.85 18.97011796620285 10.28549949286380
2011.2123 38.41 140.85 -74.56262176232087 17.96040583971902
2011.2397 38.41 140.85 -92.75340625406130 18.90619573036550
2011.2671 38.41 140.85 -105.20028498614005 14.87964058714854
2011.2945 38.41 140.85 -119.82978866592508 17.76151299381218
2011.3219 38.41 140.85 -143.94928054419248 16.55846900132157
2011.3493 38.41 140.85 -172.05029488533521 14.56200513033878
2011.3767 38.41 140.85 -163.72484506641868 17.42660212287126
2011.4041 38.41 140.85 -149.87255184628759 14.96987029836233
2011.4315 38.41 140.85 -144.93547189571049 14.62618387275129
2011.5137 38.41 140.85 -143.26970694407609 13.34976691058109
2011.5411 38.41 140.85 -162.26121613227099 14.56129627790218
2011.5685 38.41 140.85 -134.22026539058612 14.02607493265002
2011.5959 38.41 140.85 -129.92112697102212 15.24736018030518
2011.6233 38.41 140.85 -134.30956026419841 15.08216599175201
2011.6507 38.41 140.85 -117.37984954131116 18.52000102183202
2011.6781 38.41 140.85 -150.29775643768434 17.17234026716470
2011.7055 38.41 140.85 -127.37191017233613 17.27764573441607
2011.7329 38.41 140.85 -137.40089643675645 20.33698490387698
2011.7603 38.41 140.85 -124.33322825764854 17.21986776078247
2011.7877 38.41 140.85 -148.17726012715369 18.48631362608536
2011.8151 38.41 140.85 -131.84882859513104 18.02268149074565
2011.8425 38.41 140.85 -119.92562529067500 19.84319654746428
2011.8699 38.41 140.85 -150.55194523511031 18.31398371389028
2011.9521 38.41 140.85 -134.52899153561194 11.10701150821992
2011.9795 38.41 140.85 -129.48515628785896 15.58564141689920
2012.0068 38.41 140.85 -155.32354373276755 14.29789943354362
2012.0342 38.41 140.85 -105.85108315758960 17.26581199101060
2012.0616 38.41 140.85 -107.70737137923945 14.97832354273233
2012.0890 38.41 140.85 -77.12825531964199 14.70553854477760
2012.1164 38.41 140.85 -65.16997333552384 14.20121143844836
2012.1438 38.41 140.85 -70.15841381778448 14.80767575834146
2012.1712 38.41 140.85 -89.32338675842115 13.82178011520836
2012.1986 38.41 140.85 -62.18587153541280 12.48091433343184
2012.2260 38.41 140.85 -51.41599351651066 12.87248699525362
2012.2534 38.41 140.85 -68.24895642243338 12.54434541625267
2012.2808 38.41 140.85 -84.21793726482987 11.67643903507396
2012.3082 38.41 140.85 -91.83827095806946 13.02290170219750
2012.3904 38.41 140.85 -114.29222081734346 13.55544266528710
2012.4178 38.41 140.85 -118.10108409223425 10.53681831110874
2012.4452 38.41 140.85 -148.86707764867117 10.36269338193867
2012.4726 38.41 140.85 -127.06897644778962 11.34516677025753
2012.5000 38.41 140.85 -115.71861654332635 10.66212415018894
2012.5274 38.41 140.85 -121.26681752449350 11.40313200419433
2012.5548 38.41 140.85 -138.68828848364163 11.39574113984158
2012.5822 38.41 140.85 -116.21220460103518 12.28381384815669
2012.6096 38.41 140.85 -148.65725485991939 12.20018573223222
2012.6370 38.41 140.85 -148.07271638457166 11.14712884305095
2012.6644 38.41 140.85 -123.88656687269057 12.36203496062545
2012.6918 38.41 140.85 -128.89368857065068 12.79734458873920
2012.7192 38.41 140.85 -160.26049167200063 15.78950248775750
2012.7466 38.41 140.85 -165.30436037618773 10.29613030913237
2012.8562 38.41 140.85 -177.21098838901329 16.22763359827308
2012.8836 38.41 140.85 -149.34495338795091 15.34766700569918
2012.9110 38.41 140.85 -199.46586593633313 14.48524929029398
2012.9384 38.41 140.85 -155.84218366053432 13.55981502491932
2012.9658 38.41 140.85 -169.23537990242363 15.81525172638184
2012.9918 38.41 140.85 -104.42904490208709 7.30274247355390
2013.0178 38.41 140.85 -122.06365873975284 8.86042223947114
2013.0452 38.41 140.85 -131.97438620190744 8.76384652832179
2013.0726 38.41 140.85 -113.92573132260620 7.98529087830041
2013.1000 38.41 140.85 -104.82393795589716 8.21899912225647
2013.1274 38.41 140.85 -84.82269674719565 7.49393414196077
2013.1548 38.41 140.85 -93.85197615596167 6.72766535723651
2013.2644 38.41 140.85 -83.86400076094547 7.42643754519739
2013.2918 38.41 140.85 -114.27340898343867 7.77059230309865
2013.3192 38.41 140.85 -91.95460568576685 8.75388761574349
2013.3466 38.41 140.85 -135.25461065244664 9.02961317722973
2013.3740 38.41 140.85 -136.15509275879413 7.56586769995016
2013.4014 38.41 140.85 -158.61455771079008 7.85421137496015
2013.4288 38.41 140.85 -145.86293196562636 6.72357089223373
2013.4562 38.41 140.85 -155.20467788355037 6.83660171074491
2013.4836 38.41 140.85 -143.13703195650538 7.08061827039452
2013.5110 38.41 140.85 -157.19507769516451 8.16989243081936
2013.5384 38.41 140.85 -167.67957243352993 7.77931967226735
2013.5658 38.41 140.85 -135.53221292564820 8.31759638435294
2013.7575 38.41 140.85 -148.70103897703092 7.68545328887390
2013.7849 38.41 140.85 -116.28817398074176 8.10204581929880
2013.8123 38.41 140.85 -120.30166146674011 7.35268109579312
2013.8397 38.41 140.85 -125.01320960247836 7.48435848874841
2013.8671 38.41 140.85 -169.29155064352000 7.96657795069346
2013.8945 38.41 140.85 -156.40488212024383 7.44856594913120
2013.9219 38.41 140.85 -156.11198487667468 6.44975344361750
2013.9493 38.41 140.85 -162.01378729745261 7.01792046261937
2013.9767 38.41 140.85 -120.43004071139683 6.97342588182834
2014.0041 38.41 140.85 -122.89614374702259 6.76353161125892
2014.0315 38.41 140.85 -111.42201068637070 7.15487281225011
2014.1685 38.41 140.85 -57.18289608909180 7.45897358235975
2014.1959 38.41 140.85 -73.24436872514609 7.91631290593789
2014.2233 38.41 140.85 -71.59972515033029 7.40616536776393
2014.2507 38.41 140.85 -68.86851419441111 6.68994885999779
2014.2781 38.41 140.85 -84.78691061386363 7.15641924714084
2014.3055 38.41 140.85 -106.99608218287364 6.80973624811976
2014.3329 38.41 140.85 -113.02398152428930 5.35135112929013
2014.3603 38.41 140.85 -129.52820949831670 6.29491080712779
2014.3877 38.41 140.85 -156.22750561019652 6.31297660681142
2014.4151 38.41 140.85 -131.77993780020836 6.22161965961245
2014.4425 38.41 140.85 -118.41250027788614 6.67714406384386
2014.4699 38.41 140.85 -104.84097516833309 6.53998240661606
2014.5795 38.41 140.85 -122.10331505946081 5.19278131361183
2014.6068 38.41 140.85 -125.24192080917116 5.71028339192689
2014.6342 38.41 140.85 -100.27078808636824 5.02598753887932
2014.6616 38.41 140.85 -101.88160486918660 5.82788787327850
2014.6890 38.41 140.85 -109.30358138606857 5.67250611182226
2014.7164 38.41 140.85 -120.37560876469828 5.53252628992362
2014.7438 38.41 140.85 -123.81405987034377 6.15347716028441
2014.7712 38.41 140.85 -151.30376053854337 6.07749862979865
2014.7986 38.41 140.85 -133.03997401676190 5.21267842375738
2014.8260 38.41 140.85 -141.16561260011346 5.16174902890357
2014.8534 38.41 140.85 -152.99516062931161 5.51996972435539
2014.8808 38.41 140.85 -144.41360829598187 5.53574587642509
2014.9082 38.41 140.85 -160.77310792317795 5.67152981756631
2015.0452 38.41 140.85 -86.93077935728385 3.92322379574787
2015.0726 38.41 140.85 -78.37963622453812 4.46427224534046
2015.1000 38.41 140.85 -78.47747593928179 3.80646208044240
2015.1274 38.41 140.85 -66.04498953489589 3.50038346605685
2015.1548 38.41 140.85 -47.37281811409348 4.28599506876238
2015.1822 38.41 140.85 -44.43563404576777 3.92695537655262
2015.2096 38.41 140.85 -47.04331277802486 5.72995788021384
2015.2370 38.41 140.85 -55.97111250996358 6.33017303814357
2015.2644 38.41 140.85 -105.45740588949737 5.42872815221623
2015.2918 38.41 140.85 -98.71254474137592 5.33603775471300
2015.3192 38.41 140.85 -121.60867652969327 5.12452758908607
2015.3466 38.41 140.85 -120.73275825037138 5.64332619110917
2015.4836 38.41 140.85 -156.90995665333827 4.63103527825371
2015.5110 38.41 140.85 -132.94136375031695 4.55621542800328
2015.5384 38.41 140.85 -126.38646162474191 5.22135657828722
2015.5658 38.41 140.85 -138.89692079500577 5.57703608260972
2015.5932 38.41 140.85 -131.32633586429054 5.91270990447608
2015.6205 38.41 140.85 -115.15719602823717 5.56222665543726
2015.6479 38.41 140.85 -120.25994414718208 5.44113691364883
2015.6753 38.41 140.85 -97.00533176573613 5.07912085127028
2015.7027 38.41 140.85 -106.70931232072915 5.79271435275383
2015.7301 38.41 140.85 -140.84014364998691 5.67383636075732
2015.9493 38.41 140.85 -139.09520244578579 5.39736579886340
2015.9767 38.41 140.85 -108.62040115116949 5.97792907523947
2016.0041 38.41 140.85 -132.77653864416041 5.26564201075479
2016.0315 38.41 140.85 -116.98510671982010 4.99066379504193
2016.0589 38.41 140.85 -90.84954592785942 5.10325257648131
2016.0863 38.41 140.85 -80.62603140926237 4.44699558882943
2016.1137 38.41 140.85 -90.37879579037319 5.22214184434336
2016.1411 38.41 140.85 -81.80201743623253 6.47115304840062
2016.1685 38.41 140.85 -57.05936267016286 7.17019668434663
2016.1959 38.41 140.85 -83.19227259335629 7.07989077056043
2016.2233 38.41 140.85 -111.27588645160283 7.24149407697100
2016.2507 38.41 140.85 -78.40785628383627 5.38060872242746
2016.3603 38.41 140.85 -131.58561537538350 5.06297138095320
2016.3877 38.41 140.85 -135.35252410270559 6.24968756333471
2016.4151 38.41 140.85 -147.24805841206643 6.04538139775398
2016.4425 38.41 140.85 -150.83149136389460 6.66511638266711
2016.4699 38.41 140.85 -117.49284450487770 6.51058209092123
