2002.5877 43.30 -115.31 -0.349 -0.903 0.160 0.115 0.100 0.526
2002.6151 43.30 -115.31 -0.587 -1.087 1.507 0.110 0.097 0.504
2002.6425 43.30 -115.31 -0.476 -0.797 1.990 0.112 0.098 0.513
2002.6699 43.30 -115.31 -0.553 -0.344 2.790 0.097 0.085 0.449
2002.6973 43.30 -115.31 -0.623 -0.127 2.241 0.170 0.082 0.647
2002.7247 43.30 -115.31 -0.724 -0.023 3.927 0.104 0.092 0.477
2002.7521 43.30 -115.31 -0.848 -0.043 3.180 0.096 0.086 0.445
2002.7795 43.30 -115.31 -0.979 -0.017 4.595 0.112 0.100 0.516
2002.8068 43.30 -115.31 -0.714 -0.052 5.050 0.100 0.088 0.458
2002.8342 43.30 -115.31 -1.027 -0.255 4.394 0.098 0.087 0.453
2002.8616 43.30 -115.31 -0.984 -0.279 4.161 0.102 0.079 0.453
2002.8890 43.30 -115.31 -1.008 -0.544 2.392 0.100 0.087 0.457
2002.9164 43.30 -115.31 -0.985 -0.498 3.716 0.107 0.092 0.490
2003.0260 43.30 -115.31 -0.506 -0.599 3.040 0.121 0.105 0.556
2003.0534 43.30 -115.31 -0.485 -0.059 -2.077 0.196 0.173 0.881
2003.0808 43.30 -115.31 0.470 -0.430 -2.434 0.176 0.148 0.789
2003.1082 43.30 -115.31 -0.520 -0.732 -1.374 0.103 0.087 0.473
2003.1356 43.30 -115.31 -0.378 -0.685 -1.208 0.095 0.080 0.441
2003.1630 43.30 -115.31 -0.330 -0.266 -2.913 0.101 0.086 0.466
2003.1904 43.30 -115.31 -0.018 -0.613 -3.692 0.119 0.099 0.541
2003.2178 43.30 -115.31 0.104 -0.223 -1.996 0.100 0.085 0.459
2003.2452 43.30 -115.31 0.113 -0.505 -4.648 0.097 0.084 0.448
2003.2726 43.30 -115.31 0.147 -0.517 -2.153 0.095 0.082 0.437
2003.3000 43.30 -115.31 0.373 -0.676 -3.974 0.092 0.080 0.428
2003.3274 43.30 -115.31 0.354 -0.402 -3.078 0.120 0.105 0.550
2003.3548 43.30 -115.31 0.488 -0.486 -2.322 0.131 0.116 0.597
2003.3822 43.30 -115.31 0.127 -0.174 -2.378 0.121 0.103 0.550
2003.5192 43.30 -115.31 -0.150 -0.388 1.659 0.124 0.112 0.569
2003.5466 43.30 -115.31 -0.375 -0.827 2.358 0.137 0.124 0.624
2003.5740 43.30 -115.31 -0.544 -0.911 3.128 0.159 0.145 0.721
2003.6014 43.30 -115.31 -0.661 -0.631 3.720 0.137 0.124 0.624
2003.6288 43.30 -115.31 -0.739 -1.150 4.568 0.130 0.117 0.595
2003.6562 43.30 -115.31 -0.622 -0.315 3.968 0.140 0.126 0.635
2003.6836 43.30 -115.31 -0.834 -0.756 5.231 0.138 0.124 0.625
2003.7110 43.30 -115.31 -0.980 -0.548 3.755 0.109 0.096 0.498
2003.7384 43.30 -115.31 -1.056 -0.364 5.241 0.131 0.117 0.595
2003.7658 43.30 -115.31 -1.037 -0.020 3.143 0.121 0.108 0.548
2003.7932 43.30 -115.31 -1.166 -0.390 4.921 0.134 0.120 0.608
2003.8205 43.30 -115.31 -0.755 -0.201 6.829 0.146 0.126 0.651
2003.8479 43.30 -115.31 -0.962 0.126 4.070 0.129 0.108 0.574
2003.8753 43.30 -115.31 -0.869 -0.143 4.786 0.134 0.118 0.605
2003.9027 43.30 -115.31 -1.015 -0.495 2.522 0.124 0.106 0.556
2003.9301 43.30 -115.31 -0.618 -0.514 2.347 0.129 0.111 0.576
2003.9575 43.30 -115.31 -0.654 -0.631 3.545 0.143 0.125 0.640
2003.9849 43.30 -115.31 -0.486 -0.588 1.241 0.137 0.118 0.608
2004.0123 43.30 -115.31 -0.586 -0.653 1.691 0.147 0.126 0.651
2004.0397 43.30 -115.31 -0.483 -0.685 0.734 0.126 0.104 0.562
2004.0945 43.30 -115.31 -0.327 -0.341 -2.129 0.117 0.097 0.525
2004.1219 43.30 -115.31 -0.065 -0.544 -1.928 0.124 0.103 0.549
2004.1493 43.30 -115.31 -0.470 -1.113 -1.898 0.146 0.121 0.640
2004.1767 43.30 -115.31 -0.645 -0.665 -2.892 0.155 0.130 0.678
2004.2041 43.30 -115.31 -0.147 -0.877 -1.846 0.127 0.105 0.559
2004.2315 43.30 -115.31 -0.209 -0.322 -1.820 0.130 0.106 0.567
2004.2589 43.30 -115.31 -0.093 -0.220 -0.582 0.134 0.109 0.585
2004.2863 43.30 -115.31 -0.162 -0.561 -1.927 0.135 0.109 0.586
2004.3137 43.30 -115.31 -0.226 -0.214 -2.276 0.128 0.103 0.558
2004.3411 43.30 -115.31 0.107 -0.439 -2.599 0.140 0.112 0.607
2004.3685 43.30 -115.31 -0.108 -0.434 -0.150 0.136 0.109 0.591
2004.3959 43.30 -115.31 -0.053 -0.289 0.879 0.120 0.096 0.525
2004.4233 43.30 -115.31 -0.048 -0.083 -0.022 0.115 0.092 0.505
2004.4507 43.30 -115.31 -0.044 -0.322 1.356 0.102 0.081 0.449
2004.4781 43.30 -115.31 0.100 -0.244 0.736 0.112 0.089 0.490
2004.5055 43.30 -115.31 -0.081 0.020 2.132 0.110 0.087 0.480
2004.5329 43.30 -115.31 -0.344 -0.180 3.676 0.104 0.083 0.457
2004.5603 43.30 -115.31 -0.403 -0.327 4.444 0.107 0.085 0.467
2004.5877 43.30 -115.31 -0.555 -0.484 2.809 0.108 0.086 0.473
2004.6151 43.30 -115.31 -0.698 -0.227 3.032 0.119 0.095 0.519
2004.6425 43.30 -115.31 -0.727 -0.162 2.808 0.101 0.082 0.449
2004.6699 43.30 -115.31 -0.729 -0.371 2.772 0.102 0.082 0.451
2004.6973 43.30 -115.31 -0.738 -0.366 2.904 0.095 0.077 0.426
2004.7247 43.30 -115.31 -0.493 0.188 4.776 0.109 0.087 0.481
2004.7521 43.30 -115.31 -0.657 -0.167 3.363 0.105 0.085 0.466
2004.7795 43.30 -115.31 -0.797 -0.170 3.514 0.102 0.082 0.451
2004.8068 43.30 -115.31 -0.643 0.124 4.046 0.113 0.090 0.494
2004.8342 43.30 -115.31 -0.757 0.024 0.755 0.112 0.088 0.487
2004.8616 43.30 -115.31 -0.652 -0.263 3.330 0.099 0.080 0.439
2004.8890 43.30 -115.31 -0.769 -0.032 3.501 0.099 0.079 0.437
2004.9164 43.30 -115.31 -0.517 0.177 2.908 0.107 0.086 0.471
2004.9438 43.30 -115.31 -0.500 0.179 -0.060 0.119 0.096 0.527
2004.9712 43.30 -115.31 -0.597 -0.236 0.619 0.107 0.086 0.469
2004.9973 43.30 -115.31 -0.591 -0.119 -0.707 0.104 0.084 0.460
2005.0233 43.30 -115.31 -0.523 -0.003 -0.681 0.120 0.096 0.521
2005.0507 43.30 -115.31 -0.755 -0.206 -3.317 0.173 0.143 0.747
2005.0781 43.30 -115.31 -0.739 -0.280 -3.112 0.133 0.108 0.577
2005.1055 43.30 -115.31 -0.756 -0.622 -0.889 0.132 0.108 0.574
2005.1329 43.30 -115.31 -0.748 -0.366 -2.637 0.135 0.111 0.589
2005.1603 43.30 -115.31 -0.500 0.214 -1.316 0.121 0.099 0.532
2005.1877 43.30 -115.31 -0.717 -0.158 -0.445 0.122 0.099 0.536
2005.2151 43.30 -115.31 -0.493 0.276 -0.243 0.116 0.094 0.511
2005.2425 43.30 -115.31 -0.406 0.180 -1.836 0.111 0.091 0.493
2005.2699 43.30 -115.31 -0.513 0.142 -2.685 0.118 0.098 0.523
2005.2973 43.30 -115.31 -0.300 0.550 -1.309 0.125 0.103 0.551
2005.3247 43.30 -115.31 -0.468 0.253 -1.528 0.132 0.109 0.580
2005.3521 43.30 -115.31 -0.506 0.090 -2.849 0.058 0.049 0.283
2005.3795 43.30 -115.31 -0.387 -0.152 -1.607 0.123 0.103 0.547
2005.4068 43.30 -115.31 -0.430 0.070 -0.928 0.114 0.094 0.506
2005.4342 43.30 -115.31 -0.291 0.012 -2.192 0.130 0.109 0.579
2005.4616 43.30 -115.31 -0.373 -0.081 -1.297 0.118 0.099 0.525
2005.4890 43.30 -115.31 -0.429 -0.358 0.193 0.112 0.094 0.500
2005.5164 43.30 -115.31 -0.482 -0.033 -0.028 0.112 0.094 0.499
2005.5438 43.30 -115.31 -0.656 -0.398 2.427 0.121 0.102 0.538
2005.5712 43.30 -115.31 -0.772 -0.002 3.740 0.131 0.111 0.583
2005.5986 43.30 -115.31 -0.991 -0.442 2.503 0.134 0.114 0.596
2005.6260 43.30 -115.31 -0.818 0.129 3.798 0.119 0.101 0.531
2005.6534 43.30 -115.31 -0.927 0.212 1.646 0.125 0.107 0.557
2005.6808 43.30 -115.31 -0.980 0.214 2.446 0.122 0.105 0.549
2005.7082 43.30 -115.31 -1.072 -0.117 3.088 0.147 0.128 0.657
2005.7356 43.30 -115.31 -1.098 0.271 3.725 0.129 0.113 0.581
2005.7630 43.30 -115.31 -0.869 0.144 1.500 0.130 0.113 0.583
2005.7904 43.30 -115.31 -0.728 0.229 2.720 0.122 0.106 0.550
2005.8178 43.30 -115.31 -0.530 0.048 5.188 0.125 0.109 0.563
2005.8452 43.30 -115.31 -0.724 0.203 5.136 0.134 0.117 0.604
2005.8726 43.30 -115.31 -0.410 -0.238 3.462 0.116 0.102 0.526
2005.9000 43.30 -115.31 -0.489 -0.335 3.187 0.114 0.099 0.515
2005.9274 43.30 -115.31 -0.556 -0.061 0.521 0.121 0.099 0.541
2005.9548 43.30 -115.31 -0.444 -0.575 -0.329 0.118 0.100 0.554
2005.9822 43.30 -115.31 -0.341 -0.868 1.164 0.113 0.096 0.516
2006.0096 43.30 -115.31 -0.343 -0.994 0.335 0.122 0.105 0.553
2006.0370 43.30 -115.31 0.102 -0.544 -1.690 0.153 0.134 0.688
2006.0644 43.30 -115.31 -0.124 -0.341 -3.396 0.155 0.136 0.700
2006.0918 43.30 -115.31 -0.111 -0.496 -3.595 0.154 0.136 0.694
2006.1192 43.30 -115.31 0.051 -0.353 -6.156 0.173 0.155 0.779
2006.1466 43.30 -115.31 0.230 -0.267 -6.080 0.137 0.122 0.620
2006.1740 43.30 -115.31 0.044 -0.326 -7.112 0.153 0.137 0.689
2006.2014 43.30 -115.31 0.087 -0.525 -6.811 0.120 0.106 0.544
2006.2288 43.30 -115.31 0.185 -0.436 -5.420 0.153 0.139 0.695
2006.2562 43.30 -115.31 -0.114 -0.684 -5.927 0.144 0.130 0.651
2006.2836 43.30 -115.31 0.002 -0.639 -5.720 0.141 0.128 0.639
2006.3110 43.30 -115.31 0.058 -0.376 -7.290 0.150 0.137 0.681
2006.3384 43.30 -115.31 0.013 -0.234 -4.558 0.136 0.124 0.619
2006.3658 43.30 -115.31 -0.010 -0.279 -3.617 0.150 0.138 0.685
2006.3932 43.30 -115.31 0.166 0.047 -4.622 0.148 0.135 0.675
2006.4205 43.30 -115.31 0.027 -0.171 -6.087 0.149 0.136 0.679
2006.4479 43.30 -115.31 0.201 -0.486 -4.924 0.165 0.146 0.742
2006.4753 43.30 -115.31 0.042 -0.451 -1.679 0.166 0.151 0.753
2006.5027 43.30 -115.31 -0.320 -0.563 0.185 0.172 0.157 0.781
2006.5301 43.30 -115.31 -0.387 -0.428 0.867 0.203 0.188 0.921
2006.5575 43.30 -115.31 -0.719 -0.045 0.771 0.162 0.149 0.739
2006.5849 43.30 -115.31 -0.914 -0.383 0.869 0.167 0.153 0.759
2006.6123 43.30 -115.31 -0.905 -0.854 1.620 0.203 0.190 0.925
2006.6397 43.30 -115.31 -1.000 -0.404 0.103 0.173 0.161 0.789
2006.6671 43.30 -115.31 -1.217 -0.472 1.700 0.158 0.145 0.721
2006.6945 43.30 -115.31 -1.416 -0.533 2.258 0.201 0.186 0.912
2006.7219 43.30 -115.31 -1.350 -0.102 5.045 0.190 0.173 0.861
2006.7493 43.30 -115.31 -1.221 -0.214 4.442 0.225 0.207 1.020
2006.7767 43.30 -115.31 -1.513 -0.144 3.921 0.195 0.180 0.886
2006.8041 43.30 -115.31 -1.269 0.012 1.517 0.158 0.144 0.719
2006.8315 43.30 -115.31 -1.190 -0.468 1.617 0.183 0.169 0.832
2006.8589 43.30 -115.31 -1.063 -0.492 1.786 0.179 0.164 0.810
2006.8863 43.30 -115.31 -0.789 -0.622 0.733 0.171 0.157 0.778
2006.9137 43.30 -115.31 -0.436 -0.652 0.954 0.167 0.151 0.758
2006.9411 43.30 -115.31 -0.558 -0.789 0.207 0.164 0.149 0.746
2006.9685 43.30 -115.31 -0.452 -0.764 0.498 0.164 0.146 0.743
2006.9959 43.30 -115.31 -0.433 -0.598 -2.001 0.164 0.143 0.739
2007.0233 43.30 -115.31 -0.288 -0.606 -0.328 0.153 0.132 0.690
2007.0507 43.30 -115.31 -0.167 -0.140 -2.237 0.159 0.138 0.717
2007.0781 43.30 -115.31 -0.185 -0.052 -2.918 0.162 0.146 0.736
2007.1055 43.30 -115.31 0.024 -0.213 -2.615 0.145 0.130 0.660
2007.1329 43.30 -115.31 0.412 -0.534 -2.566 0.158 0.142 0.717
2007.1603 43.30 -115.31 0.201 -0.469 -4.405 0.150 0.135 0.683
2007.1877 43.30 -115.31 -0.057 0.316 -3.543 0.193 0.177 0.874
2007.2151 43.30 -115.31 0.195 -0.190 -3.736 0.172 0.158 0.781
2007.2425 43.30 -115.31 0.045 -0.111 -2.060 0.165 0.152 0.751
2007.2699 43.30 -115.31 0.424 0.014 -2.585 0.133 0.119 0.606
2007.2973 43.30 -115.31 0.340 -0.250 -2.930 0.125 0.112 0.572
2007.3247 43.30 -115.31 0.278 -0.238 -4.800 0.152 0.139 0.693
2007.3521 43.30 -115.31 0.193 -0.612 -2.015 0.166 0.153 0.756
2007.3795 43.30 -115.31 -0.217 -0.698 -2.638 0.174 0.161 0.792
2007.4068 43.30 -115.31 0.270 -0.213 0.134 0.146 0.133 0.665
2007.4342 43.30 -115.31 0.330 -0.171 -4.194 0.140 0.127 0.638
2007.4616 43.30 -115.31 0.269 -0.084 -2.363 0.182 0.168 0.827
2007.4890 43.30 -115.31 -0.089 -0.030 0.173 0.141 0.127 0.642
2007.5164 43.30 -115.31 -0.337 -0.433 -0.348 0.148 0.135 0.675
2007.5438 43.30 -115.31 -0.560 -0.555 1.901 0.144 0.130 0.656
2007.5712 43.30 -115.31 -0.468 -0.667 0.925 0.148 0.134 0.673
2007.5986 43.30 -115.31 -0.852 -0.715 3.223 0.181 0.165 0.819
2007.6260 43.30 -115.31 -0.688 -0.499 3.080 0.148 0.133 0.673
2007.6534 43.30 -115.31 -0.700 -0.398 3.120 0.150 0.136 0.684
2007.6808 43.30 -115.31 -0.793 -0.432 3.994 0.158 0.142 0.719
2007.7082 43.30 -115.31 -0.942 -0.486 3.378 0.119 0.104 0.543
2007.7356 43.30 -115.31 -0.788 -0.457 5.029 0.163 0.146 0.737
2007.7630 43.30 -115.31 -0.687 0.142 6.345 0.127 0.110 0.577
2007.7904 43.30 -115.31 -0.628 0.045 4.053 0.160 0.144 0.725
2007.8178 43.30 -115.31 -0.683 0.172 3.548 0.183 0.167 0.830
2007.8452 43.30 -115.31 -0.640 0.216 2.688 0.150 0.135 0.683
2007.8726 43.30 -115.31 -0.514 0.018 1.391 0.174 0.157 0.791
2007.9000 43.30 -115.31 -0.592 -0.325 1.445 0.187 0.162 0.834
2007.9274 43.30 -115.31 -0.191 -0.432 -0.574 0.180 0.164 0.820
2007.9548 43.30 -115.31 -0.075 -0.740 -0.284 0.136 0.123 0.622
2007.9822 43.30 -115.31 0.090 -0.577 0.181 0.167 0.152 0.758
2008.0096 43.30 -115.31 -0.120 -0.549 0.164 0.146 0.133 0.668
2008.0370 43.30 -115.31 0.054 -0.508 -2.026 0.150 0.138 0.686
2008.0644 43.30 -115.31 0.243 -0.155 -2.354 0.172 0.160 0.786
2008.0918 43.30 -115.31 -0.140 -0.648 -2.907 0.140 0.127 0.638
2008.1192 43.30 -115.31 0.093 0.133 -3.588 0.162 0.150 0.742
2008.1466 43.30 -115.31 0.269 -0.008 -4.389 0.188 0.175 0.858
2008.1740 43.30 -115.31 0.301 -0.276 -5.221 0.165 0.152 0.754
2008.2014 43.30 -115.31 0.481 -0.370 -2.700 0.176 0.164 0.804
2008.2288 43.30 -115.31 0.277 0.352 -3.788 0.207 0.189 0.942
2008.2562 43.30 -115.31 0.240 -0.396 -2.924 0.193 0.177 0.876
2008.2836 43.30 -115.31 0.484 -0.391 -1.335 0.231 0.212 1.051
2008.3110 43.30 -115.31 0.396 -0.057 -1.972 0.238 0.220 1.083
2008.3384 43.30 -115.31 0.607 0.153 -2.594 0.177 0.162 0.804
2008.3658 43.30 -115.31 0.691 -0.208 -3.705 0.181 0.165 0.822
2008.3932 43.30 -115.31 0.645 0.013 -2.970 0.165 0.149 0.752
2008.4205 43.30 -115.31 0.451 0.105 -3.046 0.145 0.130 0.659
2008.4479 43.30 -115.31 0.649 0.267 -2.821 0.146 0.133 0.666
2008.4753 43.30 -115.31 0.678 0.130 -2.015 0.142 0.128 0.648
2008.5027 43.30 -115.31 0.355 -0.015 0.705 0.174 0.157 0.788
2008.5301 43.30 -115.31 -0.167 -0.307 2.845 0.216 0.195 0.977
2008.5575 43.30 -115.31 -0.133 -0.089 0.610 0.142 0.125 0.645
2008.5849 43.30 -115.31 -0.274 -0.239 2.779 0.159 0.144 0.720
2008.6123 43.30 -115.31 -0.254 -0.125 3.015 0.134 0.119 0.609
2008.6397 43.30 -115.31 -0.538 -0.214 2.339 0.147 0.131 0.664
2008.6671 43.30 -115.31 -0.635 -0.099 1.546 0.141 0.125 0.639
2008.6945 43.30 -115.31 -0.659 0.209 1.154 0.136 0.121 0.618
2008.7219 43.30 -115.31 -0.783 0.328 2.199 0.156 0.141 0.706
2008.7493 43.30 -115.31 -0.671 0.198 3.771 0.141 0.127 0.642
2008.7767 43.30 -115.31 -0.607 0.167 1.756 0.164 0.149 0.743
2008.8041 43.30 -115.31 -0.700 0.114 3.351 0.165 0.151 0.748
2008.8315 43.30 -115.31 -0.648 0.157 3.191 0.186 0.170 0.845
2008.8589 43.30 -115.31 -0.440 -0.110 3.627 0.217 0.200 0.985
2008.8863 43.30 -115.31 -0.395 -0.289 2.484 0.208 0.191 0.945
2008.9137 43.30 -115.31 -0.328 -0.194 2.270 0.198 0.183 0.900
2008.9411 43.30 -115.31 -0.069 -0.332 3.486 0.208 0.191 0.944
2008.9685 43.30 -115.31 0.023 -0.428 2.188 0.194 0.178 0.885
2008.9945 43.30 -115.31 0.033 -0.340 -0.469 0.164 0.151 0.749
2009.0205 43.30 -115.31 0.661 -0.106 0.153 0.161 0.149 0.736
2009.0479 43.30 -115.31 0.270 0.029 -1.671 0.161 0.149 0.737
2009.0753 43.30 -115.31 0.192 -0.407 -3.188 0.155 0.143 0.710
2009.1027 43.30 -115.31 0.431 -0.105 0.551 0.192 0.178 0.877
2009.1301 43.30 -115.31 0.311 -0.580 -0.456 0.154 0.141 0.703
2009.1575 43.30 -115.31 0.249 -0.376 -1.705 0.157 0.144 0.718
2009.1849 43.30 -115.31 0.733 -0.396 -1.978 0.179 0.166 0.816
2009.2123 43.30 -115.31 0.657 0.282 0.019 0.156 0.140 0.707
2009.2397 43.30 -115.31 0.578 0.276 1.050 0.175 0.161 0.796
2009.2671 43.30 -115.31 0.742 0.558 -0.767 0.146 0.134 0.669
2009.2945 43.30 -115.31 0.756 0.615 -2.039 0.150 0.138 0.685
2009.3219 43.30 -115.31 0.659 0.318 -1.700 0.157 0.144 0.715
2009.3493 43.30 -115.31 0.894 0.254 -3.542 0.144 0.131 0.658
2009.3767 43.30 -115.31 0.673 0.801 -2.001 0.152 0.138 0.691
2009.4041 43.30 -115.31 0.541 0.353 -0.904 0.134 0.121 0.613
2009.4315 43.30 -115.31 0.400 0.829 -1.251 0.153 0.139 0.697
2009.4589 43.30 -115.31 -0.186 0.465 -2.273 0.131 0.117 0.597
2009.4863 43.30 -115.31 -0.155 0.132 -2.162 0.144 0.129 0.655
2009.5137 43.30 -115.31 0.004 0.120 0.738 0.140 0.122 0.631
2009.5411 43.30 -115.31 -0.134 0.017 1.224 0.170 0.152 0.770
2009.5685 43.30 -115.31 -0.214 -0.052 1.246 0.184 0.163 0.829
2009.5959 43.30 -115.31 -0.310 0.024 2.999 0.161 0.142 0.729
2009.6233 43.30 -115.31 -0.373 -0.041 4.156 0.166 0.148 0.751
2009.6507 43.30 -115.31 -0.408 0.024 5.023 0.160 0.143 0.723
2009.6781 43.30 -115.31 -0.560 0.241 5.350 0.170 0.154 0.771
2009.7055 43.30 -115.31 -0.467 0.251 4.031 0.176 0.160 0.797
2009.7329 43.30 -115.31 -0.826 0.378 5.785 0.170 0.154 0.770
2009.7603 43.30 -115.31 -0.644 0.378 5.024 0.193 0.176 0.877
2009.7877 43.30 -115.31 -0.560 0.716 4.362 0.178 0.162 0.810
2009.8151 43.30 -115.31 -0.391 0.670 2.199 0.191 0.175 0.866
2009.8425 43.30 -115.31 -0.345 0.494 1.454 0.174 0.159 0.790
2009.8699 43.30 -115.31 -0.385 0.138 1.674 0.166 0.152 0.756
2009.8973 43.30 -115.31 -0.288 0.232 1.331 0.156 0.142 0.708
2009.9247 43.30 -115.31 -0.388 0.157 -0.489 0.157 0.139 0.712
2009.9521 43.30 -115.31 -0.296 0.423 -0.810 0.146 0.132 0.665
2009.9795 43.30 -115.31 -0.026 -0.012 0.149 0.150 0.136 0.684
2010.0068 43.30 -115.31 0.104 -0.049 -0.951 0.188 0.173 0.855
2010.0342 43.30 -115.31 0.234 -0.051 0.279 0.148 0.134 0.675
2010.0616 43.30 -115.31 0.119 0.038 -0.144 0.152 0.137 0.691
2010.0890 43.30 -115.31 0.074 0.472 -0.659 0.180 0.165 0.818
2010.1164 43.30 -115.31 0.011 0.395 -1.978 0.186 0.171 0.844
2010.1438 43.30 -115.31 0.089 0.313 -2.383 0.180 0.164 0.817
2010.1712 43.30 -115.31 -0.333 0.681 -4.391 0.172 0.156 0.782
2010.1986 43.30 -115.31 0.023 0.662 -3.154 0.165 0.149 0.750
2010.2260 43.30 -115.31 -0.124 0.280 -2.340 0.180 0.164 0.818
2010.2534 43.30 -115.31 0.344 0.402 -1.227 0.186 0.168 0.844
2010.2808 43.30 -115.31 0.004 0.364 -0.524 0.145 0.129 0.657
2010.3082 43.30 -115.31 -0.248 0.272 -1.476 0.151 0.135 0.686
2010.3356 43.30 -115.31 0.532 -0.062 -2.087 0.139 0.123 0.633
2010.3630 43.30 -115.31 0.163 0.050 -2.939 0.148 0.131 0.672
2010.3904 43.30 -115.31 0.085 0.015 -0.409 0.155 0.128 0.688
2010.4178 43.30 -115.31 0.570 -0.017 -1.911 0.158 0.138 0.712
2010.4452 43.30 -115.31 0.396 0.218 -2.028 0.140 0.123 0.637
2010.4726 43.30 -115.31 0.241 0.216 -2.240 0.127 0.110 0.578
2010.5000 43.30 -115.31 0.317 0.408 -2.046 0.142 0.125 0.644
2010.5274 43.30 -115.31 0.323 0.266 0.503 0.215 0.197 0.973
2010.5548 43.30 -115.31 0.054 0.230 0.127 0.140 0.126 0.636
2010.5822 43.30 -115.31 -0.291 0.300 -0.005 0.127 0.114 0.579
2010.6096 43.30 -115.31 -0.772 0.542 0.776 0.161 0.148 0.733
2010.6370 43.30 -115.31 -0.604 0.536 0.366 0.145 0.132 0.660
2010.6644 43.30 -115.31 -0.196 0.449 0.622 0.136 0.124 0.621
2010.6918 43.30 -115.31 -0.207 0.538 1.052 0.162 0.149 0.736
2010.7192 43.30 -115.31 -0.473 0.349 0.007 0.151 0.139 0.688
2010.7466 43.30 -115.31 -0.496 0.127 -0.067 0.174 0.161 0.790
2010.7740 43.30 -115.31 -0.507 0.542 3.120 0.144 0.131 0.658
2010.8014 43.30 -115.31 -0.509 0.377 2.539 0.137 0.125 0.625
2010.8288 43.30 -115.31 -0.394 -0.214 1.310 0.155 0.142 0.705
2010.8562 43.30 -115.31 -0.418 0.023 0.935 0.152 0.140 0.694
2010.8836 43.30 -115.31 -0.254 0.235 1.229 0.143 0.129 0.650
2010.9110 43.30 -115.31 -0.198 0.348 0.784 0.155 0.141 0.704
2010.9384 43.30 -115.31 -0.155 0.071 -1.566 0.160 0.147 0.729
2010.9658 43.30 -115.31 -0.162 0.070 -1.281 0.175 0.161 0.796
2010.9932 43.30 -115.31 -0.154 0.069 -1.315 0.159 0.106 0.662
2011.1027 43.30 -115.31 0.485 0.212 -7.623 0.152 0.124 0.678
2011.1301 43.30 -115.31 0.692 -0.140 -4.744 0.210 0.191 0.950
2011.1575 43.30 -115.31 0.616 -0.127 -5.291 0.144 0.128 0.655
2011.1849 43.30 -115.31 0.714 -0.050 -6.773 0.118 0.102 0.537
2011.2123 43.30 -115.31 0.525 0.172 -7.548 0.179 0.164 0.811
2011.2397 43.30 -115.31 0.719 0.174 -6.938 0.185 0.170 0.839
2011.2671 43.30 -115.31 0.800 0.056 -5.664 0.152 0.138 0.690
2011.2945 43.30 -115.31 0.783 0.393 -7.061 0.174 0.160 0.792
2011.3219 43.30 -115.31 0.777 0.404 -5.640 0.164 0.151 0.745
2011.3493 43.30 -115.31 0.668 0.479 -7.008 0.148 0.135 0.676
2011.3767 43.30 -115.31 0.946 0.391 -7.837 0.172 0.158 0.779
2011.4041 43.30 -115.31 1.114 0.447 -7.895 0.153 0.139 0.698
2011.4315 43.30 -115.31 0.799 0.151 -7.379 0.165 0.136 0.727
2011.5137 43.30 -115.31 0.321 0.570 -4.493 0.147 0.127 0.660
2011.5411 43.30 -115.31 0.136 0.682 -4.523 0.151 0.136 0.686
2011.5685 43.30 -115.31 0.096 0.344 -2.870 0.149 0.133 0.676
2011.5959 43.30 -115.31 0.017 0.374 -2.993 0.158 0.142 0.717
2011.6233 43.30 -115.31 -0.217 0.523 -2.927 0.159 0.142 0.722
2011.6507 43.30 -115.31 -0.325 0.807 -1.736 0.184 0.167 0.832
2011.6781 43.30 -115.31 -0.036 0.326 -2.035 0.171 0.156 0.774
2011.7055 43.30 -115.31 -0.793 0.196 -1.325 0.171 0.156 0.774
2011.7329 43.30 -115.31 -0.445 0.376 -0.013 0.195 0.180 0.885
2011.7603 43.30 -115.31 -0.683 0.543 -0.767 0.169 0.155 0.767
2011.7877 43.30 -115.31 -0.558 0.398 -1.017 0.179 0.165 0.812
2011.8151 43.30 -115.31 -0.022 0.483 -1.479 0.176 0.161 0.798
2011.8425 43.30 -115.31 -0.390 0.150 0.024 0.189 0.175 0.858
2011.8699 43.30 -115.31 -0.190 0.278 4.658 0.188 0.164 0.837
2011.9521 43.30 -115.31 0.067 0.205 -1.288 0.137 0.100 0.587
2011.9795 43.30 -115.31 -0.141 0.372 0.490 0.156 0.138 0.697
2012.0068 43.30 -115.31 0.143 0.231 -0.523 0.146 0.127 0.653
2012.0342 43.30 -115.31 0.236 0.213 -1.378 0.174 0.150 0.771
2012.0616 43.30 -115.31 0.406 -0.290 -1.548 0.152 0.132 0.676
2012.0890 43.30 -115.31 0.625 -0.110 -3.683 0.151 0.129 0.668
2012.1164 43.30 -115.31 0.850 0.250 -5.117 0.150 0.124 0.658
2012.1438 43.30 -115.31 0.554 -0.092 -2.924 0.155 0.129 0.677
2012.1712 43.30 -115.31 0.715 0.194 -4.376 0.150 0.122 0.655
2012.1986 43.30 -115.31 0.970 0.141 -3.461 0.136 0.109 0.594
2012.2260 43.30 -115.31 1.364 0.093 -2.542 0.138 0.111 0.601
2012.2534 43.30 -115.31 1.498 0.169 -4.135 0.134 0.108 0.583
2012.2808 43.30 -115.31 1.284 0.290 -4.803 0.125 0.100 0.544
2012.3082 43.30 -115.31 1.091 0.195 -2.883 0.162 0.107 0.667
2012.3904 43.30 -115.31 0.870 -0.488 -2.036 0.159 0.123 0.690
2012.4178 43.30 -115.31 1.337 0.163 -2.558 0.116 0.091 0.503
2012.4452 43.30 -115.31 0.974 -0.145 -2.895 0.115 0.090 0.500
2012.4726 43.30 -115.31 1.004 -0.225 -1.159 0.123 0.098 0.534
2012.5000 43.30 -115.31 1.009 -0.095 -0.252 0.118 0.093 0.513
2012.5274 43.30 -115.31 0.895 -0.442 -1.671 0.124 0.099 0.541
2012.5548 43.30 -115.31 0.386 -0.416 -1.388 0.124 0.099 0.541
2012.5822 43.30 -115.31 0.276 -0.397 -1.223 0.130 0.106 0.568
2012.6096 43.30 -115.31 0.287 -0.437 1.641 0.128 0.105 0.562
2012.6370 43.30 -115.31 -0.143 -0.099 2.632 0.119 0.098 0.522
2012.6644 43.30 -115.31 -0.023 -0.328 1.512 0.129 0.107 0.567
2012.6918 43.30 -115.31 -0.120 -0.123 2.978 0.131 0.112 0.583
2012.7192 43.30 -115.31 -0.439 -0.221 2.303 0.155 0.136 0.693
2012.7466 43.30 -115.31 -0.685 -0.042 0.384 0.126 0.090 0.539
2012.8562 43.30 -115.31 -0.057 -0.620 4.980 0.163 0.142 0.728
2012.8836 43.30 -115.31 0.051 -0.313 1.184 0.150 0.136 0.679
2012.9110 43.30 -115.31 0.440 -0.494 2.038 0.142 0.130 0.646
2012.9384 43.30 -115.31 0.415 -0.419 -0.145 0.140 0.125 0.635
2012.9658 43.30 -115.31 0.498 -0.756 -0.667 0.152 0.140 0.691
2012.9918 43.30 -115.31 0.529 -0.546 -2.117 0.078 0.069 0.361
2013.0178 43.30 -115.31 0.522 -0.665 -2.501 0.090 0.081 0.416
2013.0452 43.30 -115.31 0.793 -0.548 -1.966 0.090 0.081 0.415
2013.0726 43.30 -115.31 0.592 -0.666 -1.250 0.083 0.075 0.386
2013.1000 43.30 -115.31 0.921 -0.680 -2.398 0.086 0.077 0.395
2013.1274 43.30 -115.31 0.938 -0.440 -3.934 0.080 0.071 0.371
2013.1548 43.30 -115.31 0.791 -0.745 -1.700 0.079 0.064 0.357
2013.2644 43.30 -115.31 1.125 -0.121 -2.051 0.099 0.050 0.388
2013.2918 43.30 -115.31 1.000 0.011 -1.856 0.082 0.073 0.379
2013.3192 43.30 -115.31 1.175 0.057 -0.783 0.090 0.081 0.414
2013.3466 43.30 -115.31 0.910 0.074 -3.940 0.092 0.084 0.424
2013.3740 43.30 -115.31 0.877 0.361 -1.283 0.079 0.072 0.370
2013.4014 43.30 -115.31 0.966 0.380 -0.648 0.082 0.074 0.380
2013.4288 43.30 -115.31 1.059 0.171 -1.726 0.073 0.065 0.342
2013.4562 43.30 -115.31 0.850 0.408 0.180 0.075 0.066 0.348
2013.4836 43.30 -115.31 0.694 0.054 -1.065 0.076 0.068 0.354
2013.5110 43.30 -115.31 0.345 0.025 0.632 0.085 0.077 0.392
2013.5384 43.30 -115.31 0.520 0.054 2.793 0.085 0.074 0.389
2013.5658 43.30 -115.31 0.438 0.084 1.847 0.087 0.078 0.403
2013.7575 43.30 -115.31 0.117 0.550 3.864 0.085 0.074 0.390
2013.7849 43.30 -115.31 -0.142 0.243 0.611 0.087 0.076 0.399
2013.8123 43.30 -115.31 0.068 0.820 1.661 0.080 0.070 0.368
2013.8397 43.30 -115.31 -0.188 0.318 3.199 0.081 0.071 0.372
2013.8671 43.30 -115.31 0.082 0.245 2.808 0.087 0.076 0.397
2013.8945 43.30 -115.31 0.019 0.287 1.325 0.080 0.070 0.369
2013.9219 43.30 -115.31 0.119 -0.119 -0.683 0.072 0.063 0.336
2013.9493 43.30 -115.31 0.263 0.475 0.398 0.076 0.067 0.353
2013.9767 43.30 -115.31 0.297 0.487 0.369 0.077 0.068 0.359
2014.0041 43.30 -115.31 0.504 0.578 2.062 0.075 0.065 0.347
2014.0315 43.30 -115.31 0.777 0.846 1.699 0.078 0.068 0.358
2014.1685 43.30 -115.31 1.253 0.688 0.989 0.082 0.072 0.379
2014.1959 43.30 -115.31 1.288 0.801 0.481 0.082 0.074 0.379
2014.2233 43.30 -115.31 1.356 0.557 -0.967 0.078 0.070 0.362
2014.2507 43.30 -115.31 1.272 0.723 0.551 0.072 0.064 0.335
2014.2781 43.30 -115.31 1.307 0.525 -1.063 0.076 0.068 0.352
2014.3055 43.30 -115.31 1.247 0.691 -1.972 0.073 0.065 0.340
2014.3329 43.30 -115.31 1.191 0.711 -0.899 0.061 0.053 0.287
2014.3603 43.30 -115.31 1.022 0.717 -1.717 0.068 0.060 0.319
2014.3877 43.30 -115.31 1.361 0.553 -1.544 0.068 0.060 0.320
2014.4151 43.30 -115.31 1.207 0.804 -0.840 0.068 0.060 0.319
2014.4425 43.30 -115.31 1.155 0.802 0.477 0.072 0.064 0.336
2014.4699 43.30 -115.31 1.496 0.497 2.014 0.072 0.063 0.335
2014.5795 43.30 -115.31 0.515 0.372 1.798 0.067 0.052 0.308
2014.6068 43.30 -115.31 0.133 0.544 2.610 0.064 0.055 0.300
2014.6342 43.30 -115.31 0.371 0.502 3.151 0.059 0.050 0.278
2014.6616 43.30 -115.31 0.125 0.821 3.248 0.065 0.056 0.303
2014.6890 43.30 -115.31 0.430 0.531 3.013 0.063 0.055 0.296
2014.7164 43.30 -115.31 0.160 0.906 1.595 0.062 0.054 0.291
2014.7438 43.30 -115.31 0.263 0.616 1.448 0.067 0.058 0.312
2014.7712 43.30 -115.31 0.093 0.544 3.506 0.066 0.058 0.308
2014.7986 43.30 -115.31 0.114 0.622 4.169 0.060 0.051 0.280
2014.8260 43.30 -115.31 0.290 0.493 4.084 0.059 0.051 0.279
2014.8534 43.30 -115.31 0.400 0.872 3.245 0.063 0.053 0.293
2014.8808 43.30 -115.31 0.547 0.552 1.362 0.063 0.053 0.294
2014.9082 43.30 -115.31 0.823 0.559 1.392 0.064 0.054 0.298
2015.0452 43.30 -115.31 1.013 0.439 0.237 0.050 0.039 0.235
2015.0726 43.30 -115.31 1.214 0.488 -0.034 0.054 0.042 0.247
2015.1000 43.30 -115.31 1.235 0.909 -1.173 0.048 0.038 0.228
2015.1274 43.30 -115.31 1.213 0.441 -1.075 0.045 0.036 0.215
2015.1548 43.30 -115.31 1.020 0.791 -0.235 0.052 0.041 0.240
2015.1822 43.30 -115.31 0.994 0.454 -0.472 0.049 0.039 0.229
2015.2096 43.30 -115.31 1.170 0.414 1.108 0.064 0.051 0.290
2015.2370 43.30 -115.31 1.271 0.650 -1.241 0.068 0.057 0.312
2015.2644 43.30 -115.31 1.433 0.866 1.472 0.060 0.051 0.281
2015.2918 43.30 -115.31 1.105 0.667 1.079 0.061 0.052 0.285
2015.3192 43.30 -115.31 0.980 0.948 -0.133 0.058 0.050 0.275
2015.3466 43.30 -115.31 0.926 0.613 2.872 0.063 0.054 0.295
2015.4836 43.30 -115.31 0.466 0.726 4.070 0.061 0.045 0.278
2015.5110 43.30 -115.31 0.519 1.044 4.831 0.058 0.045 0.269
2015.5384 43.30 -115.31 0.245 0.495 4.366 0.063 0.051 0.291
2015.5658 43.30 -115.31 0.295 0.274 5.189 0.062 0.053 0.291
2015.5932 43.30 -115.31 0.115 0.481 4.732 0.065 0.055 0.300
2015.6205 43.30 -115.31 0.120 0.495 4.073 0.063 0.053 0.292
2015.6479 43.30 -115.31 0.085 0.924 4.876 0.061 0.052 0.284
2015.6753 43.30 -115.31 -0.025 0.604 6.593 0.059 0.049 0.275
2015.7027 43.30 -115.31 -0.023 0.820 5.658 0.064 0.054 0.296
2015.7301 43.30 -115.31 -0.132 0.501 8.834 0.064 0.054 0.297
2015.9493 43.30 -115.31 0.407 0.934 1.895 0.062 0.053 0.291
2015.9767 43.30 -115.31 0.597 0.655 1.745 0.064 0.056 0.300
2016.0041 43.30 -115.31 0.475 0.579 -0.822 0.059 0.050 0.275
2016.0315 43.30 -115.31 0.742 0.351 -0.400 0.056 0.048 0.263
2016.0589 43.30 -115.31 0.887 0.121 -0.761 0.057 0.049 0.269
2016.0863 43.30 -115.31 0.658 0.628 0.047 0.052 0.045 0.249
2016.1137 43.30 -115.31 0.544 0.919 -1.497 0.058 0.050 0.273
2016.1411 43.30 -115.31 0.440 0.627 -3.143 0.068 0.058 0.313
2016.1685 43.30 -115.31 0.557 0.071 -2.465 0.073 0.064 0.334
2016.1959 43.30 -115.31 0.696 0.439 -2.623 0.071 0.064 0.331
2016.2233 43.30 -115.31 0.871 0.145 -3.899 0.072 0.065 0.336
2016.2507 43.30 -115.31 1.109 0.192 -0.039 0.061 0.052 0.285
2016.3603 43.30 -115.31 0.801 0.835 1.758 0.056 0.049 0.266
2016.3877 43.30 -115.31 1.047 0.824 2.265 0.066 0.057 0.305
2016.4151 43.30 -115.31 0.860 0.814 1.966 0.065 0.056 0.300
2016.4425 43.30 -115.31 0.642 1.081 5.194 0.069 0.060 0.319
2016.4699 43.30 -115.31 0.554 0.630 2.815 0.067 0.059 0.313
