2002.5877 38.03 -78.51 -0.014 1.241 3.568 0.114 0.096 0.515
2002.6151 38.03 -78.51 -0.556 1.460 4.564 0.109 0.093 0.493
2002.6425 38.03 -78.51 -0.286 0.537 7.094 0.111 0.094 0.501
2002.6699 38.03 -78.51 -0.747 0.648 5.288 0.096 0.082 0.439
2002.6973 38.03 -78.51 -0.406 0.458 4.933 0.165 0.075 0.622
2002.7247 38.03 -78.51 -0.782 0.173 5.922 0.103 0.088 0.465
2002.7521 38.03 -78.51 -0.638 0.428 3.495 0.095 0.082 0.434
2002.7795 38.03 -78.51 -0.718 0.246 3.893 0.111 0.096 0.505
2002.8068 38.03 -78.51 -0.783 0.239 3.233 0.099 0.084 0.448
2002.8342 38.03 -78.51 -0.786 0.189 0.129 0.098 0.083 0.442
2002.8616 38.03 -78.51 -0.794 0.362 2.079 0.101 0.074 0.438
2002.8890 38.03 -78.51 -0.600 0.363 -0.152 0.099 0.084 0.446
2002.9164 38.03 -78.51 -0.684 0.308 -0.369 0.106 0.088 0.478
2003.0260 38.03 -78.51 -0.298 0.404 -0.806 0.120 0.101 0.543
2003.0534 38.03 -78.51 -0.061 -0.004 0.952 0.194 0.165 0.862
2003.0808 38.03 -78.51 -0.462 0.515 3.561 0.174 0.141 0.771
2003.1082 38.03 -78.51 -0.260 0.480 -2.868 0.101 0.083 0.461
2003.1356 38.03 -78.51 -0.074 0.244 -2.245 0.094 0.077 0.429
2003.1630 38.03 -78.51 -0.232 -0.332 -2.190 0.100 0.083 0.454
2003.1904 38.03 -78.51 -0.433 0.081 -1.501 0.117 0.095 0.527
2003.2178 38.03 -78.51 -0.641 -0.095 -2.261 0.099 0.082 0.448
2003.2452 38.03 -78.51 -0.256 -0.170 -2.007 0.096 0.081 0.438
2003.2726 38.03 -78.51 -0.674 0.156 0.535 0.094 0.079 0.428
2003.3000 38.03 -78.51 -0.807 0.106 -0.165 0.092 0.077 0.418
2003.3274 38.03 -78.51 -0.099 -0.035 -1.876 0.119 0.101 0.539
2003.3548 38.03 -78.51 0.004 -0.036 -1.934 0.130 0.112 0.586
2003.3822 38.03 -78.51 -0.200 -0.242 -0.401 0.119 0.098 0.535
2003.5192 38.03 -78.51 -0.877 0.078 -0.903 0.124 0.108 0.559
2003.5466 38.03 -78.51 -0.772 0.328 -1.383 0.136 0.121 0.614
2003.5740 38.03 -78.51 -0.950 0.510 1.153 0.158 0.141 0.710
2003.6014 38.03 -78.51 -0.838 0.358 -0.234 0.136 0.121 0.614
2003.6288 38.03 -78.51 -0.935 0.426 0.478 0.129 0.113 0.585
2003.6562 38.03 -78.51 -0.849 0.572 0.555 0.139 0.121 0.624
2003.6836 38.03 -78.51 -0.886 0.508 -0.080 0.137 0.121 0.615
2003.7110 38.03 -78.51 -1.139 0.090 0.319 0.108 0.093 0.488
2003.7384 38.03 -78.51 -1.107 0.624 0.513 0.130 0.114 0.584
2003.7658 38.03 -78.51 -1.135 0.227 2.707 0.120 0.104 0.539
2003.7932 38.03 -78.51 -1.058 0.567 0.077 0.133 0.117 0.598
2003.8205 38.03 -78.51 -1.045 0.384 -3.640 0.144 0.123 0.639
2003.8479 38.03 -78.51 -0.866 0.352 -0.299 0.128 0.104 0.562
2003.8753 38.03 -78.51 -0.741 0.675 -0.706 0.133 0.115 0.594
2003.9027 38.03 -78.51 -0.623 -0.521 -3.173 0.123 0.102 0.544
2003.9301 38.03 -78.51 -0.466 0.346 -3.100 0.127 0.107 0.565
2003.9575 38.03 -78.51 -0.413 0.160 -3.384 0.142 0.122 0.631
2003.9849 38.03 -78.51 -0.343 -0.133 -3.399 0.135 0.115 0.598
2004.0123 38.03 -78.51 -0.316 0.621 -2.054 0.145 0.122 0.640
2004.0397 38.03 -78.51 -0.377 0.675 -3.313 0.124 0.099 0.546
2004.0945 38.03 -78.51 -0.063 -0.299 -5.056 0.116 0.092 0.510
2004.1219 38.03 -78.51 -0.035 -0.358 -2.586 0.123 0.100 0.538
2004.1493 38.03 -78.51 -0.205 -0.732 0.623 0.144 0.118 0.629
2004.1767 38.03 -78.51 -0.175 -0.488 -2.109 0.153 0.127 0.667
2004.2041 38.03 -78.51 -0.130 0.100 -1.363 0.126 0.102 0.548
2004.2315 38.03 -78.51 -0.107 -0.119 -0.720 0.128 0.103 0.556
2004.2589 38.03 -78.51 -0.024 -0.280 2.230 0.132 0.105 0.573
2004.2863 38.03 -78.51 -0.003 -0.320 -2.567 0.133 0.105 0.574
2004.3137 38.03 -78.51 0.198 -0.532 -1.982 0.126 0.100 0.546
2004.3411 38.03 -78.51 0.032 -0.661 -1.654 0.138 0.109 0.595
2004.3685 38.03 -78.51 0.058 -0.532 -0.640 0.134 0.105 0.578
2004.3959 38.03 -78.51 0.286 -0.949 -0.644 0.118 0.092 0.512
2004.4233 38.03 -78.51 0.122 -0.555 -2.704 0.113 0.088 0.492
2004.4507 38.03 -78.51 -0.103 -0.495 -2.140 0.101 0.078 0.438
2004.4781 38.03 -78.51 -0.056 -0.164 -1.127 0.111 0.086 0.478
2004.5055 38.03 -78.51 0.050 -0.342 -1.052 0.108 0.084 0.468
2004.5329 38.03 -78.51 -0.276 -0.332 -0.059 0.102 0.079 0.445
2004.5603 38.03 -78.51 -0.129 -0.147 1.237 0.105 0.081 0.455
2004.5877 38.03 -78.51 -0.183 0.039 -1.170 0.106 0.082 0.461
2004.6151 38.03 -78.51 -0.316 0.151 0.480 0.117 0.090 0.506
2004.6425 38.03 -78.51 -0.460 0.395 0.428 0.100 0.077 0.437
2004.6699 38.03 -78.51 -0.702 0.549 -0.156 0.100 0.078 0.438
2004.6973 38.03 -78.51 -0.593 0.667 -1.534 0.094 0.073 0.414
2004.7247 38.03 -78.51 -0.624 0.172 -1.559 0.108 0.083 0.468
2004.7521 38.03 -78.51 -0.754 0.453 -1.667 0.104 0.080 0.452
2004.7795 38.03 -78.51 -0.976 0.457 0.341 0.101 0.078 0.438
2004.8068 38.03 -78.51 -0.767 0.560 -1.703 0.111 0.086 0.481
2004.8342 38.03 -78.51 -0.617 0.314 -1.794 0.110 0.084 0.474
2004.8616 38.03 -78.51 -0.484 0.526 -1.117 0.097 0.076 0.426
2004.8890 38.03 -78.51 -0.342 -0.174 -1.568 0.097 0.076 0.425
2004.9164 38.03 -78.51 -0.333 0.115 -3.126 0.106 0.082 0.459
2004.9438 38.03 -78.51 -0.398 -0.194 -2.404 0.117 0.092 0.512
2004.9712 38.03 -78.51 -0.214 -0.167 -4.096 0.106 0.083 0.458
2004.9973 38.03 -78.51 -0.405 -0.245 -2.842 0.103 0.080 0.448
2005.0233 38.03 -78.51 -0.056 -0.496 -5.217 0.118 0.093 0.510
2005.0507 38.03 -78.51 0.081 -0.387 -3.453 0.171 0.140 0.737
2005.0781 38.03 -78.51 -0.307 -0.143 -2.944 0.131 0.106 0.567
2005.1055 38.03 -78.51 -0.420 -0.020 -5.360 0.130 0.105 0.564
2005.1329 38.03 -78.51 -0.004 -0.154 -3.600 0.133 0.108 0.579
2005.1603 38.03 -78.51 0.083 -0.401 -5.188 0.120 0.096 0.521
2005.1877 38.03 -78.51 0.007 -0.368 -2.241 0.121 0.095 0.524
2005.2151 38.03 -78.51 0.029 -0.691 -2.396 0.114 0.090 0.497
2005.2425 38.03 -78.51 0.241 -0.429 -3.016 0.110 0.088 0.482
2005.2699 38.03 -78.51 -0.150 -0.535 -2.416 0.117 0.094 0.512
2005.2973 38.03 -78.51 -0.330 -0.333 -0.982 0.123 0.100 0.539
2005.3247 38.03 -78.51 0.044 -0.391 -3.506 0.130 0.105 0.568
2005.3521 38.03 -78.51 -0.146 -0.158 -2.924 0.058 0.047 0.274
2005.3795 38.03 -78.51 -0.099 -0.562 -2.977 0.122 0.099 0.535
2005.4068 38.03 -78.51 -0.151 -0.275 -3.482 0.112 0.091 0.494
2005.4342 38.03 -78.51 -0.416 -0.180 -2.540 0.128 0.104 0.566
2005.4616 38.03 -78.51 -0.316 -0.146 -1.341 0.117 0.095 0.514
2005.4890 38.03 -78.51 -0.459 0.023 1.912 0.111 0.090 0.488
2005.5164 38.03 -78.51 -0.461 -0.153 -0.113 0.110 0.090 0.488
2005.5438 38.03 -78.51 -0.556 0.328 -2.253 0.119 0.099 0.527
2005.5712 38.03 -78.51 -0.465 0.034 -1.187 0.130 0.108 0.572
2005.5986 38.03 -78.51 -1.004 0.339 0.149 0.132 0.110 0.584
2005.6260 38.03 -78.51 -0.681 0.260 0.500 0.117 0.098 0.520
2005.6534 38.03 -78.51 -1.015 0.284 2.204 0.123 0.103 0.547
2005.6808 38.03 -78.51 -0.780 0.316 1.584 0.121 0.102 0.538
2005.7082 38.03 -78.51 -0.932 0.454 3.580 0.146 0.125 0.645
2005.7356 38.03 -78.51 -0.919 0.750 4.747 0.128 0.109 0.571
2005.7630 38.03 -78.51 -0.466 0.754 3.524 0.129 0.110 0.573
2005.7904 38.03 -78.51 -0.623 0.553 1.623 0.121 0.103 0.540
2005.8178 38.03 -78.51 -0.410 0.638 1.334 0.124 0.106 0.553
2005.8452 38.03 -78.51 -0.362 0.928 -0.066 0.133 0.114 0.593
2005.8726 38.03 -78.51 -0.199 0.869 3.302 0.115 0.098 0.516
2005.9000 38.03 -78.51 -0.217 0.633 0.896 0.113 0.096 0.505
2005.9274 38.03 -78.51 -0.325 0.707 -0.954 0.119 0.094 0.525
2005.9548 38.03 -78.51 -0.443 0.700 -1.392 0.116 0.094 0.538
2005.9822 38.03 -78.51 0.100 0.535 -1.021 0.112 0.092 0.503
2006.0096 38.03 -78.51 -0.282 0.336 0.503 0.121 0.101 0.541
2006.0370 38.03 -78.51 0.019 0.145 -0.188 0.152 0.129 0.675
2006.0644 38.03 -78.51 -0.151 0.174 -1.774 0.154 0.131 0.687
2006.0918 38.03 -78.51 0.239 0.130 -1.448 0.152 0.132 0.681
2006.1192 38.03 -78.51 0.202 0.114 -3.318 0.172 0.150 0.767
2006.1466 38.03 -78.51 0.036 0.018 -0.294 0.136 0.118 0.609
2006.1740 38.03 -78.51 -0.017 -0.171 0.095 0.151 0.134 0.679
2006.2014 38.03 -78.51 0.158 -0.046 -0.793 0.119 0.103 0.534
2006.2288 38.03 -78.51 0.107 -0.192 0.275 0.152 0.135 0.684
2006.2562 38.03 -78.51 0.205 -0.223 -0.102 0.143 0.127 0.642
2006.2836 38.03 -78.51 0.219 0.055 -0.420 0.140 0.125 0.630
2006.3110 38.03 -78.51 0.345 -0.379 0.769 0.149 0.133 0.672
2006.3384 38.03 -78.51 0.233 -0.039 -0.414 0.135 0.121 0.610
2006.3658 38.03 -78.51 0.076 0.241 0.561 0.149 0.134 0.675
2006.3932 38.03 -78.51 0.269 0.263 0.994 0.147 0.132 0.665
2006.4205 38.03 -78.51 0.310 -0.084 -0.731 0.148 0.133 0.669
2006.4479 38.03 -78.51 0.097 0.286 0.173 0.163 0.141 0.730
2006.4753 38.03 -78.51 -0.202 0.442 -2.758 0.165 0.147 0.742
2006.5027 38.03 -78.51 0.017 0.676 -0.138 0.170 0.154 0.770
2006.5301 38.03 -78.51 -0.129 0.149 -1.085 0.202 0.184 0.910
2006.5575 38.03 -78.51 -0.073 0.357 0.983 0.161 0.145 0.729
2006.5849 38.03 -78.51 -0.295 0.551 3.021 0.166 0.150 0.749
2006.6123 38.03 -78.51 -0.135 0.957 4.207 0.202 0.186 0.915
2006.6397 38.03 -78.51 -0.412 0.685 3.329 0.172 0.157 0.780
2006.6671 38.03 -78.51 -0.491 1.022 1.740 0.157 0.142 0.711
2006.6945 38.03 -78.51 -0.956 0.662 2.589 0.200 0.182 0.901
2006.7219 38.03 -78.51 -0.827 0.466 2.689 0.188 0.169 0.849
2006.7493 38.03 -78.51 -0.551 0.618 3.751 0.224 0.202 1.006
2006.7767 38.03 -78.51 -0.649 0.922 1.783 0.194 0.176 0.875
2006.8041 38.03 -78.51 -0.444 0.507 1.302 0.157 0.141 0.709
2006.8315 38.03 -78.51 -0.317 1.138 2.350 0.182 0.165 0.820
2006.8589 38.03 -78.51 -0.543 0.551 -1.677 0.177 0.160 0.799
2006.8863 38.03 -78.51 -0.415 0.408 -1.479 0.170 0.153 0.767
2006.9137 38.03 -78.51 -0.398 0.515 -1.840 0.166 0.147 0.746
2006.9411 38.03 -78.51 -0.315 0.251 -1.208 0.163 0.144 0.734
2006.9685 38.03 -78.51 -0.305 0.108 -2.687 0.163 0.142 0.730
2006.9959 38.03 -78.51 -0.211 -0.014 -0.809 0.163 0.139 0.725
2007.0233 38.03 -78.51 -0.107 -0.065 -1.644 0.151 0.128 0.675
2007.0507 38.03 -78.51 -0.183 -0.248 -0.181 0.158 0.134 0.703
2007.0781 38.03 -78.51 -0.317 -0.365 -1.575 0.161 0.142 0.723
2007.1055 38.03 -78.51 -0.117 -0.212 1.592 0.144 0.126 0.648
2007.1329 38.03 -78.51 0.157 -0.445 0.535 0.157 0.138 0.705
2007.1603 38.03 -78.51 0.024 -0.456 0.036 0.149 0.132 0.672
2007.1877 38.03 -78.51 0.033 -0.176 3.804 0.191 0.173 0.862
2007.2151 38.03 -78.51 0.012 -0.338 -0.657 0.171 0.154 0.770
2007.2425 38.03 -78.51 0.383 -0.167 -1.294 0.164 0.148 0.741
2007.2699 38.03 -78.51 0.315 -0.345 0.666 0.132 0.116 0.595
2007.2973 38.03 -78.51 0.446 -0.311 -0.942 0.124 0.109 0.563
2007.3247 38.03 -78.51 0.439 -0.310 -1.747 0.151 0.135 0.683
2007.3521 38.03 -78.51 0.420 0.059 -0.211 0.165 0.149 0.746
2007.3795 38.03 -78.51 0.373 -0.117 0.620 0.173 0.157 0.782
2007.4068 38.03 -78.51 0.524 -0.048 0.206 0.145 0.129 0.655
2007.4342 38.03 -78.51 0.351 -0.015 0.216 0.139 0.123 0.628
2007.4616 38.03 -78.51 0.148 -0.163 2.446 0.181 0.164 0.817
2007.4890 38.03 -78.51 -0.097 0.229 0.085 0.140 0.123 0.631
2007.5164 38.03 -78.51 -0.146 0.774 3.135 0.147 0.131 0.665
2007.5438 38.03 -78.51 -0.177 0.500 3.577 0.143 0.127 0.646
2007.5712 38.03 -78.51 -0.185 0.234 2.589 0.147 0.130 0.663
2007.5986 38.03 -78.51 -0.538 0.450 4.120 0.179 0.161 0.807
2007.6260 38.03 -78.51 -0.350 0.623 4.346 0.147 0.130 0.662
2007.6534 38.03 -78.51 -0.518 0.946 5.123 0.149 0.132 0.673
2007.6808 38.03 -78.51 -0.559 0.563 5.364 0.157 0.138 0.707
2007.7082 38.03 -78.51 -0.433 0.920 6.335 0.118 0.100 0.532
2007.7356 38.03 -78.51 -0.462 1.211 5.259 0.161 0.141 0.725
2007.7630 38.03 -78.51 -0.718 1.076 4.882 0.125 0.106 0.565
2007.7904 38.03 -78.51 -0.426 0.889 5.540 0.159 0.140 0.714
2007.8178 38.03 -78.51 -0.465 0.646 3.955 0.182 0.163 0.819
2007.8452 38.03 -78.51 -0.449 0.920 4.042 0.149 0.131 0.672
2007.8726 38.03 -78.51 -0.251 0.984 4.688 0.173 0.153 0.779
2007.9000 38.03 -78.51 0.032 0.612 4.532 0.185 0.158 0.820
2007.9274 38.03 -78.51 0.097 0.491 1.856 0.179 0.160 0.808
2007.9548 38.03 -78.51 0.252 0.169 1.377 0.135 0.119 0.612
2007.9822 38.03 -78.51 0.238 0.333 0.039 0.165 0.148 0.748
2008.0096 38.03 -78.51 0.175 0.224 1.199 0.145 0.130 0.658
2008.0370 38.03 -78.51 0.086 0.078 0.998 0.149 0.135 0.677
2008.0644 38.03 -78.51 0.251 0.183 1.226 0.171 0.156 0.777
2008.0918 38.03 -78.51 0.379 -0.011 0.288 0.139 0.123 0.628
2008.1192 38.03 -78.51 0.603 0.033 1.128 0.161 0.146 0.732
2008.1466 38.03 -78.51 0.629 -0.184 -0.111 0.187 0.171 0.848
2008.1740 38.03 -78.51 0.864 -0.479 -1.188 0.164 0.149 0.744
2008.2014 38.03 -78.51 0.734 -0.195 -0.301 0.175 0.161 0.794
2008.2288 38.03 -78.51 0.716 -0.253 -1.288 0.206 0.185 0.929
2008.2562 38.03 -78.51 0.878 -0.074 1.622 0.191 0.173 0.865
2008.2836 38.03 -78.51 0.625 -0.447 -0.630 0.230 0.208 1.038
2008.3110 38.03 -78.51 0.824 -0.119 0.841 0.237 0.215 1.069
2008.3384 38.03 -78.51 0.777 -0.216 -0.639 0.176 0.159 0.793
2008.3658 38.03 -78.51 0.750 -0.189 -1.588 0.180 0.161 0.811
2008.3932 38.03 -78.51 0.487 -0.409 -0.851 0.164 0.146 0.740
2008.4205 38.03 -78.51 0.488 -0.498 1.461 0.144 0.127 0.648
2008.4479 38.03 -78.51 0.499 -0.594 2.375 0.145 0.129 0.656
2008.4753 38.03 -78.51 0.490 -0.200 2.853 0.141 0.125 0.638
2008.5027 38.03 -78.51 0.298 -0.092 2.721 0.173 0.153 0.777
2008.5301 38.03 -78.51 0.268 0.131 3.116 0.215 0.190 0.963
2008.5575 38.03 -78.51 0.209 0.206 3.139 0.141 0.121 0.633
2008.5849 38.03 -78.51 0.257 0.050 2.735 0.158 0.140 0.710
2008.6123 38.03 -78.51 0.305 0.376 2.581 0.133 0.115 0.598
2008.6397 38.03 -78.51 -0.112 0.185 3.368 0.145 0.127 0.653
2008.6671 38.03 -78.51 -0.335 0.256 3.658 0.140 0.122 0.627
2008.6945 38.03 -78.51 -0.399 0.523 2.578 0.135 0.117 0.608
2008.7219 38.03 -78.51 -0.273 0.282 3.100 0.155 0.137 0.696
2008.7493 38.03 -78.51 -0.613 0.661 4.129 0.140 0.124 0.632
2008.7767 38.03 -78.51 -0.429 0.558 5.707 0.163 0.146 0.733
2008.8041 38.03 -78.51 -0.530 0.333 3.290 0.163 0.148 0.738
2008.8315 38.03 -78.51 -0.589 0.657 3.293 0.185 0.167 0.834
2008.8589 38.03 -78.51 -0.523 0.796 3.628 0.215 0.195 0.973
2008.8863 38.03 -78.51 -0.416 0.682 2.628 0.207 0.187 0.934
2008.9137 38.03 -78.51 -0.290 0.567 1.168 0.197 0.179 0.890
2008.9411 38.03 -78.51 -0.304 0.455 1.691 0.206 0.187 0.933
2008.9685 38.03 -78.51 -0.149 0.147 0.594 0.193 0.174 0.873
2008.9945 38.03 -78.51 0.235 -0.035 0.155 0.163 0.148 0.740
2009.0205 38.03 -78.51 0.484 -0.000 1.811 0.160 0.146 0.727
2009.0479 38.03 -78.51 0.401 0.430 0.241 0.160 0.146 0.729
2009.0753 38.03 -78.51 0.280 -0.216 -0.452 0.154 0.140 0.701
2009.1027 38.03 -78.51 0.467 -0.003 -0.790 0.191 0.175 0.868
2009.1301 38.03 -78.51 0.385 -0.139 -2.040 0.153 0.138 0.694
2009.1575 38.03 -78.51 0.204 -0.065 0.059 0.156 0.141 0.708
2009.1849 38.03 -78.51 0.298 -0.104 2.800 0.178 0.163 0.807
2009.2123 38.03 -78.51 0.383 -0.359 1.246 0.155 0.136 0.697
2009.2397 38.03 -78.51 0.452 -0.313 0.045 0.173 0.158 0.787
2009.2671 38.03 -78.51 0.270 -0.856 0.980 0.145 0.132 0.661
2009.2945 38.03 -78.51 0.342 -0.662 0.585 0.149 0.135 0.676
2009.3219 38.03 -78.51 0.452 -0.615 2.248 0.156 0.141 0.706
2009.3493 38.03 -78.51 0.336 -0.751 0.381 0.143 0.128 0.649
2009.3767 38.03 -78.51 0.497 -1.036 0.831 0.151 0.135 0.681
2009.4041 38.03 -78.51 0.487 -0.707 0.797 0.133 0.118 0.603
2009.4315 38.03 -78.51 0.700 -0.486 1.219 0.152 0.136 0.688
2009.4589 38.03 -78.51 0.533 -0.015 0.233 0.130 0.114 0.587
2009.4863 38.03 -78.51 0.554 0.158 -2.389 0.143 0.125 0.645
2009.5137 38.03 -78.51 0.258 0.064 -0.298 0.138 0.118 0.619
2009.5411 38.03 -78.51 0.371 -0.042 -0.530 0.169 0.147 0.758
2009.5685 38.03 -78.51 0.254 -0.177 0.011 0.182 0.158 0.815
2009.5959 38.03 -78.51 0.078 -0.214 0.046 0.160 0.138 0.716
2009.6233 38.03 -78.51 -0.063 0.360 0.259 0.165 0.144 0.739
2009.6507 38.03 -78.51 0.221 -0.139 0.431 0.158 0.139 0.712
2009.6781 38.03 -78.51 -0.115 0.237 2.966 0.169 0.150 0.760
2009.7055 38.03 -78.51 -0.304 0.715 2.488 0.174 0.156 0.786
2009.7329 38.03 -78.51 -0.463 0.372 3.489 0.169 0.151 0.760
2009.7603 38.03 -78.51 -0.292 0.692 2.642 0.192 0.172 0.865
2009.7877 38.03 -78.51 -0.155 0.418 2.674 0.177 0.159 0.799
2009.8151 38.03 -78.51 -0.171 0.179 3.536 0.190 0.171 0.855
2009.8425 38.03 -78.51 -0.286 0.349 -0.985 0.173 0.155 0.780
2009.8699 38.03 -78.51 -0.463 0.370 -0.607 0.165 0.148 0.746
2009.8973 38.03 -78.51 -0.438 0.419 1.079 0.154 0.139 0.699
2009.9247 38.03 -78.51 -0.499 0.330 -1.848 0.156 0.136 0.700
2009.9521 38.03 -78.51 -0.070 -0.540 -2.094 0.145 0.129 0.656
2009.9795 38.03 -78.51 -0.227 -0.064 -2.736 0.149 0.132 0.674
2010.0068 38.03 -78.51 -0.045 -0.725 -2.493 0.187 0.169 0.845
2010.0342 38.03 -78.51 0.071 -0.395 -0.042 0.147 0.131 0.665
2010.0616 38.03 -78.51 0.103 -0.386 -1.980 0.151 0.134 0.681
2010.0890 38.03 -78.51 -0.116 -0.620 -3.162 0.179 0.162 0.808
2010.1164 38.03 -78.51 -0.028 -0.521 -3.826 0.184 0.167 0.834
2010.1438 38.03 -78.51 0.280 -0.879 -2.806 0.179 0.160 0.806
2010.1712 38.03 -78.51 0.087 -0.771 -3.201 0.171 0.153 0.771
2010.1986 38.03 -78.51 0.098 -0.331 -3.805 0.164 0.146 0.740
2010.2260 38.03 -78.51 -0.123 -0.722 -1.434 0.179 0.160 0.807
2010.2534 38.03 -78.51 -0.136 -1.015 -3.087 0.185 0.164 0.832
2010.2808 38.03 -78.51 -0.128 -0.417 0.749 0.143 0.126 0.646
2010.3082 38.03 -78.51 0.152 -0.621 2.082 0.150 0.132 0.675
2010.3356 38.03 -78.51 0.214 -0.424 2.342 0.138 0.119 0.621
2010.3630 38.03 -78.51 0.291 -0.393 1.098 0.147 0.126 0.659
2010.3904 38.03 -78.51 0.234 -0.421 -1.679 0.153 0.123 0.671
2010.4178 38.03 -78.51 -0.048 -0.353 -1.632 0.156 0.134 0.699
2010.4452 38.03 -78.51 0.187 -0.411 -1.040 0.139 0.119 0.625
2010.4726 38.03 -78.51 0.143 0.035 0.135 0.126 0.107 0.566
2010.5000 38.03 -78.51 0.186 0.037 1.545 0.141 0.121 0.633
2010.5274 38.03 -78.51 0.106 0.100 2.087 0.213 0.193 0.961
2010.5548 38.03 -78.51 -0.350 -0.273 1.560 0.139 0.123 0.627
2010.5822 38.03 -78.51 -0.087 -0.339 0.417 0.126 0.111 0.570
2010.6096 38.03 -78.51 -0.523 0.063 1.282 0.160 0.145 0.724
2010.6370 38.03 -78.51 -0.463 -0.191 0.126 0.144 0.129 0.651
2010.6644 38.03 -78.51 -0.609 0.369 1.164 0.135 0.121 0.612
2010.6918 38.03 -78.51 -0.520 0.306 1.993 0.161 0.146 0.727
2010.7192 38.03 -78.51 -0.398 0.492 2.660 0.150 0.136 0.679
2010.7466 38.03 -78.51 -0.376 0.656 1.155 0.173 0.157 0.780
2010.7740 38.03 -78.51 -0.499 -0.003 2.603 0.143 0.128 0.648
2010.8014 38.03 -78.51 -0.330 0.402 3.673 0.136 0.122 0.616
2010.8288 38.03 -78.51 -0.106 0.410 1.208 0.154 0.139 0.696
2010.8562 38.03 -78.51 -0.168 0.355 2.006 0.151 0.136 0.685
2010.8836 38.03 -78.51 -0.248 0.361 1.590 0.142 0.126 0.641
2010.9110 38.03 -78.51 -0.048 0.052 0.708 0.154 0.138 0.694
2010.9384 38.03 -78.51 -0.073 -0.164 -0.947 0.159 0.143 0.719
2010.9658 38.03 -78.51 0.347 -0.209 -0.597 0.174 0.157 0.785
2010.9932 38.03 -78.51 0.066 -0.425 -0.992 0.156 0.100 0.642
2011.1027 38.03 -78.51 0.245 -0.295 -1.475 0.150 0.119 0.662
2011.1301 38.03 -78.51 0.046 0.344 -1.545 0.209 0.186 0.936
2011.1575 38.03 -78.51 0.421 -0.312 1.326 0.143 0.124 0.643
2011.1849 38.03 -78.51 -0.191 -0.346 -1.868 0.117 0.098 0.526
2011.2123 38.03 -78.51 0.467 -0.296 -1.823 0.178 0.159 0.799
2011.2397 38.03 -78.51 0.883 -0.582 -2.308 0.184 0.166 0.828
2011.2671 38.03 -78.51 0.715 -0.261 -1.939 0.151 0.134 0.679
2011.2945 38.03 -78.51 0.521 -0.536 -3.290 0.173 0.157 0.781
2011.3219 38.03 -78.51 0.720 -0.530 -0.909 0.163 0.147 0.734
2011.3493 38.03 -78.51 0.747 -0.489 1.286 0.147 0.132 0.666
2011.3767 38.03 -78.51 0.898 -0.077 -0.851 0.171 0.154 0.769
2011.4041 38.03 -78.51 0.861 -1.105 -0.975 0.152 0.135 0.687
2011.4315 38.03 -78.51 0.938 -0.555 0.896 0.163 0.131 0.714
2011.5137 38.03 -78.51 0.525 -0.696 0.900 0.145 0.123 0.648
2011.5411 38.03 -78.51 0.115 -0.417 2.563 0.150 0.132 0.674
2011.5685 38.03 -78.51 0.206 -0.301 3.406 0.148 0.129 0.663
2011.5959 38.03 -78.51 0.215 -0.335 2.205 0.157 0.138 0.705
2011.6233 38.03 -78.51 -0.103 -0.311 3.040 0.158 0.138 0.709
2011.6507 38.03 -78.51 0.261 0.062 3.931 0.183 0.163 0.820
2011.6781 38.03 -78.51 0.027 0.601 1.345 0.170 0.152 0.762
2011.7055 38.03 -78.51 0.142 0.587 0.532 0.170 0.152 0.762
2011.7329 38.03 -78.51 0.274 0.687 0.654 0.194 0.176 0.873
2011.7603 38.03 -78.51 0.575 0.615 -1.313 0.168 0.151 0.756
2011.7877 38.03 -78.51 0.143 0.623 1.689 0.178 0.161 0.801
2011.8151 38.03 -78.51 0.562 0.351 0.097 0.175 0.158 0.788
2011.8425 38.03 -78.51 0.261 0.454 -0.381 0.188 0.171 0.846
2011.8699 38.03 -78.51 0.486 0.234 0.170 0.186 0.161 0.826
2011.9521 38.03 -78.51 0.442 0.085 -4.035 0.134 0.096 0.571
2011.9795 38.03 -78.51 0.531 0.298 -4.021 0.154 0.135 0.689
2012.0068 38.03 -78.51 0.399 -0.064 -2.284 0.145 0.125 0.643
2012.0342 38.03 -78.51 0.230 0.189 -2.244 0.172 0.148 0.758
2012.0616 38.03 -78.51 0.557 -0.330 -1.291 0.151 0.128 0.668
2012.0890 38.03 -78.51 0.633 0.021 -2.381 0.150 0.126 0.660
2012.1164 38.03 -78.51 0.282 -0.525 -3.193 0.148 0.123 0.646
2012.1438 38.03 -78.51 0.401 -0.216 -0.444 0.153 0.125 0.669
2012.1712 38.03 -78.51 0.269 -0.262 -1.440 0.148 0.120 0.643
2012.1986 38.03 -78.51 0.252 -0.352 -0.819 0.134 0.107 0.586
2012.2260 38.03 -78.51 0.106 -0.182 -0.371 0.136 0.110 0.591
2012.2534 38.03 -78.51 0.284 0.131 -0.925 0.132 0.106 0.575
2012.2808 38.03 -78.51 0.283 -0.133 1.468 0.123 0.098 0.538
2012.3082 38.03 -78.51 0.533 -0.219 1.769 0.158 0.099 0.647
2012.3904 38.03 -78.51 0.111 0.356 2.272 0.157 0.119 0.677
2012.4178 38.03 -78.51 0.612 -0.012 0.481 0.114 0.091 0.496
2012.4452 38.03 -78.51 0.609 -0.058 -0.520 0.113 0.089 0.493
2012.4726 38.03 -78.51 0.129 0.017 0.630 0.122 0.096 0.529
2012.5000 38.03 -78.51 0.232 0.098 1.283 0.116 0.091 0.506
2012.5274 38.03 -78.51 -0.044 0.432 1.403 0.123 0.098 0.533
2012.5548 38.03 -78.51 -0.223 0.149 1.095 0.122 0.098 0.532
2012.5822 38.03 -78.51 -0.427 0.374 0.605 0.129 0.104 0.562
2012.6096 38.03 -78.51 -0.121 0.305 1.298 0.127 0.104 0.553
2012.6370 38.03 -78.51 -0.214 0.433 1.863 0.117 0.096 0.515
2012.6644 38.03 -78.51 -0.700 0.430 1.351 0.127 0.105 0.559
2012.6918 38.03 -78.51 -0.486 0.262 2.575 0.130 0.110 0.575
2012.7192 38.03 -78.51 -0.624 0.644 3.099 0.154 0.134 0.682
2012.7466 38.03 -78.51 -0.730 0.306 3.731 0.124 0.088 0.522
2012.8562 38.03 -78.51 -0.033 0.799 1.829 0.161 0.140 0.716
2012.8836 38.03 -78.51 -0.028 0.861 0.858 0.149 0.134 0.669
2012.9110 38.03 -78.51 0.170 0.711 1.862 0.141 0.127 0.637
2012.9384 38.03 -78.51 0.366 0.768 1.447 0.139 0.121 0.624
2012.9658 38.03 -78.51 0.036 0.363 1.572 0.151 0.137 0.683
2012.9918 38.03 -78.51 0.145 0.354 -2.502 0.077 0.068 0.355
2013.0178 38.03 -78.51 0.391 -0.059 1.400 0.090 0.080 0.410
2013.0452 38.03 -78.51 0.227 0.274 -0.088 0.090 0.079 0.408
2013.0726 38.03 -78.51 0.172 0.033 -1.735 0.083 0.073 0.379
2013.1000 38.03 -78.51 0.506 -0.289 -0.943 0.085 0.075 0.388
2013.1274 38.03 -78.51 0.614 0.060 -2.711 0.080 0.069 0.364
2013.1548 38.03 -78.51 0.584 0.107 0.446 0.078 0.063 0.350
2013.2644 38.03 -78.51 0.495 -0.436 -0.352 0.097 0.046 0.374
2013.2918 38.03 -78.51 0.480 -0.100 -0.935 0.081 0.072 0.372
2013.3192 38.03 -78.51 0.417 -0.491 -0.349 0.089 0.080 0.408
2013.3466 38.03 -78.51 -0.198 -0.498 -2.853 0.091 0.082 0.418
2013.3740 38.03 -78.51 0.278 -0.485 -0.699 0.079 0.070 0.364
2013.4014 38.03 -78.51 0.070 -0.767 -2.216 0.081 0.073 0.374
2013.4288 38.03 -78.51 0.209 -0.267 -1.476 0.073 0.064 0.335
2013.4562 38.03 -78.51 0.082 -0.339 -3.067 0.074 0.065 0.341
2013.4836 38.03 -78.51 0.115 -0.054 -2.605 0.075 0.066 0.348
2013.5110 38.03 -78.51 -0.277 -0.706 -4.871 0.084 0.075 0.386
2013.5384 38.03 -78.51 -0.005 -0.323 -3.999 0.084 0.071 0.381
2013.5658 38.03 -78.51 -0.024 -0.429 -3.131 0.087 0.076 0.396
2013.7575 38.03 -78.51 -0.477 0.090 -0.146 0.084 0.071 0.381
2013.7849 38.03 -78.51 -0.215 0.268 2.055 0.086 0.074 0.391
2013.8123 38.03 -78.51 -0.369 0.231 0.769 0.079 0.068 0.360
2013.8397 38.03 -78.51 -0.439 0.335 -0.330 0.080 0.069 0.364
2013.8671 38.03 -78.51 -0.204 0.029 0.579 0.086 0.073 0.388
2013.8945 38.03 -78.51 -0.268 -0.540 0.201 0.080 0.068 0.361
2013.9219 38.03 -78.51 0.007 -0.320 -1.276 0.072 0.061 0.327
2013.9493 38.03 -78.51 -0.053 -0.237 -3.674 0.076 0.064 0.344
2013.9767 38.03 -78.51 0.000 0.020 -2.215 0.077 0.065 0.350
2014.0041 38.03 -78.51 0.281 0.147 -3.916 0.074 0.063 0.338
2014.0315 38.03 -78.51 0.154 -0.435 -3.993 0.077 0.065 0.349
2014.1685 38.03 -78.51 0.487 -0.274 -1.718 0.081 0.069 0.370
2014.1959 38.03 -78.51 0.262 -0.664 -2.352 0.081 0.072 0.372
2014.2233 38.03 -78.51 0.338 -0.503 -3.275 0.078 0.068 0.355
2014.2507 38.03 -78.51 0.119 -0.483 -2.837 0.071 0.062 0.328
2014.2781 38.03 -78.51 0.521 -0.815 -3.438 0.075 0.066 0.346
2014.3055 38.03 -78.51 0.340 -0.912 -3.128 0.072 0.063 0.333
2014.3329 38.03 -78.51 0.640 -0.845 -4.870 0.060 0.052 0.280
2014.3603 38.03 -78.51 0.365 -1.091 -4.732 0.068 0.059 0.313
2014.3877 38.03 -78.51 0.892 -0.827 -1.050 0.068 0.059 0.314
2014.4151 38.03 -78.51 0.475 -1.198 -2.566 0.068 0.058 0.312
2014.4425 38.03 -78.51 0.952 -0.705 -2.346 0.072 0.062 0.329
2014.4699 38.03 -78.51 0.557 -0.639 -2.404 0.071 0.061 0.327
2014.5795 38.03 -78.51 0.494 -0.128 1.082 0.066 0.051 0.299
2014.6068 38.03 -78.51 0.250 -0.357 0.370 0.064 0.054 0.293
2014.6342 38.03 -78.51 0.426 0.005 -0.113 0.059 0.049 0.271
2014.6616 38.03 -78.51 0.170 -0.279 0.088 0.064 0.055 0.296
2014.6890 38.03 -78.51 -0.012 -0.270 -0.917 0.063 0.053 0.289
2014.7164 38.03 -78.51 0.152 -0.159 1.547 0.061 0.052 0.284
2014.7438 38.03 -78.51 0.158 0.019 2.230 0.066 0.057 0.305
2014.7712 38.03 -78.51 0.158 0.383 2.953 0.066 0.056 0.301
2014.7986 38.03 -78.51 0.252 -0.413 -0.207 0.059 0.049 0.273
2014.8260 38.03 -78.51 0.200 0.024 0.852 0.059 0.049 0.272
2014.8534 38.03 -78.51 0.214 -0.183 -0.705 0.062 0.052 0.285
2014.8808 38.03 -78.51 0.512 -0.383 -1.113 0.062 0.052 0.286
2014.9082 38.03 -78.51 0.398 -0.294 -1.625 0.064 0.053 0.291
2015.0452 38.03 -78.51 0.643 -0.277 -2.493 0.049 0.038 0.228
2015.0726 38.03 -78.51 0.541 -0.350 -1.447 0.053 0.039 0.240
2015.1000 38.03 -78.51 0.674 -0.270 -1.518 0.047 0.037 0.221
2015.1274 38.03 -78.51 0.457 0.060 -1.794 0.044 0.034 0.208
2015.1548 38.03 -78.51 0.578 -0.474 -2.430 0.051 0.038 0.232
2015.1822 38.03 -78.51 0.632 -0.931 -1.501 0.048 0.036 0.222
2015.2096 38.03 -78.51 0.515 -0.612 -4.064 0.063 0.049 0.280
2015.2370 38.03 -78.51 0.888 -0.520 -1.448 0.068 0.056 0.306
2015.2644 38.03 -78.51 0.958 0.156 0.027 0.059 0.050 0.274
2015.2918 38.03 -78.51 0.640 -1.142 -1.803 0.060 0.051 0.277
2015.3192 38.03 -78.51 0.569 -0.384 -0.773 0.058 0.049 0.268
2015.3466 38.03 -78.51 0.542 -0.399 1.073 0.063 0.052 0.288
2015.4836 38.03 -78.51 1.037 -0.421 -2.953 0.060 0.043 0.267
2015.5110 38.03 -78.51 1.176 -0.657 -2.352 0.057 0.044 0.260
2015.5384 38.03 -78.51 0.969 -0.805 0.096 0.062 0.049 0.282
2015.5658 38.03 -78.51 0.769 -0.421 1.864 0.062 0.051 0.283
2015.5932 38.03 -78.51 0.483 0.054 0.662 0.064 0.053 0.292
2015.6205 38.03 -78.51 0.355 0.086 1.349 0.062 0.051 0.284
2015.6479 38.03 -78.51 0.368 -0.346 1.256 0.060 0.050 0.276
2015.6753 38.03 -78.51 0.121 -0.159 2.908 0.058 0.047 0.268
2015.7027 38.03 -78.51 0.279 0.097 5.271 0.063 0.052 0.288
2015.7301 38.03 -78.51 -0.190 0.254 5.286 0.063 0.052 0.289
2015.9493 38.03 -78.51 0.073 -0.007 -6.301 0.061 0.051 0.283
2015.9767 38.03 -78.51 0.162 0.048 -1.942 0.064 0.054 0.292
2016.0041 38.03 -78.51 0.231 -0.881 -3.988 0.058 0.048 0.267
2016.0315 38.03 -78.51 0.481 -0.164 -3.374 0.055 0.046 0.255
2016.0589 38.03 -78.51 0.447 -0.173 -5.307 0.057 0.047 0.261
2016.0863 38.03 -78.51 0.299 -0.684 -1.201 0.052 0.043 0.242
2016.1137 38.03 -78.51 0.352 -0.757 -2.673 0.058 0.048 0.265
2016.1411 38.03 -78.51 0.353 -0.209 -3.407 0.067 0.056 0.305
2016.1685 38.03 -78.51 0.400 -1.206 3.025 0.072 0.062 0.327
2016.1959 38.03 -78.51 0.624 -0.625 -0.501 0.071 0.062 0.325
2016.2233 38.03 -78.51 0.576 -0.252 1.603 0.071 0.064 0.330
2016.2507 38.03 -78.51 0.819 -0.502 -0.285 0.060 0.050 0.277
2016.3603 38.03 -78.51 0.470 -0.283 0.707 0.056 0.047 0.259
2016.3877 38.03 -78.51 0.808 -0.193 -2.011 0.065 0.055 0.298
2016.4151 38.03 -78.51 0.755 -0.626 1.330 0.064 0.054 0.293
2016.4425 38.03 -78.51 0.504 -0.966 0.873 0.068 0.058 0.311
2016.4699 38.03 -78.51 0.380 -0.355 0.535 0.067 0.057 0.305
