2002.5877 45.85 24.97 0.366 -0.115 4.578 0.115 0.102 0.534
2002.6151 45.85 24.97 0.176 0.077 0.351 0.110 0.098 0.511
2002.6425 45.85 24.97 0.286 -0.322 0.237 0.112 0.100 0.520
2002.6699 45.85 24.97 0.097 0.129 0.935 0.098 0.086 0.456
2002.6973 45.85 24.97 -0.026 -0.099 2.583 0.171 0.087 0.659
2002.7247 45.85 24.97 0.205 -0.006 1.968 0.104 0.094 0.484
2002.7521 45.85 24.97 -0.228 0.147 -0.726 0.097 0.087 0.452
2002.7795 45.85 24.97 -0.079 -0.251 0.074 0.112 0.101 0.523
2002.8068 45.85 24.97 -0.226 -0.659 -1.200 0.100 0.090 0.466
2002.8342 45.85 24.97 -0.100 -0.481 -0.364 0.099 0.088 0.460
2002.8616 45.85 24.97 -0.064 0.142 -1.184 0.103 0.081 0.463
2002.8890 45.85 24.97 -0.177 -0.094 -1.544 0.100 0.089 0.465
2002.9164 45.85 24.97 -0.126 0.038 -3.604 0.108 0.094 0.499
2003.0260 45.85 24.97 0.051 -0.034 -5.893 0.122 0.107 0.563
2003.0534 45.85 24.97 0.071 0.447 -2.396 0.197 0.176 0.892
2003.0808 45.85 24.97 0.142 -0.040 -3.390 0.177 0.151 0.800
2003.1082 45.85 24.97 0.085 0.160 -5.985 0.103 0.089 0.481
2003.1356 45.85 24.97 0.230 0.244 -4.998 0.096 0.082 0.449
2003.1630 45.85 24.97 0.496 0.140 -5.203 0.102 0.088 0.474
2003.1904 45.85 24.97 0.189 0.234 -4.833 0.120 0.101 0.550
2003.2178 45.85 24.97 0.602 0.534 -3.864 0.100 0.086 0.466
2003.2452 45.85 24.97 0.233 0.484 -3.374 0.098 0.085 0.455
2003.2726 45.85 24.97 0.413 0.611 -1.275 0.095 0.083 0.445
2003.3000 45.85 24.97 0.217 0.627 -2.861 0.093 0.081 0.435
2003.3274 45.85 24.97 -0.041 0.586 -2.859 0.121 0.106 0.558
2003.3548 45.85 24.97 0.157 0.851 -1.263 0.131 0.118 0.604
2003.3822 45.85 24.97 0.190 0.975 1.046 0.121 0.105 0.559
2003.5192 45.85 24.97 0.029 0.635 1.001 0.125 0.113 0.575
2003.5466 45.85 24.97 0.133 0.386 3.251 0.137 0.126 0.631
2003.5740 45.85 24.97 0.006 0.561 4.171 0.159 0.147 0.728
2003.6014 45.85 24.97 -0.067 0.254 2.928 0.138 0.126 0.631
2003.6288 45.85 24.97 0.114 0.040 4.708 0.131 0.119 0.602
2003.6562 45.85 24.97 0.179 0.207 3.545 0.140 0.127 0.642
2003.6836 45.85 24.97 0.462 0.028 3.260 0.138 0.126 0.632
2003.7110 45.85 24.97 -0.036 0.052 3.074 0.110 0.097 0.505
2003.7384 45.85 24.97 -0.139 -0.077 6.311 0.132 0.119 0.601
2003.7658 45.85 24.97 0.015 0.180 5.034 0.121 0.109 0.555
2003.7932 45.85 24.97 0.078 0.252 4.685 0.135 0.122 0.615
2003.8205 45.85 24.97 -0.162 -0.016 3.510 0.147 0.128 0.659
2003.8479 45.85 24.97 -0.452 0.039 0.866 0.130 0.110 0.583
2003.8753 45.85 24.97 -0.306 0.127 1.331 0.135 0.120 0.612
2003.9027 45.85 24.97 -0.265 0.002 0.369 0.124 0.108 0.564
2003.9301 45.85 24.97 -0.278 0.085 0.482 0.129 0.112 0.583
2003.9575 45.85 24.97 -0.374 0.216 0.659 0.144 0.127 0.648
2003.9849 45.85 24.97 -0.176 0.249 -0.515 0.137 0.119 0.615
2004.0123 45.85 24.97 -0.328 0.345 -1.974 0.148 0.127 0.659
2004.0397 45.85 24.97 -0.247 0.160 -0.292 0.126 0.108 0.574
2004.0945 45.85 24.97 -0.345 0.359 -4.044 0.118 0.100 0.535
2004.1219 45.85 24.97 -0.029 0.901 -3.138 0.125 0.105 0.557
2004.1493 45.85 24.97 -0.353 0.828 -3.418 0.147 0.124 0.649
2004.1767 45.85 24.97 -0.335 1.011 -4.453 0.156 0.131 0.686
2004.2041 45.85 24.97 0.054 1.118 -2.034 0.128 0.107 0.567
2004.2315 45.85 24.97 0.224 1.028 -2.839 0.130 0.108 0.576
2004.2589 45.85 24.97 -0.121 1.227 -5.133 0.135 0.111 0.594
2004.2863 45.85 24.97 0.164 1.174 -4.655 0.136 0.111 0.595
2004.3137 45.85 24.97 0.208 1.000 -5.819 0.129 0.105 0.567
2004.3411 45.85 24.97 -0.349 1.212 -1.266 0.141 0.115 0.617
2004.3685 45.85 24.97 -0.393 0.921 -4.243 0.137 0.112 0.602
2004.3959 45.85 24.97 -0.109 1.060 -1.563 0.120 0.099 0.535
2004.4233 45.85 24.97 -0.245 1.114 -3.125 0.116 0.095 0.515
2004.4507 45.85 24.97 0.069 0.282 -2.068 0.103 0.084 0.459
2004.4781 45.85 24.97 -0.178 0.296 0.454 0.113 0.092 0.500
2004.5055 45.85 24.97 -0.062 0.353 -0.907 0.111 0.090 0.490
2004.5329 45.85 24.97 -0.188 0.559 0.290 0.105 0.085 0.467
2004.5603 45.85 24.97 -0.156 0.303 1.877 0.108 0.087 0.477
2004.5877 45.85 24.97 -0.279 0.283 1.922 0.109 0.088 0.484
2004.6151 45.85 24.97 -0.313 0.503 1.864 0.120 0.097 0.530
2004.6425 45.85 24.97 -0.438 0.414 1.667 0.102 0.084 0.459
2004.6699 45.85 24.97 -0.207 0.313 2.395 0.102 0.084 0.461
2004.6973 45.85 24.97 -0.095 0.330 1.414 0.096 0.080 0.436
2004.7247 45.85 24.97 -0.102 0.382 2.098 0.110 0.090 0.492
2004.7521 45.85 24.97 -0.060 -0.116 2.370 0.106 0.087 0.476
2004.7795 45.85 24.97 -0.019 0.076 2.076 0.103 0.084 0.461
2004.8068 45.85 24.97 -0.107 0.100 1.699 0.114 0.092 0.504
2004.8342 45.85 24.97 -0.077 -0.087 0.479 0.112 0.091 0.497
2004.8616 45.85 24.97 0.090 0.220 -0.680 0.099 0.082 0.449
2004.8890 45.85 24.97 0.165 0.173 -2.640 0.099 0.082 0.447
2004.9164 45.85 24.97 0.433 0.166 -1.341 0.108 0.088 0.481
2004.9438 45.85 24.97 0.182 0.254 -0.754 0.120 0.099 0.537
2004.9712 45.85 24.97 0.121 0.291 -1.531 0.108 0.088 0.479
2004.9973 45.85 24.97 0.118 0.262 -0.552 0.105 0.086 0.469
2005.0233 45.85 24.97 0.472 0.346 -2.456 0.120 0.098 0.529
2005.0507 45.85 24.97 0.519 -0.020 -1.802 0.174 0.144 0.754
2005.0781 45.85 24.97 0.191 0.155 -2.997 0.133 0.110 0.585
2005.1055 45.85 24.97 -0.078 0.919 -4.647 0.132 0.110 0.582
2005.1329 45.85 24.97 0.230 0.718 -4.240 0.135 0.113 0.597
2005.1603 45.85 24.97 -0.001 1.178 -6.991 0.122 0.101 0.540
2005.1877 45.85 24.97 -0.134 1.013 -8.160 0.123 0.101 0.546
2005.2151 45.85 24.97 0.287 0.851 -6.748 0.116 0.096 0.520
2005.2425 45.85 24.97 -0.045 0.865 -7.264 0.112 0.093 0.502
2005.2699 45.85 24.97 0.028 0.860 -5.950 0.119 0.100 0.532
2005.2973 45.85 24.97 0.033 0.977 -7.228 0.126 0.105 0.559
2005.3247 45.85 24.97 0.163 1.009 -6.131 0.132 0.111 0.589
2005.3521 45.85 24.97 -0.001 1.114 -6.303 0.059 0.050 0.291
2005.3795 45.85 24.97 0.242 1.113 -6.585 0.124 0.105 0.556
2005.4068 45.85 24.97 -0.089 1.084 -4.476 0.114 0.096 0.515
2005.4342 45.85 24.97 -0.009 0.872 -3.289 0.131 0.111 0.588
2005.4616 45.85 24.97 -0.041 0.980 -3.540 0.119 0.101 0.534
2005.4890 45.85 24.97 -0.105 1.101 -2.839 0.113 0.095 0.508
2005.5164 45.85 24.97 -0.054 0.817 -1.915 0.112 0.095 0.507
2005.5438 45.85 24.97 -0.425 0.821 -2.417 0.121 0.104 0.546
2005.5712 45.85 24.97 -0.333 0.436 -2.658 0.132 0.113 0.591
2005.5986 45.85 24.97 -0.271 0.315 -2.581 0.134 0.116 0.604
2005.6260 45.85 24.97 -0.227 0.165 -2.642 0.119 0.103 0.539
2005.6534 45.85 24.97 -0.385 -0.164 -3.325 0.125 0.109 0.565
2005.6808 45.85 24.97 -0.352 0.026 -3.098 0.123 0.107 0.556
2005.7082 45.85 24.97 -0.425 0.068 -3.053 0.148 0.130 0.664
2005.7356 45.85 24.97 -0.589 -0.271 -3.694 0.130 0.114 0.588
2005.7630 45.85 24.97 -0.808 -0.241 -3.583 0.131 0.115 0.591
2005.7904 45.85 24.97 -0.648 -0.506 -1.718 0.123 0.108 0.557
2005.8178 45.85 24.97 -0.586 -0.753 -2.745 0.126 0.111 0.571
2005.8452 45.85 24.97 -0.539 -0.812 -1.929 0.135 0.119 0.612
2005.8726 45.85 24.97 -0.250 -0.201 -1.942 0.117 0.103 0.533
2005.9000 45.85 24.97 -0.614 -0.025 -1.725 0.114 0.100 0.523
2005.9274 45.85 24.97 -0.589 -0.146 -2.637 0.122 0.102 0.551
2005.9548 45.85 24.97 -0.794 -0.152 -3.854 0.118 0.101 0.562
2005.9822 45.85 24.97 -0.572 0.416 -4.025 0.114 0.098 0.525
2006.0096 45.85 24.97 -0.525 -0.145 -4.748 0.123 0.107 0.561
2006.0370 45.85 24.97 -0.417 0.020 -4.639 0.154 0.136 0.696
2006.0644 45.85 24.97 -0.407 0.039 -5.565 0.156 0.138 0.708
2006.0918 45.85 24.97 -0.271 0.182 -5.514 0.155 0.138 0.702
2006.1192 45.85 24.97 -0.313 0.128 -4.644 0.174 0.157 0.787
2006.1466 45.85 24.97 -0.186 -0.179 -7.490 0.137 0.123 0.627
2006.1740 45.85 24.97 -0.554 0.176 -9.142 0.153 0.139 0.696
2006.2014 45.85 24.97 -0.510 0.204 -9.491 0.120 0.107 0.551
2006.2288 45.85 24.97 -0.453 0.344 -9.987 0.154 0.140 0.701
2006.2562 45.85 24.97 -0.167 0.449 -8.138 0.144 0.132 0.658
2006.2836 45.85 24.97 -0.496 0.757 -10.607 0.141 0.129 0.646
2006.3110 45.85 24.97 -0.178 0.634 -8.416 0.151 0.138 0.687
2006.3384 45.85 24.97 -0.343 0.852 -7.711 0.136 0.125 0.626
2006.3658 45.85 24.97 -0.605 0.723 -5.662 0.151 0.139 0.691
2006.3932 45.85 24.97 -0.416 1.130 -4.605 0.149 0.137 0.681
2006.4205 45.85 24.97 -0.206 1.138 -4.995 0.149 0.137 0.685
2006.4479 45.85 24.97 -0.187 0.969 -5.823 0.165 0.148 0.750
2006.4753 45.85 24.97 -0.195 1.062 -4.696 0.166 0.153 0.761
2006.5027 45.85 24.97 -0.251 0.875 -5.379 0.172 0.159 0.787
2006.5301 45.85 24.97 -0.486 0.644 -2.826 0.203 0.190 0.928
2006.5575 45.85 24.97 0.041 0.603 -0.829 0.163 0.151 0.745
2006.5849 45.85 24.97 -0.217 0.445 -1.549 0.167 0.155 0.765
2006.6123 45.85 24.97 -0.340 0.098 -4.363 0.204 0.192 0.931
2006.6397 45.85 24.97 -0.164 -0.537 -1.129 0.174 0.162 0.795
2006.6671 45.85 24.97 0.052 -0.440 -0.606 0.159 0.147 0.727
2006.6945 45.85 24.97 0.090 -0.676 -1.709 0.202 0.188 0.919
2006.7219 45.85 24.97 0.022 -0.441 -2.052 0.190 0.175 0.868
2006.7493 45.85 24.97 0.044 -0.375 0.863 0.226 0.209 1.027
2006.7767 45.85 24.97 0.091 -0.410 -0.775 0.196 0.182 0.893
2006.8041 45.85 24.97 0.036 -0.658 1.540 0.159 0.146 0.726
2006.8315 45.85 24.97 0.081 -0.837 2.146 0.184 0.170 0.838
2006.8589 45.85 24.97 0.097 -0.121 1.079 0.179 0.165 0.817
2006.8863 45.85 24.97 0.235 0.165 0.129 0.172 0.158 0.785
2006.9137 45.85 24.97 0.221 0.242 -1.075 0.168 0.153 0.765
2006.9411 45.85 24.97 0.177 0.045 -1.597 0.165 0.150 0.753
2006.9685 45.85 24.97 0.600 0.255 -0.828 0.165 0.148 0.751
2006.9959 45.85 24.97 0.605 0.210 0.676 0.165 0.146 0.748
2007.0233 45.85 24.97 0.498 0.129 -0.642 0.154 0.135 0.698
2007.0507 45.85 24.97 0.621 0.393 -3.525 0.160 0.141 0.725
2007.0781 45.85 24.97 0.265 0.361 -2.841 0.163 0.148 0.743
2007.1055 45.85 24.97 0.609 0.629 -2.403 0.146 0.132 0.667
2007.1329 45.85 24.97 0.551 0.546 -4.919 0.159 0.144 0.724
2007.1603 45.85 24.97 0.279 0.572 -4.312 0.151 0.137 0.690
2007.1877 45.85 24.97 0.348 0.395 -1.820 0.193 0.179 0.880
2007.2151 45.85 24.97 0.325 0.553 -3.277 0.173 0.159 0.788
2007.2425 45.85 24.97 0.145 0.721 -4.004 0.166 0.153 0.758
2007.2699 45.85 24.97 0.425 1.010 -2.619 0.133 0.121 0.612
2007.2973 45.85 24.97 0.454 1.005 -1.813 0.126 0.113 0.579
2007.3247 45.85 24.97 0.325 1.121 -2.322 0.153 0.140 0.700
2007.3521 45.85 24.97 0.156 1.308 -0.641 0.167 0.154 0.763
2007.3795 45.85 24.97 0.234 0.805 0.176 0.175 0.162 0.798
2007.4068 45.85 24.97 0.188 0.845 0.536 0.146 0.134 0.671
2007.4342 45.85 24.97 0.010 0.897 0.696 0.140 0.128 0.644
2007.4616 45.85 24.97 0.146 0.663 -0.272 0.183 0.170 0.834
2007.4890 45.85 24.97 0.404 0.335 0.406 0.142 0.128 0.648
2007.5164 45.85 24.97 0.471 0.300 1.282 0.149 0.136 0.682
2007.5438 45.85 24.97 0.622 0.115 3.270 0.144 0.132 0.662
2007.5712 45.85 24.97 0.288 -0.052 3.081 0.148 0.136 0.680
2007.5986 45.85 24.97 0.155 -0.200 3.992 0.181 0.167 0.826
2007.6260 45.85 24.97 0.130 -0.221 3.574 0.149 0.135 0.680
2007.6534 45.85 24.97 0.058 -0.063 4.916 0.151 0.137 0.690
2007.6808 45.85 24.97 0.154 -0.089 3.665 0.159 0.144 0.726
2007.7082 45.85 24.97 0.328 -0.264 4.356 0.119 0.105 0.550
2007.7356 45.85 24.97 0.364 -0.291 5.278 0.163 0.148 0.744
2007.7630 45.85 24.97 0.229 -0.530 3.226 0.127 0.112 0.585
2007.7904 45.85 24.97 0.199 -0.427 4.581 0.160 0.146 0.732
2007.8178 45.85 24.97 0.403 -0.288 3.955 0.184 0.169 0.837
2007.8452 45.85 24.97 0.201 -0.646 2.632 0.151 0.137 0.690
2007.8726 45.85 24.97 0.075 -0.370 -0.896 0.175 0.159 0.798
2007.9000 45.85 24.97 -0.116 -0.558 0.225 0.188 0.165 0.842
2007.9274 45.85 24.97 0.206 -0.316 2.114 0.181 0.166 0.827
2007.9548 45.85 24.97 -0.077 -0.175 -1.331 0.137 0.124 0.628
2007.9822 45.85 24.97 -0.181 -0.313 -1.906 0.167 0.153 0.765
2008.0096 45.85 24.97 0.129 -0.233 -1.561 0.147 0.135 0.674
2008.0370 45.85 24.97 0.088 -0.607 -2.278 0.151 0.139 0.692
2008.0644 45.85 24.97 0.024 -0.244 -2.658 0.173 0.161 0.792
2008.0918 45.85 24.97 0.132 -0.011 -1.569 0.140 0.128 0.645
2008.1192 45.85 24.97 0.294 0.115 -1.316 0.163 0.151 0.748
2008.1466 45.85 24.97 0.528 0.398 -1.278 0.189 0.176 0.864
2008.1740 45.85 24.97 0.564 0.686 -2.485 0.165 0.154 0.759
2008.2014 45.85 24.97 0.297 0.381 -1.408 0.177 0.165 0.809
2008.2288 45.85 24.97 0.371 -0.008 -0.791 0.208 0.191 0.950
2008.2562 45.85 24.97 0.438 0.567 -3.041 0.193 0.179 0.883
2008.2836 45.85 24.97 0.284 0.520 -3.956 0.232 0.215 1.058
2008.3110 45.85 24.97 0.435 0.728 -3.176 0.239 0.222 1.090
2008.3384 45.85 24.97 0.259 0.655 -3.026 0.177 0.164 0.810
2008.3658 45.85 24.97 0.230 0.584 -1.675 0.181 0.167 0.829
2008.3932 45.85 24.97 0.490 0.118 -0.678 0.166 0.151 0.758
2008.4205 45.85 24.97 0.346 0.038 -0.997 0.145 0.132 0.665
2008.4479 45.85 24.97 0.173 -0.000 0.197 0.147 0.134 0.672
2008.4753 45.85 24.97 0.112 0.016 1.040 0.143 0.130 0.654
2008.5027 45.85 24.97 0.219 0.074 2.649 0.175 0.159 0.796
2008.5301 45.85 24.97 0.295 -0.198 6.595 0.217 0.197 0.985
2008.5575 45.85 24.97 0.197 0.108 3.402 0.143 0.127 0.652
2008.5849 45.85 24.97 0.323 -0.020 2.924 0.160 0.145 0.727
2008.6123 45.85 24.97 0.221 0.048 4.358 0.135 0.120 0.616
2008.6397 45.85 24.97 0.144 -0.277 4.721 0.147 0.132 0.671
2008.6671 45.85 24.97 0.261 -0.340 5.178 0.141 0.127 0.646
2008.6945 45.85 24.97 0.197 -0.274 4.322 0.137 0.122 0.626
2008.7219 45.85 24.97 0.458 -0.364 3.747 0.156 0.142 0.713
2008.7493 45.85 24.97 0.323 -0.343 4.858 0.142 0.129 0.649
2008.7767 45.85 24.97 0.472 -0.288 4.682 0.164 0.151 0.749
2008.8041 45.85 24.97 0.346 -0.367 4.897 0.165 0.152 0.754
2008.8315 45.85 24.97 0.572 -0.143 4.801 0.187 0.172 0.851
2008.8589 45.85 24.97 0.381 -0.259 3.705 0.217 0.201 0.991
2008.8863 45.85 24.97 0.685 -0.535 6.476 0.209 0.193 0.952
2008.9137 45.85 24.97 0.448 -0.568 2.663 0.198 0.184 0.906
2008.9411 45.85 24.97 0.320 -0.308 2.200 0.208 0.192 0.951
2008.9685 45.85 24.97 0.424 -0.394 2.298 0.195 0.180 0.891
2008.9945 45.85 24.97 0.659 -0.186 3.032 0.165 0.152 0.755
2009.0205 45.85 24.97 0.507 -0.379 0.743 0.161 0.150 0.741
2009.0479 45.85 24.97 0.617 -0.233 1.306 0.162 0.150 0.743
2009.0753 45.85 24.97 0.500 -0.261 0.189 0.156 0.144 0.716
2009.1027 45.85 24.97 0.123 0.314 -3.478 0.193 0.180 0.883
2009.1301 45.85 24.97 0.201 0.238 -4.528 0.154 0.143 0.709
2009.1575 45.85 24.97 0.418 0.602 -3.442 0.157 0.145 0.724
2009.1849 45.85 24.97 0.215 0.198 -2.601 0.179 0.167 0.821
2009.2123 45.85 24.97 0.316 0.608 -3.912 0.156 0.141 0.714
2009.2397 45.85 24.97 0.478 0.449 -3.007 0.175 0.162 0.802
2009.2671 45.85 24.97 0.434 0.677 -2.814 0.147 0.135 0.675
2009.2945 45.85 24.97 0.499 0.388 -2.736 0.150 0.139 0.690
2009.3219 45.85 24.97 0.182 0.491 -1.951 0.157 0.145 0.721
2009.3493 45.85 24.97 0.451 0.502 -0.838 0.145 0.132 0.664
2009.3767 45.85 24.97 0.330 0.341 1.210 0.152 0.139 0.697
2009.4041 45.85 24.97 0.354 0.317 2.353 0.135 0.122 0.619
2009.4315 45.85 24.97 0.563 -0.062 2.907 0.154 0.141 0.703
2009.4589 45.85 24.97 0.528 0.136 3.382 0.132 0.118 0.604
2009.4863 45.85 24.97 0.396 -0.084 3.304 0.145 0.130 0.662
2009.5137 45.85 24.97 0.171 -0.058 4.040 0.140 0.124 0.638
2009.5411 45.85 24.97 0.075 0.151 3.875 0.171 0.154 0.778
2009.5685 45.85 24.97 -0.008 0.028 3.124 0.184 0.165 0.837
2009.5959 45.85 24.97 0.054 0.182 2.656 0.162 0.144 0.737
2009.6233 45.85 24.97 0.267 -0.234 4.752 0.167 0.150 0.758
2009.6507 45.85 24.97 0.079 -0.409 6.873 0.160 0.145 0.730
2009.6781 45.85 24.97 0.120 -0.325 4.711 0.171 0.155 0.778
2009.7055 45.85 24.97 -0.098 -0.111 3.716 0.176 0.161 0.803
2009.7329 45.85 24.97 -0.136 -0.205 3.895 0.170 0.156 0.776
2009.7603 45.85 24.97 -0.205 -0.117 3.788 0.194 0.178 0.883
2009.7877 45.85 24.97 -0.002 -0.127 5.914 0.179 0.164 0.816
2009.8151 45.85 24.97 0.300 -0.739 6.042 0.191 0.176 0.872
2009.8425 45.85 24.97 0.157 -0.757 6.072 0.174 0.160 0.796
2009.8699 45.85 24.97 0.019 -0.619 4.191 0.167 0.153 0.762
2009.8973 45.85 24.97 0.205 -0.581 3.783 0.156 0.143 0.714
2009.9247 45.85 24.97 0.073 -0.498 4.335 0.158 0.141 0.719
2009.9521 45.85 24.97 0.069 -0.368 1.385 0.146 0.134 0.672
2009.9795 45.85 24.97 -0.199 -0.274 0.149 0.151 0.137 0.691
2010.0068 45.85 24.97 -0.132 0.051 -1.121 0.189 0.174 0.861
2010.0342 45.85 24.97 -0.103 -0.230 -3.987 0.149 0.135 0.681
2010.0616 45.85 24.97 0.006 0.088 -4.593 0.152 0.139 0.697
2010.0890 45.85 24.97 -0.056 0.282 -5.005 0.180 0.167 0.823
2010.1164 45.85 24.97 -0.152 0.169 -4.560 0.186 0.172 0.850
2010.1438 45.85 24.97 -0.315 -0.311 -4.375 0.180 0.165 0.823
2010.1712 45.85 24.97 -0.100 0.179 -7.020 0.173 0.158 0.788
2010.1986 45.85 24.97 0.007 0.453 -7.413 0.166 0.151 0.756
2010.2260 45.85 24.97 -0.036 0.491 -4.316 0.181 0.165 0.824
2010.2534 45.85 24.97 0.266 0.484 -5.703 0.187 0.170 0.851
2010.2808 45.85 24.97 0.174 0.535 -4.745 0.145 0.131 0.664
2010.3082 45.85 24.97 -0.110 0.281 -4.668 0.152 0.137 0.693
2010.3356 45.85 24.97 0.137 0.249 -2.298 0.140 0.124 0.641
2010.3630 45.85 24.97 0.097 0.195 -2.329 0.149 0.132 0.679
2010.3904 45.85 24.97 0.103 0.484 -3.330 0.156 0.131 0.698
2010.4178 45.85 24.97 0.170 0.689 -2.365 0.158 0.141 0.720
2010.4452 45.85 24.97 0.119 0.154 -1.650 0.141 0.125 0.644
2010.4726 45.85 24.97 -0.018 0.099 -2.362 0.128 0.112 0.586
2010.5000 45.85 24.97 -0.005 0.321 -5.362 0.143 0.127 0.652
2010.5274 45.85 24.97 0.336 1.009 -0.783 0.215 0.199 0.979
2010.5548 45.85 24.97 -0.011 0.093 -1.274 0.140 0.128 0.643
2010.5822 45.85 24.97 -0.075 -0.104 -2.219 0.127 0.116 0.585
2010.6096 45.85 24.97 -0.291 -0.505 0.471 0.162 0.149 0.739
2010.6370 45.85 24.97 -0.063 -0.534 1.315 0.145 0.133 0.666
2010.6644 45.85 24.97 -0.045 -0.576 2.768 0.137 0.125 0.627
2010.6918 45.85 24.97 -0.137 -0.916 0.818 0.162 0.150 0.742
2010.7192 45.85 24.97 0.144 -0.755 2.118 0.151 0.140 0.693
2010.7466 45.85 24.97 0.014 -0.878 2.489 0.174 0.162 0.796
2010.7740 45.85 24.97 0.047 -0.935 2.745 0.145 0.133 0.664
2010.8014 45.85 24.97 -0.211 -0.732 1.193 0.137 0.126 0.631
2010.8288 45.85 24.97 -0.307 -0.780 0.201 0.155 0.144 0.711
2010.8562 45.85 24.97 0.166 -0.685 -0.123 0.153 0.141 0.700
2010.8836 45.85 24.97 -0.230 -1.027 -0.239 0.143 0.131 0.657
2010.9110 45.85 24.97 -0.261 -1.198 -0.489 0.155 0.143 0.710
2010.9384 45.85 24.97 -0.210 -1.202 -4.301 0.161 0.148 0.735
2010.9658 45.85 24.97 -0.117 -0.805 -3.527 0.176 0.163 0.802
2010.9932 45.85 24.97 -0.084 -0.817 -6.702 0.161 0.110 0.674
2011.1027 45.85 24.97 0.364 -0.263 -3.422 0.153 0.127 0.689
2011.1301 45.85 24.97 0.447 -0.165 -2.977 0.211 0.194 0.958
2011.1575 45.85 24.97 0.185 -0.182 -4.195 0.145 0.130 0.662
2011.1849 45.85 24.97 0.067 -0.253 -2.856 0.118 0.104 0.545
2011.2123 45.85 24.97 0.237 -0.038 -2.381 0.180 0.165 0.818
2011.2397 45.85 24.97 0.179 0.510 -0.365 0.186 0.172 0.846
2011.2671 45.85 24.97 0.415 0.521 -2.326 0.152 0.140 0.697
2011.2945 45.85 24.97 0.356 0.596 -1.780 0.175 0.162 0.798
2011.3219 45.85 24.97 0.374 0.674 -4.609 0.164 0.152 0.751
2011.3493 45.85 24.97 0.053 0.413 -3.487 0.149 0.137 0.683
2011.3767 45.85 24.97 0.130 0.752 -2.046 0.172 0.160 0.786
2011.4041 45.85 24.97 -0.207 0.533 -0.402 0.154 0.141 0.704
2011.4315 45.85 24.97 -0.360 0.385 -1.967 0.166 0.138 0.736
2011.5137 45.85 24.97 0.171 0.235 -0.460 0.147 0.129 0.668
2011.5411 45.85 24.97 0.073 -0.001 -0.312 0.152 0.138 0.693
2011.5685 45.85 24.97 0.092 -0.217 -0.346 0.150 0.135 0.683
2011.5959 45.85 24.97 -0.037 -0.465 -0.528 0.159 0.144 0.724
2011.6233 45.85 24.97 -0.131 -0.819 0.445 0.160 0.144 0.729
2011.6507 45.85 24.97 0.137 -0.627 4.566 0.185 0.169 0.840
2011.6781 45.85 24.97 0.070 -0.857 5.366 0.171 0.157 0.781
2011.7055 45.85 24.97 0.190 -0.695 5.684 0.171 0.158 0.780
2011.7329 45.85 24.97 0.201 -0.874 4.019 0.196 0.182 0.892
2011.7603 45.85 24.97 -0.052 -0.382 4.598 0.169 0.157 0.773
2011.7877 45.85 24.97 -0.081 -0.531 5.436 0.179 0.167 0.818
2011.8151 45.85 24.97 -0.232 -0.578 5.211 0.177 0.163 0.805
2011.8425 45.85 24.97 -0.043 -0.841 6.258 0.190 0.176 0.864
2011.8699 45.85 24.97 0.075 -0.821 8.859 0.189 0.165 0.844
2011.9521 45.85 24.97 0.391 -0.684 5.621 0.138 0.102 0.598
2011.9795 45.85 24.97 0.161 -0.372 3.389 0.156 0.139 0.703
2012.0068 45.85 24.97 0.423 -0.373 3.428 0.147 0.128 0.658
2012.0342 45.85 24.97 0.249 -0.572 3.018 0.175 0.151 0.777
2012.0616 45.85 24.97 0.279 -0.431 1.859 0.153 0.132 0.682
2012.0890 45.85 24.97 0.190 -0.047 1.019 0.152 0.130 0.675
2012.1164 45.85 24.97 -0.159 -0.123 0.826 0.151 0.126 0.665
2012.1438 45.85 24.97 -0.167 0.046 0.213 0.156 0.130 0.684
2012.1712 45.85 24.97 0.641 0.191 0.587 0.151 0.123 0.662
2012.1986 45.85 24.97 0.213 0.185 -0.257 0.137 0.110 0.601
2012.2260 45.85 24.97 0.256 0.515 -0.559 0.139 0.112 0.607
2012.2534 45.85 24.97 0.155 0.588 1.667 0.135 0.108 0.589
2012.2808 45.85 24.97 -0.038 0.515 0.708 0.126 0.101 0.550
2012.3082 45.85 24.97 0.193 0.626 -0.158 0.164 0.109 0.685
2012.3904 45.85 24.97 0.546 0.107 0.880 0.161 0.125 0.701
2012.4178 45.85 24.97 -0.094 0.228 -1.339 0.116 0.092 0.509
2012.4452 45.85 24.97 0.112 -0.083 -0.651 0.116 0.091 0.506
2012.4726 45.85 24.97 -0.160 -0.163 2.286 0.124 0.098 0.541
2012.5000 45.85 24.97 -0.038 -0.331 3.070 0.119 0.093 0.520
2012.5274 45.85 24.97 -0.191 -0.251 3.972 0.125 0.099 0.548
2012.5548 45.85 24.97 0.071 -0.282 6.248 0.125 0.099 0.547
2012.5822 45.85 24.97 -0.039 -0.131 7.586 0.131 0.106 0.574
2012.6096 45.85 24.97 -0.114 -0.217 7.580 0.129 0.106 0.568
2012.6370 45.85 24.97 0.103 -0.243 7.075 0.119 0.098 0.528
2012.6644 45.85 24.97 -0.069 -0.352 6.767 0.129 0.108 0.572
2012.6918 45.85 24.97 -0.096 -0.389 7.261 0.132 0.113 0.588
2012.7192 45.85 24.97 -0.148 -0.468 6.240 0.156 0.137 0.698
2012.7466 45.85 24.97 -0.302 -0.566 7.985 0.128 0.092 0.548
2012.8562 45.85 24.97 -0.106 -0.536 6.780 0.164 0.143 0.733
2012.8836 45.85 24.97 0.352 -0.203 6.696 0.150 0.138 0.685
2012.9110 45.85 24.97 0.190 -0.914 6.500 0.143 0.131 0.652
2012.9384 45.85 24.97 -0.001 -0.810 3.625 0.141 0.127 0.642
2012.9658 45.85 24.97 -0.025 -0.633 2.692 0.152 0.141 0.697
2012.9918 45.85 24.97 -0.134 -1.007 2.127 0.078 0.070 0.368
2013.0178 45.85 24.97 0.284 -0.689 2.610 0.091 0.082 0.422
2013.0452 45.85 24.97 0.087 -0.690 3.156 0.090 0.082 0.421
2013.0726 45.85 24.97 0.163 -0.878 0.225 0.084 0.075 0.392
2013.1000 45.85 24.97 0.290 -0.022 0.111 0.086 0.077 0.401
2013.1274 45.85 24.97 0.367 -0.156 -0.638 0.080 0.072 0.377
2013.1548 45.85 24.97 0.379 -0.088 0.640 0.079 0.065 0.364
2013.2644 45.85 24.97 0.131 0.666 -4.239 0.101 0.053 0.401
2013.2918 45.85 24.97 0.289 0.252 -2.684 0.082 0.074 0.386
2013.3192 45.85 24.97 0.409 0.098 -3.213 0.090 0.082 0.420
2013.3466 45.85 24.97 0.251 0.708 1.003 0.092 0.085 0.430
2013.3740 45.85 24.97 0.132 0.162 0.619 0.080 0.073 0.376
2013.4014 45.85 24.97 0.131 0.153 -1.280 0.082 0.075 0.386
2013.4288 45.85 24.97 0.385 -0.219 0.759 0.073 0.066 0.348
2013.4562 45.85 24.97 0.215 0.052 1.536 0.075 0.067 0.354
2013.4836 45.85 24.97 0.053 -0.062 1.989 0.076 0.069 0.361
2013.5110 45.85 24.97 0.065 0.163 4.068 0.085 0.077 0.399
2013.5384 45.85 24.97 -0.138 -0.066 2.794 0.085 0.074 0.396
2013.5658 45.85 24.97 0.035 0.194 5.875 0.087 0.079 0.409
2013.7575 45.85 24.97 -0.345 -0.661 4.590 0.085 0.075 0.398
2013.7849 45.85 24.97 -0.195 -1.037 5.440 0.087 0.077 0.406
2013.8123 45.85 24.97 -0.258 -1.037 5.124 0.080 0.071 0.375
2013.8397 45.85 24.97 0.300 -0.589 6.475 0.081 0.072 0.379
2013.8671 45.85 24.97 0.039 -0.923 4.459 0.087 0.077 0.404
2013.8945 45.85 24.97 0.015 -0.342 5.750 0.080 0.071 0.377
2013.9219 45.85 24.97 0.152 -0.349 5.348 0.072 0.064 0.343
2013.9493 45.85 24.97 0.282 -0.454 4.359 0.077 0.068 0.361
2013.9767 45.85 24.97 0.396 -0.414 4.137 0.078 0.069 0.366
2014.0041 45.85 24.97 0.356 -0.307 2.832 0.075 0.067 0.355
2014.0315 45.85 24.97 0.531 -0.451 2.925 0.078 0.069 0.366
2014.1685 45.85 24.97 0.179 0.202 -1.569 0.082 0.073 0.386
2014.1959 45.85 24.97 0.291 0.585 1.008 0.082 0.074 0.385
2014.2233 45.85 24.97 0.408 0.383 -1.088 0.078 0.070 0.369
2014.2507 45.85 24.97 0.188 0.433 0.127 0.072 0.064 0.341
2014.2781 45.85 24.97 0.177 0.524 -0.425 0.076 0.068 0.359
2014.3055 45.85 24.97 0.286 0.276 -1.341 0.073 0.065 0.346
2014.3329 45.85 24.97 -0.196 0.213 0.445 0.061 0.053 0.294
2014.3603 45.85 24.97 -0.227 0.211 1.246 0.068 0.061 0.326
2014.3877 45.85 24.97 -0.276 0.589 -0.645 0.069 0.061 0.326
2014.4151 45.85 24.97 -0.170 0.078 1.113 0.068 0.061 0.325
2014.4425 45.85 24.97 -0.253 -0.112 0.057 0.072 0.064 0.342
2014.4699 45.85 24.97 -0.359 -0.028 2.221 0.072 0.064 0.341
2014.5795 45.85 24.97 -0.531 -1.111 4.101 0.067 0.053 0.315
2014.6068 45.85 24.97 -0.088 -0.562 3.139 0.064 0.056 0.308
2014.6342 45.85 24.97 -0.318 -0.816 3.274 0.059 0.051 0.286
2014.6616 45.85 24.97 -0.369 -1.240 3.285 0.065 0.057 0.311
2014.6890 45.85 24.97 -0.635 -1.436 4.552 0.063 0.056 0.303
2014.7164 45.85 24.97 -0.527 -1.908 6.043 0.062 0.054 0.298
2014.7438 45.85 24.97 -0.546 -1.297 6.615 0.067 0.059 0.319
2014.7712 45.85 24.97 -0.410 -2.009 5.627 0.066 0.058 0.315
2014.7986 45.85 24.97 -0.465 -1.088 4.524 0.060 0.052 0.287
2014.8260 45.85 24.97 -0.318 -1.424 5.793 0.060 0.051 0.287
2014.8534 45.85 24.97 -0.313 -1.291 6.435 0.063 0.054 0.300
2014.8808 45.85 24.97 -0.446 -1.636 4.686 0.063 0.054 0.301
2014.9082 45.85 24.97 -0.521 -1.514 2.865 0.064 0.055 0.306
2015.0452 45.85 24.97 -0.106 -0.748 0.724 0.050 0.040 0.244
2015.0726 45.85 24.97 -0.342 -0.637 -0.591 0.054 0.043 0.258
2015.1000 45.85 24.97 -0.707 -0.853 -3.055 0.048 0.039 0.237
2015.1274 45.85 24.97 -0.547 -0.531 -2.636 0.045 0.036 0.224
2015.1548 45.85 24.97 -0.404 -0.417 -0.953 0.052 0.041 0.250
2015.1822 45.85 24.97 -0.655 -0.782 -0.884 0.049 0.039 0.239
2015.2096 45.85 24.97 -0.504 -0.962 -3.746 0.064 0.052 0.298
2015.2370 45.85 24.97 -0.709 -0.468 -1.622 0.068 0.058 0.320
2015.2644 45.85 24.97 -0.426 -0.382 -0.435 0.060 0.052 0.288
2015.2918 45.85 24.97 -0.313 -0.004 -1.441 0.061 0.052 0.291
2015.3192 45.85 24.97 -0.101 -0.002 -0.138 0.058 0.051 0.282
2015.3466 45.85 24.97 -0.320 0.340 -1.690 0.063 0.055 0.302
2015.4836 45.85 24.97 -0.731 -0.363 1.723 0.061 0.047 0.286
2015.5110 45.85 24.97 -0.306 -0.612 0.954 0.058 0.046 0.276
2015.5384 45.85 24.97 -0.527 -0.496 4.181 0.063 0.053 0.299
2015.5658 45.85 24.97 -0.696 -0.634 3.586 0.063 0.054 0.299
2015.5932 45.85 24.97 -0.700 -0.488 7.353 0.065 0.056 0.307
2015.6205 45.85 24.97 -0.561 -0.708 7.476 0.063 0.054 0.300
2015.6479 45.85 24.97 -0.895 -0.452 6.881 0.061 0.052 0.292
2015.6753 45.85 24.97 -0.686 -0.488 6.866 0.059 0.050 0.283
2015.7027 45.85 24.97 -0.926 -0.662 3.903 0.064 0.055 0.304
2015.7301 45.85 24.97 -0.849 -1.703 3.457 0.064 0.055 0.305
2015.9493 45.85 24.97 -0.501 -0.866 3.812 0.062 0.054 0.299
2015.9767 45.85 24.97 -0.354 -1.004 1.208 0.065 0.057 0.307
2016.0041 45.85 24.97 -0.177 -0.957 4.170 0.059 0.051 0.283
2016.0315 45.85 24.97 -0.618 -1.085 2.872 0.056 0.048 0.271
2016.0589 45.85 24.97 -0.831 -0.395 0.584 0.057 0.050 0.277
2016.0863 45.85 24.97 -0.506 0.219 0.941 0.052 0.045 0.257
2016.1137 45.85 24.97 -0.493 0.085 -0.634 0.058 0.051 0.281
2016.1411 45.85 24.97 -0.593 -0.240 -0.808 0.068 0.060 0.321
2016.1685 45.85 24.97 -0.425 -0.707 -2.390 0.073 0.065 0.342
2016.1959 45.85 24.97 -0.688 0.064 -3.667 0.071 0.065 0.338
2016.2233 45.85 24.97 -0.315 0.186 -2.587 0.072 0.066 0.342
2016.2507 45.85 24.97 -0.215 -0.171 -3.344 0.061 0.053 0.294
2016.3603 45.85 24.97 -0.120 0.121 0.394 0.056 0.049 0.274
2016.3877 45.85 24.97 -0.258 0.041 -0.500 0.066 0.058 0.312
2016.4151 45.85 24.97 -0.415 0.307 -2.357 0.065 0.056 0.308
2016.4425 45.85 24.97 -0.497 0.223 -3.018 0.069 0.061 0.326
2016.4699 45.85 24.97 -0.350 0.041 -2.501 0.068 0.060 0.320
