2002.5877 -38.42 -69.21 -2.28302648554128 9.95118834428267
2002.6151 -38.42 -69.21 12.82366986052787 9.68347253608602
2002.6425 -38.42 -69.21 12.79027391586519 9.88378254153631
2002.6699 -38.42 -69.21 4.13767369732169 8.28844148379933
2002.6973 -38.42 -69.21 26.15158817296980 13.07923850324090
2002.7247 -38.42 -69.21 41.11117434456705 9.40086576232005
2002.7521 -38.42 -69.21 7.31526951403637 8.61006335381627
2002.7795 -38.42 -69.21 19.85270715130795 9.85674326454036
2002.8068 -38.42 -69.21 22.07013973665108 8.93934420034997
2002.8342 -38.42 -69.21 26.48337215844781 8.75618940199230
2002.8616 -38.42 -69.21 3.70007399971866 8.33656685211582
2002.8890 -38.42 -69.21 14.66998935749547 8.91049744128419
2002.9164 -38.42 -69.21 27.50955890832946 9.20647770848824
2003.0260 -38.42 -69.21 -13.03696013356691 10.26787477813500
2003.0534 -38.42 -69.21 -17.67455211394313 18.03948844435959
2003.0808 -38.42 -69.21 -16.38333001294961 14.85327167165865
2003.1082 -38.42 -69.21 -25.35739499274979 8.23872682597648
2003.1356 -38.42 -69.21 0.21458671438337 7.57588897963404
2003.1630 -38.42 -69.21 -38.20963550793642 8.24488864486260
2003.1904 -38.42 -69.21 -40.39842409654636 9.62915629353953
2003.2178 -38.42 -69.21 -43.18720239618588 8.14673330159320
2003.2452 -38.42 -69.21 -8.91072117191209 8.10275485024564
2003.2726 -38.42 -69.21 -12.79636879318674 7.88055688028023
2003.3000 -38.42 -69.21 -33.54601416236675 7.73954703421416
2003.3274 -38.42 -69.21 -26.68344650595262 10.39838780369176
2003.3548 -38.42 -69.21 -31.87769946875754 11.85882514597540
2003.3822 -38.42 -69.21 -19.01164401671872 10.01405127169089
2003.5192 -38.42 -69.21 -20.39242595216223 11.58893218822519
2003.5466 -38.42 -69.21 6.70677919416215 13.24201757539151
2003.5740 -38.42 -69.21 13.23764604469614 15.88145320097805
2003.6014 -38.42 -69.21 1.17787776801645 13.28091780877014
2003.6288 -38.42 -69.21 -10.17598408400666 12.19644344340308
2003.6562 -38.42 -69.21 -6.80479637943084 13.33593012068173
2003.6836 -38.42 -69.21 -5.35802075218666 13.40729271112550
2003.7110 -38.42 -69.21 1.82498296327337 9.86350842461061
2003.7384 -38.42 -69.21 13.79416799484343 12.54150461658758
2003.7658 -38.42 -69.21 3.27680464736591 11.40809268594999
2003.7932 -38.42 -69.21 6.67733654017854 12.99447158640737
2003.8205 -38.42 -69.21 0.91510466709739 13.77638108703773
2003.8479 -38.42 -69.21 -22.32660107706348 11.60916663419841
2003.8753 -38.42 -69.21 -3.57836013714050 12.83922261406560
2003.9027 -38.42 -69.21 -43.28576872142705 11.23453283567230
2003.9301 -38.42 -69.21 -14.51101432945962 12.01989156983196
2003.9575 -38.42 -69.21 -34.93653582014106 13.99158155328182
2003.9849 -38.42 -69.21 -49.75554925729562 13.06246824367307
2004.0123 -38.42 -69.21 -22.16267203452595 14.02546737909588
2004.0397 -38.42 -69.21 -36.13291715260146 10.61133920651175
2004.0945 -38.42 -69.21 -7.75035117868488 9.89401614189494
2004.1219 -38.42 -69.21 -8.05857213710502 11.48560608834575
2004.1493 -38.42 -69.21 -33.29875833280050 13.70375086599780
2004.1767 -38.42 -69.21 -5.41481591430994 15.09106816161804
2004.2041 -38.42 -69.21 -0.03027006806947 11.81368998588689
2004.2315 -38.42 -69.21 4.23120513913687 11.98873803014106
2004.2589 -38.42 -69.21 8.89078521902512 12.33844924814464
2004.2863 -38.42 -69.21 -5.14606171680883 12.41355672967368
2004.3137 -38.42 -69.21 20.50299175194711 11.71949396691560
2004.3411 -38.42 -69.21 4.56784296432015 13.01079472862223
2004.3685 -38.42 -69.21 -7.02323049471441 12.23095840195838
2004.3959 -38.42 -69.21 -14.04095448216057 10.51305361522561
2004.4233 -38.42 -69.21 1.61056824472199 10.05233879557451
2004.4507 -38.42 -69.21 -3.12714420020734 9.00393115578452
2004.4781 -38.42 -69.21 -10.23407448273130 10.01963213646916
2004.5055 -38.42 -69.21 -0.76823555895031 9.71511098857720
2004.5329 -38.42 -69.21 -0.90852185027330 9.06999018601562
2004.5603 -38.42 -69.21 11.30176462248817 9.41986634574136
2004.5877 -38.42 -69.21 22.71749897248081 9.44120808061773
2004.6151 -38.42 -69.21 25.75827613752796 10.46631935955000
2004.6425 -38.42 -69.21 32.31269894008565 8.71346317920341
2004.6699 -38.42 -69.21 43.76852565256301 8.68916270487881
2004.6973 -38.42 -69.21 57.86581253324520 8.06499707816642
2004.7247 -38.42 -69.21 49.92702739338845 9.43580427053292
2004.7521 -38.42 -69.21 40.34368909630666 8.94379536614242
2004.7795 -38.42 -69.21 40.73285122372028 8.79794952880268
2004.8068 -38.42 -69.21 27.14770981530040 9.94333770487354
2004.8342 -38.42 -69.21 26.92296088090136 9.84080781939614
2004.8616 -38.42 -69.21 17.85902798814100 8.45853649462032
2004.8890 -38.42 -69.21 7.45876076517417 8.50602487347433
2004.9164 -38.42 -69.21 13.46898562902276 9.45775350139419
2004.9438 -38.42 -69.21 -3.13225347437671 10.20502012908696
2004.9712 -38.42 -69.21 -11.53047948521506 9.61548050473444
2004.9973 -38.42 -69.21 -38.89833460257248 9.09565317808690
2005.0233 -38.42 -69.21 -18.84237698301767 11.02092049947308
2005.0507 -38.42 -69.21 -22.80103063665724 17.33131637301029
2005.0781 -38.42 -69.21 -28.07817622613081 12.62506453235232
2005.1055 -38.42 -69.21 -11.26562540705367 12.47619189061137
2005.1329 -38.42 -69.21 -7.90644900764576 12.79853398982076
2005.1603 -38.42 -69.21 2.44019708876264 11.11482743842262
2005.1877 -38.42 -69.21 -17.74608121407297 10.95621657182644
2005.2151 -38.42 -69.21 -3.84796918060121 10.07132023885540
2005.2425 -38.42 -69.21 -12.16871915330934 9.92590825722107
2005.2699 -38.42 -69.21 -17.84633843653100 10.72937853335880
2005.2973 -38.42 -69.21 -16.50118795455144 11.42256307685772
2005.3247 -38.42 -69.21 -21.21073475703718 12.06010070013981
2005.3521 -38.42 -69.21 -14.32309426826213 4.27216768848001
2005.3795 -38.42 -69.21 -37.59411825465129 11.18575621007623
2005.4068 -38.42 -69.21 -12.46701890781103 10.05745966707779
2005.4342 -38.42 -69.21 -17.91756928663987 11.52735649305524
2005.4616 -38.42 -69.21 -12.23984866683943 10.58536329609956
2005.4890 -38.42 -69.21 -0.61915036820433 10.01861314775979
2005.5164 -38.42 -69.21 8.14659367938552 9.95573949883581
2005.5438 -38.42 -69.21 -6.47576826532358 11.03397361135448
2005.5712 -38.42 -69.21 11.85085775004474 12.17556752543121
2005.5986 -38.42 -69.21 46.77328019708435 12.46146232005094
2005.6260 -38.42 -69.21 34.87131396544611 10.84391481113612
2005.6534 -38.42 -69.21 45.72724581693175 11.61351396644137
2005.6808 -38.42 -69.21 56.18302271524636 11.32628765015085
2005.7082 -38.42 -69.21 39.84629538287938 14.19019655214797
2005.7356 -38.42 -69.21 29.08285063004190 12.28713412825474
2005.7630 -38.42 -69.21 17.69042438600736 12.30384255631553
2005.7904 -38.42 -69.21 26.28372680520248 11.34849002606965
2005.8178 -38.42 -69.21 30.06460801278565 11.76079226371020
2005.8452 -38.42 -69.21 6.40419873619511 12.57605681114950
2005.8726 -38.42 -69.21 5.85062735684771 10.80504627824147
2005.9000 -38.42 -69.21 10.97140654770648 10.43002387639725
2005.9274 -38.42 -69.21 1.37237086192475 10.16768791220020
2005.9548 -38.42 -69.21 22.88396792454777 8.75351930633779
2005.9822 -38.42 -69.21 22.23927984477520 9.48720041228779
2006.0096 -38.42 -69.21 -2.57368558363381 10.93345855265838
2006.0370 -38.42 -69.21 31.80119409844785 14.18829129451134
2006.0644 -38.42 -69.21 11.40327699469069 14.33498187386967
2006.0918 -38.42 -69.21 -7.59682094299510 14.46445152847173
2006.1192 -38.42 -69.21 -3.35124350459657 16.95166962413749
2006.1466 -38.42 -69.21 9.45369595832830 12.88203602369329
2006.1740 -38.42 -69.21 16.97312042906609 15.07533710695399
2006.2014 -38.42 -69.21 1.63965859589628 11.15138152863527
2006.2288 -38.42 -69.21 22.96100525282176 15.19485842214008
2006.2562 -38.42 -69.21 -9.07811320459239 14.35271049446702
2006.2836 -38.42 -69.21 17.51573467085717 13.88993832900862
2006.3110 -38.42 -69.21 5.51907296596174 14.94801351359148
2006.3384 -38.42 -69.21 7.89926947555961 13.46585130828215
2006.3658 -38.42 -69.21 -10.95364116489609 15.04068944761043
2006.3932 -38.42 -69.21 -6.37250054222690 14.71157981594228
2006.4205 -38.42 -69.21 -1.45893179566497 14.65017616923503
2006.4479 -38.42 -69.21 9.11308093177279 15.57350974969353
2006.4753 -38.42 -69.21 26.49836708911666 16.24068633752873
2006.5027 -38.42 -69.21 14.22795922593418 17.00767603071802
2006.5301 -38.42 -69.21 38.92709498900858 20.74531828441844
2006.5575 -38.42 -69.21 39.40179679623655 16.11414307343908
2006.5849 -38.42 -69.21 34.59347468496590 16.63142526552502
2006.6123 -38.42 -69.21 26.85259688297565 21.50422464400696
2006.6397 -38.42 -69.21 38.16215566188031 17.77950233331199
2006.6671 -38.42 -69.21 21.43884817848453 15.78365569268309
2006.6945 -38.42 -69.21 24.17869313443622 20.79390865117770
2006.7219 -38.42 -69.21 27.19163057932976 18.79916456004399
2006.7493 -38.42 -69.21 29.37439551884336 22.98079269722254
2006.7767 -38.42 -69.21 43.39857469972870 20.00435957178120
2006.8041 -38.42 -69.21 25.53178840320307 15.66813918409849
2006.8315 -38.42 -69.21 24.82752646221675 18.69523611078967
2006.8589 -38.42 -69.21 7.31740052789336 18.01073933422409
2006.8863 -38.42 -69.21 11.79088191700287 17.04341939430419
2006.9137 -38.42 -69.21 -10.51259840259340 16.30644022842127
2006.9411 -38.42 -69.21 -12.52359564583929 15.93770286063088
2006.9685 -38.42 -69.21 -1.85336281386314 15.54338343125110
2006.9959 -38.42 -69.21 0.81867863135711 15.05950851653109
2007.0233 -38.42 -69.21 1.58217824137542 13.66196292079908
2007.0507 -38.42 -69.21 -8.72077649783954 14.56635624003743
2007.0781 -38.42 -69.21 5.78848702952885 15.57097536896635
2007.1055 -38.42 -69.21 0.86040554827901 13.66367993466429
2007.1329 -38.42 -69.21 -4.37541617359800 15.10063054572102
2007.1603 -38.42 -69.21 11.16287183142388 14.37468579619668
2007.1877 -38.42 -69.21 -7.41121722857182 19.66899673372509
2007.2151 -38.42 -69.21 7.42668787423288 17.34886686232875
2007.2425 -38.42 -69.21 5.74682337045323 16.59738804197798
2007.2699 -38.42 -69.21 -4.42477970999042 12.42292991481878
2007.2973 -38.42 -69.21 6.98324141727497 11.63458658869982
2007.3247 -38.42 -69.21 3.43745368926670 14.94990711462084
2007.3521 -38.42 -69.21 -5.29569046287137 16.66015616409066
2007.3795 -38.42 -69.21 -15.19058856568564 17.67847290412853
2007.4068 -38.42 -69.21 -29.53067233215084 14.19384027805892
2007.4342 -38.42 -69.21 -30.54996669617644 13.39632707396739
2007.4616 -38.42 -69.21 -26.15983505422347 18.66173578490258
2007.4890 -38.42 -69.21 -20.36716527247647 13.41914708926291
2007.5164 -38.42 -69.21 -22.91742831047369 14.45386873085704
2007.5438 -38.42 -69.21 -18.59113257429997 13.86308402206288
2007.5712 -38.42 -69.21 -11.68014009512704 14.24941204975974
2007.5986 -38.42 -69.21 -15.96737159299456 17.94805020456190
2007.6260 -38.42 -69.21 30.00788053893152 14.12439688099916
2007.6534 -38.42 -69.21 9.47315411928374 14.43170600405650
2007.6808 -38.42 -69.21 -14.82036195079811 15.07019916678621
2007.7082 -38.42 -69.21 17.41475199538315 10.33071286468612
2007.7356 -38.42 -69.21 2.46325990433145 15.47520779932483
2007.7630 -38.42 -69.21 9.99904515311515 11.06170102888117
2007.7904 -38.42 -69.21 23.11246688854126 15.43736485190369
2007.8178 -38.42 -69.21 13.39532054803932 18.22946113067785
2007.8452 -38.42 -69.21 -5.22148890487007 14.13218896986406
2007.8726 -38.42 -69.21 -2.31538834047370 16.74455375652408
2007.9000 -38.42 -69.21 -16.48588360766573 17.62557993058339
2007.9274 -38.42 -69.21 0.23227778749900 17.55521956548775
2007.9548 -38.42 -69.21 -28.25382429468695 12.80745353413371
2007.9822 -38.42 -69.21 -11.67981911636150 16.22447866029906
2008.0096 -38.42 -69.21 -57.02447245123223 14.11516414245890
2008.0370 -38.42 -69.21 -54.36521174962378 14.77434005456130
2008.0644 -38.42 -69.21 -17.13439103121004 17.43573165490131
2008.0918 -38.42 -69.21 -22.56406394617429 13.15131194636030
2008.1192 -38.42 -69.21 -32.60371533677887 16.08769896432232
2008.1466 -38.42 -69.21 -18.59987578817626 19.04580971406355
2008.1740 -38.42 -69.21 -19.39862847535562 16.41480493394815
2008.2014 -38.42 -69.21 -18.45359787162505 18.10245094073552
2008.2288 -38.42 -69.21 -5.94174042129792 20.01151271799153
2008.2562 -38.42 -69.21 -21.52846877065823 19.01387081811545
2008.2836 -38.42 -69.21 -19.49735379930897 22.93300284291052
2008.3110 -38.42 -69.21 -34.94771784257741 23.99478142962166
2008.3384 -38.42 -69.21 -48.65897792775074 17.59672244415912
2008.3658 -38.42 -69.21 -40.09490640903684 17.77674382092286
2008.3932 -38.42 -69.21 -27.00546117140475 15.74967070169146
2008.4205 -38.42 -69.21 -20.21206891634100 13.73461355778972
2008.4479 -38.42 -69.21 -23.49105817419239 14.25054553999015
2008.4753 -38.42 -69.21 -20.29776403511739 13.66201760841841
2008.5027 -38.42 -69.21 -7.99663610920735 16.90155928170205
2008.5301 -38.42 -69.21 0.50755442276845 20.91676269825041
2008.5575 -38.42 -69.21 -8.98566363701883 13.10370895064212
2008.5849 -38.42 -69.21 5.25677992721213 15.69211118301806
2008.6123 -38.42 -69.21 5.99098283439757 12.45073024834230
2008.6397 -38.42 -69.21 33.69200144335083 13.93518622496651
2008.6671 -38.42 -69.21 30.00478135074227 13.22261928559291
2008.6945 -38.42 -69.21 42.77131339737138 12.72476584931364
2008.7219 -38.42 -69.21 40.42145051552297 15.17085911625345
2008.7493 -38.42 -69.21 41.20013166624569 13.56510060749267
2008.7767 -38.42 -69.21 40.33722102950640 16.35402244027831
2008.8041 -38.42 -69.21 19.43133888338806 16.51888190118472
2008.8315 -38.42 -69.21 1.59643271924736 18.50547934384529
2008.8589 -38.42 -69.21 7.07289890736377 21.67504877767929
2008.8863 -38.42 -69.21 -0.54794890059879 20.78253773063966
2008.9137 -38.42 -69.21 6.07870750056392 19.90216996225777
2008.9411 -38.42 -69.21 -10.36435204149368 20.47951122863824
2008.9685 -38.42 -69.21 -10.03712685379022 19.08120070186300
2008.9945 -38.42 -69.21 -19.95852522525891 16.21737670210060
2009.0205 -38.42 -69.21 -29.75504245540432 16.13536227506647
2009.0479 -38.42 -69.21 -9.97476023817919 16.13848634128645
2009.0753 -38.42 -69.21 -18.57987489915253 15.17512447800842
2009.1027 -38.42 -69.21 -29.57042463589497 19.35007990877872
2009.1301 -38.42 -69.21 -46.42869991951354 15.03621777333956
2009.1575 -38.42 -69.21 -26.20524265255145 15.16664603313497
2009.1849 -38.42 -69.21 -30.69262904195029 18.21301653699914
2009.2123 -38.42 -69.21 -22.43829645330071 14.82279538226027
2009.2397 -38.42 -69.21 -1.91327853760049 17.41329636897935
2009.2671 -38.42 -69.21 -26.24474047426112 14.38243147451077
2009.2945 -38.42 -69.21 -25.67894827893085 14.82173731537163
2009.3219 -38.42 -69.21 -15.64368709222443 15.41718503520647
2009.3493 -38.42 -69.21 -18.18429226878983 13.99135628050209
2009.3767 -38.42 -69.21 -12.83010588008487 14.73100028180258
2009.4041 -38.42 -69.21 -7.29441017726232 12.66274228550347
2009.4315 -38.42 -69.21 -8.38980391008685 15.02928379455113
2009.4589 -38.42 -69.21 -5.64901899323751 12.23215608858541
2009.4863 -38.42 -69.21 -3.78046842980035 13.61797840340225
2009.5137 -38.42 -69.21 10.81573728466250 12.71075235793097
2009.5411 -38.42 -69.21 7.43422994526491 15.99659732831715
2009.5685 -38.42 -69.21 -12.74465200392502 17.15524153393874
2009.5959 -38.42 -69.21 -1.65778371720194 14.84588724432148
2009.6233 -38.42 -69.21 1.37406888797386 15.83077853377628
2009.6507 -38.42 -69.21 26.62186958570036 15.28539565536314
2009.6781 -38.42 -69.21 24.12975555010114 16.61149182995328
2009.7055 -38.42 -69.21 29.10911969381845 17.49162785191818
2009.7329 -38.42 -69.21 24.67155825304876 16.67395859105431
2009.7603 -38.42 -69.21 17.33856006615363 19.10683096019100
2009.7877 -38.42 -69.21 25.44513745738518 17.57478252278660
2009.8151 -38.42 -69.21 28.65528363774036 19.12721565077470
2009.8425 -38.42 -69.21 19.75971263821912 17.18919720684731
2009.8699 -38.42 -69.21 20.49944221642528 16.33099585811116
2009.8973 -38.42 -69.21 42.25234566145648 15.17438731131297
2009.9247 -38.42 -69.21 10.37363202020314 14.63411558144787
2009.9521 -38.42 -69.21 25.75229773585328 13.91819035451666
2009.9795 -38.42 -69.21 11.81309501654932 14.31193819010821
2010.0068 -38.42 -69.21 13.23289267950001 18.79286308321847
2010.0342 -38.42 -69.21 17.89598128620233 14.15338672320484
2010.0616 -38.42 -69.21 -3.43590985646527 14.61987983685347
2010.0890 -38.42 -69.21 8.12042247595901 18.06901676465086
2010.1164 -38.42 -69.21 41.00886912945885 18.67506172207834
2010.1438 -38.42 -69.21 7.44895637730328 17.61123323527301
2010.1712 -38.42 -69.21 -5.46397135007472 16.78917091238545
2010.1986 -38.42 -69.21 10.78299244163597 16.05840823954233
2010.2260 -38.42 -69.21 13.42683119518031 17.64579186232350
2010.2534 -38.42 -69.21 11.52359935438366 18.08481890537830
2010.2808 -38.42 -69.21 20.69704074131858 13.53847931295361
2010.3082 -38.42 -69.21 -2.83074630224217 14.35910955216988
2010.3356 -38.42 -69.21 -2.51876972769337 12.61557923055734
2010.3630 -38.42 -69.21 -10.40230537069940 13.52724410079851
2010.3904 -38.42 -69.21 -36.37180307061422 13.52615144528786
2010.4178 -38.42 -69.21 -36.15754962455560 14.48847470183111
2010.4452 -38.42 -69.21 -40.25114883962463 12.57093081457787
2010.4726 -38.42 -69.21 -12.98273319196548 11.13115004635456
2010.5000 -38.42 -69.21 -15.35302363447692 12.93984898864296
2010.5274 -38.42 -69.21 -1.57928456878340 21.92673153112959
2010.5548 -38.42 -69.21 5.34265459790528 13.49815982879086
2010.5822 -38.42 -69.21 -2.15887734309309 12.04809347720815
2010.6096 -38.42 -69.21 -4.48091364225335 16.22886906489804
2010.6370 -38.42 -69.21 -6.56655045841603 14.22566024683529
2010.6644 -38.42 -69.21 22.01522101343826 13.19195096122385
2010.6918 -38.42 -69.21 30.40782234453136 16.35041710077139
2010.7192 -38.42 -69.21 18.69769291616481 15.13856145201118
2010.7466 -38.42 -69.21 36.49135454361063 17.97413224464802
2010.7740 -38.42 -69.21 1.52311904886004 13.93020439378729
2010.8014 -38.42 -69.21 11.71750887238787 13.37194115516091
2010.8288 -38.42 -69.21 10.00058083800638 15.57920787355499
2010.8562 -38.42 -69.21 4.61201983517496 15.20387454618377
2010.8836 -38.42 -69.21 -6.55971105105021 13.78957811531545
2010.9110 -38.42 -69.21 -7.96061149459074 15.39274805843622
2010.9384 -38.42 -69.21 -19.86653502013812 16.06977374903598
2010.9658 -38.42 -69.21 -14.16473120212106 17.85644945075754
2010.9932 -38.42 -69.21 -12.95418648615274 12.67633380881756
2011.1027 -38.42 -69.21 -13.62902983102624 12.74760166593928
2011.1301 -38.42 -69.21 -23.86950762814449 21.16412161850917
2011.1575 -38.42 -69.21 -7.76339985639778 13.50984899667118
2011.1849 -38.42 -69.21 -9.07072259933823 10.27506579002656
2011.2123 -38.42 -69.21 -36.70456321396261 17.95809701285768
2011.2397 -38.42 -69.21 -13.52136975585683 18.90480604031238
2011.2671 -38.42 -69.21 -32.50521250686352 14.88098340596537
2011.2945 -38.42 -69.21 -27.96370457099323 17.75850215541752
2011.3219 -38.42 -69.21 -25.68539013573196 16.55859414438472
2011.3493 -38.42 -69.21 1.55348542552248 14.56450328966461
2011.3767 -38.42 -69.21 -24.32298063178530 17.42949286251094
2011.4041 -38.42 -69.21 -13.52995541133127 14.97057923779355
2011.4315 -38.42 -69.21 -15.49091714782517 14.60887280450314
2011.5137 -38.42 -69.21 -62.14439272411137 13.34908962773706
2011.5411 -38.42 -69.21 -62.97761054468288 14.56224222449535
2011.5685 -38.42 -69.21 -26.27175339488599 14.02804700438957
2011.5959 -38.42 -69.21 -1.28010328567584 15.25239265057655
2011.6233 -38.42 -69.21 -28.30832911232637 15.08810791337328
2011.6507 -38.42 -69.21 -13.70201656999867 18.51712248996305
2011.6781 -38.42 -69.21 4.85031124617537 17.17250857096349
2011.7055 -38.42 -69.21 22.97150112551216 17.27990813119769
2011.7329 -38.42 -69.21 7.46776581348024 20.34100335349272
2011.7603 -38.42 -69.21 27.20362829235590 17.22156872874260
2011.7877 -38.42 -69.21 15.48620455711631 18.48547404757485
2011.8151 -38.42 -69.21 23.01554174345620 18.02544772133779
2011.8425 -38.42 -69.21 0.09755721455049 19.85791967745816
2011.8699 -38.42 -69.21 19.89398079314829 18.32514829020491
2011.9521 -38.42 -69.21 -26.33212764664811 11.12913128477143
2011.9795 -38.42 -69.21 -38.60267647152327 15.55233765867521
2012.0068 -38.42 -69.21 -45.44984736892145 14.31320860255522
2012.0342 -38.42 -69.21 -44.00586142672296 17.31320578141324
2012.0616 -38.42 -69.21 -34.31917332701180 14.95226144107013
2012.0890 -38.42 -69.21 -23.83128203136253 14.67724910961395
2012.1164 -38.42 -69.21 -18.01697166177889 14.25523499304345
2012.1438 -38.42 -69.21 -8.29944007165352 14.75025694044380
2012.1712 -38.42 -69.21 -33.09357072609665 13.86304432028376
2012.1986 -38.42 -69.21 -40.10988440384624 12.44451454118671
2012.2260 -38.42 -69.21 2.43100959632876 12.92881861057551
2012.2534 -38.42 -69.21 -2.85266001779903 12.54413797025550
2012.2808 -38.42 -69.21 -14.43027561017754 11.62786984179660
2012.3082 -38.42 -69.21 3.00107009584467 12.97784593360730
2012.3904 -38.42 -69.21 -23.88331023030104 13.56192467628370
2012.4178 -38.42 -69.21 -20.50577521286458 10.55999444423510
2012.4452 -38.42 -69.21 -22.67338538480781 10.36153636353281
2012.4726 -38.42 -69.21 -12.74056985483619 11.30411050931411
2012.5000 -38.42 -69.21 -11.14806397061566 10.63792049995289
2012.5274 -38.42 -69.21 -5.34372172289881 11.42974262841400
2012.5548 -38.42 -69.21 -25.82720940925260 11.42681921434490
2012.5822 -38.42 -69.21 -14.41200805802076 12.23095023190758
2012.6096 -38.42 -69.21 -9.21128698725966 12.22710008639217
2012.6370 -38.42 -69.21 -1.27340563827635 11.14825381423729
2012.6644 -38.42 -69.21 0.46795901480469 12.34613255922850
2012.6918 -38.42 -69.21 -14.05349999865711 12.80671385829130
2012.7192 -38.42 -69.21 6.97961930228351 15.82870911121845
2012.7466 -38.42 -69.21 2.25010845009142 10.35960045097944
2012.8562 -38.42 -69.21 -31.70484900399979 16.27321009969939
2012.8836 -38.42 -69.21 -8.41771976201499 15.38519021727088
2012.9110 -38.42 -69.21 -43.98351172818322 14.49975440944645
2012.9384 -38.42 -69.21 -33.20405421072208 13.55865624356549
2012.9658 -38.42 -69.21 -36.04658392082985 15.80366087565254
2012.9918 -38.42 -69.21 -37.37090928362290 7.30460863352693
2013.0178 -38.42 -69.21 -60.76712077983309 8.85721837273876
2013.0452 -38.42 -69.21 -68.35070691293581 8.76409888731504
2013.0726 -38.42 -69.21 -61.50577412948581 7.98683329677998
2013.1000 -38.42 -69.21 -42.96957443755259 8.21770929350312
2013.1274 -38.42 -69.21 -36.48890147530781 7.49724742273773
2013.1548 -38.42 -69.21 -35.92375197948551 6.72578190031638
2013.2644 -38.42 -69.21 -8.48351531691713 7.53197448255645
2013.2918 -38.42 -69.21 -18.42840582615038 7.77250968896323
2013.3192 -38.42 -69.21 -0.12082755957885 8.75278110158178
2013.3466 -38.42 -69.21 -18.99167821391790 9.03034749167654
2013.3740 -38.42 -69.21 -15.35784675944785 7.56521435485203
2013.4014 -38.42 -69.21 -31.28526588595235 7.85567476392403
2013.4288 -38.42 -69.21 -4.73145313959686 6.72813302343758
2013.4562 -38.42 -69.21 -25.16178220021452 6.83492911549026
2013.4836 -38.42 -69.21 -38.05484662764530 7.08444158474693
2013.5110 -38.42 -69.21 -8.86329896749485 8.16818722940247
2013.5384 -38.42 -69.21 -16.52425849015474 7.78455805747411
2013.5658 -38.42 -69.21 -9.96816425952083 8.31523184010268
2013.7575 -38.42 -69.21 64.05734150268690 7.68788237209904
2013.7849 -38.42 -69.21 42.24360270207255 8.10618783778710
2013.8123 -38.42 -69.21 1.60004578742811 7.35453937236419
2013.8397 -38.42 -69.21 14.42690984703474 7.48571888884748
2013.8671 -38.42 -69.21 22.64764365947745 7.96889220393397
2013.8945 -38.42 -69.21 19.29054990120940 7.45005926812931
2013.9219 -38.42 -69.21 -9.79902764685082 6.45141983993688
2013.9493 -38.42 -69.21 -31.44748568838652 7.01871686385130
2013.9767 -38.42 -69.21 -8.60532788700517 6.97496600226427
2014.0041 -38.42 -69.21 -26.03048882582805 6.76471307347678
2014.0315 -38.42 -69.21 -22.60495231574648 7.15669205498151
2014.1685 -38.42 -69.21 -37.75210556176432 7.46020585662227
2014.1959 -38.42 -69.21 -28.28124456434652 7.91790642449259
2014.2233 -38.42 -69.21 -36.51328589183196 7.40688165546001
2014.2507 -38.42 -69.21 -20.45719377787552 6.69038509574796
2014.2781 -38.42 -69.21 -8.39591407284516 7.15862422591397
2014.3055 -38.42 -69.21 1.21026384164256 6.81069484329898
2014.3329 -38.42 -69.21 -5.86357851066183 5.35341996298930
2014.3603 -38.42 -69.21 18.67368681166107 6.29701330102246
2014.3877 -38.42 -69.21 -29.34127382023129 6.31359991517114
2014.4151 -38.42 -69.21 30.81338662043542 6.22289605973798
2014.4425 -38.42 -69.21 17.37127128121066 6.67879134521649
2014.4699 -38.42 -69.21 27.27524068929209 6.54008840039292
2014.5795 -38.42 -69.21 49.27784314195468 5.20497855861437
2014.6068 -38.42 -69.21 36.63350334609675 5.71195399949792
2014.6342 -38.42 -69.21 32.60271348123617 5.02685099306011
2014.6616 -38.42 -69.21 56.50381329112647 5.82922703183700
2014.6890 -38.42 -69.21 74.83924265243458 5.67467143426167
2014.7164 -38.42 -69.21 62.25547052155714 5.53370613716119
2014.7438 -38.42 -69.21 56.75809607046784 6.15369708040707
2014.7712 -38.42 -69.21 52.58216652679668 6.07954482167757
2014.7986 -38.42 -69.21 49.97410602218798 5.21445928139108
2014.8260 -38.42 -69.21 41.41914771299733 5.16210919302538
2014.8534 -38.42 -69.21 60.85862343511721 5.52008285005917
2014.8808 -38.42 -69.21 16.72337403510409 5.54284199797142
2014.9082 -38.42 -69.21 30.80357345763550 5.67595934679188
2015.0452 -38.42 -69.21 -0.06782787178145 3.91496922281387
2015.0726 -38.42 -69.21 -14.46976308814363 4.44156426474008
2015.1000 -38.42 -69.21 -15.71149419122118 3.80102300242220
2015.1274 -38.42 -69.21 -0.74761661760366 3.49790157711760
2015.1548 -38.42 -69.21 5.97927248886842 4.26898733878484
2015.1822 -38.42 -69.21 -7.82188237280611 3.91343680940222
2015.2096 -38.42 -69.21 4.17245103920943 5.75548062737973
2015.2370 -38.42 -69.21 26.53133407516893 6.31610405242514
2015.2644 -38.42 -69.21 -6.82424935996428 5.44090202018633
2015.2918 -38.42 -69.21 0.83539460319103 5.34519268827662
2015.3192 -38.42 -69.21 18.01499207835463 5.12625620441175
2015.3466 -38.42 -69.21 1.73380898885883 5.64439437189420
2015.4836 -38.42 -69.21 10.75767036656342 4.62829644570554
2015.5110 -38.42 -69.21 12.55130841061652 4.59103234877407
2015.5384 -38.42 -69.21 31.36344086388193 5.21889635390724
2015.5658 -38.42 -69.21 31.22966237471395 5.57448820971123
2015.5932 -38.42 -69.21 33.22803958988074 5.91282672004118
2015.6205 -38.42 -69.21 19.70623206287312 5.56490432891587
2015.6479 -38.42 -69.21 31.46286872543416 5.44253245418181
2015.6753 -38.42 -69.21 41.03430245186853 5.08087017191791
2015.7027 -38.42 -69.21 42.26365531705214 5.79402741022386
2015.7301 -38.42 -69.21 62.41363854812933 5.67360645401439
2015.9493 -38.42 -69.21 31.65264344276176 5.40569464187575
2015.9767 -38.42 -69.21 7.69315088419339 5.97652666190943
2016.0041 -38.42 -69.21 2.92632642097936 5.26867962995756
2016.0315 -38.42 -69.21 22.12844475838867 4.99455390714723
2016.0589 -38.42 -69.21 4.75763973119370 5.10318082622003
2016.0863 -38.42 -69.21 19.12875327602484 4.44764453186564
2016.1137 -38.42 -69.21 22.40236892331550 5.22193223113958
2016.1411 -38.42 -69.21 12.57990889584455 6.47514826684932
2016.1685 -38.42 -69.21 26.08570773649031 7.16912544128765
2016.1959 -38.42 -69.21 28.52523135105666 7.08149230888840
2016.2233 -38.42 -69.21 14.89225254743044 7.24469169492586
2016.2507 -38.42 -69.21 49.54855122817152 5.37899390314975
2016.3603 -38.42 -69.21 22.66366802253020 5.06101181912018
2016.3877 -38.42 -69.21 28.60212274545512 6.25095720597356
2016.4151 -38.42 -69.21 23.29953733161652 6.04620555367467
2016.4425 -38.42 -69.21 16.50190724424301 6.66652766405052
2016.4699 -38.42 -69.21 11.30559671444946 6.51085076943094
