2002.5877 -2.79 35.95 22.73988004867427 8.43122141080077
2002.6151 -2.79 35.95 0.12375827075330 8.19678819779951
2002.6425 -2.79 35.95 -0.16222900872823 8.39597843796332
2002.6699 -2.79 35.95 -2.34493590141214 6.99318762308815
2002.6973 -2.79 35.95 6.05608104100299 11.42830973188163
2002.7247 -2.79 35.95 -18.28719654940407 8.02054482091410
2002.7521 -2.79 35.95 -24.24370356796866 7.32123188375864
2002.7795 -2.79 35.95 -18.96749582860703 8.33230439770420
2002.8068 -2.79 35.95 -23.04416750292115 7.60766286796269
2002.8342 -2.79 35.95 -13.64727114635701 7.43980264845518
2002.8616 -2.79 35.95 20.32944541236269 7.12986124757361
2002.8890 -2.79 35.95 25.28893605607702 7.60202424390081
2002.9164 -2.79 35.95 19.23513405537846 7.81528539383421
2003.0260 -2.79 35.95 35.31290089629923 8.66733506358345
2003.0534 -2.79 35.95 25.16521179298467 15.39439830996558
2003.0808 -2.79 35.95 34.53696603372444 12.58629812736451
2003.1082 -2.79 35.95 1.68487431817188 6.92448189216237
2003.1356 -2.79 35.95 -7.62872350795310 6.38329130532581
2003.1630 -2.79 35.95 -3.40659940616463 6.96763605931609
2003.1904 -2.79 35.95 11.22934770531818 8.14509861827234
2003.2178 -2.79 35.95 -4.94955801091581 6.87952266789474
2003.2452 -2.79 35.95 -11.20747065252082 6.84896259559638
2003.2726 -2.79 35.95 9.31913057634925 6.65221431138995
2003.3000 -2.79 35.95 5.18402339640680 6.53914615657715
2003.3274 -2.79 35.95 32.56149535250194 8.81277811105004
2003.3548 -2.79 35.95 49.72362308792538 10.07054868381411
2003.3822 -2.79 35.95 45.29955990896901 8.44763218135266
2003.5192 -2.79 35.95 6.33858767771646 9.87520793120306
2003.5466 -2.79 35.95 0.42091647647964 11.32408239503539
2003.5740 -2.79 35.95 -2.26711734454048 13.65666141314533
2003.6014 -2.79 35.95 -20.66378039654022 11.36880567057333
2003.6288 -2.79 35.95 -14.65987100428458 10.41015649861179
2003.6562 -2.79 35.95 -17.06132064978991 11.42885463415630
2003.6836 -2.79 35.95 -23.17844833931653 11.50253935213621
2003.7110 -2.79 35.95 -11.66318455764376 8.41314571062882
2003.7384 -2.79 35.95 -27.96137781863262 10.74589584121298
2003.7658 -2.79 35.95 -23.81651741441634 9.75976077594621
2003.7932 -2.79 35.95 -1.35614164269866 11.15447079872240
2003.8205 -2.79 35.95 -10.02961380037233 11.85530367568061
2003.8479 -2.79 35.95 5.23574879122434 9.97857780392721
2003.8753 -2.79 35.95 9.02684409833330 11.03101862070588
2003.9027 -2.79 35.95 1.79835333618074 9.63206229232652
2003.9301 -2.79 35.95 11.40193141476552 10.35945617823154
2003.9575 -2.79 35.95 9.29898383881244 12.13713247387145
2003.9849 -2.79 35.95 7.88073743765698 11.31768605797971
2004.0123 -2.79 35.95 -7.02377383588202 12.16561101029282
2004.0397 -2.79 35.95 -22.50743136444487 9.05486629155827
2004.0945 -2.79 35.95 -14.06272392516007 8.45469581197820
2004.1219 -2.79 35.95 -9.66477101267866 9.95651886749608
2004.1493 -2.79 35.95 -2.98426551238488 11.93326007747717
2004.1767 -2.79 35.95 -13.95976369275641 13.23853280227243
2004.2041 -2.79 35.95 -16.82176648751598 10.28279417056878
2004.2315 -2.79 35.95 8.49957996956509 10.44630058293114
2004.2589 -2.79 35.95 19.20380421170880 10.76372925486240
2004.2863 -2.79 35.95 23.73979880860649 10.85240675149056
2004.3137 -2.79 35.95 17.35610086643873 10.24942840983905
2004.3411 -2.79 35.95 39.49544272583284 11.42378987789657
2004.3685 -2.79 35.95 19.66033531504154 10.64803631328651
2004.3959 -2.79 35.95 33.12536696408612 9.09458673930230
2004.4233 -2.79 35.95 22.33110759330880 8.68602541244888
2004.4507 -2.79 35.95 24.10496434317214 7.80690539950612
2004.4781 -2.79 35.95 9.16363546644152 8.71875573058962
2004.5055 -2.79 35.95 -2.17612615717314 8.43109476169261
2004.5329 -2.79 35.95 1.07804743390314 7.83845375991318
2004.5603 -2.79 35.95 2.82353811367090 8.17277326092177
2004.5877 -2.79 35.95 4.18851431188629 8.17632392190506
2004.6151 -2.79 35.95 -3.91036235353639 9.06909539491354
2004.6425 -2.79 35.95 -24.20545624505358 7.49688582598885
2004.6699 -2.79 35.95 -26.25953153434864 7.46232791975989
2004.6973 -2.79 35.95 -18.91661146998621 6.91364020178324
2004.7247 -2.79 35.95 -14.90380868569231 8.12503554484656
2004.7521 -2.79 35.95 -18.73430107500107 7.67391079386343
2004.7795 -2.79 35.95 -33.18765994702425 7.57269198456086
2004.8068 -2.79 35.95 -19.17447947633887 8.60822918032679
2004.8342 -2.79 35.95 -10.59190217829878 8.53024209642858
2004.8616 -2.79 35.95 -4.24821457882859 7.26556634759231
2004.8890 -2.79 35.95 -5.84028030752567 7.33277934682360
2004.9164 -2.79 35.95 -2.16088401143254 8.18641799559727
2004.9438 -2.79 35.95 -0.05478058147619 8.75688129948430
2004.9712 -2.79 35.95 -4.86521125597511 8.36528885035526
2004.9973 -2.79 35.95 -0.77998275294299 7.84952199256110
2005.0233 -2.79 35.95 -9.19928426426891 9.64540808563041
2005.0507 -2.79 35.95 -25.04572154557667 15.46251503641374
2005.0781 -2.79 35.95 -13.49890584795055 11.10412267197268
2005.1055 -2.79 35.95 -14.14831519810351 10.94849676743439
2005.1329 -2.79 35.95 -13.99553226847047 11.23388457958545
2005.1603 -2.79 35.95 -6.75080786262679 9.66700198317369
2005.1877 -2.79 35.95 -19.67534942898565 9.49856675882539
2005.2151 -2.79 35.95 -9.57945293175933 8.67692737878983
2005.2425 -2.79 35.95 9.39017679064423 8.55152500987347
2005.2699 -2.79 35.95 19.33903269442825 9.26575660720291
2005.2973 -2.79 35.95 5.30622890842495 9.86371261157918
2005.3247 -2.79 35.95 8.76360967835400 10.40496322315485
2005.3521 -2.79 35.95 23.69526826386331 3.57703553795552
2005.3795 -2.79 35.95 10.23555695788578 9.61665207741772
2005.4068 -2.79 35.95 16.58364736211234 8.62210606476117
2005.4342 -2.79 35.95 4.37221505002574 9.87565789060640
2005.4616 -2.79 35.95 3.51370253234874 9.07835007597695
2005.4890 -2.79 35.95 3.79036092946315 8.58411605018209
2005.5164 -2.79 35.95 -6.20071210978776 8.53059790865312
2005.5438 -2.79 35.95 -10.29027903029139 9.47780375322513
2005.5712 -2.79 35.95 -27.40085052660052 10.46858722571550
2005.5986 -2.79 35.95 -26.20651601772889 10.71452606179833
2005.6260 -2.79 35.95 -13.38692957295501 9.30413702068388
2005.6534 -2.79 35.95 -34.15508784392802 9.96938084606663
2005.6808 -2.79 35.95 -18.24180301601030 9.71431648101520
2005.7082 -2.79 35.95 -20.13749679554604 12.20963032191058
2005.7356 -2.79 35.95 -29.49892510607941 10.54579052781063
2005.7630 -2.79 35.95 -7.85337633001509 10.56265543464990
2005.7904 -2.79 35.95 -23.68412354275688 9.71514660945835
2005.8178 -2.79 35.95 -21.17846614164041 10.08440583759584
2005.8452 -2.79 35.95 -14.90346751697865 10.78573681947313
2005.8726 -2.79 35.95 -17.20385784948925 9.24365224585814
2005.9000 -2.79 35.95 -14.84275445843383 8.91428274519425
2005.9274 -2.79 35.95 -5.14845690050616 8.67164964374246
2005.9548 -2.79 35.95 -15.72853394451218 7.27141873896170
2005.9822 -2.79 35.95 -19.11571598086724 8.03802278486079
2006.0096 -2.79 35.95 -20.78026692349088 9.30950333454050
2006.0370 -2.79 35.95 -22.57659509304983 12.10760490746542
2006.0644 -2.79 35.95 -17.46066177037627 12.22126089259118
2006.0918 -2.79 35.95 -20.41006073675218 12.35526116142085
2006.1192 -2.79 35.95 -32.70199960170384 14.53370630076165
2006.1466 -2.79 35.95 -35.74985610514583 10.99927804704264
2006.1740 -2.79 35.95 -27.78637336010911 12.94380958536973
2006.2014 -2.79 35.95 -27.13619526119255 9.51436788169650
2006.2288 -2.79 35.95 -31.10952605485324 13.05685666024470
2006.2562 -2.79 35.95 -12.06545626401173 12.35432104333482
2006.2836 -2.79 35.95 -22.96841112187834 11.93604644955356
2006.3110 -2.79 35.95 5.06487758821588 12.86685427070382
2006.3384 -2.79 35.95 22.62281254039353 11.56340047978656
2006.3658 -2.79 35.95 4.07295936294572 12.94268703252986
2006.3932 -2.79 35.95 8.66697508552791 12.64172149340668
2006.4205 -2.79 35.95 12.97981892177280 12.54961265202340
2006.4479 -2.79 35.95 -8.07655799071482 13.36638966116226
2006.4753 -2.79 35.95 6.58963641528272 13.94326473695943
2006.5027 -2.79 35.95 1.28970903921174 14.58194590591827
2006.5301 -2.79 35.95 -5.94008893821121 17.88034691890308
2006.5575 -2.79 35.95 -19.04949284034196 13.84058578592690
2006.5849 -2.79 35.95 -31.21547001617355 14.28651898719585
2006.6123 -2.79 35.95 -4.24447429225818 18.65275138973771
2006.6397 -2.79 35.95 -52.04378418072505 15.32748735964376
2006.6671 -2.79 35.95 -44.38461746950327 13.55469136347727
2006.6945 -2.79 35.95 -39.50755560734817 17.96923945785027
2006.7219 -2.79 35.95 -38.17270525453598 16.13638558084594
2006.7493 -2.79 35.95 -38.07865971667171 19.79784676889981
2006.7767 -2.79 35.95 -32.71603018298605 17.25057653932339
2006.8041 -2.79 35.95 -36.67704321156436 13.42452532396000
2006.8315 -2.79 35.95 -25.67683627542442 16.08172270234083
2006.8589 -2.79 35.95 -8.91401697148982 15.45603357287814
2006.8863 -2.79 35.95 3.24882459694867 14.59296128085533
2006.9137 -2.79 35.95 22.75110994792000 13.90771634753292
2006.9411 -2.79 35.95 22.12861364177791 13.59111133403328
2006.9685 -2.79 35.95 20.82190503604787 13.24697487169530
2006.9959 -2.79 35.95 22.99233497637013 12.83132108111725
2007.0233 -2.79 35.95 22.37505697749484 11.61131461815234
2007.0507 -2.79 35.95 14.05480839147416 12.41124451260236
2007.0781 -2.79 35.95 2.84493651105451 13.26792567379962
2007.1055 -2.79 35.95 -3.49101223335365 11.63476052683176
2007.1329 -2.79 35.95 5.87689756121783 12.88959003533326
2007.1603 -2.79 35.95 24.02114190683718 12.25405846843883
2007.1877 -2.79 35.95 21.90007728172348 16.91820268416474
2007.2151 -2.79 35.95 8.13838081423082 14.88455231973395
2007.2425 -2.79 35.95 17.88787127363847 14.24052009096897
2007.2699 -2.79 35.95 -2.17297106551470 10.59339809166228
2007.2973 -2.79 35.95 19.48036918897520 9.90910097946539
2007.3247 -2.79 35.95 21.99848574959954 12.79353336559441
2007.3521 -2.79 35.95 32.69227014472447 14.28983161295446
2007.3795 -2.79 35.95 30.55803302903380 15.18677198796599
2007.4068 -2.79 35.95 33.32372969534141 12.13117818357574
2007.4342 -2.79 35.95 38.33391601162263 11.43206769188670
2007.4616 -2.79 35.95 45.51911141230872 16.03979546121607
2007.4890 -2.79 35.95 6.83632355293066 11.45683393998938
2007.5164 -2.79 35.95 -9.48144404883213 12.36279159703281
2007.5438 -2.79 35.95 -27.18256843446905 11.83586133978090
2007.5712 -2.79 35.95 2.46085459088502 12.16773669560216
2007.5986 -2.79 35.95 -12.86700702362970 15.37837512864576
2007.6260 -2.79 35.95 -19.46353244265243 12.05184186464022
2007.6534 -2.79 35.95 2.58839158236165 12.31323742840749
2007.6808 -2.79 35.95 -16.18093054509094 12.84964471439121
2007.7082 -2.79 35.95 -26.16773391042588 8.74038175749212
2007.7356 -2.79 35.95 -17.17740112015750 13.19894396938829
2007.7630 -2.79 35.95 -26.24009255967549 9.37747055936811
2007.7904 -2.79 35.95 -18.26987249511833 13.18578083866630
2007.8178 -2.79 35.95 -12.19776610679574 15.61505425922432
2007.8452 -2.79 35.95 -3.74117210524548 12.05024296168474
2007.8726 -2.79 35.95 4.73726430128568 14.33677166545439
2007.9000 -2.79 35.95 -1.02786580826910 15.15665078940099
2007.9274 -2.79 35.95 -3.76256487104786 15.01814016587418
2007.9548 -2.79 35.95 -4.03846168179498 10.92567575157803
2007.9822 -2.79 35.95 -4.16486968845673 13.90218779246190
2008.0096 -2.79 35.95 -17.18571406461868 12.08152635773116
2008.0370 -2.79 35.95 -9.63810449943541 12.66870498613580
2008.0644 -2.79 35.95 -19.69837157055290 14.99724996585626
2008.0918 -2.79 35.95 10.79722268218482 11.22792714937042
2008.1192 -2.79 35.95 -14.84105695019015 13.81493940815180
2008.1466 -2.79 35.95 1.16409336006592 16.39412369761600
2008.1740 -2.79 35.95 1.17244220809653 14.09876380944223
2008.2014 -2.79 35.95 -16.22684478459766 15.61251834320061
2008.2288 -2.79 35.95 -23.46171725358477 17.09025564036842
2008.2562 -2.79 35.95 -5.18443255199553 16.27642102964053
2008.2836 -2.79 35.95 6.54928980809148 19.65987820278088
2008.3110 -2.79 35.95 25.36066325706894 20.58021724542793
2008.3384 -2.79 35.95 23.07219209570649 15.08093454040644
2008.3658 -2.79 35.95 18.68154237244214 15.21031033701798
2008.3932 -2.79 35.95 15.20423492924815 13.42495490700737
2008.4205 -2.79 35.95 8.56088901515267 11.66590372019874
2008.4479 -2.79 35.95 -0.14357255219922 12.14824365082339
2008.4753 -2.79 35.95 4.89685587107814 11.64528245666930
2008.5027 -2.79 35.95 24.75155612294365 14.41700417211175
2008.5301 -2.79 35.95 13.74858595869669 17.85124612128591
2008.5575 -2.79 35.95 -21.51608651283245 11.13095752041815
2008.5849 -2.79 35.95 -7.44218725682472 13.42074643756152
2008.6123 -2.79 35.95 -12.76294481391205 10.59782356252971
2008.6397 -2.79 35.95 -13.29853588871881 11.87794394691416
2008.6671 -2.79 35.95 -19.85901028433843 11.25039672049859
2008.6945 -2.79 35.95 -14.03096694714585 10.84893817620270
2008.7219 -2.79 35.95 -24.08612448511400 12.95879798707359
2008.7493 -2.79 35.95 -16.35565148151656 11.58113558326909
2008.7767 -2.79 35.95 -40.78166380696764 14.02741195025424
2008.8041 -2.79 35.95 -26.60477368658909 14.18165223134427
2008.8315 -2.79 35.95 -12.69701327376757 15.88289585220463
2008.8589 -2.79 35.95 10.43757815629200 18.59851612375076
2008.8863 -2.79 35.95 -12.28403117457230 17.82038483411906
2008.9137 -2.79 35.95 2.70577937864350 17.09599344342900
2008.9411 -2.79 35.95 -7.71068192462237 17.55793363669218
2008.9685 -2.79 35.95 -6.96376573745481 16.33096275951464
2008.9945 -2.79 35.95 1.88218871117049 13.94394429328802
2009.0205 -2.79 35.95 -3.16006079178242 13.91853788737462
2009.0479 -2.79 35.95 2.62668188062319 13.92921174319588
2009.0753 -2.79 35.95 -20.83616500872447 13.05508325454542
2009.1027 -2.79 35.95 -3.97331878036351 16.70431746015439
2009.1301 -2.79 35.95 24.59530768292626 12.93833374939482
2009.1575 -2.79 35.95 -11.60210097099467 13.01811084022658
2009.1849 -2.79 35.95 8.52136979766599 15.74020990790974
2009.2123 -2.79 35.95 -14.62212156355328 12.75472814294765
2009.2397 -2.79 35.95 -15.42288385164602 15.00625263903760
2009.2671 -2.79 35.95 9.94567948861948 12.37406880616926
2009.2945 -2.79 35.95 9.44255533864341 12.75940754857124
2009.3219 -2.79 35.95 20.14692142996656 13.25969619935678
2009.3493 -2.79 35.95 17.82206938593943 12.01605579651357
2009.3767 -2.79 35.95 29.92740644312980 12.64995093231146
2009.4041 -2.79 35.95 18.65923741457125 10.84356942310911
2009.4315 -2.79 35.95 7.53698271071120 12.91324475150002
2009.4589 -2.79 35.95 15.83255879437077 10.44721216938360
2009.4863 -2.79 35.95 -0.15512452273413 11.64546435738338
2009.5137 -2.79 35.95 17.51751186514653 10.86390894613465
2009.5411 -2.79 35.95 16.06956812441621 13.67906211080521
2009.5685 -2.79 35.95 2.40689103954154 14.67565554568808
2009.5959 -2.79 35.95 8.18387865636573 12.68492511453787
2009.6233 -2.79 35.95 -21.08895888995768 13.56806428561094
2009.6507 -2.79 35.95 -27.30997350589756 13.10096244785744
2009.6781 -2.79 35.95 -40.14471772920086 14.26237758360499
2009.7055 -2.79 35.95 -47.73729005517823 15.04096023853170
2009.7329 -2.79 35.95 -21.74152933987722 14.31595523497259
2009.7603 -2.79 35.95 -38.69048884692379 16.42205329497800
2009.7877 -2.79 35.95 -7.86069500676409 15.10644948488087
2009.8151 -2.79 35.95 -32.20112186482748 16.46102890098612
2009.8425 -2.79 35.95 -40.71071922658532 14.79102911823131
2009.8699 -2.79 35.95 -15.59841222774632 14.04382902224522
2009.8973 -2.79 35.95 -25.98054519146750 13.04322469335025
2009.9247 -2.79 35.95 -10.93920683015696 12.54582386426713
2009.9521 -2.79 35.95 30.21711966912444 11.93120180328486
2009.9795 -2.79 35.95 -11.29923140283588 12.26920877676892
2010.0068 -2.79 35.95 10.13739886548428 16.19137128189338
2010.0342 -2.79 35.95 12.94077869674544 12.13794737327506
2010.0616 -2.79 35.95 9.69411046334388 12.56337135476250
2010.0890 -2.79 35.95 2.76429830782332 15.58500181386289
2010.1164 -2.79 35.95 3.56837786121668 16.09894355296404
2010.1438 -2.79 35.95 -11.46317709343446 15.13563994883338
2010.1712 -2.79 35.95 21.69674320019483 14.42337810708594
2010.1986 -2.79 35.95 30.27434940344628 13.78812608966308
2010.2260 -2.79 35.95 24.21411988785060 15.13756960347579
2010.2534 -2.79 35.95 21.93480606106863 15.48992104186698
2010.2808 -2.79 35.95 10.70551126212328 11.56773944972312
2010.3082 -2.79 35.95 11.32506828800960 12.28224647122370
2010.3356 -2.79 35.95 14.62727552292598 10.75262737454802
2010.3630 -2.79 35.95 36.21787009107838 11.51861821639382
2010.3904 -2.79 35.95 25.09691947506350 11.53252705111622
2010.4178 -2.79 35.95 24.05908910373760 12.31513251194921
2010.4452 -2.79 35.95 24.77072987470851 10.65160337741257
2010.4726 -2.79 35.95 15.18822152625357 9.41603067635829
2010.5000 -2.79 35.95 12.75487522743134 11.01459652204298
2010.5274 -2.79 35.95 -28.49997949293320 18.88492011728303
2010.5548 -2.79 35.95 6.53713547960665 11.57108115767950
2010.5822 -2.79 35.95 10.29645873471006 10.31411337081201
2010.6096 -2.79 35.95 2.72044160306912 13.98282614685083
2010.6370 -2.79 35.95 -23.48297889260449 12.21385708181175
2010.6644 -2.79 35.95 0.06500041993513 11.30849586454602
2010.6918 -2.79 35.95 -35.22327352903506 14.07906878076456
2010.7192 -2.79 35.95 -28.09492518508631 13.01938126671233
2010.7466 -2.79 35.95 -24.28881320099356 15.51298661517676
2010.7740 -2.79 35.95 -36.14780179085504 11.92737653157247
2010.8014 -2.79 35.95 -18.21452488724517 11.46225156088343
2010.8288 -2.79 35.95 -29.35050921433893 13.39007232350192
2010.8562 -2.79 35.95 -7.15112036664845 13.04099722955680
2010.8836 -2.79 35.95 -5.26690143408848 11.78669161093724
2010.9110 -2.79 35.95 -6.40305369252894 13.17955428881329
2010.9384 -2.79 35.95 13.75541028650728 13.77335416378416
2010.9658 -2.79 35.95 26.47739074473679 15.33402960143917
2010.9932 -2.79 35.95 6.13078320862699 10.98119881605271
2011.1027 -2.79 35.95 -0.81856399957429 10.85575893484559
2011.1301 -2.79 35.95 -7.84623281791162 18.13469172221415
2011.1575 -2.79 35.95 -30.99613083637737 11.49373232712684
2011.1849 -2.79 35.95 -62.09813775177868 8.69818537552176
2011.2123 -2.79 35.95 -17.15737479264249 15.36363742810596
2011.2397 -2.79 35.95 -2.33629898303127 16.24967650909883
2011.2671 -2.79 35.95 4.71717487448001 12.70742951276503
2011.2945 -2.79 35.95 -9.70359958822248 15.24121614763291
2011.3219 -2.79 35.95 -17.07311126357445 14.18771591486132
2011.3493 -2.79 35.95 12.67329442278576 12.43788830377977
2011.3767 -2.79 35.95 26.53586401999026 14.96298736932851
2011.4041 -2.79 35.95 15.12484908164279 12.78166346891430
2011.4315 -2.79 35.95 20.69667176392850 12.57045353058179
2011.5137 -2.79 35.95 1.93897677252048 11.36438344630461
2011.5411 -2.79 35.95 -8.23543851211086 12.39612389699325
2011.5685 -2.79 35.95 -28.40270791017835 11.92538506247417
2011.5959 -2.79 35.95 -13.90725544483973 12.98414804334133
2011.6233 -2.79 35.95 -23.73448656811355 12.83413848475515
2011.6507 -2.79 35.95 -21.89730246215385 15.83946095785298
2011.6781 -2.79 35.95 -38.23563952249491 14.69916522142902
2011.7055 -2.79 35.95 -35.99646577796735 14.81989913679396
2011.7329 -2.79 35.95 -29.74862184768881 17.51592100172683
2011.7603 -2.79 35.95 -16.50834432618687 14.77978337715082
2011.7877 -2.79 35.95 -14.64363957977988 15.90161510780977
2011.8151 -2.79 35.95 -37.36167334726353 15.52694628838489
2011.8425 -2.79 35.95 -7.45812892904804 17.16171459335110
2011.8699 -2.79 35.95 -26.32996456981349 15.85847372915889
2011.9521 -2.79 35.95 7.47720826740020 9.64377230829340
2011.9795 -2.79 35.95 42.90778444854918 13.44885347732685
2012.0068 -2.79 35.95 32.75104034788185 12.33552441378411
2012.0342 -2.79 35.95 -19.33406420369242 14.99883844765539
2012.0616 -2.79 35.95 1.23692185877499 12.93453600395499
2012.0890 -2.79 35.95 9.16615836226513 12.69604197148625
2012.1164 -2.79 35.95 -6.89327565070770 12.29361004809955
2012.1438 -2.79 35.95 -23.28181969780748 12.78761207400077
2012.1712 -2.79 35.95 16.24483796673360 11.94321261745044
2012.1986 -2.79 35.95 -2.17665299646386 10.79370657631665
2012.2260 -2.79 35.95 12.18674314217302 11.19527675238954
2012.2534 -2.79 35.95 7.78133720018151 10.90281073526655
2012.2808 -2.79 35.95 -4.32651519540355 10.13956292127074
2012.3082 -2.79 35.95 18.58187181805660 11.24206346554852
2012.3904 -2.79 35.95 31.77372191813599 11.74794233995470
2012.4178 -2.79 35.95 27.30482256219656 9.18534987341454
2012.4452 -2.79 35.95 -4.06046660438991 9.00743266911912
2012.4726 -2.79 35.95 23.71801719476192 9.84448197452458
2012.5000 -2.79 35.95 21.89821371706109 9.25211503479396
2012.5274 -2.79 35.95 21.09326104950109 9.92134312513825
2012.5548 -2.79 35.95 -1.35291132577171 9.91864271382035
2012.5822 -2.79 35.95 -17.93195202484151 10.64797403588496
2012.6096 -2.79 35.95 -3.13561285189871 10.59490793873227
2012.6370 -2.79 35.95 -14.43072043795905 9.65677521703621
2012.6644 -2.79 35.95 -12.69704536749196 10.72314833279462
2012.6918 -2.79 35.95 -20.43607506560214 11.09860682284679
2012.7192 -2.79 35.95 -28.89875704653627 13.75643636090354
2012.7466 -2.79 35.95 -14.24072855751814 8.91593157540905
2012.8562 -2.79 35.95 -5.44869839948219 14.08848190739286
2012.8836 -2.79 35.95 -10.67209749228945 13.28309144533011
2012.9110 -2.79 35.95 14.15339003609368 12.48907346652555
2012.9384 -2.79 35.95 9.61038598262551 11.63593703377586
2012.9658 -2.79 35.95 19.57962359364913 13.62040306845827
2012.9918 -2.79 35.95 5.19285615610212 6.31981398726906
2013.0178 -2.79 35.95 13.36223060223597 7.70084276561691
2013.0452 -2.79 35.95 10.11242952802284 7.61020775928404
2013.0726 -2.79 35.95 3.02471475710872 6.91348771775641
2013.1000 -2.79 35.95 -2.09572877623980 7.12480775612924
2013.1274 -2.79 35.95 -14.35075421329079 6.46111779599604
2013.1548 -2.79 35.95 -3.68251020575625 5.80008905176832
2013.2644 -2.79 35.95 29.90353729263972 6.57888359040431
2013.2918 -2.79 35.95 36.55319215306368 6.69644901606389
2013.3192 -2.79 35.95 45.21646018037119 7.58662839269801
2013.3466 -2.79 35.95 42.20776189360589 7.82975084974308
2013.3740 -2.79 35.95 57.51209144227278 6.53559933278021
2013.4014 -2.79 35.95 30.73654010210875 6.79195510330649
2013.4288 -2.79 35.95 41.03079425076321 5.79175301163257
2013.4562 -2.79 35.95 34.53656440269629 5.87149371632676
2013.4836 -2.79 35.95 27.97604458634706 6.09752151292314
2013.5110 -2.79 35.95 21.77482701315572 7.07482468358483
2013.5384 -2.79 35.95 3.72178970998147 6.70324466334823
2013.5658 -2.79 35.95 -2.01355254321951 7.18300591638811
2013.7575 -2.79 35.95 -21.11571648661804 6.58168454837306
2013.7849 -2.79 35.95 -14.94831587044184 6.95803036223606
2013.8123 -2.79 35.95 -4.89607617296829 6.31027726656101
2013.8397 -2.79 35.95 7.02684338189796 6.42464252002027
2013.8671 -2.79 35.95 6.54294883774004 6.82985230845254
2013.8945 -2.79 35.95 7.85982666362251 6.39030334194611
2013.9219 -2.79 35.95 17.93682805465176 5.51408302916638
2013.9493 -2.79 35.95 28.26283649532654 6.00603895643517
2013.9767 -2.79 35.95 28.39273771840031 5.95867732670259
2014.0041 -2.79 35.95 34.39904404430117 5.78458219402731
2014.0315 -2.79 35.95 13.33033266337234 6.12719231602875
2014.1685 -2.79 35.95 -3.50472551383564 6.38546636772800
2014.1959 -2.79 35.95 11.47567190287116 6.81860569929473
2014.2233 -2.79 35.95 10.60553012388010 6.35580240489204
2014.2507 -2.79 35.95 7.27768069271168 5.74627655702896
2014.2781 -2.79 35.95 2.18942327795312 6.17703515244273
2014.3055 -2.79 35.95 21.56694865109242 5.88550664563111
2014.3329 -2.79 35.95 -6.76187039654710 4.62135517070247
2014.3603 -2.79 35.95 21.01131611897403 5.43681769510467
2014.3877 -2.79 35.95 -6.99958082382794 5.45101559647324
2014.4151 -2.79 35.95 3.42592652109415 5.36218445696807
2014.4425 -2.79 35.95 8.37224172269549 5.75300808298845
2014.4699 -2.79 35.95 30.24187143550550 5.62552798696363
2014.5795 -2.79 35.95 -15.96389968302951 4.40602223394280
2014.6068 -2.79 35.95 -21.44994740097910 4.84701814569604
2014.6342 -2.79 35.95 -7.01803519414827 4.25390168917883
2014.6616 -2.79 35.95 -26.13459200312442 4.94650284548961
2014.6890 -2.79 35.95 -7.73799464939512 4.81682558109515
2014.7164 -2.79 35.95 -6.38498293343255 4.69774627405787
2014.7438 -2.79 35.95 -3.14539089237612 5.22852293478452
2014.7712 -2.79 35.95 -18.18900032781709 5.16585449606692
2014.7986 -2.79 35.95 -7.82961415514427 4.42160466101951
2014.8260 -2.79 35.95 -8.91347544396444 4.37703899959123
2014.8534 -2.79 35.95 -12.82965543520536 4.68388259896548
2014.8808 -2.79 35.95 -10.76816563834995 4.70312577919551
2014.9082 -2.79 35.95 -3.96820892638896 4.81877616001262
2015.0452 -2.79 35.95 -4.73374690178642 3.37319257340839
2015.0726 -2.79 35.95 1.36730548421620 3.86981380221214
2015.1000 -2.79 35.95 -12.68400284636917 3.27296298187510
2015.1274 -2.79 35.95 -13.28601699130776 3.02280580519353
2015.1548 -2.79 35.95 15.58471978520155 3.72280969164599
2015.1822 -2.79 35.95 -6.12186573781439 3.39315420502229
2015.2096 -2.79 35.95 -25.66065203194220 5.01935483892279
2015.2370 -2.79 35.95 -2.63175619588627 5.53178036904580
2015.2644 -2.79 35.95 2.03902279813183 4.71726521133986
2015.2918 -2.79 35.95 16.31965737057100 4.59302538014879
2015.3192 -2.79 35.95 25.42841211013354 4.41236578871886
2015.3466 -2.79 35.95 42.24959856042917 4.83885363844566
2015.4836 -2.79 35.95 9.91274603546081 3.91401974356904
2015.5110 -2.79 35.95 18.43955731272166 3.88539644137336
2015.5384 -2.79 35.95 12.37377139442886 4.39783496199646
2015.5658 -2.79 35.95 29.66407425440437 4.70557283099008
2015.5932 -2.79 35.95 -11.91375997157639 5.00000151350948
2015.6205 -2.79 35.95 2.58552349217185 4.70219265428675
2015.6479 -2.79 35.95 4.85611300407034 4.60183663606291
2015.6753 -2.79 35.95 10.83115853458173 4.29196257715998
2015.7027 -2.79 35.95 8.44437765180581 4.89778693878859
2015.7301 -2.79 35.95 -14.87401482032751 4.79731628347095
2015.9493 -2.79 35.95 50.18502800711923 4.63683211202918
2015.9767 -2.79 35.95 36.46849802021593 5.21104176833243
2016.0041 -2.79 35.95 26.61037103155621 4.58924511126785
2016.0315 -2.79 35.95 38.74360466305929 4.35976039050212
2016.0589 -2.79 35.95 31.13486737085318 4.44711214196205
2016.0863 -2.79 35.95 40.07572841892954 3.83200629410628
2016.1137 -2.79 35.95 37.29851074004406 4.55728946642383
2016.1411 -2.79 35.95 30.51869917652953 5.71317622643990
2016.1685 -2.79 35.95 -4.52733570735405 6.35947653134286
2016.1959 -2.79 35.95 24.01637101628387 6.25336491008450
2016.2233 -2.79 35.95 6.94639252798653 6.38053788495544
2016.2507 -2.79 35.95 16.74501892604496 4.63910304344819
2016.3603 -2.79 35.95 38.21487683378287 4.27552659440025
2016.3877 -2.79 35.95 40.46898199579392 5.28646872488773
2016.4151 -2.79 35.95 47.40050817305061 5.10424100232207
2016.4425 -2.79 35.95 42.99775820282289 5.63105589286405
2016.4699 -2.79 35.95 42.04468358123033 5.49994068756260
