2002.5877 -33.87 18.51 13.78546698668903 9.67062845397367
2002.6151 -33.87 18.51 20.10646127605707 9.40708465891763
2002.6425 -33.87 18.51 -19.73461649350478 9.62054906550601
2002.6699 -33.87 18.51 20.01472186506085 8.05930561239794
2002.6973 -33.87 18.51 -22.37528920531628 12.69474817831012
2002.7247 -33.87 18.51 47.93593540294434 9.13047824193794
2002.7521 -33.87 18.51 38.31331956274435 8.36537633174426
2002.7795 -33.87 18.51 5.20157901666800 9.56946131486452
2002.8068 -33.87 18.51 -5.41504701843686 8.67070425492777
2002.8342 -33.87 18.51 19.88737377111860 8.51701660365572
2002.8616 -33.87 18.51 32.02375650251438 8.08973942470845
2002.8890 -33.87 18.51 23.73412927871208 8.66806887603802
2002.9164 -33.87 18.51 9.02793870423897 8.95687595821470
2003.0260 -33.87 18.51 -1.90132330095490 9.98179984237015
2003.0534 -33.87 18.51 -0.91025793764023 17.56552348981446
2003.0808 -33.87 18.51 25.98713674969671 14.45509046555322
2003.1082 -33.87 18.51 -8.32871160689626 7.98482421606204
2003.1356 -33.87 18.51 -7.35886273305082 7.34751405501887
2003.1630 -33.87 18.51 -8.56886402892530 8.01408290949618
2003.1904 -33.87 18.51 16.86677231899221 9.38551590181176
2003.2178 -33.87 18.51 17.57335605370113 7.91883498267950
2003.2452 -33.87 18.51 7.87399323759187 7.88257492103845
2003.2726 -33.87 18.51 -6.57431355554076 7.66726747004328
2003.3000 -33.87 18.51 20.07752574897993 7.53101333109817
2003.3274 -33.87 18.51 -6.40375289969367 10.13314616480455
2003.3548 -33.87 18.51 11.28073684967679 11.56189387183125
2003.3822 -33.87 18.51 18.99293209160869 9.71007052158488
2003.5192 -33.87 18.51 26.88916673370717 11.32137606223485
2003.5466 -33.87 18.51 21.49758754858419 12.94906020630420
2003.5740 -33.87 18.51 25.07283305621885 15.54971502076526
2003.6014 -33.87 18.51 22.09908594559212 12.98940981861707
2003.6288 -33.87 18.51 4.28113831716858 11.91016093358866
2003.6562 -33.87 18.51 17.79172357187369 13.03226691133883
2003.6836 -33.87 18.51 16.29818712593493 13.11337591373908
2003.7110 -33.87 18.51 16.98718058314557 9.62500042168103
2003.7384 -33.87 18.51 29.82434632757655 12.25702125160258
2003.7658 -33.87 18.51 28.47045302558949 11.14926081170693
2003.7932 -33.87 18.51 22.58882822182280 12.70782337588516
2003.8205 -33.87 18.51 30.30300858701322 13.47351895633247
2003.8479 -33.87 18.51 30.23549574083359 11.33572263558127
2003.8753 -33.87 18.51 32.10435907252627 12.55855980249822
2003.9027 -33.87 18.51 7.18856808909711 10.95934555169851
2003.9301 -33.87 18.51 27.64563584066141 11.74909235477300
2003.9575 -33.87 18.51 9.03485617760713 13.71125228690452
2003.9849 -33.87 18.51 7.34190982163476 12.79328609004306
2004.0123 -33.87 18.51 25.69292638340025 13.74514883207332
2004.0397 -33.87 18.51 2.50900005154458 10.29798301613384
2004.0945 -33.87 18.51 9.83845039637632 9.61262509107798
2004.1219 -33.87 18.51 28.40398001092085 11.23268444592387
2004.1493 -33.87 18.51 15.67756763657628 13.41448743163142
2004.1767 -33.87 18.51 3.47735793295730 14.81062260596483
2004.2041 -33.87 18.51 10.76329091831163 11.56468609995595
2004.2315 -33.87 18.51 8.06001218581428 11.74370105156861
2004.2589 -33.87 18.51 10.46833529939984 12.08790635633499
2004.2863 -33.87 18.51 8.23414387080188 12.16769977769424
2004.3137 -33.87 18.51 -10.85106157705469 11.48141561554049
2004.3411 -33.87 18.51 -8.89597166320255 12.75763897846598
2004.3685 -33.87 18.51 14.66784268944530 11.96115278583512
2004.3959 -33.87 18.51 -9.88103311619385 10.25743617655452
2004.4233 -33.87 18.51 4.11167224362961 9.80266843083533
2004.4507 -33.87 18.51 1.02968739480447 8.78583464974179
2004.4781 -33.87 18.51 -2.17142885906586 9.78333979668485
2004.5055 -33.87 18.51 -35.03739577219999 9.48302272989042
2004.5329 -33.87 18.51 -14.86130655757676 8.84240945546815
2004.5603 -33.87 18.51 0.98846352947627 9.19134713269392
2004.5877 -33.87 18.51 0.06640123803701 9.19901261733991
2004.6151 -33.87 18.51 18.95230946787495 10.20764596885237
2004.6425 -33.87 18.51 -4.48308694643889 8.47749063700166
2004.6699 -33.87 18.51 11.05904961626915 8.45048483915265
2004.6973 -33.87 18.51 -0.13844381112974 7.83650872918713
2004.7247 -33.87 18.51 17.80487339674394 9.18373265865938
2004.7521 -33.87 18.51 -1.41566105215552 8.69345019506388
2004.7795 -33.87 18.51 22.24041626578664 8.56282326381822
2004.8068 -33.87 18.51 20.11062410165330 9.69647413801633
2004.8342 -33.87 18.51 10.12395346089216 9.59846271412763
2004.8616 -33.87 18.51 19.36819738067549 8.23013709590200
2004.8890 -33.87 18.51 -7.24295227761404 8.28255822784261
2004.9164 -33.87 18.51 -9.68247224629346 9.22929897401675
2004.9438 -33.87 18.51 -7.91924718858446 9.92850453697105
2004.9712 -33.87 18.51 2.54681613708853 9.40009879454791
2004.9973 -33.87 18.51 12.27063221455757 8.86852178837141
2005.0233 -33.87 18.51 9.98171099694889 10.80104595275287
2005.0507 -33.87 18.51 21.68477787153038 17.09310715024769
2005.0781 -33.87 18.51 -1.88296257088173 12.39863569032909
2005.1055 -33.87 18.51 6.33248176675359 12.24399246922796
2005.1329 -33.87 18.51 4.08220641313301 12.55795838447541
2005.1603 -33.87 18.51 -13.36146319646656 10.87528565266968
2005.1877 -33.87 18.51 10.39455814907642 10.70445750680509
2005.2151 -33.87 18.51 4.59274650013342 9.81400062508051
2005.2425 -33.87 18.51 -17.23487549917241 9.69157814527972
2005.2699 -33.87 18.51 -0.56696443865110 10.47958210922216
2005.2973 -33.87 18.51 7.76872771052973 11.16219574180840
2005.3247 -33.87 18.51 12.82943087047742 11.78293919563160
2005.3521 -33.87 18.51 -35.10046916042710 4.12172834811322
2005.3795 -33.87 18.51 8.21425599062147 10.92382395304967
2005.4068 -33.87 18.51 -13.89689721285876 9.80500593900596
2005.4342 -33.87 18.51 -5.00691531788154 11.23436657440265
2005.4616 -33.87 18.51 -5.33666774422963 10.32043550950377
2005.4890 -33.87 18.51 3.51760772325558 9.76941630902893
2005.5164 -33.87 18.51 6.45076127400553 9.71048050920533
2005.5438 -33.87 18.51 13.05826437538057 10.77382735691083
2005.5712 -33.87 18.51 16.76006519637403 11.89216834995183
2005.5986 -33.87 18.51 17.26912096094798 12.17569967813533
2005.6260 -33.87 18.51 -5.16905462404987 10.59128565232120
2005.6534 -33.87 18.51 -19.04667869011280 11.34137113394534
2005.6808 -33.87 18.51 10.67368198918633 11.06158008786293
2005.7082 -33.87 18.51 -5.66912049974711 13.87685199101262
2005.7356 -33.87 18.51 24.27140421738790 12.00926595847410
2005.7630 -33.87 18.51 18.83657127993879 12.03186507573016
2005.7904 -33.87 18.51 17.35786372217079 11.08640030355637
2005.8178 -33.87 18.51 32.24799907291970 11.49518606402933
2005.8452 -33.87 18.51 17.40283003226833 12.28770245415995
2005.8726 -33.87 18.51 -1.96132503138389 10.55459097818855
2005.9000 -33.87 18.51 15.15493240821906 10.18509882691018
2005.9274 -33.87 18.51 -12.29305225756896 9.86436431018141
2005.9548 -33.87 18.51 -18.98311881741283 8.43503879061870
2005.9822 -33.87 18.51 -34.27543108220089 9.21544815487409
2006.0096 -33.87 18.51 -37.75967290292543 10.65370851449998
2006.0370 -33.87 18.51 -14.73503493785321 13.84698457102187
2006.0644 -33.87 18.51 -11.10239557509073 13.98339916190813
2006.0918 -33.87 18.51 1.25332125381778 14.12472596121768
2006.1192 -33.87 18.51 4.90241113744606 16.57616018643030
2006.1466 -33.87 18.51 -32.17383064394664 12.58280315395124
2006.1740 -33.87 18.51 -10.40487078402373 14.75256825332524
2006.2014 -33.87 18.51 -22.49608100698645 10.89500054148135
2006.2288 -33.87 18.51 -28.39568800061829 14.86635498286343
2006.2562 -33.87 18.51 -20.87326419428706 14.05713238236235
2006.2836 -33.87 18.51 -25.90224060153708 13.59748050444266
2006.3110 -33.87 18.51 -15.08940658314227 14.64484584620481
2006.3384 -33.87 18.51 -8.74620330673698 13.18834744397766
2006.3658 -33.87 18.51 -8.11679539434564 14.73139031330449
2006.3932 -33.87 18.51 -17.99392559555550 14.41055610234769
2006.4205 -33.87 18.51 -14.54420557341336 14.33974142962742
2006.4479 -33.87 18.51 -23.68460714304653 15.24107296597827
2006.4753 -33.87 18.51 -14.05096823606686 15.90621235027893
2006.5027 -33.87 18.51 -21.80979431003872 16.65429936048279
2006.5301 -33.87 18.51 1.25488581129828 20.34883234634443
2006.5575 -33.87 18.51 11.32221807348908 15.78814012100565
2006.5849 -33.87 18.51 -9.58461145977390 16.30156328199289
2006.6123 -33.87 18.51 -6.92384241831467 21.11911829528411
2006.6397 -33.87 18.51 6.10192660570226 17.43563101733276
2006.6671 -33.87 18.51 17.38607027790336 15.46200572279687
2006.6945 -33.87 18.51 -8.75392604656532 20.38901179531767
2006.7219 -33.87 18.51 12.30123894657790 18.40784125870329
2006.7493 -33.87 18.51 8.54201859360611 22.52137293605037
2006.7767 -33.87 18.51 16.99181129072210 19.61188045389463
2006.8041 -33.87 18.51 5.12574067744100 15.33630523436987
2006.8315 -33.87 18.51 -1.02843361706342 18.31660486597624
2006.8589 -33.87 18.51 5.26791493890475 17.63764277750975
2006.8863 -33.87 18.51 15.88058003652093 16.67853999310335
2006.9137 -33.87 18.51 22.39877862660776 15.94040414392596
2006.9411 -33.87 18.51 19.75207008835748 15.57527983296110
2006.9685 -33.87 18.51 8.50450986553583 15.18314754631909
2006.9959 -33.87 18.51 -8.06092953403889 14.70070937892147
2007.0233 -33.87 18.51 -6.45131108701297 13.31603022701661
2007.0507 -33.87 18.51 7.20823883769368 14.20720674307752
2007.0781 -33.87 18.51 -14.84053160583565 15.21531872757874
2007.1055 -33.87 18.51 -7.41490143361977 13.34421171271952
2007.1329 -33.87 18.51 -35.45973433516413 14.76161019408846
2007.1603 -33.87 18.51 -23.90555172769314 14.04703067463253
2007.1877 -33.87 18.51 -16.44680097076766 19.26547472614765
2007.2151 -33.87 18.51 -12.14610047975624 16.98039546475725
2007.2425 -33.87 18.51 -7.68710584148373 16.25472124969944
2007.2699 -33.87 18.51 -0.44888271012218 12.13637323954914
2007.2973 -33.87 18.51 -11.38620140893801 11.36912991505884
2007.3247 -33.87 18.51 -6.94072953155537 14.62428062887485
2007.3521 -33.87 18.51 -30.25685138423253 16.31554613936550
2007.3795 -33.87 18.51 -12.71246955251698 17.31299663743007
2007.4068 -33.87 18.51 12.56976356567359 13.88932017478423
2007.4342 -33.87 18.51 5.83079594985158 13.10166482290280
2007.4616 -33.87 18.51 -26.37503687185031 18.27692999227856
2007.4890 -33.87 18.51 -1.73871428014109 13.11888674695583
2007.5164 -33.87 18.51 1.73895312365289 14.14227553601292
2007.5438 -33.87 18.51 -7.67587239641638 13.55892559887249
2007.5712 -33.87 18.51 2.01079086905759 13.93404867969300
2007.5986 -33.87 18.51 -5.85443259347272 17.56730071283366
2007.6260 -33.87 18.51 8.23325611337019 13.81306515344949
2007.6534 -33.87 18.51 33.21597607897038 14.11473540170273
2007.6808 -33.87 18.51 -0.12489093507446 14.72496943223945
2007.7082 -33.87 18.51 17.20610427191149 10.06040314508760
2007.7356 -33.87 18.51 24.33994655876401 15.11937372687104
2007.7630 -33.87 18.51 19.51804605293804 10.77390591464228
2007.7904 -33.87 18.51 37.33417738053445 15.09856940908428
2007.8178 -33.87 18.51 14.14583699733193 17.84493388918660
2007.8452 -33.87 18.51 27.50134040590598 13.82338023203226
2007.8726 -33.87 18.51 7.03414176480191 16.38765883968681
2007.9000 -33.87 18.51 32.37397217327988 17.26856777216034
2007.9274 -33.87 18.51 12.73521649368823 17.18448564556545
2007.9548 -33.87 18.51 21.67307747518006 12.53458722146370
2007.9822 -33.87 18.51 18.68355475588649 15.89668313268153
2008.0096 -33.87 18.51 21.68117416314389 13.82695280333787
2008.0370 -33.87 18.51 14.98159152216788 14.48111523258020
2008.0644 -33.87 18.51 -3.22128562060085 17.09663535325888
2008.0918 -33.87 18.51 12.33488276903883 12.87979069583237
2008.1192 -33.87 18.51 -0.00699177720961 15.77437467887288
2008.1466 -33.87 18.51 -10.13426022299871 18.68122760251163
2008.1740 -33.87 18.51 -26.83105953335109 16.09608357451965
2008.2014 -33.87 18.51 -9.70844069685543 17.75157449807555
2008.2288 -33.87 18.51 -36.26348619559859 19.60684300141120
2008.2562 -33.87 18.51 -4.37846238695959 18.64531580248708
2008.2836 -33.87 18.51 -10.64054438746091 22.49573183442665
2008.3110 -33.87 18.51 -6.22275550043797 23.53282442957406
2008.3384 -33.87 18.51 -6.88475752013654 17.25485448630962
2008.3658 -33.87 18.51 0.00030769249813 17.42430695554688
2008.3932 -33.87 18.51 -2.79392455988086 15.42068436081959
2008.4205 -33.87 18.51 3.28209734039277 13.44043027700051
2008.4479 -33.87 18.51 2.59306924123247 13.95352501602909
2008.4753 -33.87 18.51 7.31879409647801 13.37296056145590
2008.5027 -33.87 18.51 -4.31226509812428 16.53892768305598
2008.5301 -33.87 18.51 5.34073300782106 20.46822261645824
2008.5575 -33.87 18.51 18.42527233460727 12.78929881215918
2008.5849 -33.87 18.51 -2.22221564814920 15.36725820863146
2008.6123 -33.87 18.51 -2.22712386291034 12.17051509836210
2008.6397 -33.87 18.51 -3.57692300919817 13.63389020285156
2008.6671 -33.87 18.51 10.71751495671247 12.92925680594194
2008.6945 -33.87 18.51 38.30499172035611 12.44745166739148
2008.7219 -33.87 18.51 14.44926521402358 14.85517423835204
2008.7493 -33.87 18.51 5.43182999520104 13.28405754526660
2008.7767 -33.87 18.51 5.55705156724219 16.03070711088145
2008.8041 -33.87 18.51 1.80988855200287 16.20126449038709
2008.8315 -33.87 18.51 8.72213491324951 18.15211954576399
2008.8589 -33.87 18.51 -11.27175690662843 21.27195846349028
2008.8863 -33.87 18.51 6.41387944246834 20.39210847149227
2008.9137 -33.87 18.51 -7.19501127321575 19.53115598599288
2008.9411 -33.87 18.51 -3.22783316541967 20.09298980805201
2008.9685 -33.87 18.51 5.92499428451121 18.70026666958754
2008.9945 -33.87 18.51 -3.33691248684323 15.91677979854857
2009.0205 -33.87 18.51 -0.84186537781414 15.84328136697340
2009.0479 -33.87 18.51 -20.13581871154853 15.85133735429079
2009.0753 -33.87 18.51 -0.89507220453012 14.89008972087069
2009.1027 -33.87 18.51 -19.53459169433375 19.01238881285767
2009.1301 -33.87 18.51 -6.50776136962449 14.76347780656798
2009.1575 -33.87 18.51 14.94534735231276 14.88249923678460
2009.1849 -33.87 18.51 -0.28624634995388 17.88711380410183
2009.2123 -33.87 18.51 2.59135176953381 14.54703610528971
2009.2397 -33.87 18.51 -27.46012020359049 17.09603843665121
2009.2671 -33.87 18.51 -11.57766760750955 14.11750526937898
2009.2945 -33.87 18.51 -20.00855349408122 14.54729527140122
2009.3219 -33.87 18.51 15.90737064239299 15.12852926155115
2009.3493 -33.87 18.51 -19.26724794040471 13.71968800897645
2009.3767 -33.87 18.51 -4.99229493249371 14.44445458942537
2009.4041 -33.87 18.51 -10.94290802731988 12.40700624657380
2009.4315 -33.87 18.51 -18.62062459225440 14.73622000291399
2009.4589 -33.87 18.51 -32.34343878669502 11.97082848920045
2009.4863 -33.87 18.51 -18.69632731212214 13.31200151054061
2009.5137 -33.87 18.51 -22.18069435305426 12.41105820717735
2009.5411 -33.87 18.51 17.28726078146416 15.65720229833649
2009.5685 -33.87 18.51 12.52597991331653 16.78189493973870
2009.5959 -33.87 18.51 5.93009089674367 14.51676808132957
2009.6233 -33.87 18.51 -7.71383224374672 15.49663401353043
2009.6507 -33.87 18.51 5.29586587395246 14.97280753458979
2009.6781 -33.87 18.51 13.87386864858994 16.28653321686088
2009.7055 -33.87 18.51 6.63461832819601 17.15398751945264
2009.7329 -33.87 18.51 -1.06542183564483 16.34758595897625
2009.7603 -33.87 18.51 1.22659398789460 18.74275442142353
2009.7877 -33.87 18.51 14.53496225503522 17.24135932617324
2009.8151 -33.87 18.51 14.71241204651564 18.76838289631195
2009.8425 -33.87 18.51 10.09819482104230 16.86905539831020
2009.8699 -33.87 18.51 18.05087089640325 16.02481206676256
2009.8973 -33.87 18.51 17.62239929594359 14.88476967045876
2009.9247 -33.87 18.51 18.81467971579420 14.33842320143585
2009.9521 -33.87 18.51 12.20503596690446 13.64527946264900
2009.9795 -33.87 18.51 13.49188287322412 14.02566928497593
2010.0068 -33.87 18.51 3.53764996490971 18.45347307097765
2010.0342 -33.87 18.51 11.80838248145969 13.87913095430193
2010.0616 -33.87 18.51 18.23580338734823 14.33107550827803
2010.0890 -33.87 18.51 33.67997647248006 17.74140010739950
2010.1164 -33.87 18.51 -1.57101541692811 18.33610821260570
2010.1438 -33.87 18.51 5.16521760270173 17.27906248789831
2010.1712 -33.87 18.51 -5.60162388276978 16.47195664642111
2010.1986 -33.87 18.51 -25.54298829311297 15.75162915570704
2010.2260 -33.87 18.51 4.35860500005226 17.29583313954683
2010.2534 -33.87 18.51 -18.43517531527867 17.71622373475353
2010.2808 -33.87 18.51 -3.90596588290961 13.25622819555714
2010.3082 -33.87 18.51 2.35709131587474 14.05701349561074
2010.3356 -33.87 18.51 5.54711085781426 12.32938443549162
2010.3630 -33.87 18.51 -7.90971917103341 13.20258468644151
2010.3904 -33.87 18.51 12.68581813231347 13.16789686594073
2010.4178 -33.87 18.51 -0.98833209410791 14.13114534947159
2010.4452 -33.87 18.51 -24.50056168424545 12.25974246013553
2010.4726 -33.87 18.51 0.80023305009204 10.83619360632966
2010.5000 -33.87 18.51 -0.60982286738975 12.63570108075724
2010.5274 -33.87 18.51 1.95125893386257 21.50654917971981
2010.5548 -33.87 18.51 -9.06504255490706 13.22460659250353
2010.5822 -33.87 18.51 -9.24222265624129 11.80029283271709
2010.6096 -33.87 18.51 -38.32918523212957 15.91053681693261
2010.6370 -33.87 18.51 -25.06421645689387 13.94278003783550
2010.6644 -33.87 18.51 -8.30507260788391 12.92725669031264
2010.6918 -33.87 18.51 -20.70038376684560 16.03313648568570
2010.7192 -33.87 18.51 -13.74781785734478 14.84189399351182
2010.7466 -33.87 18.51 -6.83994246388523 17.61449802561181
2010.7740 -33.87 18.51 5.63919473674639 13.64273822899700
2010.8014 -33.87 18.51 -11.71671756221211 13.09639633666092
2010.8288 -33.87 18.51 4.60221160172984 15.26865899471593
2010.8562 -33.87 18.51 37.93291157069117 14.89695729148606
2010.8836 -33.87 18.51 18.64764134006674 13.49705268811087
2010.9110 -33.87 18.51 3.12043734722882 15.07400383114555
2010.9384 -33.87 18.51 8.86758687102720 15.73822674676732
2010.9658 -33.87 18.51 19.26980197513534 17.47941097334756
2010.9932 -33.87 18.51 1.68403271786705 12.33883267504145
2011.1027 -33.87 18.51 -13.56113662641358 12.39270097377634
2011.1301 -33.87 18.51 -43.15232516703585 20.70228707872126
2011.1575 -33.87 18.51 -35.41096323277716 13.19539138765723
2011.1849 -33.87 18.51 -44.98801962004518 10.01204926231562
2011.2123 -33.87 18.51 -29.89314357316438 17.57281689371430
2011.2397 -33.87 18.51 -53.06505649095629 18.51575700395475
2011.2671 -33.87 18.51 -6.24119068661151 14.54810834370877
2011.2945 -33.87 18.51 -5.87991601319309 17.38640662020846
2011.3219 -33.87 18.51 -36.24642365606465 16.21231942700751
2011.3493 -33.87 18.51 -15.64661749197134 14.24891787712497
2011.3767 -33.87 18.51 -19.87339199198903 17.07463731968791
2011.4041 -33.87 18.51 -26.05348004004011 14.63808311265388
2011.4315 -33.87 18.51 -29.91810376407988 14.28026417556479
2011.5137 -33.87 18.51 -10.80896087039259 13.01808344586957
2011.5411 -33.87 18.51 -17.09750761616440 14.22835772242826
2011.5685 -33.87 18.51 -19.64457330511205 13.69899367294219
2011.5959 -33.87 18.51 -17.31885867426364 14.89985691375259
2011.6233 -33.87 18.51 -28.88163880877483 14.72833202136308
2011.6507 -33.87 18.51 -16.21023973347802 18.11560862377881
2011.6781 -33.87 18.51 4.24458284108091 16.80366729626495
2011.7055 -33.87 18.51 7.46007752048802 16.91297904464318
2011.7329 -33.87 18.51 -17.67529822256051 19.92745967451435
2011.7603 -33.87 18.51 -7.23106899269421 16.86358129861091
2011.7877 -33.87 18.51 13.34129717005393 18.11227830043297
2011.8151 -33.87 18.51 -2.09999386467086 17.66132899839186
2011.8425 -33.87 18.51 25.62344602792065 19.47452215734645
2011.8699 -33.87 18.51 1.87787697673475 17.96827122685847
2011.9521 -33.87 18.51 -9.25305153311503 10.87037583346081
2011.9795 -33.87 18.51 -19.14590640844534 15.24693523550212
2012.0068 -33.87 18.51 -11.81198031350747 14.01864826059099
2012.0342 -33.87 18.51 6.39940283977544 16.95988463144294
2012.0616 -33.87 18.51 -20.40204196510037 14.65271152719735
2012.0890 -33.87 18.51 -12.50811261344272 14.37057294315584
2012.1164 -33.87 18.51 -8.65132030277651 13.94660237504071
2012.1438 -33.87 18.51 -1.87211891158967 14.44876724908817
2012.1712 -33.87 18.51 -11.01487390176701 13.55823502723454
2012.1986 -33.87 18.51 -7.67805722101371 12.20789553493522
2012.2260 -33.87 18.51 -3.42619927959839 12.67230289290308
2012.2534 -33.87 18.51 -4.73613401236828 12.30678194484125
2012.2808 -33.87 18.51 -10.91647644285859 11.42714751490547
2012.3082 -33.87 18.51 -10.90241397019317 12.65069576663762
2012.3904 -33.87 18.51 -14.76197154984357 13.32453747674337
2012.4178 -33.87 18.51 1.32269180648414 10.37351332306238
2012.4452 -33.87 18.51 3.59339259185242 10.18334909600494
2012.4726 -33.87 18.51 -18.07926446406406 11.10917268957683
2012.5000 -33.87 18.51 -7.48412613251593 10.45946795124049
2012.5274 -33.87 18.51 -2.29656825811688 11.22521450221322
2012.5548 -33.87 18.51 -2.56517468338629 11.19838569962968
2012.5822 -33.87 18.51 3.65488000154035 11.99661057738205
2012.6096 -33.87 18.51 13.01811494928584 11.96317874592184
2012.6370 -33.87 18.51 5.22024517805678 10.91967840467645
2012.6644 -33.87 18.51 6.77867907044997 12.09614994024136
2012.6918 -33.87 18.51 17.24338300307781 12.54401060169425
2012.7192 -33.87 18.51 -4.23956809214839 15.50386889447844
2012.7466 -33.87 18.51 4.42305966035542 10.02896677383514
2012.8562 -33.87 18.51 12.14838405456852 15.92855774155588
2012.8836 -33.87 18.51 16.61650463660913 15.08408089703359
2012.9110 -33.87 18.51 -49.29249778944146 14.21167825488325
2012.9384 -33.87 18.51 -19.30547622037832 13.24775085907552
2012.9658 -33.87 18.51 -31.86274725393038 15.50589787193292
2012.9918 -33.87 18.51 -16.02953082848926 7.14732707738101
2013.0178 -33.87 18.51 -25.44773770555785 8.67816459116526
2013.0452 -33.87 18.51 -11.23422456636501 8.58127776741179
2013.0726 -33.87 18.51 -2.78222305510502 7.81452075013048
2013.1000 -33.87 18.51 -8.03597016165171 8.04468046909830
2013.1274 -33.87 18.51 -43.85335947699155 7.33019700261283
2013.1548 -33.87 18.51 -3.01998765573909 6.56232846006498
2013.2644 -33.87 18.51 -13.55257741217521 7.22893185146144
2013.2918 -33.87 18.51 -8.24100477719988 7.59944307172754
2013.3192 -33.87 18.51 -41.29844070186767 8.57326345311199
2013.3466 -33.87 18.51 -16.71811844279379 8.84357338161306
2013.3740 -33.87 18.51 -11.55828465292758 7.40818211559901
2013.4014 -33.87 18.51 -23.72975400461215 7.69151544375171
2013.4288 -33.87 18.51 9.60810154609183 6.57758140144292
2013.4562 -33.87 18.51 -12.52200502908079 6.68059789547951
2013.4836 -33.87 18.51 20.96500986495149 6.92702477294119
2013.5110 -33.87 18.51 6.14017809964679 8.00013036340531
2013.5384 -33.87 18.51 16.41983860434948 7.58804544855680
2013.5658 -33.87 18.51 8.16045503112061 8.13882288208287
2013.7575 -33.87 18.51 7.56392231550250 7.48186616653922
2013.7849 -33.87 18.51 1.21461852120634 7.90352327722243
2013.8123 -33.87 18.51 1.08371716875858 7.16476128479100
2013.8397 -33.87 18.51 20.59636026237234 7.29096410658161
2013.8671 -33.87 18.51 37.65046010520191 7.75324248719286
2013.8945 -33.87 18.51 16.82953802929253 7.24351188387090
2013.9219 -33.87 18.51 9.58898087808200 6.25959201010812
2013.9493 -33.87 18.51 10.75817408623240 6.80955980109674
2013.9767 -33.87 18.51 4.17271264365557 6.76165980036459
2014.0041 -33.87 18.51 9.84218810793780 6.56307227256821
2014.0315 -33.87 18.51 20.13702253851579 6.93848546866641
2014.1685 -33.87 18.51 -0.19061101823000 7.25586906164724
2014.1959 -33.87 18.51 -30.37544473182776 7.74387861534507
2014.2233 -33.87 18.51 -26.34103240448859 7.23882627924669
2014.2507 -33.87 18.51 12.81849170653736 6.54781112850711
2014.2781 -33.87 18.51 -3.97629550241868 7.01203024954607
2014.3055 -33.87 18.51 -13.66702719226504 6.67398003208462
2014.3329 -33.87 18.51 18.89002715076519 5.23765864046908
2014.3603 -33.87 18.51 7.21569692220867 6.16426078156999
2014.3877 -33.87 18.51 4.28962639574394 6.18049657657894
2014.4151 -33.87 18.51 3.39169045522848 6.08638039447622
2014.4425 -33.87 18.51 -8.49135606704825 6.53054919569990
2014.4699 -33.87 18.51 -13.37561824139336 6.38871555614666
2014.5795 -33.87 18.51 -14.85814210412228 5.05514937127901
2014.6068 -33.87 18.51 9.37908211089159 5.55895120938146
2014.6342 -33.87 18.51 -1.11652128797673 4.88454245262126
2014.6616 -33.87 18.51 7.65857700280351 5.67513916456976
2014.6890 -33.87 18.51 12.76741555578251 5.52726672725043
2014.7164 -33.87 18.51 -27.66147003594516 5.39002920835544
2014.7438 -33.87 18.51 -8.86874869321200 5.99840789164749
2014.7712 -33.87 18.51 26.74778574911796 5.92274412934044
2014.7986 -33.87 18.51 16.30111267731711 5.07156936809717
2014.8260 -33.87 18.51 19.47479303225242 5.01880179904148
2014.8534 -33.87 18.51 26.45913914199849 5.36855127482799
2014.8808 -33.87 18.51 11.47655953259538 5.38838387569278
2014.9082 -33.87 18.51 8.23401137157726 5.52250712436057
2015.0452 -33.87 18.51 -15.24407175671934 3.79230615492201
2015.0726 -33.87 18.51 -26.11392569249314 4.30076424502763
2015.1000 -33.87 18.51 -11.02243714264920 3.67772424067107
2015.1274 -33.87 18.51 -10.18065623055655 3.38240355955024
2015.1548 -33.87 18.51 -15.49797053889983 4.12964645248006
2015.1822 -33.87 18.51 13.21599324488865 3.78735123374708
2015.2096 -33.87 18.51 -19.82626191968057 5.58358750182747
2015.2370 -33.87 18.51 -7.36919560928763 6.17915450118661
2015.2644 -33.87 18.51 -4.04101320809243 5.30938038527214
2015.2918 -33.87 18.51 8.86618827261619 5.21045864764268
2015.3192 -33.87 18.51 0.67003777728636 4.99931551013012
2015.3466 -33.87 18.51 4.08246963248277 5.50401535044456
2015.4836 -33.87 18.51 -14.29243644814410 4.46542617739704
2015.5110 -33.87 18.51 -19.66856339710910 4.42590037406328
2015.5384 -33.87 18.51 -16.38735534937463 5.05146806822337
2015.5658 -33.87 18.51 -26.44397253901006 5.41465840365530
2015.5932 -33.87 18.51 3.95219427174207 5.74815079797214
2015.6205 -33.87 18.51 3.53453596599290 5.40403159581737
2015.6479 -33.87 18.51 15.77679071660455 5.28737377800213
2015.6753 -33.87 18.51 16.46094335940104 4.92711807511039
2015.7027 -33.87 18.51 27.29885456315289 5.62880614366435
2015.7301 -33.87 18.51 19.82812967024821 5.51109824066403
2015.9493 -33.87 18.51 9.04359129913411 5.25483970914921
2015.9767 -33.87 18.51 0.35995810333366 5.82567472888766
2016.0041 -33.87 18.51 -16.62974817832796 5.12959168086827
2016.0315 -33.87 18.51 -2.11944502794706 4.86001976021148
2016.0589 -33.87 18.51 -12.50563315490305 4.96146168222472
2016.0863 -33.87 18.51 -2.70230747961170 4.31688480753118
2016.1137 -33.87 18.51 -14.00763131912945 5.07759556658793
2016.1411 -33.87 18.51 -8.30168010566036 6.31819679310408
2016.1685 -33.87 18.51 28.55691003989617 7.01359009575403
2016.1959 -33.87 18.51 2.14592810241028 6.93046588680805
2016.2233 -33.87 18.51 27.42891017856891 7.10501938869565
2016.2507 -33.87 18.51 -15.03155224397294 5.23294650604763
2016.3603 -33.87 18.51 -15.71417032943518 4.92098266351038
2016.3877 -33.87 18.51 0.29207281938206 6.08275421357729
2016.4151 -33.87 18.51 9.42801702468388 5.87578292793359
2016.4425 -33.87 18.51 3.24395569959389 6.48435831386582
2016.4699 -33.87 18.51 -15.15544758994562 6.33122516107610
