2002.5877 45.75 -87.07 39.51070998302344 10.36124434811760
2002.6151 45.75 -87.07 22.78058409123069 10.09452528441847
2002.6425 45.75 -87.07 13.06283503389432 10.30629168196391
2002.6699 45.75 -87.07 36.60530026101095 8.60875281346750
2002.6973 45.75 -87.07 38.18488539271966 14.02447097047833
2002.7247 45.75 -87.07 41.18802790681638 9.83650795626995
2002.7521 45.75 -87.07 12.20719103217074 8.98170298632812
2002.7795 45.75 -87.07 47.14425497158149 10.23975367470332
2002.8068 45.75 -87.07 45.82504184504253 9.34741126418438
2002.8342 45.75 -87.07 37.56240793116403 9.13870381508108
2002.8616 45.75 -87.07 34.87266488254640 8.79871335091488
2002.8890 45.75 -87.07 32.64752566890429 9.31421890980921
2002.9164 45.75 -87.07 31.02952790333285 9.62215746794286
2003.0260 45.75 -87.07 7.98661527706302 10.71868685132928
2003.0534 45.75 -87.07 34.61929753835410 18.86248533686264
2003.0808 45.75 -87.07 -9.60886248392415 15.53158295880231
2003.1082 45.75 -87.07 24.42979425281563 8.61835786099998
2003.1356 45.75 -87.07 1.08712035606181 7.93001960892367
2003.1630 45.75 -87.07 -24.41473642753095 8.61626671534258
2003.1904 45.75 -87.07 -9.15227138738075 10.08177731608432
2003.2178 45.75 -87.07 6.19309890685695 8.49869060573919
2003.2452 45.75 -87.07 19.10227910868790 8.43813037652192
2003.2726 45.75 -87.07 -36.16157344733093 8.21242871608993
2003.3000 45.75 -87.07 -29.25815895261481 8.05682174167621
2003.3274 45.75 -87.07 -17.54567326672083 10.81516522109270
2003.3548 45.75 -87.07 -5.67375962094249 12.29478891057181
2003.3822 45.75 -87.07 13.29634570840233 10.51967021202795
2003.5192 45.75 -87.07 16.36201359081645 12.00595523934274
2003.5466 45.75 -87.07 7.53726790522096 13.69693542592500
2003.5740 45.75 -87.07 14.34123525554962 16.40705664110216
2003.6014 45.75 -87.07 27.38053023581087 13.74574399647570
2003.6288 45.75 -87.07 32.24017978931631 12.64815792210176
2003.6562 45.75 -87.07 6.10245047637008 13.83884594879593
2003.6836 45.75 -87.07 -2.03188692389159 13.87847883840222
2003.7110 45.75 -87.07 22.74278259987671 10.25016636378063
2003.7384 45.75 -87.07 4.50148232473647 12.99525649312671
2003.7658 45.75 -87.07 12.43909379658371 11.82699940471697
2003.7932 45.75 -87.07 -1.65988083134085 13.45645498244320
2003.8205 45.75 -87.07 -1.98370813890326 14.30058914665302
2003.8479 45.75 -87.07 8.33623440332869 12.12694942496438
2003.8753 45.75 -87.07 15.64076937118140 13.31126303227896
2003.9027 45.75 -87.07 27.46727282436802 11.72142292437794
2003.9301 45.75 -87.07 10.12341588263357 12.48717288923315
2003.9575 45.75 -87.07 12.26402131498334 14.48469106739042
2003.9849 45.75 -87.07 22.14226696489594 13.53685882720253
2004.0123 45.75 -87.07 17.04776434444592 14.54261988368660
2004.0397 45.75 -87.07 -10.22269837051688 11.23179688660366
2004.0945 45.75 -87.07 8.83016327544050 10.44993316907488
2004.1219 45.75 -87.07 10.33368146042541 11.96514969514322
2004.1493 45.75 -87.07 27.37118091698790 14.25746900310751
2004.1767 45.75 -87.07 -19.13945216751418 15.63925489494308
2004.2041 45.75 -87.07 -21.02141066277672 12.30458056505782
2004.2315 45.75 -87.07 10.93061470023156 12.49784140666046
2004.2589 45.75 -87.07 29.52185813881425 12.87022904162294
2004.2863 45.75 -87.07 27.29297501172082 12.94720904839496
2004.3137 45.75 -87.07 6.57753282731746 12.23716818528892
2004.3411 45.75 -87.07 12.38082504813816 13.56905735802666
2004.3685 45.75 -87.07 53.31388682341089 12.82197531889195
2004.3959 45.75 -87.07 48.55709239128198 11.06115255230774
2004.4233 45.75 -87.07 45.83523157584102 10.58910102964375
2004.4507 45.75 -87.07 46.35469147863775 9.47043514783335
2004.4781 45.75 -87.07 48.88398776135396 10.52845817642708
2004.5055 45.75 -87.07 60.94237782825100 10.21608544007117
2004.5329 45.75 -87.07 56.79079756315411 9.55644068131282
2004.5603 45.75 -87.07 67.90004329497930 9.91617187921903
2004.5877 45.75 -87.07 69.47618166039611 9.95868292942117
2004.6151 45.75 -87.07 61.31895284766753 11.03277531075648
2004.6425 45.75 -87.07 57.06853924879420 9.20706357875200
2004.6699 45.75 -87.07 46.96593066430778 9.18927452297597
2004.6973 45.75 -87.07 30.49247907773083 8.53942849754639
2004.7247 45.75 -87.07 40.17064153698158 9.97346127611477
2004.7521 45.75 -87.07 30.71558704000307 9.46510827416972
2004.7795 45.75 -87.07 26.29919828243769 9.29454793234772
2004.8068 45.75 -87.07 27.12580800060035 10.47953895967091
2004.8342 45.75 -87.07 35.63993598767539 10.36427526563512
2004.8616 45.75 -87.07 30.72479764044774 8.93769987995509
2004.8890 45.75 -87.07 16.96766864740053 8.96935372966322
2004.9164 45.75 -87.07 13.93529156949256 9.94543699494794
2004.9438 45.75 -87.07 49.11340239104995 10.76333311385112
2004.9712 45.75 -87.07 27.45961283626657 10.07668982871910
2004.9973 45.75 -87.07 38.62810926525167 9.56434530037221
2005.0233 45.75 -87.07 31.43474744968857 11.49122544867665
2005.0507 45.75 -87.07 19.73272350005565 17.90043394337306
2005.0781 45.75 -87.07 27.84648995410135 13.10723681338376
2005.1055 45.75 -87.07 17.43362388895188 12.96141316686896
2005.1329 45.75 -87.07 10.13565375886194 13.29142001509667
2005.1603 45.75 -87.07 49.30206836503969 11.59298219657835
2005.1877 45.75 -87.07 30.22154763815983 11.48534388128878
2005.2151 45.75 -87.07 39.02212256477245 10.59940350803362
2005.2425 45.75 -87.07 4.95151608275980 10.38532899262015
2005.2699 45.75 -87.07 14.60853005281421 11.20682595977707
2005.2973 45.75 -87.07 10.92666463361997 11.92164934879597
2005.3247 45.75 -87.07 -22.12778597646808 12.59132934668527
2005.3521 45.75 -87.07 10.33179484127082 4.47069292859613
2005.3795 45.75 -87.07 40.29946753501066 11.68648947492150
2005.4068 45.75 -87.07 32.05154958106576 10.52911201479149
2005.4342 45.75 -87.07 20.63201619373010 12.07005570976368
2005.4616 45.75 -87.07 9.17233515263610 11.06563813087138
2005.4890 45.75 -87.07 33.95310384920528 10.47153550990639
2005.5164 45.75 -87.07 21.00251051299789 10.40060459308907
2005.5438 45.75 -87.07 19.88832313367592 11.49970067399268
2005.5712 45.75 -87.07 19.76251527054939 12.67340246636267
2005.5986 45.75 -87.07 25.36692284497319 12.96562599387797
2005.6260 45.75 -87.07 26.99680406012609 11.29846003875194
2005.6534 45.75 -87.07 10.76848814991564 12.07933123204797
2005.6808 45.75 -87.07 -24.53171587841180 11.78484268262942
2005.7082 45.75 -87.07 -9.20101522271475 14.71329598273978
2005.7356 45.75 -87.07 -12.54195791126351 12.74885487649922
2005.7630 45.75 -87.07 -29.07027506602268 12.76647438374611
2005.7904 45.75 -87.07 9.91461152572739 11.78937489125335
2005.8178 45.75 -87.07 1.11565421806322 12.20619541491991
2005.8452 45.75 -87.07 -20.14564045635552 13.05638034684277
2005.8726 45.75 -87.07 -19.73761572530321 11.22214419684054
2005.9000 45.75 -87.07 2.09046549393873 10.84923475300394
2005.9274 45.75 -87.07 2.78096977396117 10.73764262819391
2005.9548 45.75 -87.07 0.33330257340833 9.12718956243942
2005.9822 45.75 -87.07 10.33586950868633 9.94759047252390
2006.0096 45.75 -87.07 22.38826112932745 11.40310518801665
2006.0370 45.75 -87.07 14.47840013126753 14.75390395099356
2006.0644 45.75 -87.07 6.15016843352423 14.90463163569125
2006.0918 45.75 -87.07 1.87729302426176 15.01479445644691
2006.1192 45.75 -87.07 -18.22962537457381 17.54758462466956
2006.1466 45.75 -87.07 12.68318032513947 13.36063233812076
2006.1740 45.75 -87.07 -1.80610504361988 15.58684597493613
2006.2014 45.75 -87.07 -1.71673099380126 11.56238144178583
2006.2288 45.75 -87.07 -8.99851338549247 15.67575014415321
2006.2562 45.75 -87.07 -15.24999460272899 14.81257939389008
2006.2836 45.75 -87.07 -26.85686800054468 14.34189047777668
2006.3110 45.75 -87.07 -7.39385239381953 15.41721515439673
2006.3384 45.75 -87.07 -11.70176690075258 13.89396557991418
2006.3658 45.75 -87.07 0.04958100478011 15.51301146817510
2006.3932 45.75 -87.07 13.02516016223675 15.17890729837670
2006.4205 45.75 -87.07 -7.67030144822450 15.12339827667437
2006.4479 45.75 -87.07 17.04513065966901 16.12399577065131
2006.4753 45.75 -87.07 4.91858327516321 16.78089854890277
2006.5027 45.75 -87.07 31.79746855254073 17.53858743412328
2006.5301 45.75 -87.07 6.48034829255733 21.34318959354126
2006.5575 45.75 -87.07 41.44936599721148 16.61250262080566
2006.5849 45.75 -87.07 7.48629786442739 17.13871245972317
2006.6123 45.75 -87.07 -14.88952214114629 22.08745726358370
2006.6397 45.75 -87.07 -3.81925892710934 18.29465928956147
2006.6671 45.75 -87.07 -12.15353294421162 16.27045794367145
2006.6945 45.75 -87.07 -13.78470614986630 21.40828329129987
2006.7219 45.75 -87.07 -11.69094336852253 19.40032271988685
2006.7493 45.75 -87.07 -19.54501321810170 23.70731646347606
2006.7767 45.75 -87.07 -44.07291402047827 20.61537583570953
2006.8041 45.75 -87.07 -5.30707114982974 16.17513733536308
2006.8315 45.75 -87.07 -31.55919608989095 19.27301314051094
2006.8589 45.75 -87.07 -36.51646271591210 18.57904002479587
2006.8863 45.75 -87.07 -41.46855334550087 17.59569136550984
2006.9137 45.75 -87.07 -30.16559465680043 16.87170765345882
2006.9411 45.75 -87.07 -19.26882855354983 16.48999607242639
2006.9685 45.75 -87.07 -1.93848651856075 16.11722029681617
2006.9959 45.75 -87.07 -9.40172302320931 15.65247264064645
2007.0233 45.75 -87.07 -12.81679248994390 14.23041958799436
2007.0507 45.75 -87.07 -7.58263914410347 15.13795138316501
2007.0781 45.75 -87.07 -28.18212439728754 16.11664721044768
2007.1055 45.75 -87.07 -20.28374235884854 14.15456828156248
2007.1329 45.75 -87.07 -30.96418004719267 15.63463548012518
2007.1603 45.75 -87.07 -23.26722611039646 14.87018671228955
2007.1877 45.75 -87.07 -1.17919319437505 20.27928442032767
2007.2151 45.75 -87.07 -50.73900992603989 17.89389625856905
2007.2425 45.75 -87.07 -31.38681828653555 17.11905229092195
2007.2699 45.75 -87.07 -20.08561888340486 12.85614427460937
2007.2973 45.75 -87.07 -11.24081356016842 12.04254047116290
2007.3247 45.75 -87.07 -42.81125286053723 15.43661933899387
2007.3521 45.75 -87.07 -27.18673626113295 17.17400395434913
2007.3795 45.75 -87.07 -39.41723813705446 18.21087744954123
2007.4068 45.75 -87.07 -22.43945659374561 14.65157629303384
2007.4342 45.75 -87.07 0.38557038384979 13.84054948684886
2007.4616 45.75 -87.07 16.43552767896374 19.21716143318794
2007.4890 45.75 -87.07 -33.06434043846721 13.88093385254373
2007.5164 45.75 -87.07 -34.66055593244839 14.91881142986532
2007.5438 45.75 -87.07 -15.38093909424684 14.32126646008754
2007.5712 45.75 -87.07 -18.54765523452525 14.72469473418320
2007.5986 45.75 -87.07 -25.32436584826027 18.52058382805388
2007.6260 45.75 -87.07 -9.91313033609852 14.60406840005907
2007.6534 45.75 -87.07 -28.13355559591032 14.92151206858102
2007.6808 45.75 -87.07 -26.85169143165983 15.59596067344673
2007.7082 45.75 -87.07 -33.47584721927075 10.75291417390336
2007.7356 45.75 -87.07 -60.76331810577720 16.02280799319130
2007.7630 45.75 -87.07 -26.07593059941863 11.52253303516919
2007.7904 45.75 -87.07 -31.25898714629933 15.95456240935292
2007.8178 45.75 -87.07 -41.34109126659708 18.80043069940504
2007.8452 45.75 -87.07 -23.91804773458113 14.61930422388552
2007.8726 45.75 -87.07 -25.04793735831596 17.30341510622666
2007.9000 45.75 -87.07 -40.58315134910622 18.25262796108290
2007.9274 45.75 -87.07 -28.89124837300230 18.10541985023563
2007.9548 45.75 -87.07 -20.03858044798857 13.23173648880339
2007.9822 45.75 -87.07 -31.35549050260679 16.70948872196875
2008.0096 45.75 -87.07 -29.10423749979403 14.54338200381982
2008.0370 45.75 -87.07 -24.24742739242827 15.20010083828146
2008.0644 45.75 -87.07 -21.35834714890687 17.91461689287453
2008.0918 45.75 -87.07 -30.30737558695144 13.57548856441560
2008.1192 45.75 -87.07 -30.05479556765421 16.53997574714083
2008.1466 45.75 -87.07 -16.95443557001954 19.56042955202044
2008.1740 45.75 -87.07 -26.35930326995933 16.87266061930855
2008.2014 45.75 -87.07 -49.29548317379087 18.57570671360824
2008.2288 45.75 -87.07 -71.14036715114109 20.61819380914212
2008.2562 45.75 -87.07 -57.76003943873850 19.55006376290835
2008.2836 45.75 -87.07 -28.63603761417290 23.56703175157841
2008.3110 45.75 -87.07 -4.61876993303862 24.64720111510011
2008.3384 45.75 -87.07 -0.28682940808045 18.09469100397982
2008.3658 45.75 -87.07 -1.60398137557650 18.29705689038267
2008.3932 45.75 -87.07 -21.60511819803394 16.25135298206168
2008.4205 45.75 -87.07 -1.39833651241686 14.20361677870325
2008.4479 45.75 -87.07 17.61202434295180 14.69453348492792
2008.4753 45.75 -87.07 8.44645805108949 14.10121584223877
2008.5027 45.75 -87.07 11.67497736769758 17.45046622413168
2008.5301 45.75 -87.07 16.14446503161014 21.58626121542933
2008.5575 45.75 -87.07 14.56261303845566 13.60091231867078
2008.5849 45.75 -87.07 16.97090236298115 16.18477349896271
2008.6123 45.75 -87.07 31.43528508346780 12.90318856788675
2008.6397 45.75 -87.07 15.41562588016734 14.40764826392058
2008.6671 45.75 -87.07 23.80110494123451 13.68840634582583
2008.6945 45.75 -87.07 2.03463665333141 13.17203680467817
2008.7219 45.75 -87.07 0.93920854745792 15.64007222578521
2008.7493 45.75 -87.07 -8.11566654036652 13.99010358726833
2008.7767 45.75 -87.07 -14.12236015732165 16.81300273945538
2008.8041 45.75 -87.07 -27.87985407729172 16.97002063238321
2008.8315 45.75 -87.07 -47.11706109260827 19.02604505262415
2008.8589 45.75 -87.07 -29.60123186836797 22.26119059350517
2008.8863 45.75 -87.07 -32.61020752405888 21.34708047405629
2008.9137 45.75 -87.07 -25.67882466357860 20.41686117566643
2008.9411 45.75 -87.07 -39.47788031392503 21.04298137755783
2008.9685 45.75 -87.07 -31.49908670026037 19.63391612247320
2008.9945 45.75 -87.07 -31.97644891592787 16.64893126575187
2009.0205 45.75 -87.07 -10.05130216275110 16.53781250307380
2009.0479 45.75 -87.07 -23.97108970558048 16.54464991247526
2009.0753 45.75 -87.07 -25.01782320160062 15.58504276573744
2009.1027 45.75 -87.07 -14.60983792575518 19.82656170356172
2009.1301 45.75 -87.07 -16.65508133404092 15.44051645885134
2009.1575 45.75 -87.07 -1.23236335924251 15.59000359233206
2009.1849 45.75 -87.07 0.99428294343394 18.65316675089139
2009.2123 45.75 -87.07 -5.27989505578901 15.28002815010448
2009.2397 45.75 -87.07 -10.74392212185427 17.86483578372244
2009.2671 45.75 -87.07 -21.17495461129146 14.76841192912391
2009.2945 45.75 -87.07 -33.18177742532941 15.21978660656782
2009.3219 45.75 -87.07 -2.77053436053960 15.84051912670072
2009.3493 45.75 -87.07 -5.71589645340540 14.39444052366762
2009.3767 45.75 -87.07 5.67625587828221 15.16687889446634
2009.4041 45.75 -87.07 -1.60772578330068 13.06644563140312
2009.4315 45.75 -87.07 17.18048140359011 15.46060929363703
2009.4589 45.75 -87.07 -0.49412696238870 12.65438484623773
2009.4863 45.75 -87.07 6.96998055919744 14.08137050380981
2009.5137 45.75 -87.07 1.29526166215876 13.18588932335455
2009.5411 45.75 -87.07 6.00220909750593 16.54748247864069
2009.5685 45.75 -87.07 32.45246079038429 17.77075807720466
2009.5959 45.75 -87.07 17.57711874585511 15.39348735133439
2009.6233 45.75 -87.07 16.05993647003292 16.35637712085758
2009.6507 45.75 -87.07 15.72309547792519 15.78493590254429
2009.6781 45.75 -87.07 19.20555142826169 17.10698762199973
2009.7055 45.75 -87.07 6.50072017188996 17.98570941697518
2009.7329 45.75 -87.07 -12.22948663894268 17.15658034304446
2009.7603 45.75 -87.07 13.22025721733141 19.64552956031931
2009.7877 45.75 -87.07 12.48491582019845 18.06839754055079
2009.8151 45.75 -87.07 -0.72162555796150 19.63453443528323
2009.8425 45.75 -87.07 -8.99997177195721 17.66573449883400
2009.8699 45.75 -87.07 5.83131864220089 16.78770681055792
2009.8973 45.75 -87.07 -0.97110188826412 15.60375006483749
2009.9247 45.75 -87.07 -13.10393853198148 15.11727865629984
2009.9521 45.75 -87.07 -4.36139080224743 14.33773140869455
2009.9795 45.75 -87.07 -20.03189349766905 14.75178418749596
2010.0068 45.75 -87.07 13.27501340781951 19.27863434008469
2010.0342 45.75 -87.07 17.43013078146665 14.56870494496774
2010.0616 45.75 -87.07 5.73161597181718 15.05820139561455
2010.0890 45.75 -87.07 16.14968590092262 18.52688207391619
2010.1164 45.75 -87.07 -8.92696234681336 19.16092825540568
2010.1438 45.75 -87.07 12.28634457601820 18.10827308996106
2010.1712 45.75 -87.07 -50.19888628367035 17.26378802340627
2010.1986 45.75 -87.07 -34.82411608690451 16.52105626276684
2010.2260 45.75 -87.07 -29.46609573342434 18.15966040981863
2010.2534 45.75 -87.07 -50.65408859953655 18.64629292169808
2010.2808 45.75 -87.07 -46.36155869283743 13.99739636080221
2010.3082 45.75 -87.07 -26.26921987700348 14.82741288278817
2010.3356 45.75 -87.07 -49.07401579585454 13.08623553550003
2010.3630 45.75 -87.07 -19.80506607306248 14.05403228334904
2010.3904 45.75 -87.07 -25.93781947979552 14.18557378681395
2010.4178 45.75 -87.07 -24.19973843841785 15.05693223584871
2010.4452 45.75 -87.07 -7.70675094639266 13.05939575680700
2010.4726 45.75 -87.07 -11.71725027830096 11.57666461137507
2010.5000 45.75 -87.07 -4.97773369044954 13.42347091445787
2010.5274 45.75 -87.07 11.83502288707758 22.51665177818330
2010.5548 45.75 -87.07 -0.98194178128342 13.91145684678558
2010.5822 45.75 -87.07 -12.25250501312422 12.43016431969871
2010.6096 45.75 -87.07 -17.29025448068433 16.68414854649226
2010.6370 45.75 -87.07 4.81975572575991 14.64199069215051
2010.6644 45.75 -87.07 4.95141616255780 13.58226615917932
2010.6918 45.75 -87.07 -20.87462942953622 16.79878534020014
2010.7192 45.75 -87.07 -28.43789089431526 15.56608642475518
2010.7466 45.75 -87.07 29.73313467120803 18.46266214955995
2010.7740 45.75 -87.07 -2.95244431700747 14.36130493198559
2010.8014 45.75 -87.07 -15.65886798410955 13.77121925161352
2010.8288 45.75 -87.07 -9.38043685250962 16.02550432241923
2010.8562 45.75 -87.07 -22.51567671898349 15.64732099026234
2010.8836 45.75 -87.07 -31.37827293047006 14.22558795414639
2010.9110 45.75 -87.07 -38.07454702722367 15.85784124656222
2010.9384 45.75 -87.07 -18.28961314057538 16.55510569557796
2010.9658 45.75 -87.07 -17.54223851420456 18.40013632954038
2010.9932 45.75 -87.07 -7.11910861743688 13.34826096145379
2011.1027 45.75 -87.07 -31.74526067756311 13.37181184994170
2011.1301 45.75 -87.07 -22.05090154947821 21.85920938710736
2011.1575 45.75 -87.07 -11.56134508639806 14.00636955800613
2011.1849 45.75 -87.07 -28.50570271965021 10.69923541552762
2011.2123 45.75 -87.07 -65.71295889334868 18.53629524458182
2011.2397 45.75 -87.07 -42.95714549792157 19.49861834555096
2011.2671 45.75 -87.07 -47.35125696857911 15.37934785444778
2011.2945 45.75 -87.07 -32.16331595355219 18.31383277892146
2011.3219 45.75 -87.07 -40.34512915418178 17.07629716990232
2011.3493 45.75 -87.07 -48.04648135704531 15.04121422946267
2011.3767 45.75 -87.07 -32.16000775472411 17.97601047905009
2011.4041 45.75 -87.07 -1.87049502882369 15.47308661894514
2011.4315 45.75 -87.07 -12.77545152108586 15.19357684077776
2011.5137 45.75 -87.07 10.98268749404779 13.87065883807386
2011.5411 45.75 -87.07 -3.31634643756264 15.07662623180108
2011.5685 45.75 -87.07 -4.15362282660382 14.54870848794007
2011.5959 45.75 -87.07 5.48604962597787 15.78965038291675
2011.6233 45.75 -87.07 -1.62548305822621 15.64630315484700
2011.6507 45.75 -87.07 -48.61917260715329 19.14114022345605
2011.6781 45.75 -87.07 -35.84291694000319 17.74093354856189
2011.7055 45.75 -87.07 -45.02614589670034 17.83350046513558
2011.7329 45.75 -87.07 -15.84679723626517 20.96555823882166
2011.7603 45.75 -87.07 -30.55982247101920 17.76172762250905
2011.7877 45.75 -87.07 -22.84560599053193 19.03907667771863
2011.8151 45.75 -87.07 -22.54486672055747 18.57929316871157
2011.8425 45.75 -87.07 -31.77963344105725 20.42373693643400
2011.8699 45.75 -87.07 -5.18976087696702 18.85839658626050
2011.9521 45.75 -87.07 -13.36213449096820 11.61550212015727
2011.9795 45.75 -87.07 -30.81449122600319 16.02298227538114
2012.0068 45.75 -87.07 -14.05442005815773 14.73535330435523
2012.0342 45.75 -87.07 -36.39490890351468 17.82708794266215
2012.0616 45.75 -87.07 -31.17387295005643 15.41207812288123
2012.0890 45.75 -87.07 -28.73394523678447 15.14255997630767
2012.1164 45.75 -87.07 -28.14475185971446 14.70525152464189
2012.1438 45.75 -87.07 -14.49383037767323 15.23984623627105
2012.1712 45.75 -87.07 -5.40452511548632 14.32451068524132
2012.1986 45.75 -87.07 -20.33559145424475 12.84304088303387
2012.2260 45.75 -87.07 -40.75592033013996 13.29068408127845
2012.2534 45.75 -87.07 -59.15813327811784 12.89672608005017
2012.2808 45.75 -87.07 -53.25455584997093 11.95715666008980
2012.3082 45.75 -87.07 -29.76400999093772 13.73132984247829
2012.3904 45.75 -87.07 -43.40313941045427 14.06957070322468
2012.4178 45.75 -87.07 -20.74994021672333 10.83344237280806
2012.4452 45.75 -87.07 -39.78558672901278 10.64905465133946
2012.4726 45.75 -87.07 -24.02780611119126 11.62699637201938
2012.5000 45.75 -87.07 -21.10976091800014 10.95526293135581
2012.5274 45.75 -87.07 -31.30816702170096 11.74284032019985
2012.5548 45.75 -87.07 -21.73042193382107 11.75141349587719
2012.5822 45.75 -87.07 -18.15408687159776 12.59929283984158
2012.6096 45.75 -87.07 -15.64342509591373 12.57706023783491
2012.6370 45.75 -87.07 -18.95786153684750 11.46710499669285
2012.6644 45.75 -87.07 -34.15740725076236 12.71537390056054
2012.6918 45.75 -87.07 -27.98242939592435 13.17191609346770
2012.7192 45.75 -87.07 -17.78739889248527 16.27935562103224
2012.7466 45.75 -87.07 -25.77923573377409 10.78714801022550
2012.8562 45.75 -87.07 -31.02965384774109 16.72345104112344
2012.8836 45.75 -87.07 -63.16561215700241 15.81159298700972
2012.9110 45.75 -87.07 -27.75982361782693 14.92082514566929
2012.9384 45.75 -87.07 -81.33593784602550 14.04368542765204
2012.9658 45.75 -87.07 -61.93956134444636 16.25765454683338
2012.9918 45.75 -87.07 -73.25236330046123 7.53879891329188
2013.0178 45.75 -87.07 -54.07957818565767 9.13070984138940
2013.0452 45.75 -87.07 -56.40495674388282 9.04306273681138
2013.0726 45.75 -87.07 -70.95299949935396 8.24268968434386
2013.1000 45.75 -87.07 -60.31447221043287 8.48214609305307
2013.1274 45.75 -87.07 -63.76408580792209 7.75140953592976
2013.1548 45.75 -87.07 -60.28095856271047 6.98052007050947
2013.2644 45.75 -87.07 -57.15990961449801 8.07962549552702
2013.2918 45.75 -87.07 -83.88532056747812 8.03332149131446
2013.3192 45.75 -87.07 -16.95411791679193 9.02947588433828
2013.3466 45.75 -87.07 -42.60800160194338 9.30658848497823
2013.3740 45.75 -87.07 -37.50701570534281 7.80308759243015
2013.4014 45.75 -87.07 -15.90738674230242 8.10135416744548
2013.4288 45.75 -87.07 -10.93717369250896 6.95299475948656
2013.4562 45.75 -87.07 -3.38018954970335 7.07406307516359
2013.4836 45.75 -87.07 -23.69446366930999 7.31795617205874
2013.5110 45.75 -87.07 1.62892463045763 8.43012159852890
2013.5384 45.75 -87.07 5.06905024239803 8.08645291106890
2013.5658 45.75 -87.07 8.82814006634781 8.58993784808663
2013.7575 45.75 -87.07 -7.02387089065856 8.01152828371481
2013.7849 45.75 -87.07 -23.29178571387376 8.41950259004237
2013.8123 45.75 -87.07 -4.08976914772522 7.65155371332804
2013.8397 45.75 -87.07 -3.14188476504052 7.79131719645963
2013.8671 45.75 -87.07 -22.68957823026861 8.30167945986269
2013.8945 45.75 -87.07 -3.44082308941309 7.77431470738333
2013.9219 45.75 -87.07 -28.23890834243927 6.73957826064579
2013.9493 45.75 -87.07 -9.44909215099921 7.33803363916621
2013.9767 45.75 -87.07 1.52281368610005 7.29160091206001
2014.0041 45.75 -87.07 8.60472277826910 7.07190255451924
2014.0315 45.75 -87.07 -10.87093728086940 7.49367566988535
2014.1685 45.75 -87.07 12.45327546763651 7.77838075004719
2014.1959 45.75 -87.07 21.68908300557244 8.17618687098565
2014.2233 45.75 -87.07 3.71169225912902 7.65146521078739
2014.2507 45.75 -87.07 21.44391352489992 6.89782583964691
2014.2781 45.75 -87.07 18.77678737454948 7.37379265043459
2014.3055 45.75 -87.07 -10.54577575833072 7.01375813314597
2014.3329 45.75 -87.07 14.11145954408652 5.53112732516861
2014.3603 45.75 -87.07 5.29256234762000 6.49108532669355
2014.3877 45.75 -87.07 6.82857075387243 6.51131882986073
2014.4151 45.75 -87.07 22.08035050680273 6.43180708243795
2014.4425 45.75 -87.07 41.66285251154648 6.90682750292268
2014.4699 45.75 -87.07 62.79957814601212 6.78004652306511
2014.5795 45.75 -87.07 23.61965920756007 5.38810377467853
2014.6068 45.75 -87.07 32.91484190271025 5.94512540518438
2014.6342 45.75 -87.07 41.86486702316260 5.23949228476195
2014.6616 45.75 -87.07 30.95848557773239 6.05800318409443
2014.6890 45.75 -87.07 53.69994861529617 5.89275922394032
2014.7164 45.75 -87.07 35.97615569487871 5.74825114968985
2014.7438 45.75 -87.07 30.12688888310976 6.38621660056933
2014.7712 45.75 -87.07 38.04597365058657 6.31235766480733
2014.7986 45.75 -87.07 45.83140988076036 5.42729310425014
2014.8260 45.75 -87.07 32.64295266458551 5.37771717284223
2014.8534 45.75 -87.07 50.96091725014259 5.75274298762109
2014.8808 45.75 -87.07 34.34696848381888 5.77261129428797
2014.9082 45.75 -87.07 59.36542360213075 5.90769997586156
2015.0452 45.75 -87.07 49.27082134266312 4.09741421147734
2015.0726 45.75 -87.07 66.95440133098506 4.70752382402893
2015.1000 45.75 -87.07 50.44198044814524 3.98416636036577
2015.1274 45.75 -87.07 26.29690819959401 3.66873775714456
2015.1548 45.75 -87.07 30.69453264564030 4.52814369495295
2015.1822 45.75 -87.07 32.51699365205902 4.13171069040604
2015.2096 45.75 -87.07 11.29558125567430 6.04395386448242
2015.2370 45.75 -87.07 33.05375291554612 6.54396137657031
2015.2644 45.75 -87.07 91.06058019636156 5.63271601768010
2015.2918 45.75 -87.07 47.54108921355606 5.53687724117993
2015.3192 45.75 -87.07 23.98640283536272 5.31290784393407
2015.3466 45.75 -87.07 19.82217611296013 5.86232729288965
2015.4836 45.75 -87.07 51.76281437327167 4.87638443829048
2015.5110 45.75 -87.07 34.46989846949922 4.79918633858967
2015.5384 45.75 -87.07 71.17368533713748 5.48032379817977
2015.5658 45.75 -87.07 60.83845987462107 5.82095612537821
2015.5932 45.75 -87.07 57.51428148195334 6.16606780358887
2015.6205 45.75 -87.07 48.28724837376034 5.81045610545943
2015.6479 45.75 -87.07 53.61852827018789 5.68077414800116
2015.6753 45.75 -87.07 45.27274119223195 5.31770581510156
2015.7027 45.75 -87.07 59.71830733508223 6.04521229448314
2015.7301 45.75 -87.07 38.30061819808427 5.92795097552656
2015.9493 45.75 -87.07 57.97469975500952 5.64435294519394
2015.9767 45.75 -87.07 40.75352998824097 6.23288262356415
2016.0041 45.75 -87.07 55.61799864836944 5.50552390614345
2016.0315 45.75 -87.07 70.92014475634613 5.23279190932146
2016.0589 45.75 -87.07 50.37733869836480 5.35037239445536
2016.0863 45.75 -87.07 67.55382502978463 4.64419088380302
2016.1137 45.75 -87.07 52.94072547787002 5.47782835381074
2016.1411 45.75 -87.07 18.13235492935015 6.77259540204193
2016.1685 45.75 -87.07 37.70715677067473 7.45791868153241
2016.1959 45.75 -87.07 50.98278461555896 7.32409246253649
2016.2233 45.75 -87.07 59.71458679544990 7.45682620298361
2016.2507 45.75 -87.07 38.41255346039434 5.62133172099962
2016.3603 45.75 -87.07 36.21967504167688 5.27200855315588
2016.3877 45.75 -87.07 35.62796143562847 6.50717430827853
2016.4151 45.75 -87.07 38.25785086424597 6.30417444759483
2016.4425 45.75 -87.07 65.37790638164509 6.94171460243975
2016.4699 45.75 -87.07 58.16145300767989 6.78353671530180
