2002.5877 -34.98 -67.70 -0.317 -0.165 -7.453 0.113 0.094 0.509
2002.6151 -34.98 -67.70 -0.280 -1.037 -9.152 0.108 0.090 0.487
2002.6425 -34.98 -67.70 -0.564 -0.090 -10.646 0.110 0.092 0.496
2002.6699 -34.98 -67.70 -0.675 -0.441 -8.010 0.096 0.079 0.434
2002.6973 -34.98 -67.70 -1.427 -0.758 -8.893 0.163 0.072 0.611
2002.7247 -34.98 -67.70 -1.228 -0.749 -10.866 0.102 0.086 0.460
2002.7521 -34.98 -67.70 -1.090 -0.400 -9.991 0.095 0.080 0.429
2002.7795 -34.98 -67.70 -1.579 -0.554 -7.270 0.110 0.093 0.499
2002.8068 -34.98 -67.70 -1.442 -0.617 -7.417 0.098 0.082 0.442
2002.8342 -34.98 -67.70 -1.204 -0.637 -10.076 0.097 0.081 0.437
2002.8616 -34.98 -67.70 -1.024 -0.526 -6.648 0.100 0.072 0.431
2002.8890 -34.98 -67.70 -1.076 -0.185 -8.519 0.098 0.082 0.442
2002.9164 -34.98 -67.70 -1.041 -0.574 -7.365 0.105 0.086 0.472
2003.0260 -34.98 -67.70 -0.662 0.368 -6.319 0.119 0.098 0.536
2003.0534 -34.98 -67.70 -0.358 0.113 -4.733 0.193 0.161 0.853
2003.0808 -34.98 -67.70 -0.600 0.228 -4.643 0.173 0.137 0.762
2003.1082 -34.98 -67.70 -0.646 0.603 -4.774 0.101 0.081 0.455
2003.1356 -34.98 -67.70 -0.337 0.241 -4.634 0.094 0.075 0.424
2003.1630 -34.98 -67.70 0.161 0.364 -4.982 0.099 0.080 0.449
2003.1904 -34.98 -67.70 0.437 0.160 -6.834 0.116 0.092 0.520
2003.2178 -34.98 -67.70 0.236 -0.128 -5.193 0.098 0.079 0.443
2003.2452 -34.98 -67.70 0.230 0.147 -4.314 0.096 0.079 0.433
2003.2726 -34.98 -67.70 0.110 0.380 -6.016 0.093 0.077 0.423
2003.3000 -34.98 -67.70 0.432 0.644 -6.839 0.091 0.075 0.414
2003.3274 -34.98 -67.70 0.432 0.596 -4.940 0.118 0.099 0.533
2003.3548 -34.98 -67.70 0.515 0.473 -5.270 0.129 0.110 0.580
2003.3822 -34.98 -67.70 0.223 0.867 -4.887 0.118 0.095 0.528
2003.5192 -34.98 -67.70 -0.163 0.327 -5.190 0.123 0.106 0.553
2003.5466 -34.98 -67.70 -0.411 0.265 -5.336 0.135 0.119 0.609
2003.5740 -34.98 -67.70 -0.257 -0.274 -5.056 0.157 0.139 0.705
2003.6014 -34.98 -67.70 -0.521 -0.111 -3.632 0.136 0.118 0.609
2003.6288 -34.98 -67.70 -0.641 -0.133 -3.661 0.129 0.111 0.579
2003.6562 -34.98 -67.70 -0.519 -0.516 -3.097 0.138 0.119 0.618
2003.6836 -34.98 -67.70 -0.760 -0.572 -4.342 0.136 0.119 0.610
2003.7110 -34.98 -67.70 -0.686 -0.343 -4.380 0.108 0.091 0.483
2003.7384 -34.98 -67.70 -0.869 0.052 -4.726 0.129 0.112 0.579
2003.7658 -34.98 -67.70 -0.906 -0.279 -5.479 0.119 0.102 0.534
2003.7932 -34.98 -67.70 -1.024 -0.097 -6.462 0.133 0.115 0.593
2003.8205 -34.98 -67.70 -0.942 -0.588 -4.686 0.143 0.120 0.634
2003.8479 -34.98 -67.70 -1.065 -0.645 -4.782 0.127 0.102 0.556
2003.8753 -34.98 -67.70 -1.205 -0.489 -4.525 0.132 0.113 0.589
2003.9027 -34.98 -67.70 -1.231 -0.141 -3.250 0.122 0.100 0.539
2003.9301 -34.98 -67.70 -1.112 -0.067 -4.753 0.127 0.105 0.560
2003.9575 -34.98 -67.70 -0.788 -0.238 -2.244 0.141 0.120 0.626
2003.9849 -34.98 -67.70 -1.075 -0.041 -1.872 0.134 0.113 0.593
2004.0123 -34.98 -67.70 -0.704 -0.213 -2.767 0.144 0.120 0.635
2004.0397 -34.98 -67.70 -0.493 -0.239 0.300 0.123 0.096 0.539
2004.0945 -34.98 -67.70 -0.201 0.059 -2.611 0.115 0.089 0.504
2004.1219 -34.98 -67.70 -0.174 0.127 -2.599 0.122 0.099 0.534
2004.1493 -34.98 -67.70 -0.089 0.355 -2.093 0.143 0.116 0.624
2004.1767 -34.98 -67.70 -0.101 0.325 -0.176 0.152 0.125 0.663
2004.2041 -34.98 -67.70 -0.028 0.505 -1.656 0.125 0.100 0.544
2004.2315 -34.98 -67.70 0.094 0.125 -3.436 0.127 0.101 0.551
2004.2589 -34.98 -67.70 0.127 -0.071 -3.408 0.131 0.104 0.568
2004.2863 -34.98 -67.70 0.206 -0.055 -3.172 0.132 0.104 0.570
2004.3137 -34.98 -67.70 -0.050 -0.418 -5.198 0.125 0.099 0.542
2004.3411 -34.98 -67.70 -0.216 0.053 -5.502 0.137 0.108 0.591
2004.3685 -34.98 -67.70 -0.206 -0.222 -5.415 0.133 0.103 0.573
2004.3959 -34.98 -67.70 -0.137 -0.323 -5.580 0.117 0.090 0.507
2004.4233 -34.98 -67.70 -0.105 -0.774 -6.233 0.112 0.086 0.487
2004.4507 -34.98 -67.70 -0.323 -0.076 -4.084 0.100 0.077 0.434
2004.4781 -34.98 -67.70 -0.540 0.221 -2.023 0.110 0.084 0.474
2004.5055 -34.98 -67.70 -0.682 0.434 -3.443 0.107 0.082 0.464
2004.5329 -34.98 -67.70 -0.760 -0.011 -4.391 0.102 0.078 0.440
2004.5603 -34.98 -67.70 -0.886 0.280 -3.988 0.104 0.080 0.451
2004.5877 -34.98 -67.70 -0.869 0.060 -6.982 0.106 0.080 0.456
2004.6151 -34.98 -67.70 -0.860 0.420 -6.229 0.116 0.088 0.500
2004.6425 -34.98 -67.70 -0.957 0.252 -7.066 0.099 0.076 0.432
2004.6699 -34.98 -67.70 -0.924 -0.131 -6.462 0.099 0.076 0.433
2004.6973 -34.98 -67.70 -0.955 -0.424 -7.760 0.093 0.071 0.409
2004.7247 -34.98 -67.70 -0.966 -0.717 -7.458 0.107 0.081 0.463
2004.7521 -34.98 -67.70 -0.870 -0.909 -5.402 0.103 0.078 0.447
2004.7795 -34.98 -67.70 -1.127 -0.678 -4.566 0.100 0.076 0.434
2004.8068 -34.98 -67.70 -1.235 -0.433 -5.494 0.110 0.084 0.476
2004.8342 -34.98 -67.70 -1.438 -0.552 -4.823 0.109 0.083 0.469
2004.8616 -34.98 -67.70 -1.269 0.138 -3.888 0.097 0.074 0.422
2004.8890 -34.98 -67.70 -1.139 -0.267 -5.406 0.096 0.074 0.421
2004.9164 -34.98 -67.70 -1.021 -0.328 -3.994 0.105 0.081 0.455
2004.9438 -34.98 -67.70 -1.001 -0.238 -4.708 0.116 0.089 0.506
2004.9712 -34.98 -67.70 -0.876 0.313 -3.965 0.105 0.081 0.455
2004.9973 -34.98 -67.70 -0.823 0.633 -2.335 0.102 0.079 0.444
2005.0233 -34.98 -67.70 -0.590 0.655 -2.288 0.117 0.092 0.506
2005.0507 -34.98 -67.70 -0.754 0.562 -2.038 0.169 0.140 0.734
2005.0781 -34.98 -67.70 -0.242 0.806 -1.581 0.130 0.105 0.563
2005.1055 -34.98 -67.70 -0.221 0.568 -1.845 0.129 0.104 0.560
2005.1329 -34.98 -67.70 -0.230 0.648 -1.592 0.132 0.107 0.575
2005.1603 -34.98 -67.70 -0.302 0.315 -2.337 0.119 0.095 0.517
2005.1877 -34.98 -67.70 -0.108 0.622 -0.565 0.120 0.093 0.519
2005.2151 -34.98 -67.70 0.109 0.322 -2.181 0.113 0.088 0.492
2005.2425 -34.98 -67.70 0.224 0.197 -3.225 0.109 0.086 0.477
2005.2699 -34.98 -67.70 0.255 0.446 -2.261 0.116 0.093 0.507
2005.2973 -34.98 -67.70 0.002 0.538 -1.430 0.122 0.098 0.534
2005.3247 -34.98 -67.70 0.422 0.175 -1.211 0.129 0.103 0.562
2005.3521 -34.98 -67.70 0.164 0.073 -1.684 0.057 0.045 0.271
2005.3795 -34.98 -67.70 0.119 0.523 -3.471 0.121 0.097 0.530
2005.4068 -34.98 -67.70 0.162 0.200 -4.012 0.111 0.089 0.489
2005.4342 -34.98 -67.70 -0.221 0.216 -3.482 0.128 0.102 0.560
2005.4616 -34.98 -67.70 0.009 -0.022 -4.532 0.116 0.093 0.509
2005.4890 -34.98 -67.70 -0.477 -0.071 -3.845 0.110 0.088 0.484
2005.5164 -34.98 -67.70 -0.680 -0.073 -4.968 0.109 0.088 0.483
2005.5438 -34.98 -67.70 -0.634 0.020 -5.400 0.118 0.097 0.522
2005.5712 -34.98 -67.70 -0.636 -0.147 -5.033 0.129 0.106 0.566
2005.5986 -34.98 -67.70 -0.816 -0.585 -5.960 0.131 0.108 0.579
2005.6260 -34.98 -67.70 -1.038 -0.857 -6.496 0.117 0.096 0.515
2005.6534 -34.98 -67.70 -1.101 -0.895 -6.424 0.123 0.101 0.542
2005.6808 -34.98 -67.70 -1.179 -1.120 -8.354 0.120 0.100 0.533
2005.7082 -34.98 -67.70 -0.899 -1.338 -7.190 0.145 0.122 0.640
2005.7356 -34.98 -67.70 -1.120 -1.098 -6.073 0.127 0.107 0.566
2005.7630 -34.98 -67.70 -1.126 -0.777 -6.314 0.128 0.108 0.568
2005.7904 -34.98 -67.70 -0.992 -1.293 -6.748 0.120 0.101 0.535
2005.8178 -34.98 -67.70 -1.144 -0.898 -5.365 0.123 0.104 0.548
2005.8452 -34.98 -67.70 -0.962 -1.215 -5.260 0.132 0.112 0.588
2005.8726 -34.98 -67.70 -0.747 -0.758 -5.215 0.115 0.097 0.512
2005.9000 -34.98 -67.70 -0.963 -0.416 -6.065 0.112 0.094 0.500
2005.9274 -34.98 -67.70 -0.698 -0.631 -5.464 0.118 0.092 0.519
2005.9548 -34.98 -67.70 -0.920 -0.669 -4.217 0.115 0.090 0.528
2005.9822 -34.98 -67.70 -0.748 -0.715 -3.496 0.111 0.089 0.497
2006.0096 -34.98 -67.70 -0.456 -0.229 -2.908 0.120 0.099 0.535
2006.0370 -34.98 -67.70 -0.513 -0.031 -3.547 0.151 0.126 0.668
2006.0644 -34.98 -67.70 -0.417 -0.480 -3.570 0.153 0.129 0.680
2006.0918 -34.98 -67.70 -0.044 -0.136 -2.261 0.152 0.129 0.675
2006.1192 -34.98 -67.70 -0.092 -0.304 -1.670 0.171 0.148 0.760
2006.1466 -34.98 -67.70 0.046 -0.510 -1.555 0.135 0.116 0.604
2006.1740 -34.98 -67.70 -0.085 -0.236 -1.317 0.151 0.131 0.673
2006.2014 -34.98 -67.70 0.177 0.172 -1.024 0.118 0.101 0.529
2006.2288 -34.98 -67.70 0.246 -0.106 -1.562 0.151 0.133 0.679
2006.2562 -34.98 -67.70 0.266 0.146 -0.715 0.142 0.125 0.637
2006.2836 -34.98 -67.70 0.484 0.222 -3.162 0.139 0.123 0.625
2006.3110 -34.98 -67.70 0.191 0.052 -1.917 0.148 0.131 0.667
2006.3384 -34.98 -67.70 0.184 0.247 -2.291 0.134 0.119 0.606
2006.3658 -34.98 -67.70 0.095 0.132 -2.340 0.149 0.132 0.670
2006.3932 -34.98 -67.70 0.050 0.182 -0.574 0.147 0.130 0.660
2006.4205 -34.98 -67.70 -0.043 0.187 -1.710 0.147 0.130 0.663
2006.4479 -34.98 -67.70 -0.077 -0.631 -3.686 0.162 0.139 0.723
2006.4753 -34.98 -67.70 -0.315 -0.546 -4.181 0.164 0.144 0.736
2006.5027 -34.98 -67.70 -0.275 -0.596 -4.323 0.170 0.151 0.764
2006.5301 -34.98 -67.70 -0.424 -1.079 -4.292 0.201 0.181 0.904
2006.5575 -34.98 -67.70 -0.688 -1.143 -3.806 0.160 0.143 0.723
2006.5849 -34.98 -67.70 -0.439 -1.391 -4.096 0.165 0.147 0.743
2006.6123 -34.98 -67.70 -0.585 -1.511 -3.988 0.202 0.184 0.910
2006.6397 -34.98 -67.70 -0.838 -1.301 -3.582 0.172 0.155 0.774
2006.6671 -34.98 -67.70 -0.857 -1.086 -3.531 0.157 0.140 0.705
2006.6945 -34.98 -67.70 -1.164 -1.210 -0.701 0.199 0.179 0.895
2006.7219 -34.98 -67.70 -0.872 -0.783 -3.587 0.188 0.166 0.842
2006.7493 -34.98 -67.70 -1.034 -0.817 -2.112 0.223 0.199 0.998
2006.7767 -34.98 -67.70 -1.231 -0.571 -3.250 0.193 0.173 0.868
2006.8041 -34.98 -67.70 -1.096 -0.618 -3.242 0.156 0.139 0.703
2006.8315 -34.98 -67.70 -1.145 -0.481 -2.131 0.181 0.162 0.814
2006.8589 -34.98 -67.70 -0.989 -0.708 -3.639 0.177 0.157 0.793
2006.8863 -34.98 -67.70 -0.955 -0.565 -4.763 0.170 0.150 0.761
2006.9137 -34.98 -67.70 -0.619 -0.808 -3.971 0.165 0.144 0.739
2006.9411 -34.98 -67.70 -0.405 -0.638 -1.955 0.162 0.142 0.727
2006.9685 -34.98 -67.70 -0.550 -0.246 -2.458 0.162 0.139 0.723
2006.9959 -34.98 -67.70 -0.457 -0.182 -1.643 0.162 0.136 0.718
2007.0233 -34.98 -67.70 -0.102 -0.229 -2.781 0.150 0.125 0.668
2007.0507 -34.98 -67.70 -0.021 -0.286 -0.012 0.157 0.131 0.696
2007.0781 -34.98 -67.70 0.079 -0.353 -0.927 0.160 0.139 0.717
2007.1055 -34.98 -67.70 0.144 -0.170 -1.439 0.143 0.124 0.642
2007.1329 -34.98 -67.70 0.322 -0.303 -0.972 0.156 0.135 0.699
2007.1603 -34.98 -67.70 0.162 0.449 -3.618 0.148 0.129 0.666
2007.1877 -34.98 -67.70 0.422 0.248 -1.303 0.191 0.170 0.855
2007.2151 -34.98 -67.70 0.301 0.453 -0.880 0.170 0.151 0.764
2007.2425 -34.98 -67.70 0.466 0.808 -4.195 0.164 0.145 0.735
2007.2699 -34.98 -67.70 0.506 0.567 -3.077 0.131 0.113 0.590
2007.2973 -34.98 -67.70 0.422 0.988 -5.959 0.124 0.107 0.557
2007.3247 -34.98 -67.70 0.423 0.258 -4.666 0.151 0.133 0.677
2007.3521 -34.98 -67.70 0.494 0.581 -4.958 0.164 0.147 0.740
2007.3795 -34.98 -67.70 0.490 0.417 -6.036 0.172 0.154 0.776
2007.4068 -34.98 -67.70 0.519 0.132 -2.751 0.144 0.127 0.650
2007.4342 -34.98 -67.70 0.280 -0.098 -2.405 0.138 0.121 0.622
2007.4616 -34.98 -67.70 0.573 -0.168 -2.027 0.180 0.162 0.810
2007.4890 -34.98 -67.70 -0.035 -0.214 -2.566 0.139 0.121 0.625
2007.5164 -34.98 -67.70 -0.108 0.005 -1.609 0.147 0.129 0.660
2007.5438 -34.98 -67.70 -0.069 0.072 -2.910 0.142 0.125 0.640
2007.5712 -34.98 -67.70 -0.132 -0.189 -2.931 0.146 0.128 0.657
2007.5986 -34.98 -67.70 -0.225 0.075 -2.364 0.179 0.158 0.801
2007.6260 -34.98 -67.70 -0.599 -0.283 -2.177 0.146 0.127 0.657
2007.6534 -34.98 -67.70 -0.512 0.179 -4.211 0.149 0.129 0.667
2007.6808 -34.98 -67.70 -0.630 -0.090 -3.511 0.156 0.135 0.701
2007.7082 -34.98 -67.70 -0.866 0.093 -2.149 0.117 0.097 0.525
2007.7356 -34.98 -67.70 -0.816 0.212 -4.653 0.161 0.139 0.718
2007.7630 -34.98 -67.70 -0.749 -0.294 -3.538 0.125 0.103 0.559
2007.7904 -34.98 -67.70 -0.789 0.025 -5.027 0.158 0.138 0.707
2007.8178 -34.98 -67.70 -0.675 -0.185 -4.012 0.181 0.160 0.812
2007.8452 -34.98 -67.70 -0.493 -0.162 -2.275 0.148 0.129 0.666
2007.8726 -34.98 -67.70 -0.525 -0.104 -4.215 0.172 0.150 0.772
2007.9000 -34.98 -67.70 -0.233 -0.171 -3.316 0.184 0.155 0.814
2007.9274 -34.98 -67.70 -0.733 -0.184 -2.336 0.178 0.157 0.802
2007.9548 -34.98 -67.70 -0.217 -0.375 -1.384 0.134 0.117 0.607
2007.9822 -34.98 -67.70 -0.277 -0.323 -1.803 0.165 0.146 0.742
2008.0096 -34.98 -67.70 -0.080 -0.464 2.729 0.145 0.128 0.653
2008.0370 -34.98 -67.70 0.073 -0.014 1.267 0.149 0.133 0.672
2008.0644 -34.98 -67.70 0.127 0.163 0.803 0.171 0.154 0.771
2008.0918 -34.98 -67.70 0.348 0.351 -1.095 0.138 0.121 0.623
2008.1192 -34.98 -67.70 0.564 0.442 -2.255 0.161 0.144 0.727
2008.1466 -34.98 -67.70 0.917 0.615 -0.728 0.186 0.168 0.842
2008.1740 -34.98 -67.70 0.621 0.390 -2.875 0.163 0.147 0.739
2008.2014 -34.98 -67.70 0.813 0.194 -3.410 0.175 0.158 0.789
2008.2288 -34.98 -67.70 1.057 0.273 -3.694 0.205 0.181 0.922
2008.2562 -34.98 -67.70 1.004 0.033 -2.983 0.190 0.170 0.859
2008.2836 -34.98 -67.70 0.773 0.027 -0.674 0.229 0.205 1.030
2008.3110 -34.98 -67.70 0.720 -0.103 -0.217 0.236 0.212 1.061
2008.3384 -34.98 -67.70 0.849 0.066 -0.344 0.175 0.156 0.788
2008.3658 -34.98 -67.70 0.632 -0.366 -1.148 0.179 0.159 0.804
2008.3932 -34.98 -67.70 0.516 -0.523 -2.211 0.163 0.143 0.734
2008.4205 -34.98 -67.70 0.578 -0.717 -2.648 0.143 0.124 0.642
2008.4479 -34.98 -67.70 0.294 -0.775 -0.992 0.145 0.127 0.651
2008.4753 -34.98 -67.70 0.252 -0.402 -0.274 0.141 0.123 0.632
2008.5027 -34.98 -67.70 0.117 -0.321 -1.252 0.172 0.150 0.770
2008.5301 -34.98 -67.70 -0.129 -0.173 -3.609 0.214 0.187 0.954
2008.5575 -34.98 -67.70 -0.045 -0.258 -2.600 0.140 0.119 0.626
2008.5849 -34.98 -67.70 -0.182 -0.343 -3.153 0.157 0.138 0.704
2008.6123 -34.98 -67.70 -0.190 -0.686 -4.308 0.132 0.113 0.592
2008.6397 -34.98 -67.70 -0.288 -0.671 -4.379 0.145 0.125 0.647
2008.6671 -34.98 -67.70 -0.462 -0.786 -4.743 0.139 0.119 0.622
2008.6945 -34.98 -67.70 -0.602 -0.742 -3.926 0.135 0.115 0.602
2008.7219 -34.98 -67.70 -0.612 -1.231 -4.558 0.154 0.135 0.690
2008.7493 -34.98 -67.70 -0.836 -0.600 -3.032 0.140 0.122 0.627
2008.7767 -34.98 -67.70 -0.595 -1.036 -3.649 0.162 0.144 0.728
2008.8041 -34.98 -67.70 -0.683 -0.881 -3.161 0.163 0.145 0.733
2008.8315 -34.98 -67.70 -0.689 -0.677 -2.769 0.184 0.164 0.828
2008.8589 -34.98 -67.70 -0.420 -0.706 -3.747 0.214 0.192 0.965
2008.8863 -34.98 -67.70 -0.485 -0.469 -0.349 0.206 0.184 0.927
2008.9137 -34.98 -67.70 -0.332 -0.511 -2.092 0.196 0.176 0.883
2008.9411 -34.98 -67.70 -0.192 -0.552 -2.190 0.205 0.184 0.926
2008.9685 -34.98 -67.70 -0.022 -0.280 0.667 0.192 0.171 0.866
2008.9945 -34.98 -67.70 0.067 0.173 -0.070 0.162 0.146 0.734
2009.0205 -34.98 -67.70 0.177 0.119 -1.551 0.159 0.144 0.722
2009.0479 -34.98 -67.70 0.122 -0.035 -0.674 0.160 0.144 0.724
2009.0753 -34.98 -67.70 0.121 0.112 0.938 0.154 0.138 0.696
2009.1027 -34.98 -67.70 0.367 0.075 1.402 0.191 0.173 0.862
2009.1301 -34.98 -67.70 0.645 -0.068 -0.013 0.152 0.136 0.690
2009.1575 -34.98 -67.70 0.431 -0.047 -1.263 0.155 0.138 0.703
2009.1849 -34.98 -67.70 0.579 -0.067 0.391 0.177 0.161 0.802
2009.2123 -34.98 -67.70 0.641 -0.145 0.583 0.154 0.134 0.691
2009.2397 -34.98 -67.70 0.640 -0.093 1.220 0.173 0.156 0.781
2009.2671 -34.98 -67.70 0.591 -0.267 0.539 0.145 0.130 0.656
2009.2945 -34.98 -67.70 0.611 -0.800 -0.037 0.148 0.133 0.671
2009.3219 -34.98 -67.70 0.746 -0.708 0.992 0.155 0.138 0.700
2009.3493 -34.98 -67.70 0.371 -0.691 4.572 0.143 0.126 0.644
2009.3767 -34.98 -67.70 0.194 -0.269 1.800 0.150 0.132 0.676
2009.4041 -34.98 -67.70 0.079 -0.317 2.917 0.133 0.116 0.598
2009.4315 -34.98 -67.70 0.135 -0.151 3.498 0.152 0.134 0.683
2009.4589 -34.98 -67.70 0.194 -0.054 2.361 0.129 0.112 0.582
2009.4863 -34.98 -67.70 0.068 0.074 0.736 0.143 0.123 0.639
2009.5137 -34.98 -67.70 0.018 -0.546 0.482 0.137 0.115 0.613
2009.5411 -34.98 -67.70 -0.250 -0.348 0.031 0.168 0.144 0.751
2009.5685 -34.98 -67.70 -0.199 -0.709 -1.049 0.181 0.155 0.807
2009.5959 -34.98 -67.70 -0.487 -0.614 0.339 0.159 0.135 0.709
2009.6233 -34.98 -67.70 -0.204 -1.072 -0.928 0.164 0.142 0.732
2009.6507 -34.98 -67.70 -0.507 -1.596 -2.728 0.158 0.137 0.706
2009.6781 -34.98 -67.70 -0.492 -1.512 -2.873 0.168 0.148 0.754
2009.7055 -34.98 -67.70 -0.607 -1.511 -1.852 0.174 0.154 0.780
2009.7329 -34.98 -67.70 -0.459 -1.372 -2.264 0.168 0.148 0.754
2009.7603 -34.98 -67.70 -0.738 -1.160 -0.771 0.191 0.170 0.859
2009.7877 -34.98 -67.70 -0.478 -0.844 -1.108 0.176 0.156 0.793
2009.8151 -34.98 -67.70 -0.652 -1.129 -1.001 0.189 0.169 0.849
2009.8425 -34.98 -67.70 -0.617 -0.651 -0.559 0.172 0.153 0.774
2009.8699 -34.98 -67.70 -0.659 -0.653 -0.681 0.164 0.146 0.741
2009.8973 -34.98 -67.70 -0.795 -0.336 -0.467 0.154 0.136 0.694
2009.9247 -34.98 -67.70 -0.681 0.232 -1.790 0.155 0.133 0.694
2009.9521 -34.98 -67.70 -0.335 -0.064 0.505 0.144 0.127 0.650
2009.9795 -34.98 -67.70 -0.133 0.102 -0.332 0.148 0.130 0.669
2010.0068 -34.98 -67.70 0.055 0.036 0.125 0.186 0.167 0.839
2010.0342 -34.98 -67.70 0.238 0.018 -0.512 0.146 0.129 0.660
2010.0616 -34.98 -67.70 0.190 0.171 0.860 0.150 0.132 0.675
2010.0890 -34.98 -67.70 -0.004 0.169 -2.921 0.178 0.160 0.803
2010.1164 -34.98 -67.70 0.133 0.412 -1.440 0.184 0.165 0.828
2010.1438 -34.98 -67.70 0.379 0.825 -1.790 0.178 0.158 0.800
2010.1712 -34.98 -67.70 0.778 0.318 3.023 0.170 0.150 0.766
2010.1986 -34.98 -67.70 0.661 0.469 5.255 0.163 0.144 0.734
2010.2260 -34.98 -67.70 0.648 0.318 3.524 0.178 0.157 0.800
2010.2534 -34.98 -67.70 0.966 0.361 2.845 0.184 0.162 0.826
2010.2808 -34.98 -67.70 0.899 0.652 2.921 0.143 0.123 0.641
2010.3082 -34.98 -67.70 1.347 0.590 3.604 0.149 0.129 0.669
2010.3356 -34.98 -67.70 1.000 0.567 2.638 0.137 0.116 0.615
2010.3630 -34.98 -67.70 0.919 0.761 3.167 0.146 0.123 0.652
2010.3904 -34.98 -67.70 0.918 0.825 2.107 0.152 0.120 0.663
2010.4178 -34.98 -67.70 0.743 0.598 3.460 0.155 0.131 0.691
2010.4452 -34.98 -67.70 0.428 1.163 5.624 0.138 0.116 0.618
2010.4726 -34.98 -67.70 0.184 0.760 4.625 0.125 0.104 0.560
2010.5000 -34.98 -67.70 0.130 0.726 6.466 0.140 0.119 0.626
2010.5274 -34.98 -67.70 0.372 0.313 2.354 0.213 0.190 0.954
2010.5548 -34.98 -67.70 0.247 0.178 2.711 0.138 0.121 0.622
2010.5822 -34.98 -67.70 -0.037 -0.120 2.557 0.125 0.109 0.565
2010.6096 -34.98 -67.70 -0.222 -0.197 3.565 0.160 0.142 0.718
2010.6370 -34.98 -67.70 -0.252 -0.279 5.065 0.143 0.127 0.646
2010.6644 -34.98 -67.70 -0.562 0.022 5.284 0.135 0.119 0.608
2010.6918 -34.98 -67.70 -0.577 -0.313 3.575 0.160 0.144 0.722
2010.7192 -34.98 -67.70 -0.456 0.096 5.561 0.149 0.133 0.674
2010.7466 -34.98 -67.70 -0.728 0.103 3.507 0.172 0.155 0.775
2010.7740 -34.98 -67.70 -0.379 0.102 3.024 0.142 0.126 0.642
2010.8014 -34.98 -67.70 -0.399 0.228 2.467 0.135 0.120 0.611
2010.8288 -34.98 -67.70 -0.325 0.152 3.579 0.153 0.137 0.691
2010.8562 -34.98 -67.70 -0.318 0.189 2.998 0.151 0.134 0.680
2010.8836 -34.98 -67.70 -0.493 0.188 3.731 0.141 0.124 0.635
2010.9110 -34.98 -67.70 -0.484 -0.015 3.440 0.153 0.136 0.689
2010.9384 -34.98 -67.70 -0.210 0.367 4.149 0.159 0.141 0.713
2010.9658 -34.98 -67.70 -0.533 0.109 3.979 0.174 0.155 0.779
2010.9932 -34.98 -67.70 -0.215 -0.073 5.053 0.154 0.097 0.632
2011.1027 -34.98 -67.70 0.158 0.287 7.546 0.149 0.116 0.653
2011.1301 -34.98 -67.70 0.862 0.410 5.933 0.208 0.183 0.928
2011.1575 -34.98 -67.70 0.930 0.527 5.382 0.142 0.122 0.637
2011.1849 -34.98 -67.70 0.902 0.515 3.724 0.116 0.096 0.520
2011.2123 -34.98 -67.70 1.037 0.798 4.851 0.177 0.156 0.793
2011.2397 -34.98 -67.70 1.062 0.738 4.036 0.183 0.163 0.821
2011.2671 -34.98 -67.70 1.042 0.689 4.403 0.150 0.132 0.674
2011.2945 -34.98 -67.70 1.162 0.327 5.796 0.173 0.154 0.775
2011.3219 -34.98 -67.70 0.823 0.445 6.015 0.162 0.145 0.728
2011.3493 -34.98 -67.70 1.025 0.662 5.260 0.147 0.130 0.660
2011.3767 -34.98 -67.70 0.903 0.647 3.045 0.170 0.152 0.763
2011.4041 -34.98 -67.70 0.779 0.575 2.264 0.152 0.133 0.681
2011.4315 -34.98 -67.70 0.522 0.438 2.072 0.161 0.129 0.706
2011.5137 -34.98 -67.70 0.513 0.113 6.951 0.144 0.120 0.641
2011.5411 -34.98 -67.70 0.715 -0.017 7.781 0.149 0.130 0.668
2011.5685 -34.98 -67.70 0.188 0.173 7.044 0.147 0.126 0.657
2011.5959 -34.98 -67.70 0.214 -0.118 6.557 0.156 0.135 0.698
2011.6233 -34.98 -67.70 -0.072 -0.471 5.891 0.157 0.135 0.702
2011.6507 -34.98 -67.70 -0.081 -0.168 5.798 0.182 0.160 0.813
2011.6781 -34.98 -67.70 -0.071 -0.404 4.030 0.169 0.149 0.756
2011.7055 -34.98 -67.70 -0.407 -0.077 4.276 0.169 0.150 0.756
2011.7329 -34.98 -67.70 -0.346 -0.318 5.292 0.193 0.173 0.867
2011.7603 -34.98 -67.70 -0.305 -0.520 3.470 0.167 0.149 0.750
2011.7877 -34.98 -67.70 -0.389 -0.391 4.150 0.177 0.159 0.795
2011.8151 -34.98 -67.70 -0.332 -0.024 6.991 0.174 0.155 0.782
2011.8425 -34.98 -67.70 -0.131 -0.396 4.333 0.188 0.169 0.841
2011.8699 -34.98 -67.70 -0.340 -0.507 3.570 0.185 0.159 0.820
2011.9521 -34.98 -67.70 -0.248 0.035 6.965 0.133 0.094 0.566
2011.9795 -34.98 -67.70 -0.056 -0.025 6.801 0.154 0.133 0.683
2012.0068 -34.98 -67.70 0.166 0.162 8.038 0.144 0.123 0.639
2012.0342 -34.98 -67.70 0.148 0.663 8.424 0.171 0.145 0.754
2012.0616 -34.98 -67.70 0.364 0.239 8.388 0.150 0.127 0.662
2012.0890 -34.98 -67.70 0.724 0.266 7.565 0.149 0.124 0.654
2012.1164 -34.98 -67.70 0.363 0.255 8.400 0.147 0.120 0.643
2012.1438 -34.98 -67.70 0.537 0.492 6.742 0.152 0.124 0.662
2012.1712 -34.98 -67.70 0.822 0.276 7.508 0.147 0.117 0.639
2012.1986 -34.98 -67.70 0.755 0.586 7.174 0.133 0.106 0.581
2012.2260 -34.98 -67.70 0.690 0.349 5.764 0.135 0.108 0.588
2012.2534 -34.98 -67.70 0.687 0.384 7.302 0.131 0.105 0.571
2012.2808 -34.98 -67.70 0.922 0.237 5.340 0.122 0.098 0.534
2012.3082 -34.98 -67.70 0.861 0.313 3.696 0.156 0.096 0.634
2012.3904 -34.98 -67.70 0.749 0.074 7.053 0.155 0.117 0.671
2012.4178 -34.98 -67.70 0.744 0.108 5.803 0.113 0.090 0.494
2012.4452 -34.98 -67.70 0.570 0.206 6.469 0.112 0.089 0.490
2012.4726 -34.98 -67.70 0.495 0.121 5.918 0.120 0.096 0.525
2012.5000 -34.98 -67.70 0.411 0.124 6.251 0.115 0.091 0.502
2012.5274 -34.98 -67.70 0.229 0.019 6.312 0.122 0.097 0.531
2012.5548 -34.98 -67.70 0.172 0.097 6.934 0.122 0.097 0.530
2012.5822 -34.98 -67.70 0.091 0.081 7.348 0.128 0.103 0.557
2012.6096 -34.98 -67.70 0.307 0.160 6.072 0.126 0.102 0.550
2012.6370 -34.98 -67.70 -0.137 0.224 5.572 0.116 0.095 0.511
2012.6644 -34.98 -67.70 -0.160 0.020 5.113 0.126 0.104 0.555
2012.6918 -34.98 -67.70 -0.193 -0.109 4.613 0.129 0.109 0.571
2012.7192 -34.98 -67.70 0.010 -0.140 4.391 0.153 0.132 0.678
2012.7466 -34.98 -67.70 -0.055 -0.526 3.326 0.122 0.085 0.517
2012.8562 -34.98 -67.70 -0.163 0.545 2.975 0.161 0.138 0.712
2012.8836 -34.98 -67.70 -0.338 0.263 5.517 0.148 0.132 0.666
2012.9110 -34.98 -67.70 -0.106 0.321 4.627 0.141 0.125 0.633
2012.9384 -34.98 -67.70 -0.102 0.795 2.792 0.138 0.119 0.618
2012.9658 -34.98 -67.70 -0.359 0.701 6.255 0.150 0.135 0.677
2012.9918 -34.98 -67.70 -0.260 0.391 6.021 0.077 0.067 0.353
2013.0178 -34.98 -67.70 0.207 0.342 6.072 0.089 0.079 0.407
2013.0452 -34.98 -67.70 0.547 0.187 7.179 0.089 0.078 0.406
2013.0726 -34.98 -67.70 0.621 0.348 6.331 0.082 0.072 0.377
2013.1000 -34.98 -67.70 0.683 0.834 7.166 0.085 0.074 0.386
2013.1274 -34.98 -67.70 0.661 0.560 7.622 0.079 0.068 0.361
2013.1548 -34.98 -67.70 0.946 0.822 6.457 0.077 0.062 0.347
2013.2644 -34.98 -67.70 1.092 0.293 4.942 0.095 0.044 0.368
2013.2918 -34.98 -67.70 0.971 0.638 5.855 0.081 0.070 0.370
2013.3192 -34.98 -67.70 0.965 0.405 4.252 0.089 0.078 0.405
2013.3466 -34.98 -67.70 0.807 0.564 4.655 0.091 0.081 0.415
2013.3740 -34.98 -67.70 0.954 0.506 4.700 0.078 0.069 0.361
2013.4014 -34.98 -67.70 0.811 0.630 5.694 0.081 0.071 0.371
2013.4288 -34.98 -67.70 0.581 0.398 4.870 0.072 0.063 0.333
2013.4562 -34.98 -67.70 0.596 0.358 5.218 0.074 0.063 0.338
2013.4836 -34.98 -67.70 0.630 0.806 6.159 0.075 0.065 0.345
2013.5110 -34.98 -67.70 0.335 0.666 6.108 0.084 0.074 0.383
2013.5384 -34.98 -67.70 0.266 0.639 5.419 0.084 0.070 0.377
2013.5658 -34.98 -67.70 0.367 0.835 5.754 0.086 0.075 0.393
2013.7575 -34.98 -67.70 -0.509 -0.283 3.597 0.084 0.070 0.378
2013.7849 -34.98 -67.70 -0.384 -0.262 4.589 0.086 0.073 0.387
2013.8123 -34.98 -67.70 -0.315 0.430 2.199 0.079 0.066 0.356
2013.8397 -34.98 -67.70 -0.003 -0.267 4.139 0.079 0.067 0.360
2013.8671 -34.98 -67.70 -0.164 -0.162 5.028 0.085 0.071 0.384
2013.8945 -34.98 -67.70 -0.029 0.170 4.676 0.079 0.066 0.357
2013.9219 -34.98 -67.70 0.125 0.402 6.125 0.071 0.059 0.324
2013.9493 -34.98 -67.70 0.150 0.645 8.768 0.075 0.063 0.340
2013.9767 -34.98 -67.70 0.319 0.830 6.684 0.076 0.063 0.346
2014.0041 -34.98 -67.70 0.421 0.367 8.224 0.074 0.061 0.335
2014.0315 -34.98 -67.70 0.553 0.333 7.813 0.076 0.063 0.345
2014.1685 -34.98 -67.70 1.324 0.404 6.890 0.081 0.067 0.366
2014.1959 -34.98 -67.70 1.594 0.206 5.108 0.081 0.071 0.370
2014.2233 -34.98 -67.70 1.375 0.433 6.980 0.077 0.067 0.353
2014.2507 -34.98 -67.70 1.227 0.553 6.192 0.071 0.061 0.326
2014.2781 -34.98 -67.70 1.008 0.966 3.202 0.075 0.065 0.344
2014.3055 -34.98 -67.70 1.023 0.755 4.710 0.072 0.062 0.331
2014.3329 -34.98 -67.70 0.885 0.751 4.492 0.060 0.051 0.279
2014.3603 -34.98 -67.70 0.793 0.706 3.856 0.067 0.058 0.311
2014.3877 -34.98 -67.70 0.858 0.986 5.581 0.067 0.058 0.312
2014.4151 -34.98 -67.70 0.785 0.498 4.306 0.067 0.057 0.310
2014.4425 -34.98 -67.70 0.822 0.281 3.926 0.071 0.061 0.327
2014.4699 -34.98 -67.70 0.729 0.164 3.494 0.071 0.060 0.325
2014.5795 -34.98 -67.70 0.239 0.301 3.749 0.065 0.049 0.295
2014.6068 -34.98 -67.70 0.125 0.283 3.448 0.063 0.052 0.290
2014.6342 -34.98 -67.70 0.126 0.095 1.647 0.058 0.047 0.268
2014.6616 -34.98 -67.70 -0.184 -0.196 3.629 0.064 0.053 0.294
2014.6890 -34.98 -67.70 -0.285 -0.018 1.970 0.062 0.052 0.287
2014.7164 -34.98 -67.70 -0.443 -0.081 3.821 0.061 0.051 0.282
2014.7438 -34.98 -67.70 -0.538 -0.284 5.331 0.066 0.056 0.302
2014.7712 -34.98 -67.70 -0.606 -0.230 3.634 0.065 0.055 0.299
2014.7986 -34.98 -67.70 -0.466 0.277 3.522 0.059 0.048 0.270
2014.8260 -34.98 -67.70 -0.380 -0.100 4.488 0.058 0.048 0.269
2014.8534 -34.98 -67.70 -0.544 -0.188 2.023 0.062 0.050 0.283
2014.8808 -34.98 -67.70 0.069 -0.082 4.136 0.062 0.051 0.283
2014.9082 -34.98 -67.70 -0.202 0.246 4.387 0.063 0.052 0.288
2015.0452 -34.98 -67.70 0.511 0.992 4.917 0.049 0.037 0.226
2015.0726 -34.98 -67.70 0.861 0.785 6.585 0.052 0.038 0.237
2015.1000 -34.98 -67.70 0.720 0.311 5.358 0.047 0.036 0.219
2015.1274 -34.98 -67.70 0.805 0.579 6.270 0.044 0.033 0.206
2015.1548 -34.98 -67.70 0.822 0.825 5.046 0.051 0.037 0.229
2015.1822 -34.98 -67.70 1.189 0.678 5.145 0.048 0.035 0.220
2015.2096 -34.98 -67.70 0.997 0.020 6.711 0.062 0.048 0.278
2015.2370 -34.98 -67.70 1.335 0.534 6.350 0.067 0.055 0.304
2015.2644 -34.98 -67.70 1.392 0.468 6.442 0.059 0.049 0.273
2015.2918 -34.98 -67.70 1.285 0.362 4.207 0.060 0.050 0.276
2015.3192 -34.98 -67.70 1.435 0.357 5.249 0.057 0.048 0.267
2015.3466 -34.98 -67.70 1.290 0.459 5.438 0.062 0.051 0.285
2015.4836 -34.98 -67.70 0.609 -0.116 5.803 0.059 0.041 0.263
2015.5110 -34.98 -67.70 0.684 0.018 7.048 0.056 0.043 0.257
2015.5384 -34.98 -67.70 0.488 0.482 5.738 0.061 0.047 0.278
2015.5658 -34.98 -67.70 0.319 0.675 5.207 0.061 0.050 0.280
2015.5932 -34.98 -67.70 0.409 0.161 5.223 0.064 0.052 0.289
2015.6205 -34.98 -67.70 0.396 0.028 3.196 0.062 0.050 0.281
2015.6479 -34.98 -67.70 0.396 -0.120 4.099 0.060 0.049 0.274
2015.6753 -34.98 -67.70 0.282 0.252 5.143 0.058 0.046 0.265
2015.7027 -34.98 -67.70 0.200 -0.300 6.319 0.063 0.051 0.286
2015.7301 -34.98 -67.70 0.196 -0.240 5.731 0.063 0.051 0.286
2015.9493 -34.98 -67.70 0.125 0.274 1.384 0.061 0.050 0.280
2015.9767 -34.98 -67.70 0.380 0.323 1.407 0.063 0.053 0.290
2016.0041 -34.98 -67.70 0.324 0.926 0.084 0.058 0.047 0.265
2016.0315 -34.98 -67.70 0.764 0.877 -1.834 0.055 0.045 0.254
2016.0589 -34.98 -67.70 0.811 1.600 -0.089 0.056 0.046 0.259
2016.0863 -34.98 -67.70 0.992 0.778 -0.538 0.051 0.042 0.240
2016.1137 -34.98 -67.70 0.997 0.319 1.759 0.057 0.047 0.263
2016.1411 -34.98 -67.70 1.347 0.823 2.295 0.067 0.055 0.303
2016.1685 -34.98 -67.70 1.219 0.732 2.659 0.072 0.061 0.325
2016.1959 -34.98 -67.70 1.998 0.512 -1.189 0.070 0.061 0.323
2016.2233 -34.98 -67.70 1.693 0.945 2.559 0.071 0.063 0.328
2016.2507 -34.98 -67.70 2.155 0.208 1.267 0.060 0.049 0.274
2016.3603 -34.98 -67.70 1.954 1.451 1.115 0.055 0.046 0.257
2016.3877 -34.98 -67.70 1.569 0.995 -5.587 0.065 0.054 0.295
2016.4151 -34.98 -67.70 1.613 0.683 -5.256 0.064 0.052 0.290
2016.4425 -34.98 -67.70 1.448 0.020 -2.564 0.068 0.057 0.308
2016.4699 -34.98 -67.70 1.251 0.068 0.536 0.066 0.056 0.302
