2002.5877 44.05 -123.09 -15.23505193877432 10.26927616771417
2002.6151 44.05 -123.09 -11.16215798997259 10.00943877014572
2002.6425 44.05 -123.09 -26.01464375260318 10.23045353972033
2002.6699 44.05 -123.09 -28.88712040167478 8.55211318372834
2002.6973 44.05 -123.09 22.05601704641687 13.76863490635696
2002.7247 44.05 -123.09 -30.79499869346263 9.74494913818196
2002.7521 44.05 -123.09 -10.58047448204975 8.90526694047754
2002.7795 44.05 -123.09 -49.74011176972951 10.16040732706568
2002.8068 44.05 -123.09 -27.14777394497101 9.25126579115340
2002.8342 44.05 -123.09 -28.40502269106715 9.07163103735037
2002.8616 44.05 -123.09 -1.87301528794519 8.68772801602141
2002.8890 44.05 -123.09 -14.05163677662831 9.21939501243272
2002.9164 44.05 -123.09 -14.30527985870032 9.53678063474453
2003.0260 44.05 -123.09 -15.54043982711047 10.62401653589404
2003.0534 44.05 -123.09 -10.70317836592835 18.68198714774478
2003.0808 44.05 -123.09 -23.70452306481778 15.39845655787427
2003.1082 44.05 -123.09 23.19740222499807 8.53078582264048
2003.1356 44.05 -123.09 13.58053472359356 7.84440397984349
2003.1630 44.05 -123.09 16.83645385205782 8.53098022519460
2003.1904 44.05 -123.09 24.70330310224448 9.97414623074766
2003.2178 44.05 -123.09 16.53333248257916 8.41599636342517
2003.2452 44.05 -123.09 35.50376330449227 8.36154278080334
2003.2726 44.05 -123.09 21.21826155056982 8.13728767138591
2003.3000 44.05 -123.09 4.63863474161581 7.98508845120413
2003.3274 44.05 -123.09 31.97214489610974 10.71571321334112
2003.3548 44.05 -123.09 -12.20825478907099 12.19642648341283
2003.3822 44.05 -123.09 -15.61855613173400 10.41355241545097
2003.5192 44.05 -123.09 -44.84997212640752 11.91268908109132
2003.5466 44.05 -123.09 -5.37502965553911 13.59518281679840
2003.5740 44.05 -123.09 -42.09334359433820 16.28573118019842
2003.6014 44.05 -123.09 -17.58187436023232 13.64178903192858
2003.6288 44.05 -123.09 -23.47917307448006 12.53868721028048
2003.6562 44.05 -123.09 -39.57806362831416 13.73532482525574
2003.6836 44.05 -123.09 -30.96659133621177 13.76608405842214
2003.7110 44.05 -123.09 -14.50865732979405 10.16143687896713
2003.7384 44.05 -123.09 -1.49420499467397 12.89322946745891
2003.7658 44.05 -123.09 -37.84609173317274 11.72790007764369
2003.7932 44.05 -123.09 -29.80638699862570 13.34947277375160
2003.8205 44.05 -123.09 -46.03309497872935 14.17505933028413
2003.8479 44.05 -123.09 -60.19121132372005 11.99689582401820
2003.8753 44.05 -123.09 -38.43006237659231 13.20530273198333
2003.9027 44.05 -123.09 -21.32814958027518 11.59679597570603
2003.9301 44.05 -123.09 -22.28062204304761 12.36719481202372
2003.9575 44.05 -123.09 -15.24973377030481 14.35979854443521
2003.9849 44.05 -123.09 -22.31948530070369 13.41999520950095
2004.0123 44.05 -123.09 6.14388700668447 14.41454742598000
2004.0397 44.05 -123.09 5.07333091770722 11.07454739650022
2004.0945 44.05 -123.09 -0.36005500387782 10.30568079742386
2004.1219 44.05 -123.09 11.57739755784637 11.83490797619416
2004.1493 44.05 -123.09 16.88121073829526 14.10469016829978
2004.1767 44.05 -123.09 5.99422781288123 15.49131256076837
2004.2041 44.05 -123.09 29.82099538836934 12.17517744879141
2004.2315 44.05 -123.09 44.88158294191522 12.36595016858126
2004.2589 44.05 -123.09 21.40606455871594 12.72618221343988
2004.2863 44.05 -123.09 46.38163410585509 12.80544861825270
2004.3137 44.05 -123.09 0.39212832512467 12.09494044856086
2004.3411 44.05 -123.09 20.13049933195829 13.41329981441220
2004.3685 44.05 -123.09 26.38900370279052 12.65968309364572
2004.3959 44.05 -123.09 19.56830581433053 10.91332010140015
2004.4233 44.05 -123.09 3.48738538457776 10.44764238343103
2004.4507 44.05 -123.09 12.45093673628380 9.34348094196933
2004.4781 44.05 -123.09 4.32248034768006 10.39034305455475
2004.5055 44.05 -123.09 -9.67385378531547 10.08106718361351
2004.5329 44.05 -123.09 -20.14891990100488 9.42875745147801
2004.5603 44.05 -123.09 -10.47377040717453 9.78243170988355
2004.5877 44.05 -123.09 -17.52006420247837 9.81930366776744
2004.6151 44.05 -123.09 -25.38406320688721 10.88213268955404
2004.6425 44.05 -123.09 -27.70415539279635 9.07740679764643
2004.6699 44.05 -123.09 -15.56978370417816 9.05943492814885
2004.6973 44.05 -123.09 -18.62318549564205 8.41590629003868
2004.7247 44.05 -123.09 -12.43948669405295 9.83131560352526
2004.7521 44.05 -123.09 -2.56227062012707 9.32919937367963
2004.7795 44.05 -123.09 1.70803148044167 9.16386330271429
2004.8068 44.05 -123.09 5.63442942621646 10.33521533791629
2004.8342 44.05 -123.09 7.77044392652951 10.22443242485722
2004.8616 44.05 -123.09 -2.02538976567533 8.81338654501465
2004.8890 44.05 -123.09 -5.48820990047090 8.84762832726649
2004.9164 44.05 -123.09 -10.13217512219571 9.81434176574133
2004.9438 44.05 -123.09 -14.61786409954678 10.61615313253763
2004.9712 44.05 -123.09 3.95490500313694 9.95329416657603
2004.9973 44.05 -123.09 -6.79475683200535 9.44131250258545
2005.0233 44.05 -123.09 8.78545557197475 11.36443737350396
2005.0507 44.05 -123.09 12.45000961773727 17.74165539470678
2005.0781 44.05 -123.09 10.95958928897177 12.97912922550665
2005.1055 44.05 -123.09 29.49972507417406 12.83025770160806
2005.1329 44.05 -123.09 24.67425860546257 13.15626749698256
2005.1603 44.05 -123.09 11.86183734389433 11.46247739652718
2005.1877 44.05 -123.09 2.53013027615336 11.34258341011592
2005.2151 44.05 -123.09 -7.25066202477044 10.45815126810503
2005.2425 44.05 -123.09 20.21421456513914 10.26569458772818
2005.2699 44.05 -123.09 -9.78092222831584 11.08331573911295
2005.2973 44.05 -123.09 -8.48048619817184 11.79057154598922
2005.3247 44.05 -123.09 9.97870236235065 12.45865705114301
2005.3521 44.05 -123.09 14.70254374909605 4.43060816025089
2005.3795 44.05 -123.09 7.52179610131816 11.56526959003989
2005.4068 44.05 -123.09 5.49342356272060 10.41445106056368
2005.4342 44.05 -123.09 13.78455966863826 11.93563122736703
2005.4616 44.05 -123.09 6.42956620718343 10.93981081556689
2005.4890 44.05 -123.09 -2.61517066973524 10.35531859990748
2005.5164 44.05 -123.09 -14.14962282950391 10.29108844838952
2005.5438 44.05 -123.09 6.47595786287173 11.38433937040809
2005.5712 44.05 -123.09 -17.67723314043863 12.54761398178218
2005.5986 44.05 -123.09 -4.11263128268016 12.84221372895602
2005.6260 44.05 -123.09 4.08057181357423 11.19022555117847
2005.6534 44.05 -123.09 2.27133432805082 11.96902972814373
2005.6808 44.05 -123.09 -5.96381507297933 11.67066662807119
2005.7082 44.05 -123.09 -8.28741366524368 14.58596755449193
2005.7356 44.05 -123.09 -29.25536249308292 12.63752551229118
2005.7630 44.05 -123.09 -4.12349893729003 12.65608704931059
2005.7904 44.05 -123.09 -10.98855508248969 11.68197778432823
2005.8178 44.05 -123.09 -16.70921401518794 12.10116515356374
2005.8452 44.05 -123.09 -9.56615597950262 12.93908002457177
2005.8726 44.05 -123.09 -12.96970719694147 11.12490935458773
2005.9000 44.05 -123.09 -16.11975428478505 10.75155727365117
2005.9274 44.05 -123.09 -21.25947299394361 10.58482121352808
2005.9548 44.05 -123.09 -9.20703854655434 9.05661914932534
2005.9822 44.05 -123.09 2.66027047626131 9.83595616423557
2006.0096 44.05 -123.09 11.57223493943346 11.28989718892106
2006.0370 44.05 -123.09 20.11501876898321 14.62022836597184
2006.0644 44.05 -123.09 -4.24764186452758 14.77344205030652
2006.0918 44.05 -123.09 5.99206129525704 14.88709677733119
2006.1192 44.05 -123.09 37.68409662106475 17.41203105348190
2006.1466 44.05 -123.09 48.88946530617999 13.24911511076449
2006.1740 44.05 -123.09 24.48085667761123 15.46778623059803
2006.2014 44.05 -123.09 54.16057230065601 11.46989475186246
2006.2288 44.05 -123.09 31.01084854520570 15.56243003831510
2006.2562 44.05 -123.09 21.08665864843398 14.70849578037817
2006.2836 44.05 -123.09 34.78630132589073 14.23815168732855
2006.3110 44.05 -123.09 11.78875402087993 15.30720931374460
2006.3384 44.05 -123.09 16.23819194346494 13.79392199467654
2006.3658 44.05 -123.09 16.35853732517201 15.40668623343845
2006.3932 44.05 -123.09 19.39493830380000 15.06915829063481
2006.4205 44.05 -123.09 40.07849436462124 15.01240688247406
2006.4479 44.05 -123.09 6.09588778149717 16.00216790985106
2006.4753 44.05 -123.09 25.61861601930637 16.65368001268702
2006.5027 44.05 -123.09 19.92787797613202 17.41841298204823
2006.5301 44.05 -123.09 -16.70411861026863 21.20719952469340
2006.5575 44.05 -123.09 -21.92951416954936 16.49979997377445
2006.5849 44.05 -123.09 -6.78104765233191 17.02317584410215
2006.6123 44.05 -123.09 2.73306989357929 21.96175225459512
2006.6397 44.05 -123.09 -16.00393608237597 18.17238663008521
2006.6671 44.05 -123.09 -11.71804924599842 16.15722708551661
2006.6945 44.05 -123.09 -13.46486601700662 21.26842627719779
2006.7219 44.05 -123.09 -23.07885549690014 19.26247583110571
2006.7493 44.05 -123.09 -17.29948021639959 23.54102527494728
2006.7767 44.05 -123.09 -27.41799431512946 20.47864482534338
2006.8041 44.05 -123.09 -26.59277613674083 16.05843806247807
2006.8315 44.05 -123.09 -22.97644081915671 19.14144434359373
2006.8589 44.05 -123.09 3.76217097988696 18.45016023466895
2006.8863 44.05 -123.09 -7.99013183127995 17.47393449747594
2006.9137 44.05 -123.09 4.98555135819259 16.74549732230161
2006.9411 44.05 -123.09 -5.43103696888382 16.36373774334232
2006.9685 44.05 -123.09 4.52576656400584 15.98650384056151
2006.9959 44.05 -123.09 -1.86547189562128 15.51149719209968
2007.0233 44.05 -123.09 4.14265566823912 14.09335054836029
2007.0507 44.05 -123.09 2.51209139072519 14.99864569639500
2007.0781 44.05 -123.09 -4.64969505059451 15.99067820040582
2007.1055 44.05 -123.09 13.95547879148359 14.03999141239218
2007.1329 44.05 -123.09 18.26000607430738 15.51309973864239
2007.1603 44.05 -123.09 18.57745539739862 14.75915884739938
2007.1877 44.05 -123.09 16.56869495130911 20.13812968118028
2007.2151 44.05 -123.09 12.10931626470487 17.77484942965178
2007.2425 44.05 -123.09 8.23032955077013 17.00628587241539
2007.2699 44.05 -123.09 17.80279908312384 12.75802194915335
2007.2973 44.05 -123.09 21.74200907245164 11.95543748349898
2007.3247 44.05 -123.09 17.73571865512557 15.32311485504442
2007.3521 44.05 -123.09 19.10917121982716 17.05785165590724
2007.3795 44.05 -123.09 6.24132596682392 18.09184032085080
2007.4068 44.05 -123.09 -0.49951017064959 14.54542923071763
2007.4342 44.05 -123.09 3.15250351864958 13.74141794426566
2007.4616 44.05 -123.09 -42.47914234084835 19.09640338560541
2007.4890 44.05 -123.09 -9.21544848645181 13.78202532849202
2007.5164 44.05 -123.09 -31.95983794036202 14.80971946810034
2007.5438 44.05 -123.09 -16.02767777807492 14.21514445623935
2007.5712 44.05 -123.09 13.96641328826243 14.61238645518857
2007.5986 44.05 -123.09 0.57653113536590 18.39244627143211
2007.6260 44.05 -123.09 -20.48911745489796 14.49895066306369
2007.6534 44.05 -123.09 -17.89828996679364 14.80770661356328
2007.6808 44.05 -123.09 -5.40499315735778 15.47761298444140
2007.7082 44.05 -123.09 -31.03861870353258 10.65873826630165
2007.7356 44.05 -123.09 -11.01926275459170 15.89933940297720
2007.7630 44.05 -123.09 -18.99696016483689 11.40888539281065
2007.7904 44.05 -123.09 -7.26101812827285 15.83587620448309
2007.8178 44.05 -123.09 -1.43692372430853 18.66912436336699
2007.8452 44.05 -123.09 -14.70776822114470 14.50637775328135
2007.8726 44.05 -123.09 -12.22358435225001 17.17378628370643
2007.9000 44.05 -123.09 11.20293206490924 18.10644224783813
2007.9274 44.05 -123.09 17.68330102994193 17.97484550603702
2007.9548 44.05 -123.09 10.06419336757913 13.13704123250734
2007.9822 44.05 -123.09 13.42711097881768 16.59455687432088
2008.0096 44.05 -123.09 17.69062158805243 14.44628457630629
2008.0370 44.05 -123.09 8.29857045052312 15.10555016827973
2008.0644 44.05 -123.09 25.75177272427633 17.80877012236859
2008.0918 44.05 -123.09 33.66449491432371 13.47786916023992
2008.1192 44.05 -123.09 -24.55998320474780 16.43909962174572
2008.1466 44.05 -123.09 -9.99086693949439 19.44769115855359
2008.1740 44.05 -123.09 41.80439261685782 16.76699897277686
2008.2014 44.05 -123.09 32.56803665018193 18.47172056890328
2008.2288 44.05 -123.09 14.29769937583190 20.47817384989688
2008.2562 44.05 -123.09 30.62819817321757 19.42157455625861
2008.2836 44.05 -123.09 2.12161549349981 23.41592863098374
2008.3110 44.05 -123.09 58.73078081419677 24.49881421412987
2008.3384 44.05 -123.09 4.07594445984796 17.98283020986882
2008.3658 44.05 -123.09 33.80970727950433 18.17951330167859
2008.3932 44.05 -123.09 36.15795235535026 16.13446154964162
2008.4205 44.05 -123.09 25.68103662740563 14.09963890209332
2008.4479 44.05 -123.09 29.76788386602058 14.59061904174669
2008.4753 44.05 -123.09 10.89164215014574 13.99644774853777
2008.5027 44.05 -123.09 14.98882968745629 17.32228787578089
2008.5301 44.05 -123.09 26.08177922709257 21.43289646205315
2008.5575 44.05 -123.09 9.23763092528155 13.48667866764400
2008.5849 44.05 -123.09 -9.49833224587853 16.06779320241569
2008.6123 44.05 -123.09 -15.42664102430128 12.79805716804795
2008.6397 44.05 -123.09 -10.34949559736155 14.29795449652135
2008.6671 44.05 -123.09 -10.86828646111744 13.57972550202579
2008.6945 44.05 -123.09 -21.39152089497500 13.06197681261692
2008.7219 44.05 -123.09 -19.35928877469917 15.52978059498821
2008.7493 44.05 -123.09 -27.72276728010726 13.88995228547679
2008.7767 44.05 -123.09 -39.89095528566831 16.70817217302257
2008.8041 44.05 -123.09 -14.13221527846701 16.86798556937669
2008.8315 44.05 -123.09 -28.44881370858179 18.90643707748416
2008.8589 44.05 -123.09 -22.30980648774137 22.12497569675165
2008.8863 44.05 -123.09 -21.21797533663135 21.21973457477315
2008.9137 44.05 -123.09 -19.36936327450550 20.30459006804445
2008.9411 44.05 -123.09 4.96014433191501 20.91022865007238
2008.9685 44.05 -123.09 5.02376072416009 19.49609972751549
2008.9945 44.05 -123.09 17.78157573512114 16.54640548475166
2009.0205 44.05 -123.09 5.48007983070481 16.44744705724001
2009.0479 44.05 -123.09 24.36372703638074 16.45284762077182
2009.0753 44.05 -123.09 21.07696053074174 15.48971168696436
2009.1027 44.05 -123.09 -19.19506258375266 19.71761377922907
2009.1301 44.05 -123.09 10.87452682518713 15.34588884063951
2009.1575 44.05 -123.09 20.15082561460072 15.49041813119930
2009.1849 44.05 -123.09 -5.43952890372724 18.55537794040042
2009.2123 44.05 -123.09 7.40734577483466 15.18217980020389
2009.2397 44.05 -123.09 18.96197268903651 17.76008049217372
2009.2671 44.05 -123.09 18.84779258367906 14.67619856309403
2009.2945 44.05 -123.09 12.25368178403641 15.12656613212690
2009.3219 44.05 -123.09 13.02849315838669 15.74269249471626
2009.3493 44.05 -123.09 13.34543171622890 14.30131613170626
2009.3767 44.05 -123.09 9.16799756378061 15.06242852999468
2009.4041 44.05 -123.09 3.01643207153685 12.97012272472664
2009.4315 44.05 -123.09 -13.69353263041158 15.35770882115302
2009.4589 44.05 -123.09 -17.45210679333701 12.55296388636276
2009.4863 44.05 -123.09 3.12738177053276 13.97014362546165
2009.5137 44.05 -123.09 -3.15607874248814 13.07296112364365
2009.5411 44.05 -123.09 -18.69326309194685 16.41904082454065
2009.5685 44.05 -123.09 -16.09823365429544 17.62171879265189
2009.5959 44.05 -123.09 4.07696214866059 15.26514770113990
2009.6233 44.05 -123.09 1.97237453535385 16.23356786349817
2009.6507 44.05 -123.09 -17.63943611444066 15.66581212762319
2009.6781 44.05 -123.09 -22.02871112043798 16.98648570633239
2009.7055 44.05 -123.09 -32.64868964142510 17.87040959181982
2009.7329 44.05 -123.09 -47.52243621927090 17.04002642680603
2009.7603 44.05 -123.09 -34.64549511240646 19.51817873714575
2009.7877 44.05 -123.09 -30.66823180283933 17.95073276584722
2009.8151 44.05 -123.09 -36.17664273636802 19.51916463147991
2009.8425 44.05 -123.09 -17.80918213803308 17.55672360093887
2009.8699 44.05 -123.09 -9.30624940966840 16.68053372216217
2009.8973 44.05 -123.09 -6.26787052981953 15.50160995661967
2009.9247 44.05 -123.09 -12.21546259913318 14.99720637280124
2009.9521 44.05 -123.09 -8.92135177398299 14.23792658037320
2009.9795 44.05 -123.09 7.27356685830541 14.64737119985617
2010.0068 44.05 -123.09 -30.37880470150663 19.16963426045105
2010.0342 44.05 -123.09 -13.49529224037042 14.47104701407526
2010.0616 44.05 -123.09 -8.00811862143209 14.95116281482309
2010.0890 44.05 -123.09 -10.63026910768950 18.42258212076429
2010.1164 44.05 -123.09 -10.96405042227495 19.04672422164569
2010.1438 44.05 -123.09 3.12197613782412 17.99087170925739
2010.1712 44.05 -123.09 6.43131075696924 17.14866175555809
2010.1986 44.05 -123.09 37.86499760034623 16.40949160023270
2010.2260 44.05 -123.09 37.12494240408432 18.03678060278122
2010.2534 44.05 -123.09 15.87552369962840 18.50998709606732
2010.2808 44.05 -123.09 1.77881818088025 13.89108574729780
2010.3082 44.05 -123.09 2.08519688409285 14.71818802497569
2010.3356 44.05 -123.09 9.34506381138424 12.97287240661148
2010.3630 44.05 -123.09 2.44196444080884 13.93333422929779
2010.3904 44.05 -123.09 -13.45267015857181 14.02651990687123
2010.4178 44.05 -123.09 -1.10406043294220 14.92192653225200
2010.4452 44.05 -123.09 4.22224692321138 12.94650065652191
2010.4726 44.05 -123.09 -8.19132965524556 11.47615121878759
2010.5000 44.05 -123.09 13.96613167528429 13.30677444741247
2010.5274 44.05 -123.09 -33.98975363953066 22.37754872996371
2010.5548 44.05 -123.09 -15.76053021630294 13.81445348046725
2010.5822 44.05 -123.09 -12.59550630307922 12.33841434750070
2010.6096 44.05 -123.09 -43.77611328171596 16.58238870668477
2010.6370 44.05 -123.09 4.29523794039995 14.54814722793357
2010.6644 44.05 -123.09 -22.19725959174974 13.49534544888910
2010.6918 44.05 -123.09 -0.38264811318617 16.70012255026312
2010.7192 44.05 -123.09 -11.30469004690889 15.46985225385091
2010.7466 44.05 -123.09 -19.06063928185743 18.35156652346385
2010.7740 44.05 -123.09 -37.23114948504107 14.25775802646317
2010.8014 44.05 -123.09 -16.68343909705984 13.68076238994861
2010.8288 44.05 -123.09 10.12448737669616 15.92140891511874
2010.8562 44.05 -123.09 -26.06343155066467 15.54346881510577
2010.8836 44.05 -123.09 -9.75652454049996 14.12389728162441
2010.9110 44.05 -123.09 -15.85708972133194 15.75320605571259
2010.9384 44.05 -123.09 -14.89390871984602 16.44779119427175
2010.9658 44.05 -123.09 -2.34706754967695 18.27502530515261
2010.9932 44.05 -123.09 -4.81493647701404 13.17420065526000
2011.1027 44.05 -123.09 -2.82125986508871 13.21911002565974
2011.1301 44.05 -123.09 1.83444157809992 21.70210118227481
2011.1575 44.05 -123.09 6.75827910683225 13.89934883721192
2011.1849 44.05 -123.09 9.94430983437984 10.60265688350988
2011.2123 44.05 -123.09 54.44249684406878 18.41001163097603
2011.2397 44.05 -123.09 13.30684106358614 19.36187267707356
2011.2671 44.05 -123.09 29.00637725446159 15.26517188617292
2011.2945 44.05 -123.09 18.40522821489145 18.18429837187416
2011.3219 44.05 -123.09 34.25722461492714 16.96054899179207
2011.3493 44.05 -123.09 13.96186135548491 14.93630383370326
2011.3767 44.05 -123.09 14.24512942640537 17.84975157157957
2011.4041 44.05 -123.09 26.23003326852162 15.35631623325925
2011.4315 44.05 -123.09 32.01255685644428 15.03881869512892
2011.5137 44.05 -123.09 -17.32703862312518 13.74545328772365
2011.5411 44.05 -123.09 1.41050703129160 14.96007909346431
2011.5685 44.05 -123.09 -14.46475189164014 14.43356168274158
2011.5959 44.05 -123.09 -9.12885574039938 15.67125834676486
2011.6233 44.05 -123.09 -5.75688768442227 15.52191167634976
2011.6507 44.05 -123.09 -14.62384375048863 18.99827749922897
2011.6781 44.05 -123.09 -28.89583598147862 17.61174274299901
2011.7055 44.05 -123.09 -4.41774650280931 17.70948518002349
2011.7329 44.05 -123.09 0.91674891787144 20.82708310901427
2011.7603 44.05 -123.09 -21.36228996324071 17.64100445078759
2011.7877 44.05 -123.09 -20.12359589646711 18.91336514512414
2011.8151 44.05 -123.09 -29.71945497692984 18.45466795862131
2011.8425 44.05 -123.09 30.22516729957094 20.30195962756405
2011.8699 44.05 -123.09 8.61660547856491 18.73913090247498
2011.9521 44.05 -123.09 -19.49703953140815 11.48949294321804
2011.9795 44.05 -123.09 -15.31391591872997 15.89979914816811
2012.0068 44.05 -123.09 -7.85758612199511 14.64727616546293
2012.0342 44.05 -123.09 -29.87198422298057 17.74791803402422
2012.0616 44.05 -123.09 6.83000653954615 15.29970390791150
2012.0890 44.05 -123.09 7.53096294854496 15.02006808959433
2012.1164 44.05 -123.09 5.34017813947528 14.61713070948926
2012.1438 44.05 -123.09 16.91332764980746 15.09840637451119
2012.1712 44.05 -123.09 -20.84128042548356 14.22920548163165
2012.1986 44.05 -123.09 18.25636354063844 12.73664072074913
2012.2260 44.05 -123.09 3.85899794463854 13.22536070695228
2012.2534 44.05 -123.09 21.54468156334413 12.81243626437043
2012.2808 44.05 -123.09 11.80599385848774 11.85697789791209
2012.3082 44.05 -123.09 11.46544854817845 13.53894692763667
2012.3904 44.05 -123.09 44.20802096391633 13.94552693076376
2012.4178 44.05 -123.09 19.01363251009489 10.76733546570056
2012.4452 44.05 -123.09 22.46116917698916 10.56950332672097
2012.4726 44.05 -123.09 18.67493151574619 11.52896061331567
2012.5000 44.05 -123.09 9.41167411368447 10.86302615527729
2012.5274 44.05 -123.09 5.33176249881820 11.68111246397735
2012.5548 44.05 -123.09 6.66865402090073 11.68057832544235
2012.5822 44.05 -123.09 2.67044438143735 12.49262579858467
2012.6096 44.05 -123.09 4.53566768507330 12.50622853121453
2012.6370 44.05 -123.09 4.07902075641404 11.39484369712816
2012.6644 44.05 -123.09 2.20744918408406 12.62509980076613
2012.6918 44.05 -123.09 -8.50759885886499 13.09525784786015
2012.7192 44.05 -123.09 6.41624130559248 16.20830548132138
2012.7466 44.05 -123.09 -10.31521057805648 10.66352591714966
2012.8562 44.05 -123.09 -2.29089155411433 16.64430240892295
2012.8836 44.05 -123.09 -1.46106096771909 15.73422603344440
2012.9110 44.05 -123.09 -4.76360118859545 14.82957747218147
2012.9384 44.05 -123.09 8.58047255322413 13.93483615816226
2012.9658 44.05 -123.09 2.57178702990059 16.14933793235978
2012.9918 44.05 -123.09 39.45106244575645 7.48843706893301
2013.0178 44.05 -123.09 27.48184696648723 9.06938503700279
2013.0452 44.05 -123.09 16.03425116136858 8.97730013372475
2013.0726 44.05 -123.09 28.93058626342422 8.18438288265739
2013.1000 44.05 -123.09 23.55357364723091 8.42331620494061
2013.1274 44.05 -123.09 25.93149588621264 7.69402078734614
2013.1548 44.05 -123.09 38.21716632901500 6.91857550525065
2013.2644 44.05 -123.09 35.84408954311859 7.92888538843414
2013.2918 44.05 -123.09 0.92848953746539 7.97316570620001
2013.3192 44.05 -123.09 11.34264443680333 8.96656217020705
2013.3466 44.05 -123.09 21.24418542972835 9.24466923261631
2013.3740 44.05 -123.09 7.88892875066771 7.74778239352828
2013.4014 44.05 -123.09 16.04445577543525 8.04557722519034
2013.4288 44.05 -123.09 -25.04209336894794 6.90281844685690
2013.4562 44.05 -123.09 -21.49149579944079 7.01946505930027
2013.4836 44.05 -123.09 -17.06555305977979 7.26657531435294
2013.5110 44.05 -123.09 9.48189715871731 8.37049512093360
2013.5384 44.05 -123.09 -19.50234434475010 8.02316261367218
2013.5658 44.05 -123.09 -20.63392974294682 8.52790202232452
2013.7575 44.05 -123.09 -16.58300962748048 7.93928157570105
2013.7849 44.05 -123.09 -5.55048928407259 8.34823781274596
2013.8123 44.05 -123.09 -15.55256417349167 7.58389557017660
2013.8397 44.05 -123.09 10.16776848547689 7.72127235240833
2013.8671 44.05 -123.09 0.80516265344144 8.22976222510678
2013.8945 44.05 -123.09 2.13304498204932 7.70041064310975
2013.9219 44.05 -123.09 13.11341929069018 6.67887743963249
2013.9493 44.05 -123.09 2.82361927967798 7.26533243820426
2013.9767 44.05 -123.09 20.81575992005742 7.22273958800649
2014.0041 44.05 -123.09 -7.87502475520593 7.00477230912013
2014.0315 44.05 -123.09 -12.56357734409573 7.41720160388353
2014.1685 44.05 -123.09 40.75612129218406 7.70563641626827
2014.1959 44.05 -123.09 39.28174903528042 8.11639552874035
2014.2233 44.05 -123.09 18.42345963456806 7.59570795894170
2014.2507 44.05 -123.09 56.01623280006403 6.85099356571348
2014.2781 44.05 -123.09 46.63342029184379 7.32196032245878
2014.3055 44.05 -123.09 3.30248829756877 6.96667143054142
2014.3329 44.05 -123.09 -10.21949361681555 5.48973627133675
2014.3603 44.05 -123.09 22.79978669485863 6.44558875971038
2014.3877 44.05 -123.09 5.35939897585849 6.46346796084109
2014.4151 44.05 -123.09 4.67928487325282 6.38321521615373
2014.4425 44.05 -123.09 33.35365961263270 6.85361064062410
2014.4699 44.05 -123.09 14.59963672789046 6.72406265195278
2014.5795 44.05 -123.09 0.40838557137884 5.34518538890124
2014.6068 44.05 -123.09 -10.89890149692870 5.89198347538660
2014.6342 44.05 -123.09 -11.23689648223392 5.18967164246660
2014.6616 44.05 -123.09 -14.18106067746601 6.00761983070538
2014.6890 44.05 -123.09 -28.21894025888970 5.84388120022986
2014.7164 44.05 -123.09 -20.05189168288814 5.70040138677578
2014.7438 44.05 -123.09 0.85086794192124 6.33295776755862
2014.7712 44.05 -123.09 -10.56758299552012 6.25958572076271
2014.7986 44.05 -123.09 -22.11796228247304 5.37975484511193
2014.8260 44.05 -123.09 -2.50071474869624 5.32957773716315
2014.8534 44.05 -123.09 -20.08824408602202 5.69870190670620
2014.8808 44.05 -123.09 2.77630678660344 5.71798956119044
2014.9082 44.05 -123.09 -9.04537812910925 5.85170398784892
2015.0452 44.05 -123.09 20.72524202052323 4.06801675511971
2015.0726 44.05 -123.09 8.46925339734446 4.66351449553822
2015.1000 44.05 -123.09 -9.03972230647017 3.95200794682589
2015.1274 44.05 -123.09 12.36098422603852 3.63731145344556
2015.1548 44.05 -123.09 -2.95147906810623 4.48203072418243
2015.1822 44.05 -123.09 17.37330082345266 4.09594811866452
2015.2096 44.05 -123.09 27.53796993144940 5.95121256058907
2015.2370 44.05 -123.09 7.95417810619929 6.50335941826956
2015.2644 44.05 -123.09 55.15282703007305 5.57692928042257
2015.2918 44.05 -123.09 25.79283556577125 5.48943837360360
2015.3192 44.05 -123.09 13.11171590942374 5.26847663346427
2015.3466 44.05 -123.09 18.45177146961141 5.81382269669595
2015.4836 44.05 -123.09 3.97832332214873 4.83336596540841
2015.5110 44.05 -123.09 -24.26239909245094 4.74929365715228
2015.5384 44.05 -123.09 -31.33965161898724 5.42175360384675
2015.5658 44.05 -123.09 -22.81324942626542 5.76651910456150
2015.5932 44.05 -123.09 -24.04208960979486 6.10667918855892
2015.6205 44.05 -123.09 -30.93292485933805 5.75464675073846
2015.6479 44.05 -123.09 -38.89368670424221 5.62627004500335
2015.6753 44.05 -123.09 -38.69810937702472 5.26484257582479
2015.7027 44.05 -123.09 -14.51014127043499 5.98815846953507
2015.7301 44.05 -123.09 -42.81505563743995 5.86998861794564
2015.9493 44.05 -123.09 -21.93049377888753 5.58558766358597
2015.9767 44.05 -123.09 1.69029870983772 6.17299894041152
2016.0041 44.05 -123.09 -4.75643124181102 5.44958276344242
2016.0315 44.05 -123.09 -16.36438121934795 5.17433920096328
2016.0589 44.05 -123.09 4.81397170681176 5.29398240272567
2016.0863 44.05 -123.09 14.31161708364863 4.60418642903047
2016.1137 44.05 -123.09 9.13075192211284 5.41964892740481
2016.1411 44.05 -123.09 3.23459534571044 6.69819664074985
2016.1685 44.05 -123.09 16.69976493988845 7.38687182394034
2016.1959 44.05 -123.09 57.83264000072519 7.26749046968404
2016.2233 44.05 -123.09 -5.08874617333189 7.40988996278400
2016.2507 44.05 -123.09 28.95879552313337 5.56486609826875
2016.3603 44.05 -123.09 -14.71678426917176 5.22622013141449
2016.3877 44.05 -123.09 0.49878582824199 6.45041967305679
2016.4151 44.05 -123.09 -3.75273376370631 6.24448533423692
2016.4425 44.05 -123.09 -17.92698019882739 6.87934216944238
2016.4699 44.05 -123.09 -31.08575377023155 6.72296685190898
