2002.5877 44.35 -78.75 26.00612298356304 10.29607565452572
2002.6151 44.35 -78.75 8.25128243727669 10.01937556700270
2002.6425 44.35 -78.75 -4.57567862435318 10.23517392556793
2002.6699 44.35 -78.75 -17.65589464643312 8.56349516089565
2002.6973 44.35 -78.75 -49.98147898979039 13.87799383923022
2002.7247 44.35 -78.75 -43.54715026281804 9.76409382330226
2002.7521 44.35 -78.75 -14.58221728788872 8.92063185769965
2002.7795 44.35 -78.75 -45.27178800444763 10.18922598305775
2002.8068 44.35 -78.75 -32.19200102004991 9.27639912419618
2002.8342 44.35 -78.75 -18.16336330773302 9.06988145175190
2002.8616 44.35 -78.75 -39.10579070659036 8.71375168649560
2002.8890 44.35 -78.75 -27.75393303965206 9.23902007463111
2002.9164 44.35 -78.75 -21.51145884231821 9.56227372461908
2003.0260 44.35 -78.75 -16.59578126928350 10.63678789376344
2003.0534 44.35 -78.75 -76.35862331000462 18.70143229533958
2003.0808 44.35 -78.75 -39.83904871732414 15.41431189192082
2003.1082 44.35 -78.75 -24.14714786480848 8.54455941193848
2003.1356 44.35 -78.75 -64.42238232055095 7.85545616227405
2003.1630 44.35 -78.75 -34.77324863311993 8.55550267801867
2003.1904 44.35 -78.75 -23.68968349259471 10.01041308002244
2003.2178 44.35 -78.75 -9.73387930590389 8.43074392856581
2003.2452 44.35 -78.75 -7.84449893027273 8.37760770140671
2003.2726 44.35 -78.75 2.33203569631158 8.15131085876807
2003.3000 44.35 -78.75 -10.11885642716815 7.99509710088519
2003.3274 44.35 -78.75 7.35591200113207 10.73647061452760
2003.3548 44.35 -78.75 -7.08824002850983 12.21871573032311
2003.3822 44.35 -78.75 -1.35832623571409 10.42073723576404
2003.5192 44.35 -78.75 0.95194134369669 11.93078721082855
2003.5466 44.35 -78.75 7.36530756097454 13.61420375699416
2003.5740 44.35 -78.75 -6.25421658817343 16.30854022740660
2003.6014 44.35 -78.75 -0.08107762415646 13.65885329077626
2003.6288 44.35 -78.75 -25.91462758283835 12.56551822572436
2003.6562 44.35 -78.75 -53.99031845597530 13.75645108667090
2003.6836 44.35 -78.75 -34.29362375665284 13.78708514640032
2003.7110 44.35 -78.75 -29.74781279495974 10.17776880654008
2003.7384 44.35 -78.75 -45.59521995441579 12.90797342446453
2003.7658 44.35 -78.75 -54.17463591141230 11.74763669996918
2003.7932 44.35 -78.75 -38.28556684819517 13.36871248451746
2003.8205 44.35 -78.75 -15.30896652428773 14.19186247396716
2003.8479 44.35 -78.75 -38.34676550893311 12.01534876534205
2003.8753 44.35 -78.75 -39.47165421696753 13.21822271103614
2003.9027 44.35 -78.75 -9.89069559490828 11.62415948545642
2003.9301 44.35 -78.75 -13.88508167331596 12.38585236673276
2003.9575 44.35 -78.75 -4.41159149333384 14.39127637856537
2003.9849 44.35 -78.75 -1.76335869783427 13.44339449769920
2004.0123 44.35 -78.75 -18.23031900340806 14.43839871699960
2004.0397 44.35 -78.75 1.93498239080498 11.09876771147949
2004.0945 44.35 -78.75 11.40529725911112 10.33800247532515
2004.1219 44.35 -78.75 5.71780356175647 11.86378326543931
2004.1493 44.35 -78.75 -29.31549880705369 14.13417477334072
2004.1767 44.35 -78.75 32.27057166266235 15.52182901415017
2004.2041 44.35 -78.75 1.81367123465668 12.19489764038984
2004.2315 44.35 -78.75 1.15654368519257 12.39145794345070
2004.2589 44.35 -78.75 -17.89961251896264 12.75490022708752
2004.2863 44.35 -78.75 11.81667781432483 12.82861733877646
2004.3137 44.35 -78.75 13.36769865989709 12.12263936651991
2004.3411 44.35 -78.75 20.07282935896653 13.43973595419392
2004.3685 44.35 -78.75 16.27563904335781 12.68899570066980
2004.3959 44.35 -78.75 25.96977194012976 10.94199239035587
2004.4233 44.35 -78.75 53.52628190500049 10.47287658983382
2004.4507 44.35 -78.75 22.43570733696604 9.36701120736436
2004.4781 44.35 -78.75 27.19617082718078 10.41427110015953
2004.5055 44.35 -78.75 14.76075168684906 10.10406697888574
2004.5329 44.35 -78.75 17.70476636088155 9.45072785110718
2004.5603 44.35 -78.75 2.91348326569781 9.80882303028312
2004.5877 44.35 -78.75 9.73362221669107 9.84756026889252
2004.6151 44.35 -78.75 -1.61741293026981 10.90929841122228
2004.6425 44.35 -78.75 9.81960115598122 9.10211235991355
2004.6699 44.35 -78.75 -2.12459016899008 9.08385080432321
2004.6973 44.35 -78.75 11.38032122925138 8.44058022848391
2004.7247 44.35 -78.75 -3.62013610922648 9.85799829395727
2004.7521 44.35 -78.75 -15.10592877600348 9.35576847094595
2004.7795 44.35 -78.75 -32.07402331198565 9.18810444762895
2004.8068 44.35 -78.75 -25.39176700776122 10.36511197578132
2004.8342 44.35 -78.75 -37.00789015918691 10.25045287815941
2004.8616 44.35 -78.75 -44.67830086928593 8.83631189689952
2004.8890 44.35 -78.75 -33.85344736767527 8.86921615143160
2004.9164 44.35 -78.75 -26.61733948237804 9.83601098605261
2004.9438 44.35 -78.75 -36.04266067933478 10.62373489431706
2004.9712 44.35 -78.75 16.70389463335141 9.97252742810554
2004.9973 44.35 -78.75 -3.63945571825395 9.46495817118326
2005.0233 44.35 -78.75 18.45423926423988 11.38715046594413
2005.0507 44.35 -78.75 10.83552954963292 17.77526957172113
2005.0781 44.35 -78.75 11.79918647077224 12.99832880081244
2005.1055 44.35 -78.75 45.12543052621354 12.85455415407146
2005.1329 44.35 -78.75 5.87612180037781 13.18603228595242
2005.1603 44.35 -78.75 24.12896763961594 11.48527454317422
2005.1877 44.35 -78.75 28.82822093283167 11.36794046865929
2005.2151 44.35 -78.75 15.23339419543638 10.48070565984051
2005.2425 44.35 -78.75 -3.64971332141989 10.29026868882072
2005.2699 44.35 -78.75 14.04375135989003 11.10418991402551
2005.2973 44.35 -78.75 10.17042831503788 11.81491673963136
2005.3247 44.35 -78.75 38.79044260202949 12.47553220197673
2005.3521 44.35 -78.75 30.40683268665462 4.43943006683302
2005.3795 44.35 -78.75 16.23896253975746 11.58517121828152
2005.4068 44.35 -78.75 16.92090308835708 10.43176406820640
2005.4342 44.35 -78.75 13.59334521974925 11.95615432735878
2005.4616 44.35 -78.75 13.01348173111591 10.96486021541603
2005.4890 44.35 -78.75 -8.31887174861683 10.38109880715081
2005.5164 44.35 -78.75 19.63834894910085 10.30927831210721
2005.5438 44.35 -78.75 9.10570097242497 11.40262698240851
2005.5712 44.35 -78.75 -18.44440370576951 12.57218774038369
2005.5986 44.35 -78.75 -15.47700168348710 12.86627395093607
2005.6260 44.35 -78.75 -17.99079635941463 11.20868149255258
2005.6534 44.35 -78.75 -36.75034184948799 11.98328613661970
2005.6808 44.35 -78.75 5.84743226778404 11.69477651325915
2005.7082 44.35 -78.75 -23.47886332156082 14.61073711764847
2005.7356 44.35 -78.75 -34.31263698460081 12.65739715352390
2005.7630 44.35 -78.75 -20.45607352225266 12.67736550845317
2005.7904 44.35 -78.75 -22.88621212475034 11.70023512619677
2005.8178 44.35 -78.75 -11.45726364862146 12.12098217288125
2005.8452 44.35 -78.75 2.22535344798505 12.95962941731274
2005.8726 44.35 -78.75 -33.58480865891577 11.14275608102452
2005.9000 44.35 -78.75 -24.81261129704782 10.77055498835403
2005.9274 44.35 -78.75 -20.16774603645952 10.60899121154591
2005.9548 44.35 -78.75 -27.36073014583945 9.08174145342880
2005.9822 44.35 -78.75 -20.03659968331499 9.85764409778816
2006.0096 44.35 -78.75 -26.90187509509916 11.31200217564394
2006.0370 44.35 -78.75 -25.77531359940983 14.64173026115661
2006.0644 44.35 -78.75 -1.63617256079066 14.79170539182275
2006.0918 44.35 -78.75 -4.56870792685831 14.91123036201854
2006.1192 44.35 -78.75 14.23892471668190 17.43431391369876
2006.1466 44.35 -78.75 -5.00802408876073 13.26736201908076
2006.1740 44.35 -78.75 -5.32743734519195 15.49397556649296
2006.2014 44.35 -78.75 12.30585261153021 11.48724506009296
2006.2288 44.35 -78.75 -10.23071911518994 15.57709743161251
2006.2562 44.35 -78.75 -14.36157829738893 14.72634760752307
2006.2836 44.35 -78.75 -2.49894038209038 14.25999321148996
2006.3110 44.35 -78.75 -1.08181519698950 15.32622086231162
2006.3384 44.35 -78.75 -31.64701313508856 13.81411353352545
2006.3658 44.35 -78.75 -56.81921673151474 15.43064147280519
2006.3932 44.35 -78.75 -23.47421089742151 15.09255418928104
2006.4205 44.35 -78.75 24.64719837927402 15.03197737307368
2006.4479 44.35 -78.75 -3.15981487187912 16.02589002579772
2006.4753 44.35 -78.75 15.18028616580736 16.68138317565636
2006.5027 44.35 -78.75 -0.24076810424510 17.43933345689918
2006.5301 44.35 -78.75 17.51126160414016 21.22981285680905
2006.5575 44.35 -78.75 -0.36764514790429 16.51994638802740
2006.5849 44.35 -78.75 13.95497906762159 17.04940956294705
2006.6123 44.35 -78.75 1.95188381346877 21.98617139340256
2006.6397 44.35 -78.75 5.97813016137308 18.19811739867747
2006.6671 44.35 -78.75 -1.29075624055818 16.17786295373429
2006.6945 44.35 -78.75 -25.11834306794444 21.28962976038315
2006.7219 44.35 -78.75 -38.60127346977780 19.28903670614920
2006.7493 44.35 -78.75 -37.02137552825720 23.57532588793998
2006.7767 44.35 -78.75 -2.81283839782135 20.50311583931890
2006.8041 44.35 -78.75 -20.53572206656303 16.07997082194025
2006.8315 44.35 -78.75 -0.98721195444535 19.16646540275732
2006.8589 44.35 -78.75 -11.43691248213452 18.47849669403053
2006.8863 44.35 -78.75 0.00147131391691 17.49644813827282
2006.9137 44.35 -78.75 -1.54900599177958 16.76919865656589
2006.9411 44.35 -78.75 3.13917826018039 16.38654433766915
2006.9685 44.35 -78.75 1.22444721204783 16.00881107222581
2006.9959 44.35 -78.75 -10.18579264510863 15.53496793191483
2007.0233 44.35 -78.75 3.81457470478927 14.11652656214095
2007.0507 44.35 -78.75 -8.31508762202009 15.02598399900806
2007.0781 44.35 -78.75 -20.80627019146212 16.00904469210261
2007.1055 44.35 -78.75 -1.89621765300518 14.06209520804921
2007.1329 44.35 -78.75 -2.17284550667762 15.53173401569657
2007.1603 44.35 -78.75 -1.82586972846491 14.77663268790451
2007.1877 44.35 -78.75 -11.00911050361898 20.16696772416318
2007.2151 44.35 -78.75 -4.92582508092521 17.79699973322823
2007.2425 44.35 -78.75 -9.18565600923886 17.02718156599154
2007.2699 44.35 -78.75 14.57402378382878 12.77172790368426
2007.2973 44.35 -78.75 15.98063333161147 11.98004192828887
2007.3247 44.35 -78.75 -1.19119103712455 15.35057713942965
2007.3521 44.35 -78.75 12.44263633422336 17.07811096804670
2007.3795 44.35 -78.75 20.58617637356639 18.11368022772728
2007.4068 44.35 -78.75 27.75006861993925 14.56559091701222
2007.4342 44.35 -78.75 16.74892033984016 13.75940422714143
2007.4616 44.35 -78.75 -2.49556106509532 19.11664422693048
2007.4890 44.35 -78.75 2.03251175802938 13.79245877155584
2007.5164 44.35 -78.75 -20.70144637928757 14.83398211542698
2007.5438 44.35 -78.75 -25.79288102898489 14.23453406490806
2007.5712 44.35 -78.75 -0.04228318721112 14.63517933427318
2007.5986 44.35 -78.75 -11.82333159604184 18.41778863434590
2007.6260 44.35 -78.75 -20.51417651094285 14.51553959563387
2007.6534 44.35 -78.75 -42.12933882316763 14.83333177484887
2007.6808 44.35 -78.75 -32.73430777739068 15.49731618469563
2007.7082 44.35 -78.75 -49.28708974198432 10.67866007904650
2007.7356 44.35 -78.75 -27.83666599972587 15.91829932342814
2007.7630 44.35 -78.75 -50.79315316043327 11.43473855702172
2007.7904 44.35 -78.75 -61.75111633200655 15.85783821886842
2007.8178 44.35 -78.75 -24.49588127375626 18.69376934328805
2007.8452 44.35 -78.75 -57.99127345870863 14.53099959224915
2007.8726 44.35 -78.75 -61.29278447833982 17.19229504121910
2007.9000 44.35 -78.75 -52.92719186519176 18.12077820898577
2007.9274 44.35 -78.75 -39.50150031947162 17.99661375110148
2007.9548 44.35 -78.75 -28.90304919063975 13.15447601427574
2007.9822 44.35 -78.75 -6.02120246801398 16.61360297027079
2008.0096 44.35 -78.75 -15.67377570726988 14.46331668650277
2008.0370 44.35 -78.75 -3.62878788453932 15.12303972111544
2008.0644 44.35 -78.75 -5.91491529648793 17.82761623622178
2008.0918 44.35 -78.75 -10.02807292650282 13.49954721094861
2008.1192 44.35 -78.75 -1.38855051499473 16.45806094772601
2008.1466 44.35 -78.75 26.03919963024233 19.46710715513151
2008.1740 44.35 -78.75 3.05312590789000 16.78759979473534
2008.2014 44.35 -78.75 12.97187658633022 18.48903601359062
2008.2288 44.35 -78.75 40.93828731744353 20.50352516156902
2008.2562 44.35 -78.75 7.61587163746480 19.44665451978674
2008.2836 44.35 -78.75 10.04622186129068 23.44408060161352
2008.3110 44.35 -78.75 -16.99981237167274 24.52429310153421
2008.3384 44.35 -78.75 15.12679635252708 18.00150254671830
2008.3658 44.35 -78.75 24.73944279265163 18.20261304322049
2008.3932 44.35 -78.75 17.79763130590847 16.15482342637244
2008.4205 44.35 -78.75 -6.76757696484026 14.11978160019905
2008.4479 44.35 -78.75 7.12680562494885 14.61143249511638
2008.4753 44.35 -78.75 26.25247089267738 14.01340092095852
2008.5027 44.35 -78.75 20.25823310254323 17.35129628298990
2008.5301 44.35 -78.75 23.43061401479334 21.45834877539378
2008.5575 44.35 -78.75 21.49012705879007 13.50898052134161
2008.5849 44.35 -78.75 32.13630823732532 16.09219894546522
2008.6123 44.35 -78.75 37.81424318383382 12.82103595366242
2008.6397 44.35 -78.75 23.01467017977822 14.31740715654901
2008.6671 44.35 -78.75 -8.38271659985282 13.59882022353249
2008.6945 44.35 -78.75 -11.21276558336981 13.08377527453631
2008.7219 44.35 -78.75 -10.51800725882841 15.54949897657333
2008.7493 44.35 -78.75 -21.81904615561677 13.90858312832868
2008.7767 44.35 -78.75 -10.62098327972033 16.72533602080487
2008.8041 44.35 -78.75 -7.91076397781135 16.88752449726540
2008.8315 44.35 -78.75 3.95766464376592 18.93014971951319
2008.8589 44.35 -78.75 -15.62643987016510 22.15247896606278
2008.8863 44.35 -78.75 -12.92441898186073 21.24251216034730
2008.9137 44.35 -78.75 0.88086313265135 20.32113172527870
2008.9411 44.35 -78.75 13.88788419067640 20.93014829570145
2008.9685 44.35 -78.75 5.39672932566299 19.52672024344375
2008.9945 44.35 -78.75 26.83267750634651 16.56273978443039
2009.0205 44.35 -78.75 12.50380220747754 16.46252816492480
2009.0479 44.35 -78.75 19.98484726293176 16.47082675614676
2009.0753 44.35 -78.75 23.47127439993950 15.50619461731438
2009.1027 44.35 -78.75 37.97753230462794 19.73821356615238
2009.1301 44.35 -78.75 19.40922499806748 15.36510278951908
2009.1575 44.35 -78.75 13.97117223344228 15.50838489198569
2009.1849 44.35 -78.75 11.90489435180643 18.57349820908419
2009.2123 44.35 -78.75 -2.52409089639317 15.19852081152138
2009.2397 44.35 -78.75 11.21622686134099 17.77917315853763
2009.2671 44.35 -78.75 23.62396083016881 14.69216041011145
2009.2945 44.35 -78.75 0.34500056101586 15.14642048805314
2009.3219 44.35 -78.75 2.46662612907016 15.76052635674187
2009.3493 44.35 -78.75 16.53878662627434 14.31679929990727
2009.3767 44.35 -78.75 4.74909322605804 15.08366381790533
2009.4041 44.35 -78.75 4.86468632510583 12.98917042695331
2009.4315 44.35 -78.75 -14.21683929748698 15.37587168261083
2009.4589 44.35 -78.75 1.91810274935063 12.57409388753896
2009.4863 44.35 -78.75 19.51219810536428 13.99301299146481
2009.5137 44.35 -78.75 12.99611646662831 13.10275611614023
2009.5411 44.35 -78.75 29.10354099539698 16.44211980362166
2009.5685 44.35 -78.75 18.34577466911428 17.65380103862821
2009.5959 44.35 -78.75 27.87572690069173 15.28877062448636
2009.6233 44.35 -78.75 39.70577054031450 16.25598831605832
2009.6507 44.35 -78.75 4.21661261450195 15.69040253087600
2009.6781 44.35 -78.75 -2.38652520827350 17.00714998584521
2009.7055 44.35 -78.75 -30.26528126608325 17.89008895045432
2009.7329 44.35 -78.75 -20.37160396913857 17.06256894396497
2009.7603 44.35 -78.75 -6.40514451148917 19.53766188937846
2009.7877 44.35 -78.75 -34.19672806391796 17.96831682239292
2009.8151 44.35 -78.75 -26.53024280131824 19.53690288610081
2009.8425 44.35 -78.75 -16.54053351143503 17.57897617816082
2009.8699 44.35 -78.75 -38.61154695365543 16.69900402985411
2009.8973 44.35 -78.75 -28.64357578178256 15.52111391410922
2009.9247 44.35 -78.75 -30.57122962264418 15.02424803907050
2009.9521 44.35 -78.75 -2.00369402642819 14.26043231831502
2009.9795 44.35 -78.75 -7.28786549911091 14.66681241025461
2010.0068 44.35 -78.75 -21.62503447860574 19.18627115798834
2010.0342 44.35 -78.75 -16.40856489989609 14.48747344802670
2010.0616 44.35 -78.75 -14.08493214179819 14.97237939655544
2010.0890 44.35 -78.75 6.62531603265030 18.44224902874864
2010.1164 44.35 -78.75 -15.37544453956336 19.06771310172286
2010.1438 44.35 -78.75 9.32489104556436 18.01666831744687
2010.1712 44.35 -78.75 -4.62864880952257 17.16892063078182
2010.1986 44.35 -78.75 26.67014371002190 16.42826759639912
2010.2260 44.35 -78.75 8.86331376640734 18.05691597230461
2010.2534 44.35 -78.75 -4.39936839742826 18.53844996526204
2010.2808 44.35 -78.75 -35.57674617740464 13.90907679156862
2010.3082 44.35 -78.75 -35.42086923539198 14.73420362805484
2010.3356 44.35 -78.75 -25.91814953073239 13.00073346006550
2010.3630 44.35 -78.75 -13.31602567739819 13.95484564023728
2010.3904 44.35 -78.75 -10.68885927210576 14.05659433186074
2010.4178 44.35 -78.75 -21.11655573368509 14.94655325080520
2010.4452 44.35 -78.75 -5.28975648407835 12.97288412087933
2010.4726 44.35 -78.75 11.61457026413460 11.49076265841397
2010.5000 44.35 -78.75 16.88692073662430 13.33386303017531
2010.5274 44.35 -78.75 -12.26057319064822 22.40733423593655
2010.5548 44.35 -78.75 24.66577957559805 13.83029889398669
2010.5822 44.35 -78.75 -4.95799906366414 12.35793928545140
2010.6096 44.35 -78.75 8.75637385624927 16.59551272217886
2010.6370 44.35 -78.75 -4.17922550415845 14.56685022072904
2010.6644 44.35 -78.75 3.55139311420616 13.50892399557312
2010.6918 44.35 -78.75 14.97258429426775 16.72200209843270
2010.7192 44.35 -78.75 -7.50385882082515 15.48855498116013
2010.7466 44.35 -78.75 -36.04836463942917 18.37101031244658
2010.7740 44.35 -78.75 -7.42239099549897 14.28185185408716
2010.8014 44.35 -78.75 -43.28482494809092 13.69509473120481
2010.8288 44.35 -78.75 -21.69124970185378 15.94201846269244
2010.8562 44.35 -78.75 -43.35264100563116 15.56020218833779
2010.8836 44.35 -78.75 -35.44382167539682 14.14501767041443
2010.9110 44.35 -78.75 -32.61646987240047 15.77164647819789
2010.9384 44.35 -78.75 -14.74443477399903 16.46714477656514
2010.9658 44.35 -78.75 0.99102266591575 18.29932894241605
2010.9932 44.35 -78.75 -5.56713352173526 13.22230494686514
2011.1027 44.35 -78.75 -0.22706412402599 13.24661714999795
2011.1301 44.35 -78.75 3.71277102409927 21.73190033638150
2011.1575 44.35 -78.75 -27.13357289657791 13.91588320207985
2011.1849 44.35 -78.75 27.65042500325033 10.62816034819899
2011.2123 44.35 -78.75 23.16482698434586 18.43986039196473
2011.2397 44.35 -78.75 19.42893215280655 19.39125994730215
2011.2671 44.35 -78.75 25.31414585608051 15.28687188676905
2011.2945 44.35 -78.75 11.64781060370703 18.20798497177811
2011.3219 44.35 -78.75 16.97974848048870 16.98142045666413
2011.3493 44.35 -78.75 22.35968308721185 14.95327513786099
2011.3767 44.35 -78.75 23.45988271621246 17.87109804120127
2011.4041 44.35 -78.75 26.68390332905174 15.37515339639381
2011.4315 44.35 -78.75 28.96869967418226 15.07039558751739
2011.5137 44.35 -78.75 17.80372295230811 13.77575777906348
2011.5411 44.35 -78.75 -6.18711350378671 14.98087122016733
2011.5685 44.35 -78.75 3.40023672120961 14.45403198452675
2011.5959 44.35 -78.75 15.31208574403701 15.69051376235236
2011.6233 44.35 -78.75 -1.61482269663974 15.54122147213882
2011.6507 44.35 -78.75 -4.74481368055803 19.02777473773512
2011.6781 44.35 -78.75 15.76770193874109 17.63526442056435
2011.7055 44.35 -78.75 -1.59434856912024 17.73425070289260
2011.7329 44.35 -78.75 -14.13140602134845 20.85077252237818
2011.7603 44.35 -78.75 15.40306368962733 17.65909373036773
2011.7877 44.35 -78.75 -16.10380355997402 18.93350458270546
2011.8151 44.35 -78.75 13.92704435199182 18.47820865708472
2011.8425 44.35 -78.75 -4.17682642304244 20.30510443477427
2011.8699 44.35 -78.75 -17.03610521971476 18.75947294324407
2011.9521 44.35 -78.75 14.34320524644407 11.48753246057188
2011.9795 44.35 -78.75 52.87165343983342 15.94786367869142
2012.0068 44.35 -78.75 21.44054814764724 14.64773273478609
2012.0342 44.35 -78.75 17.45538830769490 17.71003647623733
2012.0616 44.35 -78.75 5.87201184210169 15.34435757607683
2012.0890 44.35 -78.75 -5.91289302652151 15.06721291605327
2012.1164 44.35 -78.75 17.29460319729604 14.58887094163200
2012.1438 44.35 -78.75 4.63620501481413 15.17338091769572
2012.1712 44.35 -78.75 1.40282523940050 14.21920825706161
2012.1986 44.35 -78.75 -8.18535272687562 12.77136828597870
2012.2260 44.35 -78.75 2.74268705572893 13.19788074214704
2012.2534 44.35 -78.75 24.23974676162617 12.82448417591944
2012.2808 44.35 -78.75 -6.77256135072545 11.90869992928692
2012.3082 44.35 -78.75 0.54403098923264 13.66207115767306
2012.3904 44.35 -78.75 2.42714291323802 13.99273042946716
2012.4178 44.35 -78.75 7.15677198705820 10.76565154088589
2012.4452 44.35 -78.75 19.95965917548667 10.58836850820123
2012.4726 44.35 -78.75 1.74905445043532 11.57737587609030
2012.5000 44.35 -78.75 -3.20855639396549 10.89296825471096
2012.5274 44.35 -78.75 -11.51476150195416 11.67339094645822
2012.5548 44.35 -78.75 -22.45767983008881 11.66944761995635
2012.5822 44.35 -78.75 -14.70285200467767 12.55533248678764
2012.6096 44.35 -78.75 -27.17201396774881 12.49978347757257
2012.6370 44.35 -78.75 -27.40529431446604 11.41185358892729
2012.6644 44.35 -78.75 -29.02899831407067 12.65284260650170
2012.6918 44.35 -78.75 -35.99716132624725 13.10156181167066
2012.7192 44.35 -78.75 -37.43839382785927 16.19125520970514
2012.7466 44.35 -78.75 -26.21697021261498 10.63054380900934
2012.8562 44.35 -78.75 -9.20535292286513 16.61763823235464
2012.8836 44.35 -78.75 -19.98160594278304 15.70971538962474
2012.9110 44.35 -78.75 -35.58685727204947 14.83297828229334
2012.9384 44.35 -78.75 -15.22136448672310 13.95553998545974
2012.9658 44.35 -78.75 -26.41909592623015 16.18888066377528
2012.9918 44.35 -78.75 3.99214627361759 7.49761258547455
2013.0178 44.35 -78.75 -16.73286266365218 9.08588905049296
2013.0452 44.35 -78.75 20.17156380138073 8.99156868221883
2013.0726 44.35 -78.75 26.22063344513126 8.19435265392238
2013.1000 44.35 -78.75 26.23097131658830 8.43915023302162
2013.1274 44.35 -78.75 25.63862780016414 7.70468625901002
2013.1548 44.35 -78.75 14.73459684331314 6.92959294143526
2013.2644 44.35 -78.75 10.78581821046571 7.96852869135995
2013.2918 44.35 -78.75 19.69033403461164 7.98463935281330
2013.3192 44.35 -78.75 -1.93560187074332 8.97877860109734
2013.3466 44.35 -78.75 3.71481197782057 9.25932411599358
2013.3740 44.35 -78.75 14.48431855885192 7.75874912822326
2013.4014 44.35 -78.75 25.64493447949448 8.05757286942091
2013.4288 44.35 -78.75 18.11007546468192 6.91117748164303
2013.4562 44.35 -78.75 -8.57262544050291 7.03131415670134
2013.4836 44.35 -78.75 11.21448892925308 7.27587470595322
2013.5110 44.35 -78.75 35.79605201317377 8.38392206704816
2013.5384 44.35 -78.75 24.21992308276216 8.03314492508312
2013.5658 44.35 -78.75 28.09681906717399 8.54206222823683
2013.7575 44.35 -78.75 -12.85962027856636 7.95227587925945
2013.7849 44.35 -78.75 -22.13778046897500 8.36232856684218
2013.8123 44.35 -78.75 -6.40070000755257 7.59543431614275
2013.8397 44.35 -78.75 -10.05120186873937 7.73595874085779
2013.8671 44.35 -78.75 11.00115205924017 8.25708478329541
2013.8945 44.35 -78.75 3.22176320637750 7.71750138733556
2013.9219 44.35 -78.75 22.40334452237712 6.69056523602251
2013.9493 44.35 -78.75 14.50134562342006 7.28281651150989
2013.9767 44.35 -78.75 0.82655650148318 7.23661503281140
2014.0041 44.35 -78.75 33.15509540106239 7.01821389672225
2014.0315 44.35 -78.75 42.37351531103178 7.43138108410005
2014.1685 44.35 -78.75 33.32262377343213 7.72018044172826
2014.1959 44.35 -78.75 42.91336948979308 8.12617732365597
2014.2233 44.35 -78.75 38.41929085713333 7.60784968499831
2014.2507 44.35 -78.75 17.10862123753413 6.86239725660468
2014.2781 44.35 -78.75 53.82767945918104 7.33451507927301
2014.3055 44.35 -78.75 47.05846901056773 6.97626843387707
2014.3329 44.35 -78.75 7.37572499645125 5.50009398224358
2014.3603 44.35 -78.75 54.48694077225582 6.45532433439550
2014.3877 44.35 -78.75 31.56213008001404 6.47401540505166
2014.4151 44.35 -78.75 29.34256318952051 6.39439169503918
2014.4425 44.35 -78.75 43.52113144293936 6.86439071265978
2014.4699 44.35 -78.75 -8.61721638104366 6.73540598865647
2014.5795 44.35 -78.75 12.09701133111047 5.34999369329837
2014.6068 44.35 -78.75 1.20379182970133 5.90398125645879
2014.6342 44.35 -78.75 -0.14899717143188 5.20282559147106
2014.6616 44.35 -78.75 2.14273243474072 6.01775290029163
2014.6890 44.35 -78.75 10.37461683448615 5.85481996476293
2014.7164 44.35 -78.75 9.57633250872932 5.71176859888217
2014.7438 44.35 -78.75 16.55703035167424 6.34589031153203
2014.7712 44.35 -78.75 -3.39863929823443 6.26989705155975
2014.7986 44.35 -78.75 17.07654621711532 5.39013760077079
2014.8260 44.35 -78.75 11.21248183080088 5.34325655916477
2014.8534 44.35 -78.75 1.20262208921362 5.71000801148130
2014.8808 44.35 -78.75 9.17460568438353 5.72190388260902
2014.9082 44.35 -78.75 11.22412358983996 5.85548936250741
2015.0452 44.35 -78.75 8.76602298046504 4.09193726678326
2015.0726 44.35 -78.75 6.41801285126457 4.71035424617950
2015.1000 44.35 -78.75 7.71354434984522 3.97280589968796
2015.1274 44.35 -78.75 14.34024043863319 3.65471706038580
2015.1548 44.35 -78.75 32.44555210461021 4.52333671840601
2015.1822 44.35 -78.75 1.96777830385823 4.13089241169344
2015.2096 44.35 -78.75 34.79357560754399 5.92775927773042
2015.2370 44.35 -78.75 53.99006663673382 6.54593424877888
2015.2644 44.35 -78.75 8.32848408516174 5.56799950855773
2015.2918 44.35 -78.75 26.89411318121688 5.48785718820876
2015.3192 44.35 -78.75 19.92389904687357 5.27619353831417
2015.3466 44.35 -78.75 10.97531804620603 5.82872248209828
2015.4836 44.35 -78.75 31.99626501851586 4.82424847235034
2015.5110 44.35 -78.75 47.28174282314476 4.75363383494689
2015.5384 44.35 -78.75 16.55803854032681 5.43512482391383
2015.5658 44.35 -78.75 33.10761932664828 5.77732026566015
2015.5932 44.35 -78.75 35.34420450307834 6.12127808635611
2015.6205 44.35 -78.75 31.13622222307222 5.76619045641575
2015.6479 44.35 -78.75 16.32181609149358 5.63895765172362
2015.6753 44.35 -78.75 27.27944164109262 5.27749608168099
2015.7027 44.35 -78.75 -9.49309509485328 6.00061074215291
2015.7301 44.35 -78.75 15.62219642657222 5.88104186625218
2015.9493 44.35 -78.75 20.53171800444415 5.60201481600569
2015.9767 44.35 -78.75 -2.54478983355624 6.18541122547311
2016.0041 44.35 -78.75 12.04077565165351 5.46093614076501
2016.0315 44.35 -78.75 19.59132669411226 5.19027602508076
2016.0589 44.35 -78.75 28.48209536959118 5.30554307441008
2016.0863 44.35 -78.75 5.53654249250738 4.61291056738303
2016.1137 44.35 -78.75 16.21763094344011 5.43100704272112
2016.1411 44.35 -78.75 41.15059913871604 6.71276764957297
2016.1685 44.35 -78.75 3.87450655584614 7.40349337332632
2016.1959 44.35 -78.75 56.30820771480570 7.27857745525375
2016.2233 44.35 -78.75 26.06157286732941 7.41805852525251
2016.2507 44.35 -78.75 54.07370191849331 5.56680367112160
2016.3603 44.35 -78.75 7.52360899942329 5.23392074480671
2016.3877 44.35 -78.75 50.71529514452126 6.46177283636526
2016.4151 44.35 -78.75 35.59729215252833 6.25926385746540
2016.4425 44.35 -78.75 44.01024248554671 6.89138912965955
2016.4699 44.35 -78.75 30.23602178595050 6.73922947557630
