site YYMMMDD yyyy.yyyy __MJD week d reflon _e0(m) __east(m) ____n0(m) _north(m) u0(m) ____up(m) _ant(m) sig_e(m) sig_n(m) sig_u(m) __corr_en __corr_eu __corr_nu
RCH3 10MAY01 2010.3299 55317 1581 6 -122.3   -671 -0.801260   4208018  0.645676     5  0.266048  0.0000 0.000468 0.000591 0.001835  0.040956 -0.018033 -0.117017
RCH3 10MAY02 2010.3326 55318 1582 0 -122.3   -671 -0.802703   4208018  0.644826     5  0.266333  0.0000 0.000471 0.000600 0.001880  0.037866 -0.013391 -0.133626
RCH3 10MAY03 2010.3354 55319 1582 1 -122.3   -671 -0.802432   4208018  0.643572     5  0.265845  0.0000 0.000486 0.000613 0.001913  0.030925 -0.020272 -0.119903
RCH3 10MAY04 2010.3381 55320 1582 2 -122.3   -671 -0.801234   4208018  0.645027     5  0.268611  0.0000 0.000472 0.000607 0.001875  0.030114 -0.044565 -0.107938
RCH3 10MAY05 2010.3409 55321 1582 3 -122.3   -671 -0.800693   4208018  0.644447     5  0.260987  0.0000 0.000468 0.000602 0.001851  0.049586 -0.028576 -0.124930
RCH3 10MAY06 2010.3436 55322 1582 4 -122.3   -671 -0.801511   4208018  0.645703     5  0.262954  0.0000 0.000472 0.000602 0.001866  0.048358 -0.041410 -0.131476
RCH3 10MAY07 2010.3463 55323 1582 5 -122.3   -671 -0.802469   4208018  0.643634     5  0.263312  0.0000 0.000474 0.000611 0.001873  0.049763 -0.032064 -0.135849
RCH3 10MAY08 2010.3491 55324 1582 6 -122.3   -671 -0.803446   4208018  0.645433     5  0.263068  0.0000 0.000464 0.000594 0.001819  0.046020 -0.018351 -0.104855
RCH3 10MAY09 2010.3518 55325 1583 0 -122.3   -671 -0.803935   4208018  0.644469     5  0.262962  0.0000 0.000464 0.000600 0.001837  0.043844 -0.014579 -0.110335
RCH3 10MAY10 2010.3546 55326 1583 1 -122.3   -671 -0.801534   4208018  0.645240     5  0.264110  0.0000 0.000465 0.000597 0.001834  0.044308 -0.014952 -0.104959
RCH3 10MAY11 2010.3573 55327 1583 2 -122.3   -671 -0.799891   4208018  0.644934     5  0.262478  0.0000 0.000468 0.000600 0.001844  0.051069 -0.032430 -0.117510
RCH3 10MAY12 2010.3600 55328 1583 3 -122.3   -671 -0.803084   4208018  0.644951     5  0.266810  0.0000 0.000475 0.000609 0.001911  0.009885 -0.010016 -0.105417
RCH3 10MAY13 2010.3628 55329 1583 4 -122.3   -671 -0.802314   4208018  0.643127     5  0.263030  0.0000 0.000463 0.000594 0.001815  0.044274 -0.030371 -0.106956
RCH3 10MAY14 2010.3655 55330 1583 5 -122.3   -671 -0.801892   4208018  0.644906     5  0.259224  0.0000 0.000473 0.000604 0.001856  0.070921 -0.023210 -0.075343
RCH3 10MAY15 2010.3682 55331 1583 6 -122.3   -671 -0.800886   4208018  0.645784     5  0.261930  0.0000 0.000474 0.000604 0.001852  0.063781 -0.012907 -0.085057
RCH3 10MAY16 2010.3710 55332 1584 0 -122.3   -671 -0.800975   4208018  0.645672     5  0.263208  0.0000 0.000464 0.000601 0.001846  0.048376 -0.014383 -0.121227
RCH3 10MAY17 2010.3737 55333 1584 1 -122.3   -671 -0.801024   4208018  0.644489     5  0.256372  0.0000 0.000464 0.000598 0.001833  0.053100 -0.015581 -0.125208
RCH3 10MAY18 2010.3765 55334 1584 2 -122.3   -671 -0.799484   4208018  0.646251     5  0.259904  0.0000 0.000466 0.000594 0.001833  0.047123 -0.041444 -0.111237
RCH3 10MAY19 2010.3792 55335 1584 3 -122.3   -671 -0.799068   4208018  0.644352     5  0.268625  0.0000 0.000487 0.000627 0.001922  0.038760 -0.024823 -0.120100
RCH3 10MAY20 2010.3819 55336 1584 4 -122.3   -671 -0.798896   4208018  0.645308     5  0.262267  0.0000 0.000489 0.000631 0.001940  0.026904 -0.000437 -0.133212
RCH3 10MAY21 2010.3847 55337 1584 5 -122.3   -671 -0.798106   4208018  0.645932     5  0.260927  0.0000 0.000455 0.000600 0.001824  0.021816 -0.010689 -0.121097
RCH3 10MAY24 2010.3929 55340 1585 1 -122.3   -671 -0.800906   4208018  0.647624     5  0.260965  0.0000 0.000465 0.000600 0.001846  0.021508 -0.029687 -0.094190
RCH3 10MAY25 2010.3956 55341 1585 2 -122.3   -671 -0.799700   4208018  0.645916     5  0.261301  0.0000 0.000472 0.000600 0.001852  0.031242 -0.016056 -0.103702
RCH3 10MAY26 2010.3984 55342 1585 3 -122.3   -671 -0.800877   4208018  0.646258     5  0.247326  0.0000 0.000464 0.000596 0.001846  0.044530 -0.020564 -0.116467
RCH3 10MAY27 2010.4011 55343 1585 4 -122.3   -671 -0.798731   4208018  0.644990     5  0.252399  0.0000 0.000455 0.000590 0.001794  0.039041 -0.019944 -0.127802
RCH3 10MAY28 2010.4038 55344 1585 5 -122.3   -671 -0.799725   4208018  0.644236     5  0.254806  0.0000 0.000460 0.000594 0.001811  0.044656 -0.029612 -0.107675
RCH3 10MAY29 2010.4066 55345 1585 6 -122.3   -671 -0.801226   4208018  0.645020     5  0.259977  0.0000 0.000462 0.000591 0.001805  0.033085 -0.029809 -0.091184
RCH3 10MAY30 2010.4093 55346 1586 0 -122.3   -671 -0.803170   4208018  0.646480     5  0.257779  0.0000 0.000465 0.000593 0.001820  0.019126 -0.005128 -0.097353
RCH3 10MAY31 2010.4120 55347 1586 1 -122.3   -671 -0.803566   4208018  0.645153     5  0.266186  0.0000 0.000453 0.000587 0.001799  0.029828 -0.001957 -0.133314
RCH3 10JUN01 2010.4148 55348 1586 2 -122.3   -671 -0.802223   4208018  0.645042     5  0.267915  0.0000 0.000456 0.000590 0.001801  0.020252 -0.008147 -0.126086
RCH3 10JUN02 2010.4175 55349 1586 3 -122.3   -671 -0.802695   4208018  0.644979     5  0.264238  0.0000 0.000455 0.000585 0.001790  0.033991 -0.019754 -0.130231
RCH3 10JUN03 2010.4203 55350 1586 4 -122.3   -671 -0.804442   4208018  0.645764     5  0.270953  0.0000 0.000459 0.000593 0.001805  0.021465 -0.017490 -0.110190
RCH3 10JUN04 2010.4230 55351 1586 5 -122.3   -671 -0.804009   4208018  0.647115     5  0.276559  0.0000 0.000451 0.000585 0.001771  0.038705 -0.021243 -0.119443
RCH3 10JUN05 2010.4257 55352 1586 6 -122.3   -671 -0.800868   4208018  0.647405     5  0.271759  0.0000 0.000455 0.000588 0.001793  0.030502 -0.002192 -0.124721
RCH3 10JUN06 2010.4285 55353 1587 0 -122.3   -671 -0.801655   4208018  0.645248     5  0.272672  0.0000 0.000459 0.000592 0.001807  0.024403 -0.015840 -0.127886
RCH3 10JUN07 2010.4312 55354 1587 1 -122.3   -671 -0.804183   4208018  0.648554     5  0.265980  0.0000 0.000459 0.000587 0.001797  0.034660 -0.022358 -0.128975
RCH3 10JUN08 2010.4339 55355 1587 2 -122.3   -671 -0.804504   4208018  0.647672     5  0.268844  0.0000 0.000456 0.000588 0.001797  0.025499 -0.014790 -0.122338
RCH3 10JUN09 2010.4367 55356 1587 3 -122.3   -671 -0.804745   4208018  0.645583     5  0.266349  0.0000 0.000454 0.000588 0.001788  0.031857 -0.019361 -0.120093
RCH3 10JUN11 2010.4422 55358 1587 5 -122.3   -671 -0.802435   4208018  0.645751     5  0.259879  0.0000 0.000458 0.000593 0.001815  0.017437 -0.019779 -0.126341
RCH3 10JUN12 2010.4449 55359 1587 6 -122.3   -671 -0.804057   4208018  0.645966     5  0.266492  0.0000 0.000459 0.000592 0.001813  0.016700 -0.012542 -0.119591
RCH3 10JUN13 2010.4476 55360 1588 0 -122.3   -671 -0.805995   4208018  0.645634     5  0.272533  0.0000 0.000459 0.000593 0.001824  0.026420 -0.027200 -0.119355
RCH3 10JUN14 2010.4504 55361 1588 1 -122.3   -671 -0.806372   4208018  0.645403     5  0.264041  0.0000 0.000455 0.000590 0.001805  0.022719 -0.019013 -0.109752
RCH3 10JUN15 2010.4531 55362 1588 2 -122.3   -671 -0.808237   4208018  0.645110     5  0.262388  0.0000 0.000454 0.000591 0.001809  0.032734 -0.028158 -0.107193
RCH3 10JUN16 2010.4559 55363 1588 3 -122.3   -671 -0.804497   4208018  0.645853     5  0.264761  0.0000 0.000453 0.000591 0.001798  0.032580 -0.018403 -0.124249
RCH3 10JUN17 2010.4586 55364 1588 4 -122.3   -671 -0.804839   4208018  0.646633     5  0.261751  0.0000 0.000465 0.000611 0.001854  0.036680 -0.045602 -0.122674
RCH3 10JUN18 2010.4613 55365 1588 5 -122.3   -671 -0.803840   4208018  0.644934     5  0.260826  0.0000 0.000466 0.000603 0.001854  0.036961 -0.035141 -0.146493
RCH3 10JUN19 2010.4641 55366 1588 6 -122.3   -671 -0.805660   4208018  0.644963     5  0.263077  0.0000 0.000457 0.000590 0.001804  0.030045 -0.031241 -0.117994
RCH3 10JUN20 2010.4668 55367 1589 0 -122.3   -671 -0.803009   4208018  0.647070     5  0.253787  0.0000 0.000454 0.000586 0.001787  0.033238 -0.019736 -0.121087
RCH3 10JUN21 2010.4695 55368 1589 1 -122.3   -671 -0.803535   4208018  0.645790     5  0.251088  0.0000 0.000452 0.000585 0.001772  0.054724 -0.036343 -0.107966
RCH3 10JUN22 2010.4723 55369 1589 2 -122.3   -671 -0.803092   4208018  0.647703     5  0.261476  0.0000 0.000453 0.000585 0.001787  0.026938 -0.013696 -0.133199
RCH3 10JUN23 2010.4750 55370 1589 3 -122.3   -671 -0.802299   4208018  0.645525     5  0.257629  0.0000 0.000454 0.000589 0.001778  0.036209 -0.029414 -0.123117
RCH3 10JUN24 2010.4778 55371 1589 4 -122.3   -671 -0.804046   4208018  0.646990     5  0.263417  0.0000 0.000475 0.000602 0.001831  0.036326 -0.045421 -0.135342
RCH3 10JUN25 2010.4805 55372 1589 5 -122.3   -671 -0.802487   4208018  0.645980     5  0.250790  0.0000 0.000470 0.000599 0.001825  0.034060 -0.028078 -0.134935
RCH3 10JUN26 2010.4832 55373 1589 6 -122.3   -671 -0.801303   4208018  0.646924     5  0.257271  0.0000 0.000454 0.000584 0.001776  0.041703 -0.035920 -0.123286
RCH3 10JUN27 2010.4860 55374 1590 0 -122.3   -671 -0.801711   4208018  0.644933     5  0.265555  0.0000 0.000456 0.000590 0.001791  0.025646 -0.015118 -0.125021
RCH3 10JUN28 2010.4887 55375 1590 1 -122.3   -671 -0.804356   4208018  0.645702     5  0.255172  0.0000 0.000452 0.000587 0.001769  0.032131 -0.020217 -0.125218
RCH3 10JUN29 2010.4914 55376 1590 2 -122.3   -671 -0.805184   4208018  0.646335     5  0.259686  0.0000 0.000454 0.000586 0.001769  0.042956 -0.035518 -0.118030
RCH3 10JUN30 2010.4942 55377 1590 3 -122.3   -671 -0.805338   4208018  0.649061     5  0.264997  0.0000 0.000454 0.000586 0.001764  0.044363 -0.034470 -0.116962
RCH3 10JUL06 2010.5106 55383 1591 2 -122.3   -671 -0.805556   4208018  0.645190     5  0.254897  0.0000 0.000454 0.000583 0.001772  0.040187 -0.032648 -0.125004
RCH3 10JUL07 2010.5133 55384 1591 3 -122.3   -671 -0.803999   4208018  0.644185     5  0.265269  0.0000 0.000456 0.000584 0.001780  0.042392 -0.032220 -0.135950
RCH3 10JUL08 2010.5161 55385 1591 4 -122.3   -671 -0.804398   4208018  0.645738     5  0.255515  0.0000 0.000455 0.000584 0.001774  0.028374 -0.013848 -0.130794
RCH3 10JUL09 2010.5188 55386 1591 5 -122.3   -671 -0.802697   4208018  0.645010     5  0.256693  0.0000 0.000453 0.000587 0.001785  0.032265 -0.034975 -0.130520
RCH3 10JUL10 2010.5216 55387 1591 6 -122.3   -671 -0.804333   4208018  0.643751     5  0.254832  0.0000 0.000455 0.000582 0.001772  0.030267 -0.029331 -0.115007
RCH3 10JUL11 2010.5243 55388 1592 0 -122.3   -671 -0.805235   4208018  0.644982     5  0.259600  0.0000 0.000456 0.000584 0.001774  0.033288 -0.025684 -0.114383
RCH3 10JUL12 2010.5270 55389 1592 1 -122.3   -671 -0.803034   4208018  0.642815     5  0.262606  0.0000 0.000455 0.000583 0.001776  0.036224 -0.029067 -0.123306
RCH3 10JUL13 2010.5298 55390 1592 2 -122.3   -671 -0.805076   4208018  0.643310     5  0.259590  0.0000 0.000460 0.000587 0.001791  0.045127 -0.033538 -0.119620
RCH3 10JUL14 2010.5325 55391 1592 3 -122.3   -671 -0.806553   4208018  0.646867     5  0.261184  0.0000 0.000457 0.000587 0.001804  0.040635 -0.047629 -0.140481
RCH3 10JUL15 2010.5352 55392 1592 4 -122.3   -671 -0.805153   4208018  0.645936     5  0.266182  0.0000 0.000456 0.000584 0.001774  0.031956 -0.034403 -0.109574
RCH3 10JUL16 2010.5380 55393 1592 5 -122.3   -671 -0.806610   4208018  0.645391     5  0.266532  0.0000 0.000454 0.000580 0.001772  0.025259 -0.027152 -0.105942
RCH3 10JUL17 2010.5407 55394 1592 6 -122.3   -671 -0.805921   4208018  0.643937     5  0.260742  0.0000 0.000457 0.000581 0.001782  0.022795 -0.013145 -0.133238
RCH3 10JUL18 2010.5435 55395 1593 0 -122.3   -671 -0.804610   4208018  0.646194     5  0.266117  0.0000 0.000458 0.000582 0.001779  0.033055 -0.037440 -0.131920
RCH3 10JUL19 2010.5462 55396 1593 1 -122.3   -671 -0.805390   4208018  0.647515     5  0.264505  0.0000 0.000457 0.000582 0.001782  0.038589 -0.033628 -0.128548
RCH3 10JUL20 2010.5489 55397 1593 2 -122.3   -671 -0.802236   4208018  0.647396     5  0.258557  0.0000 0.000453 0.000580 0.001761  0.027394 -0.035809 -0.119409
RCH3 10JUL21 2010.5517 55398 1593 3 -122.3   -671 -0.804913   4208018  0.646615     5  0.257748  0.0000 0.000458 0.000582 0.001777  0.023006 -0.034349 -0.108718
RCH3 10JUL22 2010.5544 55399 1593 4 -122.3   -671 -0.805154   4208018  0.644585     5  0.257595  0.0000 0.000458 0.000583 0.001784  0.027739 -0.024688 -0.119645
RCH3 10JUL23 2010.5572 55400 1593 5 -122.3   -671 -0.803233   4208018  0.645439     5  0.260515  0.0000 0.000459 0.000584 0.001788  0.036650 -0.022103 -0.146924
RCH3 10JUL24 2010.5599 55401 1593 6 -122.3   -671 -0.804090   4208018  0.644648     5  0.264559  0.0000 0.000459 0.000583 0.001788  0.043927 -0.033340 -0.124093
RCH3 10JUL25 2010.5626 55402 1594 0 -122.3   -671 -0.804135   4208018  0.646833     5  0.255214  0.0000 0.000456 0.000583 0.001779  0.033527 -0.032202 -0.123232
RCH3 10JUL26 2010.5654 55403 1594 1 -122.3   -671 -0.804802   4208018  0.643044     5  0.256329  0.0000 0.000457 0.000582 0.001782  0.020541 -0.021601 -0.114512
RCH3 10JUL27 2010.5681 55404 1594 2 -122.3   -671 -0.806893   4208018  0.646204     5  0.250439  0.0000 0.000460 0.000586 0.001799  0.024133 -0.025142 -0.108321
RCH3 10JUL28 2010.5708 55405 1594 3 -122.3   -671 -0.805312   4208018  0.645766     5  0.259690  0.0000 0.000460 0.000584 0.001794  0.036333 -0.022991 -0.136967
RCH3 10JUL29 2010.5736 55406 1594 4 -122.3   -671 -0.806520   4208018  0.645299     5  0.257692  0.0000 0.000479 0.000594 0.001842  0.028678 -0.030368 -0.139565
RCH3 10JUL30 2010.5763 55407 1594 5 -122.3   -671 -0.806320   4208018  0.645103     5  0.262853  0.0000 0.000473 0.000587 0.001806  0.030343 -0.031872 -0.130688
RCH3 10JUL31 2010.5791 55408 1594 6 -122.3   -671 -0.804253   4208018  0.644749     5  0.258364  0.0000 0.000455 0.000574 0.001774  0.032150 -0.022412 -0.117341
RCH3 10AUG01 2010.5818 55409 1595 0 -122.3   -671 -0.804948   4208018  0.646586     5  0.260373  0.0000 0.000458 0.000582 0.001783  0.026572 -0.017659 -0.120055
RCH3 10AUG02 2010.5845 55410 1595 1 -122.3   -671 -0.805084   4208018  0.647844     5  0.260218  0.0000 0.000459 0.000584 0.001783  0.033198 -0.022022 -0.135710
RCH3 10AUG03 2010.5873 55411 1595 2 -122.3   -671 -0.807509   4208018  0.644503     5  0.259787  0.0000 0.000472 0.000595 0.001815  0.053378 -0.030279 -0.147292
RCH3 10AUG04 2010.5900 55412 1595 3 -122.3   -671 -0.807243   4208018  0.644994     5  0.265847  0.0000 0.000470 0.000590 0.001788  0.051229 -0.022316 -0.126583
RCH3 10AUG05 2010.5927 55413 1595 4 -122.3   -671 -0.807915   4208018  0.644845     5  0.257861  0.0000 0.000454 0.000578 0.001766  0.032049 -0.024041 -0.104499
RCH3 10AUG06 2010.5955 55414 1595 5 -122.3   -671 -0.805203   4208018  0.646807     5  0.259497  0.0000 0.000456 0.000579 0.001773  0.028958 -0.029549 -0.113207
RCH3 10AUG07 2010.5982 55415 1595 6 -122.3   -671 -0.807165   4208018  0.646631     5  0.259164  0.0000 0.000458 0.000585 0.001778  0.031630 -0.023701 -0.124364
RCH3 10AUG08 2010.6010 55416 1596 0 -122.3   -671 -0.807183   4208018  0.643947     5  0.253821  0.0000 0.000459 0.000581 0.001776  0.040022 -0.034078 -0.114471
RCH3 10AUG10 2010.6064 55418 1596 2 -122.3   -671 -0.806077   4208018  0.644648     5  0.258150  0.0000 0.000460 0.000576 0.001771  0.035967 -0.022365 -0.128207
RCH3 10AUG11 2010.6092 55419 1596 3 -122.3   -671 -0.807589   4208018  0.646040     5  0.263493  0.0000 0.000454 0.000573 0.001748  0.036326 -0.028961 -0.106692
RCH3 10AUG12 2010.6119 55420 1596 4 -122.3   -671 -0.807506   4208018  0.646059     5  0.265878  0.0000 0.000457 0.000578 0.001765  0.036294 -0.025582 -0.123366
RCH3 10AUG13 2010.6146 55421 1596 5 -122.3   -671 -0.806272   4208018  0.646682     5  0.265102  0.0000 0.000459 0.000578 0.001775  0.030743 -0.026586 -0.128198
RCH3 10AUG16 2010.6229 55424 1597 1 -122.3   -671 -0.805926   4208018  0.646638     5  0.260720  0.0000 0.000455 0.000573 0.001752  0.039418 -0.027638 -0.117508
RCH3 10AUG17 2010.6256 55425 1597 2 -122.3   -671 -0.807138   4208018  0.646113     5  0.264274  0.0000 0.000454 0.000575 0.001749  0.045719 -0.039893 -0.121888
RCH3 10AUG18 2010.6283 55426 1597 3 -122.3   -671 -0.808414   4208018  0.645656     5  0.262189  0.0000 0.000459 0.000580 0.001773  0.028600 -0.019222 -0.122377
RCH3 10AUG19 2010.6311 55427 1597 4 -122.3   -671 -0.806642   4208018  0.644333     5  0.258231  0.0000 0.000475 0.000586 0.001802  0.020845 -0.025161 -0.129261
RCH3 10AUG20 2010.6338 55428 1597 5 -122.3   -671 -0.808704   4208018  0.645963     5  0.265036  0.0000 0.000458 0.000577 0.001764  0.030869 -0.025059 -0.134830
RCH3 10AUG21 2010.6366 55429 1597 6 -122.3   -671 -0.811020   4208018  0.645950     5  0.259342  0.0000 0.000458 0.000576 0.001767  0.044350 -0.025958 -0.126016
RCH3 10AUG22 2010.6393 55430 1598 0 -122.3   -671 -0.807944   4208018  0.645834     5  0.264336  0.0000 0.000459 0.000577 0.001784  0.032843 -0.028508 -0.133024
RCH3 10AUG23 2010.6420 55431 1598 1 -122.3   -671 -0.807797   4208018  0.643885     5  0.261372  0.0000 0.000456 0.000579 0.001774  0.035376 -0.036966 -0.125198
RCH3 10AUG24 2010.6448 55432 1598 2 -122.3   -671 -0.810292   4208018  0.644990     5  0.263605  0.0000 0.000464 0.000595 0.001822  0.045851 -0.027174 -0.105025
RCH3 10AUG25 2010.6475 55433 1598 3 -122.3   -671 -0.812618   4208018  0.644602     5  0.265527  0.0000 0.000458 0.000577 0.001776  0.041432 -0.036403 -0.137606
RCH3 10AUG26 2010.6502 55434 1598 4 -122.3   -671 -0.811068   4208018  0.644553     5  0.266861  0.0000 0.000467 0.000584 0.001786  0.051520 -0.026315 -0.127975
RCH3 10AUG27 2010.6530 55435 1598 5 -122.3   -671 -0.810264   4208018  0.644840     5  0.259965  0.0000 0.000481 0.000593 0.001803  0.075284 -0.041689 -0.130867
RCH3 10AUG28 2010.6557 55436 1598 6 -122.3   -671 -0.808255   4208018  0.646597     5  0.251104  0.0000 0.000455 0.000568 0.001748  0.051090 -0.040533 -0.115457
RCH3 10AUG29 2010.6585 55437 1599 0 -122.3   -671 -0.809617   4208018  0.645478     5  0.245746  0.0000 0.000452 0.000562 0.001737  0.036558 -0.029633 -0.118280
RCH3 10AUG30 2010.6612 55438 1599 1 -122.3   -671 -0.809633   4208018  0.645434     5  0.260924  0.0000 0.000461 0.000572 0.001763  0.034857 -0.034503 -0.126372
RCH3 10AUG31 2010.6639 55439 1599 2 -122.3   -671 -0.810054   4208018  0.645384     5  0.259035  0.0000 0.000458 0.000575 0.001768  0.045975 -0.037906 -0.120411
RCH3 10SEP01 2010.6667 55440 1599 3 -122.3   -671 -0.810967   4208018  0.643532     5  0.266920  0.0000 0.000452 0.000561 0.001722  0.044479 -0.028793 -0.102239
RCH3 10SEP02 2010.6694 55441 1599 4 -122.3   -671 -0.810340   4208018  0.645508     5  0.264621  0.0000 0.000458 0.000567 0.001754  0.048585 -0.027508 -0.120694
RCH3 10SEP03 2010.6721 55442 1599 5 -122.3   -671 -0.812852   4208018  0.645876     5  0.266166  0.0000 0.000452 0.000563 0.001723  0.038315 -0.039517 -0.094605
RCH3 10SEP04 2010.6749 55443 1599 6 -122.3   -671 -0.813706   4208018  0.646642     5  0.266331  0.0000 0.000453 0.000560 0.001728  0.033417 -0.018057 -0.121895
RCH3 10SEP05 2010.6776 55444 1600 0 -122.3   -671 -0.812711   4208018  0.646050     5  0.266643  0.0000 0.000455 0.000564 0.001744  0.037557 -0.027333 -0.112818
RCH3 10SEP06 2010.6804 55445 1600 1 -122.3   -671 -0.810652   4208018  0.645656     5  0.268133  0.0000 0.000457 0.000568 0.001754  0.050984 -0.035702 -0.112984
RCH3 10SEP07 2010.6831 55446 1600 2 -122.3   -671 -0.812832   4208018  0.647668     5  0.262349  0.0000 0.000455 0.000564 0.001741  0.048510 -0.026775 -0.109546
RCH3 10SEP08 2010.6858 55447 1600 3 -122.3   -671 -0.811432   4208018  0.645878     5  0.261267  0.0000 0.000456 0.000568 0.001748  0.053844 -0.039971 -0.117545
RCH3 10SEP09 2010.6886 55448 1600 4 -122.3   -671 -0.811074   4208018  0.643995     5  0.255798  0.0000 0.000447 0.000558 0.001704  0.046260 -0.030114 -0.100518
RCH3 10SEP10 2010.6913 55449 1600 5 -122.3   -671 -0.811720   4208018  0.646543     5  0.263230  0.0000 0.000453 0.000562 0.001738  0.034592 -0.012524 -0.111463
RCH3 10SEP11 2010.6940 55450 1600 6 -122.3   -671 -0.814393   4208018  0.648173     5  0.262598  0.0000 0.000465 0.000573 0.001768  0.031453 -0.022457 -0.081069
RCH3 10SEP12 2010.6968 55451 1601 0 -122.3   -671 -0.814638   4208018  0.645428     5  0.260322  0.0000 0.000453 0.000565 0.001741  0.054874 -0.020886 -0.126361
RCH3 10SEP13 2010.6995 55452 1601 1 -122.3   -671 -0.814899   4208018  0.647511     5  0.261733  0.0000 0.000454 0.000565 0.001744  0.043857 -0.019150 -0.116682
RCH3 10SEP14 2010.7023 55453 1601 2 -122.3   -671 -0.811544   4208018  0.647230     5  0.262031  0.0000 0.000450 0.000561 0.001714  0.043056 -0.030031 -0.106746
RCH3 10SEP15 2010.7050 55454 1601 3 -122.3   -671 -0.811800   4208018  0.647258     5  0.264158  0.0000 0.000452 0.000560 0.001744  0.026045 -0.016597 -0.124574
RCH3 10SEP16 2010.7077 55455 1601 4 -122.3   -671 -0.809887   4208018  0.647217     5  0.271644  0.0000 0.000454 0.000563 0.001741  0.028566 -0.017639 -0.118646
RCH3 10SEP17 2010.7105 55456 1601 5 -122.3   -671 -0.812461   4208018  0.646969     5  0.266282  0.0000 0.000456 0.000564 0.001749  0.037636 -0.016957 -0.122389
RCH3 10SEP18 2010.7132 55457 1601 6 -122.3   -671 -0.808629   4208018  0.646009     5  0.267056  0.0000 0.000454 0.000565 0.001752  0.037250 -0.014322 -0.125920
RCH3 10SEP19 2010.7159 55458 1602 0 -122.3   -671 -0.812369   4208018  0.646313     5  0.260633  0.0000 0.000453 0.000562 0.001741  0.041411 -0.024194 -0.115067
RCH3 10SEP20 2010.7187 55459 1602 1 -122.3   -671 -0.810507   4208018  0.648151     5  0.266694  0.0000 0.000452 0.000559 0.001726  0.035759 -0.015196 -0.125786
RCH3 10SEP21 2010.7214 55460 1602 2 -122.3   -671 -0.808061   4208018  0.647867     5  0.262741  0.0000 0.000468 0.000573 0.001795  0.056988 -0.064702 -0.134802
RCH3 10SEP22 2010.7242 55461 1602 3 -122.3   -671 -0.809546   4208018  0.647522     5  0.271465  0.0000 0.000473 0.000576 0.001811  0.041826 -0.028100 -0.131306
RCH3 10SEP23 2010.7269 55462 1602 4 -122.3   -671 -0.809906   4208018  0.644058     5  0.266349  0.0000 0.000461 0.000580 0.001792  0.029098 -0.016737 -0.125211
RCH3 10SEP24 2010.7296 55463 1602 5 -122.3   -671 -0.810949   4208018  0.645830     5  0.265993  0.0000 0.000455 0.000565 0.001749  0.042798 -0.020706 -0.134919
RCH3 10SEP25 2010.7324 55464 1602 6 -122.3   -671 -0.811263   4208018  0.644872     5  0.264488  0.0000 0.000455 0.000563 0.001734  0.039436 -0.027493 -0.134377
RCH3 10SEP26 2010.7351 55465 1603 0 -122.3   -671 -0.812108   4208018  0.643733     5  0.268791  0.0000 0.000452 0.000559 0.001722  0.045000 -0.032456 -0.120365
RCH3 10SEP27 2010.7379 55466 1603 1 -122.3   -671 -0.811813   4208018  0.645157     5  0.268399  0.0000 0.000470 0.000584 0.001769  0.029621 -0.036536 -0.128187
RCH3 10SEP28 2010.7406 55467 1603 2 -122.3   -671 -0.814715   4208018  0.642699     5  0.268955  0.0000 0.000467 0.000582 0.001766  0.046759 -0.016072 -0.130317
RCH3 10SEP29 2010.7433 55468 1603 3 -122.3   -671 -0.817630   4208018  0.645479     5  0.277053  0.0000 0.000455 0.000571 0.001742  0.037966 -0.020332 -0.107682
RCH3 10SEP30 2010.7461 55469 1603 4 -122.3   -671 -0.817937   4208018  0.645769     5  0.277321  0.0000 0.000462 0.000579 0.001778  0.031524 -0.018849 -0.135935
RCH3 10OCT01 2010.7488 55470 1603 5 -122.3   -671 -0.815283   4208018  0.646211     5  0.274674  0.0000 0.000462 0.000580 0.001769  0.025108 -0.021790 -0.113889
RCH3 10OCT03 2010.7543 55472 1604 0 -122.3   -671 -0.811595   4208018  0.643925     5  0.268618  0.0000 0.000464 0.000585 0.001790  0.022513 -0.018897 -0.117065
RCH3 10OCT08 2010.7680 55477 1604 5 -122.3   -671 -0.813213   4208018  0.647908     5  0.261265  0.0000 0.000466 0.000570 0.001761  0.055261 -0.023443 -0.112674
RCH3 10OCT10 2010.7734 55479 1605 0 -122.3   -671 -0.814710   4208018  0.646414     5  0.273274  0.0000 0.000467 0.000574 0.001770  0.071190 -0.038996 -0.106175
RCH3 10OCT11 2010.7762 55480 1605 1 -122.3   -671 -0.814115   4208018  0.645445     5  0.264749  0.0000 0.000470 0.000579 0.001802  0.063156 -0.049832 -0.110326
RCH3 10OCT21 2010.8036 55490 1606 4 -122.3   -671 -0.813047   4208018  0.646494     5  0.266499  0.0000 0.000456 0.000567 0.001749  0.032553 -0.027095 -0.102908
RCH3 10OCT27 2010.8200 55496 1607 3 -122.3   -671 -0.813510   4208018  0.648461     5  0.261825  0.0000 0.000454 0.000564 0.001748  0.019833 -0.004147 -0.106789
RCH3 10NOV01 2010.8337 55501 1608 1 -122.3   -671 -0.810603   4208018  0.644173     5  0.269253  0.0000 0.000465 0.000568 0.001761  0.034571 -0.010389 -0.083124
RCH3 10NOV02 2010.8364 55502 1608 2 -122.3   -671 -0.813187   4208018  0.647102     5  0.266565  0.0000 0.000451 0.000564 0.001736  0.020610 -0.012492 -0.100309
RCH3 10NOV03 2010.8392 55503 1608 3 -122.3   -671 -0.810500   4208018  0.645412     5  0.269872  0.0000 0.000449 0.000563 0.001727  0.011843 -0.011690 -0.099953
RCH3 10NOV04 2010.8419 55504 1608 4 -122.3   -671 -0.811447   4208018  0.646420     5  0.270559  0.0000 0.000451 0.000563 0.001735  0.018199 -0.009905 -0.102626
RCH3 10NOV05 2010.8446 55505 1608 5 -122.3   -671 -0.814064   4208018  0.645056     5  0.264096  0.0000 0.000449 0.000560 0.001722  0.017227  0.014406 -0.105982
RCH3 10NOV06 2010.8474 55506 1608 6 -122.3   -671 -0.811531   4208018  0.646661     5  0.268311  0.0000 0.000449 0.000563 0.001723  0.014060  0.011091 -0.105492
RCH3 10NOV07 2010.8501 55507 1609 0 -122.3   -671 -0.813456   4208018  0.645422     5  0.263376  0.0000 0.000450 0.000564 0.001731  0.018952 -0.004150 -0.092542
RCH3 10NOV08 2010.8528 55508 1609 1 -122.3   -671 -0.811968   4208018  0.648420     5  0.256718  0.0000 0.000450 0.000563 0.001729  0.014271 -0.003323 -0.105768
RCH3 10NOV09 2010.8556 55509 1609 2 -122.3   -671 -0.811027   4208018  0.648307     5  0.258764  0.0000 0.000448 0.000564 0.001724  0.011222  0.002459 -0.113601
RCH3 10NOV10 2010.8583 55510 1609 3 -122.3   -671 -0.812488   4208018  0.648639     5  0.260898  0.0000 0.000449 0.000562 0.001724  0.017064  0.010315 -0.110242
RCH3 10NOV11 2010.8611 55511 1609 4 -122.3   -671 -0.812427   4208018  0.649457     5  0.266039  0.0000 0.000449 0.000562 0.001741  0.024006  0.005466 -0.130928
RCH3 10NOV12 2010.8638 55512 1609 5 -122.3   -671 -0.812363   4208018  0.648518     5  0.265534  0.0000 0.000448 0.000560 0.001722  0.014753  0.013426 -0.101355
RCH3 10NOV13 2010.8665 55513 1609 6 -122.3   -671 -0.811946   4208018  0.647205     5  0.266694  0.0000 0.000450 0.000563 0.001733  0.014208  0.022023 -0.113627
RCH3 10NOV14 2010.8693 55514 1610 0 -122.3   -671 -0.813820   4208018  0.644194     5  0.259434  0.0000 0.000457 0.000565 0.001745  0.014719  0.012228 -0.075675
RCH3 10NOV15 2010.8720 55515 1610 1 -122.3   -671 -0.814401   4208018  0.645362     5  0.270851  0.0000 0.000457 0.000565 0.001738  0.009982 -0.001583 -0.067572
RCH3 10NOV16 2010.8747 55516 1610 2 -122.3   -671 -0.813736   4208018  0.644716     5  0.271312  0.0000 0.000460 0.000577 0.001781  0.018128  0.007227 -0.080943
RCH3 10NOV17 2010.8775 55517 1610 3 -122.3   -671 -0.815346   4208018  0.648803     5  0.266361  0.0000 0.000461 0.000580 0.001786  0.017548  0.011889 -0.084352
RCH3 10NOV18 2010.8802 55518 1610 4 -122.3   -671 -0.813528   4208018  0.647725     5  0.268138  0.0000 0.000457 0.000569 0.001764  0.017348  0.012906 -0.081213
RCH3 10NOV19 2010.8830 55519 1610 5 -122.3   -671 -0.815459   4208018  0.646759     5  0.264735  0.0000 0.000463 0.000584 0.001783  0.005258  0.030842 -0.086162
RCH3 10NOV21 2010.8884 55521 1611 0 -122.3   -671 -0.811229   4208018  0.645334     5  0.251773  0.0000 0.000474 0.000590 0.001838 -0.001985  0.021128 -0.049183
RCH3 10NOV22 2010.8912 55522 1611 1 -122.3   -671 -0.812899   4208018  0.646514     5  0.254976  0.0000 0.000475 0.000591 0.001863  0.025774 -0.013603 -0.052095
RCH3 10NOV23 2010.8939 55523 1611 2 -122.3   -671 -0.813937   4208018  0.647083     5  0.261877  0.0000 0.000460 0.000573 0.001799  0.019014  0.026741 -0.086066
RCH3 10NOV24 2010.8966 55524 1611 3 -122.3   -671 -0.812006   4208018  0.645737     5  0.260268  0.0000 0.000458 0.000569 0.001779  0.016662 -0.002405 -0.078259
RCH3 10NOV25 2010.8994 55525 1611 4 -122.3   -671 -0.812114   4208018  0.645401     5  0.261910  0.0000 0.000452 0.000565 0.001746  0.018254 -0.002636 -0.067372
RCH3 10NOV26 2010.9021 55526 1611 5 -122.3   -671 -0.813954   4208018  0.646134     5  0.265266  0.0000 0.000457 0.000571 0.001770  0.004193  0.013812 -0.074332
RCH3 10NOV27 2010.9049 55527 1611 6 -122.3   -671 -0.814513   4208018  0.647919     5  0.253665  0.0000 0.000458 0.000570 0.001779  0.015457 -0.017864 -0.083193
RCH3 10NOV28 2010.9076 55528 1612 0 -122.3   -671 -0.811865   4208018  0.650715     5  0.260180  0.0000 0.000458 0.000571 0.001779  0.013555  0.015367 -0.081644
RCH3 10NOV29 2010.9103 55529 1612 1 -122.3   -671 -0.810858   4208018  0.647519     5  0.261167  0.0000 0.000458 0.000571 0.001773  0.021530  0.008213 -0.085047
RCH3 10NOV30 2010.9131 55530 1612 2 -122.3   -671 -0.812727   4208018  0.647002     5  0.262195  0.0000 0.000454 0.000567 0.001754  0.009205  0.009466 -0.063373
RCH3 10DEC01 2010.9158 55531 1612 3 -122.3   -671 -0.813205   4208018  0.646590     5  0.267015  0.0000 0.000455 0.000569 0.001775  0.014705  0.013244 -0.069739
RCH3 10DEC02 2010.9185 55532 1612 4 -122.3   -671 -0.813981   4208018  0.646877     5  0.263393  0.0000 0.000456 0.000568 0.001761  0.008751  0.005782 -0.074062
RCH3 10DEC04 2010.9240 55534 1612 6 -122.3   -671 -0.810740   4208018  0.648969     5  0.266948  0.0000 0.000459 0.000571 0.001792  0.011050  0.006483 -0.086841
RCH3 10DEC05 2010.9268 55535 1613 0 -122.3   -671 -0.810902   4208018  0.647245     5  0.272013  0.0000 0.000459 0.000574 0.001797 -0.000386  0.026400 -0.086027
RCH3 10DEC06 2010.9295 55536 1613 1 -122.3   -671 -0.810854   4208018  0.651785     5  0.261621  0.0000 0.000456 0.000571 0.001799  0.016741  0.006152 -0.090956
RCH3 10DEC07 2010.9322 55537 1613 2 -122.3   -671 -0.811280   4208018  0.647577     5  0.267897  0.0000 0.000455 0.000569 0.001773  0.019344 -0.010361 -0.066149
RCH3 10DEC08 2010.9350 55538 1613 3 -122.3   -671 -0.810978   4208018  0.650447     5  0.275246  0.0000 0.000458 0.000575 0.001796  0.007288 -0.003639 -0.076238
RCH3 10DEC09 2010.9377 55539 1613 4 -122.3   -671 -0.809278   4208018  0.647829     5  0.271669  0.0000 0.000460 0.000577 0.001811  0.015019 -0.005761 -0.073660
RCH3 10DEC10 2010.9405 55540 1613 5 -122.3   -671 -0.807885   4208018  0.648711     5  0.271327  0.0000 0.000461 0.000580 0.001832  0.004997  0.017030 -0.071597
RCH3 10DEC11 2010.9432 55541 1613 6 -122.3   -671 -0.808215   4208018  0.649003     5  0.269978  0.0000 0.000456 0.000572 0.001791  0.013512  0.001946 -0.081876
RCH3 10DEC12 2010.9459 55542 1614 0 -122.3   -671 -0.807669   4208018  0.648119     5  0.271972  0.0000 0.000456 0.000568 0.001778  0.019317 -0.008712 -0.085824
RCH3 10DEC13 2010.9487 55543 1614 1 -122.3   -671 -0.810153   4208018  0.648001     5  0.272308  0.0000 0.000456 0.000568 0.001790  0.007092  0.007840 -0.098501
RCH3 10DEC14 2010.9514 55544 1614 2 -122.3   -671 -0.809577   4208018  0.649781     5  0.270532  0.0000 0.000459 0.000580 0.001833 -0.005788  0.006994 -0.079743
RCH3 10DEC15 2010.9541 55545 1614 3 -122.3   -671 -0.810081   4208018  0.649443     5  0.263730  0.0000 0.000458 0.000571 0.001798  0.009500 -0.005840 -0.082565
RCH3 10DEC16 2010.9569 55546 1614 4 -122.3   -671 -0.810075   4208018  0.650120     5  0.258701  0.0000 0.000453 0.000564 0.001770  0.023814 -0.004914 -0.091585
RCH3 10DEC17 2010.9596 55547 1614 5 -122.3   -671 -0.809579   4208018  0.650283     5  0.264112  0.0000 0.000458 0.000584 0.001845  0.026831 -0.014415 -0.140022
RCH3 10DEC18 2010.9624 55548 1614 6 -122.3   -671 -0.807259   4208018  0.648650     5  0.265317  0.0000 0.000456 0.000568 0.001794  0.024721 -0.003419 -0.111388
RCH3 10DEC19 2010.9651 55549 1615 0 -122.3   -671 -0.805394   4208018  0.652489     5  0.256408  0.0000 0.000456 0.000567 0.001791  0.023597 -0.006531 -0.104848
RCH3 10DEC20 2010.9678 55550 1615 1 -122.3   -671 -0.805986   4208018  0.652402     5  0.249537  0.0000 0.000457 0.000572 0.001826  0.026146 -0.013066 -0.109281
RCH3 10DEC21 2010.9706 55551 1615 2 -122.3   -671 -0.806677   4208018  0.652494     5  0.251111  0.0000 0.000455 0.000565 0.001773  0.022630 -0.012182 -0.085733
RCH3 10DEC22 2010.9733 55552 1615 3 -122.3   -671 -0.810424   4208018  0.650178     5  0.255120  0.0000 0.000453 0.000568 0.001783  0.023115 -0.007212 -0.095923
RCH3 10DEC24 2010.9788 55554 1615 5 -122.3   -671 -0.808302   4208018  0.651675     5  0.268133  0.0000 0.000458 0.000572 0.001799  0.025311 -0.008196 -0.100813
RCH3 10DEC25 2010.9815 55555 1615 6 -122.3   -671 -0.806880   4208018  0.650825     5  0.262456  0.0000 0.000445 0.000563 0.001766  0.012364 -0.010276 -0.122795
RCH3 10DEC26 2010.9843 55556 1616 0 -122.3   -671 -0.805391   4208018  0.650517     5  0.261063  0.0000 0.000448 0.000566 0.001771  0.005362  0.001997 -0.123662
RCH3 10DEC28 2010.9897 55558 1616 2 -122.3   -671 -0.807803   4208018  0.649463     5  0.263264  0.0000 0.000449 0.000572 0.001766  0.021469 -0.009973 -0.115312
RCH3 10DEC29 2010.9925 55559 1616 3 -122.3   -671 -0.809245   4208018  0.650982     5  0.262354  0.0000 0.000456 0.000586 0.001816  0.022900 -0.004245 -0.120882
RCH3 11JAN04 2011.0089 55565 1617 2 -122.3   -671 -0.806895   4208018  0.649453     5  0.262408  0.0000 0.000455 0.000576 0.001792  0.015920  0.003773 -0.130518
RCH3 11JAN06 2011.0144 55567 1617 4 -122.3   -671 -0.809120   4208018  0.651516     5  0.263914  0.0000 0.000447 0.000566 0.001763 -0.001295  0.017762 -0.113787
RCH3 11JAN07 2011.0171 55568 1617 5 -122.3   -671 -0.807096   4208018  0.652194     5  0.265040  0.0000 0.000451 0.000571 0.001802  0.008988 -0.004686 -0.130212
RCH3 11JAN08 2011.0198 55569 1617 6 -122.3   -671 -0.808536   4208018  0.654609     5  0.266677  0.0000 0.000447 0.000569 0.001775  0.004931  0.005106 -0.120273
RCH3 11JAN12 2011.0308 55573 1618 3 -122.3   -671 -0.808155   4208018  0.652866     5  0.264413  0.0000 0.000456 0.000584 0.001806  0.002132  0.003256 -0.133302
RCH3 11JAN13 2011.0335 55574 1618 4 -122.3   -671 -0.811091   4208018  0.653649     5  0.268289  0.0000 0.000447 0.000571 0.001779 -0.006598  0.017475 -0.135005
RCH3 11JAN14 2011.0363 55575 1618 5 -122.3   -671 -0.807839   4208018  0.652464     5  0.269457  0.0000 0.000447 0.000568 0.001766  0.013296  0.006009 -0.126076
RCH3 11JAN15 2011.0390 55576 1618 6 -122.3   -671 -0.811141   4208018  0.652623     5  0.265194  0.0000 0.000449 0.000570 0.001785  0.001983  0.026629 -0.142275
RCH3 11JAN16 2011.0418 55577 1619 0 -122.3   -671 -0.810285   4208018  0.653221     5  0.271803  0.0000 0.000444 0.000567 0.001764  0.009226  0.010028 -0.112696
RCH3 11JAN17 2011.0445 55578 1619 1 -122.3   -671 -0.807853   4208018  0.652292     5  0.273302  0.0000 0.000451 0.000572 0.001780  0.008755  0.014421 -0.112993
RCH3 11JAN18 2011.0472 55579 1619 2 -122.3   -671 -0.810894   4208018  0.651350     5  0.268779  0.0000 0.000461 0.000587 0.001830 -0.006106 -0.006155 -0.136809
RCH3 11JAN19 2011.0500 55580 1619 3 -122.3   -671 -0.810756   4208018  0.652968     5  0.268555  0.0000 0.000462 0.000581 0.001830 -0.006764  0.006965 -0.151621
RCH3 11JAN20 2011.0527 55581 1619 4 -122.3   -671 -0.811357   4208018  0.652150     5  0.273545  0.0000 0.000451 0.000567 0.001778  0.008701  0.007759 -0.125927
RCH3 11JAN21 2011.0554 55582 1619 5 -122.3   -671 -0.811442   4208018  0.650407     5  0.272165  0.0000 0.000447 0.000569 0.001775  0.010149  0.005719 -0.116325
RCH3 11JAN22 2011.0582 55583 1619 6 -122.3   -671 -0.812453   4208018  0.655009     5  0.268558  0.0000 0.000449 0.000565 0.001791  0.013319 -0.005127 -0.112120
RCH3 11JAN23 2011.0609 55584 1620 0 -122.3   -671 -0.814472   4208018  0.651888     5  0.264542  0.0000 0.000448 0.000568 0.001779  0.006430 -0.003057 -0.117192
RCH3 11JAN24 2011.0637 55585 1620 1 -122.3   -671 -0.812327   4208018  0.654029     5  0.275138  0.0000 0.000451 0.000569 0.001780  0.016208 -0.012324 -0.122726
RCH3 11JAN25 2011.0664 55586 1620 2 -122.3   -671 -0.813975   4208018  0.652583     5  0.268993  0.0000 0.000451 0.000568 0.001776  0.003826  0.008485 -0.132830
RCH3 11JAN26 2011.0691 55587 1620 3 -122.3   -671 -0.814841   4208018  0.651626     5  0.272640  0.0000 0.000454 0.000583 0.001815 -0.013000  0.016851 -0.115642
RCH3 11JAN27 2011.0719 55588 1620 4 -122.3   -671 -0.813597   4208018  0.651823     5  0.264370  0.0000 0.000450 0.000567 0.001783  0.011515  0.007579 -0.123003
RCH3 11JAN29 2011.0773 55590 1620 6 -122.3   -671 -0.813706   4208018  0.651317     5  0.264237  0.0000 0.000445 0.000570 0.001775  0.001008  0.000927 -0.130373
RCH3 11JAN31 2011.0828 55592 1621 1 -122.3   -671 -0.813076   4208018  0.653302     5  0.257015  0.0000 0.000449 0.000565 0.001777  0.006254  0.010832 -0.111870
RCH3 11FEB01 2011.0856 55593 1621 2 -122.3   -671 -0.812630   4208018  0.652441     5  0.261552  0.0000 0.000451 0.000568 0.001795  0.011761 -0.008363 -0.105541
RCH3 11FEB02 2011.0883 55594 1621 3 -122.3   -671 -0.812413   4208018  0.652217     5  0.258607  0.0000 0.000450 0.000564 0.001785  0.015027 -0.008595 -0.117063
RCH3 11FEB03 2011.0910 55595 1621 4 -122.3   -671 -0.815632   4208018  0.650433     5  0.260891  0.0000 0.000448 0.000567 0.001779  0.006358 -0.010149 -0.115032
RCH3 11FEB04 2011.0938 55596 1621 5 -122.3   -671 -0.814549   4208018  0.651970     5  0.271509  0.0000 0.000450 0.000569 0.001795 -0.002876  0.002348 -0.127633
RCH3 11FEB05 2011.0965 55597 1621 6 -122.3   -671 -0.816448   4208018  0.650904     5  0.266475  0.0000 0.000451 0.000568 0.001797 -0.005386  0.009232 -0.130293
RCH3 11FEB07 2011.1020 55599 1622 1 -122.3   -671 -0.815938   4208018  0.652508     5  0.265786  0.0000 0.000449 0.000566 0.001780  0.013289 -0.005729 -0.117026
RCH3 11FEB08 2011.1047 55600 1622 2 -122.3   -671 -0.818884   4208018  0.652503     5  0.264285  0.0000 0.000447 0.000565 0.001776  0.013261 -0.012238 -0.106483
RCH3 11FEB09 2011.1075 55601 1622 3 -122.3   -671 -0.817834   4208018  0.653085     5  0.261980  0.0000 0.000448 0.000568 0.001791  0.016067 -0.011913 -0.128699
RCH3 11FEB10 2011.1102 55602 1622 4 -122.3   -671 -0.819486   4208018  0.650944     5  0.262285  0.0000 0.000447 0.000566 0.001776  0.000389 -0.004938 -0.127394
RCH3 11FEB11 2011.1129 55603 1622 5 -122.3   -671 -0.817721   4208018  0.651387     5  0.266274  0.0000 0.000452 0.000569 0.001810  0.005720  0.000700 -0.129845
RCH3 11FEB12 2011.1157 55604 1622 6 -122.3   -671 -0.819081   4208018  0.648447     5  0.264983  0.0000 0.000448 0.000566 0.001780  0.010230 -0.025600 -0.115747
RCH3 11FEB13 2011.1184 55605 1623 0 -122.3   -671 -0.817758   4208018  0.648150     5  0.265628  0.0000 0.000446 0.000570 0.001794  0.020683 -0.017946 -0.107829
RCH3 11FEB14 2011.1211 55606 1623 1 -122.3   -671 -0.818498   4208018  0.648565     5  0.255832  0.0000 0.000444 0.000563 0.001775  0.017728 -0.017758 -0.119017
RCH3 11FEB15 2011.1239 55607 1623 2 -122.3   -671 -0.816940   4208018  0.645570     5  0.256274  0.0000 0.000460 0.000569 0.001826  0.011054 -0.014346 -0.108536
RCH3 11FEB16 2011.1266 55608 1623 3 -122.3   -671 -0.815371   4208018  0.650690     5  0.254599  0.0000 0.000462 0.000574 0.001844 -0.004827 -0.003305 -0.094591
RCH3 11FEB17 2011.1294 55609 1623 4 -122.3   -671 -0.816830   4208018  0.649496     5  0.251621  0.0000 0.000448 0.000566 0.001791  0.010987 -0.021739 -0.123826
RCH3 11FEB18 2011.1321 55610 1623 5 -122.3   -671 -0.814999   4208018  0.651218     5  0.245744  0.0000 0.000444 0.000564 0.001764  0.008362 -0.010330 -0.111911
RCH3 11FEB19 2011.1348 55611 1623 6 -122.3   -671 -0.815996   4208018  0.651292     5  0.247285  0.0000 0.000445 0.000563 0.001770 -0.006706  0.009391 -0.127906
RCH3 11FEB20 2011.1376 55612 1624 0 -122.3   -671 -0.814870   4208018  0.649952     5  0.257528  0.0000 0.000443 0.000563 0.001767 -0.002642  0.005136 -0.124847
RCH3 11FEB21 2011.1403 55613 1624 1 -122.3   -671 -0.815598   4208018  0.652731     5  0.255004  0.0000 0.000447 0.000565 0.001786  0.010787 -0.010971 -0.124620
RCH3 11FEB24 2011.1485 55616 1624 4 -122.3   -671 -0.815435   4208018  0.653893     5  0.259517  0.0000 0.000444 0.000561 0.001759  0.002268 -0.011029 -0.103921
RCH3 11FEB26 2011.1540 55618 1624 6 -122.3   -671 -0.818284   4208018  0.655748     5  0.252026  0.0000 0.000448 0.000562 0.001788 -0.006304 -0.000717 -0.110744
RCH3 11FEB27 2011.1567 55619 1625 0 -122.3   -671 -0.818570   4208018  0.654830     5  0.257237  0.0000 0.000451 0.000570 0.001805 -0.003726  0.001028 -0.112276
RCH3 11FEB28 2011.1595 55620 1625 1 -122.3   -671 -0.819505   4208018  0.652571     5  0.257727  0.0000 0.000446 0.000563 0.001774  0.006056 -0.009037 -0.109930
RCH3 11MAR01 2011.1622 55621 1625 2 -122.3   -671 -0.818795   4208018  0.653409     5  0.263509  0.0000 0.000446 0.000564 0.001768  0.011889 -0.012109 -0.117488
RCH3 11MAR02 2011.1650 55622 1625 3 -122.3   -671 -0.819443   4208018  0.655848     5  0.254914  0.0000 0.000443 0.000561 0.001768 -0.004812  0.016382 -0.124292
RCH3 11MAR03 2011.1677 55623 1625 4 -122.3   -671 -0.815597   4208018  0.652080     5  0.257515  0.0000 0.000439 0.000555 0.001736  0.008023 -0.013593 -0.105577
RCH3 11MAR04 2011.1704 55624 1625 5 -122.3   -671 -0.817931   4208018  0.652086     5  0.257657  0.0000 0.000450 0.000566 0.001799  0.006862 -0.000009 -0.115904
RCH3 11MAR05 2011.1732 55625 1625 6 -122.3   -671 -0.814662   4208018  0.654153     5  0.262743  0.0000 0.000448 0.000566 0.001795  0.003490 -0.009748 -0.124196
RCH3 11MAR06 2011.1759 55626 1626 0 -122.3   -671 -0.816672   4208018  0.653360     5  0.260555  0.0000 0.000444 0.000565 0.001767  0.003036  0.001256 -0.109457
RCH3 11MAR08 2011.1814 55628 1626 2 -122.3   -671 -0.818277   4208018  0.653085     5  0.264230  0.0000 0.000443 0.000563 0.001758 -0.003529  0.005947 -0.116290
RCH3 11MAR09 2011.1841 55629 1626 3 -122.3   -671 -0.816663   4208018  0.653210     5  0.265472  0.0000 0.000446 0.000564 0.001769  0.003923 -0.000040 -0.104195
RCH3 11MAR10 2011.1869 55630 1626 4 -122.3   -671 -0.818541   4208018  0.653312     5  0.263493  0.0000 0.000445 0.000565 0.001776  0.006349  0.007403 -0.119474
RCH3 11MAR11 2011.1896 55631 1626 5 -122.3   -671 -0.817801   4208018  0.652423     5  0.259222  0.0000 0.000446 0.000567 0.001780  0.006935 -0.001371 -0.128126
RCH3 11MAR12 2011.1923 55632 1626 6 -122.3   -671 -0.819470   4208018  0.652500     5  0.261149  0.0000 0.000443 0.000568 0.001763 -0.002820  0.007629 -0.115077
RCH3 11MAR13 2011.1951 55633 1627 0 -122.3   -671 -0.819987   4208018  0.651340     5  0.263685  0.0000 0.000444 0.000563 0.001755  0.000313  0.007973 -0.114342
RCH3 11MAR14 2011.1978 55634 1627 1 -122.3   -671 -0.819818   4208018  0.650782     5  0.257136  0.0000 0.000447 0.000573 0.001781  0.014321 -0.010600 -0.094203
RCH3 11MAR15 2011.2005 55635 1627 2 -122.3   -671 -0.817936   4208018  0.652009     5  0.261618  0.0000 0.000451 0.000570 0.001792  0.005937  0.014991 -0.114784
RCH3 11MAR16 2011.2033 55636 1627 3 -122.3   -671 -0.819421   4208018  0.650966     5  0.262985  0.0000 0.000454 0.000583 0.001832  0.008931 -0.007049 -0.128996
RCH3 11MAR17 2011.2060 55637 1627 4 -122.3   -671 -0.820888   4208018  0.651205     5  0.254629  0.0000 0.000446 0.000570 0.001788  0.007553 -0.004141 -0.114780
RCH3 11MAR18 2011.2088 55638 1627 5 -122.3   -671 -0.819670   4208018  0.653048     5  0.250084  0.0000 0.000451 0.000577 0.001802  0.007367 -0.003155 -0.120082
RCH3 11MAR19 2011.2115 55639 1627 6 -122.3   -671 -0.817771   4208018  0.651338     5  0.250391  0.0000 0.000449 0.000567 0.001777  0.000605  0.022994 -0.113794
RCH3 11MAR20 2011.2142 55640 1628 0 -122.3   -671 -0.819644   4208018  0.652681     5  0.243902  0.0000 0.000449 0.000570 0.001794  0.011729  0.014254 -0.115580
RCH3 11MAR21 2011.2170 55641 1628 1 -122.3   -671 -0.820522   4208018  0.656520     5  0.247855  0.0000 0.000454 0.000580 0.001824  0.009682 -0.003597 -0.125805
RCH3 11MAR22 2011.2197 55642 1628 2 -122.3   -671 -0.820574   4208018  0.652539     5  0.255564  0.0000 0.000454 0.000585 0.001829 -0.011298  0.001870 -0.133908
RCH3 11MAR23 2011.2225 55643 1628 3 -122.3   -671 -0.820108   4208018  0.651859     5  0.254091  0.0000 0.000461 0.000592 0.001847 -0.004977 -0.001763 -0.131896
RCH3 11MAR24 2011.2252 55644 1628 4 -122.3   -671 -0.816900   4208018  0.653194     5  0.247792  0.0000 0.000451 0.000574 0.001795 -0.020163 -0.006336 -0.108379
RCH3 11MAR25 2011.2279 55645 1628 5 -122.3   -671 -0.814588   4208018  0.651737     5  0.252464  0.0000 0.000455 0.000582 0.001821  0.003321 -0.016099 -0.130533
RCH3 11MAR26 2011.2307 55646 1628 6 -122.3   -671 -0.818344   4208018  0.651023     5  0.259793  0.0000 0.000455 0.000583 0.001834 -0.009509  0.004629 -0.113793
RCH3 11MAR27 2011.2334 55647 1629 0 -122.3   -671 -0.817477   4208018  0.653832     5  0.255956  0.0000 0.000446 0.000567 0.001770 -0.012052  0.007503 -0.104930
RCH3 11MAR28 2011.2361 55648 1629 1 -122.3   -671 -0.817368   4208018  0.653961     5  0.262853  0.0000 0.000457 0.000588 0.001841 -0.022288 -0.013194 -0.115221
RCH3 11MAR29 2011.2389 55649 1629 2 -122.3   -671 -0.817038   4208018  0.651242     5  0.258489  0.0000 0.000460 0.000586 0.001835 -0.013264  0.001570 -0.119641
RCH3 11MAR30 2011.2416 55650 1629 3 -122.3   -671 -0.820809   4208018  0.655300     5  0.266001  0.0000 0.000449 0.000569 0.001791 -0.010110 -0.011273 -0.119286
RCH3 11APR01 2011.2471 55652 1629 5 -122.3   -671 -0.823418   4208018  0.651574     5  0.271330  0.0000 0.000445 0.000562 0.001767 -0.008710  0.006376 -0.101618
RCH3 11APR02 2011.2498 55653 1629 6 -122.3   -671 -0.824611   4208018  0.652422     5  0.262564  0.0000 0.000446 0.000568 0.001778 -0.008755 -0.006345 -0.094298
RCH3 11APR03 2011.2526 55654 1630 0 -122.3   -671 -0.822791   4208018  0.652663     5  0.261701  0.0000 0.000448 0.000571 0.001789 -0.018932 -0.000289 -0.102084
RCH3 11APR04 2011.2553 55655 1630 1 -122.3   -671 -0.824095   4208018  0.652648     5  0.265846  0.0000 0.000453 0.000571 0.001811 -0.010039 -0.004482 -0.108362
RCH3 11APR05 2011.2580 55656 1630 2 -122.3   -671 -0.825697   4208018  0.649931     5  0.272256  0.0000 0.000459 0.000579 0.001841  0.021870  0.001085 -0.125157
RCH3 11APR06 2011.2608 55657 1630 3 -122.3   -671 -0.825683   4208018  0.650797     5  0.258336  0.0000 0.000463 0.000584 0.001861  0.007519  0.019558 -0.116401
RCH3 11APR07 2011.2635 55658 1630 4 -122.3   -671 -0.829681   4208018  0.651512     5  0.263906  0.0000 0.000457 0.000585 0.001812 -0.004300  0.015161 -0.083036
RCH3 11APR08 2011.2663 55659 1630 5 -122.3   -671 -0.827320   4208018  0.651814     5  0.252702  0.0000 0.000451 0.000570 0.001798 -0.012253  0.007359 -0.094610
RCH3 11APR09 2011.2690 55660 1630 6 -122.3   -671 -0.825210   4208018  0.651765     5  0.253084  0.0000 0.000451 0.000572 0.001798 -0.014749 -0.003287 -0.109521
RCH3 11APR10 2011.2717 55661 1631 0 -122.3   -671 -0.824569   4208018  0.653792     5  0.254876  0.0000 0.000462 0.000583 0.001831 -0.003668  0.011225 -0.124900
RCH3 11APR11 2011.2745 55662 1631 1 -122.3   -671 -0.827249   4208018  0.653705     5  0.257708  0.0000 0.000463 0.000583 0.001831  0.001581  0.010676 -0.112420
RCH3 11APR12 2011.2772 55663 1631 2 -122.3   -671 -0.827649   4208018  0.652975     5  0.252851  0.0000 0.000467 0.000596 0.001848  0.017462  0.000843 -0.123080
RCH3 11APR13 2011.2799 55664 1631 3 -122.3   -671 -0.824487   4208018  0.652996     5  0.255633  0.0000 0.000455 0.000575 0.001827  0.010005 -0.027978 -0.122287
RCH3 11APR14 2011.2827 55665 1631 4 -122.3   -671 -0.824059   4208018  0.656246     5  0.260267  0.0000 0.000448 0.000566 0.001788 -0.002394 -0.023096 -0.110235
RCH3 11APR15 2011.2854 55666 1631 5 -122.3   -671 -0.821682   4208018  0.654912     5  0.260848  0.0000 0.000448 0.000567 0.001785 -0.002636 -0.007026 -0.119478
RCH3 11APR16 2011.2882 55667 1631 6 -122.3   -671 -0.823992   4208018  0.653821     5  0.259844  0.0000 0.000449 0.000567 0.001787 -0.013894  0.010422 -0.131869
RCH3 11APR17 2011.2909 55668 1632 0 -122.3   -671 -0.825355   4208018  0.653968     5  0.257306  0.0000 0.000442 0.000561 0.001767  0.003657  0.002205 -0.114709
RCH3 11APR18 2011.2936 55669 1632 1 -122.3   -671 -0.827344   4208018  0.650725     5  0.255189  0.0000 0.000443 0.000563 0.001761 -0.003662 -0.000567 -0.098976
RCH3 11APR19 2011.2964 55670 1632 2 -122.3   -671 -0.824764   4208018  0.654923     5  0.257498  0.0000 0.000443 0.000562 0.001757  0.002641 -0.011061 -0.110480
RCH3 11APR20 2011.2991 55671 1632 3 -122.3   -671 -0.824973   4208018  0.654505     5  0.253388  0.0000 0.000446 0.000569 0.001784 -0.016261  0.015070 -0.099308
RCH3 11APR22 2011.3046 55673 1632 5 -122.3   -671 -0.825131   4208018  0.654962     5  0.258763  0.0000 0.000467 0.000583 0.001854 -0.001866  0.013455 -0.122102
RCH3 11APR23 2011.3073 55674 1632 6 -122.3   -671 -0.824697   4208018  0.653054     5  0.257395  0.0000 0.000446 0.000568 0.001780  0.006218  0.004604 -0.102104
RCH3 11APR24 2011.3101 55675 1633 0 -122.3   -671 -0.825634   4208018  0.652396     5  0.258268  0.0000 0.000443 0.000561 0.001765  0.003288 -0.001081 -0.105319
RCH3 11APR25 2011.3128 55676 1633 1 -122.3   -671 -0.824031   4208018  0.654152     5  0.267213  0.0000 0.000445 0.000565 0.001773 -0.002683  0.010473 -0.103761
RCH3 11APR26 2011.3155 55677 1633 2 -122.3   -671 -0.823050   4208018  0.652795     5  0.264889  0.0000 0.000445 0.000567 0.001777 -0.006460  0.007556 -0.116704
RCH3 11APR28 2011.3210 55679 1633 4 -122.3   -671 -0.825525   4208018  0.653313     5  0.262267  0.0000 0.000447 0.000565 0.001785 -0.006766  0.003299 -0.121596
RCH3 11APR29 2011.3238 55680 1633 5 -122.3   -671 -0.825925   4208018  0.653067     5  0.262376  0.0000 0.000443 0.000561 0.001758  0.007252 -0.011230 -0.120789
RCH3 11APR30 2011.3265 55681 1633 6 -122.3   -671 -0.826800   4208018  0.653835     5  0.256927  0.0000 0.000444 0.000565 0.001765 -0.010066  0.013043 -0.113296
RCH3 11MAY01 2011.3292 55682 1634 0 -122.3   -671 -0.828254   4208018  0.652869     5  0.256739  0.0000 0.000445 0.000564 0.001766 -0.006459  0.015376 -0.117896
RCH3 11MAY02 2011.3320 55683 1634 1 -122.3   -671 -0.828143   4208018  0.652599     5  0.261891  0.0000 0.000447 0.000566 0.001769  0.001758  0.006246 -0.114121
RCH3 11MAY03 2011.3347 55684 1634 2 -122.3   -671 -0.826369   4208018  0.652164     5  0.257791  0.0000 0.000454 0.000577 0.001803  0.012087 -0.015454 -0.132963
RCH3 11MAY04 2011.3374 55685 1634 3 -122.3   -671 -0.827418   4208018  0.653346     5  0.262547  0.0000 0.000462 0.000578 0.001821  0.007669 -0.006230 -0.130316
RCH3 11MAY05 2011.3402 55686 1634 4 -122.3   -671 -0.829223   4208018  0.651376     5  0.266709  0.0000 0.000452 0.000572 0.001791 -0.021147  0.021218 -0.107285
RCH3 11MAY06 2011.3429 55687 1634 5 -122.3   -671 -0.830040   4208018  0.649462     5  0.266768  0.0000 0.000454 0.000575 0.001798 -0.025104  0.025875 -0.098118
RCH3 11MAY07 2011.3457 55688 1634 6 -122.3   -671 -0.830429   4208018  0.651939     5  0.261597  0.0000 0.000462 0.000576 0.001821 -0.003072  0.004471 -0.139973
RCH3 11MAY08 2011.3484 55689 1635 0 -122.3   -671 -0.830998   4208018  0.650299     5  0.259970  0.0000 0.000461 0.000575 0.001815 -0.003191 -0.004687 -0.128387
RCH3 11MAY09 2011.3511 55690 1635 1 -122.3   -671 -0.828039   4208018  0.650336     5  0.251427  0.0000 0.000459 0.000572 0.001819  0.002490 -0.011645 -0.124921
