site YYMMMDD yyyy.yyyy __MJD week d reflon _e0(m) __east(m) ____n0(m) _north(m) u0(m) ____up(m) _ant(m) sig_e(m) sig_n(m) sig_u(m) __corr_en __corr_eu __corr_nu
CARB 05JAN26 2005.0705 53396 1307 3 -106.7  -3289 -0.945066   3758440  0.634047  1626  0.787688  0.0000 0.000551 0.000613 0.002263  0.093219 -0.224032 -0.268922
CARB 05JAN27 2005.0732 53397 1307 4 -106.7  -3289 -0.945645   3758440  0.634830  1626  0.775147  0.0000 0.000554 0.000618 0.002229  0.111909 -0.246520 -0.261541
CARB 05JAN28 2005.0760 53398 1307 5 -106.7  -3289 -0.945562   3758440  0.636093  1626  0.768611  0.0000 0.000557 0.000621 0.002246  0.066901 -0.207538 -0.226264
CARB 05JAN29 2005.0787 53399 1307 6 -106.7  -3289 -0.945619   3758440  0.633850  1626  0.775425  0.0000 0.000541 0.000606 0.002205  0.096453 -0.218854 -0.246425
CARB 05JAN30 2005.0815 53400 1308 0 -106.7  -3289 -0.943774   3758440  0.634705  1626  0.776435  0.0000 0.000541 0.000605 0.002201  0.094981 -0.215821 -0.240514
CARB 05JAN31 2005.0842 53401 1308 1 -106.7  -3289 -0.945501   3758440  0.634811  1626  0.770325  0.0000 0.000541 0.000605 0.002206  0.091326 -0.221002 -0.248508
CARB 05FEB01 2005.0869 53402 1308 2 -106.7  -3289 -0.946678   3758440  0.635288  1626  0.771788  0.0000 0.000533 0.000607 0.002207  0.095787 -0.238152 -0.246683
CARB 05FEB02 2005.0897 53403 1308 3 -106.7  -3289 -0.946092   3758440  0.635817  1626  0.768170  0.0000 0.000529 0.000601 0.002146  0.092208 -0.235248 -0.222472
CARB 05FEB03 2005.0924 53404 1308 4 -106.7  -3289 -0.945125   3758440  0.634065  1626  0.772663  0.0000 0.000541 0.000622 0.002231  0.127846 -0.240914 -0.252473
CARB 05FEB04 2005.0951 53405 1308 5 -106.7  -3289 -0.945332   3758440  0.635688  1626  0.777246  0.0000 0.000533 0.000606 0.002199  0.090463 -0.226198 -0.244963
CARB 05FEB05 2005.0979 53406 1308 6 -106.7  -3289 -0.945646   3758440  0.634764  1626  0.782133  0.0000 0.000535 0.000604 0.002224  0.090319 -0.236614 -0.244783
CARB 05FEB06 2005.1006 53407 1309 0 -106.7  -3289 -0.944191   3758440  0.634132  1626  0.778306  0.0000 0.000533 0.000599 0.002167  0.090199 -0.240745 -0.225148
CARB 05FEB07 2005.1034 53408 1309 1 -106.7  -3289 -0.945079   3758440  0.635397  1626  0.774978  0.0000 0.000530 0.000597 0.002133  0.094077 -0.231830 -0.220067
CARB 05FEB08 2005.1061 53409 1309 2 -106.7  -3289 -0.944844   3758440  0.636021  1626  0.782149  0.0000 0.000550 0.000618 0.002198  0.106439 -0.236327 -0.255670
CARB 05FEB09 2005.1088 53410 1309 3 -106.7  -3289 -0.945047   3758440  0.636129  1626  0.771871  0.0000 0.000556 0.000622 0.002249  0.100713 -0.236368 -0.258838
CARB 05FEB10 2005.1116 53411 1309 4 -106.7  -3289 -0.945532   3758440  0.635366  1626  0.780169  0.0000 0.000534 0.000604 0.002186  0.097288 -0.237115 -0.238411
CARB 05FEB11 2005.1143 53412 1309 5 -106.7  -3289 -0.944553   3758440  0.635775  1626  0.776661  0.0000 0.000531 0.000601 0.002161  0.099899 -0.237433 -0.239551
CARB 05FEB12 2005.1170 53413 1309 6 -106.7  -3289 -0.947548   3758440  0.635848  1626  0.780710  0.0000 0.000534 0.000600 0.002183  0.089740 -0.231853 -0.241182
CARB 05FEB13 2005.1198 53414 1310 0 -106.7  -3289 -0.944996   3758440  0.632936  1626  0.773454  0.0000 0.000531 0.000599 0.002139  0.100613 -0.244121 -0.226573
CARB 05FEB14 2005.1225 53415 1310 1 -106.7  -3289 -0.946445   3758440  0.635823  1626  0.772704  0.0000 0.000531 0.000604 0.002148  0.108376 -0.234054 -0.234674
CARB 05FEB15 2005.1253 53416 1310 2 -106.7  -3289 -0.945293   3758440  0.634821  1626  0.775393  0.0000 0.000536 0.000609 0.002192  0.101151 -0.232603 -0.240282
CARB 05FEB16 2005.1280 53417 1310 3 -106.7  -3289 -0.947008   3758440  0.636882  1626  0.778723  0.0000 0.000537 0.000608 0.002193  0.108007 -0.246696 -0.236718
CARB 05FEB17 2005.1307 53418 1310 4 -106.7  -3289 -0.945698   3758440  0.636119  1626  0.777470  0.0000 0.000542 0.000618 0.002223  0.100031 -0.228956 -0.248262
CARB 05MAR22 2005.2211 53451 1315 2 -106.7  -3289 -0.944296   3758440  0.632787  1626  0.781966  0.0000 0.000531 0.000619 0.002227  0.112314 -0.233660 -0.229351
CARB 05MAR23 2005.2238 53452 1315 3 -106.7  -3289 -0.945754   3758440  0.633199  1626  0.775333  0.0000 0.000527 0.000611 0.002167  0.121664 -0.234749 -0.236378
CARB 05MAR24 2005.2266 53453 1315 4 -106.7  -3289 -0.946735   3758440  0.633880  1626  0.782875  0.0000 0.000531 0.000614 0.002186  0.117343 -0.223722 -0.239920
CARB 05MAR25 2005.2293 53454 1315 5 -106.7  -3289 -0.947735   3758440  0.636245  1626  0.777928  0.0000 0.000531 0.000618 0.002204  0.113293 -0.240767 -0.234091
CARB 05MAR26 2005.2320 53455 1315 6 -106.7  -3289 -0.948155   3758440  0.635777  1626  0.774613  0.0000 0.000533 0.000621 0.002211  0.116962 -0.233989 -0.230958
CARB 05MAR27 2005.2348 53456 1316 0 -106.7  -3289 -0.947266   3758440  0.633796  1626  0.775743  0.0000 0.000531 0.000619 0.002254  0.112005 -0.243810 -0.236581
CARB 05MAR28 2005.2375 53457 1316 1 -106.7  -3289 -0.947613   3758440  0.633505  1626  0.782339  0.0000 0.000532 0.000615 0.002205  0.117371 -0.243483 -0.218966
CARB 05MAR29 2005.2402 53458 1316 2 -106.7  -3289 -0.947428   3758440  0.634345  1626  0.782528  0.0000 0.000545 0.000630 0.002272  0.119892 -0.239327 -0.252271
CARB 05MAR30 2005.2430 53459 1316 3 -106.7  -3289 -0.947494   3758440  0.634589  1626  0.785110  0.0000 0.000529 0.000614 0.002212  0.116978 -0.237902 -0.225920
CARB 05MAR31 2005.2457 53460 1316 4 -106.7  -3289 -0.947561   3758440  0.636074  1626  0.774460  0.0000 0.000543 0.000637 0.002316  0.092585 -0.227313 -0.245054
CARB 05APR01 2005.2485 53461 1316 5 -106.7  -3289 -0.947655   3758440  0.636067  1626  0.776430  0.0000 0.000536 0.000620 0.002270  0.119813 -0.245736 -0.244499
CARB 05APR02 2005.2512 53462 1316 6 -106.7  -3289 -0.948186   3758440  0.635917  1626  0.775084  0.0000 0.000533 0.000610 0.002244  0.111241 -0.242276 -0.232542
CARB 05APR03 2005.2539 53463 1317 0 -106.7  -3289 -0.947627   3758440  0.633614  1626  0.776600  0.0000 0.000548 0.000632 0.002314  0.144226 -0.272341 -0.222360
CARB 05APR04 2005.2567 53464 1317 1 -106.7  -3289 -0.949135   3758440  0.633717  1626  0.779688  0.0000 0.000546 0.000634 0.002347  0.130492 -0.258351 -0.220940
CARB 05APR05 2005.2594 53465 1317 2 -106.7  -3289 -0.948716   3758440  0.635863  1626  0.785461  0.0000 0.000543 0.000613 0.002255  0.108314 -0.240058 -0.228774
CARB 05APR06 2005.2621 53466 1317 3 -106.7  -3289 -0.948170   3758440  0.635668  1626  0.784983  0.0000 0.000548 0.000618 0.002286  0.102309 -0.254526 -0.211902
CARB 05APR07 2005.2649 53467 1317 4 -106.7  -3289 -0.948005   3758440  0.635638  1626  0.775466  0.0000 0.000542 0.000615 0.002270  0.107025 -0.247279 -0.217162
CARB 05APR08 2005.2676 53468 1317 5 -106.7  -3289 -0.948166   3758440  0.634914  1626  0.779261  0.0000 0.000544 0.000619 0.002270  0.121252 -0.244745 -0.235725
CARB 05APR09 2005.2704 53469 1317 6 -106.7  -3289 -0.947656   3758440  0.632543  1626  0.779996  0.0000 0.000537 0.000620 0.002232  0.126677 -0.252501 -0.224604
CARB 05APR10 2005.2731 53470 1318 0 -106.7  -3289 -0.947132   3758440  0.636785  1626  0.776300  0.0000 0.000540 0.000616 0.002253  0.119166 -0.240047 -0.236529
CARB 05APR11 2005.2758 53471 1318 1 -106.7  -3289 -0.949344   3758440  0.636594  1626  0.776498  0.0000 0.000544 0.000616 0.002256  0.113978 -0.244711 -0.225280
CARB 05APR12 2005.2786 53472 1318 2 -106.7  -3289 -0.948239   3758440  0.633804  1626  0.781763  0.0000 0.000542 0.000617 0.002254  0.122480 -0.244521 -0.222939
CARB 05APR13 2005.2813 53473 1318 3 -106.7  -3289 -0.948917   3758440  0.635866  1626  0.778595  0.0000 0.000546 0.000617 0.002281  0.123508 -0.272573 -0.230848
CARB 05APR14 2005.2841 53474 1318 4 -106.7  -3289 -0.949680   3758440  0.635653  1626  0.775306  0.0000 0.000565 0.000631 0.002276  0.153995 -0.262615 -0.212151
CARB 05APR15 2005.2868 53475 1318 5 -106.7  -3289 -0.949877   3758440  0.636208  1626  0.782570  0.0000 0.000549 0.000633 0.002244  0.152592 -0.253353 -0.219437
CARB 05APR16 2005.2895 53476 1318 6 -106.7  -3289 -0.949655   3758440  0.635925  1626  0.785289  0.0000 0.000535 0.000619 0.002223  0.108808 -0.235802 -0.232812
CARB 05APR17 2005.2923 53477 1319 0 -106.7  -3289 -0.948236   3758440  0.633933  1626  0.776193  0.0000 0.000537 0.000613 0.002206  0.113427 -0.240262 -0.222607
CARB 05APR18 2005.2950 53478 1319 1 -106.7  -3289 -0.947867   3758440  0.633356  1626  0.776650  0.0000 0.000530 0.000613 0.002183  0.112055 -0.236585 -0.227026
CARB 05APR19 2005.2977 53479 1319 2 -106.7  -3289 -0.946436   3758440  0.634605  1626  0.779036  0.0000 0.000532 0.000617 0.002212  0.122326 -0.253207 -0.231744
CARB 05APR20 2005.3005 53480 1319 3 -106.7  -3289 -0.946637   3758440  0.635072  1626  0.772940  0.0000 0.000534 0.000618 0.002194  0.129227 -0.249591 -0.228983
CARB 05APR21 2005.3032 53481 1319 4 -106.7  -3289 -0.947386   3758440  0.635710  1626  0.778858  0.0000 0.000535 0.000619 0.002202  0.120872 -0.242137 -0.231692
CARB 05APR22 2005.3060 53482 1319 5 -106.7  -3289 -0.948404   3758440  0.635704  1626  0.783144  0.0000 0.000534 0.000616 0.002206  0.114659 -0.235126 -0.243196
CARB 05APR23 2005.3087 53483 1319 6 -106.7  -3289 -0.947943   3758440  0.635151  1626  0.782044  0.0000 0.000533 0.000613 0.002190  0.118359 -0.231542 -0.230930
CARB 05APR24 2005.3114 53484 1320 0 -106.7  -3289 -0.946181   3758440  0.635886  1626  0.774898  0.0000 0.000532 0.000613 0.002202  0.105998 -0.237760 -0.226569
CARB 05APR25 2005.3142 53485 1320 1 -106.7  -3289 -0.946858   3758440  0.635890  1626  0.776508  0.0000 0.000533 0.000618 0.002208  0.122700 -0.252463 -0.228547
CARB 05APR26 2005.3169 53486 1320 2 -106.7  -3289 -0.947668   3758440  0.635583  1626  0.773120  0.0000 0.000534 0.000617 0.002204  0.118091 -0.242643 -0.229792
CARB 05APR27 2005.3196 53487 1320 3 -106.7  -3289 -0.947293   3758440  0.636077  1626  0.775583  0.0000 0.000531 0.000616 0.002196  0.121294 -0.235394 -0.237640
CARB 05APR28 2005.3224 53488 1320 4 -106.7  -3289 -0.946821   3758440  0.633073  1626  0.785046  0.0000 0.000554 0.000628 0.002261  0.119300 -0.243808 -0.259617
CARB 05APR29 2005.3251 53489 1320 5 -106.7  -3289 -0.948231   3758440  0.635027  1626  0.773241  0.0000 0.000527 0.000615 0.002179  0.114959 -0.220732 -0.246425
CARB 05APR30 2005.3279 53490 1320 6 -106.7  -3289 -0.948692   3758440  0.635393  1626  0.771712  0.0000 0.000528 0.000614 0.002188  0.110644 -0.231067 -0.230446
CARB 05MAY01 2005.3306 53491 1321 0 -106.7  -3289 -0.947404   3758440  0.636706  1626  0.781581  0.0000 0.000536 0.000618 0.002214  0.115519 -0.255865 -0.215219
CARB 05MAY02 2005.3333 53492 1321 1 -106.7  -3289 -0.948044   3758440  0.635531  1626  0.771306  0.0000 0.000530 0.000616 0.002196  0.126932 -0.231840 -0.239579
CARB 05MAY03 2005.3361 53493 1321 2 -106.7  -3289 -0.949611   3758440  0.634372  1626  0.776489  0.0000 0.000552 0.000633 0.002301  0.117801 -0.242296 -0.264866
CARB 05MAY04 2005.3388 53494 1321 3 -106.7  -3289 -0.948606   3758440  0.635606  1626  0.782343  0.0000 0.000530 0.000614 0.002209  0.121984 -0.229609 -0.249436
CARB 05MAY05 2005.3415 53495 1321 4 -106.7  -3289 -0.948182   3758440  0.633605  1626  0.780902  0.0000 0.000526 0.000612 0.002187  0.112198 -0.236331 -0.227600
CARB 05MAY06 2005.3443 53496 1321 5 -106.7  -3289 -0.948804   3758440  0.634737  1626  0.784623  0.0000 0.000528 0.000611 0.002179  0.118334 -0.239176 -0.227350
CARB 05MAY07 2005.3470 53497 1321 6 -106.7  -3289 -0.946169   3758440  0.632982  1626  0.780481  0.0000 0.000532 0.000613 0.002201  0.112679 -0.236978 -0.231901
CARB 05MAY08 2005.3498 53498 1322 0 -106.7  -3289 -0.948381   3758440  0.633557  1626  0.774993  0.0000 0.000534 0.000616 0.002251  0.109161 -0.250094 -0.226125
CARB 05MAY09 2005.3525 53499 1322 1 -106.7  -3289 -0.947557   3758440  0.634621  1626  0.778064  0.0000 0.000531 0.000612 0.002228  0.100882 -0.233724 -0.230341
CARB 05MAY10 2005.3552 53500 1322 2 -106.7  -3289 -0.949575   3758440  0.632766  1626  0.776112  0.0000 0.000533 0.000627 0.002282  0.089638 -0.219376 -0.230709
CARB 05MAY11 2005.3580 53501 1322 3 -106.7  -3289 -0.950725   3758440  0.635834  1626  0.774671  0.0000 0.000535 0.000628 0.002297  0.089782 -0.235673 -0.212654
CARB 05MAY12 2005.3607 53502 1322 4 -106.7  -3289 -0.951130   3758440  0.635873  1626  0.775597  0.0000 0.000557 0.000622 0.002276  0.118474 -0.261341 -0.233813
CARB 05MAY13 2005.3634 53503 1322 5 -106.7  -3289 -0.949782   3758440  0.634803  1626  0.774824  0.0000 0.000559 0.000629 0.002276  0.123396 -0.244465 -0.254394
CARB 05MAY14 2005.3662 53504 1322 6 -106.7  -3289 -0.948487   3758440  0.635220  1626  0.775459  0.0000 0.000557 0.000631 0.002319  0.073011 -0.225396 -0.205913
CARB 05MAY15 2005.3689 53505 1323 0 -106.7  -3289 -0.948052   3758440  0.633614  1626  0.776466  0.0000 0.000551 0.000629 0.002291  0.082263 -0.223121 -0.207743
CARB 05MAY16 2005.3717 53506 1323 1 -106.7  -3289 -0.948799   3758440  0.631172  1626  0.778367  0.0000 0.000540 0.000622 0.002253  0.073929 -0.213806 -0.209406
CARB 05MAY17 2005.3744 53507 1323 2 -106.7  -3289 -0.948748   3758440  0.633887  1626  0.784855  0.0000 0.000543 0.000642 0.002303  0.081486 -0.222914 -0.218671
CARB 05MAY18 2005.3771 53508 1323 3 -106.7  -3289 -0.948140   3758440  0.635195  1626  0.776088  0.0000 0.000549 0.000644 0.002323  0.071598 -0.214402 -0.226319
CARB 05MAY19 2005.3799 53509 1323 4 -106.7  -3289 -0.948724   3758440  0.635367  1626  0.778703  0.0000 0.000549 0.000628 0.002287  0.078756 -0.219881 -0.219477
CARB 05MAY20 2005.3826 53510 1323 5 -106.7  -3289 -0.949105   3758440  0.635251  1626  0.783273  0.0000 0.000546 0.000627 0.002275  0.079303 -0.213839 -0.208379
CARB 05MAY21 2005.3854 53511 1323 6 -106.7  -3289 -0.949206   3758440  0.634712  1626  0.781917  0.0000 0.000544 0.000619 0.002263  0.085125 -0.218961 -0.214653
CARB 05MAY22 2005.3881 53512 1324 0 -106.7  -3289 -0.949876   3758440  0.634731  1626  0.783384  0.0000 0.000540 0.000618 0.002241  0.082272 -0.210409 -0.202159
CARB 05MAY24 2005.3936 53514 1324 2 -106.7  -3289 -0.949820   3758440  0.635152  1626  0.782305  0.0000 0.000546 0.000625 0.002307  0.072860 -0.229537 -0.215351
CARB 05MAY25 2005.3963 53515 1324 3 -106.7  -3289 -0.947627   3758440  0.636346  1626  0.777554  0.0000 0.000551 0.000629 0.002305  0.080281 -0.239543 -0.199587
CARB 05MAY26 2005.3990 53516 1324 4 -106.7  -3289 -0.949840   3758440  0.634957  1626  0.780407  0.0000 0.000545 0.000622 0.002250  0.088393 -0.212650 -0.212509
CARB 05MAY27 2005.4018 53517 1324 5 -106.7  -3289 -0.948300   3758440  0.633628  1626  0.773812  0.0000 0.000544 0.000618 0.002262  0.079283 -0.216588 -0.206857
CARB 05MAY28 2005.4045 53518 1324 6 -106.7  -3289 -0.947402   3758440  0.634451  1626  0.780287  0.0000 0.000538 0.000627 0.002271  0.076784 -0.207860 -0.222357
CARB 05MAY29 2005.4073 53519 1325 0 -106.7  -3289 -0.949416   3758440  0.632824  1626  0.778344  0.0000 0.000545 0.000630 0.002295  0.077231 -0.211884 -0.221071
CARB 05MAY30 2005.4100 53520 1325 1 -106.7  -3289 -0.949296   3758440  0.634158  1626  0.764219  0.0000 0.000548 0.000633 0.002307  0.077253 -0.234110 -0.212650
CARB 05MAY31 2005.4127 53521 1325 2 -106.7  -3289 -0.947188   3758440  0.633843  1626  0.778522  0.0000 0.000550 0.000633 0.002321  0.081589 -0.227194 -0.212341
CARB 05JUN01 2005.4155 53522 1325 3 -106.7  -3289 -0.949305   3758440  0.631991  1626  0.776886  0.0000 0.000532 0.000616 0.002224  0.109810 -0.229026 -0.235295
CARB 05JUN02 2005.4182 53523 1325 4 -106.7  -3289 -0.951061   3758440  0.633451  1626  0.779986  0.0000 0.000529 0.000615 0.002189  0.109835 -0.228505 -0.217701
CARB 05JUN03 2005.4209 53524 1325 5 -106.7  -3289 -0.948560   3758440  0.633850  1626  0.776732  0.0000 0.000527 0.000618 0.002195  0.107931 -0.228419 -0.229744
CARB 05JUN04 2005.4237 53525 1325 6 -106.7  -3289 -0.951444   3758440  0.634526  1626  0.779088  0.0000 0.000530 0.000623 0.002216  0.103989 -0.223601 -0.222836
CARB 05JUN05 2005.4264 53526 1326 0 -106.7  -3289 -0.951626   3758440  0.632272  1626  0.779262  0.0000 0.000530 0.000623 0.002205  0.099125 -0.224627 -0.221298
CARB 05JUN06 2005.4292 53527 1326 1 -106.7  -3289 -0.949496   3758440  0.632925  1626  0.782179  0.0000 0.000536 0.000620 0.002226  0.107961 -0.227040 -0.237910
CARB 05JUN07 2005.4319 53528 1326 2 -106.7  -3289 -0.950718   3758440  0.633089  1626  0.779554  0.0000 0.000533 0.000619 0.002195  0.117306 -0.227624 -0.232521
CARB 05JUN08 2005.4346 53529 1326 3 -106.7  -3289 -0.950548   3758440  0.631886  1626  0.780894  0.0000 0.000532 0.000622 0.002215  0.101926 -0.229068 -0.218243
CARB 05JUN09 2005.4374 53530 1326 4 -106.7  -3289 -0.949445   3758440  0.632304  1626  0.773131  0.0000 0.000528 0.000620 0.002196  0.105445 -0.237603 -0.221721
CARB 05JUN10 2005.4401 53531 1326 5 -106.7  -3289 -0.950941   3758440  0.632278  1626  0.777147  0.0000 0.000549 0.000634 0.002273  0.106958 -0.241569 -0.238265
CARB 05JUN11 2005.4428 53532 1326 6 -106.7  -3289 -0.951032   3758440  0.633532  1626  0.777715  0.0000 0.000551 0.000636 0.002312  0.106209 -0.245975 -0.249331
CARB 05JUN12 2005.4456 53533 1327 0 -106.7  -3289 -0.951830   3758440  0.634844  1626  0.770861  0.0000 0.000549 0.000629 0.002261  0.106822 -0.227178 -0.254646
CARB 05JUN13 2005.4483 53534 1327 1 -106.7  -3289 -0.950085   3758440  0.633775  1626  0.773338  0.0000 0.000553 0.000634 0.002269  0.101989 -0.245581 -0.228739
CARB 05JUN14 2005.4511 53535 1327 2 -106.7  -3289 -0.952260   3758440  0.633240  1626  0.782041  0.0000 0.000533 0.000619 0.002212  0.103070 -0.243435 -0.216124
CARB 05JUN15 2005.4538 53536 1327 3 -106.7  -3289 -0.952481   3758440  0.634616  1626  0.782043  0.0000 0.000536 0.000620 0.002230  0.102207 -0.242839 -0.220635
CARB 05JUN16 2005.4565 53537 1327 4 -106.7  -3289 -0.951436   3758440  0.633885  1626  0.768786  0.0000 0.000552 0.000646 0.002321  0.145879 -0.263198 -0.231122
CARB 05JUN17 2005.4593 53538 1327 5 -106.7  -3289 -0.949159   3758440  0.631152  1626  0.777974  0.0000 0.000547 0.000646 0.002302  0.150728 -0.255495 -0.236839
CARB 05JUN18 2005.4620 53539 1327 6 -106.7  -3289 -0.949207   3758440  0.633006  1626  0.778413  0.0000 0.000539 0.000623 0.002228  0.122645 -0.243689 -0.232124
CARB 05JUN19 2005.4648 53540 1328 0 -106.7  -3289 -0.949296   3758440  0.632215  1626  0.778006  0.0000 0.000531 0.000619 0.002231  0.103717 -0.237396 -0.223854
CARB 05JUN20 2005.4675 53541 1328 1 -106.7  -3289 -0.949962   3758440  0.631719  1626  0.772217  0.0000 0.000533 0.000623 0.002250  0.108114 -0.247286 -0.205457
CARB 05JUN21 2005.4702 53542 1328 2 -106.7  -3289 -0.951255   3758440  0.631164  1626  0.768832  0.0000 0.000539 0.000628 0.002276  0.107149 -0.258671 -0.222566
CARB 05JUN22 2005.4730 53543 1328 3 -106.7  -3289 -0.951197   3758440  0.632897  1626  0.771450  0.0000 0.000536 0.000620 0.002255  0.115224 -0.237506 -0.241647
CARB 05JUN23 2005.4757 53544 1328 4 -106.7  -3289 -0.951051   3758440  0.631685  1626  0.776279  0.0000 0.000530 0.000616 0.002206  0.110935 -0.239055 -0.232420
CARB 05JUN24 2005.4784 53545 1328 5 -106.7  -3289 -0.950920   3758440  0.632518  1626  0.774340  0.0000 0.000530 0.000620 0.002193  0.114650 -0.231116 -0.234385
CARB 05JUN25 2005.4812 53546 1328 6 -106.7  -3289 -0.950805   3758440  0.631920  1626  0.781349  0.0000 0.000530 0.000619 0.002208  0.108713 -0.247405 -0.203202
CARB 05JUN26 2005.4839 53547 1329 0 -106.7  -3289 -0.951074   3758440  0.631866  1626  0.771593  0.0000 0.000533 0.000622 0.002204  0.105208 -0.226749 -0.209430
CARB 05JUN27 2005.4867 53548 1329 1 -106.7  -3289 -0.951136   3758440  0.630771  1626  0.782414  0.0000 0.000532 0.000624 0.002252  0.102032 -0.247842 -0.217776
CARB 05JUN28 2005.4894 53549 1329 2 -106.7  -3289 -0.950393   3758440  0.633805  1626  0.779353  0.0000 0.000533 0.000626 0.002233  0.116331 -0.244981 -0.235694
CARB 05JUN29 2005.4921 53550 1329 3 -106.7  -3289 -0.952510   3758440  0.631445  1626  0.773371  0.0000 0.000533 0.000623 0.002219  0.116152 -0.233405 -0.233263
CARB 05JUN30 2005.4949 53551 1329 4 -106.7  -3289 -0.951409   3758440  0.634103  1626  0.776589  0.0000 0.000540 0.000630 0.002268  0.119546 -0.249447 -0.222620
CARB 05JUL01 2005.4976 53552 1329 5 -106.7  -3289 -0.952916   3758440  0.632365  1626  0.786093  0.0000 0.000533 0.000612 0.002220  0.106404 -0.255588 -0.209860
CARB 05JUL02 2005.5003 53553 1329 6 -106.7  -3289 -0.952455   3758440  0.632271  1626  0.780822  0.0000 0.000530 0.000616 0.002232  0.103085 -0.242374 -0.216361
CARB 05JUL03 2005.5031 53554 1330 0 -106.7  -3289 -0.951316   3758440  0.633101  1626  0.789109  0.0000 0.000537 0.000631 0.002311  0.099707 -0.234790 -0.226587
CARB 05JUL04 2005.5058 53555 1330 1 -106.7  -3289 -0.950739   3758440  0.635652  1626  0.775392  0.0000 0.000530 0.000615 0.002228  0.111090 -0.237060 -0.238537
CARB 05JUL05 2005.5086 53556 1330 2 -106.7  -3289 -0.952851   3758440  0.632679  1626  0.777909  0.0000 0.000531 0.000624 0.002248  0.125900 -0.243326 -0.246710
CARB 05JUL06 2005.5113 53557 1330 3 -106.7  -3289 -0.952033   3758440  0.633029  1626  0.779226  0.0000 0.000528 0.000616 0.002206  0.109594 -0.242416 -0.224435
CARB 05JUL07 2005.5140 53558 1330 4 -106.7  -3289 -0.953264   3758440  0.631157  1626  0.787521  0.0000 0.000532 0.000621 0.002236  0.118072 -0.239409 -0.230467
CARB 05JUL08 2005.5168 53559 1330 5 -106.7  -3289 -0.952352   3758440  0.631658  1626  0.769760  0.0000 0.000536 0.000621 0.002272  0.107474 -0.249546 -0.221361
CARB 05JUL09 2005.5195 53560 1330 6 -106.7  -3289 -0.951523   3758440  0.628977  1626  0.777346  0.0000 0.000534 0.000614 0.002249  0.114722 -0.238123 -0.247264
CARB 05JUL10 2005.5222 53561 1331 0 -106.7  -3289 -0.954025   3758440  0.631455  1626  0.776059  0.0000 0.000531 0.000620 0.002243  0.119026 -0.238454 -0.250281
CARB 05JUL11 2005.5250 53562 1331 1 -106.7  -3289 -0.952993   3758440  0.629923  1626  0.774032  0.0000 0.000528 0.000614 0.002204  0.120609 -0.241533 -0.239065
CARB 05JUL12 2005.5277 53563 1331 2 -106.7  -3289 -0.952348   3758440  0.631655  1626  0.779711  0.0000 0.000528 0.000614 0.002207  0.116373 -0.249213 -0.221093
CARB 05JUL13 2005.5305 53564 1331 3 -106.7  -3289 -0.952652   3758440  0.629747  1626  0.785050  0.0000 0.000532 0.000620 0.002223  0.104940 -0.229198 -0.219267
CARB 05JUL14 2005.5332 53565 1331 4 -106.7  -3289 -0.952409   3758440  0.631363  1626  0.777315  0.0000 0.000530 0.000614 0.002226  0.113514 -0.236600 -0.233562
CARB 05JUL15 2005.5359 53566 1331 5 -106.7  -3289 -0.953028   3758440  0.630880  1626  0.769496  0.0000 0.000543 0.000626 0.002285  0.096753 -0.241411 -0.215982
CARB 05JUL16 2005.5387 53567 1331 6 -106.7  -3289 -0.952987   3758440  0.630714  1626  0.774142  0.0000 0.000532 0.000620 0.002238  0.113304 -0.247958 -0.232368
CARB 05JUL17 2005.5414 53568 1332 0 -106.7  -3289 -0.953454   3758440  0.631226  1626  0.786251  0.0000 0.000526 0.000622 0.002248  0.111942 -0.239666 -0.238980
CARB 05JUL18 2005.5441 53569 1332 1 -106.7  -3289 -0.949764   3758440  0.632688  1626  0.785161  0.0000 0.000531 0.000620 0.002261  0.112236 -0.251158 -0.228279
CARB 05JUL19 2005.5469 53570 1332 2 -106.7  -3289 -0.953684   3758440  0.629155  1626  0.792443  0.0000 0.000527 0.000615 0.002219  0.112252 -0.232445 -0.234603
CARB 05JUL20 2005.5496 53571 1332 3 -106.7  -3289 -0.954364   3758440  0.629498  1626  0.800227  0.0000 0.000532 0.000615 0.002240  0.106796 -0.237517 -0.234155
CARB 05JUL21 2005.5524 53572 1332 4 -106.7  -3289 -0.951533   3758440  0.626930  1626  0.777393  0.0000 0.000538 0.000619 0.002234  0.115269 -0.243742 -0.229685
CARB 05JUL22 2005.5551 53573 1332 5 -106.7  -3289 -0.954458   3758440  0.631225  1626  0.781774  0.0000 0.000531 0.000615 0.002230  0.117234 -0.233876 -0.242324
CARB 05JUL23 2005.5578 53574 1332 6 -106.7  -3289 -0.953920   3758440  0.630967  1626  0.785688  0.0000 0.000528 0.000619 0.002219  0.118075 -0.243265 -0.229362
CARB 05JUL24 2005.5606 53575 1333 0 -106.7  -3289 -0.954421   3758440  0.627382  1626  0.778839  0.0000 0.000549 0.000621 0.002252  0.112138 -0.229444 -0.223213
CARB 05JUL25 2005.5633 53576 1333 1 -106.7  -3289 -0.952135   3758440  0.628379  1626  0.784025  0.0000 0.000550 0.000621 0.002260  0.108359 -0.244793 -0.217848
CARB 05JUL26 2005.5661 53577 1333 2 -106.7  -3289 -0.952526   3758440  0.631942  1626  0.783579  0.0000 0.000568 0.000632 0.002297  0.089754 -0.210999 -0.205275
CARB 05JUL27 2005.5688 53578 1333 3 -106.7  -3289 -0.953034   3758440  0.631990  1626  0.775457  0.0000 0.000573 0.000645 0.002410  0.106451 -0.216108 -0.233469
CARB 05JUL28 2005.5715 53579 1333 4 -106.7  -3289 -0.950066   3758440  0.629199  1626  0.778202  0.0000 0.000575 0.000647 0.002441  0.097625 -0.235549 -0.243359
CARB 05JUL29 2005.5743 53580 1333 5 -106.7  -3289 -0.952559   3758440  0.628124  1626  0.772387  0.0000 0.000547 0.000631 0.002296  0.112452 -0.251237 -0.226377
CARB 05JUL30 2005.5770 53581 1333 6 -106.7  -3289 -0.952516   3758440  0.627775  1626  0.775300  0.0000 0.000553 0.000630 0.002320  0.097221 -0.265782 -0.197720
CARB 05JUL31 2005.5797 53582 1334 0 -106.7  -3289 -0.951277   3758440  0.628121  1626  0.780982  0.0000 0.000552 0.000627 0.002268  0.129683 -0.252661 -0.224804
CARB 05AUG01 2005.5825 53583 1334 1 -106.7  -3289 -0.952048   3758440  0.630564  1626  0.775683  0.0000 0.000551 0.000628 0.002295  0.123391 -0.256016 -0.227120
CARB 05AUG02 2005.5852 53584 1334 2 -106.7  -3289 -0.952212   3758440  0.630431  1626  0.776480  0.0000 0.000552 0.000629 0.002298  0.110409 -0.250342 -0.228214
CARB 05AUG03 2005.5880 53585 1334 3 -106.7  -3289 -0.952769   3758440  0.627716  1626  0.782385  0.0000 0.000529 0.000624 0.002265  0.099183 -0.246865 -0.226226
CARB 05AUG04 2005.5907 53586 1334 4 -106.7  -3289 -0.953090   3758440  0.628669  1626  0.786266  0.0000 0.000530 0.000625 0.002265  0.102634 -0.232838 -0.239660
CARB 05AUG05 2005.5934 53587 1334 5 -106.7  -3289 -0.949980   3758440  0.630845  1626  0.772751  0.0000 0.000536 0.000618 0.002254  0.106633 -0.244666 -0.230452
CARB 05AUG06 2005.5962 53588 1334 6 -106.7  -3289 -0.951967   3758440  0.627814  1626  0.781592  0.0000 0.000542 0.000623 0.002290  0.107792 -0.247699 -0.234605
CARB 05AUG07 2005.5989 53589 1335 0 -106.7  -3289 -0.954149   3758440  0.627982  1626  0.785161  0.0000 0.000534 0.000620 0.002259  0.115420 -0.241035 -0.235676
CARB 05AUG08 2005.6016 53590 1335 1 -106.7  -3289 -0.952715   3758440  0.629298  1626  0.777722  0.0000 0.000528 0.000623 0.002266  0.101293 -0.237794 -0.239704
CARB 05AUG09 2005.6044 53591 1335 2 -106.7  -3289 -0.952502   3758440  0.629228  1626  0.773946  0.0000 0.000532 0.000623 0.002274  0.103298 -0.262265 -0.215192
CARB 05AUG10 2005.6071 53592 1335 3 -106.7  -3289 -0.955137   3758440  0.629957  1626  0.773676  0.0000 0.000540 0.000617 0.002296  0.096097 -0.260781 -0.218872
CARB 05AUG11 2005.6099 53593 1335 4 -106.7  -3289 -0.954090   3758440  0.631610  1626  0.770690  0.0000 0.000551 0.000648 0.002303  0.120815 -0.268972 -0.225447
CARB 05AUG12 2005.6126 53594 1335 5 -106.7  -3289 -0.953969   3758440  0.631975  1626  0.787436  0.0000 0.000552 0.000644 0.002294  0.120071 -0.257847 -0.246046
CARB 05AUG13 2005.6153 53595 1335 6 -106.7  -3289 -0.953775   3758440  0.629824  1626  0.776205  0.0000 0.000533 0.000627 0.002264  0.116130 -0.235195 -0.252007
CARB 05AUG14 2005.6181 53596 1336 0 -106.7  -3289 -0.953522   3758440  0.628803  1626  0.782184  0.0000 0.000534 0.000624 0.002232  0.109268 -0.252192 -0.226658
CARB 05AUG15 2005.6208 53597 1336 1 -106.7  -3289 -0.952477   3758440  0.628947  1626  0.780075  0.0000 0.000535 0.000627 0.002253  0.110116 -0.228961 -0.231794
CARB 05AUG16 2005.6235 53598 1336 2 -106.7  -3289 -0.951063   3758440  0.630150  1626  0.778846  0.0000 0.000561 0.000648 0.002377  0.121582 -0.257786 -0.239967
CARB 05AUG17 2005.6263 53599 1336 3 -106.7  -3289 -0.952258   3758440  0.630423  1626  0.770836  0.0000 0.000540 0.000628 0.002241  0.128563 -0.249396 -0.238660
CARB 05AUG18 2005.6290 53600 1336 4 -106.7  -3289 -0.953982   3758440  0.630270  1626  0.787157  0.0000 0.000537 0.000630 0.002246  0.124398 -0.246517 -0.236336
CARB 05AUG19 2005.6318 53601 1336 5 -106.7  -3289 -0.952605   3758440  0.628897  1626  0.785244  0.0000 0.000534 0.000627 0.002227  0.106356 -0.242925 -0.215097
CARB 05AUG20 2005.6345 53602 1336 6 -106.7  -3289 -0.954554   3758440  0.628972  1626  0.777314  0.0000 0.000534 0.000622 0.002230  0.099607 -0.238480 -0.212837
CARB 05AUG21 2005.6372 53603 1337 0 -106.7  -3289 -0.951992   3758440  0.629208  1626  0.780081  0.0000 0.000534 0.000622 0.002214  0.098774 -0.241504 -0.216326
CARB 05AUG22 2005.6400 53604 1337 1 -106.7  -3289 -0.951540   3758440  0.630509  1626  0.772313  0.0000 0.000539 0.000625 0.002234  0.105785 -0.246376 -0.207140
CARB 05AUG23 2005.6427 53605 1337 2 -106.7  -3289 -0.953458   3758440  0.629313  1626  0.784988  0.0000 0.000536 0.000622 0.002225  0.110036 -0.238317 -0.222514
CARB 05AUG24 2005.6454 53606 1337 3 -106.7  -3289 -0.952396   3758440  0.630367  1626  0.780222  0.0000 0.000534 0.000623 0.002265  0.093136 -0.233676 -0.221020
CARB 05AUG25 2005.6482 53607 1337 4 -106.7  -3289 -0.955344   3758440  0.630540  1626  0.782093  0.0000 0.000534 0.000628 0.002287  0.095965 -0.236601 -0.235999
CARB 05AUG26 2005.6509 53608 1337 5 -106.7  -3289 -0.952132   3758440  0.629533  1626  0.778125  0.0000 0.000534 0.000621 0.002261  0.089370 -0.236861 -0.226787
CARB 05AUG27 2005.6537 53609 1337 6 -106.7  -3289 -0.952814   3758440  0.629655  1626  0.777884  0.0000 0.000533 0.000621 0.002230  0.097447 -0.223221 -0.221624
CARB 05AUG28 2005.6564 53610 1338 0 -106.7  -3289 -0.952196   3758440  0.631560  1626  0.782050  0.0000 0.000539 0.000625 0.002258  0.097099 -0.230374 -0.220413
CARB 05AUG29 2005.6591 53611 1338 1 -106.7  -3289 -0.951650   3758440  0.629969  1626  0.782924  0.0000 0.000534 0.000621 0.002236  0.095271 -0.222790 -0.220674
CARB 05AUG30 2005.6619 53612 1338 2 -106.7  -3289 -0.953059   3758440  0.629183  1626  0.785424  0.0000 0.000534 0.000625 0.002259  0.099187 -0.242123 -0.195392
CARB 05AUG31 2005.6646 53613 1338 3 -106.7  -3289 -0.952529   3758440  0.630032  1626  0.783625  0.0000 0.000532 0.000621 0.002263  0.088835 -0.255527 -0.202237
CARB 05SEP01 2005.6674 53614 1338 4 -106.7  -3289 -0.954029   3758440  0.631019  1626  0.778647  0.0000 0.000527 0.000627 0.002231  0.100164 -0.223131 -0.219135
CARB 05SEP02 2005.6701 53615 1338 5 -106.7  -3289 -0.953668   3758440  0.630452  1626  0.777899  0.0000 0.000531 0.000620 0.002219  0.110471 -0.227192 -0.228505
CARB 05SEP03 2005.6728 53616 1338 6 -106.7  -3289 -0.953390   3758440  0.631068  1626  0.782453  0.0000 0.000531 0.000623 0.002255  0.101823 -0.230576 -0.224671
CARB 05SEP04 2005.6756 53617 1339 0 -106.7  -3289 -0.954055   3758440  0.629186  1626  0.784608  0.0000 0.000531 0.000619 0.002229  0.103876 -0.250717 -0.206507
CARB 05SEP05 2005.6783 53618 1339 1 -106.7  -3289 -0.952444   3758440  0.627299  1626  0.789117  0.0000 0.000533 0.000615 0.002231  0.102495 -0.249819 -0.209827
CARB 05SEP06 2005.6810 53619 1339 2 -106.7  -3289 -0.953777   3758440  0.631028  1626  0.792856  0.0000 0.000529 0.000623 0.002234  0.101237 -0.241480 -0.203883
CARB 05SEP07 2005.6838 53620 1339 3 -106.7  -3289 -0.951370   3758440  0.629156  1626  0.793921  0.0000 0.000531 0.000639 0.002259  0.101580 -0.222876 -0.244489
CARB 05SEP08 2005.6865 53621 1339 4 -106.7  -3289 -0.953219   3758440  0.629255  1626  0.792907  0.0000 0.000534 0.000634 0.002265  0.112648 -0.233333 -0.237946
CARB 05SEP09 2005.6893 53622 1339 5 -106.7  -3289 -0.955079   3758440  0.631374  1626  0.772541  0.0000 0.000533 0.000636 0.002262  0.108958 -0.247531 -0.229452
CARB 05SEP10 2005.6920 53623 1339 6 -106.7  -3289 -0.952506   3758440  0.630490  1626  0.781515  0.0000 0.000538 0.000632 0.002291  0.103323 -0.253220 -0.220912
CARB 05SEP11 2005.6947 53624 1340 0 -106.7  -3289 -0.952526   3758440  0.631894  1626  0.793617  0.0000 0.000531 0.000635 0.002270  0.097487 -0.241299 -0.216844
CARB 05SEP12 2005.6975 53625 1340 1 -106.7  -3289 -0.952422   3758440  0.634002  1626  0.778789  0.0000 0.000533 0.000638 0.002262  0.104069 -0.229928 -0.238222
CARB 05SEP13 2005.7002 53626 1340 2 -106.7  -3289 -0.952489   3758440  0.631179  1626  0.778938  0.0000 0.000560 0.000659 0.002310  0.118317 -0.240314 -0.270217
CARB 05SEP14 2005.7029 53627 1340 3 -106.7  -3289 -0.952331   3758440  0.630152  1626  0.787167  0.0000 0.000558 0.000658 0.002336  0.115850 -0.252517 -0.263714
CARB 05SEP15 2005.7057 53628 1340 4 -106.7  -3289 -0.952754   3758440  0.629617  1626  0.784291  0.0000 0.000554 0.000651 0.002322  0.106761 -0.253952 -0.241540
CARB 05SEP16 2005.7084 53629 1340 5 -106.7  -3289 -0.953057   3758440  0.630186  1626  0.781576  0.0000 0.000553 0.000649 0.002307  0.109117 -0.236172 -0.256405
CARB 05SEP17 2005.7112 53630 1340 6 -106.7  -3289 -0.953436   3758440  0.632188  1626  0.774196  0.0000 0.000528 0.000621 0.002235  0.102324 -0.244007 -0.219939
CARB 05SEP18 2005.7139 53631 1341 0 -106.7  -3289 -0.953131   3758440  0.627984  1626  0.782165  0.0000 0.000528 0.000622 0.002222  0.107623 -0.225423 -0.231207
CARB 05SEP19 2005.7166 53632 1341 1 -106.7  -3289 -0.954111   3758440  0.630238  1626  0.783289  0.0000 0.000546 0.000639 0.002273  0.141639 -0.253207 -0.213130
CARB 05SEP20 2005.7194 53633 1341 2 -106.7  -3289 -0.953441   3758440  0.630668  1626  0.789748  0.0000 0.000533 0.000618 0.002239  0.114027 -0.251583 -0.229208
CARB 05SEP21 2005.7221 53634 1341 3 -106.7  -3289 -0.952492   3758440  0.631425  1626  0.789237  0.0000 0.000546 0.000621 0.002250  0.117999 -0.252239 -0.223678
CARB 05SEP22 2005.7248 53635 1341 4 -106.7  -3289 -0.953601   3758440  0.630715  1626  0.787584  0.0000 0.000527 0.000616 0.002207  0.106653 -0.228664 -0.236596
CARB 05SEP23 2005.7276 53636 1341 5 -106.7  -3289 -0.954179   3758440  0.633279  1626  0.783653  0.0000 0.000534 0.000618 0.002248  0.096232 -0.240250 -0.227234
CARB 05SEP24 2005.7303 53637 1341 6 -106.7  -3289 -0.954107   3758440  0.632468  1626  0.777690  0.0000 0.000556 0.000637 0.002318  0.118034 -0.234927 -0.261399
CARB 05SEP25 2005.7331 53638 1342 0 -106.7  -3289 -0.953177   3758440  0.630298  1626  0.791926  0.0000 0.000554 0.000637 0.002327  0.116134 -0.242367 -0.259041
CARB 05SEP26 2005.7358 53639 1342 1 -106.7  -3289 -0.953911   3758440  0.629907  1626  0.787302  0.0000 0.000550 0.000635 0.002303  0.108331 -0.245621 -0.254897
CARB 05SEP27 2005.7385 53640 1342 2 -106.7  -3289 -0.951807   3758440  0.630150  1626  0.786286  0.0000 0.000555 0.000632 0.002300  0.107545 -0.234655 -0.261668
CARB 05SEP28 2005.7413 53641 1342 3 -106.7  -3289 -0.954731   3758440  0.633635  1626  0.790168  0.0000 0.000554 0.000653 0.002413  0.096343 -0.211362 -0.267700
CARB 05SEP29 2005.7440 53642 1342 4 -106.7  -3289 -0.956295   3758440  0.629718  1626  0.776764  0.0000 0.000539 0.000641 0.002312  0.133852 -0.214665 -0.248420
CARB 05SEP30 2005.7467 53643 1342 5 -106.7  -3289 -0.955027   3758440  0.630089  1626  0.783396  0.0000 0.000530 0.000620 0.002210  0.120252 -0.217967 -0.230500
CARB 05OCT01 2005.7495 53644 1342 6 -106.7  -3289 -0.953616   3758440  0.629050  1626  0.784529  0.0000 0.000532 0.000618 0.002212  0.116999 -0.236137 -0.220351
CARB 05OCT02 2005.7522 53645 1343 0 -106.7  -3289 -0.953892   3758440  0.630826  1626  0.788848  0.0000 0.000552 0.000631 0.002259  0.126325 -0.252105 -0.237546
CARB 05OCT03 2005.7550 53646 1343 1 -106.7  -3289 -0.954273   3758440  0.630162  1626  0.789688  0.0000 0.000553 0.000624 0.002257  0.122523 -0.245490 -0.243004
CARB 05OCT04 2005.7577 53647 1343 2 -106.7  -3289 -0.953962   3758440  0.631624  1626  0.793246  0.0000 0.000541 0.000629 0.002274  0.135243 -0.216598 -0.236214
CARB 05OCT05 2005.7604 53648 1343 3 -106.7  -3289 -0.953556   3758440  0.633395  1626  0.785850  0.0000 0.000539 0.000626 0.002228  0.126135 -0.218853 -0.236556
CARB 05OCT06 2005.7632 53649 1343 4 -106.7  -3289 -0.953655   3758440  0.630145  1626  0.786667  0.0000 0.000536 0.000632 0.002241  0.129010 -0.234285 -0.224430
CARB 05OCT07 2005.7659 53650 1343 5 -106.7  -3289 -0.953385   3758440  0.630960  1626  0.779851  0.0000 0.000532 0.000621 0.002198  0.123289 -0.231268 -0.220222
CARB 05OCT08 2005.7687 53651 1343 6 -106.7  -3289 -0.954669   3758440  0.628741  1626  0.779523  0.0000 0.000531 0.000620 0.002189  0.122513 -0.231013 -0.223849
CARB 05OCT09 2005.7714 53652 1344 0 -106.7  -3289 -0.953410   3758440  0.630192  1626  0.785158  0.0000 0.000535 0.000622 0.002206  0.113592 -0.235012 -0.217979
CARB 05OCT10 2005.7741 53653 1344 1 -106.7  -3289 -0.955215   3758440  0.630073  1626  0.773065  0.0000 0.000533 0.000625 0.002195  0.124493 -0.225473 -0.225923
CARB 05OCT11 2005.7769 53654 1344 2 -106.7  -3289 -0.956068   3758440  0.632179  1626  0.780275  0.0000 0.000554 0.000643 0.002283  0.124510 -0.246819 -0.243417
CARB 05OCT12 2005.7796 53655 1344 3 -106.7  -3289 -0.954298   3758440  0.630505  1626  0.775892  0.0000 0.000554 0.000643 0.002271  0.121445 -0.236837 -0.241333
CARB 05OCT13 2005.7823 53656 1344 4 -106.7  -3289 -0.953464   3758440  0.629106  1626  0.778603  0.0000 0.000547 0.000639 0.002278  0.098798 -0.244490 -0.212612
CARB 05OCT14 2005.7851 53657 1344 5 -106.7  -3289 -0.953433   3758440  0.631183  1626  0.775619  0.0000 0.000532 0.000624 0.002233  0.124784 -0.230197 -0.219488
CARB 05OCT15 2005.7878 53658 1344 6 -106.7  -3289 -0.952556   3758440  0.632017  1626  0.777138  0.0000 0.000533 0.000624 0.002223  0.123241 -0.229302 -0.221651
CARB 05OCT16 2005.7906 53659 1345 0 -106.7  -3289 -0.954300   3758440  0.631349  1626  0.779391  0.0000 0.000531 0.000630 0.002233  0.120380 -0.225612 -0.213895
CARB 05OCT17 2005.7933 53660 1345 1 -106.7  -3289 -0.955005   3758440  0.631102  1626  0.777316  0.0000 0.000538 0.000629 0.002223  0.124461 -0.239629 -0.220446
CARB 05OCT18 2005.7960 53661 1345 2 -106.7  -3289 -0.953120   3758440  0.631233  1626  0.780670  0.0000 0.000559 0.000644 0.002296  0.126385 -0.258866 -0.243471
CARB 05OCT19 2005.7988 53662 1345 3 -106.7  -3289 -0.953756   3758440  0.632227  1626  0.775160  0.0000 0.000555 0.000636 0.002261  0.118844 -0.250318 -0.224973
CARB 05OCT20 2005.8015 53663 1345 4 -106.7  -3289 -0.952633   3758440  0.631714  1626  0.778521  0.0000 0.000545 0.000641 0.002273  0.137727 -0.236088 -0.224248
CARB 05OCT21 2005.8042 53664 1345 5 -106.7  -3289 -0.952440   3758440  0.631287  1626  0.777347  0.0000 0.000539 0.000632 0.002239  0.122280 -0.227957 -0.238690
CARB 05OCT22 2005.8070 53665 1345 6 -106.7  -3289 -0.952535   3758440  0.631780  1626  0.779842  0.0000 0.000539 0.000628 0.002231  0.118839 -0.234050 -0.229467
CARB 05OCT23 2005.8097 53666 1346 0 -106.7  -3289 -0.954965   3758440  0.630023  1626  0.782770  0.0000 0.000541 0.000633 0.002242  0.120825 -0.242518 -0.230235
CARB 05OCT24 2005.8125 53667 1346 1 -106.7  -3289 -0.952673   3758440  0.632771  1626  0.774179  0.0000 0.000536 0.000629 0.002207  0.122690 -0.244168 -0.223718
CARB 05OCT25 2005.8152 53668 1346 2 -106.7  -3289 -0.952973   3758440  0.631433  1626  0.776488  0.0000 0.000534 0.000622 0.002209  0.116921 -0.242544 -0.210076
CARB 05OCT26 2005.8179 53669 1346 3 -106.7  -3289 -0.953371   3758440  0.630199  1626  0.784820  0.0000 0.000557 0.000638 0.002263  0.125403 -0.240596 -0.241313
CARB 05OCT27 2005.8207 53670 1346 4 -106.7  -3289 -0.950872   3758440  0.631731  1626  0.782012  0.0000 0.000541 0.000630 0.002248  0.114751 -0.241122 -0.220978
CARB 05OCT28 2005.8234 53671 1346 5 -106.7  -3289 -0.951839   3758440  0.632597  1626  0.780934  0.0000 0.000536 0.000626 0.002247  0.109808 -0.243382 -0.220931
CARB 05OCT29 2005.8261 53672 1346 6 -106.7  -3289 -0.953478   3758440  0.629963  1626  0.781750  0.0000 0.000540 0.000627 0.002234  0.122634 -0.260391 -0.232074
CARB 05OCT30 2005.8289 53673 1347 0 -106.7  -3289 -0.953452   3758440  0.630757  1626  0.779353  0.0000 0.000535 0.000622 0.002229  0.116492 -0.257400 -0.221715
CARB 05OCT31 2005.8316 53674 1347 1 -106.7  -3289 -0.950863   3758440  0.633263  1626  0.777273  0.0000 0.000552 0.000630 0.002288  0.110403 -0.225882 -0.248746
CARB 05NOV01 2005.8344 53675 1347 2 -106.7  -3289 -0.951884   3758440  0.631636  1626  0.780955  0.0000 0.000560 0.000638 0.002341  0.116913 -0.235326 -0.235821
CARB 05NOV02 2005.8371 53676 1347 3 -106.7  -3289 -0.950063   3758440  0.631016  1626  0.783322  0.0000 0.000555 0.000634 0.002333  0.118352 -0.228966 -0.259868
CARB 05NOV03 2005.8398 53677 1347 4 -106.7  -3289 -0.952178   3758440  0.631029  1626  0.784240  0.0000 0.000557 0.000635 0.002352  0.112676 -0.239479 -0.256811
CARB 05NOV04 2005.8426 53678 1347 5 -106.7  -3289 -0.952306   3758440  0.632238  1626  0.783598  0.0000 0.000554 0.000636 0.002327  0.122409 -0.231356 -0.260893
CARB 05NOV05 2005.8453 53679 1347 6 -106.7  -3289 -0.954211   3758440  0.631786  1626  0.781771  0.0000 0.000570 0.000645 0.002347  0.119558 -0.233622 -0.262190
CARB 05NOV06 2005.8480 53680 1348 0 -106.7  -3289 -0.951300   3758440  0.631867  1626  0.784382  0.0000 0.000575 0.000648 0.002336  0.118919 -0.230893 -0.256210
CARB 05NOV07 2005.8508 53681 1348 1 -106.7  -3289 -0.952710   3758440  0.631836  1626  0.782109  0.0000 0.000560 0.000639 0.002336  0.109424 -0.229266 -0.248520
CARB 05NOV08 2005.8535 53682 1348 2 -106.7  -3289 -0.953258   3758440  0.631130  1626  0.783262  0.0000 0.000562 0.000642 0.002394  0.100319 -0.248168 -0.243739
CARB 05NOV09 2005.8563 53683 1348 3 -106.7  -3289 -0.954263   3758440  0.632940  1626  0.780988  0.0000 0.000560 0.000638 0.002359  0.112889 -0.246823 -0.253884
CARB 05NOV10 2005.8590 53684 1348 4 -106.7  -3289 -0.953620   3758440  0.632384  1626  0.780768  0.0000 0.000562 0.000641 0.002316  0.153167 -0.246400 -0.267936
CARB 05NOV11 2005.8617 53685 1348 5 -106.7  -3289 -0.953151   3758440  0.631196  1626  0.779955  0.0000 0.000554 0.000639 0.002305  0.128118 -0.236957 -0.239768
CARB 05NOV12 2005.8645 53686 1348 6 -106.7  -3289 -0.953812   3758440  0.631171  1626  0.780678  0.0000 0.000552 0.000625 0.002284  0.116334 -0.231276 -0.250395
CARB 05NOV13 2005.8672 53687 1349 0 -106.7  -3289 -0.953963   3758440  0.631843  1626  0.774436  0.0000 0.000556 0.000626 0.002299  0.112369 -0.215961 -0.266305
CARB 05NOV14 2005.8700 53688 1349 1 -106.7  -3289 -0.954757   3758440  0.631946  1626  0.777124  0.0000 0.000560 0.000642 0.002378  0.112455 -0.232706 -0.266567
CARB 05NOV15 2005.8727 53689 1349 2 -106.7  -3289 -0.952448   3758440  0.634825  1626  0.776225  0.0000 0.000562 0.000640 0.002365  0.122825 -0.229412 -0.261728
CARB 05NOV16 2005.8754 53690 1349 3 -106.7  -3289 -0.953646   3758440  0.631104  1626  0.772490  0.0000 0.000545 0.000628 0.002239  0.144559 -0.264371 -0.235776
CARB 05NOV17 2005.8782 53691 1349 4 -106.7  -3289 -0.955575   3758440  0.630881  1626  0.772832  0.0000 0.000544 0.000625 0.002227  0.141786 -0.258022 -0.238944
CARB 05NOV18 2005.8809 53692 1349 5 -106.7  -3289 -0.953614   3758440  0.632166  1626  0.769529  0.0000 0.000538 0.000623 0.002228  0.127059 -0.238830 -0.236505
CARB 05NOV19 2005.8836 53693 1349 6 -106.7  -3289 -0.953758   3758440  0.631885  1626  0.769803  0.0000 0.000540 0.000622 0.002238  0.121371 -0.247414 -0.233977
CARB 05NOV20 2005.8864 53694 1350 0 -106.7  -3289 -0.954836   3758440  0.629995  1626  0.773733  0.0000 0.000541 0.000622 0.002278  0.113122 -0.255066 -0.236552
CARB 05NOV21 2005.8891 53695 1350 1 -106.7  -3289 -0.955446   3758440  0.631464  1626  0.776068  0.0000 0.000548 0.000641 0.002310  0.128576 -0.266919 -0.239408
CARB 05NOV22 2005.8919 53696 1350 2 -106.7  -3289 -0.956913   3758440  0.631869  1626  0.778150  0.0000 0.000547 0.000632 0.002259  0.152292 -0.263432 -0.253979
CARB 05NOV23 2005.8946 53697 1350 3 -106.7  -3289 -0.954913   3758440  0.630553  1626  0.774144  0.0000 0.000543 0.000628 0.002264  0.138481 -0.248796 -0.256405
CARB 05NOV24 2005.8973 53698 1350 4 -106.7  -3289 -0.954795   3758440  0.629178  1626  0.776823  0.0000 0.000539 0.000619 0.002227  0.126345 -0.244735 -0.223237
CARB 05NOV25 2005.9001 53699 1350 5 -106.7  -3289 -0.957400   3758440  0.629637  1626  0.776024  0.0000 0.000541 0.000624 0.002259  0.120420 -0.238468 -0.227402
CARB 05NOV26 2005.9028 53700 1350 6 -106.7  -3289 -0.957520   3758440  0.627225  1626  0.774609  0.0000 0.000541 0.000624 0.002235  0.135785 -0.246839 -0.233295
CARB 05NOV27 2005.9055 53701 1351 0 -106.7  -3289 -0.954681   3758440  0.627817  1626  0.779279  0.0000 0.000558 0.000640 0.002323  0.125958 -0.228722 -0.259607
CARB 05NOV28 2005.9083 53702 1351 1 -106.7  -3289 -0.954479   3758440  0.628001  1626  0.772855  0.0000 0.000539 0.000625 0.002221  0.139102 -0.256035 -0.237776
CARB 05NOV29 2005.9110 53703 1351 2 -106.7  -3289 -0.955435   3758440  0.630391  1626  0.765496  0.0000 0.000531 0.000617 0.002216  0.111967 -0.227003 -0.238733
CARB 05NOV30 2005.9138 53704 1351 3 -106.7  -3289 -0.956230   3758440  0.631217  1626  0.773665  0.0000 0.000528 0.000617 0.002221  0.124020 -0.229372 -0.244692
CARB 05DEC01 2005.9165 53705 1351 4 -106.7  -3289 -0.956180   3758440  0.631016  1626  0.776319  0.0000 0.000536 0.000629 0.002288  0.095975 -0.209125 -0.242472
CARB 05DEC02 2005.9192 53706 1351 5 -106.7  -3289 -0.956539   3758440  0.631965  1626  0.776794  0.0000 0.000544 0.000632 0.002277  0.099914 -0.230324 -0.220994
CARB 05DEC03 2005.9220 53707 1351 6 -106.7  -3289 -0.955324   3758440  0.629098  1626  0.782162  0.0000 0.000540 0.000624 0.002214  0.127342 -0.239042 -0.226298
CARB 05DEC04 2005.9247 53708 1352 0 -106.7  -3289 -0.955770   3758440  0.629469  1626  0.772635  0.0000 0.000531 0.000617 0.002194  0.121079 -0.248189 -0.215159
CARB 05DEC05 2005.9274 53709 1352 1 -106.7  -3289 -0.957020   3758440  0.629562  1626  0.771737  0.0000 0.000530 0.000610 0.002182  0.119188 -0.229481 -0.233083
CARB 05DEC06 2005.9302 53710 1352 2 -106.7  -3289 -0.953900   3758440  0.630593  1626  0.777196  0.0000 0.000532 0.000614 0.002223  0.110480 -0.246257 -0.220505
CARB 05DEC07 2005.9329 53711 1352 3 -106.7  -3289 -0.956142   3758440  0.632168  1626  0.776257  0.0000 0.000535 0.000619 0.002234  0.111561 -0.251017 -0.224622
CARB 05DEC08 2005.9357 53712 1352 4 -106.7  -3289 -0.955919   3758440  0.632081  1626  0.774422  0.0000 0.000536 0.000625 0.002239  0.114216 -0.240386 -0.233025
CARB 05DEC09 2005.9384 53713 1352 5 -106.7  -3289 -0.956716   3758440  0.631388  1626  0.777349  0.0000 0.000538 0.000622 0.002211  0.122198 -0.250600 -0.224626
CARB 05DEC10 2005.9411 53714 1352 6 -106.7  -3289 -0.957472   3758440  0.632914  1626  0.770647  0.0000 0.000534 0.000617 0.002216  0.118660 -0.229734 -0.243689
CARB 05DEC11 2005.9439 53715 1353 0 -106.7  -3289 -0.955996   3758440  0.631850  1626  0.773702  0.0000 0.000531 0.000612 0.002182  0.123145 -0.232037 -0.226206
CARB 05DEC12 2005.9466 53716 1353 1 -106.7  -3289 -0.954978   3758440  0.631487  1626  0.781326  0.0000 0.000531 0.000620 0.002211  0.111798 -0.238339 -0.228061
CARB 05DEC13 2005.9493 53717 1353 2 -106.7  -3289 -0.955791   3758440  0.633088  1626  0.784454  0.0000 0.000535 0.000622 0.002259  0.099254 -0.249103 -0.223392
CARB 05DEC14 2005.9521 53718 1353 3 -106.7  -3289 -0.956243   3758440  0.633866  1626  0.779217  0.0000 0.000542 0.000628 0.002220  0.131311 -0.243087 -0.210613
CARB 05DEC15 2005.9548 53719 1353 4 -106.7  -3289 -0.955797   3758440  0.632659  1626  0.773621  0.0000 0.000544 0.000638 0.002255  0.121268 -0.235149 -0.242404
CARB 05DEC16 2005.9576 53720 1353 5 -106.7  -3289 -0.958185   3758440  0.631587  1626  0.771954  0.0000 0.000530 0.000617 0.002181  0.129216 -0.235069 -0.243918
CARB 05DEC17 2005.9603 53721 1353 6 -106.7  -3289 -0.956357   3758440  0.632235  1626  0.766950  0.0000 0.000526 0.000614 0.002188  0.103142 -0.216383 -0.244011
CARB 05DEC18 2005.9630 53722 1354 0 -106.7  -3289 -0.958806   3758440  0.630084  1626  0.770956  0.0000 0.000525 0.000615 0.002212  0.100104 -0.232401 -0.249685
CARB 05DEC19 2005.9658 53723 1354 1 -106.7  -3289 -0.956760   3758440  0.631371  1626  0.774901  0.0000 0.000548 0.000634 0.002312  0.092027 -0.200885 -0.252235
CARB 05DEC20 2005.9685 53724 1354 2 -106.7  -3289 -0.958035   3758440  0.631273  1626  0.774499  0.0000 0.000568 0.000641 0.002358  0.099340 -0.198166 -0.284493
CARB 05DEC21 2005.9713 53725 1354 3 -106.7  -3289 -0.956530   3758440  0.629735  1626  0.773384  0.0000 0.000548 0.000626 0.002312  0.100654 -0.196252 -0.281273
CARB 05DEC22 2005.9740 53726 1354 4 -106.7  -3289 -0.956135   3758440  0.629734  1626  0.779286  0.0000 0.000546 0.000628 0.002310  0.103888 -0.195079 -0.281048
CARB 05DEC23 2005.9767 53727 1354 5 -106.7  -3289 -0.957000   3758440  0.631579  1626  0.781055  0.0000 0.000553 0.000648 0.002432  0.107885 -0.210205 -0.277562
CARB 05DEC24 2005.9795 53728 1354 6 -106.7  -3289 -0.957933   3758440  0.628985  1626  0.779530  0.0000 0.000554 0.000649 0.002407  0.099148 -0.220837 -0.254148
CARB 05DEC25 2005.9822 53729 1355 0 -106.7  -3289 -0.956346   3758440  0.630491  1626  0.783880  0.0000 0.000540 0.000637 0.002299  0.121681 -0.231818 -0.245246
CARB 05DEC26 2005.9849 53730 1355 1 -106.7  -3289 -0.956584   3758440  0.627870  1626  0.789862  0.0000 0.000539 0.000632 0.002285  0.118050 -0.220870 -0.254750
CARB 05DEC27 2005.9877 53731 1355 2 -106.7  -3289 -0.957907   3758440  0.631651  1626  0.780350  0.0000 0.000537 0.000627 0.002269  0.120901 -0.227299 -0.251379
CARB 05DEC28 2005.9904 53732 1355 3 -106.7  -3289 -0.958753   3758440  0.630390  1626  0.782289  0.0000 0.000536 0.000628 0.002285  0.114329 -0.219247 -0.261295
CARB 05DEC29 2005.9932 53733 1355 4 -106.7  -3289 -0.957885   3758440  0.629671  1626  0.784659  0.0000 0.000536 0.000630 0.002260  0.109161 -0.228461 -0.240084
CARB 05DEC30 2005.9959 53734 1355 5 -106.7  -3289 -0.957962   3758440  0.629659  1626  0.788256  0.0000 0.000540 0.000633 0.002268  0.124520 -0.227983 -0.245608
CARB 06JAN01 2006.0014 53736 1356 0 -106.7  -3289 -0.955557   3758440  0.627529  1626  0.787527  0.0000 0.000536 0.000629 0.002235  0.128020 -0.218774 -0.251138
CARB 06JAN02 2006.0041 53737 1356 1 -106.7  -3289 -0.956412   3758440  0.629869  1626  0.789113  0.0000 0.000534 0.000629 0.002249  0.125587 -0.223544 -0.263393
CARB 06JAN03 2006.0068 53738 1356 2 -106.7  -3289 -0.957808   3758440  0.629503  1626  0.786539  0.0000 0.000538 0.000634 0.002305  0.109378 -0.237572 -0.247696
CARB 06JAN04 2006.0096 53739 1356 3 -106.7  -3289 -0.958491   3758440  0.630182  1626  0.776776  0.0000 0.000535 0.000639 0.002275  0.121950 -0.226575 -0.256697
CARB 06JAN05 2006.0123 53740 1356 4 -106.7  -3289 -0.958615   3758440  0.629068  1626  0.782613  0.0000 0.000538 0.000641 0.002271  0.132094 -0.225285 -0.251534
CARB 06JAN06 2006.0151 53741 1356 5 -106.7  -3289 -0.959995   3758440  0.628151  1626  0.775837  0.0000 0.000535 0.000641 0.002269  0.127336 -0.207613 -0.265527
CARB 06JAN07 2006.0178 53742 1356 6 -106.7  -3289 -0.959142   3758440  0.627130  1626  0.778879  0.0000 0.000534 0.000635 0.002268  0.122345 -0.216001 -0.271952
CARB 06JAN08 2006.0205 53743 1357 0 -106.7  -3289 -0.959791   3758440  0.628480  1626  0.778553  0.0000 0.000549 0.000639 0.002316  0.088542 -0.219986 -0.259209
CARB 06JAN09 2006.0233 53744 1357 1 -106.7  -3289 -0.961028   3758440  0.630570  1626  0.772919  0.0000 0.000547 0.000641 0.002318  0.083490 -0.215384 -0.258525
CARB 06JAN10 2006.0260 53745 1357 2 -106.7  -3289 -0.959282   3758440  0.629188  1626  0.776818  0.0000 0.000550 0.000645 0.002319  0.076948 -0.211313 -0.248242
CARB 06JAN11 2006.0287 53746 1357 3 -106.7  -3289 -0.961823   3758440  0.629117  1626  0.784849  0.0000 0.000537 0.000639 0.002269  0.117433 -0.216486 -0.256163
CARB 06JAN12 2006.0315 53747 1357 4 -106.7  -3289 -0.958641   3758440  0.629473  1626  0.781938  0.0000 0.000537 0.000633 0.002260  0.119142 -0.223813 -0.255566
CARB 06JAN13 2006.0342 53748 1357 5 -106.7  -3289 -0.959406   3758440  0.627991  1626  0.780325  0.0000 0.000536 0.000630 0.002285  0.111081 -0.217716 -0.271401
CARB 06JAN14 2006.0370 53749 1357 6 -106.7  -3289 -0.957290   3758440  0.627906  1626  0.780638  0.0000 0.000540 0.000629 0.002269  0.099928 -0.207355 -0.263537
CARB 06JAN15 2006.0397 53750 1358 0 -106.7  -3289 -0.957321   3758440  0.627903  1626  0.782777  0.0000 0.000536 0.000632 0.002273  0.111970 -0.221028 -0.263688
CARB 06JAN16 2006.0424 53751 1358 1 -106.7  -3289 -0.957558   3758440  0.629603  1626  0.775648  0.0000 0.000538 0.000638 0.002265  0.119772 -0.217365 -0.251676
CARB 06JAN17 2006.0452 53752 1358 2 -106.7  -3289 -0.959766   3758440  0.629248  1626  0.778229  0.0000 0.000547 0.000655 0.002318  0.134713 -0.217754 -0.254691
CARB 06JAN18 2006.0479 53753 1358 3 -106.7  -3289 -0.959846   3758440  0.627555  1626  0.782286  0.0000 0.000538 0.000635 0.002286  0.115655 -0.217917 -0.260038
CARB 06JAN19 2006.0507 53754 1358 4 -106.7  -3289 -0.957154   3758440  0.627897  1626  0.785368  0.0000 0.000542 0.000632 0.002295  0.124662 -0.239595 -0.242053
CARB 06JAN20 2006.0534 53755 1358 5 -106.7  -3289 -0.957623   3758440  0.629294  1626  0.773156  0.0000 0.000548 0.000632 0.002297  0.141327 -0.257813 -0.249089
CARB 06JAN21 2006.0561 53756 1358 6 -106.7  -3289 -0.959850   3758440  0.629473  1626  0.779534  0.0000 0.000532 0.000631 0.002268  0.129909 -0.239207 -0.262268
CARB 06JAN22 2006.0589 53757 1359 0 -106.7  -3289 -0.960206   3758440  0.629723  1626  0.778006  0.0000 0.000528 0.000632 0.002264  0.124577 -0.217776 -0.260310
CARB 06JAN23 2006.0616 53758 1359 1 -106.7  -3289 -0.961236   3758440  0.629740  1626  0.781429  0.0000 0.000533 0.000628 0.002256  0.127533 -0.231378 -0.249437
CARB 06JAN24 2006.0643 53759 1359 2 -106.7  -3289 -0.960904   3758440  0.629774  1626  0.779689  0.0000 0.000543 0.000650 0.002377  0.115639 -0.231735 -0.275886
CARB 06JAN25 2006.0671 53760 1359 3 -106.7  -3289 -0.960024   3758440  0.628491  1626  0.785177  0.0000 0.000523 0.000607 0.002187  0.111163 -0.230644 -0.250607
CARB 06JAN26 2006.0698 53761 1359 4 -106.7  -3289 -0.959921   3758440  0.628155  1626  0.783440  0.0000 0.000520 0.000615 0.002229  0.108494 -0.232896 -0.270134
CARB 06JAN27 2006.0726 53762 1359 5 -106.7  -3289 -0.957830   3758440  0.630131  1626  0.781456  0.0000 0.000520 0.000619 0.002192  0.138915 -0.230698 -0.266913
CARB 06JAN28 2006.0753 53763 1359 6 -106.7  -3289 -0.958271   3758440  0.628485  1626  0.782037  0.0000 0.000525 0.000622 0.002196  0.145430 -0.242646 -0.258591
CARB 06JAN29 2006.0780 53764 1360 0 -106.7  -3289 -0.959234   3758440  0.627539  1626  0.779711  0.0000 0.000525 0.000638 0.002267  0.153102 -0.249269 -0.258113
CARB 06JAN30 2006.0808 53765 1360 1 -106.7  -3289 -0.960540   3758440  0.628003  1626  0.778678  0.0000 0.000524 0.000629 0.002225  0.130413 -0.252559 -0.242221
CARB 06JAN31 2006.0835 53766 1360 2 -106.7  -3289 -0.959783   3758440  0.627457  1626  0.784599  0.0000 0.000519 0.000623 0.002227  0.122591 -0.232283 -0.250285
CARB 06FEB01 2006.0862 53767 1360 3 -106.7  -3289 -0.961547   3758440  0.628072  1626  0.788379  0.0000 0.000528 0.000640 0.002289  0.157568 -0.252652 -0.273113
CARB 06FEB02 2006.0890 53768 1360 4 -106.7  -3289 -0.959524   3758440  0.631260  1626  0.778742  0.0000 0.000527 0.000638 0.002282  0.161301 -0.246214 -0.279352
CARB 06FEB03 2006.0917 53769 1360 5 -106.7  -3289 -0.961150   3758440  0.630064  1626  0.778484  0.0000 0.000522 0.000640 0.002253  0.157915 -0.248586 -0.261961
CARB 06FEB04 2006.0945 53770 1360 6 -106.7  -3289 -0.960778   3758440  0.629095  1626  0.781546  0.0000 0.000523 0.000633 0.002206  0.144698 -0.251767 -0.237916
CARB 06FEB05 2006.0972 53771 1361 0 -106.7  -3289 -0.959567   3758440  0.629759  1626  0.783876  0.0000 0.000524 0.000634 0.002259  0.149656 -0.259008 -0.246252
CARB 06FEB06 2006.0999 53772 1361 1 -106.7  -3289 -0.960562   3758440  0.630131  1626  0.777066  0.0000 0.000520 0.000616 0.002169  0.140646 -0.241557 -0.241140
CARB 06FEB07 2006.1027 53773 1361 2 -106.7  -3289 -0.959556   3758440  0.630127  1626  0.778947  0.0000 0.000523 0.000623 0.002205  0.142569 -0.234793 -0.253994
CARB 06FEB08 2006.1054 53774 1361 3 -106.7  -3289 -0.959521   3758440  0.630440  1626  0.778254  0.0000 0.000522 0.000620 0.002196  0.138755 -0.252998 -0.245342
CARB 06FEB09 2006.1081 53775 1361 4 -106.7  -3289 -0.960130   3758440  0.630526  1626  0.777922  0.0000 0.000527 0.000635 0.002240  0.135168 -0.260449 -0.244178
CARB 06FEB10 2006.1109 53776 1361 5 -106.7  -3289 -0.961832   3758440  0.629878  1626  0.777577  0.0000 0.000529 0.000653 0.002308  0.153219 -0.254217 -0.255693
CARB 06FEB11 2006.1136 53777 1361 6 -106.7  -3289 -0.960554   3758440  0.629945  1626  0.774254  0.0000 0.000520 0.000617 0.002206  0.116440 -0.261283 -0.232026
CARB 06FEB12 2006.1164 53778 1362 0 -106.7  -3289 -0.960217   3758440  0.629460  1626  0.775190  0.0000 0.000519 0.000617 0.002164  0.129067 -0.243542 -0.243033
CARB 06FEB13 2006.1191 53779 1362 1 -106.7  -3289 -0.960785   3758440  0.627951  1626  0.776131  0.0000 0.000520 0.000617 0.002181  0.124641 -0.240049 -0.247453
CARB 06FEB14 2006.1218 53780 1362 2 -106.7  -3289 -0.959863   3758440  0.628702  1626  0.783931  0.0000 0.000518 0.000612 0.002182  0.115426 -0.246081 -0.239907
CARB 06FEB15 2006.1246 53781 1362 3 -106.7  -3289 -0.957993   3758440  0.629568  1626  0.787272  0.0000 0.000516 0.000614 0.002159  0.128582 -0.256197 -0.223097
CARB 06FEB16 2006.1273 53782 1362 4 -106.7  -3289 -0.957362   3758440  0.632083  1626  0.789372  0.0000 0.000515 0.000611 0.002170  0.114706 -0.254998 -0.219347
CARB 06FEB17 2006.1300 53783 1362 5 -106.7  -3289 -0.959392   3758440  0.628885  1626  0.778347  0.0000 0.000523 0.000616 0.002205  0.119256 -0.270123 -0.221811
CARB 06FEB18 2006.1328 53784 1362 6 -106.7  -3289 -0.956785   3758440  0.630729  1626  0.782576  0.0000 0.000524 0.000618 0.002191  0.119634 -0.261312 -0.222300
CARB 06FEB19 2006.1355 53785 1363 0 -106.7  -3289 -0.957228   3758440  0.629369  1626  0.779000  0.0000 0.000525 0.000614 0.002182  0.136142 -0.270743 -0.237822
CARB 06FEB20 2006.1383 53786 1363 1 -106.7  -3289 -0.958740   3758440  0.630475  1626  0.781616  0.0000 0.000525 0.000610 0.002160  0.129097 -0.267096 -0.230507
CARB 06FEB21 2006.1410 53787 1363 2 -106.7  -3289 -0.959035   3758440  0.629931  1626  0.783693  0.0000 0.000529 0.000613 0.002175  0.132473 -0.278249 -0.221477
CARB 06FEB22 2006.1437 53788 1363 3 -106.7  -3289 -0.960795   3758440  0.631193  1626  0.775424  0.0000 0.000530 0.000607 0.002169  0.126565 -0.266744 -0.226297
CARB 06FEB23 2006.1465 53789 1363 4 -106.7  -3289 -0.960610   3758440  0.628590  1626  0.784187  0.0000 0.000532 0.000618 0.002187  0.131802 -0.261242 -0.235177
CARB 06FEB24 2006.1492 53790 1363 5 -106.7  -3289 -0.960500   3758440  0.629451  1626  0.778240  0.0000 0.000534 0.000617 0.002200  0.124143 -0.236360 -0.254645
CARB 06FEB25 2006.1520 53791 1363 6 -106.7  -3289 -0.959870   3758440  0.629779  1626  0.780199  0.0000 0.000529 0.000612 0.002175  0.134688 -0.249385 -0.246188
CARB 06FEB26 2006.1547 53792 1364 0 -106.7  -3289 -0.959812   3758440  0.629479  1626  0.779348  0.0000 0.000533 0.000608 0.002151  0.137021 -0.262172 -0.223818
CARB 06FEB27 2006.1574 53793 1364 1 -106.7  -3289 -0.958267   3758440  0.627995  1626  0.779690  0.0000 0.000532 0.000608 0.002175  0.127993 -0.255867 -0.227466
CARB 06FEB28 2006.1602 53794 1364 2 -106.7  -3289 -0.960145   3758440  0.629632  1626  0.784678  0.0000 0.000537 0.000616 0.002200  0.135566 -0.247837 -0.232224
CARB 06MAR01 2006.1629 53795 1364 3 -106.7  -3289 -0.958785   3758440  0.628889  1626  0.793706  0.0000 0.000562 0.000635 0.002246  0.138359 -0.255655 -0.205712
CARB 06MAR02 2006.1656 53796 1364 4 -106.7  -3289 -0.959820   3758440  0.628626  1626  0.782901  0.0000 0.000532 0.000617 0.002162  0.145602 -0.254454 -0.227128
CARB 06MAR03 2006.1684 53797 1364 5 -106.7  -3289 -0.959733   3758440  0.628439  1626  0.787335  0.0000 0.000541 0.000631 0.002212  0.155785 -0.262701 -0.242838
CARB 06MAR04 2006.1711 53798 1364 6 -106.7  -3289 -0.960270   3758440  0.629070  1626  0.782368  0.0000 0.000537 0.000607 0.002155  0.137977 -0.275024 -0.213494
CARB 06MAR05 2006.1739 53799 1365 0 -106.7  -3289 -0.959460   3758440  0.629846  1626  0.781857  0.0000 0.000534 0.000606 0.002173  0.122999 -0.260491 -0.217797
CARB 06MAR06 2006.1766 53800 1365 1 -106.7  -3289 -0.961042   3758440  0.629317  1626  0.783831  0.0000 0.000532 0.000610 0.002158  0.132190 -0.262277 -0.219739
CARB 06MAR07 2006.1793 53801 1365 2 -106.7  -3289 -0.959839   3758440  0.629207  1626  0.786995  0.0000 0.000532 0.000613 0.002179  0.132116 -0.259366 -0.231034
CARB 06JUL24 2006.5599 53940 1385 1 -106.7  -3289 -0.964162   3758440  0.623756  1626  0.781000  0.0000 0.000541 0.000632 0.002283  0.122321 -0.264439 -0.233362
CARB 06JUL25 2006.5626 53941 1385 2 -106.7  -3289 -0.965724   3758440  0.624600  1626  0.777803  0.0000 0.000552 0.000632 0.002316  0.128672 -0.294798 -0.225094
CARB 06JUL26 2006.5654 53942 1385 3 -106.7  -3289 -0.967417   3758440  0.623637  1626  0.779047  0.0000 0.000550 0.000640 0.002336  0.127294 -0.291925 -0.237316
CARB 06JUL27 2006.5681 53943 1385 4 -106.7  -3289 -0.966162   3758440  0.624783  1626  0.782017  0.0000 0.000541 0.000636 0.002325  0.137300 -0.285668 -0.244725
CARB 06JUL28 2006.5708 53944 1385 5 -106.7  -3289 -0.964709   3758440  0.625685  1626  0.773684  0.0000 0.000546 0.000646 0.002346  0.127210 -0.271055 -0.242583
CARB 06JUL29 2006.5736 53945 1385 6 -106.7  -3289 -0.963172   3758440  0.624041  1626  0.777933  0.0000 0.000547 0.000636 0.002343  0.123722 -0.265818 -0.249254
CARB 06JUL30 2006.5763 53946 1386 0 -106.7  -3289 -0.965531   3758440  0.622475  1626  0.778633  0.0000 0.000543 0.000629 0.002282  0.127140 -0.273927 -0.231100
CARB 06JUL31 2006.5791 53947 1386 1 -106.7  -3289 -0.961564   3758440  0.622559  1626  0.780750  0.0000 0.000554 0.000635 0.002338  0.138207 -0.280587 -0.250077
CARB 06AUG01 2006.5818 53948 1386 2 -106.7  -3289 -0.964013   3758440  0.623305  1626  0.779800  0.0000 0.000550 0.000636 0.002321  0.135696 -0.288993 -0.241459
CARB 06AUG02 2006.5845 53949 1386 3 -106.7  -3289 -0.966429   3758440  0.623476  1626  0.777102  0.0000 0.000563 0.000652 0.002386  0.147865 -0.287718 -0.262948
CARB 06AUG03 2006.5873 53950 1386 4 -106.7  -3289 -0.964310   3758440  0.623157  1626  0.771168  0.0000 0.000568 0.000649 0.002408  0.137748 -0.275859 -0.251760
CARB 06AUG04 2006.5900 53951 1386 5 -106.7  -3289 -0.963822   3758440  0.626789  1626  0.771204  0.0000 0.000567 0.000647 0.002380  0.122938 -0.286089 -0.243758
CARB 06AUG05 2006.5927 53952 1386 6 -106.7  -3289 -0.967522   3758440  0.627822  1626  0.775286  0.0000 0.000562 0.000632 0.002286  0.109458 -0.274010 -0.225972
CARB 06AUG06 2006.5955 53953 1387 0 -106.7  -3289 -0.966093   3758440  0.622769  1626  0.780509  0.0000 0.000559 0.000627 0.002283  0.107654 -0.278147 -0.211450
CARB 06AUG07 2006.5982 53954 1387 1 -106.7  -3289 -0.963731   3758440  0.622189  1626  0.778190  0.0000 0.000551 0.000621 0.002245  0.108313 -0.268670 -0.218613
CARB 06AUG08 2006.6010 53955 1387 2 -106.7  -3289 -0.964873   3758440  0.624470  1626  0.761977  0.0000 0.000537 0.000618 0.002221  0.108040 -0.264088 -0.219650
CARB 06AUG09 2006.6037 53956 1387 3 -106.7  -3289 -0.967364   3758440  0.622165  1626  0.779232  0.0000 0.000537 0.000617 0.002247  0.096349 -0.254178 -0.223844
CARB 06AUG10 2006.6064 53957 1387 4 -106.7  -3289 -0.966865   3758440  0.623416  1626  0.774982  0.0000 0.000540 0.000619 0.002236  0.097975 -0.249759 -0.206040
CARB 06AUG11 2006.6092 53958 1387 5 -106.7  -3289 -0.969235   3758440  0.625011  1626  0.769537  0.0000 0.000542 0.000617 0.002264  0.089058 -0.266569 -0.202862
CARB 06AUG12 2006.6119 53959 1387 6 -106.7  -3289 -0.966312   3758440  0.623902  1626  0.778437  0.0000 0.000535 0.000617 0.002226  0.098189 -0.254417 -0.212957
CARB 06AUG13 2006.6146 53960 1388 0 -106.7  -3289 -0.967546   3758440  0.622123  1626  0.769125  0.0000 0.000529 0.000612 0.002182  0.103165 -0.256419 -0.209713
CARB 06AUG14 2006.6174 53961 1388 1 -106.7  -3289 -0.967421   3758440  0.622945  1626  0.780029  0.0000 0.000533 0.000614 0.002209  0.100297 -0.240361 -0.221368
CARB 06AUG15 2006.6201 53962 1388 2 -106.7  -3289 -0.966382   3758440  0.623150  1626  0.780521  0.0000 0.000542 0.000631 0.002242  0.098175 -0.244076 -0.222695
CARB 06AUG16 2006.6229 53963 1388 3 -106.7  -3289 -0.966939   3758440  0.621625  1626  0.774598  0.0000 0.000536 0.000613 0.002217  0.090944 -0.247101 -0.208134
CARB 06AUG17 2006.6256 53964 1388 4 -106.7  -3289 -0.966894   3758440  0.623725  1626  0.777231  0.0000 0.000531 0.000610 0.002196  0.088929 -0.248669 -0.198687
CARB 06AUG18 2006.6283 53965 1388 5 -106.7  -3289 -0.966462   3758440  0.623360  1626  0.777000  0.0000 0.000547 0.000618 0.002213  0.103851 -0.251485 -0.239944
CARB 06AUG19 2006.6311 53966 1388 6 -106.7  -3289 -0.964975   3758440  0.623160  1626  0.781734  0.0000 0.000530 0.000606 0.002170  0.099958 -0.246136 -0.206482
CARB 06AUG20 2006.6338 53967 1389 0 -106.7  -3289 -0.967408   3758440  0.623552  1626  0.780954  0.0000 0.000530 0.000611 0.002212  0.103373 -0.257340 -0.210087
CARB 06AUG21 2006.6366 53968 1389 1 -106.7  -3289 -0.965291   3758440  0.624344  1626  0.767081  0.0000 0.000543 0.000622 0.002234  0.088606 -0.217114 -0.209752
CARB 06AUG22 2006.6393 53969 1389 2 -106.7  -3289 -0.964299   3758440  0.623722  1626  0.785334  0.0000 0.000536 0.000617 0.002238  0.089624 -0.230409 -0.215513
CARB 06AUG23 2006.6420 53970 1389 3 -106.7  -3289 -0.969021   3758440  0.623096  1626  0.783050  0.0000 0.000538 0.000614 0.002233  0.091011 -0.245177 -0.199699
CARB 06AUG24 2006.6448 53971 1389 4 -106.7  -3289 -0.968171   3758440  0.624446  1626  0.778496  0.0000 0.000537 0.000617 0.002208  0.092762 -0.232605 -0.204767
CARB 06AUG25 2006.6475 53972 1389 5 -106.7  -3289 -0.967632   3758440  0.620550  1626  0.788337  0.0000 0.000560 0.000634 0.002311  0.096570 -0.238109 -0.223678
CARB 06AUG26 2006.6502 53973 1389 6 -106.7  -3289 -0.969623   3758440  0.624243  1626  0.785299  0.0000 0.000557 0.000631 0.002305  0.088309 -0.241323 -0.231795
CARB 06AUG27 2006.6530 53974 1390 0 -106.7  -3289 -0.967794   3758440  0.620230  1626  0.777858  0.0000 0.000579 0.000641 0.002362  0.091107 -0.252365 -0.237458
CARB 06AUG28 2006.6557 53975 1390 1 -106.7  -3289 -0.966827   3758440  0.622920  1626  0.780850  0.0000 0.000580 0.000639 0.002332  0.095830 -0.243475 -0.243020
CARB 06AUG29 2006.6585 53976 1390 2 -106.7  -3289 -0.969090   3758440  0.621094  1626  0.779246  0.0000 0.000583 0.000639 0.002364  0.080335 -0.245831 -0.238621
CARB 06AUG30 2006.6612 53977 1390 3 -106.7  -3289 -0.967641   3758440  0.622502  1626  0.780256  0.0000 0.000585 0.000642 0.002344  0.093103 -0.262316 -0.227141
CARB 06AUG31 2006.6639 53978 1390 4 -106.7  -3289 -0.965614   3758440  0.624109  1626  0.786846  0.0000 0.000605 0.000667 0.002467  0.098287 -0.280552 -0.248169
CARB 06SEP01 2006.6667 53979 1390 5 -106.7  -3289 -0.967635   3758440  0.628013  1626  0.780384  0.0000 0.000586 0.000647 0.002383  0.111559 -0.255098 -0.264882
CARB 06SEP02 2006.6694 53980 1390 6 -106.7  -3289 -0.968079   3758440  0.624311  1626  0.771878  0.0000 0.000583 0.000646 0.002352  0.103905 -0.249371 -0.255072
CARB 06SEP03 2006.6721 53981 1391 0 -106.7  -3289 -0.967049   3758440  0.623247  1626  0.778911  0.0000 0.000583 0.000643 0.002349  0.100655 -0.248045 -0.253266
CARB 06SEP04 2006.6749 53982 1391 1 -106.7  -3289 -0.967190   3758440  0.624672  1626  0.775668  0.0000 0.000599 0.000662 0.002414  0.125961 -0.247416 -0.259694
CARB 06SEP05 2006.6776 53983 1391 2 -106.7  -3289 -0.965347   3758440  0.622728  1626  0.770933  0.0000 0.000601 0.000657 0.002391  0.135347 -0.272476 -0.254798
CARB 06SEP06 2006.6804 53984 1391 3 -106.7  -3289 -0.966447   3758440  0.621840  1626  0.772387  0.0000 0.000586 0.000646 0.002371  0.106989 -0.265440 -0.258769
CARB 06SEP07 2006.6831 53985 1391 4 -106.7  -3289 -0.966916   3758440  0.621809  1626  0.781141  0.0000 0.000603 0.000651 0.002388  0.105454 -0.253655 -0.237375
CARB 06SEP08 2006.6858 53986 1391 5 -106.7  -3289 -0.969821   3758440  0.624238  1626  0.773864  0.0000 0.000607 0.000647 0.002407  0.107650 -0.254461 -0.240569
CARB 06SEP09 2006.6886 53987 1391 6 -106.7  -3289 -0.967684   3758440  0.624413  1626  0.775491  0.0000 0.000557 0.000623 0.002273  0.076529 -0.234271 -0.237402
CARB 06SEP10 2006.6913 53988 1392 0 -106.7  -3289 -0.966291   3758440  0.625492  1626  0.782097  0.0000 0.000562 0.000629 0.002310  0.090180 -0.232741 -0.251315
CARB 06SEP11 2006.6940 53989 1392 1 -106.7  -3289 -0.965142   3758440  0.625762  1626  0.788169  0.0000 0.000566 0.000646 0.002374  0.115058 -0.266352 -0.239177
CARB 06SEP12 2006.6968 53990 1392 2 -106.7  -3289 -0.968187   3758440  0.623900  1626  0.785649  0.0000 0.000595 0.000667 0.002392  0.113757 -0.225988 -0.228067
CARB 06SEP13 2006.6995 53991 1392 3 -106.7  -3289 -0.967542   3758440  0.621489  1626  0.780418  0.0000 0.000558 0.000643 0.002338  0.114299 -0.229720 -0.259499
CARB 06SEP14 2006.7023 53992 1392 4 -106.7  -3289 -0.967757   3758440  0.624393  1626  0.777685  0.0000 0.000563 0.000648 0.002382  0.102763 -0.239069 -0.256816
CARB 06SEP15 2006.7050 53993 1392 5 -106.7  -3289 -0.968656   3758440  0.621887  1626  0.784618  0.0000 0.000546 0.000634 0.002296  0.104663 -0.237049 -0.223549
CARB 06SEP16 2006.7077 53994 1392 6 -106.7  -3289 -0.966634   3758440  0.622162  1626  0.776857  0.0000 0.000548 0.000632 0.002318  0.118187 -0.245872 -0.236764
CARB 06SEP17 2006.7105 53995 1393 0 -106.7  -3289 -0.966862   3758440  0.622954  1626  0.781700  0.0000 0.000547 0.000629 0.002270  0.121324 -0.246864 -0.218226
CARB 06SEP18 2006.7132 53996 1393 1 -106.7  -3289 -0.965284   3758440  0.623173  1626  0.772808  0.0000 0.000538 0.000612 0.002195  0.097199 -0.224790 -0.207486
CARB 06SEP19 2006.7159 53997 1393 2 -106.7  -3289 -0.967727   3758440  0.622631  1626  0.774567  0.0000 0.000535 0.000614 0.002193  0.094509 -0.212637 -0.223911
CARB 06SEP20 2006.7187 53998 1393 3 -106.7  -3289 -0.965714   3758440  0.624323  1626  0.773687  0.0000 0.000535 0.000612 0.002192  0.090687 -0.234105 -0.207976
CARB 06SEP21 2006.7214 53999 1393 4 -106.7  -3289 -0.966090   3758440  0.623905  1626  0.779720  0.0000 0.000572 0.000647 0.002348  0.126189 -0.274025 -0.237306
CARB 06SEP22 2006.7242 54000 1393 5 -106.7  -3289 -0.966384   3758440  0.620264  1626  0.787088  0.0000 0.000576 0.000661 0.002376  0.151460 -0.253632 -0.265315
CARB 06SEP23 2006.7269 54001 1393 6 -106.7  -3289 -0.967773   3758440  0.622867  1626  0.776921  0.0000 0.000548 0.000631 0.002260  0.114176 -0.230906 -0.230040
CARB 06SEP24 2006.7296 54002 1394 0 -106.7  -3289 -0.967311   3758440  0.624135  1626  0.773538  0.0000 0.000547 0.000636 0.002259  0.106934 -0.212620 -0.223947
CARB 06SEP25 2006.7324 54003 1394 1 -106.7  -3289 -0.966750   3758440  0.625441  1626  0.768583  0.0000 0.000542 0.000623 0.002227  0.097600 -0.228803 -0.217910
CARB 06SEP26 2006.7351 54004 1394 2 -106.7  -3289 -0.965519   3758440  0.624432  1626  0.770585  0.0000 0.000548 0.000623 0.002227  0.099953 -0.239974 -0.206032
CARB 06SEP27 2006.7379 54005 1394 3 -106.7  -3289 -0.963110   3758440  0.627078  1626  0.773630  0.0000 0.000546 0.000624 0.002237  0.104293 -0.246677 -0.213938
CARB 06SEP28 2006.7406 54006 1394 4 -106.7  -3289 -0.966836   3758440  0.624476  1626  0.771515  0.0000 0.000546 0.000623 0.002227  0.102970 -0.233572 -0.215289
CARB 06SEP29 2006.7433 54007 1394 5 -106.7  -3289 -0.964515   3758440  0.622617  1626  0.777788  0.0000 0.000543 0.000628 0.002263  0.099591 -0.229210 -0.218912
CARB 06SEP30 2006.7461 54008 1394 6 -106.7  -3289 -0.963618   3758440  0.622580  1626  0.778575  0.0000 0.000545 0.000624 0.002256  0.081785 -0.223604 -0.214274
CARB 06OCT01 2006.7488 54009 1395 0 -106.7  -3289 -0.963305   3758440  0.623500  1626  0.777834  0.0000 0.000546 0.000625 0.002240  0.089876 -0.227216 -0.216209
CARB 06OCT02 2006.7515 54010 1395 1 -106.7  -3289 -0.963704   3758440  0.624052  1626  0.778591  0.0000 0.000584 0.000665 0.002393  0.103175 -0.222699 -0.235008
CARB 06OCT03 2006.7543 54011 1395 2 -106.7  -3289 -0.964954   3758440  0.624311  1626  0.775753  0.0000 0.000568 0.000644 0.002315  0.096907 -0.209985 -0.247616
CARB 06OCT04 2006.7570 54012 1395 3 -106.7  -3289 -0.963483   3758440  0.624065  1626  0.774932  0.0000 0.000574 0.000643 0.002323  0.100237 -0.219122 -0.222791
CARB 06OCT05 2006.7598 54013 1395 4 -106.7  -3289 -0.964613   3758440  0.624586  1626  0.773383  0.0000 0.000568 0.000638 0.002303  0.094307 -0.219896 -0.240320
CARB 06OCT06 2006.7625 54014 1395 5 -106.7  -3289 -0.965132   3758440  0.623345  1626  0.782811  0.0000 0.000568 0.000632 0.002304  0.084998 -0.235940 -0.236751
CARB 06OCT07 2006.7652 54015 1395 6 -106.7  -3289 -0.965482   3758440  0.626100  1626  0.771402  0.0000 0.000591 0.000646 0.002403  0.096845 -0.239119 -0.264359
CARB 06OCT08 2006.7680 54016 1396 0 -106.7  -3289 -0.963573   3758440  0.627241  1626  0.773692  0.0000 0.000588 0.000646 0.002327  0.092492 -0.242000 -0.243536
CARB 06OCT09 2006.7707 54017 1396 1 -106.7  -3289 -0.964677   3758440  0.625669  1626  0.778136  0.0000 0.000566 0.000639 0.002302  0.088660 -0.230993 -0.235228
CARB 06OCT10 2006.7734 54018 1396 2 -106.7  -3289 -0.965689   3758440  0.625490  1626  0.784996  0.0000 0.000565 0.000638 0.002297  0.097830 -0.232773 -0.235920
CARB 06OCT11 2006.7762 54019 1396 3 -106.7  -3289 -0.965662   3758440  0.623956  1626  0.776146  0.0000 0.000572 0.000636 0.002284  0.100049 -0.217740 -0.237732
CARB 06OCT12 2006.7789 54020 1396 4 -106.7  -3289 -0.966936   3758440  0.624724  1626  0.778786  0.0000 0.000570 0.000633 0.002278  0.097896 -0.237949 -0.233878
CARB 06OCT13 2006.7817 54021 1396 5 -106.7  -3289 -0.965061   3758440  0.626350  1626  0.775975  0.0000 0.000572 0.000621 0.002258  0.103419 -0.257141 -0.233748
CARB 06OCT14 2006.7844 54022 1396 6 -106.7  -3289 -0.962500   3758440  0.625180  1626  0.775685  0.0000 0.000565 0.000625 0.002257  0.092879 -0.240189 -0.242108
CARB 06OCT15 2006.7871 54023 1397 0 -106.7  -3289 -0.961197   3758440  0.626471  1626  0.771658  0.0000 0.000594 0.000637 0.002336  0.094242 -0.259039 -0.256466
CARB 06OCT16 2006.7899 54024 1397 1 -106.7  -3289 -0.966622   3758440  0.623954  1626  0.779641  0.0000 0.000567 0.000624 0.002259  0.089714 -0.239151 -0.235070
CARB 06OCT17 2006.7926 54025 1397 2 -106.7  -3289 -0.964829   3758440  0.625706  1626  0.779457  0.0000 0.000565 0.000617 0.002251  0.089086 -0.237185 -0.241431
CARB 06OCT18 2006.7953 54026 1397 3 -106.7  -3289 -0.966050   3758440  0.625445  1626  0.771387  0.0000 0.000566 0.000616 0.002232  0.094663 -0.241871 -0.237854
CARB 06OCT19 2006.7981 54027 1397 4 -106.7  -3289 -0.965877   3758440  0.624754  1626  0.773223  0.0000 0.000563 0.000618 0.002229  0.091010 -0.240740 -0.242257
CARB 06OCT20 2006.8008 54028 1397 5 -106.7  -3289 -0.966662   3758440  0.625241  1626  0.781076  0.0000 0.000561 0.000617 0.002237  0.091698 -0.237640 -0.243612
CARB 06OCT21 2006.8036 54029 1397 6 -106.7  -3289 -0.965853   3758440  0.624393  1626  0.780614  0.0000 0.000537 0.000611 0.002199  0.089967 -0.213832 -0.247550
CARB 06OCT22 2006.8063 54030 1398 0 -106.7  -3289 -0.967608   3758440  0.623819  1626  0.772331  0.0000 0.000537 0.000603 0.002183  0.079396 -0.215235 -0.237157
CARB 06OCT23 2006.8090 54031 1398 1 -106.7  -3289 -0.967886   3758440  0.623837  1626  0.766523  0.0000 0.000541 0.000601 0.002173  0.092817 -0.221912 -0.231703
CARB 06OCT24 2006.8118 54032 1398 2 -106.7  -3289 -0.965343   3758440  0.624592  1626  0.777415  0.0000 0.000548 0.000615 0.002228  0.089140 -0.217840 -0.235908
CARB 06OCT25 2006.8145 54033 1398 3 -106.7  -3289 -0.967759   3758440  0.624784  1626  0.779460  0.0000 0.000559 0.000638 0.002286  0.077446 -0.226469 -0.230195
CARB 06OCT26 2006.8172 54034 1398 4 -106.7  -3289 -0.965621   3758440  0.625963  1626  0.775688  0.0000 0.000550 0.000629 0.002255  0.072100 -0.224171 -0.239451
CARB 06OCT27 2006.8200 54035 1398 5 -106.7  -3289 -0.967947   3758440  0.626124  1626  0.769925  0.0000 0.000557 0.000615 0.002251  0.085754 -0.229582 -0.250723
CARB 06OCT28 2006.8227 54036 1398 6 -106.7  -3289 -0.967588   3758440  0.626080  1626  0.767884  0.0000 0.000558 0.000608 0.002222  0.090429 -0.226857 -0.251720
CARB 06OCT29 2006.8255 54037 1399 0 -106.7  -3289 -0.969011   3758440  0.623751  1626  0.778213  0.0000 0.000540 0.000601 0.002177  0.090066 -0.226967 -0.226244
CARB 06OCT30 2006.8282 54038 1399 1 -106.7  -3289 -0.965893   3758440  0.624451  1626  0.771797  0.0000 0.000538 0.000599 0.002168  0.088483 -0.237699 -0.217783
CARB 06OCT31 2006.8309 54039 1399 2 -106.7  -3289 -0.967369   3758440  0.624260  1626  0.776907  0.0000 0.000543 0.000603 0.002213  0.091743 -0.223066 -0.240455
CARB 06NOV01 2006.8337 54040 1399 3 -106.7  -3289 -0.968519   3758440  0.623729  1626  0.775205  0.0000 0.000541 0.000607 0.002203  0.086979 -0.229492 -0.228552
CARB 06NOV02 2006.8364 54041 1399 4 -106.7  -3289 -0.966140   3758440  0.625586  1626  0.772780  0.0000 0.000543 0.000604 0.002204  0.095859 -0.227596 -0.228572
CARB 06NOV03 2006.8392 54042 1399 5 -106.7  -3289 -0.967119   3758440  0.624352  1626  0.772400  0.0000 0.000545 0.000606 0.002186  0.096375 -0.235978 -0.230072
CARB 06NOV04 2006.8419 54043 1399 6 -106.7  -3289 -0.966375   3758440  0.624418  1626  0.775977  0.0000 0.000545 0.000612 0.002195  0.088660 -0.223898 -0.218391
CARB 06NOV05 2006.8446 54044 1400 0 -106.7  -3289 -0.966365   3758440  0.625364  1626  0.770412  0.0000 0.000543 0.000615 0.002215  0.083769 -0.200348 -0.239805
CARB 06NOV06 2006.8474 54045 1400 1 -106.7  -3289 -0.968602   3758440  0.625495  1626  0.772950  0.0000 0.000547 0.000605 0.002223  0.081476 -0.223988 -0.229396
CARB 06NOV07 2006.8501 54046 1400 2 -106.7  -3289 -0.967552   3758440  0.625087  1626  0.778152  0.0000 0.000552 0.000631 0.002261  0.099567 -0.232389 -0.251471
CARB 06NOV08 2006.8528 54047 1400 3 -106.7  -3289 -0.967435   3758440  0.624060  1626  0.779766  0.0000 0.000569 0.000626 0.002280  0.099599 -0.225681 -0.268175
CARB 06NOV09 2006.8556 54048 1400 4 -106.7  -3289 -0.969024   3758440  0.624523  1626  0.784230  0.0000 0.000561 0.000629 0.002262  0.083324 -0.225068 -0.235157
CARB 06NOV10 2006.8583 54049 1400 5 -106.7  -3289 -0.969043   3758440  0.624908  1626  0.775850  0.0000 0.000540 0.000620 0.002226  0.093144 -0.212988 -0.241460
CARB 06NOV11 2006.8611 54050 1400 6 -106.7  -3289 -0.968626   3758440  0.623901  1626  0.772147  0.0000 0.000589 0.000666 0.002451  0.102458 -0.217812 -0.271239
CARB 07MAY16 2007.3703 54236 1427 3 -106.7  -3289 -0.975477   3758440  0.621737  1626  0.763033  0.0000 0.000520 0.000603 0.002153  0.120496 -0.222775 -0.267022
CARB 07MAY17 2007.3730 54237 1427 4 -106.7  -3289 -0.976220   3758440  0.620837  1626  0.774357  0.0000 0.000536 0.000607 0.002208  0.125969 -0.229053 -0.257721
CARB 07MAY18 2007.3758 54238 1427 5 -106.7  -3289 -0.976653   3758440  0.621173  1626  0.777130  0.0000 0.000528 0.000608 0.002204  0.117451 -0.236911 -0.249388
CARB 07MAY19 2007.3785 54239 1427 6 -106.7  -3289 -0.975530   3758440  0.621823  1626  0.774919  0.0000 0.000513 0.000603 0.002175  0.115888 -0.230581 -0.271427
CARB 07MAY20 2007.3812 54240 1428 0 -106.7  -3289 -0.975586   3758440  0.620839  1626  0.771975  0.0000 0.000515 0.000599 0.002167  0.118313 -0.251411 -0.254079
CARB 07MAY21 2007.3840 54241 1428 1 -106.7  -3289 -0.975885   3758440  0.620136  1626  0.778263  0.0000 0.000511 0.000597 0.002140  0.124376 -0.232888 -0.263325
CARB 07MAY22 2007.3867 54242 1428 2 -106.7  -3289 -0.976488   3758440  0.622088  1626  0.771187  0.0000 0.000520 0.000605 0.002172  0.110501 -0.212969 -0.267816
CARB 07MAY23 2007.3895 54243 1428 3 -106.7  -3289 -0.976782   3758440  0.620997  1626  0.765968  0.0000 0.000516 0.000605 0.002203  0.112920 -0.238179 -0.259492
CARB 07MAY24 2007.3922 54244 1428 4 -106.7  -3289 -0.978254   3758440  0.621599  1626  0.776208  0.0000 0.000514 0.000612 0.002204  0.131097 -0.215304 -0.272930
CARB 07MAY25 2007.3949 54245 1428 5 -106.7  -3289 -0.975229   3758440  0.621435  1626  0.769059  0.0000 0.000514 0.000598 0.002162  0.114789 -0.229831 -0.263838
CARB 07MAY26 2007.3977 54246 1428 6 -106.7  -3289 -0.975443   3758440  0.620817  1626  0.774425  0.0000 0.000511 0.000592 0.002134  0.120724 -0.242890 -0.262066
CARB 07MAY27 2007.4004 54247 1429 0 -106.7  -3289 -0.977115   3758440  0.620561  1626  0.771849  0.0000 0.000508 0.000601 0.002153  0.112064 -0.235889 -0.257690
CARB 07MAY28 2007.4031 54248 1429 1 -106.7  -3289 -0.978615   3758440  0.618036  1626  0.774176  0.0000 0.000514 0.000606 0.002184  0.115802 -0.230218 -0.263104
CARB 07MAY29 2007.4059 54249 1429 2 -106.7  -3289 -0.978379   3758440  0.619542  1626  0.773923  0.0000 0.000513 0.000607 0.002186  0.123757 -0.243327 -0.259469
CARB 07MAY30 2007.4086 54250 1429 3 -106.7  -3289 -0.978617   3758440  0.621929  1626  0.774372  0.0000 0.000513 0.000617 0.002182  0.125224 -0.227338 -0.263663
CARB 07MAY31 2007.4114 54251 1429 4 -106.7  -3289 -0.977758   3758440  0.620636  1626  0.775237  0.0000 0.000514 0.000607 0.002155  0.129901 -0.240601 -0.257813
CARB 07JUN01 2007.4141 54252 1429 5 -106.7  -3289 -0.978254   3758440  0.622593  1626  0.773752  0.0000 0.000511 0.000601 0.002145  0.123478 -0.235614 -0.250219
CARB 07JUN02 2007.4168 54253 1429 6 -106.7  -3289 -0.978352   3758440  0.619787  1626  0.772765  0.0000 0.000516 0.000607 0.002184  0.113298 -0.232298 -0.251231
CARB 07JUN03 2007.4196 54254 1430 0 -106.7  -3289 -0.979418   3758440  0.620023  1626  0.781638  0.0000 0.000514 0.000607 0.002189  0.122392 -0.231654 -0.255352
CARB 07JUN04 2007.4223 54255 1430 1 -106.7  -3289 -0.978364   3758440  0.620593  1626  0.777004  0.0000 0.000512 0.000598 0.002161  0.121393 -0.225825 -0.262177
CARB 07JUN05 2007.4251 54256 1430 2 -106.7  -3289 -0.977393   3758440  0.619902  1626  0.772826  0.0000 0.000516 0.000609 0.002192  0.127635 -0.230713 -0.260822
CARB 07JUN06 2007.4278 54257 1430 3 -106.7  -3289 -0.974632   3758440  0.620128  1626  0.776800  0.0000 0.000514 0.000600 0.002151  0.130143 -0.243046 -0.255736
CARB 07JUN07 2007.4305 54258 1430 4 -106.7  -3289 -0.977335   3758440  0.617039  1626  0.777460  0.0000 0.000514 0.000599 0.002172  0.112910 -0.214166 -0.261254
CARB 07JUN08 2007.4333 54259 1430 5 -106.7  -3289 -0.978247   3758440  0.618451  1626  0.774001  0.0000 0.000515 0.000599 0.002171  0.117517 -0.230881 -0.252219
CARB 07JUN09 2007.4360 54260 1430 6 -106.7  -3289 -0.979680   3758440  0.619790  1626  0.778769  0.0000 0.000513 0.000597 0.002171  0.119103 -0.216541 -0.260871
CARB 07JUN10 2007.4387 54261 1431 0 -106.7  -3289 -0.977226   3758440  0.620059  1626  0.770870  0.0000 0.000518 0.000597 0.002186  0.121404 -0.221344 -0.258717
CARB 07JUN11 2007.4415 54262 1431 1 -106.7  -3289 -0.979063   3758440  0.619582  1626  0.787094  0.0000 0.000527 0.000604 0.002182  0.121182 -0.216203 -0.250292
CARB 07JUN12 2007.4442 54263 1431 2 -106.7  -3289 -0.978037   3758440  0.620751  1626  0.768672  0.0000 0.000525 0.000602 0.002175  0.119865 -0.224914 -0.241708
CARB 07JUN13 2007.4470 54264 1431 3 -106.7  -3289 -0.979848   3758440  0.619605  1626  0.755771  0.0000 0.000515 0.000601 0.002174  0.118333 -0.214371 -0.263403
