site YYMMMDD yyyy.yyyy __MJD week d reflon _e0(m) __east(m) ____n0(m) _north(m) u0(m) ____up(m) _ant(m) sig_e(m) sig_n(m) sig_u(m) __corr_en __corr_eu __corr_nu
AZCA 17DEC01 2017.9165 58088 1977 5 -110.9  -2522 -0.113028   3597447  0.829840   932  0.568987  0.0000 0.000471 0.000539 0.001770 -0.039080  0.013510 -0.179014
AZCA 17DEC02 2017.9192 58089 1977 6 -110.9  -2522 -0.113019   3597447  0.827928   932  0.569689  0.0000 0.000470 0.000541 0.001780 -0.043259  0.003205 -0.177513
AZCA 17DEC03 2017.9220 58090 1978 0 -110.9  -2522 -0.110009   3597447  0.830373   932  0.567880  0.0000 0.000471 0.000553 0.001794 -0.043590  0.000931 -0.177890
AZCA 17DEC04 2017.9247 58091 1978 1 -110.9  -2522 -0.111409   3597447  0.828883   932  0.574066  0.0000 0.000473 0.000553 0.001802 -0.052495  0.025632 -0.181409
AZCA 17DEC05 2017.9274 58092 1978 2 -110.9  -2522 -0.111344   3597447  0.829941   932  0.573433  0.0000 0.000473 0.000548 0.001804 -0.032927  0.009143 -0.189438
AZCA 17DEC06 2017.9302 58093 1978 3 -110.9  -2522 -0.113384   3597447  0.829933   932  0.564110  0.0000 0.000470 0.000542 0.001780 -0.037212 -0.000776 -0.185231
AZCA 17DEC07 2017.9329 58094 1978 4 -110.9  -2522 -0.112303   3597447  0.827066   932  0.560204  0.0000 0.000474 0.000544 0.001803 -0.038655  0.006105 -0.194647
AZCA 17DEC08 2017.9357 58095 1978 5 -110.9  -2522 -0.115234   3597447  0.829051   932  0.564474  0.0000 0.000471 0.000544 0.001789 -0.041480  0.002613 -0.171949
AZCA 17DEC09 2017.9384 58096 1978 6 -110.9  -2522 -0.111749   3597447  0.826812   932  0.562550  0.0000 0.000476 0.000553 0.001808 -0.058549  0.038062 -0.179058
AZCA 17DEC10 2017.9411 58097 1979 0 -110.9  -2522 -0.114403   3597447  0.828685   932  0.566471  0.0000 0.000474 0.000550 0.001804 -0.034555  0.006936 -0.186003
AZCA 17DEC11 2017.9439 58098 1979 1 -110.9  -2522 -0.115853   3597447  0.828160   932  0.567607  0.0000 0.000472 0.000545 0.001802 -0.030391 -0.010478 -0.181752
AZCA 17DEC12 2017.9466 58099 1979 2 -110.9  -2522 -0.116566   3597447  0.830065   932  0.571936  0.0000 0.000470 0.000542 0.001778 -0.039104 -0.013888 -0.167759
AZCA 17DEC13 2017.9493 58100 1979 3 -110.9  -2522 -0.113762   3597447  0.826549   932  0.570816  0.0000 0.000473 0.000544 0.001805 -0.038210 -0.003766 -0.181446
AZCA 17DEC14 2017.9521 58101 1979 4 -110.9  -2522 -0.115415   3597447  0.826534   932  0.568323  0.0000 0.000481 0.000555 0.001819 -0.083187  0.032286 -0.164303
AZCA 17DEC15 2017.9548 58102 1979 5 -110.9  -2522 -0.114351   3597447  0.826511   932  0.571935  0.0000 0.000473 0.000554 0.001803 -0.051159  0.024899 -0.184797
AZCA 17DEC16 2017.9576 58103 1979 6 -110.9  -2522 -0.115299   3597447  0.826131   932  0.570718  0.0000 0.000471 0.000544 0.001775 -0.033386 -0.004107 -0.171634
AZCA 17DEC17 2017.9603 58104 1980 0 -110.9  -2522 -0.114505   3597447  0.827539   932  0.564842  0.0000 0.000469 0.000544 0.001774 -0.026850 -0.021494 -0.168293
AZCA 17DEC18 2017.9630 58105 1980 1 -110.9  -2522 -0.117997   3597447  0.829561   932  0.561820  0.0000 0.000472 0.000544 0.001783 -0.031276 -0.010024 -0.173325
AZCA 17DEC19 2017.9658 58106 1980 2 -110.9  -2522 -0.114987   3597447  0.826833   932  0.562341  0.0000 0.000477 0.000562 0.001834 -0.042261  0.006970 -0.189406
AZCA 17DEC20 2017.9685 58107 1980 3 -110.9  -2522 -0.115167   3597447  0.828922   932  0.569084  0.0000 0.000471 0.000546 0.001772 -0.049002  0.005510 -0.170484
AZCA 17DEC21 2017.9713 58108 1980 4 -110.9  -2522 -0.117276   3597447  0.827817   932  0.580662  0.0000 0.000473 0.000551 0.001798 -0.042001 -0.006816 -0.161785
AZCA 17DEC22 2017.9740 58109 1980 5 -110.9  -2522 -0.113606   3597447  0.828345   932  0.566339  0.0000 0.000468 0.000547 0.001788 -0.035726 -0.010543 -0.170965
AZCA 17DEC23 2017.9767 58110 1980 6 -110.9  -2522 -0.115213   3597447  0.828035   932  0.571340  0.0000 0.000467 0.000541 0.001770 -0.024595 -0.018473 -0.159060
AZCA 17DEC24 2017.9795 58111 1981 0 -110.9  -2522 -0.115633   3597447  0.827951   932  0.570898  0.0000 0.000473 0.000549 0.001802 -0.036293 -0.016297 -0.169917
AZCA 17DEC25 2017.9822 58112 1981 1 -110.9  -2522 -0.113860   3597447  0.829925   932  0.569423  0.0000 0.000474 0.000546 0.001785 -0.050147  0.016772 -0.167221
AZCA 17DEC26 2017.9849 58113 1981 2 -110.9  -2522 -0.115098   3597447  0.828768   932  0.567542  0.0000 0.000478 0.000549 0.001808 -0.042253  0.017923 -0.179168
AZCA 17DEC27 2017.9877 58114 1981 3 -110.9  -2522 -0.114961   3597447  0.829207   932  0.567704  0.0000 0.000473 0.000545 0.001790 -0.037654  0.006466 -0.165234
AZCA 17DEC28 2017.9904 58115 1981 4 -110.9  -2522 -0.114288   3597447  0.830603   932  0.567576  0.0000 0.000467 0.000540 0.001757 -0.028416 -0.017486 -0.159070
AZCA 17DEC29 2017.9932 58116 1981 5 -110.9  -2522 -0.116468   3597447  0.828797   932  0.572374  0.0000 0.000467 0.000546 0.001779 -0.045196  0.006499 -0.160087
AZCA 17DEC30 2017.9959 58117 1981 6 -110.9  -2522 -0.115251   3597447  0.827591   932  0.571029  0.0000 0.000469 0.000545 0.001775 -0.039475 -0.005375 -0.156198
AZCA 17DEC31 2017.9986 58118 1982 0 -110.9  -2522 -0.114323   3597447  0.827645   932  0.567938  0.0000 0.000475 0.000547 0.001799 -0.051257  0.006842 -0.172760
AZCA 18JAN01 2018.0014 58119 1982 1 -110.9  -2522 -0.113948   3597447  0.827769   932  0.576791  0.0000 0.000477 0.000549 0.001828 -0.042740  0.012227 -0.184099
AZCA 18JAN02 2018.0041 58120 1982 2 -110.9  -2522 -0.111935   3597447  0.830426   932  0.577378  0.0000 0.000470 0.000546 0.001779 -0.027624 -0.004782 -0.152292
AZCA 18JAN03 2018.0068 58121 1982 3 -110.9  -2522 -0.116317   3597447  0.829820   932  0.575321  0.0000 0.000469 0.000548 0.001790 -0.044129  0.006420 -0.169174
AZCA 18JAN04 2018.0096 58122 1982 4 -110.9  -2522 -0.114822   3597447  0.828219   932  0.572193  0.0000 0.000469 0.000547 0.001783 -0.036030 -0.012798 -0.157566
AZCA 18JAN05 2018.0123 58123 1982 5 -110.9  -2522 -0.114148   3597447  0.829200   932  0.570661  0.0000 0.000471 0.000546 0.001778 -0.041996  0.002720 -0.162318
AZCA 18JAN06 2018.0151 58124 1982 6 -110.9  -2522 -0.114977   3597447  0.829275   932  0.576241  0.0000 0.000474 0.000548 0.001811 -0.040851  0.000424 -0.188060
AZCA 18JAN07 2018.0178 58125 1983 0 -110.9  -2522 -0.112886   3597447  0.827960   932  0.576319  0.0000 0.000474 0.000550 0.001807 -0.022810 -0.003925 -0.183911
AZCA 18JAN09 2018.0233 58127 1983 2 -110.9  -2522 -0.118867   3597447  0.828822   932  0.572653  0.0000 0.000467 0.000542 0.001769 -0.047174  0.008377 -0.175227
AZCA 18JAN10 2018.0260 58128 1983 3 -110.9  -2522 -0.116169   3597447  0.825941   932  0.572725  0.0000 0.000470 0.000545 0.001783 -0.043812 -0.002548 -0.166293
AZCA 18JAN12 2018.0315 58130 1983 5 -110.9  -2522 -0.115203   3597447  0.830201   932  0.568821  0.0000 0.000470 0.000547 0.001780 -0.031613  0.011215 -0.170024
AZCA 18JAN13 2018.0342 58131 1983 6 -110.9  -2522 -0.113945   3597447  0.828982   932  0.570381  0.0000 0.000469 0.000544 0.001777 -0.030834  0.011107 -0.170707
AZCA 18JAN14 2018.0370 58132 1984 0 -110.9  -2522 -0.114350   3597447  0.831906   932  0.568037  0.0000 0.000468 0.000544 0.001761 -0.036236  0.002649 -0.166842
AZCA 18JAN15 2018.0397 58133 1984 1 -110.9  -2522 -0.114697   3597447  0.831959   932  0.563269  0.0000 0.000468 0.000545 0.001776 -0.037745  0.001378 -0.168055
AZCA 18JAN16 2018.0424 58134 1984 2 -110.9  -2522 -0.112821   3597447  0.831316   932  0.565901  0.0000 0.000470 0.000543 0.001783 -0.041827 -0.004435 -0.162553
AZCA 18JAN17 2018.0452 58135 1984 3 -110.9  -2522 -0.115572   3597447  0.829558   932  0.566716  0.0000 0.000469 0.000546 0.001781 -0.039186  0.005639 -0.164413
AZCA 18JAN18 2018.0479 58136 1984 4 -110.9  -2522 -0.115301   3597447  0.827298   932  0.565881  0.0000 0.000471 0.000547 0.001783 -0.048281  0.013685 -0.160004
AZCA 18JAN19 2018.0507 58137 1984 5 -110.9  -2522 -0.115554   3597447  0.831077   932  0.571486  0.0000 0.000469 0.000547 0.001781 -0.031236 -0.002557 -0.184446
AZCA 18JAN20 2018.0534 58138 1984 6 -110.9  -2522 -0.119948   3597447  0.832768   932  0.570931  0.0000 0.000471 0.000547 0.001785 -0.043314 -0.002936 -0.182796
AZCA 18JAN21 2018.0561 58139 1985 0 -110.9  -2522 -0.119749   3597447  0.831693   932  0.563535  0.0000 0.000471 0.000541 0.001782 -0.036102  0.004083 -0.174337
AZCA 18JAN22 2018.0589 58140 1985 1 -110.9  -2522 -0.116127   3597447  0.831017   932  0.564085  0.0000 0.000474 0.000549 0.001791 -0.044370 -0.005938 -0.160580
AZCA 18JAN23 2018.0616 58141 1985 2 -110.9  -2522 -0.115758   3597447  0.829345   932  0.569694  0.0000 0.000472 0.000548 0.001787 -0.044665  0.005992 -0.155903
AZCA 18JAN24 2018.0643 58142 1985 3 -110.9  -2522 -0.114802   3597447  0.832883   932  0.573701  0.0000 0.000485 0.000549 0.001803 -0.018098 -0.007814 -0.146042
AZCA 18JAN25 2018.0671 58143 1985 4 -110.9  -2522 -0.114347   3597447  0.833407   932  0.571552  0.0000 0.000483 0.000547 0.001813 -0.021584 -0.010445 -0.161466
AZCA 18JAN26 2018.0698 58144 1985 5 -110.9  -2522 -0.116179   3597447  0.831783   932  0.570508  0.0000 0.000486 0.000548 0.001833 -0.017137 -0.026621 -0.157944
AZCA 18JAN27 2018.0726 58145 1985 6 -110.9  -2522 -0.115474   3597447  0.833237   932  0.574750  0.0000 0.000488 0.000554 0.001848 -0.010341 -0.024199 -0.162219
AZCA 18JAN28 2018.0753 58146 1986 0 -110.9  -2522 -0.113582   3597447  0.832258   932  0.569291  0.0000 0.000482 0.000553 0.001809 -0.027088 -0.000027 -0.139324
AZCA 18JAN29 2018.0780 58147 1986 1 -110.9  -2522 -0.113221   3597447  0.830950   932  0.573202  0.0000 0.000481 0.000548 0.001796 -0.015133 -0.009235 -0.141236
AZCA 18JAN30 2018.0808 58148 1986 2 -110.9  -2522 -0.115147   3597447  0.832018   932  0.574413  0.0000 0.000479 0.000549 0.001802 -0.015460 -0.015393 -0.152378
AZCA 18JAN31 2018.0835 58149 1986 3 -110.9  -2522 -0.114957   3597447  0.831801   932  0.574995  0.0000 0.000488 0.000550 0.001839 -0.026979  0.000621 -0.166875
AZCA 18FEB01 2018.0862 58150 1986 4 -110.9  -2522 -0.114297   3597447  0.829802   932  0.572418  0.0000 0.000489 0.000554 0.001856 -0.014460 -0.005372 -0.159208
AZCA 18FEB02 2018.0890 58151 1986 5 -110.9  -2522 -0.115406   3597447  0.832421   932  0.575505  0.0000 0.000485 0.000552 0.001811 -0.029001 -0.013124 -0.135690
AZCA 18FEB03 2018.0917 58152 1986 6 -110.9  -2522 -0.113972   3597447  0.829096   932  0.575479  0.0000 0.000484 0.000550 0.001813 -0.026622  0.002359 -0.138819
AZCA 18FEB04 2018.0945 58153 1987 0 -110.9  -2522 -0.115139   3597447  0.827067   932  0.572718  0.0000 0.000483 0.000550 0.001813 -0.023476  0.008083 -0.148499
AZCA 18FEB05 2018.0972 58154 1987 1 -110.9  -2522 -0.112598   3597447  0.832788   932  0.573468  0.0000 0.000496 0.000562 0.001874 -0.013367 -0.009328 -0.166353
AZCA 18FEB06 2018.0999 58155 1987 2 -110.9  -2522 -0.114045   3597447  0.830326   932  0.571150  0.0000 0.000493 0.000562 0.001877  0.003138 -0.028351 -0.165199
AZCA 18FEB07 2018.1027 58156 1987 3 -110.9  -2522 -0.116639   3597447  0.830585   932  0.573552  0.0000 0.000487 0.000553 0.001835 -0.014584 -0.022850 -0.137352
AZCA 18FEB08 2018.1054 58157 1987 4 -110.9  -2522 -0.114498   3597447  0.832093   932  0.572991  0.0000 0.000492 0.000562 0.001866 -0.018158 -0.022191 -0.152571
AZCA 18FEB09 2018.1081 58158 1987 5 -110.9  -2522 -0.114096   3597447  0.829378   932  0.578394  0.0000 0.000492 0.000565 0.001848 -0.027062 -0.002602 -0.139172
AZCA 18FEB10 2018.1109 58159 1987 6 -110.9  -2522 -0.113809   3597447  0.830131   932  0.576070  0.0000 0.000481 0.000551 0.001806 -0.012838 -0.021060 -0.151290
AZCA 18FEB11 2018.1136 58160 1988 0 -110.9  -2522 -0.113759   3597447  0.829057   932  0.564608  0.0000 0.000482 0.000550 0.001794 -0.008878 -0.039729 -0.142405
AZCA 18FEB12 2018.1164 58161 1988 1 -110.9  -2522 -0.116285   3597447  0.830432   932  0.566782  0.0000 0.000484 0.000552 0.001818 -0.011724 -0.026503 -0.150219
AZCA 18FEB13 2018.1191 58162 1988 2 -110.9  -2522 -0.116636   3597447  0.827493   932  0.560363  0.0000 0.000497 0.000559 0.001863 -0.054914  0.017446 -0.148292
AZCA 18FEB14 2018.1218 58163 1988 3 -110.9  -2522 -0.114569   3597447  0.831109   932  0.575297  0.0000 0.000498 0.000563 0.001882 -0.041507  0.005921 -0.146826
AZCA 18FEB15 2018.1246 58164 1988 4 -110.9  -2522 -0.117568   3597447  0.829865   932  0.573829  0.0000 0.000482 0.000549 0.001814 -0.011994 -0.015312 -0.160374
AZCA 18FEB16 2018.1273 58165 1988 5 -110.9  -2522 -0.115533   3597447  0.830010   932  0.578075  0.0000 0.000484 0.000554 0.001821 -0.007087 -0.036661 -0.152050
AZCA 18FEB17 2018.1300 58166 1988 6 -110.9  -2522 -0.115172   3597447  0.828666   932  0.573999  0.0000 0.000481 0.000549 0.001813 -0.003520 -0.037827 -0.153786
AZCA 18FEB18 2018.1328 58167 1989 0 -110.9  -2522 -0.118674   3597447  0.828546   932  0.572293  0.0000 0.000483 0.000548 0.001802 -0.021668 -0.015977 -0.142238
AZCA 18FEB19 2018.1355 58168 1989 1 -110.9  -2522 -0.118099   3597447  0.827619   932  0.572951  0.0000 0.000485 0.000557 0.001829 -0.023413 -0.016910 -0.153885
AZCA 18FEB20 2018.1383 58169 1989 2 -110.9  -2522 -0.118071   3597447  0.828188   932  0.573126  0.0000 0.000492 0.000558 0.001856 -0.020283 -0.012768 -0.167454
AZCA 18FEB21 2018.1410 58170 1989 3 -110.9  -2522 -0.117024   3597447  0.828542   932  0.562330  0.0000 0.000483 0.000559 0.001825 -0.009725 -0.018623 -0.154222
AZCA 18FEB22 2018.1437 58171 1989 4 -110.9  -2522 -0.114682   3597447  0.831491   932  0.564053  0.0000 0.000481 0.000551 0.001806 -0.015198 -0.014005 -0.145466
AZCA 18FEB23 2018.1465 58172 1989 5 -110.9  -2522 -0.114875   3597447  0.829721   932  0.562656  0.0000 0.000505 0.000573 0.001856 -0.022951 -0.017168 -0.121713
AZCA 18FEB24 2018.1492 58173 1989 6 -110.9  -2522 -0.115659   3597447  0.830772   932  0.569639  0.0000 0.000487 0.000561 0.001830 -0.024662 -0.016780 -0.145073
AZCA 18FEB25 2018.1520 58174 1990 0 -110.9  -2522 -0.116492   3597447  0.828604   932  0.564771  0.0000 0.000486 0.000550 0.001825 -0.016551 -0.021211 -0.154472
AZCA 18FEB26 2018.1547 58175 1990 1 -110.9  -2522 -0.116249   3597447  0.828133   932  0.565896  0.0000 0.000491 0.000560 0.001862 -0.017028 -0.027536 -0.171983
AZCA 18FEB27 2018.1574 58176 1990 2 -110.9  -2522 -0.116329   3597447  0.827857   932  0.567867  0.0000 0.000484 0.000552 0.001813 -0.027113 -0.008839 -0.147466
AZCA 18FEB28 2018.1602 58177 1990 3 -110.9  -2522 -0.116916   3597447  0.827421   932  0.565828  0.0000 0.000481 0.000552 0.001807 -0.016484 -0.014236 -0.142242
AZCA 18MAR01 2018.1629 58178 1990 4 -110.9  -2522 -0.114830   3597447  0.827099   932  0.566363  0.0000 0.000497 0.000555 0.001848 -0.011875 -0.016214 -0.141723
AZCA 18MAR02 2018.1656 58179 1990 5 -110.9  -2522 -0.115506   3597447  0.829621   932  0.571704  0.0000 0.000497 0.000557 0.001859 -0.015585 -0.018321 -0.149894
AZCA 18MAR03 2018.1684 58180 1990 6 -110.9  -2522 -0.115749   3597447  0.831261   932  0.566122  0.0000 0.000489 0.000555 0.001834 -0.006115 -0.025004 -0.162868
AZCA 18MAR04 2018.1711 58181 1991 0 -110.9  -2522 -0.118287   3597447  0.828300   932  0.567632  0.0000 0.000487 0.000556 0.001843  0.004163 -0.038836 -0.164087
AZCA 18MAR05 2018.1739 58182 1991 1 -110.9  -2522 -0.116132   3597447  0.826719   932  0.565815  0.0000 0.000485 0.000552 0.001822 -0.009934 -0.022628 -0.157990
AZCA 18MAR06 2018.1766 58183 1991 2 -110.9  -2522 -0.115481   3597447  0.829569   932  0.567153  0.0000 0.000483 0.000547 0.001797 -0.013507 -0.008785 -0.147085
AZCA 18MAR07 2018.1793 58184 1991 3 -110.9  -2522 -0.114680   3597447  0.828020   932  0.566633  0.0000 0.000482 0.000548 0.001796 -0.007928 -0.026548 -0.149390
AZCA 18MAR08 2018.1821 58185 1991 4 -110.9  -2522 -0.115801   3597447  0.828393   932  0.576354  0.0000 0.000490 0.000563 0.001859  0.024581 -0.057253 -0.132007
AZCA 18MAR09 2018.1848 58186 1991 5 -110.9  -2522 -0.117915   3597447  0.828443   932  0.578721  0.0000 0.000487 0.000558 0.001852  0.014398 -0.034563 -0.144578
AZCA 18MAR10 2018.1875 58187 1991 6 -110.9  -2522 -0.115435   3597447  0.828537   932  0.574278  0.0000 0.000484 0.000553 0.001838 -0.002277 -0.034347 -0.163275
AZCA 18MAR11 2018.1903 58188 1992 0 -110.9  -2522 -0.116657   3597447  0.829451   932  0.573121  0.0000 0.000482 0.000552 0.001824 -0.001475 -0.024194 -0.166516
AZCA 18MAR12 2018.1930 58189 1992 1 -110.9  -2522 -0.114830   3597447  0.829971   932  0.569675  0.0000 0.000480 0.000550 0.001811 -0.014390  0.007203 -0.152736
AZCA 18MAR13 2018.1958 58190 1992 2 -110.9  -2522 -0.119139   3597447  0.827701   932  0.577675  0.0000 0.000482 0.000555 0.001817 -0.008302 -0.015792 -0.146905
AZCA 18MAR14 2018.1985 58191 1992 3 -110.9  -2522 -0.117012   3597447  0.827849   932  0.572288  0.0000 0.000483 0.000555 0.001824  0.002452 -0.030816 -0.151971
AZCA 18MAR15 2018.2012 58192 1992 4 -110.9  -2522 -0.122760   3597447  0.824242   932  0.572851  0.0000 0.000490 0.000568 0.001868 -0.013442 -0.024000 -0.174221
AZCA 18MAR16 2018.2040 58193 1992 5 -110.9  -2522 -0.118103   3597447  0.826705   932  0.569191  0.0000 0.000483 0.000553 0.001822 -0.003290 -0.026356 -0.160176
AZCA 18MAR17 2018.2067 58194 1992 6 -110.9  -2522 -0.116592   3597447  0.826390   932  0.564008  0.0000 0.000479 0.000550 0.001803 -0.014910 -0.005568 -0.149703
AZCA 18MAR18 2018.2094 58195 1993 0 -110.9  -2522 -0.117324   3597447  0.825173   932  0.565955  0.0000 0.000478 0.000550 0.001802 -0.019984  0.002560 -0.138918
AZCA 18MAR19 2018.2122 58196 1993 1 -110.9  -2522 -0.116989   3597447  0.829788   932  0.573317  0.0000 0.000482 0.000553 0.001814 -0.002756 -0.015901 -0.146340
AZCA 18MAR20 2018.2149 58197 1993 2 -110.9  -2522 -0.113577   3597447  0.828762   932  0.568630  0.0000 0.000484 0.000550 0.001819 -0.003411 -0.016526 -0.151483
AZCA 18MAR21 2018.2177 58198 1993 3 -110.9  -2522 -0.116695   3597447  0.830168   932  0.576113  0.0000 0.000487 0.000557 0.001836 -0.018653 -0.044285 -0.148508
AZCA 18MAR22 2018.2204 58199 1993 4 -110.9  -2522 -0.114564   3597447  0.826581   932  0.574108  0.0000 0.000483 0.000560 0.001815 -0.017478 -0.028174 -0.147096
AZCA 18MAR23 2018.2231 58200 1993 5 -110.9  -2522 -0.116646   3597447  0.830485   932  0.577266  0.0000 0.000482 0.000558 0.001817 -0.020060 -0.009505 -0.148395
AZCA 18MAR24 2018.2259 58201 1993 6 -110.9  -2522 -0.116274   3597447  0.828291   932  0.571618  0.0000 0.000485 0.000559 0.001837 -0.020057 -0.009930 -0.128991
AZCA 18MAR26 2018.2313 58203 1994 1 -110.9  -2522 -0.117118   3597447  0.830441   932  0.566025  0.0000 0.000489 0.000559 0.001851 -0.015321 -0.051717 -0.143829
AZCA 18MAR27 2018.2341 58204 1994 2 -110.9  -2522 -0.118196   3597447  0.829044   932  0.572093  0.0000 0.000487 0.000559 0.001835 -0.020868 -0.040181 -0.139608
AZCA 18MAR28 2018.2368 58205 1994 3 -110.9  -2522 -0.116815   3597447  0.830116   932  0.566694  0.0000 0.000483 0.000555 0.001823 -0.019243 -0.013105 -0.147348
AZCA 18MAR29 2018.2396 58206 1994 4 -110.9  -2522 -0.114955   3597447  0.827206   932  0.568519  0.0000 0.000479 0.000558 0.001812 -0.018259 -0.006501 -0.123553
AZCA 18MAR30 2018.2423 58207 1994 5 -110.9  -2522 -0.118068   3597447  0.826892   932  0.569920  0.0000 0.000482 0.000556 0.001817 -0.010502 -0.017268 -0.134562
AZCA 18APR01 2018.2478 58209 1995 0 -110.9  -2522 -0.116999   3597447  0.828966   932  0.574545  0.0000 0.000486 0.000560 0.001840 -0.015657 -0.047393 -0.132481
AZCA 18APR02 2018.2505 58210 1995 1 -110.9  -2522 -0.116951   3597447  0.826775   932  0.575136  0.0000 0.000486 0.000558 0.001844 -0.008453 -0.036940 -0.142700
AZCA 18APR03 2018.2533 58211 1995 2 -110.9  -2522 -0.114722   3597447  0.829170   932  0.570061  0.0000 0.000478 0.000555 0.001805 -0.021159  0.014178 -0.131441
AZCA 18APR04 2018.2560 58212 1995 3 -110.9  -2522 -0.115736   3597447  0.828130   932  0.569429  0.0000 0.000481 0.000559 0.001827 -0.013801 -0.006408 -0.125082
AZCA 18APR05 2018.2587 58213 1995 4 -110.9  -2522 -0.115033   3597447  0.827874   932  0.573574  0.0000 0.000498 0.000572 0.001866 -0.023418 -0.036961 -0.143574
AZCA 18APR06 2018.2615 58214 1995 5 -110.9  -2522 -0.116809   3597447  0.829580   932  0.576753  0.0000 0.000498 0.000572 0.001869 -0.035652 -0.041997 -0.145685
AZCA 18APR07 2018.2642 58215 1995 6 -110.9  -2522 -0.113805   3597447  0.826484   932  0.575030  0.0000 0.000486 0.000560 0.001843 -0.018795 -0.034455 -0.147648
AZCA 18APR08 2018.2669 58216 1996 0 -110.9  -2522 -0.116595   3597447  0.829151   932  0.576219  0.0000 0.000488 0.000565 0.001869 -0.024816 -0.025288 -0.151380
AZCA 18APR09 2018.2697 58217 1996 1 -110.9  -2522 -0.118152   3597447  0.828980   932  0.568950  0.0000 0.000481 0.000560 0.001802 -0.016258 -0.010830 -0.128691
AZCA 18APR10 2018.2724 58218 1996 2 -110.9  -2522 -0.117074   3597447  0.827195   932  0.575809  0.0000 0.000482 0.000559 0.001827 -0.032525 -0.010061 -0.130857
AZCA 18APR11 2018.2752 58219 1996 3 -110.9  -2522 -0.117020   3597447  0.829215   932  0.571992  0.0000 0.000482 0.000556 0.001818 -0.016678 -0.029261 -0.131123
AZCA 18APR12 2018.2779 58220 1996 4 -110.9  -2522 -0.119461   3597447  0.829610   932  0.577891  0.0000 0.000491 0.000577 0.001910 -0.042729 -0.032364 -0.138992
AZCA 18APR13 2018.2806 58221 1996 5 -110.9  -2522 -0.119881   3597447  0.830618   932  0.564722  0.0000 0.000498 0.000569 0.001893  0.018528 -0.069348 -0.148294
AZCA 18APR14 2018.2834 58222 1996 6 -110.9  -2522 -0.116719   3597447  0.830673   932  0.566194  0.0000 0.000485 0.000560 0.001846 -0.008787 -0.017636 -0.141204
AZCA 18APR15 2018.2861 58223 1997 0 -110.9  -2522 -0.114630   3597447  0.830122   932  0.570608  0.0000 0.000482 0.000561 0.001841 -0.017401 -0.021334 -0.129542
AZCA 18APR16 2018.2888 58224 1997 1 -110.9  -2522 -0.118908   3597447  0.829343   932  0.575095  0.0000 0.000483 0.000560 0.001839 -0.010973 -0.037640 -0.139966
AZCA 18APR17 2018.2916 58225 1997 2 -110.9  -2522 -0.118554   3597447  0.828520   932  0.569149  0.0000 0.000492 0.000570 0.001887  0.015625 -0.073384 -0.143715
AZCA 18APR18 2018.2943 58226 1997 3 -110.9  -2522 -0.118556   3597447  0.828424   932  0.566617  0.0000 0.000492 0.000569 0.001876  0.013000 -0.072332 -0.139737
AZCA 18APR19 2018.2971 58227 1997 4 -110.9  -2522 -0.118168   3597447  0.829165   932  0.571084  0.0000 0.000482 0.000564 0.001848 -0.016716 -0.015913 -0.150388
AZCA 18APR20 2018.2998 58228 1997 5 -110.9  -2522 -0.117557   3597447  0.828052   932  0.567142  0.0000 0.000479 0.000563 0.001824 -0.015439 -0.008875 -0.132042
AZCA 18APR21 2018.3025 58229 1997 6 -110.9  -2522 -0.117001   3597447  0.830513   932  0.568093  0.0000 0.000481 0.000558 0.001823 -0.016992 -0.023901 -0.118122
AZCA 18APR22 2018.3053 58230 1998 0 -110.9  -2522 -0.118030   3597447  0.832361   932  0.565333  0.0000 0.000480 0.000554 0.001811 -0.019202 -0.024061 -0.139138
AZCA 18APR23 2018.3080 58231 1998 1 -110.9  -2522 -0.119414   3597447  0.828763   932  0.569926  0.0000 0.000485 0.000563 0.001844 -0.005141 -0.053298 -0.154555
AZCA 18APR24 2018.3107 58232 1998 2 -110.9  -2522 -0.117887   3597447  0.831179   932  0.566376  0.0000 0.000482 0.000561 0.001834 -0.015199 -0.020713 -0.136213
AZCA 18APR25 2018.3135 58233 1998 3 -110.9  -2522 -0.118349   3597447  0.830166   932  0.564259  0.0000 0.000481 0.000561 0.001827 -0.011587 -0.012162 -0.132613
AZCA 18APR26 2018.3162 58234 1998 4 -110.9  -2522 -0.117298   3597447  0.829172   932  0.571668  0.0000 0.000483 0.000568 0.001835 -0.006611 -0.019991 -0.133545
AZCA 18APR27 2018.3190 58235 1998 5 -110.9  -2522 -0.118334   3597447  0.827573   932  0.575426  0.0000 0.000483 0.000568 0.001861 -0.025054 -0.026101 -0.126766
AZCA 18APR28 2018.3217 58236 1998 6 -110.9  -2522 -0.119304   3597447  0.829022   932  0.567484  0.0000 0.000481 0.000556 0.001823 -0.015186 -0.030883 -0.144816
AZCA 18APR29 2018.3244 58237 1999 0 -110.9  -2522 -0.117960   3597447  0.828398   932  0.574369  0.0000 0.000484 0.000563 0.001869 -0.009626 -0.036036 -0.163615
AZCA 18APR30 2018.3272 58238 1999 1 -110.9  -2522 -0.116498   3597447  0.828029   932  0.564615  0.0000 0.000483 0.000563 0.001851 -0.004367 -0.037200 -0.145859
AZCA 18MAY01 2018.3299 58239 1999 2 -110.9  -2522 -0.118425   3597447  0.830065   932  0.567101  0.0000 0.000481 0.000566 0.001850 -0.021624 -0.015426 -0.135981
AZCA 18MAY02 2018.3326 58240 1999 3 -110.9  -2522 -0.118583   3597447  0.828032   932  0.567629  0.0000 0.000486 0.000564 0.001861 -0.009048 -0.025165 -0.151210
AZCA 18MAY03 2018.3354 58241 1999 4 -110.9  -2522 -0.118735   3597447  0.831593   932  0.561578  0.0000 0.000486 0.000568 0.001862 -0.038570 -0.011634 -0.129678
AZCA 18MAY04 2018.3381 58242 1999 5 -110.9  -2522 -0.118931   3597447  0.829944   932  0.568788  0.0000 0.000492 0.000577 0.001905 -0.041653 -0.022760 -0.136578
AZCA 18MAY05 2018.3409 58243 1999 6 -110.9  -2522 -0.119102   3597447  0.828593   932  0.574941  0.0000 0.000483 0.000566 0.001881 -0.011153 -0.034092 -0.155852
AZCA 18MAY06 2018.3436 58244 2000 0 -110.9  -2522 -0.117388   3597447  0.830792   932  0.574280  0.0000 0.000474 0.000553 0.001817 -0.026908 -0.015795 -0.116623
AZCA 18MAY07 2018.3463 58245 2000 1 -110.9  -2522 -0.119340   3597447  0.831057   932  0.569575  0.0000 0.000472 0.000549 0.001797 -0.027345 -0.006183 -0.109106
AZCA 18MAY08 2018.3491 58246 2000 2 -110.9  -2522 -0.117721   3597447  0.827700   932  0.572417  0.0000 0.000472 0.000547 0.001806 -0.030199 -0.016857 -0.127567
AZCA 18MAY09 2018.3518 58247 2000 3 -110.9  -2522 -0.117596   3597447  0.828504   932  0.570800  0.0000 0.000469 0.000546 0.001793 -0.030525 -0.027340 -0.120424
AZCA 18MAY10 2018.3546 58248 2000 4 -110.9  -2522 -0.117613   3597447  0.830073   932  0.571333  0.0000 0.000472 0.000555 0.001835 -0.026406 -0.042370 -0.127258
AZCA 18MAY11 2018.3573 58249 2000 5 -110.9  -2522 -0.119938   3597447  0.830760   932  0.571675  0.0000 0.000473 0.000552 0.001830 -0.034510 -0.021621 -0.120347
AZCA 18MAY12 2018.3600 58250 2000 6 -110.9  -2522 -0.118579   3597447  0.828735   932  0.568312  0.0000 0.000474 0.000555 0.001830 -0.029088 -0.010986 -0.114730
AZCA 18MAY13 2018.3628 58251 2001 0 -110.9  -2522 -0.117254   3597447  0.829276   932  0.576610  0.0000 0.000485 0.000558 0.001847 -0.064323  0.009327 -0.121099
AZCA 18MAY14 2018.3655 58252 2001 1 -110.9  -2522 -0.118447   3597447  0.830135   932  0.573025  0.0000 0.000474 0.000548 0.001813 -0.042284 -0.014936 -0.128955
AZCA 18MAY15 2018.3682 58253 2001 2 -110.9  -2522 -0.117934   3597447  0.830653   932  0.563669  0.0000 0.000477 0.000553 0.001841 -0.026910 -0.040604 -0.104306
AZCA 18MAY16 2018.3710 58254 2001 3 -110.9  -2522 -0.116717   3597447  0.828038   932  0.572287  0.0000 0.000474 0.000553 0.001848 -0.034827 -0.020033 -0.120061
AZCA 18MAY17 2018.3737 58255 2001 4 -110.9  -2522 -0.117523   3597447  0.828635   932  0.577198  0.0000 0.000477 0.000554 0.001858 -0.018278 -0.037730 -0.127082
AZCA 18MAY18 2018.3765 58256 2001 5 -110.9  -2522 -0.118394   3597447  0.829185   932  0.568036  0.0000 0.000481 0.000554 0.001834 -0.012510 -0.007270 -0.108746
AZCA 18MAY19 2018.3792 58257 2001 6 -110.9  -2522 -0.118720   3597447  0.828567   932  0.566782  0.0000 0.000478 0.000547 0.001813 -0.026756 -0.024478 -0.117346
AZCA 18MAY20 2018.3819 58258 2002 0 -110.9  -2522 -0.117522   3597447  0.828829   932  0.563196  0.0000 0.000474 0.000549 0.001807 -0.040313 -0.016442 -0.115394
AZCA 18MAY21 2018.3847 58259 2002 1 -110.9  -2522 -0.118305   3597447  0.826627   932  0.565957  0.0000 0.000468 0.000550 0.001814 -0.042825 -0.005745 -0.113968
AZCA 18MAY22 2018.3874 58260 2002 2 -110.9  -2522 -0.117776   3597447  0.827117   932  0.572876  0.0000 0.000469 0.000553 0.001817 -0.028752 -0.003222 -0.128665
AZCA 18MAY23 2018.3901 58261 2002 3 -110.9  -2522 -0.118516   3597447  0.828560   932  0.572732  0.0000 0.000476 0.000556 0.001856 -0.037156 -0.000012 -0.126883
AZCA 18MAY24 2018.3929 58262 2002 4 -110.9  -2522 -0.116653   3597447  0.828777   932  0.571671  0.0000 0.000470 0.000551 0.001810 -0.025627  0.000000 -0.117540
AZCA 18MAY25 2018.3956 58263 2002 5 -110.9  -2522 -0.117910   3597447  0.827932   932  0.571473  0.0000 0.000473 0.000550 0.001812 -0.015591 -0.037908 -0.123401
AZCA 18MAY26 2018.3984 58264 2002 6 -110.9  -2522 -0.118750   3597447  0.828051   932  0.580697  0.0000 0.000472 0.000555 0.001836 -0.028147 -0.023698 -0.130483
AZCA 18MAY27 2018.4011 58265 2003 0 -110.9  -2522 -0.117597   3597447  0.822849   932  0.571525  0.0000 0.000473 0.000554 0.001863 -0.024841 -0.024690 -0.143912
AZCA 18MAY28 2018.4038 58266 2003 1 -110.9  -2522 -0.119260   3597447  0.822348   932  0.574109  0.0000 0.000471 0.000552 0.001837 -0.013933 -0.040647 -0.139166
AZCA 18MAY29 2018.4066 58267 2003 2 -110.9  -2522 -0.120296   3597447  0.821459   932  0.567867  0.0000 0.000469 0.000552 0.001811 -0.028437 -0.007625 -0.127695
AZCA 18MAY30 2018.4093 58268 2003 3 -110.9  -2522 -0.121606   3597447  0.821174   932  0.575482  0.0000 0.000482 0.000562 0.001840 -0.028519 -0.006344 -0.131030
AZCA 18MAY31 2018.4120 58269 2003 4 -110.9  -2522 -0.120645   3597447  0.822379   932  0.571486  0.0000 0.000464 0.000548 0.001773 -0.027878 -0.021540 -0.111240
AZCA 18JUN01 2018.4148 58270 2003 5 -110.9  -2522 -0.120356   3597447  0.822777   932  0.571598  0.0000 0.000471 0.000555 0.001851 -0.034223 -0.023387 -0.142924
AZCA 18JUN02 2018.4175 58271 2003 6 -110.9  -2522 -0.120570   3597447  0.822542   932  0.575627  0.0000 0.000472 0.000550 0.001850 -0.036330 -0.022122 -0.146000
AZCA 18JUN03 2018.4203 58272 2004 0 -110.9  -2522 -0.121099   3597447  0.826706   932  0.570884  0.0000 0.000471 0.000557 0.001844 -0.013249 -0.030404 -0.142305
AZCA 18JUN04 2018.4230 58273 2004 1 -110.9  -2522 -0.118540   3597447  0.823496   932  0.572186  0.0000 0.000465 0.000550 0.001799 -0.021834 -0.008951 -0.118115
AZCA 18JUN05 2018.4257 58274 2004 2 -110.9  -2522 -0.118190   3597447  0.824299   932  0.568506  0.0000 0.000468 0.000550 0.001796 -0.022146 -0.022077 -0.112973
AZCA 18JUN06 2018.4285 58275 2004 3 -110.9  -2522 -0.120872   3597447  0.825165   932  0.576943  0.0000 0.000471 0.000552 0.001833 -0.018138 -0.033904 -0.139805
AZCA 18JUN07 2018.4312 58276 2004 4 -110.9  -2522 -0.119235   3597447  0.826453   932  0.569029  0.0000 0.000470 0.000549 0.001837 -0.027862 -0.030394 -0.146219
AZCA 18JUN08 2018.4339 58277 2004 5 -110.9  -2522 -0.121004   3597447  0.825318   932  0.573280  0.0000 0.000465 0.000547 0.001813 -0.028115 -0.025055 -0.141400
AZCA 18JUN09 2018.4367 58278 2004 6 -110.9  -2522 -0.119853   3597447  0.824401   932  0.571519  0.0000 0.000468 0.000550 0.001814 -0.018507 -0.016336 -0.128570
AZCA 18JUN10 2018.4394 58279 2005 0 -110.9  -2522 -0.119988   3597447  0.825253   932  0.571544  0.0000 0.000465 0.000549 0.001790 -0.021966 -0.021823 -0.113007
AZCA 18JUN11 2018.4422 58280 2005 1 -110.9  -2522 -0.119287   3597447  0.824520   932  0.568010  0.0000 0.000468 0.000549 0.001799 -0.029077 -0.022991 -0.123527
AZCA 18JUN12 2018.4449 58281 2005 2 -110.9  -2522 -0.122882   3597447  0.823346   932  0.581748  0.0000 0.000471 0.000551 0.001855 -0.026299 -0.031609 -0.151676
AZCA 18JUN13 2018.4476 58282 2005 3 -110.9  -2522 -0.117630   3597447  0.823412   932  0.582061  0.0000 0.000467 0.000550 0.001823 -0.026692 -0.026761 -0.141264
AZCA 18JUN14 2018.4504 58283 2005 4 -110.9  -2522 -0.119820   3597447  0.824715   932  0.573392  0.0000 0.000465 0.000545 0.001802 -0.027532 -0.031254 -0.124968
AZCA 18JUN15 2018.4531 58284 2005 5 -110.9  -2522 -0.120520   3597447  0.824555   932  0.570903  0.0000 0.000465 0.000552 0.001795 -0.030709 -0.005673 -0.132196
AZCA 18JUN16 2018.4559 58285 2005 6 -110.9  -2522 -0.119289   3597447  0.821733   932  0.574741  0.0000 0.000468 0.000549 0.001806 -0.018796 -0.008778 -0.128551
AZCA 18JUN17 2018.4586 58286 2006 0 -110.9  -2522 -0.123564   3597447  0.827519   932  0.562606  0.0000 0.000470 0.000552 0.001820 -0.022537 -0.023508 -0.124061
AZCA 18JUN18 2018.4613 58287 2006 1 -110.9  -2522 -0.122737   3597447  0.824155   932  0.563140  0.0000 0.000469 0.000553 0.001847 -0.024757 -0.038062 -0.157537
AZCA 18JUN19 2018.4641 58288 2006 2 -110.9  -2522 -0.120597   3597447  0.823743   932  0.569107  0.0000 0.000469 0.000549 0.001833 -0.019244 -0.041892 -0.144218
AZCA 18JUN20 2018.4668 58289 2006 3 -110.9  -2522 -0.119218   3597447  0.823925   932  0.574900  0.0000 0.000468 0.000551 0.001816 -0.023883 -0.020057 -0.142496
AZCA 18JUN21 2018.4695 58290 2006 4 -110.9  -2522 -0.121199   3597447  0.824216   932  0.568681  0.0000 0.000462 0.000551 0.001784 -0.026885 -0.004534 -0.108230
AZCA 18JUN22 2018.4723 58291 2006 5 -110.9  -2522 -0.119633   3597447  0.823391   932  0.581303  0.0000 0.000483 0.000560 0.001857 -0.013381 -0.021589 -0.116051
AZCA 18JUN23 2018.4750 58292 2006 6 -110.9  -2522 -0.120007   3597447  0.821937   932  0.571942  0.0000 0.000467 0.000550 0.001820 -0.022058 -0.030253 -0.141123
AZCA 18JUN24 2018.4778 58293 2007 0 -110.9  -2522 -0.119228   3597447  0.822181   932  0.576028  0.0000 0.000471 0.000550 0.001864 -0.025701 -0.030620 -0.152606
AZCA 18JUN25 2018.4805 58294 2007 1 -110.9  -2522 -0.119748   3597447  0.824126   932  0.570519  0.0000 0.000466 0.000544 0.001799 -0.025615 -0.026542 -0.123218
AZCA 18JUN26 2018.4832 58295 2007 2 -110.9  -2522 -0.119575   3597447  0.825701   932  0.572060  0.0000 0.000465 0.000550 0.001797 -0.018375 -0.000881 -0.129050
AZCA 18JUN27 2018.4860 58296 2007 3 -110.9  -2522 -0.119826   3597447  0.820653   932  0.575997  0.0000 0.000469 0.000550 0.001820 -0.016669 -0.015614 -0.130520
AZCA 18JUN28 2018.4887 58297 2007 4 -110.9  -2522 -0.120148   3597447  0.822448   932  0.572895  0.0000 0.000467 0.000549 0.001818 -0.023877 -0.024666 -0.142858
AZCA 18JUN29 2018.4914 58298 2007 5 -110.9  -2522 -0.118903   3597447  0.822632   932  0.576866  0.0000 0.000470 0.000547 0.001837 -0.029727 -0.036656 -0.130898
AZCA 18JUN30 2018.4942 58299 2007 6 -110.9  -2522 -0.120542   3597447  0.823084   932  0.567727  0.0000 0.000478 0.000558 0.001863 -0.019397 -0.031180 -0.155693
AZCA 18JUL01 2018.4969 58300 2008 0 -110.9  -2522 -0.122733   3597447  0.823148   932  0.567799  0.0000 0.000476 0.000562 0.001857 -0.019856 -0.018748 -0.153696
AZCA 18JUL02 2018.4997 58301 2008 1 -110.9  -2522 -0.123714   3597447  0.823263   932  0.576134  0.0000 0.000468 0.000549 0.001815 -0.011044 -0.032882 -0.134934
AZCA 18JUL03 2018.5024 58302 2008 2 -110.9  -2522 -0.119264   3597447  0.824463   932  0.567192  0.0000 0.000465 0.000547 0.001805 -0.019375 -0.024964 -0.135601
AZCA 18JUL04 2018.5051 58303 2008 3 -110.9  -2522 -0.119098   3597447  0.823921   932  0.571738  0.0000 0.000469 0.000549 0.001840 -0.019002 -0.033512 -0.146879
AZCA 18JUL05 2018.5079 58304 2008 4 -110.9  -2522 -0.118430   3597447  0.825097   932  0.575750  0.0000 0.000470 0.000545 0.001837 -0.021124 -0.054659 -0.141239
AZCA 18JUL06 2018.5106 58305 2008 5 -110.9  -2522 -0.119137   3597447  0.827212   932  0.578557  0.0000 0.000467 0.000545 0.001816 -0.020252 -0.028846 -0.120688
AZCA 18JUL07 2018.5133 58306 2008 6 -110.9  -2522 -0.118411   3597447  0.825290   932  0.579893  0.0000 0.000472 0.000555 0.001828 -0.018844 -0.025624 -0.137020
AZCA 18JUL08 2018.5161 58307 2009 0 -110.9  -2522 -0.122638   3597447  0.823826   932  0.573165  0.0000 0.000480 0.000554 0.001860 -0.008750 -0.033792 -0.149377
AZCA 18JUL09 2018.5188 58308 2009 1 -110.9  -2522 -0.119008   3597447  0.823300   932  0.571190  0.0000 0.000480 0.000555 0.001910 -0.015983 -0.036471 -0.181609
AZCA 18JUL10 2018.5216 58309 2009 2 -110.9  -2522 -0.121749   3597447  0.822007   932  0.573111  0.0000 0.000469 0.000550 0.001847 -0.017008 -0.037189 -0.159842
AZCA 18JUL11 2018.5243 58310 2009 3 -110.9  -2522 -0.123924   3597447  0.821622   932  0.572074  0.0000 0.000468 0.000546 0.001814 -0.026255 -0.002670 -0.151136
AZCA 18JUL12 2018.5270 58311 2009 4 -110.9  -2522 -0.122740   3597447  0.820785   932  0.566460  0.0000 0.000469 0.000550 0.001817 -0.004173 -0.036654 -0.138559
AZCA 18JUL13 2018.5298 58312 2009 5 -110.9  -2522 -0.126566   3597447  0.822926   932  0.568214  0.0000 0.000473 0.000549 0.001831 -0.004704 -0.029383 -0.159078
AZCA 18JUL14 2018.5325 58313 2009 6 -110.9  -2522 -0.123662   3597447  0.821215   932  0.575281  0.0000 0.000471 0.000548 0.001827 -0.021842 -0.007233 -0.150039
AZCA 18JUL15 2018.5352 58314 2010 0 -110.9  -2522 -0.125281   3597447  0.822982   932  0.576180  0.0000 0.000470 0.000549 0.001841 -0.027904 -0.024561 -0.160129
AZCA 18JUL16 2018.5380 58315 2010 1 -110.9  -2522 -0.124939   3597447  0.820897   932  0.569628  0.0000 0.000467 0.000548 0.001815 -0.034386 -0.021566 -0.143091
AZCA 18JUL17 2018.5407 58316 2010 2 -110.9  -2522 -0.121517   3597447  0.824136   932  0.571605  0.0000 0.000472 0.000554 0.001857 -0.016064 -0.001459 -0.162714
AZCA 18JUL18 2018.5435 58317 2010 3 -110.9  -2522 -0.122433   3597447  0.821356   932  0.574281  0.0000 0.000466 0.000549 0.001805 -0.002165 -0.031623 -0.144278
AZCA 18JUL19 2018.5462 58318 2010 4 -110.9  -2522 -0.124157   3597447  0.823544   932  0.577292  0.0000 0.000472 0.000550 0.001838 -0.014472 -0.021226 -0.154247
AZCA 18JUL20 2018.5489 58319 2010 5 -110.9  -2522 -0.125680   3597447  0.821424   932  0.566459  0.0000 0.000480 0.000557 0.001890 -0.015458 -0.042733 -0.185391
AZCA 18JUL21 2018.5517 58320 2010 6 -110.9  -2522 -0.123085   3597447  0.823532   932  0.583497  0.0000 0.000468 0.000546 0.001839 -0.027030 -0.039070 -0.156273
AZCA 18JUL22 2018.5544 58321 2011 0 -110.9  -2522 -0.123683   3597447  0.822365   932  0.575250  0.0000 0.000477 0.000553 0.001869 -0.004842 -0.046521 -0.162206
AZCA 18JUL23 2018.5572 58322 2011 1 -110.9  -2522 -0.124231   3597447  0.820814   932  0.575345  0.0000 0.000466 0.000546 0.001789 -0.006223 -0.029376 -0.133115
AZCA 18JUL24 2018.5599 58323 2011 2 -110.9  -2522 -0.124847   3597447  0.819289   932  0.583795  0.0000 0.000480 0.000561 0.001859 -0.029073 -0.025369 -0.139554
AZCA 18JUL25 2018.5626 58324 2011 3 -110.9  -2522 -0.124030   3597447  0.823375   932  0.576247  0.0000 0.000466 0.000546 0.001799 -0.020311 -0.001318 -0.147872
AZCA 18JUL26 2018.5654 58325 2011 4 -110.9  -2522 -0.126250   3597447  0.824307   932  0.572348  0.0000 0.000475 0.000547 0.001862 -0.014838 -0.066563 -0.148086
AZCA 18JUL27 2018.5681 58326 2011 5 -110.9  -2522 -0.123987   3597447  0.821601   932  0.580566  0.0000 0.000475 0.000550 0.001882 -0.020635 -0.049359 -0.165575
AZCA 18JUL28 2018.5708 58327 2011 6 -110.9  -2522 -0.123127   3597447  0.820746   932  0.568624  0.0000 0.000477 0.000554 0.001862 -0.009492 -0.043193 -0.165621
AZCA 18JUL29 2018.5736 58328 2012 0 -110.9  -2522 -0.123086   3597447  0.825265   932  0.561321  0.0000 0.000480 0.000558 0.001849 -0.018268 -0.007213 -0.153235
AZCA 18JUL30 2018.5763 58329 2012 1 -110.9  -2522 -0.124902   3597447  0.821003   932  0.573511  0.0000 0.000486 0.000567 0.001872 -0.033676  0.003961 -0.163572
AZCA 18JUL31 2018.5791 58330 2012 2 -110.9  -2522 -0.125901   3597447  0.818452   932  0.571418  0.0000 0.000495 0.000570 0.001920 -0.046239 -0.022100 -0.160335
AZCA 18AUG01 2018.5818 58331 2012 3 -110.9  -2522 -0.122038   3597447  0.820953   932  0.584502  0.0000 0.000480 0.000557 0.001883 -0.021600 -0.040757 -0.158771
AZCA 18AUG02 2018.5845 58332 2012 4 -110.9  -2522 -0.123501   3597447  0.816862   932  0.583867  0.0000 0.000498 0.000581 0.001955 -0.047302 -0.018532 -0.163222
AZCA 18AUG03 2018.5873 58333 2012 5 -110.9  -2522 -0.124566   3597447  0.818453   932  0.570453  0.0000 0.000466 0.000546 0.001812 -0.016987 -0.006211 -0.147393
AZCA 18AUG04 2018.5900 58334 2012 6 -110.9  -2522 -0.127047   3597447  0.822596   932  0.578985  0.0000 0.000465 0.000545 0.001800 -0.020801 -0.003508 -0.135461
AZCA 18AUG05 2018.5927 58335 2013 0 -110.9  -2522 -0.121109   3597447  0.819319   932  0.573544  0.0000 0.000471 0.000545 0.001821 -0.013266 -0.032300 -0.151652
AZCA 18AUG06 2018.5955 58336 2013 1 -110.9  -2522 -0.119928   3597447  0.819411   932  0.571428  0.0000 0.000481 0.000552 0.001871 -0.013571 -0.035254 -0.151788
AZCA 18AUG07 2018.5982 58337 2013 2 -110.9  -2522 -0.127132   3597447  0.822424   932  0.568918  0.0000 0.000477 0.000555 0.001875 -0.004247 -0.062475 -0.157037
AZCA 18AUG08 2018.6010 58338 2013 3 -110.9  -2522 -0.123947   3597447  0.818345   932  0.564451  0.0000 0.000478 0.000553 0.001896 -0.022827 -0.016949 -0.160592
AZCA 18AUG09 2018.6037 58339 2013 4 -110.9  -2522 -0.126286   3597447  0.821688   932  0.575276  0.0000 0.000469 0.000549 0.001841 -0.012024 -0.032907 -0.143554
AZCA 18AUG10 2018.6064 58340 2013 5 -110.9  -2522 -0.125393   3597447  0.820159   932  0.575383  0.0000 0.000477 0.000554 0.001876 -0.015132 -0.027531 -0.180273
AZCA 18AUG11 2018.6092 58341 2013 6 -110.9  -2522 -0.125368   3597447  0.821098   932  0.571387  0.0000 0.000472 0.000546 0.001827 -0.010087 -0.040288 -0.164450
AZCA 18AUG13 2018.6146 58343 2014 1 -110.9  -2522 -0.125266   3597447  0.817169   932  0.565795  0.0000 0.000563 0.000621 0.002151 -0.049757  0.010409 -0.175677
AZCA 18AUG14 2018.6174 58344 2014 2 -110.9  -2522 -0.124048   3597447  0.820324   932  0.571118  0.0000 0.000471 0.000552 0.001852 -0.013060 -0.004343 -0.165983
AZCA 18AUG15 2018.6201 58345 2014 3 -110.9  -2522 -0.126214   3597447  0.818420   932  0.558425  0.0000 0.000474 0.000551 0.001851  0.005950 -0.053784 -0.169247
AZCA 18AUG16 2018.6229 58346 2014 4 -110.9  -2522 -0.122720   3597447  0.818645   932  0.576914  0.0000 0.000479 0.000563 0.001870 -0.032241 -0.016368 -0.161738
AZCA 18AUG17 2018.6256 58347 2014 5 -110.9  -2522 -0.123326   3597447  0.817657   932  0.565280  0.0000 0.000480 0.000563 0.001864 -0.017623 -0.045152 -0.148319
AZCA 18AUG18 2018.6283 58348 2014 6 -110.9  -2522 -0.124360   3597447  0.824097   932  0.571412  0.0000 0.000473 0.000546 0.001828 -0.017798 -0.049276 -0.131558
AZCA 18AUG19 2018.6311 58349 2015 0 -110.9  -2522 -0.123827   3597447  0.819766   932  0.573091  0.0000 0.000473 0.000552 0.001850 -0.016042 -0.044230 -0.153195
AZCA 18AUG20 2018.6338 58350 2015 1 -110.9  -2522 -0.124047   3597447  0.818656   932  0.586416  0.0000 0.000479 0.000556 0.001862 -0.037079 -0.020720 -0.132206
AZCA 18AUG21 2018.6366 58351 2015 2 -110.9  -2522 -0.125077   3597447  0.819813   932  0.567252  0.0000 0.000476 0.000546 0.001840 -0.010278 -0.031409 -0.158806
AZCA 18AUG22 2018.6393 58352 2015 3 -110.9  -2522 -0.126530   3597447  0.817517   932  0.574141  0.0000 0.000496 0.000570 0.001900 -0.026885 -0.011869 -0.161073
AZCA 18AUG23 2018.6420 58353 2015 4 -110.9  -2522 -0.126636   3597447  0.817556   932  0.571838  0.0000 0.000489 0.000564 0.001854 -0.027266 -0.035291 -0.105196
AZCA 18AUG24 2018.6448 58354 2015 5 -110.9  -2522 -0.126031   3597447  0.818231   932  0.569035  0.0000 0.000471 0.000544 0.001807 -0.023110 -0.031480 -0.133213
AZCA 18AUG25 2018.6475 58355 2015 6 -110.9  -2522 -0.127146   3597447  0.818460   932  0.575771  0.0000 0.000476 0.000552 0.001873 -0.011739 -0.026279 -0.169465
AZCA 18AUG26 2018.6502 58356 2016 0 -110.9  -2522 -0.127372   3597447  0.818605   932  0.584162  0.0000 0.000479 0.000556 0.001872  0.005501 -0.033621 -0.153221
AZCA 18AUG27 2018.6530 58357 2016 1 -110.9  -2522 -0.125015   3597447  0.818473   932  0.565526  0.0000 0.000471 0.000546 0.001813 -0.005280 -0.047345 -0.153774
AZCA 18AUG28 2018.6557 58358 2016 2 -110.9  -2522 -0.124537   3597447  0.816378   932  0.566828  0.0000 0.000474 0.000551 0.001850 -0.010125 -0.036544 -0.154984
AZCA 18AUG29 2018.6585 58359 2016 3 -110.9  -2522 -0.123641   3597447  0.821319   932  0.578870  0.0000 0.000473 0.000546 0.001827 -0.018552 -0.046992 -0.142814
AZCA 18AUG30 2018.6612 58360 2016 4 -110.9  -2522 -0.123328   3597447  0.817972   932  0.580428  0.0000 0.000468 0.000546 0.001817 -0.034780 -0.004025 -0.156954
AZCA 18AUG31 2018.6639 58361 2016 5 -110.9  -2522 -0.124485   3597447  0.820193   932  0.572213  0.0000 0.000473 0.000544 0.001839 -0.002606 -0.050608 -0.172912
AZCA 18SEP01 2018.6667 58362 2016 6 -110.9  -2522 -0.125554   3597447  0.822205   932  0.565060  0.0000 0.000477 0.000546 0.001834  0.008713 -0.058810 -0.147711
AZCA 18SEP02 2018.6694 58363 2017 0 -110.9  -2522 -0.128916   3597447  0.817976   932  0.558008  0.0000 0.000480 0.000550 0.001873  0.003189 -0.069099 -0.141106
AZCA 18SEP03 2018.6721 58364 2017 1 -110.9  -2522 -0.120478   3597447  0.818629   932  0.568401  0.0000 0.000475 0.000554 0.001859 -0.010718 -0.055881 -0.158084
AZCA 18SEP04 2018.6749 58365 2017 2 -110.9  -2522 -0.122840   3597447  0.818322   932  0.558854  0.0000 0.000470 0.000549 0.001814 -0.017702 -0.034292 -0.138057
AZCA 18SEP05 2018.6776 58366 2017 3 -110.9  -2522 -0.124262   3597447  0.815469   932  0.564079  0.0000 0.000471 0.000542 0.001816 -0.024699 -0.015913 -0.158036
AZCA 18SEP06 2018.6804 58367 2017 4 -110.9  -2522 -0.124168   3597447  0.822896   932  0.582977  0.0000 0.000479 0.000564 0.001910  0.020791 -0.063440 -0.175975
AZCA 18SEP07 2018.6831 58368 2017 5 -110.9  -2522 -0.124534   3597447  0.819155   932  0.562836  0.0000 0.000481 0.000564 0.001882  0.020174 -0.048115 -0.155476
AZCA 18SEP08 2018.6858 58369 2017 6 -110.9  -2522 -0.125045   3597447  0.818799   932  0.573528  0.0000 0.000474 0.000552 0.001855 -0.020429 -0.033416 -0.148163
AZCA 18SEP09 2018.6886 58370 2018 0 -110.9  -2522 -0.123402   3597447  0.821099   932  0.575843  0.0000 0.000476 0.000551 0.001847 -0.021676 -0.032432 -0.155265
AZCA 18SEP10 2018.6913 58371 2018 1 -110.9  -2522 -0.124031   3597447  0.821470   932  0.571116  0.0000 0.000470 0.000546 0.001832 -0.031892 -0.014070 -0.155874
AZCA 18SEP11 2018.6940 58372 2018 2 -110.9  -2522 -0.124716   3597447  0.817666   932  0.578785  0.0000 0.000483 0.000551 0.001880 -0.005152 -0.035841 -0.188112
AZCA 18SEP12 2018.6968 58373 2018 3 -110.9  -2522 -0.125432   3597447  0.819288   932  0.579900  0.0000 0.000477 0.000546 0.001854 -0.002597 -0.049577 -0.165035
AZCA 18SEP13 2018.6995 58374 2018 4 -110.9  -2522 -0.122676   3597447  0.818952   932  0.581531  0.0000 0.000474 0.000547 0.001835 -0.010423 -0.041375 -0.133850
AZCA 18SEP14 2018.7023 58375 2018 5 -110.9  -2522 -0.123494   3597447  0.819582   932  0.575508  0.0000 0.000484 0.000556 0.001866 -0.001138 -0.039926 -0.133044
AZCA 18SEP15 2018.7050 58376 2018 6 -110.9  -2522 -0.126736   3597447  0.818409   932  0.576082  0.0000 0.000473 0.000545 0.001831 -0.028890 -0.023117 -0.159954
AZCA 18SEP16 2018.7077 58377 2019 0 -110.9  -2522 -0.125146   3597447  0.821508   932  0.580230  0.0000 0.000472 0.000541 0.001827 -0.014059 -0.028564 -0.175302
AZCA 18SEP17 2018.7105 58378 2019 1 -110.9  -2522 -0.123413   3597447  0.821906   932  0.585498  0.0000 0.000474 0.000544 0.001812 -0.011456 -0.045207 -0.158889
AZCA 18SEP18 2018.7132 58379 2019 2 -110.9  -2522 -0.125934   3597447  0.819608   932  0.582056  0.0000 0.000475 0.000548 0.001830  0.003855 -0.053588 -0.163091
AZCA 18SEP19 2018.7159 58380 2019 3 -110.9  -2522 -0.125257   3597447  0.818535   932  0.583693  0.0000 0.000479 0.000551 0.001861 -0.019701 -0.030360 -0.150539
AZCA 18SEP20 2018.7187 58381 2019 4 -110.9  -2522 -0.124442   3597447  0.818577   932  0.565220  0.0000 0.000470 0.000547 0.001813 -0.021952 -0.026350 -0.137271
AZCA 18SEP21 2018.7214 58382 2019 5 -110.9  -2522 -0.128273   3597447  0.819850   932  0.562199  0.0000 0.000474 0.000548 0.001833 -0.013101 -0.030793 -0.167006
AZCA 18SEP22 2018.7242 58383 2019 6 -110.9  -2522 -0.125256   3597447  0.819831   932  0.582601  0.0000 0.000472 0.000543 0.001828 -0.015131 -0.013770 -0.165439
AZCA 18SEP23 2018.7269 58384 2020 0 -110.9  -2522 -0.126281   3597447  0.818939   932  0.560797  0.0000 0.000474 0.000544 0.001832 -0.008615 -0.039178 -0.159953
AZCA 18SEP24 2018.7296 58385 2020 1 -110.9  -2522 -0.128269   3597447  0.820374   932  0.567880  0.0000 0.000478 0.000549 0.001855 -0.010431 -0.032941 -0.149902
AZCA 18SEP25 2018.7324 58386 2020 2 -110.9  -2522 -0.124565   3597447  0.820116   932  0.569644  0.0000 0.000471 0.000545 0.001797 -0.020067 -0.025083 -0.123168
AZCA 18SEP26 2018.7351 58387 2020 3 -110.9  -2522 -0.126243   3597447  0.818109   932  0.569000  0.0000 0.000474 0.000548 0.001819 -0.010978 -0.022928 -0.147447
AZCA 18SEP27 2018.7379 58388 2020 4 -110.9  -2522 -0.124438   3597447  0.820603   932  0.571946  0.0000 0.000472 0.000542 0.001820 -0.019383 -0.027863 -0.161742
AZCA 18SEP28 2018.7406 58389 2020 5 -110.9  -2522 -0.124981   3597447  0.818147   932  0.574009  0.0000 0.000477 0.000545 0.001835 -0.024725 -0.019102 -0.157993
AZCA 18SEP29 2018.7433 58390 2020 6 -110.9  -2522 -0.124884   3597447  0.818854   932  0.570076  0.0000 0.000472 0.000547 0.001833 -0.009599 -0.031034 -0.150691
AZCA 18SEP30 2018.7461 58391 2021 0 -110.9  -2522 -0.127754   3597447  0.818690   932  0.574487  0.0000 0.000473 0.000548 0.001830 -0.017186 -0.020698 -0.148736
AZCA 18OCT01 2018.7488 58392 2021 1 -110.9  -2522 -0.125741   3597447  0.819681   932  0.572173  0.0000 0.000468 0.000545 0.001812 -0.021878 -0.019995 -0.143160
AZCA 18OCT02 2018.7515 58393 2021 2 -110.9  -2522 -0.124913   3597447  0.819202   932  0.568901  0.0000 0.000471 0.000546 0.001833 -0.018286 -0.031828 -0.161720
AZCA 18OCT03 2018.7543 58394 2021 3 -110.9  -2522 -0.124872   3597447  0.818179   932  0.559425  0.0000 0.000483 0.000562 0.001901  0.001771 -0.043090 -0.176916
AZCA 18OCT04 2018.7570 58395 2021 4 -110.9  -2522 -0.126795   3597447  0.819131   932  0.565115  0.0000 0.000480 0.000563 0.001905 -0.026541 -0.014247 -0.174621
AZCA 18OCT05 2018.7598 58396 2021 5 -110.9  -2522 -0.127709   3597447  0.816760   932  0.560040  0.0000 0.000474 0.000545 0.001841  0.003259 -0.042096 -0.160363
AZCA 18OCT06 2018.7625 58397 2021 6 -110.9  -2522 -0.126680   3597447  0.818458   932  0.571705  0.0000 0.000471 0.000544 0.001820 -0.009243 -0.031495 -0.148665
AZCA 18OCT07 2018.7652 58398 2022 0 -110.9  -2522 -0.130270   3597447  0.820286   932  0.568160  0.0000 0.000486 0.000556 0.001868 -0.026928 -0.027648 -0.170614
AZCA 18OCT08 2018.7680 58399 2022 1 -110.9  -2522 -0.126896   3597447  0.818185   932  0.562086  0.0000 0.000471 0.000543 0.001833 -0.010147 -0.050145 -0.158507
AZCA 18OCT09 2018.7707 58400 2022 2 -110.9  -2522 -0.128003   3597447  0.819029   932  0.564216  0.0000 0.000472 0.000545 0.001834 -0.026848 -0.018177 -0.159739
AZCA 18OCT10 2018.7734 58401 2022 3 -110.9  -2522 -0.126391   3597447  0.819630   932  0.561284  0.0000 0.000468 0.000540 0.001795 -0.008615 -0.031365 -0.144861
AZCA 18OCT11 2018.7762 58402 2022 4 -110.9  -2522 -0.128551   3597447  0.816528   932  0.569197  0.0000 0.000471 0.000546 0.001829 -0.007712 -0.024135 -0.163017
AZCA 18OCT12 2018.7789 58403 2022 5 -110.9  -2522 -0.129292   3597447  0.818121   932  0.570489  0.0000 0.000471 0.000545 0.001822 -0.018900 -0.010745 -0.148907
AZCA 18OCT13 2018.7817 58404 2022 6 -110.9  -2522 -0.124538   3597447  0.816688   932  0.567200  0.0000 0.000473 0.000563 0.001910 -0.042635 -0.025444 -0.180106
AZCA 18OCT14 2018.7844 58405 2023 0 -110.9  -2522 -0.125024   3597447  0.819063   932  0.558319  0.0000 0.000471 0.000545 0.001844 -0.010206 -0.021939 -0.181581
AZCA 18OCT15 2018.7871 58406 2023 1 -110.9  -2522 -0.123568   3597447  0.818831   932  0.562048  0.0000 0.000472 0.000546 0.001827 -0.020697  0.001826 -0.164011
AZCA 18OCT16 2018.7899 58407 2023 2 -110.9  -2522 -0.125059   3597447  0.819146   932  0.562090  0.0000 0.000478 0.000560 0.001862 -0.014870 -0.012233 -0.169700
AZCA 18OCT17 2018.7926 58408 2023 3 -110.9  -2522 -0.124801   3597447  0.818468   932  0.558315  0.0000 0.000472 0.000547 0.001825 -0.021850 -0.007547 -0.159086
AZCA 18OCT18 2018.7953 58409 2023 4 -110.9  -2522 -0.125684   3597447  0.820558   932  0.559809  0.0000 0.000472 0.000548 0.001849 -0.011687 -0.031735 -0.159167
AZCA 18OCT19 2018.7981 58410 2023 5 -110.9  -2522 -0.123990   3597447  0.819455   932  0.559332  0.0000 0.000466 0.000544 0.001820 -0.010638 -0.032823 -0.154648
AZCA 18OCT20 2018.8008 58411 2023 6 -110.9  -2522 -0.123842   3597447  0.819313   932  0.559700  0.0000 0.000470 0.000544 0.001815 -0.018483 -0.014628 -0.158162
AZCA 18OCT21 2018.8036 58412 2024 0 -110.9  -2522 -0.123867   3597447  0.819417   932  0.588131  0.0000 0.000474 0.000546 0.001839 -0.018391 -0.026033 -0.153035
AZCA 18OCT22 2018.8063 58413 2024 1 -110.9  -2522 -0.127028   3597447  0.818351   932  0.564278  0.0000 0.000487 0.000562 0.001898 -0.025455 -0.013687 -0.173523
AZCA 18OCT23 2018.8090 58414 2024 2 -110.9  -2522 -0.124544   3597447  0.818822   932  0.562894  0.0000 0.000478 0.000550 0.001866 -0.018299 -0.010503 -0.169474
AZCA 18OCT24 2018.8118 58415 2024 3 -110.9  -2522 -0.126496   3597447  0.817921   932  0.565961  0.0000 0.000503 0.000568 0.001949 -0.002747 -0.033167 -0.194406
AZCA 18OCT25 2018.8145 58416 2024 4 -110.9  -2522 -0.124117   3597447  0.819726   932  0.569337  0.0000 0.000468 0.000541 0.001781 -0.030141 -0.004091 -0.132884
AZCA 18OCT26 2018.8172 58417 2024 5 -110.9  -2522 -0.127691   3597447  0.819255   932  0.569062  0.0000 0.000471 0.000541 0.001802 -0.026467 -0.005143 -0.139770
AZCA 18OCT27 2018.8200 58418 2024 6 -110.9  -2522 -0.127983   3597447  0.816857   932  0.569477  0.0000 0.000472 0.000543 0.001826 -0.024526 -0.010218 -0.161227
AZCA 18OCT28 2018.8227 58419 2025 0 -110.9  -2522 -0.128218   3597447  0.819218   932  0.575086  0.0000 0.000474 0.000546 0.001860 -0.016551 -0.024009 -0.174041
AZCA 18OCT29 2018.8255 58420 2025 1 -110.9  -2522 -0.128336   3597447  0.818809   932  0.567180  0.0000 0.000471 0.000549 0.001839 -0.014473 -0.030459 -0.158313
AZCA 18OCT30 2018.8282 58421 2025 2 -110.9  -2522 -0.125748   3597447  0.819184   932  0.570770  0.0000 0.000471 0.000545 0.001820 -0.013274 -0.025495 -0.143779
AZCA 18OCT31 2018.8309 58422 2025 3 -110.9  -2522 -0.128627   3597447  0.818500   932  0.561420  0.0000 0.000468 0.000539 0.001793 -0.021788 -0.019519 -0.134248
AZCA 18NOV01 2018.8337 58423 2025 4 -110.9  -2522 -0.124577   3597447  0.818319   932  0.571274  0.0000 0.000476 0.000546 0.001853 -0.006960 -0.022306 -0.157471
AZCA 18NOV02 2018.8364 58424 2025 5 -110.9  -2522 -0.127908   3597447  0.817252   932  0.571397  0.0000 0.000470 0.000545 0.001823 -0.023842 -0.009228 -0.153960
AZCA 18NOV03 2018.8392 58425 2025 6 -110.9  -2522 -0.127348   3597447  0.818847   932  0.571364  0.0000 0.000468 0.000542 0.001827 -0.019436 -0.004755 -0.162044
AZCA 18NOV04 2018.8419 58426 2026 0 -110.9  -2522 -0.127099   3597447  0.818113   932  0.570906  0.0000 0.000469 0.000542 0.001793 -0.002010 -0.040304 -0.135247
AZCA 18NOV05 2018.8446 58427 2026 1 -110.9  -2522 -0.127765   3597447  0.818692   932  0.572970  0.0000 0.000468 0.000543 0.001798 -0.019031 -0.008905 -0.145197
AZCA 18NOV06 2018.8474 58428 2026 2 -110.9  -2522 -0.126179   3597447  0.817942   932  0.570004  0.0000 0.000467 0.000541 0.001782 -0.022888 -0.009340 -0.143689
AZCA 18NOV07 2018.8501 58429 2026 3 -110.9  -2522 -0.127950   3597447  0.818276   932  0.572774  0.0000 0.000475 0.000544 0.001834 -0.013721 -0.029284 -0.159487
AZCA 18NOV08 2018.8528 58430 2026 4 -110.9  -2522 -0.126260   3597447  0.819129   932  0.574912  0.0000 0.000473 0.000546 0.001836 -0.019456 -0.013867 -0.165495
AZCA 18NOV09 2018.8556 58431 2026 5 -110.9  -2522 -0.125984   3597447  0.819910   932  0.567316  0.0000 0.000465 0.000541 0.001769 -0.015211 -0.029548 -0.128020
AZCA 18NOV10 2018.8583 58432 2026 6 -110.9  -2522 -0.126269   3597447  0.820245   932  0.561302  0.0000 0.000467 0.000540 0.001781 -0.012100 -0.028072 -0.140080
AZCA 18NOV11 2018.8611 58433 2027 0 -110.9  -2522 -0.129433   3597447  0.820091   932  0.567637  0.0000 0.000470 0.000544 0.001815 -0.010632 -0.039263 -0.158379
AZCA 18NOV12 2018.8638 58434 2027 1 -110.9  -2522 -0.128002   3597447  0.819820   932  0.562455  0.0000 0.000483 0.000556 0.001853 -0.003733 -0.031220 -0.172994
AZCA 18NOV13 2018.8665 58435 2027 2 -110.9  -2522 -0.125258   3597447  0.819473   932  0.561756  0.0000 0.000477 0.000544 0.001847 -0.006652 -0.020512 -0.167427
AZCA 18NOV14 2018.8693 58436 2027 3 -110.9  -2522 -0.128049   3597447  0.820654   932  0.563818  0.0000 0.000469 0.000542 0.001807 -0.015205 -0.010292 -0.152402
AZCA 18NOV15 2018.8720 58437 2027 4 -110.9  -2522 -0.127916   3597447  0.819159   932  0.562668  0.0000 0.000468 0.000540 0.001791 -0.022900  0.003229 -0.133771
AZCA 18NOV16 2018.8747 58438 2027 5 -110.9  -2522 -0.128327   3597447  0.816756   932  0.571389  0.0000 0.000466 0.000543 0.001793 -0.006090 -0.026173 -0.150581
AZCA 18NOV17 2018.8775 58439 2027 6 -110.9  -2522 -0.126822   3597447  0.818457   932  0.572933  0.0000 0.000482 0.000558 0.001874 -0.009493 -0.019581 -0.179704
AZCA 18NOV18 2018.8802 58440 2028 0 -110.9  -2522 -0.126163   3597447  0.819059   932  0.569313  0.0000 0.000485 0.000555 0.001867 -0.011054 -0.010830 -0.185669
AZCA 18NOV19 2018.8830 58441 2028 1 -110.9  -2522 -0.127213   3597447  0.819886   932  0.564112  0.0000 0.000479 0.000551 0.001826 -0.011326 -0.008859 -0.156639
AZCA 18NOV20 2018.8857 58442 2028 2 -110.9  -2522 -0.127612   3597447  0.817734   932  0.568272  0.0000 0.000476 0.000551 0.001811 -0.013375  0.002791 -0.154701
AZCA 18NOV21 2018.8884 58443 2028 3 -110.9  -2522 -0.129184   3597447  0.816895   932  0.564213  0.0000 0.000477 0.000552 0.001827 -0.005242 -0.020285 -0.152054
AZCA 18NOV22 2018.8912 58444 2028 4 -110.9  -2522 -0.127810   3597447  0.818230   932  0.577336  0.0000 0.000477 0.000557 0.001851 -0.008572 -0.016264 -0.185942
AZCA 18NOV23 2018.8939 58445 2028 5 -110.9  -2522 -0.128211   3597447  0.819261   932  0.568421  0.0000 0.000481 0.000555 0.001864  0.005286 -0.039450 -0.175186
AZCA 18NOV24 2018.8966 58446 2028 6 -110.9  -2522 -0.127303   3597447  0.819168   932  0.571353  0.0000 0.000497 0.000559 0.001858  0.003700 -0.024151 -0.164340
AZCA 18NOV25 2018.8994 58447 2029 0 -110.9  -2522 -0.127257   3597447  0.816287   932  0.565450  0.0000 0.000484 0.000553 0.001839 -0.025898  0.015217 -0.165189
AZCA 18NOV26 2018.9021 58448 2029 1 -110.9  -2522 -0.128026   3597447  0.817288   932  0.564302  0.0000 0.000479 0.000551 0.001821 -0.017772 -0.006108 -0.153209
AZCA 18NOV27 2018.9049 58449 2029 2 -110.9  -2522 -0.129240   3597447  0.816472   932  0.572198  0.0000 0.000480 0.000555 0.001865 -0.015629 -0.015851 -0.176047
AZCA 18NOV28 2018.9076 58450 2029 3 -110.9  -2522 -0.129192   3597447  0.816866   932  0.575614  0.0000 0.000475 0.000554 0.001833 -0.005024 -0.032995 -0.171998
AZCA 18NOV29 2018.9103 58451 2029 4 -110.9  -2522 -0.129353   3597447  0.819771   932  0.571593  0.0000 0.000481 0.000554 0.001821  0.001901 -0.028738 -0.155149
AZCA 18NOV30 2018.9131 58452 2029 5 -110.9  -2522 -0.130819   3597447  0.817131   932  0.558975  0.0000 0.000490 0.000561 0.001867 -0.036187 -0.002548 -0.163174
AZCA 18DEC01 2018.9158 58453 2029 6 -110.9  -2522 -0.129983   3597447  0.818023   932  0.565826  0.0000 0.000477 0.000550 0.001805 -0.021573 -0.009997 -0.150609
AZCA 18DEC02 2018.9185 58454 2030 0 -110.9  -2522 -0.127293   3597447  0.818993   932  0.571586  0.0000 0.000480 0.000552 0.001851 -0.009567 -0.017572 -0.167154
AZCA 18DEC03 2018.9213 58455 2030 1 -110.9  -2522 -0.128479   3597447  0.821035   932  0.565704  0.0000 0.000476 0.000551 0.001812 -0.002511 -0.032305 -0.167745
AZCA 18DEC04 2018.9240 58456 2030 2 -110.9  -2522 -0.127637   3597447  0.819373   932  0.569684  0.0000 0.000477 0.000554 0.001828  0.006199 -0.042990 -0.170471
AZCA 18DEC05 2018.9268 58457 2030 3 -110.9  -2522 -0.129705   3597447  0.817785   932  0.574691  0.0000 0.000479 0.000552 0.001842 -0.004190 -0.031846 -0.173244
AZCA 18DEC06 2018.9295 58458 2030 4 -110.9  -2522 -0.132123   3597447  0.818865   932  0.566274  0.0000 0.000484 0.000552 0.001841 -0.017504 -0.006377 -0.179602
AZCA 18DEC07 2018.9322 58459 2030 5 -110.9  -2522 -0.128688   3597447  0.818836   932  0.569408  0.0000 0.000494 0.000559 0.001855 -0.007752  0.003999 -0.163274
AZCA 18DEC08 2018.9350 58460 2030 6 -110.9  -2522 -0.130079   3597447  0.818072   932  0.565976  0.0000 0.000481 0.000553 0.001836 -0.006873 -0.025758 -0.155737
AZCA 18DEC09 2018.9377 58461 2031 0 -110.9  -2522 -0.131613   3597447  0.818261   932  0.561692  0.0000 0.000475 0.000552 0.001810 -0.000734 -0.026810 -0.162737
AZCA 18DEC10 2018.9405 58462 2031 1 -110.9  -2522 -0.127993   3597447  0.815572   932  0.574651  0.0000 0.000476 0.000549 0.001821 -0.008474 -0.021645 -0.171798
AZCA 18DEC11 2018.9432 58463 2031 2 -110.9  -2522 -0.132181   3597447  0.816571   932  0.563131  0.0000 0.000476 0.000544 0.001839 -0.018143 -0.029955 -0.161557
AZCA 18DEC12 2018.9459 58464 2031 3 -110.9  -2522 -0.131430   3597447  0.815032   932  0.563351  0.0000 0.000474 0.000541 0.001808 -0.024739 -0.015530 -0.135859
AZCA 18DEC13 2018.9487 58465 2031 4 -110.9  -2522 -0.131693   3597447  0.817989   932  0.563328  0.0000 0.000473 0.000541 0.001818 -0.016882 -0.025536 -0.146128
AZCA 18DEC14 2018.9514 58466 2031 5 -110.9  -2522 -0.130542   3597447  0.817799   932  0.569048  0.0000 0.000481 0.000555 0.001855 -0.028473  0.007588 -0.170780
AZCA 18DEC15 2018.9541 58467 2031 6 -110.9  -2522 -0.127476   3597447  0.817595   932  0.577583  0.0000 0.000469 0.000540 0.001791 -0.014463 -0.019320 -0.138816
AZCA 18DEC16 2018.9569 58468 2032 0 -110.9  -2522 -0.129033   3597447  0.818646   932  0.572587  0.0000 0.000471 0.000541 0.001809 -0.011313 -0.025414 -0.155472
AZCA 18DEC17 2018.9596 58469 2032 1 -110.9  -2522 -0.129422   3597447  0.819368   932  0.571151  0.0000 0.000478 0.000543 0.001838 -0.019626 -0.018885 -0.156309
AZCA 18DEC18 2018.9624 58470 2032 2 -110.9  -2522 -0.131085   3597447  0.818092   932  0.569272  0.0000 0.000475 0.000542 0.001817 -0.017951 -0.006801 -0.145190
AZCA 18DEC19 2018.9651 58471 2032 3 -110.9  -2522 -0.127000   3597447  0.817569   932  0.568748  0.0000 0.000471 0.000542 0.001793 -0.012580 -0.020310 -0.140657
AZCA 18DEC20 2018.9678 58472 2032 4 -110.9  -2522 -0.129798   3597447  0.818337   932  0.578261  0.0000 0.000468 0.000543 0.001802 -0.023010 -0.013467 -0.147542
AZCA 18DEC21 2018.9706 58473 2032 5 -110.9  -2522 -0.131829   3597447  0.819081   932  0.578772  0.0000 0.000477 0.000552 0.001837 -0.026252 -0.013360 -0.142734
AZCA 18DEC22 2018.9733 58474 2032 6 -110.9  -2522 -0.130733   3597447  0.818066   932  0.575025  0.0000 0.000473 0.000545 0.001827 -0.004349 -0.047561 -0.151853
AZCA 18DEC23 2018.9760 58475 2033 0 -110.9  -2522 -0.131695   3597447  0.819605   932  0.569674  0.0000 0.000476 0.000545 0.001816 -0.018220 -0.021033 -0.143281
AZCA 18DEC24 2018.9788 58476 2033 1 -110.9  -2522 -0.129129   3597447  0.822436   932  0.565775  0.0000 0.000472 0.000544 0.001799 -0.015288 -0.021791 -0.162328
AZCA 18DEC25 2018.9815 58477 2033 2 -110.9  -2522 -0.133100   3597447  0.820170   932  0.569376  0.0000 0.000468 0.000538 0.001791 -0.017297 -0.009163 -0.157251
AZCA 18DEC26 2018.9843 58478 2033 3 -110.9  -2522 -0.132225   3597447  0.819619   932  0.575212  0.0000 0.000471 0.000553 0.001835 -0.005436 -0.013244 -0.153979
AZCA 18DEC27 2018.9870 58479 2033 4 -110.9  -2522 -0.133732   3597447  0.821469   932  0.564459  0.0000 0.000482 0.000548 0.001842  0.001548 -0.020870 -0.153798
AZCA 18DEC28 2018.9897 58480 2033 5 -110.9  -2522 -0.131490   3597447  0.819015   932  0.559934  0.0000 0.000479 0.000556 0.001828 -0.006537 -0.032292 -0.162449
AZCA 18DEC29 2018.9925 58481 2033 6 -110.9  -2522 -0.131311   3597447  0.817543   932  0.552711  0.0000 0.000477 0.000556 0.001819 -0.006708 -0.014540 -0.164517
AZCA 18DEC30 2018.9952 58482 2034 0 -110.9  -2522 -0.131554   3597447  0.818179   932  0.561691  0.0000 0.000475 0.000553 0.001811 -0.019751  0.003224 -0.168486
AZCA 18DEC31 2018.9979 58483 2034 1 -110.9  -2522 -0.131885   3597447  0.816880   932  0.569687  0.0000 0.000475 0.000552 0.001828 -0.015505 -0.006623 -0.168855
AZCA 19JAN01 2019.0007 58484 2034 2 -110.9  -2522 -0.134167   3597447  0.817589   932  0.548792  0.0000 0.000478 0.000555 0.001836 -0.003016 -0.024249 -0.171233
AZCA 19JAN02 2019.0034 58485 2034 3 -110.9  -2522 -0.129549   3597447  0.818893   932  0.556456  0.0000 0.000480 0.000554 0.001828 -0.006896 -0.029616 -0.165079
AZCA 19JAN03 2019.0062 58486 2034 4 -110.9  -2522 -0.129051   3597447  0.817844   932  0.566120  0.0000 0.000470 0.000541 0.001784 -0.028317 -0.011883 -0.154595
AZCA 19JAN04 2019.0089 58487 2034 5 -110.9  -2522 -0.131077   3597447  0.818028   932  0.577551  0.0000 0.000472 0.000543 0.001822 -0.025121 -0.009140 -0.167264
AZCA 19JAN05 2019.0116 58488 2034 6 -110.9  -2522 -0.130145   3597447  0.817885   932  0.575383  0.0000 0.000473 0.000548 0.001831 -0.029840 -0.003796 -0.162903
AZCA 19JAN06 2019.0144 58489 2035 0 -110.9  -2522 -0.130532   3597447  0.818123   932  0.571204  0.0000 0.000471 0.000543 0.001804 -0.016505 -0.020696 -0.158869
AZCA 19JAN07 2019.0171 58490 2035 1 -110.9  -2522 -0.132301   3597447  0.818676   932  0.566554  0.0000 0.000471 0.000540 0.001794 -0.017548 -0.010811 -0.142521
AZCA 19JAN08 2019.0198 58491 2035 2 -110.9  -2522 -0.130194   3597447  0.819693   932  0.565046  0.0000 0.000474 0.000537 0.001788 -0.012565 -0.042542 -0.146693
AZCA 19JAN09 2019.0226 58492 2035 3 -110.9  -2522 -0.128269   3597447  0.820055   932  0.581168  0.0000 0.000473 0.000543 0.001822 -0.026285 -0.029539 -0.154527
AZCA 19JAN10 2019.0253 58493 2035 4 -110.9  -2522 -0.131557   3597447  0.818089   932  0.573141  0.0000 0.000489 0.000558 0.001895 -0.028450 -0.012279 -0.170925
AZCA 19JAN11 2019.0281 58494 2035 5 -110.9  -2522 -0.131117   3597447  0.820850   932  0.567419  0.0000 0.000475 0.000564 0.001870 -0.024443  0.006600 -0.155262
AZCA 19JAN12 2019.0308 58495 2035 6 -110.9  -2522 -0.129049   3597447  0.819725   932  0.567641  0.0000 0.000475 0.000556 0.001845 -0.013672  0.001702 -0.149250
AZCA 19JAN13 2019.0335 58496 2036 0 -110.9  -2522 -0.130721   3597447  0.817267   932  0.565862  0.0000 0.000476 0.000546 0.001830 -0.034201  0.014412 -0.167990
AZCA 19JAN14 2019.0363 58497 2036 1 -110.9  -2522 -0.131622   3597447  0.818691   932  0.563346  0.0000 0.000468 0.000539 0.001783 -0.042455  0.009592 -0.146680
AZCA 19JAN15 2019.0390 58498 2036 2 -110.9  -2522 -0.131223   3597447  0.818250   932  0.568700  0.0000 0.000470 0.000547 0.001810 -0.015021 -0.011110 -0.154333
AZCA 19JAN16 2019.0418 58499 2036 3 -110.9  -2522 -0.133260   3597447  0.818203   932  0.566060  0.0000 0.000472 0.000549 0.001824 -0.027420  0.002222 -0.156153
AZCA 19JAN17 2019.0445 58500 2036 4 -110.9  -2522 -0.131302   3597447  0.818158   932  0.565001  0.0000 0.000476 0.000546 0.001834 -0.019245  0.001260 -0.167268
AZCA 19JAN18 2019.0472 58501 2036 5 -110.9  -2522 -0.127995   3597447  0.818583   932  0.572510  0.0000 0.000484 0.000554 0.001858 -0.034832  0.011653 -0.173145
AZCA 19JAN19 2019.0500 58502 2036 6 -110.9  -2522 -0.131079   3597447  0.819862   932  0.564488  0.0000 0.000481 0.000551 0.001838 -0.034617  0.001202 -0.165046
AZCA 19JAN20 2019.0527 58503 2037 0 -110.9  -2522 -0.129018   3597447  0.818483   932  0.575061  0.0000 0.000491 0.000564 0.001884 -0.029190 -0.012189 -0.157024
AZCA 19JAN21 2019.0554 58504 2037 1 -110.9  -2522 -0.135711   3597447  0.817432   932  0.574849  0.0000 0.000481 0.000560 0.001878 -0.008487 -0.037844 -0.170759
AZCA 19JAN22 2019.0582 58505 2037 2 -110.9  -2522 -0.133032   3597447  0.818039   932  0.571363  0.0000 0.000491 0.000574 0.001921 -0.020749 -0.016852 -0.189486
AZCA 19JAN23 2019.0609 58506 2037 3 -110.9  -2522 -0.130473   3597447  0.818089   932  0.571563  0.0000 0.000482 0.000555 0.001877 -0.020166  0.002969 -0.191930
AZCA 19JAN24 2019.0637 58507 2037 4 -110.9  -2522 -0.128521   3597447  0.818399   932  0.573550  0.0000 0.000484 0.000560 0.001883 -0.018578 -0.006334 -0.194810
AZCA 19JAN25 2019.0664 58508 2037 5 -110.9  -2522 -0.129952   3597447  0.819067   932  0.569102  0.0000 0.000485 0.000563 0.001863 -0.017768 -0.023595 -0.162644
AZCA 19JAN26 2019.0691 58509 2037 6 -110.9  -2522 -0.132800   3597447  0.817357   932  0.561686  0.0000 0.000483 0.000551 0.001819 -0.015231 -0.030034 -0.121798
AZCA 19JAN27 2019.0719 58510 2038 0 -110.9  -2522 -0.132946   3597447  0.819599   932  0.575011  0.0000 0.000489 0.000557 0.001848 -0.009156 -0.029232 -0.129008
AZCA 19JAN28 2019.0746 58511 2038 1 -110.9  -2522 -0.130363   3597447  0.819280   932  0.574050  0.0000 0.000470 0.000546 0.001826 -0.019474 -0.030565 -0.157801
AZCA 19JAN29 2019.0773 58512 2038 2 -110.9  -2522 -0.130538   3597447  0.818999   932  0.581228  0.0000 0.000476 0.000548 0.001858 -0.025660 -0.014019 -0.183753
AZCA 19JAN30 2019.0801 58513 2038 3 -110.9  -2522 -0.130027   3597447  0.818046   932  0.573350  0.0000 0.000473 0.000544 0.001840 -0.028056 -0.017519 -0.165301
AZCA 19JAN31 2019.0828 58514 2038 4 -110.9  -2522 -0.128373   3597447  0.822270   932  0.567819  0.0000 0.000485 0.000555 0.001837 -0.052870 -0.012183 -0.127757
AZCA 19FEB01 2019.0856 58515 2038 5 -110.9  -2522 -0.128451   3597447  0.818552   932  0.574064  0.0000 0.000472 0.000545 0.001817 -0.018244 -0.028620 -0.157741
AZCA 19FEB02 2019.0883 58516 2038 6 -110.9  -2522 -0.125861   3597447  0.820185   932  0.575107  0.0000 0.000472 0.000549 0.001838 -0.032284 -0.008800 -0.179593
AZCA 19FEB03 2019.0910 58517 2039 0 -110.9  -2522 -0.134443   3597447  0.819019   932  0.576292  0.0000 0.000474 0.000548 0.001836 -0.029436 -0.015112 -0.163185
AZCA 19FEB04 2019.0938 58518 2039 1 -110.9  -2522 -0.131325   3597447  0.815021   932  0.571127  0.0000 0.000476 0.000549 0.001843 -0.015436 -0.019793 -0.150069
AZCA 19FEB05 2019.0965 58519 2039 2 -110.9  -2522 -0.130170   3597447  0.817854   932  0.574946  0.0000 0.000471 0.000543 0.001791 -0.029435 -0.001092 -0.145737
AZCA 19FEB06 2019.0992 58520 2039 3 -110.9  -2522 -0.136773   3597447  0.818411   932  0.572324  0.0000 0.000472 0.000547 0.001812 -0.009632 -0.033148 -0.157887
AZCA 19FEB07 2019.1020 58521 2039 4 -110.9  -2522 -0.132249   3597447  0.819148   932  0.574686  0.0000 0.000472 0.000546 0.001821 -0.037728 -0.012256 -0.164115
AZCA 19FEB08 2019.1047 58522 2039 5 -110.9  -2522 -0.132195   3597447  0.818060   932  0.570732  0.0000 0.000473 0.000548 0.001828 -0.025772 -0.030442 -0.160504
AZCA 19FEB09 2019.1075 58523 2039 6 -110.9  -2522 -0.131687   3597447  0.819149   932  0.575825  0.0000 0.000473 0.000545 0.001796 -0.025700 -0.018324 -0.142274
AZCA 19FEB10 2019.1102 58524 2040 0 -110.9  -2522 -0.129868   3597447  0.820250   932  0.568869  0.0000 0.000471 0.000544 0.001809 -0.028723 -0.007785 -0.135645
AZCA 19FEB11 2019.1129 58525 2040 1 -110.9  -2522 -0.132738   3597447  0.818523   932  0.566802  0.0000 0.000477 0.000561 0.001853 -0.017487 -0.023746 -0.171049
AZCA 19FEB12 2019.1157 58526 2040 2 -110.9  -2522 -0.132247   3597447  0.816852   932  0.570369  0.0000 0.000491 0.000567 0.001864 -0.044948 -0.008312 -0.131150
AZCA 19FEB13 2019.1184 58527 2040 3 -110.9  -2522 -0.130299   3597447  0.817532   932  0.584154  0.0000 0.000476 0.000550 0.001839 -0.026334 -0.029555 -0.177723
AZCA 19FEB14 2019.1211 58528 2040 4 -110.9  -2522 -0.130559   3597447  0.818372   932  0.586573  0.0000 0.000483 0.000557 0.001856 -0.031620 -0.023981 -0.165904
AZCA 19FEB15 2019.1239 58529 2040 5 -110.9  -2522 -0.132991   3597447  0.819266   932  0.574945  0.0000 0.000485 0.000555 0.001855 -0.024209 -0.038561 -0.164373
AZCA 19FEB16 2019.1266 58530 2040 6 -110.9  -2522 -0.133477   3597447  0.816607   932  0.578867  0.0000 0.000475 0.000548 0.001815 -0.012588 -0.025557 -0.144421
AZCA 19FEB17 2019.1294 58531 2041 0 -110.9  -2522 -0.135214   3597447  0.818683   932  0.570480  0.0000 0.000475 0.000546 0.001825 -0.029605 -0.002445 -0.171787
AZCA 19FEB18 2019.1321 58532 2041 1 -110.9  -2522 -0.136197   3597447  0.817220   932  0.568452  0.0000 0.000473 0.000545 0.001813 -0.015288 -0.026407 -0.164600
AZCA 19FEB19 2019.1348 58533 2041 2 -110.9  -2522 -0.133708   3597447  0.818278   932  0.566389  0.0000 0.000475 0.000548 0.001840 -0.035066 -0.009697 -0.167951
AZCA 19FEB20 2019.1376 58534 2041 3 -110.9  -2522 -0.132781   3597447  0.819672   932  0.567333  0.0000 0.000473 0.000546 0.001799 -0.031685 -0.014205 -0.141830
AZCA 19FEB21 2019.1403 58535 2041 4 -110.9  -2522 -0.132338   3597447  0.819273   932  0.561893  0.0000 0.000472 0.000546 0.001810 -0.034651 -0.019687 -0.141317
AZCA 19FEB22 2019.1431 58536 2041 5 -110.9  -2522 -0.132467   3597447  0.820304   932  0.564742  0.0000 0.000473 0.000547 0.001824 -0.030952  0.004327 -0.160994
AZCA 19FEB23 2019.1458 58537 2041 6 -110.9  -2522 -0.131189   3597447  0.820002   932  0.565140  0.0000 0.000472 0.000547 0.001838 -0.020328 -0.020481 -0.191449
AZCA 19FEB24 2019.1485 58538 2042 0 -110.9  -2522 -0.132976   3597447  0.817420   932  0.564854  0.0000 0.000471 0.000547 0.001835 -0.027287 -0.009751 -0.175909
AZCA 19FEB25 2019.1513 58539 2042 1 -110.9  -2522 -0.130896   3597447  0.816557   932  0.568861  0.0000 0.000467 0.000546 0.001809 -0.035319 -0.006171 -0.156586
AZCA 19FEB26 2019.1540 58540 2042 2 -110.9  -2522 -0.133891   3597447  0.815979   932  0.566942  0.0000 0.000471 0.000548 0.001816 -0.025290 -0.026069 -0.146815
AZCA 19FEB27 2019.1567 58541 2042 3 -110.9  -2522 -0.131692   3597447  0.817480   932  0.575569  0.0000 0.000476 0.000551 0.001848 -0.036485  0.001756 -0.172242
AZCA 19FEB28 2019.1595 58542 2042 4 -110.9  -2522 -0.132397   3597447  0.817974   932  0.573496  0.0000 0.000469 0.000548 0.001818 -0.014579 -0.024953 -0.161620
AZCA 19MAR01 2019.1622 58543 2042 5 -110.9  -2522 -0.133331   3597447  0.816911   932  0.569595  0.0000 0.000474 0.000562 0.001877 -0.007325 -0.042415 -0.188179
AZCA 19MAR02 2019.1650 58544 2042 6 -110.9  -2522 -0.130717   3597447  0.816615   932  0.573987  0.0000 0.000469 0.000549 0.001829 -0.020719 -0.016849 -0.174912
AZCA 19MAR03 2019.1677 58545 2043 0 -110.9  -2522 -0.135379   3597447  0.817964   932  0.572090  0.0000 0.000470 0.000545 0.001810 -0.029023  0.007518 -0.146926
AZCA 19MAR04 2019.1704 58546 2043 1 -110.9  -2522 -0.132001   3597447  0.816874   932  0.575598  0.0000 0.000470 0.000545 0.001805 -0.022267 -0.014473 -0.146506
AZCA 19MAR05 2019.1732 58547 2043 2 -110.9  -2522 -0.134146   3597447  0.816970   932  0.572991  0.0000 0.000472 0.000546 0.001812 -0.024744 -0.014036 -0.157498
AZCA 19MAR06 2019.1759 58548 2043 3 -110.9  -2522 -0.132849   3597447  0.815578   932  0.577692  0.0000 0.000470 0.000547 0.001794 -0.029081 -0.021826 -0.138786
AZCA 19MAR07 2019.1786 58549 2043 4 -110.9  -2522 -0.132976   3597447  0.817501   932  0.573792  0.0000 0.000466 0.000544 0.001789 -0.018270 -0.029488 -0.147754
AZCA 19MAR08 2019.1814 58550 2043 5 -110.9  -2522 -0.132655   3597447  0.816455   932  0.573688  0.0000 0.000472 0.000549 0.001836 -0.009997 -0.040617 -0.160676
AZCA 19MAR09 2019.1841 58551 2043 6 -110.9  -2522 -0.131706   3597447  0.816697   932  0.571186  0.0000 0.000472 0.000550 0.001824 -0.026776 -0.009671 -0.155770
AZCA 19MAR10 2019.1869 58552 2044 0 -110.9  -2522 -0.132586   3597447  0.816503   932  0.564059  0.0000 0.000471 0.000545 0.001791 -0.027691 -0.003699 -0.148021
AZCA 19MAR11 2019.1896 58553 2044 1 -110.9  -2522 -0.128500   3597447  0.815524   932  0.570423  0.0000 0.000470 0.000548 0.001823 -0.028140 -0.003400 -0.163732
AZCA 19MAR12 2019.1923 58554 2044 2 -110.9  -2522 -0.130640   3597447  0.818011   932  0.559468  0.0000 0.000469 0.000547 0.001794 -0.020855 -0.025112 -0.151857
AZCA 19MAR13 2019.1951 58555 2044 3 -110.9  -2522 -0.136839   3597447  0.815781   932  0.563309  0.0000 0.000466 0.000546 0.001799 -0.022502 -0.015536 -0.138531
AZCA 19MAR14 2019.1978 58556 2044 4 -110.9  -2522 -0.133211   3597447  0.817463   932  0.565102  0.0000 0.000469 0.000547 0.001820 -0.025500  0.000691 -0.152143
AZCA 19MAR15 2019.2005 58557 2044 5 -110.9  -2522 -0.134714   3597447  0.817400   932  0.560436  0.0000 0.000481 0.000564 0.001855 -0.021180  0.017755 -0.159029
AZCA 19MAR16 2019.2033 58558 2044 6 -110.9  -2522 -0.132773   3597447  0.817925   932  0.565290  0.0000 0.000470 0.000546 0.001820 -0.026837 -0.012923 -0.153494
AZCA 19MAR17 2019.2060 58559 2045 0 -110.9  -2522 -0.133620   3597447  0.815896   932  0.573816  0.0000 0.000475 0.000552 0.001848 -0.007348 -0.047633 -0.161862
AZCA 19MAR18 2019.2088 58560 2045 1 -110.9  -2522 -0.135488   3597447  0.818301   932  0.572950  0.0000 0.000467 0.000547 0.001803 -0.016434 -0.021695 -0.141639
AZCA 19MAR19 2019.2115 58561 2045 2 -110.9  -2522 -0.132792   3597447  0.817424   932  0.567330  0.0000 0.000466 0.000545 0.001789 -0.024077 -0.009590 -0.118397
AZCA 19MAR20 2019.2142 58562 2045 3 -110.9  -2522 -0.134244   3597447  0.817080   932  0.565444  0.0000 0.000471 0.000548 0.001831 -0.033910  0.008346 -0.151082
AZCA 19MAR21 2019.2170 58563 2045 4 -110.9  -2522 -0.132064   3597447  0.817154   932  0.563743  0.0000 0.000473 0.000550 0.001831 -0.031276  0.000720 -0.167831
AZCA 19MAR22 2019.2197 58564 2045 5 -110.9  -2522 -0.132491   3597447  0.817752   932  0.569735  0.0000 0.000477 0.000559 0.001919 -0.040528 -0.014323 -0.162137
AZCA 19MAR23 2019.2225 58565 2045 6 -110.9  -2522 -0.132415   3597447  0.817706   932  0.569538  0.0000 0.000471 0.000551 0.001826 -0.019321 -0.025063 -0.146432
AZCA 19MAR24 2019.2252 58566 2046 0 -110.9  -2522 -0.133015   3597447  0.818759   932  0.566085  0.0000 0.000468 0.000550 0.001810 -0.022730 -0.014392 -0.153731
AZCA 19MAR25 2019.2279 58567 2046 1 -110.9  -2522 -0.133364   3597447  0.817492   932  0.568467  0.0000 0.000470 0.000551 0.001825 -0.037726 -0.001791 -0.154593
AZCA 19MAR26 2019.2307 58568 2046 2 -110.9  -2522 -0.131281   3597447  0.818197   932  0.567300  0.0000 0.000470 0.000550 0.001809 -0.043000  0.005315 -0.161130
AZCA 19MAR27 2019.2334 58569 2046 3 -110.9  -2522 -0.131409   3597447  0.817930   932  0.571432  0.0000 0.000472 0.000546 0.001827 -0.022174 -0.033538 -0.159175
AZCA 19MAR28 2019.2361 58570 2046 4 -110.9  -2522 -0.133422   3597447  0.819311   932  0.572093  0.0000 0.000474 0.000552 0.001866 -0.017387 -0.036568 -0.177948
AZCA 19MAR29 2019.2389 58571 2046 5 -110.9  -2522 -0.132935   3597447  0.819326   932  0.573606  0.0000 0.000476 0.000555 0.001860 -0.032082 -0.017169 -0.166915
AZCA 19MAR30 2019.2416 58572 2046 6 -110.9  -2522 -0.132651   3597447  0.818213   932  0.565961  0.0000 0.000480 0.000561 0.001842 -0.070693  0.025088 -0.124502
AZCA 19MAR31 2019.2444 58573 2047 0 -110.9  -2522 -0.132891   3597447  0.819763   932  0.566506  0.0000 0.000473 0.000561 0.001853 -0.045330 -0.010947 -0.139774
AZCA 19APR01 2019.2471 58574 2047 1 -110.9  -2522 -0.133052   3597447  0.818415   932  0.564001  0.0000 0.000490 0.000569 0.001904  0.011372 -0.048943 -0.151671
AZCA 19APR02 2019.2498 58575 2047 2 -110.9  -2522 -0.134762   3597447  0.819585   932  0.572574  0.0000 0.000474 0.000549 0.001835 -0.015266 -0.017047 -0.166261
AZCA 19APR03 2019.2526 58576 2047 3 -110.9  -2522 -0.135466   3597447  0.820289   932  0.568424  0.0000 0.000473 0.000550 0.001834 -0.018593 -0.033908 -0.153229
AZCA 19APR04 2019.2553 58577 2047 4 -110.9  -2522 -0.132174   3597447  0.820394   932  0.568202  0.0000 0.000471 0.000551 0.001838 -0.019281 -0.008184 -0.161414
AZCA 19APR05 2019.2580 58578 2047 5 -110.9  -2522 -0.131558   3597447  0.819437   932  0.567651  0.0000 0.000468 0.000546 0.001807 -0.021542 -0.011088 -0.163066
AZCA 19APR06 2019.2608 58579 2047 6 -110.9  -2522 -0.131818   3597447  0.820549   932  0.571423  0.0000 0.000474 0.000554 0.001839 -0.027721  0.000956 -0.171932
AZCA 19APR07 2019.2635 58580 2048 0 -110.9  -2522 -0.133125   3597447  0.819479   932  0.568650  0.0000 0.000481 0.000564 0.001858 -0.015357 -0.016794 -0.182506
AZCA 19APR08 2019.2663 58581 2048 1 -110.9  -2522 -0.133310   3597447  0.819303   932  0.571532  0.0000 0.000472 0.000550 0.001846 -0.033744 -0.011298 -0.164102
AZCA 19APR09 2019.2690 58582 2048 2 -110.9  -2522 -0.135899   3597447  0.819783   932  0.577235  0.0000 0.000482 0.000558 0.001881  0.009625 -0.030797 -0.175851
AZCA 19APR10 2019.2717 58583 2048 3 -110.9  -2522 -0.136920   3597447  0.819956   932  0.575021  0.0000 0.000502 0.000572 0.001913 -0.044099  0.024615 -0.179640
AZCA 19APR11 2019.2745 58584 2048 4 -110.9  -2522 -0.134718   3597447  0.818292   932  0.561734  0.0000 0.000475 0.000552 0.001849 -0.024387  0.001669 -0.184263
AZCA 19APR12 2019.2772 58585 2048 5 -110.9  -2522 -0.132106   3597447  0.817736   932  0.564082  0.0000 0.000478 0.000564 0.001888 -0.037757 -0.001690 -0.168064
AZCA 19APR13 2019.2799 58586 2048 6 -110.9  -2522 -0.132928   3597447  0.818904   932  0.567748  0.0000 0.000470 0.000549 0.001812 -0.026320 -0.012597 -0.142094
AZCA 19APR14 2019.2827 58587 2049 0 -110.9  -2522 -0.132924   3597447  0.819375   932  0.568970  0.0000 0.000468 0.000547 0.001813 -0.023567 -0.014123 -0.166593
AZCA 19APR15 2019.2854 58588 2049 1 -110.9  -2522 -0.132478   3597447  0.818268   932  0.573350  0.0000 0.000474 0.000550 0.001834 -0.022394 -0.004081 -0.161457
AZCA 19APR16 2019.2882 58589 2049 2 -110.9  -2522 -0.132810   3597447  0.820461   932  0.567363  0.0000 0.000469 0.000546 0.001805 -0.036393  0.005884 -0.157664
AZCA 19APR17 2019.2909 58590 2049 3 -110.9  -2522 -0.132521   3597447  0.818706   932  0.560445  0.0000 0.000472 0.000548 0.001822 -0.023265 -0.022526 -0.158540
AZCA 19APR18 2019.2936 58591 2049 4 -110.9  -2522 -0.134148   3597447  0.818964   932  0.562764  0.0000 0.000470 0.000552 0.001836 -0.028079 -0.027079 -0.153228
AZCA 19APR19 2019.2964 58592 2049 5 -110.9  -2522 -0.132320   3597447  0.819440   932  0.572402  0.0000 0.000473 0.000564 0.001858 -0.015955 -0.039447 -0.165022
AZCA 19APR20 2019.2991 58593 2049 6 -110.9  -2522 -0.133710   3597447  0.819462   932  0.579212  0.0000 0.000468 0.000548 0.001814 -0.027683 -0.017358 -0.153481
AZCA 19APR21 2019.3018 58594 2050 0 -110.9  -2522 -0.133464   3597447  0.817168   932  0.569960  0.0000 0.000473 0.000549 0.001845 -0.035192 -0.000193 -0.152787
AZCA 19APR22 2019.3046 58595 2050 1 -110.9  -2522 -0.132684   3597447  0.818178   932  0.568552  0.0000 0.000471 0.000552 0.001849 -0.025560 -0.021174 -0.163805
AZCA 19APR23 2019.3073 58596 2050 2 -110.9  -2522 -0.133653   3597447  0.820594   932  0.576307  0.0000 0.000472 0.000548 0.001841 -0.026050 -0.030686 -0.157762
AZCA 19APR25 2019.3128 58598 2050 4 -110.9  -2522 -0.130196   3597447  0.821345   932  0.572574  0.0000 0.000483 0.000558 0.001878 -0.015273 -0.008925 -0.168198
AZCA 19APR26 2019.3155 58599 2050 5 -110.9  -2522 -0.131397   3597447  0.818311   932  0.574086  0.0000 0.000472 0.000548 0.001839 -0.029481 -0.012551 -0.151282
AZCA 19APR27 2019.3183 58600 2050 6 -110.9  -2522 -0.130468   3597447  0.820092   932  0.568758  0.0000 0.000468 0.000548 0.001814 -0.037532 -0.016400 -0.136636
AZCA 19APR28 2019.3210 58601 2051 0 -110.9  -2522 -0.133913   3597447  0.818659   932  0.578573  0.0000 0.000473 0.000547 0.001851 -0.012921 -0.044214 -0.157943
AZCA 19APR29 2019.3238 58602 2051 1 -110.9  -2522 -0.129159   3597447  0.820361   932  0.569164  0.0000 0.000476 0.000549 0.001851 -0.012008 -0.050510 -0.173835
AZCA 19APR30 2019.3265 58603 2051 2 -110.9  -2522 -0.131053   3597447  0.817562   932  0.570558  0.0000 0.000482 0.000554 0.001888 -0.018985 -0.047223 -0.155484
AZCA 19MAY01 2019.3292 58604 2051 3 -110.9  -2522 -0.130696   3597447  0.819018   932  0.563996  0.0000 0.000473 0.000547 0.001840 -0.033631 -0.003681 -0.151089
AZCA 19MAY02 2019.3320 58605 2051 4 -110.9  -2522 -0.132559   3597447  0.818802   932  0.568656  0.0000 0.000481 0.000555 0.001831 -0.049531 -0.011186 -0.112994
AZCA 19MAY03 2019.3347 58606 2051 5 -110.9  -2522 -0.130983   3597447  0.818034   932  0.568694  0.0000 0.000483 0.000552 0.001845 -0.036969 -0.009073 -0.127115
AZCA 19MAY04 2019.3374 58607 2051 6 -110.9  -2522 -0.133430   3597447  0.818550   932  0.576686  0.0000 0.000475 0.000549 0.001854 -0.020108 -0.017021 -0.173432
AZCA 19MAY05 2019.3402 58608 2052 0 -110.9  -2522 -0.132444   3597447  0.818540   932  0.571015  0.0000 0.000474 0.000548 0.001838 -0.016447 -0.012837 -0.154410
AZCA 19MAY06 2019.3429 58609 2052 1 -110.9  -2522 -0.133596   3597447  0.817899   932  0.575464  0.0000 0.000480 0.000555 0.001882 -0.031865  0.007412 -0.184286
AZCA 19MAY07 2019.3457 58610 2052 2 -110.9  -2522 -0.133398   3597447  0.816737   932  0.565832  0.0000 0.000488 0.000571 0.001916 -0.025264 -0.008418 -0.189799
AZCA 19MAY08 2019.3484 58611 2052 3 -110.9  -2522 -0.133055   3597447  0.818939   932  0.568196  0.0000 0.000473 0.000559 0.001838 -0.019589 -0.022521 -0.149671
AZCA 19MAY09 2019.3511 58612 2052 4 -110.9  -2522 -0.134237   3597447  0.818678   932  0.568780  0.0000 0.000477 0.000554 0.001851 -0.020177 -0.006551 -0.153320
AZCA 19MAY10 2019.3539 58613 2052 5 -110.9  -2522 -0.132343   3597447  0.816543   932  0.568336  0.0000 0.000469 0.000547 0.001831 -0.010253 -0.036990 -0.161415
AZCA 19MAY11 2019.3566 58614 2052 6 -110.9  -2522 -0.133377   3597447  0.817058   932  0.571506  0.0000 0.000474 0.000554 0.001864 -0.018501  0.005184 -0.175432
AZCA 19MAY12 2019.3593 58615 2053 0 -110.9  -2522 -0.133650   3597447  0.820190   932  0.569850  0.0000 0.000471 0.000550 0.001812 -0.029293 -0.003552 -0.154187
AZCA 19MAY13 2019.3621 58616 2053 1 -110.9  -2522 -0.129996   3597447  0.815435   932  0.566107  0.0000 0.000470 0.000549 0.001826 -0.026834 -0.001900 -0.147267
AZCA 19MAY14 2019.3648 58617 2053 2 -110.9  -2522 -0.133056   3597447  0.817839   932  0.575537  0.0000 0.000468 0.000550 0.001823 -0.026809 -0.002894 -0.148965
AZCA 19MAY15 2019.3676 58618 2053 3 -110.9  -2522 -0.131940   3597447  0.818703   932  0.571402  0.0000 0.000470 0.000548 0.001820 -0.021931 -0.011386 -0.148666
AZCA 19MAY16 2019.3703 58619 2053 4 -110.9  -2522 -0.131687   3597447  0.817892   932  0.572524  0.0000 0.000469 0.000550 0.001816 -0.019846 -0.011327 -0.162244
AZCA 19MAY17 2019.3730 58620 2053 5 -110.9  -2522 -0.130434   3597447  0.817587   932  0.582181  0.0000 0.000471 0.000544 0.001809 -0.016915 -0.013164 -0.148875
