site YYMMMDD yyyy.yyyy __MJD week d reflon _e0(m) __east(m) ____n0(m) _north(m) u0(m) ____up(m) _ant(m) sig_e(m) sig_n(m) sig_u(m) __corr_en __corr_eu __corr_nu
FOU2 18MAR15 2018.2012 58192 1992 4    1.6  -1384 -0.736949   5523273  0.470362   238  0.135329  0.0720 0.000490 0.000664 0.001910  0.025927  0.025495  0.087364
FOU2 18MAR16 2018.2040 58193 1992 5    1.6  -1384 -0.735867   5523273  0.471358   238  0.141384  0.0720 0.000474 0.000634 0.001827  0.018104  0.041937  0.037002
FOU2 18MAR17 2018.2067 58194 1992 6    1.6  -1384 -0.735073   5523273  0.472203   238  0.134615  0.0720 0.000471 0.000636 0.001822  0.017138  0.008274  0.039399
FOU2 18MAR18 2018.2094 58195 1993 0    1.6  -1384 -0.737573   5523273  0.471161   238  0.135619  0.0720 0.000469 0.000629 0.001778  0.005466  0.018490  0.011168
FOU2 18MAR19 2018.2122 58196 1993 1    1.6  -1384 -0.736350   5523273  0.472242   238  0.136881  0.0720 0.000468 0.000629 0.001809  0.011467  0.031014  0.041566
FOU2 18MAR20 2018.2149 58197 1993 2    1.6  -1384 -0.734336   5523273  0.471575   238  0.131562  0.0720 0.000467 0.000628 0.001797 -0.003741  0.032548  0.055563
FOU2 18MAR21 2018.2177 58198 1993 3    1.6  -1384 -0.736142   5523273  0.471651   238  0.136553  0.0720 0.000464 0.000627 0.001788  0.005243  0.028486  0.038632
FOU2 18MAR22 2018.2204 58199 1993 4    1.6  -1384 -0.737487   5523273  0.472950   238  0.139913  0.0720 0.000483 0.000643 0.001857  0.012459  0.025179  0.008629
FOU2 18MAR23 2018.2231 58200 1993 5    1.6  -1384 -0.739318   5523273  0.471812   238  0.151146  0.0720 0.000702 0.000848 0.002568  0.104916 -0.009200 -0.021533
FOU2 18MAR24 2018.2259 58201 1993 6    1.6  -1384 -0.738918   5523273  0.473060   238  0.148403  0.0720 0.000470 0.000635 0.001803  0.017146  0.018553  0.045846
FOU2 18MAR25 2018.2286 58202 1994 0    1.6  -1384 -0.739171   5523273  0.470401   238  0.144450  0.0720 0.000468 0.000631 0.001813  0.002482  0.027595  0.066518
FOU2 18MAR26 2018.2313 58203 1994 1    1.6  -1384 -0.736210   5523273  0.473172   238  0.136846  0.0720 0.000471 0.000635 0.001826  0.010338  0.028554  0.042957
FOU2 18MAR27 2018.2341 58204 1994 2    1.6  -1384 -0.738036   5523273  0.473247   238  0.139152  0.0720 0.000610 0.000786 0.002280  0.013984 -0.040388  0.021455
FOU2 18MAR28 2018.2368 58205 1994 3    1.6  -1384 -0.738185   5523273  0.474299   238  0.141473  0.0720 0.000557 0.000721 0.002095  0.059090 -0.005596 -0.006759
FOU2 18MAR29 2018.2396 58206 1994 4    1.6  -1384 -0.738301   5523273  0.472676   238  0.135708  0.0720 0.000584 0.000769 0.002240  0.061827  0.018219  0.004228
FOU2 18MAR30 2018.2423 58207 1994 5    1.6  -1384 -0.735910   5523273  0.471464   238  0.138015  0.0720 0.000542 0.000721 0.002117  0.017812  0.009496  0.034100
FOU2 18MAR31 2018.2450 58208 1994 6    1.6  -1384 -0.737465   5523273  0.473522   238  0.142305  0.0720 0.000480 0.000637 0.001850  0.021746  0.040675  0.038499
FOU2 18APR01 2018.2478 58209 1995 0    1.6  -1384 -0.737114   5523273  0.472850   238  0.135542  0.0720 0.000469 0.000627 0.001814  0.024363  0.027513  0.042555
FOU2 18APR02 2018.2505 58210 1995 1    1.6  -1384 -0.736678   5523273  0.470733   238  0.142486  0.0720 0.000668 0.000875 0.002528  0.058242  0.026486  0.006734
FOU2 18APR03 2018.2533 58211 1995 2    1.6  -1384 -0.737525   5523273  0.474528   238  0.143397  0.0720 0.000634 0.000819 0.002389  0.014980  0.051379 -0.030761
FOU2 18APR04 2018.2560 58212 1995 3    1.6  -1384 -0.739729   5523273  0.469358   238  0.136171  0.0720 0.000589 0.000762 0.002230  0.024826  0.026168  0.035134
FOU2 18APR05 2018.2587 58213 1995 4    1.6  -1384 -0.734928   5523273  0.473652   238  0.139245  0.0720 0.000536 0.000740 0.002137 -0.039474  0.062742  0.011266
FOU2 18APR06 2018.2615 58214 1995 5    1.6  -1384 -0.735050   5523273  0.472272   238  0.143911  0.0720 0.000503 0.000668 0.001926  0.009357  0.008610  0.030360
FOU2 18APR07 2018.2642 58215 1995 6    1.6  -1384 -0.738026   5523273  0.471305   238  0.143150  0.0720 0.000593 0.000745 0.002210  0.078249 -0.036217 -0.030430
FOU2 18APR08 2018.2669 58216 1996 0    1.6  -1384 -0.737306   5523273  0.473683   238  0.142930  0.0720 0.000477 0.000629 0.001826  0.016414  0.003421 -0.004589
FOU2 18APR09 2018.2697 58217 1996 1    1.6  -1384 -0.736577   5523273  0.473497   238  0.144528  0.0720 0.000468 0.000623 0.001783  0.005700  0.021993  0.014320
FOU2 18APR10 2018.2724 58218 1996 2    1.6  -1384 -0.738232   5523273  0.473355   238  0.139812  0.0720 0.000469 0.000628 0.001802  0.019321  0.036589  0.044675
FOU2 18APR11 2018.2752 58219 1996 3    1.6  -1384 -0.735798   5523273  0.475670   238  0.143177  0.0720 0.000472 0.000626 0.001807  0.014913  0.025406  0.035916
FOU2 18APR12 2018.2779 58220 1996 4    1.6  -1384 -0.738986   5523273  0.472164   238  0.142585  0.0720 0.000478 0.000634 0.001850  0.036612 -0.012362  0.022672
FOU2 18APR13 2018.2806 58221 1996 5    1.6  -1384 -0.737900   5523273  0.473340   238  0.145933  0.0720 0.000485 0.000643 0.001843  0.037896  0.002765 -0.010714
FOU2 18APR14 2018.2834 58222 1996 6    1.6  -1384 -0.736117   5523273  0.471554   238  0.140870  0.0720 0.000467 0.000624 0.001792  0.011480  0.016016 -0.029191
FOU2 18APR15 2018.2861 58223 1997 0    1.6  -1384 -0.736592   5523273  0.473155   238  0.135810  0.0720 0.000554 0.000720 0.002116  0.007976  0.002682 -0.042934
FOU2 18APR16 2018.2888 58224 1997 1    1.6  -1384 -0.737866   5523273  0.473904   238  0.137092  0.0720 0.000465 0.000624 0.001787  0.001429  0.020637  0.004743
FOU2 18APR17 2018.2916 58225 1997 2    1.6  -1384 -0.733500   5523273  0.471409   238  0.147117  0.0720 0.000563 0.000715 0.002110  0.016833  0.004034 -0.020434
FOU2 18APR18 2018.2943 58226 1997 3    1.6  -1384 -0.735924   5523273  0.472910   238  0.143974  0.0720 0.000493 0.000647 0.001862  0.027404 -0.022649 -0.023370
FOU2 18APR19 2018.2971 58227 1997 4    1.6  -1384 -0.738082   5523273  0.473362   238  0.144106  0.0720 0.000477 0.000634 0.001830  0.014186 -0.014520 -0.007106
FOU2 18APR20 2018.2998 58228 1997 5    1.6  -1384 -0.736701   5523273  0.474145   238  0.142959  0.0720 0.000466 0.000631 0.001792  0.017184 -0.020862  0.023189
FOU2 18APR21 2018.3025 58229 1997 6    1.6  -1384 -0.737689   5523273  0.472151   238  0.144142  0.0720 0.000469 0.000625 0.001782  0.010241 -0.010946  0.000554
FOU2 18APR22 2018.3053 58230 1998 0    1.6  -1384 -0.736578   5523273  0.473978   238  0.146022  0.0720 0.000541 0.000717 0.002023  0.046872 -0.046585 -0.032984
FOU2 18APR23 2018.3080 58231 1998 1    1.6  -1384 -0.735397   5523273  0.474607   238  0.144197  0.0720 0.000487 0.000643 0.001843  0.042011 -0.029132 -0.013685
FOU2 18APR24 2018.3107 58232 1998 2    1.6  -1384 -0.734507   5523273  0.474370   238  0.145505  0.0720 0.000475 0.000631 0.001811  0.030712 -0.034211  0.003068
FOU2 18APR25 2018.3135 58233 1998 3    1.6  -1384 -0.734189   5523273  0.471623   238  0.140660  0.0720 0.000482 0.000647 0.001827  0.034242 -0.037385 -0.001734
FOU2 18APR26 2018.3162 58234 1998 4    1.6  -1384 -0.735193   5523273  0.474459   238  0.132879  0.0720 0.000478 0.000629 0.001790  0.022069 -0.022470 -0.021706
FOU2 18APR27 2018.3190 58235 1998 5    1.6  -1384 -0.734794   5523273  0.474289   238  0.141083  0.0720 0.000645 0.000826 0.002445  0.090945 -0.097072 -0.026689
FOU2 18APR28 2018.3217 58236 1998 6    1.6  -1384 -0.731892   5523273  0.472931   238  0.133611  0.0720 0.000624 0.000832 0.002343  0.046528 -0.005459 -0.018652
FOU2 18APR29 2018.3244 58237 1999 0    1.6  -1384 -0.734817   5523273  0.475276   238  0.141325  0.0720 0.000480 0.000644 0.001839  0.016880 -0.016709 -0.005778
FOU2 18APR30 2018.3272 58238 1999 1    1.6  -1384 -0.735699   5523273  0.474173   238  0.133181  0.0720 0.000557 0.000711 0.002123  0.030858 -0.010206 -0.028806
FOU2 18MAY01 2018.3299 58239 1999 2    1.6  -1384 -0.735341   5523273  0.473067   238  0.137240  0.0720 0.000457 0.000613 0.001719  0.010549 -0.014058 -0.004299
FOU2 18MAY02 2018.3326 58240 1999 3    1.6  -1384 -0.737930   5523273  0.474647   238  0.135185  0.0720 0.000573 0.000741 0.002136  0.053603 -0.040551 -0.005706
FOU2 18MAY03 2018.3354 58241 1999 4    1.6  -1384 -0.733987   5523273  0.474429   238  0.139627  0.0720 0.000470 0.000638 0.001800  0.043795 -0.013251 -0.000828
FOU2 18MAY04 2018.3381 58242 1999 5    1.6  -1384 -0.733133   5523273  0.476095   238  0.143851  0.0720 0.000480 0.000644 0.001832  0.050529 -0.037548 -0.004173
FOU2 18MAY05 2018.3409 58243 1999 6    1.6  -1384 -0.733901   5523273  0.474633   238  0.147637  0.0720 0.000491 0.000661 0.001886  0.034287 -0.047233 -0.012563
FOU2 18MAY06 2018.3436 58244 2000 0    1.6  -1384 -0.733678   5523273  0.477252   238  0.144565  0.0720 0.000459 0.000619 0.001733  0.026392 -0.024389 -0.012810
FOU2 18MAY07 2018.3463 58245 2000 1    1.6  -1384 -0.734059   5523273  0.473972   238  0.151373  0.0720 0.000457 0.000619 0.001744  0.012763 -0.024887 -0.038980
FOU2 18MAY09 2018.3518 58247 2000 3    1.6  -1384 -0.735250   5523273  0.475798   238  0.136448  0.0720 0.000554 0.000729 0.002065  0.040233 -0.005967  0.022519
FOU2 18MAY10 2018.3546 58248 2000 4    1.6  -1384 -0.733782   5523273  0.475121   238  0.131774  0.0720 0.000487 0.000661 0.001846  0.031607 -0.043621 -0.024234
FOU2 18MAY11 2018.3573 58249 2000 5    1.6  -1384 -0.733654   5523273  0.473575   238  0.136644  0.0720 0.000513 0.000696 0.001964  0.025992 -0.057716 -0.021659
FOU2 18MAY12 2018.3600 58250 2000 6    1.6  -1384 -0.734823   5523273  0.474391   238  0.136785  0.0720 0.000457 0.000617 0.001727  0.019872 -0.028560 -0.004548
FOU2 18MAY13 2018.3628 58251 2001 0    1.6  -1384 -0.736747   5523273  0.475430   238  0.138349  0.0720 0.000460 0.000639 0.001764  0.009329  0.003170 -0.021889
FOU2 18MAY14 2018.3655 58252 2001 1    1.6  -1384 -0.735133   5523273  0.478565   238  0.138500  0.0720 0.000489 0.000660 0.001865  0.020092 -0.044750 -0.022461
FOU2 18MAY15 2018.3682 58253 2001 2    1.6  -1384 -0.734679   5523273  0.475064   238  0.138003  0.0720 0.000457 0.000616 0.001734  0.036166 -0.017542 -0.017518
FOU2 18MAY16 2018.3710 58254 2001 3    1.6  -1384 -0.734839   5523273  0.476142   238  0.142337  0.0720 0.000459 0.000618 0.001738  0.024565 -0.016135 -0.011829
FOU2 18MAY17 2018.3737 58255 2001 4    1.6  -1384 -0.732977   5523273  0.475612   238  0.137891  0.0720 0.000461 0.000622 0.001744  0.031837 -0.017225 -0.018436
FOU2 18MAY18 2018.3765 58256 2001 5    1.6  -1384 -0.733170   5523273  0.474877   238  0.137673  0.0720 0.000472 0.000626 0.001755  0.029649 -0.018379 -0.023243
FOU2 18MAY19 2018.3792 58257 2001 6    1.6  -1384 -0.734393   5523273  0.476529   238  0.132865  0.0720 0.000454 0.000615 0.001711  0.014476 -0.019657 -0.016848
FOU2 18MAY20 2018.3819 58258 2002 0    1.6  -1384 -0.732480   5523273  0.474945   238  0.137703  0.0720 0.000460 0.000621 0.001741  0.043754 -0.003027 -0.002298
FOU2 18MAY21 2018.3847 58259 2002 1    1.6  -1384 -0.734350   5523273  0.472961   238  0.138789  0.0720 0.000460 0.000620 0.001738  0.027590 -0.014621 -0.028641
FOU2 18MAY22 2018.3874 58260 2002 2    1.6  -1384 -0.733657   5523273  0.475089   238  0.134953  0.0720 0.000463 0.000621 0.001763  0.047229 -0.010204 -0.008002
FOU2 18MAY23 2018.3901 58261 2002 3    1.6  -1384 -0.735277   5523273  0.473099   238  0.138407  0.0720 0.000460 0.000626 0.001749  0.032228 -0.011010 -0.028305
FOU2 18MAY24 2018.3929 58262 2002 4    1.6  -1384 -0.733900   5523273  0.475845   238  0.143167  0.0720 0.000459 0.000615 0.001727  0.029182 -0.010145 -0.006803
FOU2 18MAY25 2018.3956 58263 2002 5    1.6  -1384 -0.735076   5523273  0.476095   238  0.143216  0.0720 0.000460 0.000619 0.001735  0.016324 -0.015648 -0.012727
FOU2 18MAY26 2018.3984 58264 2002 6    1.6  -1384 -0.734569   5523273  0.474520   238  0.138895  0.0720 0.000525 0.000709 0.002025  0.032669 -0.002118 -0.016465
FOU2 18MAY27 2018.4011 58265 2003 0    1.6  -1384 -0.736611   5523273  0.477293   238  0.138419  0.0720 0.000485 0.000637 0.001824  0.039431  0.007971  0.001300
FOU2 18MAY28 2018.4038 58266 2003 1    1.6  -1384 -0.735109   5523273  0.478130   238  0.139172  0.0720 0.000474 0.000660 0.001832  0.003779 -0.005394 -0.043686
FOU2 18MAY29 2018.4066 58267 2003 2    1.6  -1384 -0.734924   5523273  0.477440   238  0.139886  0.0720 0.000458 0.000614 0.001720  0.029151 -0.025131 -0.011341
FOU2 18MAY30 2018.4093 58268 2003 3    1.6  -1384 -0.734874   5523273  0.479147   238  0.132851  0.0720 0.000489 0.000658 0.001863  0.008576 -0.006603  0.017083
FOU2 18MAY31 2018.4120 58269 2003 4    1.6  -1384 -0.734295   5523273  0.478766   238  0.133448  0.0720 0.000489 0.000660 0.001865  0.037411 -0.009899 -0.015675
FOU2 18JUN01 2018.4148 58270 2003 5    1.6  -1384 -0.734510   5523273  0.476499   238  0.139910  0.0720 0.000459 0.000613 0.001735  0.033038 -0.020653 -0.010704
FOU2 18JUN02 2018.4175 58271 2003 6    1.6  -1384 -0.734564   5523273  0.477812   238  0.135460  0.0720 0.000461 0.000620 0.001748  0.030021 -0.028214 -0.014788
FOU2 18JUN03 2018.4203 58272 2004 0    1.6  -1384 -0.736154   5523273  0.479538   238  0.132251  0.0720 0.000461 0.000624 0.001753  0.012248 -0.023062 -0.024480
FOU2 18JUN04 2018.4230 58273 2004 1    1.6  -1384 -0.735427   5523273  0.477871   238  0.136771  0.0720 0.000463 0.000618 0.001737  0.018600 -0.007533 -0.026339
FOU2 18JUN05 2018.4257 58274 2004 2    1.6  -1384 -0.736427   5523273  0.480920   238  0.139835  0.0720 0.000465 0.000624 0.001759  0.034719 -0.018208 -0.018664
FOU2 18JUN06 2018.4285 58275 2004 3    1.6  -1384 -0.735628   5523273  0.479868   238  0.136446  0.0720 0.000466 0.000624 0.001750  0.027289 -0.021008 -0.004733
FOU2 18JUN07 2018.4312 58276 2004 4    1.6  -1384 -0.734511   5523273  0.480409   238  0.133487  0.0720 0.000466 0.000621 0.001762  0.032835 -0.028515 -0.005726
FOU2 18JUN08 2018.4339 58277 2004 5    1.6  -1384 -0.735648   5523273  0.479080   238  0.137520  0.0720 0.000462 0.000614 0.001748  0.027025 -0.036405 -0.027489
FOU2 18JUN09 2018.4367 58278 2004 6    1.6  -1384 -0.736191   5523273  0.480710   238  0.139203  0.0720 0.000460 0.000616 0.001735  0.030073 -0.027825 -0.018727
FOU2 18JUN10 2018.4394 58279 2005 0    1.6  -1384 -0.735727   5523273  0.477413   238  0.135686  0.0720 0.000462 0.000620 0.001743  0.027088 -0.009468 -0.001821
FOU2 18JUN11 2018.4422 58280 2005 1    1.6  -1384 -0.737033   5523273  0.480065   238  0.129377  0.0720 0.000463 0.000619 0.001755  0.008377 -0.008319 -0.016618
FOU2 18JUN12 2018.4449 58281 2005 2    1.6  -1384 -0.736552   5523273  0.479921   238  0.129331  0.0720 0.000462 0.000626 0.001752  0.011749 -0.022746 -0.009375
FOU2 18JUN13 2018.4476 58282 2005 3    1.6  -1384 -0.735646   5523273  0.477650   238  0.133642  0.0720 0.000465 0.000615 0.001745  0.027351 -0.005292 -0.003010
FOU2 18JUN14 2018.4504 58283 2005 4    1.6  -1384 -0.736019   5523273  0.479194   238  0.138208  0.0720 0.000495 0.000675 0.001919  0.014530 -0.039302 -0.003851
FOU2 18JUN15 2018.4531 58284 2005 5    1.6  -1384 -0.734920   5523273  0.479946   238  0.131617  0.0720 0.000460 0.000616 0.001744  0.022775 -0.003840 -0.007625
FOU2 18JUN16 2018.4559 58285 2005 6    1.6  -1384 -0.735949   5523273  0.480153   238  0.133774  0.0720 0.000465 0.000619 0.001760  0.040423 -0.002945  0.004363
FOU2 18JUN17 2018.4586 58286 2006 0    1.6  -1384 -0.735648   5523273  0.479033   238  0.134411  0.0720 0.000502 0.000670 0.001900  0.035786 -0.013419 -0.012917
FOU2 18JUN18 2018.4613 58287 2006 1    1.6  -1384 -0.734115   5523273  0.479320   238  0.136846  0.0720 0.000510 0.000681 0.001951  0.022693 -0.012930  0.016299
FOU2 18JUN19 2018.4641 58288 2006 2    1.6  -1384 -0.733269   5523273  0.479563   238  0.132390  0.0720 0.000464 0.000622 0.001763  0.034391 -0.013612  0.003122
FOU2 18JUN20 2018.4668 58289 2006 3    1.6  -1384 -0.734316   5523273  0.478663   238  0.138056  0.0720 0.000472 0.000631 0.001769  0.019339  0.003738 -0.023213
FOU2 18JUN21 2018.4695 58290 2006 4    1.6  -1384 -0.735214   5523273  0.479278   238  0.133335  0.0720 0.000467 0.000630 0.001775  0.004990 -0.023513 -0.014306
FOU2 18JUN22 2018.4723 58291 2006 5    1.6  -1384 -0.734173   5523273  0.480380   238  0.132339  0.0720 0.000475 0.000628 0.001786  0.018270 -0.010460 -0.000330
FOU2 18JUN23 2018.4750 58292 2006 6    1.6  -1384 -0.735519   5523273  0.477972   238  0.135414  0.0720 0.000459 0.000618 0.001738  0.033854 -0.021423 -0.000887
FOU2 18JUN24 2018.4778 58293 2007 0    1.6  -1384 -0.735754   5523273  0.479547   238  0.135499  0.0720 0.000461 0.000620 0.001743  0.040248 -0.025471 -0.008175
FOU2 18JUN25 2018.4805 58294 2007 1    1.6  -1384 -0.735430   5523273  0.479346   238  0.136418  0.0720 0.000462 0.000624 0.001754  0.020775 -0.005466 -0.004988
FOU2 18JUN26 2018.4832 58295 2007 2    1.6  -1384 -0.733801   5523273  0.480146   238  0.141773  0.0720 0.000462 0.000620 0.001757  0.013119 -0.007918 -0.038598
FOU2 18JUN27 2018.4860 58296 2007 3    1.6  -1384 -0.734704   5523273  0.480670   238  0.131626  0.0720 0.000461 0.000612 0.001732  0.027805  0.000664  0.002755
FOU2 18JUN28 2018.4887 58297 2007 4    1.6  -1384 -0.732604   5523273  0.478293   238  0.134950  0.0720 0.000467 0.000618 0.001760  0.026978 -0.012959 -0.017646
FOU2 18JUN29 2018.4914 58298 2007 5    1.6  -1384 -0.736228   5523273  0.479888   238  0.135540  0.0720 0.000464 0.000620 0.001758  0.039771 -0.016877 -0.014422
FOU2 18JUN30 2018.4942 58299 2007 6    1.6  -1384 -0.736018   5523273  0.477497   238  0.135249  0.0720 0.000470 0.000626 0.001792  0.030035 -0.021540  0.005806
FOU2 18JUL01 2018.4969 58300 2008 0    1.6  -1384 -0.733300   5523273  0.477139   238  0.141419  0.0720 0.000479 0.000634 0.001839  0.038735 -0.000208  0.024598
FOU2 18JUL02 2018.4997 58301 2008 1    1.6  -1384 -0.735315   5523273  0.478456   238  0.136332  0.0720 0.000482 0.000634 0.001823  0.045047  0.017603  0.004929
FOU2 18JUL03 2018.5024 58302 2008 2    1.6  -1384 -0.734998   5523273  0.477859   238  0.138663  0.0720 0.000464 0.000618 0.001755  0.028745 -0.016728  0.003700
FOU2 18JUL04 2018.5051 58303 2008 3    1.6  -1384 -0.735828   5523273  0.479898   238  0.146503  0.0720 0.000470 0.000636 0.001805  0.025501 -0.003304 -0.037245
FOU2 18JUL05 2018.5079 58304 2008 4    1.6  -1384 -0.734594   5523273  0.480553   238  0.133773  0.0720 0.000464 0.000624 0.001765  0.028697  0.001779 -0.019326
FOU2 18JUL06 2018.5106 58305 2008 5    1.6  -1384 -0.734962   5523273  0.477888   238  0.135878  0.0720 0.000467 0.000624 0.001780  0.035088  0.010766 -0.014394
FOU2 18JUL07 2018.5133 58306 2008 6    1.6  -1384 -0.735576   5523273  0.479959   238  0.140062  0.0720 0.000466 0.000613 0.001748  0.024175 -0.000587 -0.014443
FOU2 18JUL08 2018.5161 58307 2009 0    1.6  -1384 -0.733676   5523273  0.479094   238  0.138695  0.0720 0.000479 0.000652 0.001830  0.015793  0.001659  0.005267
FOU2 18JUL09 2018.5188 58308 2009 1    1.6  -1384 -0.733820   5523273  0.477985   238  0.137454  0.0720 0.000483 0.000638 0.001828  0.036754  0.017139 -0.024554
FOU2 18JUL10 2018.5216 58309 2009 2    1.6  -1384 -0.734521   5523273  0.480048   238  0.136039  0.0720 0.000463 0.000617 0.001746  0.036559  0.005461 -0.018745
FOU2 18JUL11 2018.5243 58310 2009 3    1.6  -1384 -0.733979   5523273  0.479067   238  0.134945  0.0720 0.000463 0.000619 0.001743  0.049821 -0.004232  0.003121
FOU2 18JUL12 2018.5270 58311 2009 4    1.6  -1384 -0.734151   5523273  0.478089   238  0.132404  0.0720 0.000463 0.000617 0.001745  0.036699 -0.013318 -0.017811
FOU2 18JUL13 2018.5298 58312 2009 5    1.6  -1384 -0.734289   5523273  0.478392   238  0.135348  0.0720 0.000461 0.000614 0.001740  0.040176 -0.011487 -0.002052
FOU2 18JUL14 2018.5325 58313 2009 6    1.6  -1384 -0.734226   5523273  0.477537   238  0.133237  0.0720 0.000463 0.000618 0.001746  0.026163  0.004971 -0.014115
FOU2 18JUL15 2018.5352 58314 2010 0    1.6  -1384 -0.735008   5523273  0.479560   238  0.135697  0.0720 0.000491 0.000651 0.001847  0.032693 -0.009017 -0.010614
FOU2 18JUL16 2018.5380 58315 2010 1    1.6  -1384 -0.735552   5523273  0.477409   238  0.135127  0.0720 0.000469 0.000632 0.001771  0.025348  0.021066 -0.013255
FOU2 18JUL17 2018.5407 58316 2010 2    1.6  -1384 -0.735214   5523273  0.478647   238  0.130572  0.0720 0.000476 0.000646 0.001813  0.024586 -0.009117 -0.002200
FOU2 18JUL18 2018.5435 58317 2010 3    1.6  -1384 -0.733552   5523273  0.478291   238  0.135270  0.0720 0.000470 0.000631 0.001796  0.034211 -0.011242 -0.013488
FOU2 18JUL19 2018.5462 58318 2010 4    1.6  -1384 -0.734305   5523273  0.479653   238  0.133899  0.0720 0.000461 0.000621 0.001755  0.024218  0.000250 -0.028358
FOU2 18JUL20 2018.5489 58319 2010 5    1.6  -1384 -0.734623   5523273  0.478060   238  0.133275  0.0720 0.000464 0.000623 0.001759  0.015018  0.002635 -0.036633
FOU2 18JUL21 2018.5517 58320 2010 6    1.6  -1384 -0.733608   5523273  0.480194   238  0.136513  0.0720 0.000465 0.000620 0.001770  0.018261  0.007237 -0.031428
FOU2 18JUL22 2018.5544 58321 2011 0    1.6  -1384 -0.733872   5523273  0.476555   238  0.136344  0.0720 0.000466 0.000621 0.001771  0.043471  0.002621 -0.010938
FOU2 18JUL23 2018.5572 58322 2011 1    1.6  -1384 -0.733377   5523273  0.477769   238  0.142854  0.0720 0.000472 0.000624 0.001784  0.026721  0.006492 -0.003412
FOU2 18JUL24 2018.5599 58323 2011 2    1.6  -1384 -0.734064   5523273  0.480956   238  0.137496  0.0720 0.000470 0.000638 0.001794  0.042514  0.004619  0.012055
FOU2 18JUL25 2018.5626 58324 2011 3    1.6  -1384 -0.734170   5523273  0.479621   238  0.143792  0.0720 0.000467 0.000627 0.001774  0.013794  0.014242 -0.047269
FOU2 18JUL26 2018.5654 58325 2011 4    1.6  -1384 -0.733963   5523273  0.481682   238  0.145446  0.0720 0.000491 0.000666 0.001904  0.019059  0.052554 -0.012117
FOU2 18JUL27 2018.5681 58326 2011 5    1.6  -1384 -0.734859   5523273  0.482109   238  0.142844  0.0720 0.000505 0.000670 0.001916  0.043772  0.016894 -0.013662
FOU2 18JUL28 2018.5708 58327 2011 6    1.6  -1384 -0.735217   5523273  0.478400   238  0.129978  0.0720 0.000591 0.000792 0.002319  0.049025  0.037729 -0.026780
FOU2 18JUL29 2018.5736 58328 2012 0    1.6  -1384 -0.732399   5523273  0.478294   238  0.148962  0.0720 0.000487 0.000657 0.001864  0.014915  0.013532  0.003167
FOU2 18JUL30 2018.5763 58329 2012 1    1.6  -1384 -0.735320   5523273  0.479399   238  0.139691  0.0720 0.000623 0.000838 0.002464  0.008787  0.026938 -0.039829
FOU2 18JUL31 2018.5791 58330 2012 2    1.6  -1384 -0.732958   5523273  0.478697   238  0.128734  0.0720 0.000528 0.000707 0.002043  0.051801  0.010483 -0.006733
FOU2 18AUG01 2018.5818 58331 2012 3    1.6  -1384 -0.733550   5523273  0.479286   238  0.134404  0.0720 0.000496 0.000672 0.001946  0.030020  0.015007 -0.022039
FOU2 18AUG02 2018.5845 58332 2012 4    1.6  -1384 -0.733613   5523273  0.479600   238  0.138395  0.0720 0.000474 0.000629 0.001806  0.031255  0.011141 -0.008574
FOU2 18AUG03 2018.5873 58333 2012 5    1.6  -1384 -0.732094   5523273  0.477993   238  0.137035  0.0720 0.000521 0.000704 0.002042  0.018333  0.000269 -0.078039
FOU2 18AUG04 2018.5900 58334 2012 6    1.6  -1384 -0.733912   5523273  0.478424   238  0.143354  0.0720 0.000517 0.000691 0.001967  0.004975  0.023793 -0.015206
FOU2 18AUG05 2018.5927 58335 2013 0    1.6  -1384 -0.733255   5523273  0.479242   238  0.132463  0.0720 0.000476 0.000628 0.001796  0.030802  0.010228 -0.037575
FOU2 18AUG06 2018.5955 58336 2013 1    1.6  -1384 -0.732684   5523273  0.480364   238  0.136865  0.0720 0.000504 0.000675 0.001928  0.034234 -0.026077 -0.012782
FOU2 18AUG07 2018.5982 58337 2013 2    1.6  -1384 -0.733752   5523273  0.480678   238  0.137467  0.0720 0.000512 0.000673 0.001923  0.018258  0.031893 -0.009221
FOU2 18AUG08 2018.6010 58338 2013 3    1.6  -1384 -0.732943   5523273  0.479253   238  0.134662  0.0720 0.000534 0.000696 0.002045  0.013982  0.051139 -0.008488
FOU2 18AUG09 2018.6037 58339 2013 4    1.6  -1384 -0.734328   5523273  0.478914   238  0.132167  0.0720 0.000485 0.000652 0.001868  0.017653  0.019843 -0.028691
FOU2 18AUG10 2018.6064 58340 2013 5    1.6  -1384 -0.732908   5523273  0.476791   238  0.111836  0.0720 0.000750 0.001071 0.003023 -0.046309  0.017247  0.036576
FOU2 18AUG11 2018.6092 58341 2013 6    1.6  -1384 -0.732525   5523273  0.479381   238  0.136328  0.0720 0.000471 0.000626 0.001784  0.024858  0.021050 -0.033834
FOU2 18AUG12 2018.6119 58342 2014 0    1.6  -1384 -0.732055   5523273  0.476549   238  0.143075  0.0720 0.000767 0.001055 0.003046  0.076210  0.037133 -0.061761
FOU2 18AUG13 2018.6146 58343 2014 1    1.6  -1384 -0.732978   5523273  0.477435   238  0.140824  0.0720 0.000548 0.000721 0.002111  0.056548  0.031356 -0.009010
FOU2 18AUG14 2018.6174 58344 2014 2    1.6  -1384 -0.734216   5523273  0.478518   238  0.135243  0.0720 0.000481 0.000630 0.001806  0.019883  0.016853 -0.013500
FOU2 18AUG15 2018.6201 58345 2014 3    1.6  -1384 -0.732055   5523273  0.479358   238  0.139822  0.0720 0.000471 0.000627 0.001777  0.009420  0.023087 -0.017249
FOU2 18AUG16 2018.6229 58346 2014 4    1.6  -1384 -0.733566   5523273  0.480505   238  0.143395  0.0720 0.000549 0.000739 0.002140  0.022824  0.011431  0.032556
FOU2 18AUG17 2018.6256 58347 2014 5    1.6  -1384 -0.734766   5523273  0.479230   238  0.131181  0.0720 0.000476 0.000637 0.001805  0.026948  0.012856 -0.010552
FOU2 18AUG18 2018.6283 58348 2014 6    1.6  -1384 -0.732478   5523273  0.479079   238  0.137990  0.0720 0.000475 0.000639 0.001807  0.010019  0.010014 -0.029149
FOU2 18AUG19 2018.6311 58349 2015 0    1.6  -1384 -0.733037   5523273  0.480719   238  0.144110  0.0720 0.000596 0.000806 0.002360  0.004808  0.043302  0.090912
FOU2 18AUG20 2018.6338 58350 2015 1    1.6  -1384 -0.732469   5523273  0.478453   238  0.139137  0.0720 0.000472 0.000645 0.001816  0.036888  0.011299 -0.016077
FOU2 18AUG21 2018.6366 58351 2015 2    1.6  -1384 -0.732028   5523273  0.478212   238  0.143273  0.0720 0.000466 0.000626 0.001784  0.018113 -0.007398 -0.016548
FOU2 18AUG22 2018.6393 58352 2015 3    1.6  -1384 -0.731680   5523273  0.479486   238  0.135145  0.0720 0.000500 0.000663 0.001900  0.038184  0.035402 -0.009474
FOU2 18AUG23 2018.6420 58353 2015 4    1.6  -1384 -0.732884   5523273  0.479378   238  0.144783  0.0720 0.000529 0.000724 0.002016 -0.005291  0.026559 -0.038089
FOU2 18AUG24 2018.6448 58354 2015 5    1.6  -1384 -0.733439   5523273  0.478850   238  0.134256  0.0720 0.000651 0.000878 0.002361  0.019194  0.001688  0.064903
FOU2 18AUG25 2018.6475 58355 2015 6    1.6  -1384 -0.732629   5523273  0.480995   238  0.129650  0.0720 0.000470 0.000623 0.001776  0.017376  0.015063 -0.015981
FOU2 18AUG26 2018.6502 58356 2016 0    1.6  -1384 -0.731045   5523273  0.479621   238  0.140310  0.0720 0.000514 0.000693 0.002018 -0.005088  0.027269  0.018679
FOU2 18AUG27 2018.6530 58357 2016 1    1.6  -1384 -0.732477   5523273  0.479338   238  0.139193  0.0720 0.000592 0.000805 0.002399  0.026940 -0.016357 -0.049546
FOU2 18AUG28 2018.6557 58358 2016 2    1.6  -1384 -0.732249   5523273  0.479327   238  0.140862  0.0720 0.000466 0.000631 0.001789  0.024404 -0.002742 -0.022851
FOU2 18AUG29 2018.6585 58359 2016 3    1.6  -1384 -0.732015   5523273  0.481154   238  0.139833  0.0720 0.000480 0.000640 0.001837  0.033223  0.013309 -0.030937
FOU2 18AUG30 2018.6612 58360 2016 4    1.6  -1384 -0.730585   5523273  0.479334   238  0.138253  0.0720 0.000477 0.000634 0.001808  0.021010  0.019402 -0.027659
FOU2 18AUG31 2018.6639 58361 2016 5    1.6  -1384 -0.731302   5523273  0.480919   238  0.129156  0.0720 0.000467 0.000625 0.001783  0.028923  0.011929 -0.022025
FOU2 18SEP02 2018.6694 58363 2017 0    1.6  -1384 -0.731828   5523273  0.478953   238  0.144341  0.0720 0.000467 0.000629 0.001776  0.007676  0.012428 -0.020763
FOU2 18SEP03 2018.6721 58364 2017 1    1.6  -1384 -0.732487   5523273  0.481866   238  0.138415  0.0720 0.000466 0.000626 0.001771  0.009874  0.015222 -0.020163
FOU2 18SEP04 2018.6749 58365 2017 2    1.6  -1384 -0.732731   5523273  0.479867   238  0.140071  0.0720 0.000471 0.000623 0.001774  0.011072  0.002460 -0.043597
FOU2 18SEP05 2018.6776 58366 2017 3    1.6  -1384 -0.730924   5523273  0.480003   238  0.136464  0.0720 0.000472 0.000627 0.001781  0.023216  0.000157 -0.012784
FOU2 18SEP06 2018.6804 58367 2017 4    1.6  -1384 -0.730801   5523273  0.481072   238  0.139038  0.0720 0.000487 0.000643 0.001825  0.020319  0.007910 -0.074750
FOU2 18SEP07 2018.6831 58368 2017 5    1.6  -1384 -0.731458   5523273  0.481434   238  0.143753  0.0720 0.000482 0.000643 0.001810  0.009025  0.016607 -0.025855
FOU2 18SEP08 2018.6858 58369 2017 6    1.6  -1384 -0.731421   5523273  0.481000   238  0.138825  0.0720 0.000466 0.000621 0.001769  0.018334 -0.000081 -0.000244
FOU2 18SEP09 2018.6886 58370 2018 0    1.6  -1384 -0.730987   5523273  0.480549   238  0.135815  0.0720 0.000470 0.000625 0.001757  0.010697 -0.005956 -0.018128
FOU2 18SEP10 2018.6913 58371 2018 1    1.6  -1384 -0.729820   5523273  0.480518   238  0.139223  0.0720 0.000497 0.000665 0.001880  0.016844  0.018896 -0.028353
FOU2 18SEP11 2018.6940 58372 2018 2    1.6  -1384 -0.731574   5523273  0.479831   238  0.145466  0.0720 0.000515 0.000703 0.002010  0.015919  0.026478 -0.012531
FOU2 18SEP12 2018.6968 58373 2018 3    1.6  -1384 -0.732429   5523273  0.482210   238  0.153939  0.0720 0.000463 0.000625 0.001768  0.010332  0.000975 -0.040764
FOU2 18SEP13 2018.6995 58374 2018 4    1.6  -1384 -0.731090   5523273  0.479682   238  0.137626  0.0720 0.000464 0.000626 0.001764  0.002054 -0.000435 -0.020649
FOU2 18SEP14 2018.7023 58375 2018 5    1.6  -1384 -0.732500   5523273  0.482162   238  0.134151  0.0720 0.000477 0.000629 0.001773  0.022688 -0.019555 -0.043501
FOU2 18SEP15 2018.7050 58376 2018 6    1.6  -1384 -0.730627   5523273  0.481515   238  0.137847  0.0720 0.000460 0.000613 0.001743  0.021178 -0.021046 -0.039435
FOU2 18SEP16 2018.7077 58377 2019 0    1.6  -1384 -0.730292   5523273  0.480580   238  0.140192  0.0720 0.000494 0.000679 0.001907  0.003716 -0.004081 -0.043251
FOU2 18SEP17 2018.7105 58378 2019 1    1.6  -1384 -0.730054   5523273  0.481968   238  0.138890  0.0720 0.000494 0.000667 0.001902 -0.006664  0.008099 -0.071475
FOU2 18SEP18 2018.7132 58379 2019 2    1.6  -1384 -0.734256   5523273  0.479891   238  0.135922  0.0720 0.000563 0.000754 0.002188  0.024625  0.016652 -0.026694
FOU2 18SEP19 2018.7159 58380 2019 3    1.6  -1384 -0.735686   5523273  0.478576   238  0.135388  0.0720 0.000514 0.000692 0.001973  0.000140  0.011752  0.003066
FOU2 18SEP20 2018.7187 58381 2019 4    1.6  -1384 -0.736356   5523273  0.477755   238  0.132351  0.0720 0.000574 0.000739 0.002116  0.048167  0.013372 -0.023596
FOU2 18SEP21 2018.7214 58382 2019 5    1.6  -1384 -0.730336   5523273  0.489772   238  0.144492  0.0720 0.000843 0.001273 0.003400 -0.056417 -0.012231  0.094450
FOU2 18SEP22 2018.7242 58383 2019 6    1.6  -1384 -0.730401   5523273  0.481930   238  0.130167  0.0720 0.000518 0.000686 0.001950  0.006095  0.010244 -0.023284
FOU2 18SEP23 2018.7269 58384 2020 0    1.6  -1384 -0.730328   5523273  0.481223   238  0.131626  0.0720 0.000569 0.000760 0.002147  0.009029  0.043517 -0.020578
FOU2 18SEP24 2018.7296 58385 2020 1    1.6  -1384 -0.729825   5523273  0.480961   238  0.129471  0.0720 0.000472 0.000627 0.001791 -0.004940  0.027049 -0.018688
FOU2 18SEP25 2018.7324 58386 2020 2    1.6  -1384 -0.727663   5523273  0.480654   238  0.135185  0.0720 0.000471 0.000628 0.001783 -0.000073  0.015472 -0.009496
FOU2 18SEP26 2018.7351 58387 2020 3    1.6  -1384 -0.730630   5523273  0.480056   238  0.137769  0.0720 0.000478 0.000635 0.001821 -0.009128  0.002871 -0.042388
FOU2 18SEP27 2018.7379 58388 2020 4    1.6  -1384 -0.730086   5523273  0.480604   238  0.139480  0.0720 0.000465 0.000624 0.001771  0.004355 -0.000147 -0.035490
FOU2 18SEP28 2018.7406 58389 2020 5    1.6  -1384 -0.731249   5523273  0.481964   238  0.128136  0.0720 0.000467 0.000632 0.001791  0.009766 -0.011761 -0.035098
FOU2 18SEP29 2018.7433 58390 2020 6    1.6  -1384 -0.730115   5523273  0.482400   238  0.140268  0.0720 0.000470 0.000630 0.001795  0.025137 -0.003034 -0.006405
FOU2 18SEP30 2018.7461 58391 2021 0    1.6  -1384 -0.728145   5523273  0.481839   238  0.137457  0.0720 0.000459 0.000617 0.001727  0.023310 -0.010663 -0.002043
FOU2 18OCT01 2018.7488 58392 2021 1    1.6  -1384 -0.732236   5523273  0.483237   238  0.127809  0.0720 0.000892 0.001259 0.003391 -0.062955  0.019191  0.060524
FOU2 18OCT02 2018.7515 58393 2021 2    1.6  -1384 -0.746729   5523273  0.477669   238  0.166429  0.0720 0.001517 0.002162 0.005798  0.073265 -0.036218 -0.205062
FOU2 18OCT04 2018.7570 58395 2021 4    1.6  -1384 -0.728971   5523273  0.483036   238  0.133030  0.0720 0.000548 0.000731 0.002092  0.054107 -0.003589 -0.002168
FOU2 18OCT05 2018.7598 58396 2021 5    1.6  -1384 -0.727324   5523273  0.480795   238  0.137385  0.0720 0.000458 0.000618 0.001720  0.005878  0.001253 -0.014508
FOU2 18OCT06 2018.7625 58397 2021 6    1.6  -1384 -0.729411   5523273  0.480756   238  0.136326  0.0720 0.000458 0.000613 0.001713  0.014726 -0.023744 -0.018657
FOU2 18OCT07 2018.7652 58398 2022 0    1.6  -1384 -0.729505   5523273  0.480368   238  0.137867  0.0720 0.000465 0.000630 0.001788 -0.027510 -0.010005 -0.024773
FOU2 18OCT08 2018.7680 58399 2022 1    1.6  -1384 -0.728484   5523273  0.482251   238  0.140817  0.0720 0.000457 0.000620 0.001724  0.006771  0.003995 -0.039160
FOU2 18OCT09 2018.7707 58400 2022 2    1.6  -1384 -0.731498   5523273  0.482613   238  0.137729  0.0720 0.000460 0.000628 0.001737  0.000714  0.000326 -0.023234
FOU2 18OCT10 2018.7734 58401 2022 3    1.6  -1384 -0.728385   5523273  0.480833   238  0.135712  0.0720 0.000465 0.000622 0.001753  0.022620 -0.013226 -0.027244
FOU2 18OCT11 2018.7762 58402 2022 4    1.6  -1384 -0.727977   5523273  0.482367   238  0.139643  0.0720 0.000467 0.000627 0.001770  0.016160 -0.022331 -0.039945
FOU2 18OCT12 2018.7789 58403 2022 5    1.6  -1384 -0.730249   5523273  0.480331   238  0.142511  0.0720 0.000455 0.000615 0.001717  0.028201 -0.013276 -0.044890
FOU2 18OCT13 2018.7817 58404 2022 6    1.6  -1384 -0.728281   5523273  0.478399   238  0.128763  0.0720 0.000468 0.000633 0.001778  0.055046 -0.012932 -0.043248
FOU2 18OCT14 2018.7844 58405 2023 0    1.6  -1384 -0.729439   5523273  0.480355   238  0.139030  0.0720 0.000464 0.000629 0.001763  0.020671 -0.009560 -0.038791
FOU2 18OCT15 2018.7871 58406 2023 1    1.6  -1384 -0.729440   5523273  0.482061   238  0.139183  0.0720 0.000467 0.000632 0.001784  0.013803 -0.012945 -0.048780
FOU2 18OCT16 2018.7899 58407 2023 2    1.6  -1384 -0.728455   5523273  0.480971   238  0.143370  0.0720 0.000473 0.000646 0.001795  0.013587 -0.012782 -0.017993
FOU2 18OCT17 2018.7926 58408 2023 3    1.6  -1384 -0.728965   5523273  0.483123   238  0.140234  0.0720 0.000467 0.000629 0.001744  0.003534 -0.002060 -0.031689
FOU2 18OCT18 2018.7953 58409 2023 4    1.6  -1384 -0.728687   5523273  0.483770   238  0.135137  0.0720 0.000456 0.000622 0.001719  0.006421 -0.021356 -0.012522
FOU2 18OCT19 2018.7981 58410 2023 5    1.6  -1384 -0.727453   5523273  0.482503   238  0.134291  0.0720 0.000456 0.000618 0.001715  0.000775 -0.012904 -0.022148
FOU2 18OCT20 2018.8008 58411 2023 6    1.6  -1384 -0.729200   5523273  0.483141   238  0.135767  0.0720 0.000459 0.000623 0.001734  0.008820 -0.013612 -0.002665
FOU2 18OCT21 2018.8036 58412 2024 0    1.6  -1384 -0.728340   5523273  0.483264   238  0.138097  0.0720 0.000461 0.000621 0.001746  0.024812 -0.014174 -0.005502
FOU2 18OCT22 2018.8063 58413 2024 1    1.6  -1384 -0.729642   5523273  0.482231   238  0.131057  0.0720 0.000467 0.000635 0.001774 -0.001526 -0.011319  0.000372
FOU2 18OCT23 2018.8090 58414 2024 2    1.6  -1384 -0.729533   5523273  0.482859   238  0.141976  0.0720 0.000459 0.000622 0.001720  0.025864 -0.025486 -0.011686
FOU2 18OCT24 2018.8118 58415 2024 3    1.6  -1384 -0.729649   5523273  0.482489   238  0.139056  0.0720 0.000482 0.000647 0.001843 -0.026853 -0.001834  0.005820
FOU2 18OCT25 2018.8145 58416 2024 4    1.6  -1384 -0.729672   5523273  0.483191   238  0.139155  0.0720 0.000468 0.000627 0.001772  0.015207 -0.002074 -0.027181
FOU2 18OCT26 2018.8172 58417 2024 5    1.6  -1384 -0.728769   5523273  0.482595   238  0.133201  0.0720 0.000465 0.000628 0.001769  0.025460 -0.037130 -0.035812
FOU2 18OCT27 2018.8200 58418 2024 6    1.6  -1384 -0.727768   5523273  0.481127   238  0.125879  0.0720 0.000460 0.000624 0.001754  0.017747  0.005878 -0.029074
FOU2 18OCT28 2018.8227 58419 2025 0    1.6  -1384 -0.729586   5523273  0.483239   238  0.126342  0.0720 0.000461 0.000626 0.001760  0.018129 -0.004347 -0.035208
FOU2 18OCT29 2018.8255 58420 2025 1    1.6  -1384 -0.728641   5523273  0.481484   238  0.138627  0.0720 0.000468 0.000633 0.001767  0.022081 -0.031356 -0.027591
FOU2 18OCT30 2018.8282 58421 2025 2    1.6  -1384 -0.729247   5523273  0.482253   238  0.130704  0.0720 0.000475 0.000627 0.001771  0.031505  0.000424 -0.025186
FOU2 18OCT31 2018.8309 58422 2025 3    1.6  -1384 -0.728098   5523273  0.482527   238  0.131385  0.0720 0.000461 0.000623 0.001744  0.025757 -0.034582 -0.027831
FOU2 18NOV01 2018.8337 58423 2025 4    1.6  -1384 -0.726677   5523273  0.480068   238  0.134931  0.0720 0.000455 0.000610 0.001708  0.025908 -0.017454 -0.037095
FOU2 18NOV02 2018.8364 58424 2025 5    1.6  -1384 -0.727085   5523273  0.481577   238  0.129110  0.0720 0.000462 0.000615 0.001743  0.013480 -0.007976 -0.012523
FOU2 18NOV03 2018.8392 58425 2025 6    1.6  -1384 -0.725760   5523273  0.480253   238  0.138754  0.0720 0.000454 0.000611 0.001712  0.009571 -0.016489  0.001321
FOU2 18NOV04 2018.8419 58426 2026 0    1.6  -1384 -0.729715   5523273  0.484199   238  0.139917  0.0720 0.000459 0.000617 0.001736  0.015119 -0.005808 -0.004424
FOU2 18NOV05 2018.8446 58427 2026 1    1.6  -1384 -0.727507   5523273  0.482438   238  0.136658  0.0720 0.000457 0.000615 0.001713  0.015943 -0.014014 -0.012289
FOU2 18NOV06 2018.8474 58428 2026 2    1.6  -1384 -0.726670   5523273  0.482437   238  0.138817  0.0720 0.000464 0.000622 0.001755  0.003004 -0.037390 -0.014219
FOU2 18NOV07 2018.8501 58429 2026 3    1.6  -1384 -0.728027   5523273  0.481530   238  0.134899  0.0720 0.000460 0.000620 0.001736  0.008630 -0.015434 -0.020619
FOU2 18NOV08 2018.8528 58430 2026 4    1.6  -1384 -0.728311   5523273  0.482440   238  0.127180  0.0720 0.000459 0.000619 0.001737  0.004902 -0.001930 -0.015407
FOU2 18NOV09 2018.8556 58431 2026 5    1.6  -1384 -0.726831   5523273  0.482048   238  0.130245  0.0720 0.000461 0.000621 0.001747  0.010269 -0.011886  0.002454
FOU2 18NOV10 2018.8583 58432 2026 6    1.6  -1384 -0.728374   5523273  0.482882   238  0.136411  0.0720 0.000462 0.000625 0.001761  0.022284 -0.002528 -0.034360
FOU2 18NOV11 2018.8611 58433 2027 0    1.6  -1384 -0.727635   5523273  0.485171   238  0.136855  0.0720 0.000459 0.000617 0.001723  0.021921 -0.025623 -0.011200
FOU2 18NOV12 2018.8638 58434 2027 1    1.6  -1384 -0.727720   5523273  0.483401   238  0.132122  0.0720 0.000475 0.000626 0.001801  0.013820  0.006604  0.008695
FOU2 18NOV13 2018.8665 58435 2027 2    1.6  -1384 -0.727971   5523273  0.483970   238  0.132957  0.0720 0.000464 0.000618 0.001753  0.019809 -0.005201 -0.009991
FOU2 18NOV14 2018.8693 58436 2027 3    1.6  -1384 -0.726169   5523273  0.483010   238  0.137484  0.0720 0.000468 0.000621 0.001767  0.035519 -0.004259  0.002041
FOU2 18NOV15 2018.8720 58437 2027 4    1.6  -1384 -0.727441   5523273  0.483690   238  0.139663  0.0720 0.000462 0.000619 0.001744  0.016503 -0.001291 -0.010174
FOU2 18NOV16 2018.8747 58438 2027 5    1.6  -1384 -0.727453   5523273  0.483122   238  0.134093  0.0720 0.000461 0.000615 0.001729  0.030064  0.004376 -0.015411
FOU2 18NOV17 2018.8775 58439 2027 6    1.6  -1384 -0.725768   5523273  0.484125   238  0.135340  0.0720 0.000472 0.000622 0.001786  0.000861  0.012762 -0.009600
FOU2 18NOV18 2018.8802 58440 2028 0    1.6  -1384 -0.724781   5523273  0.481687   238  0.138631  0.0720 0.000468 0.000616 0.001750  0.011997 -0.001330  0.021948
FOU2 18NOV19 2018.8830 58441 2028 1    1.6  -1384 -0.727599   5523273  0.484074   238  0.131252  0.0720 0.000468 0.000620 0.001767  0.023634  0.004939  0.004232
FOU2 18NOV20 2018.8857 58442 2028 2    1.6  -1384 -0.727335   5523273  0.482998   238  0.126373  0.0720 0.000468 0.000625 0.001778  0.017580 -0.006182  0.018425
FOU2 18NOV21 2018.8884 58443 2028 3    1.6  -1384 -0.729144   5523273  0.484557   238  0.128151  0.0720 0.000465 0.000620 0.001765  0.007273  0.007640 -0.001182
FOU2 18NOV22 2018.8912 58444 2028 4    1.6  -1384 -0.727208   5523273  0.484771   238  0.131296  0.0720 0.000467 0.000615 0.001750  0.016693  0.017113  0.018371
FOU2 18NOV23 2018.8939 58445 2028 5    1.6  -1384 -0.726461   5523273  0.482571   238  0.132834  0.0720 0.000469 0.000621 0.001774  0.020239  0.000587  0.022176
FOU2 18NOV24 2018.8966 58446 2028 6    1.6  -1384 -0.727876   5523273  0.482177   238  0.132627  0.0720 0.000487 0.000641 0.001881  0.016953 -0.030459  0.039135
FOU2 18NOV25 2018.8994 58447 2029 0    1.6  -1384 -0.727032   5523273  0.483064   238  0.129141  0.0720 0.000465 0.000622 0.001761  0.038095 -0.033876 -0.006545
FOU2 18NOV26 2018.9021 58448 2029 1    1.6  -1384 -0.727269   5523273  0.482740   238  0.135411  0.0720 0.000465 0.000618 0.001740  0.025635 -0.014290 -0.030118
FOU2 18NOV27 2018.9049 58449 2029 2    1.6  -1384 -0.727015   5523273  0.483808   238  0.133033  0.0720 0.000461 0.000614 0.001734  0.016023  0.017400  0.005360
FOU2 18NOV28 2018.9076 58450 2029 3    1.6  -1384 -0.726593   5523273  0.482536   238  0.143160  0.0720 0.000467 0.000617 0.001754  0.031061 -0.018939  0.000695
FOU2 18NOV29 2018.9103 58451 2029 4    1.6  -1384 -0.726671   5523273  0.485867   238  0.139628  0.0720 0.000453 0.000610 0.001694  0.045702 -0.024885 -0.003876
FOU2 18NOV30 2018.9131 58452 2029 5    1.6  -1384 -0.728415   5523273  0.483433   238  0.121749  0.0720 0.000464 0.000634 0.001747  0.036335 -0.017364 -0.049454
FOU2 18DEC01 2018.9158 58453 2029 6    1.6  -1384 -0.727267   5523273  0.482781   238  0.139206  0.0720 0.000453 0.000620 0.001713  0.031122 -0.016603 -0.049216
FOU2 18DEC02 2018.9185 58454 2030 0    1.6  -1384 -0.727318   5523273  0.484249   238  0.136494  0.0720 0.000466 0.000624 0.001764  0.015195 -0.008790 -0.028520
FOU2 18DEC03 2018.9213 58455 2030 1    1.6  -1384 -0.727223   5523273  0.486001   238  0.133949  0.0720 0.000466 0.000623 0.001763  0.028510 -0.002611  0.001898
FOU2 18DEC04 2018.9240 58456 2030 2    1.6  -1384 -0.725069   5523273  0.484563   238  0.137338  0.0720 0.000469 0.000641 0.001770  0.023198 -0.034653 -0.007232
FOU2 18DEC05 2018.9268 58457 2030 3    1.6  -1384 -0.726508   5523273  0.482373   238  0.138010  0.0720 0.000454 0.000618 0.001721  0.037008 -0.022951 -0.038521
FOU2 18DEC06 2018.9295 58458 2030 4    1.6  -1384 -0.727091   5523273  0.482709   238  0.141354  0.0720 0.000468 0.000629 0.001780  0.025942 -0.004123 -0.016882
FOU2 18DEC07 2018.9322 58459 2030 5    1.6  -1384 -0.727664   5523273  0.486898   238  0.132316  0.0720 0.000475 0.000632 0.001827 -0.009008 -0.030872  0.002804
FOU2 18DEC08 2018.9350 58460 2030 6    1.6  -1384 -0.727766   5523273  0.486043   238  0.130466  0.0720 0.000469 0.000623 0.001785  0.030488 -0.012562 -0.008703
FOU2 18DEC09 2018.9377 58461 2031 0    1.6  -1384 -0.725755   5523273  0.485478   238  0.128127  0.0720 0.000465 0.000624 0.001776  0.014461 -0.012327 -0.003099
FOU2 18DEC10 2018.9405 58462 2031 1    1.6  -1384 -0.723899   5523273  0.484189   238  0.135516  0.0720 0.000456 0.000613 0.001711  0.033900 -0.035121 -0.005624
FOU2 18DEC11 2018.9432 58463 2031 2    1.6  -1384 -0.723782   5523273  0.484705   238  0.128831  0.0720 0.000468 0.000625 0.001762  0.036254 -0.018442 -0.006558
FOU2 18DEC12 2018.9459 58464 2031 3    1.6  -1384 -0.722564   5523273  0.483067   238  0.136477  0.0720 0.000458 0.000611 0.001706  0.019659 -0.025466 -0.015887
FOU2 18DEC13 2018.9487 58465 2031 4    1.6  -1384 -0.723492   5523273  0.482965   238  0.131679  0.0720 0.000461 0.000615 0.001724  0.002388 -0.002788 -0.000934
FOU2 18DEC14 2018.9514 58466 2031 5    1.6  -1384 -0.724346   5523273  0.485235   238  0.129084  0.0720 0.000467 0.000617 0.001746  0.015099 -0.001894 -0.006758
FOU2 18DEC15 2018.9541 58467 2031 6    1.6  -1384 -0.726410   5523273  0.482986   238  0.131539  0.0720 0.000477 0.000632 0.001777  0.042369 -0.011885 -0.019580
FOU2 18DEC16 2018.9569 58468 2032 0    1.6  -1384 -0.726370   5523273  0.485382   238  0.133140  0.0720 0.000454 0.000615 0.001713  0.021976  0.000051 -0.024704
FOU2 18DEC17 2018.9596 58469 2032 1    1.6  -1384 -0.725982   5523273  0.483832   238  0.128569  0.0720 0.000581 0.000802 0.002269 -0.032915 -0.019327  0.012370
FOU2 18DEC18 2018.9624 58470 2032 2    1.6  -1384 -0.724444   5523273  0.482886   238  0.128723  0.0720 0.000457 0.000617 0.001713  0.030659 -0.004447 -0.020899
FOU2 18DEC19 2018.9651 58471 2032 3    1.6  -1384 -0.726969   5523273  0.484324   238  0.128623  0.0720 0.000457 0.000618 0.001719  0.038514  0.010353 -0.046750
FOU2 18DEC20 2018.9678 58472 2032 4    1.6  -1384 -0.726179   5523273  0.485674   238  0.123344  0.0720 0.000464 0.000621 0.001734  0.051150 -0.008443 -0.020207
FOU2 18DEC21 2018.9706 58473 2032 5    1.6  -1384 -0.724924   5523273  0.485197   238  0.135027  0.0720 0.000459 0.000616 0.001719  0.047277 -0.025216 -0.032134
FOU2 18DEC22 2018.9733 58474 2032 6    1.6  -1384 -0.725790   5523273  0.484572   238  0.132381  0.0720 0.000457 0.000611 0.001712  0.040035 -0.005784 -0.004295
FOU2 18DEC23 2018.9760 58475 2033 0    1.6  -1384 -0.726338   5523273  0.485819   238  0.136219  0.0720 0.000472 0.000630 0.001779  0.030774 -0.029683 -0.037203
FOU2 18DEC24 2018.9788 58476 2033 1    1.6  -1384 -0.722668   5523273  0.486609   238  0.132063  0.0720 0.000459 0.000613 0.001715  0.035362 -0.024651 -0.037049
FOU2 18DEC25 2018.9815 58477 2033 2    1.6  -1384 -0.724766   5523273  0.486990   238  0.136155  0.0720 0.000471 0.000632 0.001767  0.006757 -0.017135 -0.050387
FOU2 18DEC26 2018.9843 58478 2033 3    1.6  -1384 -0.724043   5523273  0.486813   238  0.136618  0.0720 0.000468 0.000638 0.001750  0.029544 -0.042421 -0.031606
FOU2 18DEC27 2018.9870 58479 2033 4    1.6  -1384 -0.723509   5523273  0.489273   238  0.136202  0.0720 0.000469 0.000626 0.001764  0.004374 -0.006092  0.012145
FOU2 18DEC28 2018.9897 58480 2033 5    1.6  -1384 -0.723047   5523273  0.483277   238  0.136286  0.0720 0.000464 0.000619 0.001753 -0.000403 -0.018510  0.008627
FOU2 18DEC29 2018.9925 58481 2033 6    1.6  -1384 -0.723306   5523273  0.486505   238  0.137901  0.0720 0.000468 0.000626 0.001774  0.007395 -0.039361 -0.000510
FOU2 18DEC30 2018.9952 58482 2034 0    1.6  -1384 -0.722631   5523273  0.486466   238  0.136063  0.0720 0.000469 0.000622 0.001761  0.030294 -0.007203 -0.001765
FOU2 18DEC31 2018.9979 58483 2034 1    1.6  -1384 -0.724104   5523273  0.485833   238  0.134508  0.0720 0.000469 0.000625 0.001781  0.021620 -0.010630 -0.005332
FOU2 19JAN01 2019.0007 58484 2034 2    1.6  -1384 -0.724100   5523273  0.487824   238  0.133235  0.0720 0.000471 0.000625 0.001777  0.018643 -0.033483 -0.000403
FOU2 19JAN02 2019.0034 58485 2034 3    1.6  -1384 -0.724446   5523273  0.485767   238  0.131377  0.0720 0.000470 0.000627 0.001772  0.000316 -0.009566  0.010851
FOU2 19JAN03 2019.0062 58486 2034 4    1.6  -1384 -0.723772   5523273  0.486405   238  0.125742  0.0720 0.000460 0.000623 0.001727  0.001597 -0.011175 -0.002685
FOU2 19JAN04 2019.0089 58487 2034 5    1.6  -1384 -0.723013   5523273  0.485729   238  0.131079  0.0720 0.000464 0.000624 0.001747  0.016255 -0.013847 -0.015785
FOU2 19JAN05 2019.0116 58488 2034 6    1.6  -1384 -0.724079   5523273  0.486593   238  0.136144  0.0720 0.000458 0.000622 0.001730  0.030325 -0.034348 -0.013696
FOU2 19JAN06 2019.0144 58489 2035 0    1.6  -1384 -0.723619   5523273  0.486305   238  0.133028  0.0720 0.000463 0.000622 0.001735  0.025990 -0.030346 -0.004144
FOU2 19JAN07 2019.0171 58490 2035 1    1.6  -1384 -0.724037   5523273  0.487421   238  0.134296  0.0720 0.000462 0.000622 0.001734  0.009830  0.002962  0.001097
FOU2 19JAN08 2019.0198 58491 2035 2    1.6  -1384 -0.723971   5523273  0.488326   238  0.127891  0.0720 0.000466 0.000620 0.001747  0.025310  0.004067  0.016240
FOU2 19JAN09 2019.0226 58492 2035 3    1.6  -1384 -0.724626   5523273  0.487100   238  0.128640  0.0720 0.000462 0.000625 0.001751  0.010894 -0.013166 -0.005323
FOU2 19JAN10 2019.0253 58493 2035 4    1.6  -1384 -0.725581   5523273  0.486990   238  0.133028  0.0720 0.000477 0.000637 0.001786 -0.011833  0.007460 -0.015554
FOU2 19JAN11 2019.0281 58494 2035 5    1.6  -1384 -0.728021   5523273  0.484514   238  0.130468  0.0720 0.000478 0.000637 0.001799  0.025367  0.010397 -0.022465
FOU2 19JAN12 2019.0308 58495 2035 6    1.6  -1384 -0.725411   5523273  0.487600   238  0.138559  0.0720 0.000479 0.000638 0.001802  0.026397 -0.031395 -0.028193
FOU2 19JAN13 2019.0335 58496 2036 0    1.6  -1384 -0.726053   5523273  0.488886   238  0.137916  0.0720 0.000468 0.000633 0.001798  0.001060  0.021020 -0.000290
FOU2 19JAN14 2019.0363 58497 2036 1    1.6  -1384 -0.723950   5523273  0.486675   238  0.136708  0.0720 0.000464 0.000624 0.001767  0.016670 -0.002785  0.007800
FOU2 19JAN15 2019.0390 58498 2036 2    1.6  -1384 -0.723445   5523273  0.485931   238  0.137317  0.0720 0.000462 0.000618 0.001746  0.020011 -0.007878  0.019330
FOU2 19JAN16 2019.0418 58499 2036 3    1.6  -1384 -0.726266   5523273  0.486161   238  0.137909  0.0720 0.000463 0.000616 0.001750  0.029177 -0.001884 -0.014359
FOU2 19JAN17 2019.0445 58500 2036 4    1.6  -1384 -0.723415   5523273  0.487301   238  0.130210  0.0720 0.000462 0.000619 0.001747  0.024706 -0.016561 -0.016538
FOU2 19JAN18 2019.0472 58501 2036 5    1.6  -1384 -0.724453   5523273  0.484445   238  0.126475  0.0720 0.000467 0.000631 0.001772  0.006148  0.000081  0.005921
FOU2 19JAN19 2019.0500 58502 2036 6    1.6  -1384 -0.723908   5523273  0.487970   238  0.132352  0.0720 0.000463 0.000630 0.001764 -0.007881  0.015632  0.003316
FOU2 19JAN20 2019.0527 58503 2037 0    1.6  -1384 -0.725791   5523273  0.486191   238  0.128403  0.0720 0.000470 0.000633 0.001806  0.011445 -0.012801  0.010041
FOU2 19JAN21 2019.0554 58504 2037 1    1.6  -1384 -0.721388   5523273  0.485987   238  0.131192  0.0720 0.000468 0.000618 0.001769  0.012005 -0.001900 -0.017762
FOU2 19JAN22 2019.0582 58505 2037 2    1.6  -1384 -0.723548   5523273  0.488606   238  0.134354  0.0720 0.000488 0.000644 0.001886  0.015382 -0.021915  0.003871
FOU2 19JAN23 2019.0609 58506 2037 3    1.6  -1384 -0.721857   5523273  0.489977   238  0.125262  0.0720 0.000467 0.000620 0.001772  0.015303 -0.021314 -0.001674
FOU2 19JAN24 2019.0637 58507 2037 4    1.6  -1384 -0.722104   5523273  0.486524   238  0.131143  0.0720 0.000633 0.000811 0.002368  0.015015 -0.044606  0.004014
FOU2 19JAN25 2019.0664 58508 2037 5    1.6  -1384 -0.724044   5523273  0.485946   238  0.138150  0.0720 0.000624 0.000886 0.002457 -0.047077  0.025850  0.059047
FOU2 19JAN26 2019.0691 58509 2037 6    1.6  -1384 -0.725249   5523273  0.486604   238  0.128172  0.0720 0.000479 0.000643 0.001802 -0.015648 -0.004686 -0.042568
FOU2 19JAN27 2019.0719 58510 2038 0    1.6  -1384 -0.724518   5523273  0.489076   238  0.130141  0.0720 0.000481 0.000646 0.001806  0.015233 -0.010543 -0.039719
FOU2 19JAN28 2019.0746 58511 2038 1    1.6  -1384 -0.724870   5523273  0.488029   238  0.134473  0.0720 0.000463 0.000620 0.001732  0.021196 -0.026399 -0.033244
FOU2 19JAN29 2019.0773 58512 2038 2    1.6  -1384 -0.724871   5523273  0.488677   238  0.132958  0.0720 0.000464 0.000625 0.001751  0.025241 -0.034535 -0.024017
FOU2 19JAN30 2019.0801 58513 2038 3    1.6  -1384 -0.725075   5523273  0.486995   238  0.129642  0.0720 0.000460 0.000621 0.001735  0.004533 -0.019474 -0.011469
FOU2 19JAN31 2019.0828 58514 2038 4    1.6  -1384 -0.723149   5523273  0.486340   238  0.127354  0.0720 0.000474 0.000656 0.001795 -0.020050 -0.016598  0.013515
FOU2 19FEB01 2019.0856 58515 2038 5    1.6  -1384 -0.724788   5523273  0.486850   238  0.130395  0.0720 0.000479 0.000645 0.001788  0.013731  0.032420 -0.010582
FOU2 19FEB02 2019.0883 58516 2038 6    1.6  -1384 -0.722709   5523273  0.487988   238  0.129641  0.0720 0.000474 0.000638 0.001774 -0.004364  0.001100 -0.010420
FOU2 19FEB03 2019.0910 58517 2039 0    1.6  -1384 -0.722609   5523273  0.487142   238  0.129057  0.0720 0.000470 0.000630 0.001754 -0.003694  0.000841 -0.015991
FOU2 19FEB04 2019.0938 58518 2039 1    1.6  -1384 -0.721939   5523273  0.486812   238  0.130354  0.0720 0.000466 0.000632 0.001741  0.000586  0.005158 -0.001879
FOU2 19FEB05 2019.0965 58519 2039 2    1.6  -1384 -0.721433   5523273  0.487794   238  0.134199  0.0720 0.000499 0.000678 0.001914 -0.003316 -0.035586 -0.032694
FOU2 19FEB06 2019.0992 58520 2039 3    1.6  -1384 -0.723954   5523273  0.486927   238  0.135176  0.0720 0.000513 0.000678 0.001927  0.012760  0.028719 -0.066579
FOU2 19FEB07 2019.1020 58521 2039 4    1.6  -1384 -0.721959   5523273  0.488049   238  0.133377  0.0720 0.000465 0.000624 0.001758  0.010704  0.007542 -0.015511
FOU2 19FEB08 2019.1047 58522 2039 5    1.6  -1384 -0.722109   5523273  0.487291   238  0.136221  0.0720 0.000464 0.000624 0.001758  0.012135 -0.010687 -0.013780
FOU2 19FEB09 2019.1075 58523 2039 6    1.6  -1384 -0.722884   5523273  0.486469   238  0.134765  0.0720 0.000465 0.000624 0.001773  0.006178  0.012857 -0.020198
FOU2 19FEB10 2019.1102 58524 2040 0    1.6  -1384 -0.723905   5523273  0.487735   238  0.128487  0.0720 0.000465 0.000626 0.001778  0.001985  0.011665  0.002498
FOU2 19FEB11 2019.1129 58525 2040 1    1.6  -1384 -0.723018   5523273  0.487245   238  0.126637  0.0720 0.000478 0.000631 0.001830  0.022565  0.028691 -0.000389
FOU2 19FEB12 2019.1157 58526 2040 2    1.6  -1384 -0.720864   5523273  0.486752   238  0.132997  0.0720 0.000489 0.000646 0.001866  0.021451  0.003636 -0.008850
FOU2 19FEB13 2019.1184 58527 2040 3    1.6  -1384 -0.720364   5523273  0.486400   238  0.133893  0.0720 0.000463 0.000614 0.001744  0.024477 -0.004452 -0.007079
FOU2 19FEB14 2019.1211 58528 2040 4    1.6  -1384 -0.721240   5523273  0.484808   238  0.131950  0.0720 0.000472 0.000640 0.001814  0.009162 -0.010091 -0.015220
FOU2 19FEB15 2019.1239 58529 2040 5    1.6  -1384 -0.720639   5523273  0.487638   238  0.135767  0.0720 0.000473 0.000640 0.001808  0.008787 -0.010919  0.006918
FOU2 19FEB16 2019.1266 58530 2040 6    1.6  -1384 -0.720746   5523273  0.488609   238  0.133631  0.0720 0.000462 0.000622 0.001752  0.014941 -0.011249 -0.013931
FOU2 19FEB17 2019.1294 58531 2041 0    1.6  -1384 -0.722972   5523273  0.488085   238  0.129891  0.0720 0.000460 0.000619 0.001748  0.011618  0.000458 -0.002607
FOU2 19FEB18 2019.1321 58532 2041 1    1.6  -1384 -0.721551   5523273  0.487363   238  0.132082  0.0720 0.000461 0.000621 0.001766  0.005242 -0.006747 -0.012755
FOU2 19FEB19 2019.1348 58533 2041 2    1.6  -1384 -0.722664   5523273  0.486618   238  0.131355  0.0720 0.000459 0.000612 0.001732  0.022722 -0.006000  0.005750
FOU2 19FEB20 2019.1376 58534 2041 3    1.6  -1384 -0.722658   5523273  0.487055   238  0.135682  0.0720 0.000463 0.000623 0.001758 -0.002810  0.003142 -0.026099
FOU2 19FEB21 2019.1403 58535 2041 4    1.6  -1384 -0.722613   5523273  0.488281   238  0.131466  0.0720 0.000465 0.000629 0.001778  0.015245 -0.007190  0.000709
FOU2 19FEB22 2019.1431 58536 2041 5    1.6  -1384 -0.721594   5523273  0.487681   238  0.136653  0.0720 0.000463 0.000622 0.001754 -0.001525 -0.009162  0.003927
FOU2 19FEB23 2019.1458 58537 2041 6    1.6  -1384 -0.722336   5523273  0.488212   238  0.136770  0.0720 0.000463 0.000623 0.001765  0.008011 -0.016171  0.012428
FOU2 19FEB24 2019.1485 58538 2042 0    1.6  -1384 -0.720790   5523273  0.488178   238  0.141362  0.0720 0.000465 0.000615 0.001752  0.015596 -0.031752 -0.011490
FOU2 19FEB25 2019.1513 58539 2042 1    1.6  -1384 -0.720580   5523273  0.488489   238  0.142042  0.0720 0.000602 0.000838 0.002329 -0.006439 -0.054920  0.022419
FOU2 19FEB26 2019.1540 58540 2042 2    1.6  -1384 -0.720799   5523273  0.488516   238  0.140606  0.0720 0.000467 0.000626 0.001768  0.012830 -0.024385 -0.013683
FOU2 19FEB27 2019.1567 58541 2042 3    1.6  -1384 -0.721190   5523273  0.488436   238  0.139792  0.0720 0.000468 0.000628 0.001776  0.012392 -0.028391 -0.021644
FOU2 19FEB28 2019.1595 58542 2042 4    1.6  -1384 -0.723151   5523273  0.488016   238  0.128242  0.0720 0.000481 0.000655 0.001852 -0.002945 -0.026604 -0.024165
FOU2 19MAR01 2019.1622 58543 2042 5    1.6  -1384 -0.721411   5523273  0.487578   238  0.130096  0.0720 0.000473 0.000640 0.001796  0.025021 -0.018018 -0.002607
FOU2 19MAR02 2019.1650 58544 2042 6    1.6  -1384 -0.723009   5523273  0.485681   238  0.134208  0.0720 0.000462 0.000620 0.001746  0.021279 -0.021974 -0.017729
FOU2 19MAR03 2019.1677 58545 2043 0    1.6  -1384 -0.722408   5523273  0.489463   238  0.134031  0.0720 0.000462 0.000619 0.001742  0.041664 -0.045130 -0.003084
FOU2 19MAR04 2019.1704 58546 2043 1    1.6  -1384 -0.723826   5523273  0.487456   238  0.130825  0.0720 0.000468 0.000631 0.001776  0.025450 -0.024558 -0.027908
FOU2 19MAR05 2019.1732 58547 2043 2    1.6  -1384 -0.721891   5523273  0.490246   238  0.134840  0.0720 0.000461 0.000619 0.001735  0.017388 -0.016869 -0.019452
FOU2 19MAR06 2019.1759 58548 2043 3    1.6  -1384 -0.722342   5523273  0.489415   238  0.133709  0.0720 0.000465 0.000627 0.001775  0.021804  0.011040 -0.012848
FOU2 19MAR07 2019.1786 58549 2043 4    1.6  -1384 -0.721972   5523273  0.488300   238  0.130983  0.0720 0.000462 0.000621 0.001745  0.006825 -0.005200 -0.001447
FOU2 19MAR08 2019.1814 58550 2043 5    1.6  -1384 -0.721410   5523273  0.487756   238  0.129141  0.0720 0.000461 0.000618 0.001737  0.018502 -0.017356 -0.006763
FOU2 19MAR09 2019.1841 58551 2043 6    1.6  -1384 -0.723878   5523273  0.488380   238  0.132610  0.0720 0.000461 0.000619 0.001729  0.013901 -0.013753 -0.006756
FOU2 19MAR10 2019.1869 58552 2044 0    1.6  -1384 -0.722311   5523273  0.488077   238  0.129901  0.0720 0.000461 0.000621 0.001746  0.010545 -0.005164 -0.018340
FOU2 19MAR11 2019.1896 58553 2044 1    1.6  -1384 -0.723085   5523273  0.488960   238  0.126360  0.0720 0.000467 0.000620 0.001753  0.017706 -0.003005 -0.026024
FOU2 19MAR12 2019.1923 58554 2044 2    1.6  -1384 -0.723020   5523273  0.486974   238  0.126296  0.0720 0.000464 0.000622 0.001751 -0.001815 -0.007392 -0.002232
FOU2 19MAR13 2019.1951 58555 2044 3    1.6  -1384 -0.721449   5523273  0.486779   238  0.132225  0.0720 0.000460 0.000617 0.001732  0.019995 -0.014321 -0.001772
FOU2 19MAR14 2019.1978 58556 2044 4    1.6  -1384 -0.721671   5523273  0.488981   238  0.133112  0.0720 0.000462 0.000618 0.001745  0.013653 -0.026281 -0.001712
FOU2 19MAR15 2019.2005 58557 2044 5    1.6  -1384 -0.722933   5523273  0.489131   238  0.130833  0.0720 0.000480 0.000647 0.001822 -0.012853 -0.026405 -0.017779
FOU2 19MAR16 2019.2033 58558 2044 6    1.6  -1384 -0.723402   5523273  0.486748   238  0.132361  0.0720 0.000465 0.000616 0.001770  0.022458 -0.011382 -0.015043
FOU2 19MAR17 2019.2060 58559 2045 0    1.6  -1384 -0.722022   5523273  0.489364   238  0.128217  0.0720 0.000468 0.000623 0.001775  0.012838 -0.014173 -0.016295
FOU2 19MAR18 2019.2088 58560 2045 1    1.6  -1384 -0.719179   5523273  0.489852   238  0.128585  0.0720 0.000487 0.000657 0.001866  0.020732 -0.031922 -0.014380
FOU2 19MAR19 2019.2115 58561 2045 2    1.6  -1384 -0.718223   5523273  0.489234   238  0.137135  0.0720 0.000455 0.000612 0.001722  0.002292 -0.023486  0.010635
FOU2 19MAR20 2019.2142 58562 2045 3    1.6  -1384 -0.719913   5523273  0.488811   238  0.134458  0.0720 0.000462 0.000617 0.001739  0.024622 -0.041020 -0.007587
FOU2 19MAR21 2019.2170 58563 2045 4    1.6  -1384 -0.715854   5523273  0.490039   238  0.137919  0.0720 0.000462 0.000617 0.001748  0.023391 -0.016929 -0.001456
FOU2 19MAR22 2019.2197 58564 2045 5    1.6  -1384 -0.720415   5523273  0.491721   238  0.137234  0.0720 0.000475 0.000642 0.001793  0.038825 -0.017706 -0.014968
FOU2 19MAR23 2019.2225 58565 2045 6    1.6  -1384 -0.720849   5523273  0.491827   238  0.129530  0.0720 0.000465 0.000622 0.001752  0.012652 -0.019572  0.013051
FOU2 19MAR24 2019.2252 58566 2046 0    1.6  -1384 -0.721499   5523273  0.487283   238  0.134176  0.0720 0.000461 0.000620 0.001751  0.020220 -0.026633  0.008696
FOU2 19MAR25 2019.2279 58567 2046 1    1.6  -1384 -0.721174   5523273  0.489438   238  0.129593  0.0720 0.000459 0.000614 0.001724  0.015655 -0.030572 -0.007346
FOU2 19MAR26 2019.2307 58568 2046 2    1.6  -1384 -0.720522   5523273  0.488849   238  0.133341  0.0720 0.000459 0.000610 0.001729  0.025668 -0.027148  0.007973
FOU2 19MAR27 2019.2334 58569 2046 3    1.6  -1384 -0.719919   5523273  0.489148   238  0.133294  0.0720 0.000462 0.000615 0.001745  0.017275 -0.026146 -0.008566
FOU2 19MAR28 2019.2361 58570 2046 4    1.6  -1384 -0.718456   5523273  0.491137   238  0.132384  0.0720 0.000463 0.000618 0.001754  0.020782 -0.033599 -0.001535
FOU2 19MAR29 2019.2389 58571 2046 5    1.6  -1384 -0.719856   5523273  0.489370   238  0.127655  0.0720 0.000463 0.000616 0.001765  0.012923 -0.027649  0.014651
FOU2 19MAR30 2019.2416 58572 2046 6    1.6  -1384 -0.720801   5523273  0.488956   238  0.132999  0.0720 0.000470 0.000637 0.001785  0.031924  0.007284 -0.002207
FOU2 19MAR31 2019.2444 58573 2047 0    1.6  -1384 -0.718874   5523273  0.491868   238  0.131565  0.0720 0.000469 0.000627 0.001797  0.028648 -0.038622  0.002884
FOU2 19APR01 2019.2471 58574 2047 1    1.6  -1384 -0.719444   5523273  0.489205   238  0.129399  0.0720 0.000473 0.000627 0.001764  0.029138 -0.027136 -0.016787
FOU2 19APR02 2019.2498 58575 2047 2    1.6  -1384 -0.721562   5523273  0.489241   238  0.137099  0.0720 0.000457 0.000613 0.001713  0.021911 -0.037443 -0.001485
FOU2 19APR03 2019.2526 58576 2047 3    1.6  -1384 -0.717982   5523273  0.492235   238  0.127953  0.0720 0.000459 0.000615 0.001728  0.008858 -0.049375 -0.004811
FOU2 19APR04 2019.2553 58577 2047 4    1.6  -1384 -0.720054   5523273  0.490542   238  0.133085  0.0720 0.000458 0.000607 0.001717  0.024382 -0.032971 -0.003543
FOU2 19APR05 2019.2580 58578 2047 5    1.6  -1384 -0.718318   5523273  0.491929   238  0.137128  0.0720 0.000458 0.000610 0.001723  0.026332 -0.034506 -0.005958
FOU2 19APR06 2019.2608 58579 2047 6    1.6  -1384 -0.717819   5523273  0.490780   238  0.130528  0.0720 0.000459 0.000614 0.001744  0.030537 -0.028603  0.001015
FOU2 19APR07 2019.2635 58580 2048 0    1.6  -1384 -0.720127   5523273  0.491395   238  0.129577  0.0720 0.000468 0.000615 0.001766 -0.000204 -0.029684  0.016981
FOU2 19APR08 2019.2663 58581 2048 1    1.6  -1384 -0.720504   5523273  0.491579   238  0.131702  0.0720 0.000457 0.000609 0.001724  0.016810 -0.048267 -0.014650
FOU2 19APR09 2019.2690 58582 2048 2    1.6  -1384 -0.719702   5523273  0.489901   238  0.130717  0.0720 0.000477 0.000637 0.001805  0.033069 -0.043807 -0.023835
FOU2 19APR10 2019.2717 58583 2048 3    1.6  -1384 -0.719905   5523273  0.493174   238  0.129961  0.0720 0.000472 0.000635 0.001806 -0.013638 -0.036065  0.004080
FOU2 19APR11 2019.2745 58584 2048 4    1.6  -1384 -0.718114   5523273  0.492553   238  0.129771  0.0720 0.000456 0.000609 0.001714  0.020205 -0.021966 -0.026811
FOU2 19APR12 2019.2772 58585 2048 5    1.6  -1384 -0.717978   5523273  0.489637   238  0.127907  0.0720 0.000462 0.000618 0.001746  0.038991 -0.042639 -0.014750
FOU2 19APR13 2019.2799 58586 2048 6    1.6  -1384 -0.717221   5523273  0.489670   238  0.125477  0.0720 0.000456 0.000611 0.001718  0.020405 -0.036128 -0.016383
FOU2 19APR14 2019.2827 58587 2049 0    1.6  -1384 -0.716938   5523273  0.491151   238  0.128561  0.0720 0.000454 0.000611 0.001700  0.005717 -0.030447 -0.008290
FOU2 19APR15 2019.2854 58588 2049 1    1.6  -1384 -0.718379   5523273  0.492023   238  0.130364  0.0720 0.000453 0.000607 0.001704  0.015444 -0.027534  0.012226
FOU2 19APR16 2019.2882 58589 2049 2    1.6  -1384 -0.716860   5523273  0.491669   238  0.131457  0.0720 0.000459 0.000614 0.001734  0.019338 -0.025806 -0.003778
FOU2 19APR17 2019.2909 58590 2049 3    1.6  -1384 -0.716818   5523273  0.492838   238  0.131615  0.0720 0.000456 0.000612 0.001726  0.029749 -0.052702 -0.006271
FOU2 19APR18 2019.2936 58591 2049 4    1.6  -1384 -0.716926   5523273  0.492448   238  0.134437  0.0720 0.000459 0.000610 0.001722  0.004609 -0.019131 -0.010934
FOU2 19APR19 2019.2964 58592 2049 5    1.6  -1384 -0.716838   5523273  0.493269   238  0.128521  0.0720 0.000467 0.000614 0.001765  0.047846 -0.059758  0.001580
FOU2 19APR20 2019.2991 58593 2049 6    1.6  -1384 -0.716444   5523273  0.493422   238  0.136387  0.0720 0.000466 0.000618 0.001749  0.031430 -0.067527  0.000316
FOU2 19APR21 2019.3018 58594 2050 0    1.6  -1384 -0.716092   5523273  0.490890   238  0.134036  0.0720 0.000456 0.000610 0.001714  0.031537 -0.044609 -0.007252
FOU2 19APR22 2019.3046 58595 2050 1    1.6  -1384 -0.717469   5523273  0.492812   238  0.140813  0.0720 0.000462 0.000616 0.001750  0.018504 -0.045811 -0.028268
FOU2 19APR23 2019.3073 58596 2050 2    1.6  -1384 -0.717151   5523273  0.493423   238  0.142987  0.0720 0.000454 0.000612 0.001725  0.020714 -0.044220 -0.007807
FOU2 19APR25 2019.3128 58598 2050 4    1.6  -1384 -0.718290   5523273  0.492826   238  0.128026  0.0720 0.000458 0.000617 0.001721 -0.000456 -0.024938 -0.001013
FOU2 19APR26 2019.3155 58599 2050 5    1.6  -1384 -0.718931   5523273  0.490964   238  0.128515  0.0720 0.000454 0.000608 0.001716  0.022014 -0.048809 -0.020468
FOU2 19APR27 2019.3183 58600 2050 6    1.6  -1384 -0.720609   5523273  0.492444   238  0.120448  0.0720 0.000452 0.000608 0.001705  0.015900 -0.045733 -0.008589
FOU2 19APR28 2019.3210 58601 2051 0    1.6  -1384 -0.716508   5523273  0.493561   238  0.123748  0.0720 0.000451 0.000610 0.001705  0.004894 -0.049741  0.008757
FOU2 19APR29 2019.3238 58602 2051 1    1.6  -1384 -0.717703   5523273  0.493499   238  0.129353  0.0720 0.000454 0.000612 0.001718  0.004322 -0.033964 -0.005667
FOU2 19APR30 2019.3265 58603 2051 2    1.6  -1384 -0.719310   5523273  0.491866   238  0.134620  0.0720 0.000457 0.000613 0.001724  0.019112 -0.030539  0.001557
FOU2 19MAY01 2019.3292 58604 2051 3    1.6  -1384 -0.717915   5523273  0.492654   238  0.133560  0.0720 0.000450 0.000606 0.001688  0.013614 -0.032362 -0.006057
FOU2 19MAY02 2019.3320 58605 2051 4    1.6  -1384 -0.717229   5523273  0.494854   238  0.125858  0.0720 0.000460 0.000618 0.001728  0.011785 -0.021836 -0.002936
FOU2 19MAY03 2019.3347 58606 2051 5    1.6  -1384 -0.717563   5523273  0.493515   238  0.127518  0.0720 0.000460 0.000618 0.001729  0.010846 -0.030642 -0.009676
FOU2 19MAY04 2019.3374 58607 2051 6    1.6  -1384 -0.715284   5523273  0.494691   238  0.130602  0.0720 0.000451 0.000608 0.001702  0.010098 -0.022801 -0.004325
FOU2 19MAY05 2019.3402 58608 2052 0    1.6  -1384 -0.717558   5523273  0.492462   238  0.123859  0.0720 0.000452 0.000611 0.001703  0.017674 -0.035634 -0.011920
FOU2 19MAY06 2019.3429 58609 2052 1    1.6  -1384 -0.718103   5523273  0.492640   238  0.127776  0.0720 0.000454 0.000613 0.001705  0.021836 -0.033480 -0.033914
FOU2 19MAY07 2019.3457 58610 2052 2    1.6  -1384 -0.717427   5523273  0.493030   238  0.130334  0.0720 0.000463 0.000615 0.001749  0.013275 -0.013142 -0.002134
FOU2 19MAY08 2019.3484 58611 2052 3    1.6  -1384 -0.718478   5523273  0.494434   238  0.131392  0.0720 0.000461 0.000611 0.001736  0.016485 -0.022863  0.004791
FOU2 19MAY09 2019.3511 58612 2052 4    1.6  -1384 -0.718743   5523273  0.493486   238  0.129785  0.0720 0.000454 0.000610 0.001719  0.007414 -0.025539 -0.015653
FOU2 19MAY10 2019.3539 58613 2052 5    1.6  -1384 -0.716830   5523273  0.494394   238  0.132209  0.0720 0.000459 0.000617 0.001739  0.016004 -0.023381 -0.011722
FOU2 19MAY11 2019.3566 58614 2052 6    1.6  -1384 -0.717720   5523273  0.494372   238  0.120831  0.0720 0.000452 0.000615 0.001708  0.025362 -0.036010 -0.010788
FOU2 19MAY12 2019.3593 58615 2053 0    1.6  -1384 -0.716522   5523273  0.495170   238  0.124742  0.0720 0.000458 0.000618 0.001731  0.025116 -0.013785 -0.008849
FOU2 19MAY13 2019.3621 58616 2053 1    1.6  -1384 -0.714478   5523273  0.492149   238  0.132088  0.0720 0.000456 0.000611 0.001713  0.017972 -0.021988 -0.007371
FOU2 19MAY14 2019.3648 58617 2053 2    1.6  -1384 -0.715868   5523273  0.494410   238  0.136532  0.0720 0.000454 0.000615 0.001713  0.022084 -0.007801  0.003774
FOU2 19MAY15 2019.3676 58618 2053 3    1.6  -1384 -0.718028   5523273  0.493992   238  0.131070  0.0720 0.000456 0.000614 0.001719  0.021003 -0.034273  0.006993
FOU2 19MAY16 2019.3703 58619 2053 4    1.6  -1384 -0.716994   5523273  0.493573   238  0.126837  0.0720 0.000457 0.000614 0.001722  0.024443 -0.017942  0.000010
FOU2 19MAY17 2019.3730 58620 2053 5    1.6  -1384 -0.717193   5523273  0.495499   238  0.129293  0.0720 0.000453 0.000614 0.001706  0.024827 -0.018933 -0.012366
